1	52 
2	18 
3	29 
4	65 
5	22 
6	46 
7	41 
8	33 
9	8 
10	71 
11	35 
12	14 
13	40 
14	24 
15	57 
16	61 
17	64 
18	79 
19	48 
20	88 
21	57 
22	73 
23	57 
24	41 
25	8 
26	41 
27	14 
28	31 
29	13 
30	48 
31	31 
32	8 
33	52 
34	70 
35	90 
36	26 
37	68 
38	15 
39	82 
40	21 
41	57 
42	46 
43	39 
44	54 
45	14 
46	74 
47	26 
48	70 
49	22 
50	66 
51	39 
52	11 
53	14 
54	5 
55	25 
56	58 
57	60 
58	75 
59	26 
60	26 
61	69 
62	79 
63	81 
64	85 
65	41 
66	31 
67	73 
68	58 
69	71 
70	31 
71	91 
72	71 
73	83 
74	68 
75	29 
76	44 
77	15 
78	23 
79	7 
80	28 
81	23 
82	93 
83	6 
84	71 
85	75 
86	79 
87	14 
88	76 
89	27 
90	18 
91	44 
92	69 
93	80 
94	56 
95	37 
96	11 
97	69 
98	72 
99	6 
100	47 
101	12 
102	26 
103	56 
104	71 
105	74 
106	40 
107	71 
108	52 
109	9 
110	19 
111	25 
112	65 
113	2 
114	56 
115	18 
116	27 
117	57 
118	16 
119	81 
120	77 
121	93 
122	91 
123	67 
124	64 
125	16 
126	70 
127	85 
128	54 
129	52 
130	20 
131	48 
132	15 
133	38 
134	24 
135	31 
136	12 
137	9 
138	93 
139	14 
140	69 
141	73 
142	71 
143	56 
144	17 
145	28 
146	18 
147	3 
148	37 
149	14 
150	75 
151	33 
152	31 
153	44 
154	23 
155	18 
156	32 
157	32 
158	75 
159	81 
160	18 
161	88 
162	58 
163	88 
164	19 
165	34 
166	43 
167	29 
168	70 
169	40 
170	81 
171	41 
172	78 
173	88 
174	74 
175	8 
176	8 
177	19 
178	30 
179	64 
180	23 
181	40 
182	60 
183	73 
184	15 
185	92 
186	89 
187	60 
188	16 
189	46 
190	84 
191	81 
192	19 
193	18 
194	29 
195	75 
196	92 
197	80 
198	49 
199	77 
200	73 
201	20 
202	69 
203	9 
204	6 
205	91 
206	67 
207	13 
208	52 
209	78 
210	79 
211	73 
212	81 
213	81 
214	70 
215	44 
216	46 
217	46 
218	42 
219	55 
220	10 
221	83 
222	54 
223	64 
224	26 
225	10 
226	45 
227	49 
228	60 
229	79 
230	57 
231	21 
232	71 
233	71 
234	37 
235	71 
236	50 
237	42 
238	37 
239	58 
240	56 
241	20 
242	65 
243	75 
244	4 
245	52 
246	70 
247	93 
248	68 
249	11 
250	45 
251	75 
252	38 
253	29 
254	23 
255	92 
256	35 
257	52 
258	31 
259	61 
260	55 
261	6 
262	64 
263	13 
264	73 
265	93 
266	72 
267	77 
268	76 
269	46 
270	26 
271	74 
272	87 
273	8 
274	23 
275	66 
276	55 
277	27 
278	31 
279	74 
280	39 
281	88 
282	71 
283	78 
284	69 
285	1 
286	42 
287	25 
288	61 
289	58 
290	23 
291	64 
292	13 
293	49 
294	20 
295	43 
296	44 
297	91 
298	76 
299	49 
300	76 
301	53 
302	91 
303	32 
304	59 
305	60 
306	12 
307	30 
308	67 
309	52 
310	43 
311	36 
312	30 
313	31 
314	51 
315	14 
316	49 
317	91 
318	11 
319	1 
320	81 
321	55 
322	62 
323	81 
324	15 
325	80 
326	74 
327	86 
328	54 
329	75 
330	87 
331	11 
332	41 
333	69 
334	38 
335	56 
336	31 
337	93 
338	61 
339	39 
340	70 
341	52 
342	71 
343	40 
344	74 
345	40 
346	20 
347	87 
348	90 
349	89 
350	45 
351	55 
352	49 
353	28 
354	52 
355	29 
356	40 
357	39 
358	79 
359	93 
360	44 
361	11 
362	56 
363	58 
364	18 
365	80 
366	61 
367	67 
368	34 
369	47 
370	71 
371	68 
372	91 
373	50 
374	32 
375	74 
376	30 
377	75 
378	29 
379	34 
380	57 
381	55 
382	61 
383	73 
384	49 
385	66 
386	68 
387	31 
388	70 
389	1 
390	92 
391	23 
392	11 
393	52 
394	29 
395	77 
396	8 
397	49 
398	3 
399	58 
400	37 
401	15 
402	31 
403	89 
404	55 
405	87 
406	85 
407	68 
408	85 
409	51 
410	72 
411	79 
412	42 
413	68 
414	29 
415	73 
416	11 
417	57 
418	24 
419	20 
420	24 
421	78 
422	71 
423	58 
424	13 
425	13 
426	86 
427	89 
428	42 
429	60 
430	53 
431	77 
432	28 
433	8 
434	32 
435	13 
436	10 
437	31 
438	46 
439	81 
440	7 
441	78 
442	82 
443	70 
444	23 
445	6 
446	50 
447	11 
448	53 
449	40 
450	47 
451	2 
452	49 
453	57 
454	22 
455	32 
456	74 
457	48 
458	40 
459	7 
460	81 
461	3 
462	57 
463	69 
464	28 
465	89 
466	20 
467	26 
468	68 
469	58 
470	93 
471	36 
472	31 
473	60 
474	69 
475	33 
476	2 
477	8 
478	61 
479	18 
480	33 
481	93 
482	57 
483	83 
484	74 
485	37 
486	10 
487	57 
488	61 
489	89 
490	87 
491	78 
492	57 
493	18 
494	18 
495	63 
496	40 
497	81 
498	18 
499	91 
500	75 
501	33 
502	75 
503	52 
504	74 
505	13 
506	89 
507	79 
508	64 
509	32 
510	20 
511	3 
512	91 
513	68 
514	17 
515	79 
516	23 
517	30 
518	82 
519	74 
520	37 
521	93 
522	81 
523	41 
524	72 
525	57 
526	57 
527	21 
528	31 
529	75 
530	10 
531	24 
532	75 
533	13 
534	81 
535	76 
536	64 
537	11 
538	85 
539	46 
540	74 
541	40 
542	46 
543	19 
544	78 
545	2 
546	37 
547	75 
548	71 
549	56 
550	37 
551	75 
552	73 
553	77 
554	31 
555	18 
556	13 
557	80 
558	49 
559	8 
560	18 
561	11 
562	2 
563	64 
564	71 
565	75 
566	49 
567	56 
568	44 
569	87 
570	4 
571	37 
572	4 
573	89 
574	23 
575	75 
576	6 
577	66 
578	84 
579	68 
580	52 
581	16 
582	18 
583	17 
584	17 
585	21 
586	76 
587	12 
588	91 
589	72 
590	64 
591	64 
592	25 
593	92 
594	87 
595	1 
596	52 
597	66 
598	44 
599	49 
600	8 
601	55 
602	8 
603	54 
604	40 
605	58 
606	30 
607	68 
608	93 
609	9 
610	23 
611	49 
612	65 
613	4 
614	72 
615	55 
616	32 
617	69 
618	5 
619	64 
620	27 
621	24 
622	31 
623	76 
624	93 
625	11 
626	45 
627	52 
628	88 
629	84 
630	84 
631	23 
632	57 
633	13 
634	2 
635	73 
636	20 
637	80 
638	76 
639	84 
640	8 
641	27 
642	5 
643	73 
644	49 
645	49 
646	83 
647	38 
648	26 
649	11 
650	80 
651	20 
652	2 
653	26 
654	89 
655	38 
656	47 
657	78 
658	84 
659	91 
660	23 
661	61 
662	42 
663	6 
664	25 
665	87 
666	13 
667	43 
668	32 
669	13 
670	22 
671	72 
672	5 
673	76 
674	37 
675	69 
676	26 
677	11 
678	46 
679	20 
680	22 
681	56 
682	77 
683	41 
684	52 
685	22 
686	57 
687	38 
688	23 
689	38 
690	75 
691	79 
692	47 
693	57 
694	36 
695	68 
696	91 
697	23 
698	87 
699	40 
700	84 
701	60 
702	5 
703	77 
704	89 
705	73 
706	71 
707	81 
708	28 
709	64 
710	31 
711	79 
712	54 
713	87 
714	68 
715	23 
716	62 
717	49 
718	40 
719	14 
720	4 
721	83 
722	41 
723	87 
724	84 
725	42 
726	80 
727	54 
728	63 
729	3 
730	52 
731	80 
732	93 
733	42 
734	17 
735	87 
736	80 
737	20 
738	87 
739	74 
740	93 
741	77 
742	19 
743	70 
744	86 
745	93 
746	46 
747	34 
748	36 
749	81 
750	18 
751	63 
752	53 
753	49 
754	15 
755	50 
756	42 
757	7 
758	48 
759	91 
760	37 
761	61 
762	26 
763	68 
764	78 
765	79 
766	93 
767	31 
768	84 
769	31 
770	21 
771	61 
772	87 
773	56 
774	6 
775	20 
776	57 
777	49 
778	87 
779	52 
780	83 
781	56 
782	26 
783	6 
784	40 
785	40 
786	82 
787	69 
788	32 
789	47 
790	33 
791	80 
792	74 
793	40 
794	62 
795	77 
796	44 
797	15 
798	72 
799	61 
800	17 
801	72 
802	91 
803	27 
804	31 
805	57 
806	26 
807	3 
808	19 
809	89 
810	66 
811	31 
812	3 
813	9 
814	61 
815	91 
816	26 
817	35 
818	42 
819	74 
820	89 
821	59 
822	87 
823	29 
824	92 
825	69 
826	53 
827	37 
828	68 
829	8 
830	36 
831	5 
832	78 
833	71 
834	51 
835	9 
836	31 
837	13 
838	69 
839	32 
840	80 
841	62 
842	54 
843	75 
844	20 
845	70 
846	24 
847	15 
848	64 
849	77 
850	70 
851	81 
852	75 
853	49 
854	50 
855	6 
856	29 
857	57 
858	84 
859	38 
860	55 
861	14 
862	75 
863	29 
864	66 
865	34 
866	78 
867	73 
868	79 
869	68 
870	41 
871	78 
872	14 
873	59 
874	30 
875	26 
876	8 
877	75 
878	73 
879	61 
880	23 
881	73 
882	20 
883	73 
884	61 
885	70 
886	25 
887	25 
888	9 
889	2 
890	18 
891	69 
892	44 
893	52 
894	6 
895	80 
896	8 
897	70 
898	14 
899	87 
900	61 
901	89 
902	42 
903	77 
904	44 
905	41 
906	84 
907	58 
908	22 
909	20 
910	8 
911	81 
912	20 
913	26 
914	40 
915	32 
916	88 
917	39 
918	27 
919	31 
920	79 
921	79 
922	50 
923	14 
924	67 
925	66 
926	1 
927	22 
928	67 
929	31 
930	25 
931	20 
932	39 
933	61 
934	54 
935	87 
936	73 
937	40 
938	86 
939	40 
940	81 
941	72 
942	20 
943	26 
944	31 
945	14 
946	57 
947	81 
948	8 
949	75 
950	52 
951	73 
952	74 
953	70 
954	71 
955	23 
956	9 
957	57 
958	38 
959	51 
960	84 
961	10 
962	52 
963	46 
964	84 
965	69 
966	22 
967	72 
968	40 
969	26 
970	19 
971	42 
972	91 
973	46 
974	82 
975	8 
976	50 
977	3 
978	73 
979	17 
980	42 
981	72 
982	66 
983	68 
984	15 
985	41 
986	40 
987	75 
988	39 
989	63 
990	20 
991	82 
992	2 
993	71 
994	51 
995	62 
996	39 
997	60 
998	78 
999	49 
1000	89 
1001	30 
1002	19 
1003	31 
1004	18 
1005	80 
1006	82 
1007	91 
1008	27 
1009	11 
1010	85 
1011	73 
1012	65 
1013	75 
1014	93 
1015	16 
1016	68 
1017	87 
1018	7 
1019	70 
1020	11 
1021	87 
1022	75 
1023	90 
1024	82 
1025	30 
1026	55 
1027	86 
1028	36 
1029	93 
1030	18 
1031	77 
1032	49 
1033	34 
1034	41 
1035	10 
1036	75 
1037	9 
1038	31 
1039	37 
1040	3 
1041	55 
1042	18 
1043	32 
1044	72 
1045	71 
1046	3 
1047	40 
1048	15 
1049	2 
1050	35 
1051	14 
1052	1 
1053	12 
1054	79 
1055	78 
1056	41 
1057	15 
1058	40 
1059	25 
1060	63 
1061	49 
1062	59 
1063	51 
1064	4 
1065	74 
1066	2 
1067	42 
1068	45 
1069	68 
1070	49 
1071	15 
1072	73 
1073	74 
1074	70 
1075	52 
1076	75 
1077	70 
1078	1 
1079	29 
1080	5 
1081	66 
1082	71 
1083	52 
1084	68 
1085	41 
1086	34 
1087	80 
1088	26 
1089	40 
1090	4 
1091	49 
1092	12 
1093	15 
1094	23 
1095	61 
1096	6 
1097	22 
1098	91 
1099	93 
1100	70 
1101	50 
1102	74 
1103	71 
1104	40 
1105	20 
1106	28 
1107	18 
1108	90 
1109	49 
1110	68 
1111	13 
1112	6 
1113	31 
1114	57 
1115	87 
1116	55 
1117	11 
1118	60 
1119	1 
1120	56 
1121	79 
1122	90 
1123	14 
1124	82 
1125	91 
1126	91 
1127	33 
1128	34 
1129	92 
1130	40 
1131	15 
1132	10 
1133	7 
1134	27 
1135	72 
1136	22 
1137	6 
1138	64 
1139	63 
1140	40 
1141	92 
1142	61 
1143	68 
1144	64 
1145	7 
1146	79 
1147	36 
1148	29 
1149	46 
1150	70 
1151	89 
1152	41 
1153	2 
1154	75 
1155	92 
1156	43 
1157	62 
1158	72 
1159	93 
1160	36 
1161	77 
1162	58 
1163	76 
1164	33 
1165	85 
1166	37 
1167	88 
1168	30 
1169	72 
1170	26 
1171	32 
1172	67 
1173	57 
1174	77 
1175	57 
1176	58 
1177	1 
1178	20 
1179	71 
1180	4 
1181	73 
1182	64 
1183	7 
1184	21 
1185	78 
1186	8 
1187	64 
1188	32 
1189	81 
1190	14 
1191	30 
1192	20 
1193	35 
1194	60 
1195	41 
1196	23 
1197	53 
1198	13 
1199	79 
1200	75 
1201	6 
1202	91 
1203	89 
1204	52 
1205	62 
1206	89 
1207	6 
1208	72 
1209	87 
1210	75 
1211	23 
1212	37 
1213	42 
1214	93 
1215	46 
1216	22 
1217	70 
1218	28 
1219	84 
1220	28 
1221	90 
1222	68 
1223	64 
1224	38 
1225	62 
1226	26 
1227	26 
1228	71 
1229	54 
1230	32 
1231	75 
1232	64 
1233	49 
1234	61 
1235	52 
1236	71 
1237	38 
1238	23 
1239	48 
1240	61 
1241	91 
1242	81 
1243	50 
1244	29 
1245	81 
1246	18 
1247	54 
1248	52 
1249	39 
1250	47 
1251	41 
1252	9 
1253	37 
1254	74 
1255	52 
1256	89 
1257	65 
1258	91 
1259	91 
1260	8 
1261	27 
1262	70 
1263	87 
1264	37 
1265	51 
1266	25 
1267	75 
1268	36 
1269	58 
1270	43 
1271	19 
1272	84 
1273	14 
1274	26 
1275	13 
1276	8 
1277	79 
1278	10 
1279	42 
1280	11 
1281	60 
1282	60 
1283	81 
1284	73 
1285	6 
1286	85 
1287	36 
1288	27 
1289	46 
1290	50 
1291	31 
1292	76 
1293	41 
1294	91 
1295	41 
1296	36 
1297	87 
1298	80 
1299	88 
1300	23 
1301	58 
1302	23 
1303	49 
1304	31 
1305	57 
1306	70 
1307	91 
1308	55 
1309	26 
1310	2 
1311	57 
1312	72 
1313	50 
1314	56 
1315	79 
1316	73 
1317	67 
1318	75 
1319	49 
1320	89 
1321	38 
1322	81 
1323	25 
1324	17 
1325	55 
1326	57 
1327	23 
1328	55 
1329	70 
1330	63 
1331	49 
1332	11 
1333	3 
1334	73 
1335	80 
1336	73 
1337	93 
1338	76 
1339	5 
1340	79 
1341	8 
1342	62 
1343	87 
1344	6 
1345	40 
1346	53 
1347	36 
1348	71 
1349	73 
1350	70 
1351	88 
1352	66 
1353	58 
1354	64 
1355	38 
1356	69 
1357	31 
1358	71 
1359	10 
1360	15 
1361	56 
1362	1 
1363	63 
1364	3 
1365	7 
1366	38 
1367	86 
1368	11 
1369	44 
1370	91 
1371	59 
1372	49 
1373	68 
1374	79 
1375	38 
1376	37 
1377	15 
1378	70 
1379	11 
1380	91 
1381	41 
1382	33 
1383	20 
1384	49 
1385	18 
1386	86 
1387	58 
1388	81 
1389	54 
1390	9 
1391	72 
1392	8 
1393	83 
1394	75 
1395	16 
1396	31 
1397	72 
1398	29 
1399	67 
1400	1 
1401	17 
1402	40 
1403	13 
1404	71 
1405	26 
1406	88 
1407	41 
1408	81 
1409	80 
1410	44 
1411	22 
1412	62 
1413	87 
1414	79 
1415	87 
1416	81 
1417	16 
1418	20 
1419	54 
1420	60 
1421	89 
1422	8 
1423	60 
1424	81 
1425	75 
1426	59 
1427	89 
1428	20 
1429	60 
1430	52 
1431	40 
1432	26 
1433	79 
1434	72 
1435	45 
1436	5 
1437	71 
1438	13 
1439	83 
1440	9 
1441	74 
1442	85 
1443	26 
1444	32 
1445	28 
1446	77 
1447	87 
1448	67 
1449	38 
1450	7 
1451	9 
1452	35 
1453	71 
1454	82 
1455	92 
1456	75 
1457	71 
1458	23 
1459	56 
1460	16 
1461	77 
1462	26 
1463	87 
1464	70 
1465	77 
1466	25 
1467	36 
1468	29 
1469	73 
1470	29 
1471	10 
1472	93 
1473	31 
1474	86 
1475	8 
1476	4 
1477	10 
1478	57 
1479	21 
1480	64 
1481	40 
1482	26 
1483	44 
1484	11 
1485	61 
1486	7 
1487	69 
1488	10 
1489	79 
1490	60 
1491	78 
1492	28 
1493	8 
1494	68 
1495	88 
1496	59 
1497	6 
1498	89 
1499	25 
1500	61 
1501	2 
1502	8 
1503	11 
1504	12 
1505	72 
1506	87 
1507	30 
1508	50 
1509	14 
1510	13 
1511	93 
1512	20 
1513	36 
1514	13 
1515	61 
1516	74 
1517	76 
1518	62 
1519	52 
1520	86 
1521	57 
1522	20 
1523	52 
1524	52 
1525	8 
1526	39 
1527	29 
1528	6 
1529	1 
1530	14 
1531	91 
1532	25 
1533	60 
1534	55 
1535	64 
1536	89 
1537	76 
1538	93 
1539	78 
1540	91 
1541	87 
1542	49 
1543	56 
1544	34 
1545	88 
1546	10 
1547	7 
1548	57 
1549	76 
1550	10 
1551	86 
1552	28 
1553	1 
1554	58 
1555	81 
1556	66 
1557	88 
1558	48 
1559	16 
1560	17 
1561	93 
1562	42 
1563	35 
1564	36 
1565	75 
1566	46 
1567	22 
1568	18 
1569	81 
1570	18 
1571	49 
1572	63 
1573	18 
1574	13 
1575	74 
1576	18 
1577	75 
1578	46 
1579	83 
1580	75 
1581	43 
1582	37 
1583	23 
1584	42 
1585	49 
1586	2 
1587	22 
1588	20 
1589	24 
1590	87 
1591	19 
1592	61 
1593	3 
1594	80 
1595	49 
1596	32 
1597	1 
1598	73 
1599	46 
1600	49 
1601	10 
1602	69 
1603	78 
1604	72 
1605	31 
1606	85 
1607	28 
1608	49 
1609	20 
1610	40 
1611	44 
1612	66 
1613	47 
1614	68 
1615	45 
1616	49 
1617	71 
1618	18 
1619	40 
1620	78 
1621	42 
1622	25 
1623	85 
1624	31 
1625	33 
1626	57 
1627	76 
1628	61 
1629	64 
1630	7 
1631	18 
1632	88 
1633	45 
1634	14 
1635	14 
1636	32 
1637	72 
1638	46 
1639	16 
1640	83 
1641	87 
1642	44 
1643	10 
1644	33 
1645	9 
1646	7 
1647	15 
1648	84 
1649	64 
1650	8 
1651	64 
1652	10 
1653	62 
1654	20 
1655	6 
1656	18 
1657	32 
1658	2 
1659	84 
1660	57 
1661	38 
1662	60 
1663	84 
1664	6 
1665	78 
1666	52 
1667	92 
1668	31 
1669	60 
1670	8 
1671	36 
1672	17 
1673	89 
1674	81 
1675	1 
1676	20 
1677	71 
1678	64 
1679	46 
1680	17 
1681	23 
1682	37 
1683	57 
1684	85 
1685	69 
1686	79 
1687	69 
1688	46 
1689	2 
1690	26 
1691	66 
1692	81 
1693	11 
1694	77 
1695	38 
1696	36 
1697	82 
1698	52 
1699	83 
1700	56 
1701	83 
1702	2 
1703	75 
1704	31 
1705	73 
1706	50 
1707	33 
1708	41 
1709	69 
1710	11 
1711	70 
1712	36 
1713	29 
1714	83 
1715	84 
1716	62 
1717	13 
1718	53 
1719	38 
1720	8 
1721	58 
1722	54 
1723	3 
1724	64 
1725	43 
1726	32 
1727	46 
1728	10 
1729	61 
1730	66 
1731	88 
1732	41 
1733	89 
1734	30 
1735	84 
1736	61 
1737	20 
1738	43 
1739	25 
1740	68 
1741	18 
1742	23 
1743	30 
1744	10 
1745	46 
1746	39 
1747	43 
1748	46 
1749	90 
1750	85 
1751	16 
1752	64 
1753	23 
1754	47 
1755	14 
1756	40 
1757	73 
1758	69 
1759	81 
1760	18 
1761	41 
1762	9 
1763	73 
1764	31 
1765	87 
1766	53 
1767	17 
1768	32 
1769	64 
1770	65 
1771	4 
1772	64 
1773	25 
1774	40 
1775	64 
1776	91 
1777	23 
1778	8 
1779	49 
1780	40 
1781	41 
1782	69 
1783	30 
1784	42 
1785	91 
1786	86 
1787	4 
1788	19 
1789	38 
1790	47 
1791	2 
1792	70 
1793	69 
1794	84 
1795	20 
1796	49 
1797	72 
1798	28 
1799	46 
1800	75 
1801	59 
1802	41 
1803	64 
1804	58 
1805	62 
1806	34 
1807	90 
1808	74 
1809	34 
1810	11 
1811	49 
1812	19 
1813	39 
1814	33 
1815	41 
1816	40 
1817	41 
1818	52 
1819	73 
1820	43 
1821	18 
1822	45 
1823	3 
1824	73 
1825	7 
1826	39 
1827	75 
1828	83 
1829	80 
1830	19 
1831	34 
1832	93 
1833	88 
1834	34 
1835	39 
1836	10 
1837	18 
1838	1 
1839	19 
1840	90 
1841	57 
1842	70 
1843	21 
1844	63 
1845	23 
1846	70 
1847	87 
1848	18 
1849	38 
1850	13 
1851	91 
1852	18 
1853	5 
1854	79 
1855	73 
1856	24 
1857	83 
1858	93 
1859	26 
1860	70 
1861	29 
1862	88 
1863	88 
1864	36 
1865	18 
1866	6 
1867	40 
1868	20 
1869	19 
1870	87 
1871	47 
1872	9 
1873	41 
1874	49 
1875	52 
1876	17 
1877	29 
1878	81 
1879	40 
1880	58 
1881	3 
1882	75 
1883	6 
1884	24 
1885	64 
1886	60 
1887	79 
1888	29 
1889	52 
1890	38 
1891	18 
1892	6 
1893	32 
1894	73 
1895	49 
1896	83 
1897	13 
1898	2 
1899	73 
1900	9 
1901	13 
1902	51 
1903	61 
1904	92 
1905	71 
1906	18 
1907	23 
1908	76 
1909	1 
1910	45 
1911	29 
1912	70 
1913	59 
1914	42 
1915	3 
1916	80 
1917	58 
1918	36 
1919	10 
1920	31 
1921	18 
1922	19 
1923	14 
1924	92 
1925	75 
1926	46 
1927	39 
1928	49 
1929	28 
1930	74 
1931	86 
1932	77 
1933	9 
1934	91 
1935	87 
1936	31 
1937	13 
1938	76 
1939	92 
1940	30 
1941	41 
1942	37 
1943	64 
1944	71 
1945	70 
1946	88 
1947	4 
1948	76 
1949	25 
1950	71 
1951	78 
1952	35 
1953	62 
1954	1 
1955	92 
1956	46 
1957	20 
1958	64 
1959	26 
1960	81 
1961	35 
1962	89 
1963	11 
1964	23 
1965	78 
1966	15 
1967	84 
1968	38 
1969	57 
1970	2 
1971	80 
1972	43 
1973	15 
1974	52 
1975	23 
1976	63 
1977	42 
1978	52 
1979	81 
1980	52 
1981	41 
1982	31 
1983	76 
1984	75 
1985	9 
1986	41 
1987	89 
1988	60 
1989	41 
1990	71 
1991	69 
1992	35 
1993	56 
1994	69 
1995	37 
1996	81 
1997	3 
1998	18 
1999	1 
2000	24 
2001	29 
2002	20 
2003	30 
2004	52 
2005	83 
2006	57 
2007	69 
2008	80 
2009	39 
2010	6 
2011	58 
2012	8 
2013	83 
2014	74 
2015	11 
2016	70 
2017	56 
2018	72 
2019	25 
2020	85 
2021	77 
2022	91 
2023	69 
2024	53 
2025	90 
2026	41 
2027	71 
2028	20 
2029	59 
2030	57 
2031	67 
2032	52 
2033	24 
2034	58 
2035	8 
2036	20 
2037	31 
2038	1 
2039	59 
2040	20 
2041	30 
2042	32 
2043	4 
2044	57 
2045	41 
2046	69 
2047	59 
2048	87 
2049	70 
2050	30 
2051	22 
2052	4 
2053	48 
2054	34 
2055	91 
2056	18 
2057	22 
2058	28 
2059	30 
2060	39 
2061	44 
2062	18 
2063	76 
2064	31 
2065	58 
2066	78 
2067	57 
2068	74 
2069	47 
2070	54 
2071	83 
2072	56 
2073	93 
2074	58 
2075	56 
2076	12 
2077	55 
2078	61 
2079	77 
2080	76 
2081	42 
2082	73 
2083	60 
2084	67 
2085	56 
2086	52 
2087	2 
2088	82 
2089	74 
2090	69 
2091	9 
2092	60 
2093	51 
2094	10 
2095	58 
2096	14 
2097	37 
2098	1 
2099	9 
2100	57 
2101	61 
2102	73 
2103	86 
2104	48 
2105	35 
2106	81 
2107	23 
2108	75 
2109	78 
2110	61 
2111	38 
2112	64 
2113	11 
2114	49 
2115	48 
2116	14 
2117	8 
2118	66 
2119	63 
2120	88 
2121	32 
2122	91 
2123	57 
2124	87 
2125	41 
2126	46 
2127	52 
2128	71 
2129	26 
2130	80 
2131	8 
2132	41 
2133	61 
2134	21 
2135	81 
2136	83 
2137	64 
2138	71 
2139	45 
2140	81 
2141	56 
2142	69 
2143	83 
2144	71 
2145	61 
2146	31 
2147	25 
2148	75 
2149	70 
2150	30 
2151	47 
2152	34 
2153	61 
2154	83 
2155	76 
2156	87 
2157	26 
2158	75 
2159	52 
2160	29 
2161	13 
2162	29 
2163	10 
2164	16 
2165	82 
2166	71 
2167	11 
2168	40 
2169	49 
2170	64 
2171	8 
2172	7 
2173	87 
2174	88 
2175	8 
2176	13 
2177	82 
2178	4 
2179	78 
2180	71 
2181	70 
2182	61 
2183	23 
2184	90 
2185	27 
2186	75 
2187	20 
2188	23 
2189	52 
2190	1 
2191	71 
2192	35 
2193	88 
2194	32 
2195	61 
2196	40 
2197	59 
2198	88 
2199	1 
2200	49 
2201	57 
2202	66 
2203	70 
2204	78 
2205	37 
2206	41 
2207	91 
2208	43 
2209	78 
2210	8 
2211	36 
2212	13 
2213	49 
2214	89 
2215	73 
2216	89 
2217	58 
2218	33 
2219	27 
2220	68 
2221	23 
2222	91 
2223	41 
2224	76 
2225	93 
2226	93 
2227	55 
2228	23 
2229	15 
2230	24 
2231	84 
2232	14 
2233	33 
2234	10 
2235	75 
2236	46 
2237	78 
2238	57 
2239	62 
2240	59 
2241	49 
2242	74 
2243	19 
2244	84 
2245	28 
2246	20 
2247	3 
2248	58 
2249	31 
2250	23 
2251	38 
2252	84 
2253	32 
2254	87 
2255	11 
2256	47 
2257	71 
2258	92 
2259	78 
2260	69 
2261	11 
2262	82 
2263	76 
2264	64 
2265	70 
2266	68 
2267	64 
2268	2 
2269	89 
2270	83 
2271	78 
2272	83 
2273	35 
2274	93 
2275	20 
2276	42 
2277	71 
2278	46 
2279	42 
2280	70 
2281	16 
2282	91 
2283	18 
2284	29 
2285	57 
2286	52 
2287	42 
2288	49 
2289	77 
2290	25 
2291	32 
2292	88 
2293	11 
2294	52 
2295	9 
2296	10 
2297	91 
2298	75 
2299	87 
2300	41 
2301	29 
2302	6 
2303	89 
2304	8 
2305	84 
2306	89 
2307	69 
2308	48 
2309	49 
2310	70 
2311	69 
2312	20 
2313	45 
2314	77 
2315	64 
2316	78 
2317	31 
2318	15 
2319	55 
2320	30 
2321	67 
2322	48 
2323	52 
2324	88 
2325	74 
2326	82 
2327	48 
2328	67 
2329	87 
2330	23 
2331	6 
2332	7 
2333	64 
2334	12 
2335	46 
2336	57 
2337	15 
2338	57 
2339	76 
2340	30 
2341	30 
2342	80 
2343	87 
2344	38 
2345	76 
2346	19 
2347	46 
2348	81 
2349	49 
2350	37 
2351	32 
2352	76 
2353	11 
2354	8 
2355	21 
2356	2 
2357	39 
2358	57 
2359	83 
2360	55 
2361	41 
2362	11 
2363	20 
2364	73 
2365	6 
2366	8 
2367	85 
2368	16 
2369	91 
2370	26 
2371	61 
2372	60 
2373	71 
2374	81 
2375	61 
2376	39 
2377	8 
2378	76 
2379	84 
2380	89 
2381	25 
2382	87 
2383	77 
2384	50 
2385	2 
2386	11 
2387	26 
2388	13 
2389	77 
2390	27 
2391	25 
2392	79 
2393	8 
2394	20 
2395	91 
2396	67 
2397	41 
2398	75 
2399	44 
2400	88 
2401	66 
2402	32 
2403	73 
2404	15 
2405	40 
2406	32 
2407	88 
2408	24 
2409	61 
2410	64 
2411	30 
2412	20 
2413	55 
2414	50 
2415	56 
2416	75 
2417	81 
2418	56 
2419	56 
2420	81 
2421	74 
2422	81 
2423	84 
2424	69 
2425	64 
2426	74 
2427	46 
2428	85 
2429	79 
2430	91 
2431	57 
2432	72 
2433	64 
2434	57 
2435	89 
2436	40 
2437	29 
2438	2 
2439	48 
2440	48 
2441	3 
2442	62 
2443	93 
2444	47 
2445	80 
2446	89 
2447	34 
2448	89 
2449	45 
2450	42 
2451	75 
2452	41 
2453	18 
2454	86 
2455	56 
2456	35 
2457	13 
2458	66 
2459	42 
2460	9 
2461	16 
2462	34 
2463	42 
2464	23 
2465	39 
2466	45 
2467	15 
2468	81 
2469	63 
2470	71 
2471	68 
2472	32 
2473	24 
2474	75 
2475	38 
2476	25 
2477	69 
2478	73 
2479	20 
2480	68 
2481	86 
2482	66 
2483	56 
2484	2 
2485	72 
2486	49 
2487	87 
2488	26 
2489	38 
2490	80 
2491	64 
2492	7 
2493	64 
2494	91 
2495	81 
2496	58 
2497	85 
2498	40 
2499	28 
2500	52 
2501	91 
2502	30 
2503	29 
2504	3 
2505	70 
2506	16 
2507	60 
2508	69 
2509	37 
2510	48 
2511	42 
2512	11 
2513	22 
2514	2 
2515	18 
2516	28 
2517	7 
2518	51 
2519	47 
2520	76 
2521	14 
2522	82 
2523	79 
2524	6 
2525	64 
2526	91 
2527	77 
2528	9 
2529	52 
2530	9 
2531	14 
2532	90 
2533	52 
2534	79 
2535	63 
2536	71 
2537	66 
2538	51 
2539	44 
2540	1 
2541	86 
2542	74 
2543	49 
2544	91 
2545	83 
2546	64 
2547	27 
2548	8 
2549	91 
2550	46 
2551	49 
2552	70 
2553	31 
2554	18 
2555	63 
2556	13 
2557	69 
2558	44 
2559	25 
2560	72 
2561	60 
2562	22 
2563	8 
2564	64 
2565	84 
2566	59 
2567	89 
2568	57 
2569	51 
2570	42 
2571	70 
2572	18 
2573	33 
2574	84 
2575	42 
2576	43 
2577	70 
2578	18 
2579	79 
2580	19 
2581	74 
2582	56 
2583	81 
2584	69 
2585	89 
2586	61 
2587	89 
2588	49 
2589	36 
2590	43 
2591	75 
2592	25 
2593	54 
2594	40 
2595	33 
2596	12 
2597	66 
2598	73 
2599	74 
2600	55 
2601	20 
2602	89 
2603	55 
2604	52 
2605	87 
2606	37 
2607	25 
2608	75 
2609	72 
2610	13 
2611	84 
2612	78 
2613	92 
2614	25 
2615	74 
2616	59 
2617	89 
2618	73 
2619	57 
2620	55 
2621	64 
2622	85 
2623	66 
2624	25 
2625	52 
2626	48 
2627	88 
2628	7 
2629	51 
2630	80 
2631	18 
2632	86 
2633	64 
2634	71 
2635	5 
2636	11 
2637	80 
2638	41 
2639	55 
2640	53 
2641	40 
2642	64 
2643	75 
2644	70 
2645	68 
2646	70 
2647	26 
2648	78 
2649	78 
2650	65 
2651	58 
2652	91 
2653	22 
2654	53 
2655	93 
2656	6 
2657	87 
2658	41 
2659	34 
2660	10 
2661	64 
2662	63 
2663	8 
2664	34 
2665	39 
2666	30 
2667	8 
2668	32 
2669	2 
2670	87 
2671	22 
2672	29 
2673	2 
2674	91 
2675	58 
2676	47 
2677	81 
2678	49 
2679	55 
2680	11 
2681	10 
2682	18 
2683	64 
2684	52 
2685	18 
2686	7 
2687	90 
2688	81 
2689	33 
2690	15 
2691	64 
2692	5 
2693	50 
2694	34 
2695	23 
2696	28 
2697	93 
2698	79 
2699	36 
2700	77 
2701	84 
2702	26 
2703	63 
2704	21 
2705	10 
2706	57 
2707	49 
2708	84 
2709	78 
2710	58 
2711	24 
2712	56 
2713	40 
2714	69 
2715	57 
2716	13 
2717	92 
2718	26 
2719	55 
2720	58 
2721	58 
2722	27 
2723	52 
2724	93 
2725	64 
2726	27 
2727	51 
2728	92 
2729	55 
2730	58 
2731	76 
2732	52 
2733	20 
2734	71 
2735	17 
2736	39 
2737	25 
2738	74 
2739	28 
2740	74 
2741	64 
2742	33 
2743	9 
2744	71 
2745	8 
2746	36 
2747	32 
2748	39 
2749	91 
2750	49 
2751	92 
2752	65 
2753	86 
2754	20 
2755	14 
2756	86 
2757	39 
2758	73 
2759	87 
2760	88 
2761	30 
2762	45 
2763	88 
2764	26 
2765	52 
2766	45 
2767	47 
2768	88 
2769	93 
2770	73 
2771	83 
2772	8 
2773	6 
2774	57 
2775	28 
2776	57 
2777	77 
2778	53 
2779	45 
2780	88 
2781	78 
2782	4 
2783	79 
2784	36 
2785	36 
2786	74 
2787	80 
2788	1 
2789	26 
2790	9 
2791	40 
2792	63 
2793	31 
2794	10 
2795	63 
2796	68 
2797	76 
2798	89 
2799	56 
2800	9 
2801	28 
2802	31 
2803	87 
2804	79 
2805	76 
2806	15 
2807	25 
2808	34 
2809	52 
2810	60 
2811	33 
2812	18 
2813	4 
2814	22 
2815	89 
2816	68 
2817	12 
2818	91 
2819	85 
2820	49 
2821	40 
2822	87 
2823	81 
2824	75 
2825	50 
2826	79 
2827	63 
2828	14 
2829	72 
2830	52 
2831	20 
2832	93 
2833	42 
2834	11 
2835	23 
2836	8 
2837	9 
2838	10 
2839	49 
2840	48 
2841	36 
2842	8 
2843	78 
2844	23 
2845	29 
2846	87 
2847	67 
2848	56 
2849	74 
2850	40 
2851	13 
2852	75 
2853	29 
2854	63 
2855	85 
2856	29 
2857	22 
2858	25 
2859	89 
2860	4 
2861	44 
2862	8 
2863	29 
2864	42 
2865	47 
2866	14 
2867	75 
2868	9 
2869	56 
2870	87 
2871	80 
2872	15 
2873	69 
2874	75 
2875	90 
2876	81 
2877	20 
2878	90 
2879	25 
2880	86 
2881	55 
2882	10 
2883	8 
2884	70 
2885	37 
2886	40 
2887	11 
2888	7 
2889	93 
2890	76 
2891	69 
2892	69 
2893	9 
2894	2 
2895	88 
2896	92 
2897	39 
2898	18 
2899	93 
2900	26 
2901	37 
2902	22 
2903	38 
2904	2 
2905	57 
2906	58 
2907	42 
2908	43 
2909	40 
2910	23 
2911	91 
2912	50 
2913	40 
2914	26 
2915	74 
2916	75 
2917	6 
2918	73 
2919	65 
2920	5 
2921	18 
2922	11 
2923	79 
2924	57 
2925	54 
2926	47 
2927	74 
2928	8 
2929	5 
2930	45 
2931	75 
2932	73 
2933	49 
2934	6 
2935	41 
2936	69 
2937	5 
2938	23 
2939	93 
2940	23 
2941	30 
2942	58 
2943	32 
2944	38 
2945	72 
2946	91 
2947	31 
2948	31 
2949	91 
2950	80 
2951	87 
2952	66 
2953	81 
2954	2 
2955	29 
2956	5 
2957	25 
2958	45 
2959	73 
2960	87 
2961	49 
2962	25 
2963	29 
2964	25 
2965	8 
2966	88 
2967	57 
2968	26 
2969	81 
2970	71 
2971	79 
2972	18 
2973	39 
2974	83 
2975	8 
2976	46 
2977	18 
2978	22 
2979	18 
2980	69 
2981	71 
2982	38 
2983	70 
2984	63 
2985	21 
2986	46 
2987	6 
2988	81 
2989	34 
2990	13 
2991	68 
2992	37 
2993	42 
2994	14 
2995	40 
2996	56 
2997	43 
2998	10 
2999	84 
3000	31 
3001	52 
3002	74 
3003	15 
3004	45 
3005	60 
3006	62 
3007	87 
3008	61 
3009	72 
3010	89 
3011	69 
3012	25 
3013	29 
3014	30 
3015	32 
3016	57 
3017	12 
3018	24 
3019	5 
3020	71 
3021	9 
3022	40 
3023	75 
3024	28 
3025	44 
3026	33 
3027	39 
3028	21 
3029	3 
3030	13 
3031	1 
3032	40 
3033	8 
3034	4 
3035	78 
3036	64 
3037	85 
3038	15 
3039	87 
3040	38 
3041	61 
3042	75 
3043	73 
3044	80 
3045	40 
3046	37 
3047	14 
3048	40 
3049	11 
3050	75 
3051	78 
3052	89 
3053	45 
3054	89 
3055	84 
3056	91 
3057	39 
3058	73 
3059	31 
3060	64 
3061	47 
3062	55 
3063	56 
3064	52 
3065	37 
3066	20 
3067	77 
3068	41 
3069	22 
3070	58 
3071	58 
3072	22 
3073	32 
3074	2 
3075	18 
3076	71 
3077	3 
3078	70 
3079	70 
3080	75 
3081	30 
3082	46 
3083	42 
3084	25 
3085	20 
3086	55 
3087	44 
3088	68 
3089	80 
3090	54 
3091	45 
3092	61 
3093	16 
3094	52 
3095	30 
3096	76 
3097	68 
3098	52 
3099	56 
3100	64 
3101	90 
3102	90 
3103	93 
3104	32 
3105	58 
3106	13 
3107	90 
3108	27 
3109	57 
3110	31 
3111	72 
3112	29 
3113	83 
3114	43 
3115	22 
3116	20 
3117	58 
3118	58 
3119	89 
3120	40 
3121	20 
3122	72 
3123	79 
3124	58 
3125	36 
3126	77 
3127	42 
3128	70 
3129	91 
3130	67 
3131	25 
3132	15 
3133	91 
3134	6 
3135	1 
3136	60 
3137	81 
3138	39 
3139	22 
3140	86 
3141	23 
3142	69 
3143	6 
3144	59 
3145	12 
3146	66 
3147	86 
3148	25 
3149	23 
3150	56 
3151	16 
3152	55 
3153	10 
3154	87 
3155	75 
3156	9 
3157	7 
3158	6 
3159	70 
3160	89 
3161	92 
3162	25 
3163	13 
3164	46 
3165	8 
3166	40 
3167	43 
3168	87 
3169	3 
3170	51 
3171	6 
3172	37 
3173	15 
3174	14 
3175	2 
3176	75 
3177	59 
3178	52 
3179	89 
3180	81 
3181	34 
3182	13 
3183	22 
3184	19 
3185	4 
3186	78 
3187	59 
3188	2 
3189	57 
3190	42 
3191	88 
3192	2 
3193	25 
3194	70 
3195	32 
3196	65 
3197	46 
3198	11 
3199	18 
3200	29 
3201	43 
3202	58 
3203	66 
3204	42 
3205	58 
3206	81 
3207	9 
3208	74 
3209	10 
3210	61 
3211	23 
3212	66 
3213	9 
3214	34 
3215	68 
3216	60 
3217	10 
3218	59 
3219	36 
3220	34 
3221	2 
3222	41 
3223	33 
3224	92 
3225	89 
3226	26 
3227	34 
3228	71 
3229	54 
3230	77 
3231	13 
3232	63 
3233	30 
3234	93 
3235	56 
3236	12 
3237	56 
3238	35 
3239	3 
3240	40 
3241	1 
3242	71 
3243	85 
3244	20 
3245	26 
3246	18 
3247	89 
3248	52 
3249	91 
3250	10 
3251	64 
3252	92 
3253	43 
3254	51 
3255	57 
3256	39 
3257	3 
3258	71 
3259	87 
3260	13 
3261	75 
3262	3 
3263	37 
3264	72 
3265	79 
3266	43 
3267	75 
3268	21 
3269	26 
3270	85 
3271	37 
3272	40 
3273	72 
3274	1 
3275	77 
3276	76 
3277	73 
3278	57 
3279	18 
3280	5 
3281	26 
3282	36 
3283	8 
3284	29 
3285	8 
3286	93 
3287	63 
3288	41 
3289	40 
3290	92 
3291	6 
3292	15 
3293	46 
3294	83 
3295	81 
3296	16 
3297	20 
3298	3 
3299	74 
3300	61 
3301	57 
3302	22 
3303	23 
3304	30 
3305	56 
3306	44 
3307	40 
3308	28 
3309	45 
3310	60 
3311	10 
3312	51 
3313	1 
3314	64 
3315	20 
3316	49 
3317	80 
3318	75 
3319	50 
3320	56 
3321	88 
3322	92 
3323	9 
3324	26 
3325	6 
3326	89 
3327	77 
3328	52 
3329	70 
3330	80 
3331	74 
3332	31 
3333	23 
3334	37 
3335	3 
3336	27 
3337	6 
3338	36 
3339	81 
3340	48 
3341	64 
3342	26 
3343	32 
3344	2 
3345	43 
3346	61 
3347	88 
3348	30 
3349	38 
3350	64 
3351	50 
3352	65 
3353	39 
3354	44 
3355	71 
3356	87 
3357	12 
3358	90 
3359	41 
3360	69 
3361	89 
3362	75 
3363	15 
3364	74 
3365	49 
3366	61 
3367	92 
3368	76 
3369	81 
3370	1 
3371	48 
3372	60 
3373	71 
3374	19 
3375	15 
3376	41 
3377	37 
3378	55 
3379	87 
3380	80 
3381	56 
3382	75 
3383	91 
3384	37 
3385	12 
3386	13 
3387	25 
3388	10 
3389	68 
3390	91 
3391	29 
3392	73 
3393	44 
3394	79 
3395	92 
3396	74 
3397	64 
3398	38 
3399	81 
3400	1 
3401	6 
3402	63 
3403	23 
3404	74 
3405	37 
3406	30 
3407	71 
3408	55 
3409	93 
3410	25 
3411	38 
3412	93 
3413	8 
3414	78 
3415	52 
3416	87 
3417	67 
3418	44 
3419	53 
3420	50 
3421	41 
3422	49 
3423	14 
3424	18 
3425	23 
3426	70 
3427	92 
3428	69 
3429	59 
3430	84 
3431	23 
3432	77 
3433	74 
3434	36 
3435	68 
3436	91 
3437	80 
3438	74 
3439	48 
3440	20 
3441	86 
3442	56 
3443	12 
3444	28 
3445	25 
3446	31 
3447	76 
3448	48 
3449	56 
3450	57 
3451	37 
3452	68 
3453	2 
3454	66 
3455	75 
3456	62 
3457	49 
3458	57 
3459	23 
3460	29 
3461	64 
3462	74 
3463	34 
3464	75 
3465	29 
3466	10 
3467	10 
3468	38 
3469	70 
3470	68 
3471	42 
3472	77 
3473	10 
3474	89 
3475	6 
3476	93 
3477	18 
3478	81 
3479	20 
3480	45 
3481	13 
3482	73 
3483	5 
3484	48 
3485	31 
3486	38 
3487	15 
3488	47 
3489	64 
3490	20 
3491	68 
3492	68 
3493	41 
3494	93 
3495	76 
3496	87 
3497	8 
3498	28 
3499	61 
3500	60 
3501	53 
3502	26 
3503	65 
3504	74 
3505	39 
3506	75 
3507	59 
3508	20 
3509	44 
3510	82 
3511	86 
3512	29 
3513	79 
3514	13 
3515	63 
3516	91 
3517	73 
3518	20 
3519	37 
3520	53 
3521	77 
3522	70 
3523	71 
3524	12 
3525	8 
3526	68 
3527	36 
3528	37 
3529	40 
3530	81 
3531	63 
3532	3 
3533	89 
3534	69 
3535	52 
3536	70 
3537	74 
3538	7 
3539	61 
3540	44 
3541	42 
3542	40 
3543	82 
3544	40 
3545	61 
3546	10 
3547	36 
3548	32 
3549	6 
3550	45 
3551	52 
3552	70 
3553	53 
3554	79 
3555	56 
3556	5 
3557	17 
3558	81 
3559	87 
3560	83 
3561	40 
3562	1 
3563	73 
3564	11 
3565	40 
3566	84 
3567	53 
3568	78 
3569	64 
3570	70 
3571	64 
3572	37 
3573	89 
3574	56 
3575	43 
3576	79 
3577	28 
3578	91 
3579	1 
3580	35 
3581	69 
3582	4 
3583	31 
3584	93 
3585	10 
3586	27 
3587	89 
3588	30 
3589	76 
3590	8 
3591	25 
3592	66 
3593	41 
3594	38 
3595	41 
3596	89 
3597	4 
3598	83 
3599	49 
3600	21 
3601	84 
3602	81 
3603	89 
3604	83 
3605	1 
3606	56 
3607	16 
3608	56 
3609	42 
3610	45 
3611	12 
3612	79 
3613	69 
3614	73 
3615	73 
3616	84 
3617	40 
3618	74 
3619	24 
3620	18 
3621	67 
3622	75 
3623	47 
3624	71 
3625	36 
3626	36 
3627	72 
3628	75 
3629	61 
3630	22 
3631	69 
3632	13 
3633	65 
3634	87 
3635	79 
3636	13 
3637	29 
3638	52 
3639	29 
3640	20 
3641	18 
3642	85 
3643	26 
3644	75 
3645	39 
3646	86 
3647	16 
3648	20 
3649	73 
3650	50 
3651	78 
3652	11 
3653	28 
3654	10 
3655	31 
3656	31 
3657	64 
3658	60 
3659	80 
3660	33 
3661	56 
3662	74 
3663	31 
3664	21 
3665	37 
3666	18 
3667	23 
3668	14 
3669	68 
3670	16 
3671	64 
3672	71 
3673	73 
3674	49 
3675	17 
3676	70 
3677	37 
3678	5 
3679	8 
3680	8 
3681	86 
3682	6 
3683	36 
3684	65 
3685	55 
3686	1 
3687	10 
3688	80 
3689	80 
3690	43 
3691	87 
3692	30 
3693	43 
3694	10 
3695	91 
3696	41 
3697	65 
3698	80 
3699	75 
3700	84 
3701	61 
3702	8 
3703	14 
3704	18 
3705	15 
3706	32 
3707	49 
3708	8 
3709	73 
3710	91 
3711	42 
3712	64 
3713	92 
3714	13 
3715	87 
3716	13 
3717	29 
3718	9 
3719	47 
3720	61 
3721	60 
3722	21 
3723	3 
3724	14 
3725	62 
3726	87 
3727	73 
3728	37 
3729	68 
3730	69 
3731	3 
3732	60 
3733	81 
3734	41 
3735	70 
3736	37 
3737	40 
3738	50 
3739	69 
3740	6 
3741	49 
3742	60 
3743	30 
3744	36 
3745	91 
3746	71 
3747	57 
3748	89 
3749	64 
3750	93 
3751	12 
3752	35 
3753	76 
3754	34 
3755	65 
3756	91 
3757	71 
3758	91 
3759	71 
3760	61 
3761	30 
3762	23 
3763	56 
3764	18 
3765	57 
3766	79 
3767	31 
3768	52 
3769	91 
3770	43 
3771	43 
3772	78 
3773	43 
3774	40 
3775	64 
3776	63 
3777	34 
3778	89 
3779	57 
3780	3 
3781	46 
3782	80 
3783	71 
3784	1 
3785	64 
3786	91 
3787	31 
3788	9 
3789	14 
3790	41 
3791	52 
3792	14 
3793	91 
3794	35 
3795	61 
3796	13 
3797	72 
3798	77 
3799	81 
3800	81 
3801	53 
3802	23 
3803	40 
3804	49 
3805	37 
3806	5 
3807	54 
3808	18 
3809	18 
3810	8 
3811	10 
3812	89 
3813	84 
3814	85 
3815	4 
3816	81 
3817	58 
3818	31 
3819	87 
3820	88 
3821	64 
3822	39 
3823	6 
3824	2 
3825	68 
3826	23 
3827	53 
3828	52 
3829	14 
3830	50 
3831	92 
3832	9 
3833	37 
3834	57 
3835	2 
3836	60 
3837	9 
3838	43 
3839	53 
3840	8 
3841	44 
3842	20 
3843	81 
3844	89 
3845	25 
3846	31 
3847	47 
3848	5 
3849	37 
3850	23 
3851	4 
3852	5 
3853	55 
3854	90 
3855	8 
3856	73 
3857	21 
3858	68 
3859	31 
3860	57 
3861	61 
3862	40 
3863	79 
3864	40 
3865	32 
3866	40 
3867	44 
3868	11 
3869	20 
3870	68 
3871	66 
3872	18 
3873	70 
3874	80 
3875	20 
3876	21 
3877	22 
3878	10 
3879	63 
3880	76 
3881	29 
3882	41 
3883	89 
3884	87 
3885	46 
3886	78 
3887	54 
3888	83 
3889	93 
3890	20 
3891	57 
3892	79 
3893	52 
3894	30 
3895	55 
3896	25 
3897	93 
3898	76 
3899	64 
3900	93 
3901	93 
3902	2 
3903	8 
3904	55 
3905	88 
3906	13 
3907	31 
3908	26 
3909	68 
3910	13 
3911	70 
3912	39 
3913	87 
3914	32 
3915	46 
3916	8 
3917	41 
3918	58 
3919	40 
3920	81 
3921	11 
3922	37 
3923	92 
3924	46 
3925	30 
3926	11 
3927	28 
3928	49 
3929	61 
3930	84 
3931	35 
3932	88 
3933	58 
3934	81 
3935	30 
3936	40 
3937	70 
3938	13 
3939	6 
3940	73 
3941	70 
3942	64 
3943	80 
3944	73 
3945	74 
3946	4 
3947	92 
3948	38 
3949	85 
3950	3 
3951	66 
3952	31 
3953	8 
3954	58 
3955	51 
3956	75 
3957	91 
3958	50 
3959	13 
3960	74 
3961	72 
3962	90 
3963	72 
3964	91 
3965	3 
3966	62 
3967	63 
3968	81 
3969	93 
3970	38 
3971	93 
3972	68 
3973	42 
3974	49 
3975	38 
3976	73 
3977	72 
3978	5 
3979	16 
3980	57 
3981	84 
3982	57 
3983	64 
3984	13 
3985	81 
3986	91 
3987	48 
3988	84 
3989	37 
3990	38 
3991	75 
3992	18 
3993	80 
3994	57 
3995	4 
3996	71 
3997	29 
3998	60 
3999	65 
4000	20 
4001	89 
4002	5 
4003	84 
4004	81 
4005	19 
4006	26 
4007	78 
4008	91 
4009	36 
4010	45 
4011	89 
4012	9 
4013	56 
4014	53 
4015	30 
4016	34 
4017	37 
4018	80 
4019	57 
4020	29 
4021	26 
4022	44 
4023	81 
4024	82 
4025	64 
4026	84 
4027	81 
4028	22 
4029	45 
4030	81 
4031	71 
4032	10 
4033	79 
4034	41 
4035	18 
4036	80 
4037	75 
4038	75 
4039	80 
4040	7 
4041	49 
4042	41 
4043	67 
4044	87 
4045	55 
4046	42 
4047	73 
4048	41 
4049	76 
4050	81 
4051	3 
4052	8 
4053	15 
4054	92 
4055	77 
4056	69 
4057	89 
4058	49 
4059	73 
4060	81 
4061	73 
4062	18 
4063	16 
4064	67 
4065	89 
4066	31 
4067	21 
4068	61 
4069	89 
4070	34 
4071	49 
4072	20 
4073	33 
4074	71 
4075	3 
4076	37 
4077	70 
4078	46 
4079	4 
4080	61 
4081	47 
4082	7 
4083	41 
4084	8 
4085	89 
4086	73 
4087	47 
4088	45 
4089	41 
4090	79 
4091	42 
4092	59 
4093	47 
4094	69 
4095	11 
4096	11 
4097	42 
4098	30 
4099	81 
4100	84 
4101	66 
4102	2 
4103	93 
4104	93 
4105	15 
4106	31 
4107	52 
4108	19 
4109	57 
4110	28 
4111	70 
4112	23 
4113	46 
4114	35 
4115	49 
4116	64 
4117	89 
4118	81 
4119	84 
4120	6 
4121	28 
4122	81 
4123	40 
4124	3 
4125	8 
4126	25 
4127	32 
4128	6 
4129	49 
4130	23 
4131	65 
4132	1 
4133	29 
4134	69 
4135	17 
4136	70 
4137	10 
4138	38 
4139	87 
4140	61 
4141	36 
4142	51 
4143	5 
4144	89 
4145	8 
4146	65 
4147	17 
4148	13 
4149	25 
4150	85 
4151	90 
4152	49 
4153	74 
4154	13 
4155	61 
4156	39 
4157	28 
4158	87 
4159	84 
4160	32 
4161	6 
4162	13 
4163	34 
4164	29 
4165	23 
4166	42 
4167	50 
4168	84 
4169	74 
4170	69 
4171	58 
4172	79 
4173	86 
4174	15 
4175	30 
4176	52 
4177	77 
4178	66 
4179	41 
4180	67 
4181	18 
4182	66 
4183	90 
4184	26 
4185	58 
4186	56 
4187	15 
4188	8 
4189	29 
4190	49 
4191	53 
4192	39 
4193	30 
4194	49 
4195	74 
4196	60 
4197	89 
4198	93 
4199	70 
4200	18 
4201	44 
4202	2 
4203	31 
4204	74 
4205	6 
4206	48 
4207	79 
4208	22 
4209	20 
4210	84 
4211	49 
4212	7 
4213	81 
4214	21 
4215	12 
4216	31 
4217	89 
4218	12 
4219	60 
4220	49 
4221	74 
4222	14 
4223	49 
4224	23 
4225	40 
4226	44 
4227	14 
4228	33 
4229	40 
4230	70 
4231	91 
4232	41 
4233	18 
4234	30 
4235	73 
4236	45 
4237	45 
4238	27 
4239	18 
4240	64 
4241	79 
4242	84 
4243	33 
4244	62 
4245	8 
4246	27 
4247	68 
4248	46 
4249	26 
4250	2 
4251	10 
4252	63 
4253	12 
4254	21 
4255	19 
4256	71 
4257	8 
4258	89 
4259	40 
4260	57 
4261	2 
4262	87 
4263	40 
4264	76 
4265	68 
4266	88 
4267	4 
4268	89 
4269	49 
4270	72 
4271	46 
4272	13 
4273	42 
4274	57 
4275	75 
4276	78 
4277	57 
4278	36 
4279	74 
4280	6 
4281	15 
4282	31 
4283	37 
4284	75 
4285	50 
4286	34 
4287	76 
4288	41 
4289	76 
4290	14 
4291	9 
4292	79 
4293	87 
4294	80 
4295	71 
4296	88 
4297	73 
4298	1 
4299	53 
4300	62 
4301	32 
4302	76 
4303	69 
4304	42 
4305	58 
4306	6 
4307	56 
4308	64 
4309	43 
4310	93 
4311	64 
4312	87 
4313	47 
4314	60 
4315	3 
4316	61 
4317	30 
4318	73 
4319	68 
4320	66 
4321	83 
4322	93 
4323	18 
4324	85 
4325	23 
4326	65 
4327	53 
4328	20 
4329	29 
4330	31 
4331	24 
4332	74 
4333	81 
4334	2 
4335	1 
4336	38 
4337	8 
4338	40 
4339	74 
4340	64 
4341	36 
4342	18 
4343	32 
4344	44 
4345	68 
4346	21 
4347	89 
4348	6 
4349	52 
4350	42 
4351	91 
4352	46 
4353	23 
4354	52 
4355	5 
4356	1 
4357	57 
4358	68 
4359	64 
4360	64 
4361	40 
4362	44 
4363	42 
4364	85 
4365	57 
4366	36 
4367	44 
4368	69 
4369	38 
4370	44 
4371	42 
4372	70 
4373	75 
4374	14 
4375	52 
4376	46 
4377	73 
4378	1 
4379	89 
4380	8 
4381	70 
4382	79 
4383	28 
4384	13 
4385	81 
4386	60 
4387	93 
4388	93 
4389	64 
4390	21 
4391	38 
4392	58 
4393	28 
4394	83 
4395	32 
4396	22 
4397	24 
4398	91 
4399	87 
4400	30 
4401	80 
4402	74 
4403	61 
4404	20 
4405	64 
4406	53 
4407	79 
4408	68 
4409	55 
4410	13 
4411	80 
4412	32 
4413	71 
4414	57 
4415	93 
4416	8 
4417	57 
4418	91 
4419	20 
4420	30 
4421	57 
4422	24 
4423	46 
4424	15 
4425	55 
4426	30 
4427	69 
4428	79 
4429	72 
4430	28 
4431	61 
4432	87 
4433	68 
4434	17 
4435	17 
4436	74 
4437	22 
4438	8 
4439	73 
4440	11 
4441	8 
4442	30 
4443	57 
4444	40 
4445	8 
4446	18 
4447	67 
4448	40 
4449	74 
4450	91 
4451	18 
4452	45 
4453	91 
4454	29 
4455	52 
4456	41 
4457	48 
4458	57 
4459	81 
4460	62 
4461	33 
4462	77 
4463	70 
4464	84 
4465	59 
4466	40 
4467	54 
4468	38 
4469	45 
4470	58 
4471	10 
4472	18 
4473	23 
4474	41 
4475	49 
4476	71 
4477	56 
4478	10 
4479	61 
4480	62 
4481	53 
4482	43 
4483	54 
4484	47 
4485	84 
4486	81 
4487	21 
4488	12 
4489	39 
4490	27 
4491	93 
4492	23 
4493	20 
4494	5 
4495	6 
4496	2 
4497	87 
4498	81 
4499	55 
4500	37 
4501	25 
4502	93 
4503	56 
4504	18 
4505	57 
4506	28 
4507	52 
4508	71 
4509	60 
4510	56 
4511	33 
4512	87 
4513	87 
4514	75 
4515	20 
4516	36 
4517	2 
4518	14 
4519	89 
4520	30 
4521	55 
4522	31 
4523	68 
4524	12 
4525	50 
4526	47 
4527	49 
4528	49 
4529	49 
4530	4 
4531	31 
4532	93 
4533	26 
4534	15 
4535	57 
4536	34 
4537	61 
4538	81 
4539	10 
4540	69 
4541	28 
4542	23 
4543	42 
4544	40 
4545	73 
4546	42 
4547	31 
4548	14 
4549	64 
4550	8 
4551	29 
4552	51 
4553	39 
4554	21 
4555	49 
4556	29 
4557	25 
4558	60 
4559	92 
4560	26 
4561	61 
4562	20 
4563	92 
4564	31 
4565	32 
4566	32 
4567	43 
4568	44 
4569	49 
4570	93 
4571	75 
4572	71 
4573	10 
4574	73 
4575	50 
4576	69 
4577	90 
4578	90 
4579	91 
4580	20 
4581	4 
4582	20 
4583	19 
4584	77 
4585	91 
4586	57 
4587	74 
4588	31 
4589	46 
4590	31 
4591	50 
4592	65 
4593	46 
4594	42 
4595	76 
4596	17 
4597	40 
4598	71 
4599	87 
4600	17 
4601	37 
4602	8 
4603	64 
4604	49 
4605	61 
4606	87 
4607	57 
4608	81 
4609	56 
4610	91 
4611	49 
4612	57 
4613	55 
4614	20 
4615	55 
4616	13 
4617	32 
4618	48 
4619	29 
4620	18 
4621	52 
4622	38 
4623	38 
4624	56 
4625	26 
4626	8 
4627	10 
4628	64 
4629	37 
4630	86 
4631	38 
4632	44 
4633	86 
4634	18 
4635	74 
4636	72 
4637	10 
4638	55 
4639	10 
4640	11 
4641	69 
4642	36 
4643	48 
4644	40 
4645	90 
4646	88 
4647	90 
4648	24 
4649	87 
4650	6 
4651	20 
4652	45 
4653	28 
4654	2 
4655	46 
4656	91 
4657	64 
4658	53 
4659	40 
4660	87 
4661	18 
4662	10 
4663	78 
4664	26 
4665	43 
4666	61 
4667	28 
4668	91 
4669	66 
4670	63 
4671	87 
4672	46 
4673	58 
4674	89 
4675	57 
4676	6 
4677	83 
4678	45 
4679	17 
4680	12 
4681	48 
4682	77 
4683	80 
4684	46 
4685	61 
4686	70 
4687	42 
4688	46 
4689	32 
4690	45 
4691	77 
4692	31 
4693	40 
4694	61 
4695	20 
4696	73 
4697	80 
4698	31 
4699	68 
4700	74 
4701	23 
4702	84 
4703	84 
4704	89 
4705	70 
4706	90 
4707	79 
4708	90 
4709	81 
4710	29 
4711	79 
4712	60 
4713	41 
4714	84 
4715	44 
4716	37 
4717	32 
4718	18 
4719	72 
4720	30 
4721	44 
4722	20 
4723	28 
4724	55 
4725	93 
4726	58 
4727	70 
4728	58 
4729	61 
4730	23 
4731	88 
4732	73 
4733	3 
4734	25 
4735	56 
4736	55 
4737	31 
4738	27 
4739	41 
4740	36 
4741	27 
4742	56 
4743	60 
4744	69 
4745	61 
4746	49 
4747	42 
4748	9 
4749	89 
4750	60 
4751	52 
4752	86 
4753	74 
4754	84 
4755	17 
4756	29 
4757	32 
4758	21 
4759	56 
4760	13 
4761	30 
4762	79 
4763	40 
4764	80 
4765	87 
4766	8 
4767	83 
4768	92 
4769	14 
4770	36 
4771	28 
4772	64 
4773	73 
4774	83 
4775	11 
4776	91 
4777	91 
4778	73 
4779	81 
4780	68 
4781	87 
4782	6 
4783	92 
4784	93 
4785	71 
4786	43 
4787	20 
4788	6 
4789	75 
4790	39 
4791	25 
4792	86 
4793	44 
4794	78 
4795	68 
4796	60 
4797	85 
4798	56 
4799	87 
4800	76 
4801	44 
4802	70 
4803	58 
4804	31 
4805	69 
4806	57 
4807	66 
4808	34 
4809	46 
4810	32 
4811	2 
4812	52 
4813	64 
4814	81 
4815	41 
4816	61 
4817	32 
4818	37 
4819	81 
4820	19 
4821	49 
4822	47 
4823	73 
4824	18 
4825	70 
4826	20 
4827	40 
4828	32 
4829	92 
4830	57 
4831	47 
4832	89 
4833	70 
4834	93 
4835	22 
4836	84 
4837	12 
4838	64 
4839	57 
4840	43 
4841	87 
4842	14 
4843	55 
4844	2 
4845	20 
4846	77 
4847	88 
4848	90 
4849	75 
4850	58 
4851	77 
4852	21 
4853	39 
4854	13 
4855	31 
4856	38 
4857	56 
4858	20 
4859	93 
4860	89 
4861	33 
4862	88 
4863	41 
4864	91 
4865	32 
4866	73 
4867	42 
4868	66 
4869	6 
4870	78 
4871	79 
4872	91 
4873	30 
4874	87 
4875	42 
4876	2 
4877	2 
4878	32 
4879	88 
4880	91 
4881	53 
4882	42 
4883	32 
4884	55 
4885	18 
4886	75 
4887	69 
4888	31 
4889	10 
4890	20 
4891	8 
4892	41 
4893	61 
4894	31 
4895	32 
4896	89 
4897	13 
4898	36 
4899	69 
4900	86 
4901	91 
4902	45 
4903	92 
4904	50 
4905	14 
4906	69 
4907	49 
4908	49 
4909	36 
4910	87 
4911	63 
4912	71 
4913	13 
4914	75 
4915	13 
4916	23 
4917	80 
4918	87 
4919	23 
4920	18 
4921	55 
4922	8 
4923	83 
4924	20 
4925	26 
4926	3 
4927	18 
4928	55 
4929	32 
4930	18 
4931	89 
4932	93 
4933	69 
4934	77 
4935	37 
4936	37 
4937	52 
4938	40 
4939	63 
4940	78 
4941	39 
4942	28 
4943	18 
4944	68 
4945	80 
4946	71 
4947	55 
4948	81 
4949	10 
4950	26 
4951	79 
4952	52 
4953	91 
4954	25 
4955	43 
4956	71 
4957	58 
4958	61 
4959	49 
4960	58 
4961	66 
4962	83 
4963	36 
4964	91 
4965	26 
4966	91 
4967	68 
4968	25 
4969	77 
4970	28 
4971	10 
4972	74 
4973	29 
4974	81 
4975	13 
4976	91 
4977	15 
4978	74 
4979	58 
4980	34 
4981	93 
4982	75 
4983	6 
4984	68 
4985	20 
4986	87 
4987	81 
4988	28 
4989	1 
4990	31 
4991	38 
4992	29 
4993	74 
4994	70 
4995	43 
4996	9 
4997	49 
4998	25 
4999	8 
5000	40 
