1	54 
2	64 
3	84 
4	69 
5	64 
6	46 
7	77 
8	10 
9	4 
10	5 
11	34 
12	70 
13	30 
14	44 
15	40 
16	49 
17	76 
18	85 
19	1 
20	9 
21	62 
22	24 
23	72 
24	11 
25	27 
26	79 
27	3 
28	10 
29	19 
30	61 
31	30 
32	30 
33	42 
34	101 
35	88 
36	70 
37	67 
38	40 
39	77 
40	25 
41	16 
42	46 
43	75 
44	7 
45	96 
46	28 
47	38 
48	10 
49	70 
50	17 
51	95 
52	18 
53	10 
54	100 
55	26 
56	71 
57	1 
58	76 
59	47 
60	43 
61	83 
62	3 
63	75 
64	77 
65	44 
66	92 
67	64 
68	51 
69	52 
70	8 
71	60 
72	58 
73	76 
74	70 
75	44 
76	66 
77	35 
78	88 
79	46 
80	20 
81	98 
82	99 
83	34 
84	88 
85	32 
86	95 
87	39 
88	53 
89	75 
90	8 
91	68 
92	25 
93	4 
94	79 
95	64 
96	98 
97	79 
98	37 
99	92 
100	87 
101	6 
102	40 
103	46 
104	77 
105	10 
106	40 
107	70 
108	58 
109	96 
110	2 
111	69 
112	31 
113	20 
114	50 
115	18 
116	60 
117	41 
118	29 
119	33 
120	1 
121	11 
122	1 
123	33 
124	32 
125	31 
126	7 
127	52 
128	34 
129	18 
130	39 
131	98 
132	35 
133	76 
134	95 
135	1 
136	65 
137	52 
138	67 
139	26 
140	38 
141	11 
142	66 
143	12 
144	42 
145	40 
146	62 
147	22 
148	49 
149	99 
150	96 
151	8 
152	11 
153	45 
154	93 
155	83 
156	29 
157	29 
158	81 
159	87 
160	60 
161	56 
162	37 
163	37 
164	7 
165	18 
166	89 
167	54 
168	71 
169	13 
170	31 
171	74 
172	90 
173	28 
174	81 
175	95 
176	58 
177	36 
178	55 
179	8 
180	44 
181	32 
182	88 
183	87 
184	20 
185	74 
186	50 
187	86 
188	66 
189	29 
190	3 
191	49 
192	28 
193	10 
194	6 
195	53 
196	9 
197	42 
198	34 
199	45 
200	23 
201	83 
202	11 
203	54 
204	43 
205	55 
206	71 
207	9 
208	97 
209	13 
210	52 
211	82 
212	86 
213	11 
214	17 
215	23 
216	32 
217	88 
218	44 
219	26 
220	95 
221	65 
222	38 
223	54 
224	44 
225	57 
226	65 
227	22 
228	41 
229	11 
230	21 
231	35 
232	25 
233	11 
234	37 
235	20 
236	27 
237	90 
238	49 
239	18 
240	79 
241	48 
242	62 
243	55 
244	1 
245	45 
246	67 
247	100 
248	15 
249	30 
250	91 
251	35 
252	14 
253	5 
254	48 
255	50 
256	13 
257	41 
258	52 
259	53 
260	40 
261	96 
262	96 
263	68 
264	62 
265	96 
266	69 
267	34 
268	65 
269	20 
270	33 
271	47 
272	82 
273	3 
274	52 
275	30 
276	96 
277	94 
278	33 
279	67 
280	5 
281	94 
282	61 
283	22 
284	76 
285	33 
286	35 
287	88 
288	82 
289	69 
290	8 
291	53 
292	30 
293	60 
294	69 
295	25 
296	7 
297	11 
298	10 
299	39 
300	80 
301	57 
302	67 
303	74 
304	76 
305	14 
306	10 
307	33 
308	50 
309	30 
310	92 
311	89 
312	90 
313	19 
314	18 
315	90 
316	95 
317	72 
318	81 
319	30 
320	58 
321	16 
322	26 
323	52 
324	11 
325	17 
326	70 
327	18 
328	88 
329	33 
330	76 
331	58 
332	19 
333	34 
334	7 
335	78 
336	78 
337	84 
338	94 
339	33 
340	38 
341	81 
342	78 
343	35 
344	10 
345	77 
346	37 
347	16 
348	81 
349	52 
350	65 
351	73 
352	10 
353	34 
354	86 
355	6 
356	59 
357	72 
358	64 
359	24 
360	1 
361	94 
362	3 
363	87 
364	10 
365	11 
366	29 
367	100 
368	64 
369	36 
370	96 
371	101 
372	15 
373	20 
374	96 
375	99 
376	99 
377	76 
378	76 
379	36 
380	76 
381	44 
382	1 
383	14 
384	29 
385	88 
386	20 
387	57 
388	94 
389	48 
390	87 
391	26 
392	43 
393	60 
394	14 
395	83 
396	16 
397	35 
398	11 
399	11 
400	33 
401	7 
402	39 
403	23 
404	100 
405	79 
406	25 
407	37 
408	87 
409	96 
410	36 
411	76 
412	18 
413	76 
414	61 
415	10 
416	38 
417	40 
418	69 
419	81 
420	40 
421	35 
422	42 
423	7 
424	21 
425	50 
426	93 
427	88 
428	23 
429	25 
430	39 
431	68 
432	80 
433	88 
434	39 
435	69 
436	45 
437	34 
438	30 
439	20 
440	8 
441	53 
442	37 
443	87 
444	95 
445	53 
446	79 
447	92 
448	27 
449	64 
450	23 
451	50 
452	18 
453	93 
454	16 
455	18 
456	45 
457	29 
458	43 
459	93 
460	36 
461	90 
462	33 
463	11 
464	72 
465	62 
466	87 
467	66 
468	14 
469	78 
470	63 
471	19 
472	35 
473	52 
474	68 
475	87 
476	30 
477	76 
478	82 
479	65 
480	7 
481	76 
482	35 
483	51 
484	69 
485	55 
486	12 
487	57 
488	72 
489	19 
490	45 
491	53 
492	46 
493	82 
494	64 
495	67 
496	97 
497	61 
498	96 
499	40 
500	12 
501	43 
502	48 
503	58 
504	53 
505	7 
506	67 
507	80 
508	20 
509	96 
510	65 
511	3 
512	91 
513	19 
514	57 
515	22 
516	12 
517	96 
518	37 
519	20 
520	61 
521	26 
522	5 
523	81 
524	43 
525	87 
526	44 
527	20 
528	1 
529	38 
530	30 
531	18 
532	78 
533	72 
534	57 
535	53 
536	76 
537	25 
538	39 
539	30 
540	44 
541	7 
542	95 
543	91 
544	52 
545	21 
546	42 
547	5 
548	9 
549	77 
550	20 
551	34 
552	31 
553	88 
554	83 
555	20 
556	38 
557	83 
558	82 
559	30 
560	57 
561	96 
562	33 
563	16 
564	95 
565	19 
566	37 
567	27 
568	61 
569	69 
570	92 
571	60 
572	63 
573	99 
574	68 
575	2 
576	52 
577	38 
578	40 
579	101 
580	61 
581	66 
582	43 
583	50 
584	9 
585	33 
586	81 
587	75 
588	5 
589	96 
590	34 
591	33 
592	56 
593	46 
594	12 
595	52 
596	65 
597	93 
598	21 
599	24 
600	75 
601	33 
602	71 
603	61 
604	94 
605	67 
606	49 
607	2 
608	61 
609	33 
610	13 
611	31 
612	88 
613	23 
614	8 
615	61 
616	74 
617	29 
618	82 
619	22 
620	96 
621	65 
622	5 
623	1 
624	67 
625	93 
626	43 
627	47 
628	83 
629	53 
630	87 
631	5 
632	34 
633	78 
634	71 
635	94 
636	25 
637	75 
638	82 
639	70 
640	16 
641	58 
642	44 
643	97 
644	61 
645	46 
646	23 
647	83 
648	35 
649	56 
650	79 
651	54 
652	82 
653	68 
654	68 
655	85 
656	84 
657	18 
658	23 
659	70 
660	21 
661	96 
662	15 
663	44 
664	59 
665	101 
666	78 
667	64 
668	42 
669	30 
670	66 
671	16 
672	16 
673	87 
674	46 
675	29 
676	20 
677	76 
678	70 
679	35 
680	2 
681	56 
682	12 
683	2 
684	48 
685	17 
686	10 
687	87 
688	94 
689	87 
690	36 
691	11 
692	71 
693	18 
694	20 
695	13 
696	88 
697	43 
698	54 
699	78 
700	89 
701	88 
702	15 
703	25 
704	82 
705	84 
706	49 
707	69 
708	25 
709	92 
710	20 
711	68 
712	87 
713	44 
714	82 
715	49 
716	18 
717	40 
718	43 
719	70 
720	34 
721	69 
722	36 
723	49 
724	86 
725	93 
726	1 
727	72 
728	38 
729	8 
730	64 
731	7 
732	28 
733	40 
734	78 
735	33 
736	4 
737	30 
738	81 
739	1 
740	96 
741	74 
742	74 
743	45 
744	39 
745	71 
746	48 
747	8 
748	41 
749	16 
750	85 
751	35 
752	17 
753	13 
754	80 
755	12 
756	62 
757	54 
758	32 
759	7 
760	18 
761	37 
762	70 
763	16 
764	56 
765	54 
766	7 
767	43 
768	61 
769	25 
770	2 
771	101 
772	16 
773	69 
774	86 
775	20 
776	40 
777	43 
778	58 
779	44 
780	88 
781	78 
782	23 
783	9 
784	31 
785	15 
786	58 
787	95 
788	40 
789	13 
790	1 
791	13 
792	72 
793	85 
794	12 
795	29 
796	96 
797	45 
798	23 
799	19 
800	10 
801	10 
802	61 
803	9 
804	68 
805	75 
806	14 
807	53 
808	8 
809	58 
810	52 
811	53 
812	98 
813	79 
814	68 
815	29 
816	34 
817	61 
818	94 
819	8 
820	88 
821	30 
822	65 
823	96 
824	46 
825	9 
826	88 
827	70 
828	54 
829	88 
830	38 
831	61 
832	20 
833	76 
834	16 
835	13 
836	35 
837	81 
838	26 
839	42 
840	54 
841	10 
842	5 
843	84 
844	81 
845	83 
846	51 
847	88 
848	78 
849	87 
850	45 
851	50 
852	82 
853	81 
854	44 
855	52 
856	18 
857	45 
858	32 
859	80 
860	46 
861	69 
862	84 
863	47 
864	49 
865	72 
866	64 
867	65 
868	85 
869	92 
870	54 
871	21 
872	53 
873	7 
874	96 
875	96 
876	37 
877	48 
878	81 
879	5 
880	51 
881	17 
882	2 
883	31 
884	73 
885	88 
886	6 
887	5 
888	30 
889	88 
890	39 
891	67 
892	85 
893	73 
894	18 
895	73 
896	93 
897	96 
898	32 
899	36 
900	39 
901	26 
902	17 
903	40 
904	9 
905	45 
906	82 
907	93 
908	97 
909	34 
910	99 
911	53 
912	45 
913	23 
914	35 
915	14 
916	47 
917	33 
918	1 
919	8 
920	72 
921	87 
922	70 
923	16 
924	29 
925	54 
926	95 
927	43 
928	30 
929	54 
930	8 
931	11 
932	34 
933	87 
934	46 
935	87 
936	50 
937	65 
938	84 
939	1 
940	87 
941	81 
942	26 
943	52 
944	39 
945	76 
946	28 
947	53 
948	48 
949	97 
950	49 
951	11 
952	74 
953	30 
954	1 
955	57 
956	69 
957	46 
958	20 
959	99 
960	49 
961	29 
962	31 
963	34 
964	32 
965	90 
966	27 
967	18 
968	4 
969	45 
970	75 
971	86 
972	17 
973	18 
974	3 
975	100 
976	36 
977	44 
978	40 
979	33 
980	64 
981	43 
982	62 
983	58 
984	46 
985	81 
986	81 
987	95 
988	60 
989	68 
990	19 
991	16 
992	79 
993	88 
994	54 
995	71 
996	92 
997	62 
998	11 
999	45 
1000	37 
1001	44 
1002	40 
1003	95 
1004	82 
1005	7 
1006	55 
1007	92 
1008	73 
1009	68 
1010	11 
1011	62 
1012	80 
1013	94 
1014	95 
1015	18 
1016	61 
1017	67 
1018	82 
1019	2 
1020	10 
1021	58 
1022	79 
1023	17 
1024	17 
1025	48 
1026	18 
1027	70 
1028	57 
1029	10 
1030	1 
1031	68 
1032	71 
1033	7 
1034	77 
1035	50 
1036	20 
1037	77 
1038	41 
1039	89 
1040	45 
1041	87 
1042	90 
1043	87 
1044	33 
1045	54 
1046	53 
1047	93 
1048	96 
1049	29 
1050	2 
1051	33 
1052	17 
1053	39 
1054	52 
1055	80 
1056	8 
1057	9 
1058	72 
1059	83 
1060	52 
1061	68 
1062	54 
1063	88 
1064	64 
1065	12 
1066	29 
1067	88 
1068	60 
1069	78 
1070	72 
1071	64 
1072	20 
1073	64 
1074	54 
1075	68 
1076	67 
1077	46 
1078	50 
1079	30 
1080	65 
1081	78 
1082	20 
1083	61 
1084	46 
1085	59 
1086	43 
1087	45 
1088	34 
1089	73 
1090	57 
1091	84 
1092	82 
1093	33 
1094	30 
1095	52 
1096	74 
1097	72 
1098	27 
1099	41 
1100	40 
1101	45 
1102	35 
1103	82 
1104	27 
1105	62 
1106	40 
1107	59 
1108	76 
1109	50 
1110	36 
1111	44 
1112	51 
1113	54 
1114	32 
1115	17 
1116	94 
1117	11 
1118	62 
1119	18 
1120	21 
1121	15 
1122	5 
1123	68 
1124	60 
1125	33 
1126	40 
1127	101 
1128	56 
1129	37 
1130	79 
1131	30 
1132	7 
1133	39 
1134	95 
1135	73 
1136	55 
1137	10 
1138	45 
1139	66 
1140	93 
1141	70 
1142	40 
1143	31 
1144	93 
1145	51 
1146	96 
1147	45 
1148	23 
1149	62 
1150	59 
1151	64 
1152	31 
1153	30 
1154	1 
1155	90 
1156	31 
1157	63 
1158	82 
1159	44 
1160	40 
1161	57 
1162	43 
1163	48 
1164	84 
1165	52 
1166	2 
1167	71 
1168	17 
1169	83 
1170	16 
1171	82 
1172	44 
1173	25 
1174	31 
1175	10 
1176	95 
1177	16 
1178	61 
1179	12 
1180	70 
1181	76 
1182	50 
1183	8 
1184	53 
1185	11 
1186	7 
1187	26 
1188	75 
1189	76 
1190	35 
1191	52 
1192	33 
1193	36 
1194	64 
1195	63 
1196	35 
1197	72 
1198	93 
1199	59 
1200	58 
1201	79 
1202	76 
1203	93 
1204	86 
1205	5 
1206	57 
1207	5 
1208	94 
1209	65 
1210	10 
1211	58 
1212	25 
1213	96 
1214	80 
1215	11 
1216	20 
1217	3 
1218	20 
1219	76 
1220	92 
1221	79 
1222	86 
1223	13 
1224	71 
1225	88 
1226	79 
1227	67 
1228	32 
1229	78 
1230	33 
1231	27 
1232	30 
1233	67 
1234	92 
1235	76 
1236	30 
1237	18 
1238	24 
1239	20 
1240	79 
1241	1 
1242	34 
1243	44 
1244	19 
1245	33 
1246	40 
1247	1 
1248	21 
1249	12 
1250	82 
1251	52 
1252	8 
1253	64 
1254	7 
1255	69 
1256	35 
1257	53 
1258	44 
1259	69 
1260	74 
1261	95 
1262	82 
1263	95 
1264	17 
1265	11 
1266	91 
1267	101 
1268	96 
1269	15 
1270	17 
1271	17 
1272	69 
1273	1 
1274	57 
1275	61 
1276	14 
1277	40 
1278	11 
1279	99 
1280	20 
1281	34 
1282	88 
1283	71 
1284	90 
1285	5 
1286	34 
1287	33 
1288	72 
1289	1 
1290	29 
1291	1 
1292	36 
1293	1 
1294	35 
1295	12 
1296	18 
1297	76 
1298	61 
1299	44 
1300	62 
1301	64 
1302	10 
1303	93 
1304	53 
1305	52 
1306	68 
1307	1 
1308	71 
1309	30 
1310	85 
1311	96 
1312	41 
1313	96 
1314	99 
1315	69 
1316	95 
1317	32 
1318	32 
1319	26 
1320	16 
1321	82 
1322	8 
1323	34 
1324	40 
1325	7 
1326	84 
1327	38 
1328	38 
1329	46 
1330	10 
1331	8 
1332	44 
1333	15 
1334	87 
1335	28 
1336	41 
1337	49 
1338	21 
1339	66 
1340	93 
1341	54 
1342	30 
1343	86 
1344	62 
1345	95 
1346	37 
1347	79 
1348	37 
1349	52 
1350	44 
1351	79 
1352	43 
1353	90 
1354	72 
1355	2 
1356	16 
1357	87 
1358	82 
1359	58 
1360	7 
1361	10 
1362	87 
1363	25 
1364	86 
1365	43 
1366	52 
1367	10 
1368	55 
1369	52 
1370	61 
1371	21 
1372	34 
1373	90 
1374	82 
1375	54 
1376	72 
1377	65 
1378	96 
1379	72 
1380	76 
1381	80 
1382	4 
1383	40 
1384	38 
1385	88 
1386	96 
1387	31 
1388	73 
1389	54 
1390	71 
1391	88 
1392	23 
1393	21 
1394	69 
1395	83 
1396	61 
1397	100 
1398	37 
1399	47 
1400	74 
1401	64 
1402	8 
1403	20 
1404	29 
1405	68 
1406	32 
1407	85 
1408	47 
1409	76 
1410	36 
1411	81 
1412	96 
1413	48 
1414	1 
1415	96 
1416	18 
1417	45 
1418	80 
1419	37 
1420	90 
1421	65 
1422	100 
1423	40 
1424	53 
1425	25 
1426	68 
1427	28 
1428	36 
1429	2 
1430	49 
1431	97 
1432	60 
1433	77 
1434	67 
1435	93 
1436	16 
1437	36 
1438	92 
1439	56 
1440	34 
1441	20 
1442	50 
1443	17 
1444	23 
1445	71 
1446	40 
1447	3 
1448	59 
1449	99 
1450	95 
1451	48 
1452	95 
1453	18 
1454	49 
1455	60 
1456	67 
1457	68 
1458	20 
1459	17 
1460	72 
1461	97 
1462	90 
1463	29 
1464	8 
1465	5 
1466	96 
1467	88 
1468	70 
1469	8 
1470	78 
1471	5 
1472	36 
1473	67 
1474	84 
1475	76 
1476	53 
1477	9 
1478	59 
1479	92 
1480	70 
1481	68 
1482	36 
1483	90 
1484	82 
1485	69 
1486	79 
1487	11 
1488	70 
1489	30 
1490	27 
1491	27 
1492	72 
1493	58 
1494	44 
1495	89 
1496	94 
1497	71 
1498	48 
1499	84 
1500	28 
1501	72 
1502	50 
1503	35 
1504	65 
1505	44 
1506	55 
1507	79 
1508	11 
1509	29 
1510	87 
1511	8 
1512	41 
1513	46 
1514	74 
1515	10 
1516	92 
1517	29 
1518	33 
1519	10 
1520	79 
1521	28 
1522	40 
1523	36 
1524	8 
1525	6 
1526	76 
1527	8 
1528	16 
1529	12 
1530	25 
1531	79 
1532	73 
1533	33 
1534	37 
1535	19 
1536	29 
1537	35 
1538	43 
1539	88 
1540	33 
1541	64 
1542	40 
1543	48 
1544	90 
1545	16 
1546	77 
1547	50 
1548	15 
1549	30 
1550	96 
1551	7 
1552	25 
1553	88 
1554	2 
1555	53 
1556	95 
1557	99 
1558	13 
1559	23 
1560	16 
1561	16 
1562	8 
1563	50 
1564	49 
1565	33 
1566	58 
1567	44 
1568	33 
1569	58 
1570	54 
1571	44 
1572	83 
1573	88 
1574	23 
1575	31 
1576	48 
1577	63 
1578	44 
1579	33 
1580	87 
1581	47 
1582	60 
1583	82 
1584	72 
1585	57 
1586	92 
1587	96 
1588	73 
1589	29 
1590	28 
1591	36 
1592	81 
1593	8 
1594	40 
1595	35 
1596	96 
1597	9 
1598	31 
1599	28 
1600	15 
1601	54 
1602	78 
1603	12 
1604	11 
1605	54 
1606	23 
1607	63 
1608	93 
1609	101 
1610	1 
1611	25 
1612	90 
1613	29 
1614	15 
1615	39 
1616	30 
1617	84 
1618	36 
1619	18 
1620	62 
1621	33 
1622	29 
1623	16 
1624	68 
1625	93 
1626	15 
1627	86 
1628	96 
1629	92 
1630	23 
1631	79 
1632	88 
1633	16 
1634	38 
1635	45 
1636	48 
1637	21 
1638	48 
1639	39 
1640	61 
1641	84 
1642	8 
1643	33 
1644	20 
1645	13 
1646	16 
1647	27 
1648	84 
1649	87 
1650	64 
1651	4 
1652	18 
1653	81 
1654	8 
1655	76 
1656	83 
1657	74 
1658	7 
1659	42 
1660	70 
1661	54 
1662	97 
1663	7 
1664	92 
1665	86 
1666	28 
1667	69 
1668	30 
1669	5 
1670	63 
1671	81 
1672	87 
1673	28 
1674	34 
1675	45 
1676	8 
1677	34 
1678	16 
1679	11 
1680	8 
1681	72 
1682	47 
1683	55 
1684	67 
1685	99 
1686	20 
1687	72 
1688	31 
1689	6 
1690	41 
1691	62 
1692	11 
1693	86 
1694	86 
1695	64 
1696	46 
1697	84 
1698	33 
1699	92 
1700	78 
1701	60 
1702	101 
1703	3 
1704	24 
1705	82 
1706	18 
1707	47 
1708	10 
1709	100 
1710	69 
1711	62 
1712	28 
1713	52 
1714	74 
1715	30 
1716	68 
1717	12 
1718	80 
1719	69 
1720	49 
1721	34 
1722	82 
1723	32 
1724	99 
1725	92 
1726	90 
1727	18 
1728	96 
1729	23 
1730	87 
1731	1 
1732	1 
1733	55 
1734	19 
1735	61 
1736	76 
1737	1 
1738	10 
1739	3 
1740	83 
1741	75 
1742	25 
1743	30 
1744	47 
1745	61 
1746	40 
1747	50 
1748	70 
1749	10 
1750	38 
1751	80 
1752	23 
1753	31 
1754	31 
1755	33 
1756	36 
1757	44 
1758	69 
1759	87 
1760	34 
1761	58 
1762	38 
1763	70 
1764	45 
1765	82 
1766	71 
1767	85 
1768	81 
1769	23 
1770	81 
1771	7 
1772	20 
1773	11 
1774	65 
1775	93 
1776	70 
1777	70 
1778	32 
1779	69 
1780	52 
1781	45 
1782	19 
1783	76 
1784	28 
1785	101 
1786	67 
1787	100 
1788	10 
1789	65 
1790	77 
1791	96 
1792	29 
1793	72 
1794	37 
1795	59 
1796	22 
1797	19 
1798	97 
1799	88 
1800	95 
1801	66 
1802	34 
1803	71 
1804	19 
1805	64 
1806	82 
1807	14 
1808	89 
1809	3 
1810	100 
1811	77 
1812	10 
1813	87 
1814	33 
1815	16 
1816	39 
1817	62 
1818	52 
1819	18 
1820	32 
1821	61 
1822	91 
1823	74 
1824	8 
1825	92 
1826	93 
1827	89 
1828	24 
1829	26 
1830	52 
1831	30 
1832	96 
1833	101 
1834	25 
1835	43 
1836	12 
1837	69 
1838	19 
1839	40 
1840	56 
1841	54 
1842	45 
1843	3 
1844	92 
1845	64 
1846	20 
1847	30 
1848	31 
1849	30 
1850	57 
1851	16 
1852	56 
1853	40 
1854	45 
1855	7 
1856	35 
1857	68 
1858	41 
1859	60 
1860	32 
1861	16 
1862	73 
1863	65 
1864	63 
1865	95 
1866	90 
1867	2 
1868	16 
1869	62 
1870	30 
1871	96 
1872	6 
1873	57 
1874	73 
1875	35 
1876	76 
1877	13 
1878	26 
1879	28 
1880	19 
1881	2 
1882	45 
1883	98 
1884	90 
1885	68 
1886	9 
1887	67 
1888	70 
1889	26 
1890	15 
1891	74 
1892	23 
1893	19 
1894	31 
1895	52 
1896	2 
1897	45 
1898	72 
1899	81 
1900	8 
1901	35 
1902	41 
1903	54 
1904	43 
1905	10 
1906	13 
1907	96 
1908	20 
1909	46 
1910	43 
1911	81 
1912	95 
1913	34 
1914	7 
1915	7 
1916	8 
1917	8 
1918	49 
1919	67 
1920	52 
1921	69 
1922	74 
1923	29 
1924	79 
1925	82 
1926	96 
1927	55 
1928	55 
1929	62 
1930	38 
1931	16 
1932	26 
1933	31 
1934	94 
1935	74 
1936	57 
1937	18 
1938	79 
1939	83 
1940	72 
1941	23 
1942	68 
1943	35 
1944	68 
1945	48 
1946	29 
1947	38 
1948	33 
1949	51 
1950	8 
1951	76 
1952	98 
1953	96 
1954	7 
1955	21 
1956	82 
1957	7 
1958	7 
1959	86 
1960	11 
1961	18 
1962	54 
1963	52 
1964	40 
1965	68 
1966	77 
1967	82 
1968	1 
1969	81 
1970	68 
1971	49 
1972	7 
1973	36 
1974	9 
1975	93 
1976	56 
1977	38 
1978	90 
1979	26 
1980	37 
1981	71 
1982	88 
1983	18 
1984	49 
1985	26 
1986	45 
1987	53 
1988	69 
1989	68 
1990	21 
1991	44 
1992	94 
1993	24 
1994	80 
1995	72 
1996	8 
1997	19 
1998	36 
1999	53 
2000	81 
2001	33 
2002	5 
2003	11 
2004	21 
2005	64 
2006	93 
2007	3 
2008	57 
2009	44 
2010	83 
2011	64 
2012	51 
2013	40 
2014	69 
2015	82 
2016	88 
2017	36 
2018	82 
2019	8 
2020	54 
2021	88 
2022	75 
2023	93 
2024	45 
2025	8 
2026	45 
2027	15 
2028	67 
2029	72 
2030	73 
2031	39 
2032	15 
2033	43 
2034	99 
2035	44 
2036	91 
2037	23 
2038	95 
2039	40 
2040	36 
2041	8 
2042	83 
2043	43 
2044	45 
2045	99 
2046	35 
2047	7 
2048	27 
2049	45 
2050	79 
2051	53 
2052	92 
2053	88 
2054	32 
2055	99 
2056	16 
2057	46 
2058	82 
2059	77 
2060	27 
2061	13 
2062	5 
2063	71 
2064	36 
2065	83 
2066	16 
2067	1 
2068	68 
2069	17 
2070	98 
2071	31 
2072	31 
2073	32 
2074	15 
2075	55 
2076	93 
2077	21 
2078	87 
2079	37 
2080	16 
2081	69 
2082	50 
2083	54 
2084	37 
2085	34 
2086	90 
2087	64 
2088	82 
2089	14 
2090	58 
2091	53 
2092	54 
2093	26 
2094	47 
2095	86 
2096	10 
2097	54 
2098	5 
2099	34 
2100	75 
2101	66 
2102	29 
2103	82 
2104	11 
2105	36 
2106	90 
2107	44 
2108	55 
2109	8 
2110	44 
2111	41 
2112	37 
2113	47 
2114	52 
2115	83 
2116	24 
2117	12 
2118	64 
2119	3 
2120	27 
2121	38 
2122	64 
2123	79 
2124	47 
2125	37 
2126	87 
2127	48 
2128	50 
2129	57 
2130	57 
2131	32 
2132	1 
2133	96 
2134	72 
2135	45 
2136	99 
2137	7 
2138	21 
2139	2 
2140	94 
2141	66 
2142	36 
2143	3 
2144	25 
2145	93 
2146	95 
2147	40 
2148	25 
2149	33 
2150	47 
2151	9 
2152	21 
2153	49 
2154	80 
2155	36 
2156	25 
2157	23 
2158	76 
2159	101 
2160	100 
2161	72 
2162	64 
2163	8 
2164	52 
2165	83 
2166	54 
2167	82 
2168	55 
2169	29 
2170	70 
2171	62 
2172	64 
2173	20 
2174	53 
2175	74 
2176	29 
2177	30 
2178	69 
2179	49 
2180	53 
2181	46 
2182	40 
2183	87 
2184	92 
2185	37 
2186	31 
2187	95 
2188	31 
2189	54 
2190	16 
2191	16 
2192	64 
2193	87 
2194	1 
2195	57 
2196	59 
2197	30 
2198	95 
2199	82 
2200	35 
2201	1 
2202	12 
2203	11 
2204	63 
2205	53 
2206	66 
2207	10 
2208	22 
2209	44 
2210	7 
2211	83 
2212	34 
2213	82 
2214	55 
2215	50 
2216	32 
2217	31 
2218	38 
2219	21 
2220	6 
2221	50 
2222	3 
2223	38 
2224	84 
2225	68 
2226	10 
2227	16 
2228	35 
2229	30 
2230	61 
2231	7 
2232	57 
2233	60 
2234	5 
2235	51 
2236	75 
2237	69 
2238	16 
2239	35 
2240	10 
2241	101 
2242	40 
2243	33 
2244	96 
2245	49 
2246	72 
2247	50 
2248	6 
2249	31 
2250	61 
2251	77 
2252	69 
2253	69 
2254	70 
2255	54 
2256	23 
2257	83 
2258	32 
2259	34 
2260	34 
2261	93 
2262	95 
2263	64 
2264	1 
2265	24 
2266	52 
2267	93 
2268	6 
2269	35 
2270	22 
2271	77 
2272	8 
2273	11 
2274	40 
2275	96 
2276	1 
2277	24 
2278	43 
2279	81 
2280	56 
2281	10 
2282	7 
2283	15 
2284	39 
2285	82 
2286	71 
2287	54 
2288	33 
2289	80 
2290	91 
2291	54 
2292	71 
2293	97 
2294	33 
2295	37 
2296	75 
2297	64 
2298	61 
2299	43 
2300	76 
2301	57 
2302	8 
2303	15 
2304	23 
2305	40 
2306	38 
2307	76 
2308	25 
2309	5 
2310	13 
2311	6 
2312	30 
2313	95 
2314	88 
2315	26 
2316	23 
2317	70 
2318	67 
2319	33 
2320	40 
2321	36 
2322	76 
2323	55 
2324	74 
2325	45 
2326	10 
2327	69 
2328	17 
2329	11 
2330	16 
2331	61 
2332	22 
2333	24 
2334	89 
2335	61 
2336	36 
2337	93 
2338	92 
2339	33 
2340	85 
2341	32 
2342	44 
2343	23 
2344	33 
2345	87 
2346	16 
2347	82 
2348	96 
2349	97 
2350	17 
2351	33 
2352	90 
2353	8 
2354	35 
2355	39 
2356	93 
2357	1 
2358	84 
2359	40 
2360	35 
2361	31 
2362	33 
2363	47 
2364	11 
2365	44 
2366	41 
2367	8 
2368	87 
2369	88 
2370	17 
2371	69 
2372	45 
2373	101 
2374	97 
2375	88 
2376	53 
2377	35 
2378	61 
2379	87 
2380	96 
2381	56 
2382	34 
2383	52 
2384	29 
2385	81 
2386	82 
2387	8 
2388	96 
2389	17 
2390	90 
2391	14 
2392	93 
2393	45 
2394	66 
2395	85 
2396	86 
2397	43 
2398	36 
2399	16 
2400	101 
2401	46 
2402	82 
2403	47 
2404	22 
2405	79 
2406	8 
2407	56 
2408	96 
2409	69 
2410	98 
2411	36 
2412	58 
2413	30 
2414	34 
2415	83 
2416	80 
2417	10 
2418	96 
2419	88 
2420	10 
2421	34 
2422	43 
2423	96 
2424	86 
2425	8 
2426	13 
2427	44 
2428	8 
2429	72 
2430	44 
2431	18 
2432	57 
2433	60 
2434	5 
2435	69 
2436	87 
2437	31 
2438	29 
2439	90 
2440	18 
2441	44 
2442	51 
2443	18 
2444	5 
2445	16 
2446	79 
2447	37 
2448	36 
2449	21 
2450	94 
2451	3 
2452	23 
2453	65 
2454	69 
2455	4 
2456	53 
2457	97 
2458	40 
2459	1 
2460	69 
2461	34 
2462	5 
2463	30 
2464	17 
2465	34 
2466	87 
2467	46 
2468	96 
2469	93 
2470	3 
2471	6 
2472	7 
2473	20 
2474	10 
2475	57 
2476	32 
2477	44 
2478	78 
2479	55 
2480	28 
2481	94 
2482	2 
2483	3 
2484	33 
2485	87 
2486	54 
2487	83 
2488	37 
2489	14 
2490	91 
2491	22 
2492	8 
2493	76 
2494	63 
2495	5 
2496	32 
2497	88 
2498	31 
2499	80 
2500	85 
2501	36 
2502	21 
2503	46 
2504	96 
2505	28 
2506	51 
2507	45 
2508	67 
2509	69 
2510	22 
2511	88 
2512	18 
2513	82 
2514	75 
2515	8 
2516	87 
2517	11 
2518	3 
2519	5 
2520	45 
2521	12 
2522	5 
2523	67 
2524	2 
2525	91 
2526	99 
2527	49 
2528	79 
2529	17 
2530	74 
2531	27 
2532	84 
2533	95 
2534	53 
2535	11 
2536	68 
2537	13 
2538	16 
2539	43 
2540	68 
2541	68 
2542	84 
2543	76 
2544	5 
2545	69 
2546	63 
2547	20 
2548	68 
2549	11 
2550	30 
2551	16 
2552	88 
2553	45 
2554	76 
2555	46 
2556	13 
2557	70 
2558	20 
2559	99 
2560	101 
2561	29 
2562	35 
2563	41 
2564	81 
2565	51 
2566	10 
2567	53 
2568	33 
2569	70 
2570	97 
2571	83 
2572	35 
2573	35 
2574	94 
2575	6 
2576	33 
2577	63 
2578	57 
2579	73 
2580	97 
2581	22 
2582	79 
2583	83 
2584	29 
2585	17 
2586	19 
2587	48 
2588	61 
2589	7 
2590	90 
2591	67 
2592	96 
2593	11 
2594	46 
2595	84 
2596	8 
2597	67 
2598	6 
2599	85 
2600	68 
2601	64 
2602	32 
2603	12 
2604	34 
2605	43 
2606	24 
2607	8 
2608	69 
2609	23 
2610	9 
2611	36 
2612	41 
2613	61 
2614	62 
2615	31 
2616	45 
2617	71 
2618	58 
2619	81 
2620	38 
2621	28 
2622	7 
2623	21 
2624	16 
2625	67 
2626	57 
2627	74 
2628	43 
2629	47 
2630	58 
2631	88 
2632	92 
2633	2 
2634	20 
2635	1 
2636	86 
2637	88 
2638	31 
2639	18 
2640	68 
2641	33 
2642	8 
2643	65 
2644	87 
2645	62 
2646	96 
2647	97 
2648	61 
2649	27 
2650	67 
2651	78 
2652	22 
2653	61 
2654	75 
2655	87 
2656	68 
2657	36 
2658	91 
2659	22 
2660	20 
2661	36 
2662	58 
2663	1 
2664	71 
2665	23 
2666	62 
2667	45 
2668	76 
2669	7 
2670	34 
2671	18 
2672	12 
2673	17 
2674	23 
2675	53 
2676	7 
2677	68 
2678	57 
2679	64 
2680	28 
2681	18 
2682	28 
2683	68 
2684	99 
2685	47 
2686	87 
2687	58 
2688	88 
2689	6 
2690	29 
2691	101 
2692	64 
2693	70 
2694	20 
2695	22 
2696	53 
2697	78 
2698	14 
2699	72 
2700	43 
2701	5 
2702	90 
2703	23 
2704	29 
2705	12 
2706	23 
2707	45 
2708	11 
2709	71 
2710	54 
2711	15 
2712	62 
2713	20 
2714	33 
2715	45 
2716	40 
2717	18 
2718	97 
2719	97 
2720	88 
2721	64 
2722	79 
2723	23 
2724	82 
2725	43 
2726	68 
2727	7 
2728	20 
2729	52 
2730	88 
2731	40 
2732	71 
2733	41 
2734	42 
2735	93 
2736	11 
2737	64 
2738	25 
2739	78 
2740	90 
2741	69 
2742	43 
2743	36 
2744	87 
2745	45 
2746	61 
2747	48 
2748	34 
2749	57 
2750	68 
2751	68 
2752	98 
2753	20 
2754	34 
2755	42 
2756	69 
2757	54 
2758	79 
2759	17 
2760	18 
2761	22 
2762	58 
2763	7 
2764	31 
2765	101 
2766	62 
2767	101 
2768	33 
2769	82 
2770	97 
2771	88 
2772	44 
2773	44 
2774	58 
2775	54 
2776	32 
2777	34 
2778	11 
2779	77 
2780	60 
2781	51 
2782	64 
2783	35 
2784	26 
2785	12 
2786	52 
2787	36 
2788	63 
2789	91 
2790	93 
2791	37 
2792	4 
2793	58 
2794	8 
2795	88 
2796	67 
2797	34 
2798	19 
2799	55 
2800	36 
2801	62 
2802	96 
2803	59 
2804	9 
2805	40 
2806	12 
2807	52 
2808	93 
2809	65 
2810	82 
2811	39 
2812	35 
2813	45 
2814	53 
2815	83 
2816	5 
2817	18 
2818	76 
2819	16 
2820	87 
2821	33 
2822	96 
2823	53 
2824	40 
2825	22 
2826	9 
2827	23 
2828	39 
2829	61 
2830	16 
2831	11 
2832	47 
2833	64 
2834	53 
2835	62 
2836	62 
2837	97 
2838	50 
2839	76 
2840	20 
2841	19 
2842	8 
2843	93 
2844	21 
2845	58 
2846	38 
2847	9 
2848	49 
2849	18 
2850	25 
2851	91 
2852	16 
2853	55 
2854	35 
2855	59 
2856	73 
2857	18 
2858	45 
2859	36 
2860	18 
2861	93 
2862	86 
2863	76 
2864	92 
2865	35 
2866	33 
2867	64 
2868	70 
2869	29 
2870	71 
2871	3 
2872	46 
2873	36 
2874	35 
2875	10 
2876	37 
2877	8 
2878	52 
2879	36 
2880	88 
2881	29 
2882	13 
2883	40 
2884	72 
2885	87 
2886	22 
2887	31 
2888	53 
2889	66 
2890	44 
2891	93 
2892	41 
2893	9 
2894	33 
2895	58 
2896	10 
2897	56 
2898	7 
2899	66 
2900	10 
2901	44 
2902	1 
2903	21 
2904	16 
2905	42 
2906	33 
2907	39 
2908	33 
2909	52 
2910	57 
2911	81 
2912	9 
2913	5 
2914	74 
2915	20 
2916	30 
2917	88 
2918	43 
2919	26 
2920	99 
2921	83 
2922	3 
2923	63 
2924	79 
2925	64 
2926	70 
2927	84 
2928	48 
2929	1 
2930	71 
2931	64 
2932	1 
2933	34 
2934	8 
2935	35 
2936	39 
2937	101 
2938	8 
2939	56 
2940	41 
2941	22 
2942	88 
2943	46 
2944	33 
2945	67 
2946	95 
2947	39 
2948	46 
2949	82 
2950	67 
2951	8 
2952	64 
2953	83 
2954	87 
2955	34 
2956	36 
2957	1 
2958	50 
2959	49 
2960	21 
2961	84 
2962	93 
2963	71 
2964	53 
2965	10 
2966	95 
2967	32 
2968	72 
2969	68 
2970	41 
2971	91 
2972	78 
2973	96 
2974	27 
2975	76 
2976	41 
2977	97 
2978	11 
2979	33 
2980	69 
2981	12 
2982	1 
2983	95 
2984	93 
2985	1 
2986	45 
2987	64 
2988	44 
2989	100 
2990	68 
2991	37 
2992	72 
2993	23 
2994	16 
2995	18 
2996	65 
2997	82 
2998	15 
2999	1 
3000	18 
3001	77 
3002	15 
3003	43 
3004	43 
3005	8 
3006	56 
3007	40 
3008	16 
3009	78 
3010	20 
3011	30 
3012	93 
3013	72 
3014	76 
3015	33 
3016	46 
3017	71 
3018	62 
3019	5 
3020	31 
3021	90 
3022	56 
3023	23 
3024	10 
3025	7 
3026	26 
3027	33 
3028	78 
3029	27 
3030	68 
3031	45 
3032	7 
3033	7 
3034	42 
3035	95 
3036	37 
3037	42 
3038	33 
3039	55 
3040	67 
3041	62 
3042	16 
3043	73 
3044	95 
3045	93 
3046	3 
3047	76 
3048	4 
3049	82 
3050	58 
3051	10 
3052	43 
3053	6 
3054	28 
3055	8 
3056	65 
3057	89 
3058	16 
3059	49 
3060	35 
3061	34 
3062	62 
3063	60 
3064	91 
3065	45 
3066	34 
3067	8 
3068	41 
3069	30 
3070	78 
3071	15 
3072	54 
3073	23 
3074	67 
3075	1 
3076	99 
3077	15 
3078	23 
3079	30 
3080	39 
3081	28 
3082	18 
3083	21 
3084	55 
3085	4 
3086	66 
3087	68 
3088	20 
3089	57 
3090	65 
3091	67 
3092	62 
3093	29 
3094	35 
3095	71 
3096	72 
3097	78 
3098	58 
3099	25 
3100	68 
3101	22 
3102	92 
3103	1 
3104	79 
3105	55 
3106	76 
3107	36 
3108	58 
3109	41 
3110	76 
3111	67 
3112	20 
3113	50 
3114	37 
3115	83 
3116	69 
3117	23 
3118	16 
3119	40 
3120	81 
3121	83 
3122	1 
3123	65 
3124	30 
3125	64 
3126	11 
3127	72 
3128	54 
3129	27 
3130	17 
3131	93 
3132	33 
3133	72 
3134	49 
3135	30 
3136	10 
3137	65 
3138	60 
3139	85 
3140	36 
3141	56 
3142	83 
3143	71 
3144	64 
3145	65 
3146	58 
3147	37 
3148	21 
3149	28 
3150	23 
3151	88 
3152	40 
3153	98 
3154	52 
3155	89 
3156	79 
3157	97 
3158	3 
3159	43 
3160	96 
3161	90 
3162	83 
3163	39 
3164	9 
3165	61 
3166	16 
3167	62 
3168	64 
3169	10 
3170	47 
3171	94 
3172	44 
3173	73 
3174	61 
3175	93 
3176	49 
3177	71 
3178	82 
3179	74 
3180	10 
3181	45 
3182	58 
3183	62 
3184	9 
3185	73 
3186	35 
3187	58 
3188	16 
3189	64 
3190	66 
3191	90 
3192	59 
3193	30 
3194	87 
3195	69 
3196	41 
3197	7 
3198	83 
3199	40 
3200	30 
3201	36 
3202	35 
3203	40 
3204	46 
3205	16 
3206	3 
3207	39 
3208	10 
3209	81 
3210	76 
3211	46 
3212	81 
3213	44 
3214	2 
3215	73 
3216	93 
3217	58 
3218	96 
3219	36 
3220	16 
3221	84 
3222	32 
3223	72 
3224	42 
3225	86 
3226	65 
3227	77 
3228	57 
3229	43 
3230	62 
3231	65 
3232	53 
3233	52 
3234	54 
3235	58 
3236	35 
3237	86 
3238	13 
3239	15 
3240	71 
3241	82 
3242	33 
3243	74 
3244	44 
3245	21 
3246	23 
3247	64 
3248	76 
3249	98 
3250	72 
3251	16 
3252	71 
3253	43 
3254	49 
3255	63 
3256	66 
3257	36 
3258	34 
3259	64 
3260	29 
3261	81 
3262	34 
3263	64 
3264	1 
3265	33 
3266	31 
3267	6 
3268	11 
3269	93 
3270	72 
3271	89 
3272	45 
3273	52 
3274	71 
3275	61 
3276	20 
3277	87 
3278	58 
3279	12 
3280	26 
3281	10 
3282	30 
3283	45 
3284	69 
3285	101 
3286	67 
3287	40 
3288	42 
3289	88 
3290	6 
3291	87 
3292	10 
3293	18 
3294	8 
3295	3 
3296	18 
3297	25 
3298	79 
3299	86 
3300	23 
3301	50 
3302	20 
3303	96 
3304	47 
3305	18 
3306	93 
3307	89 
3308	62 
3309	69 
3310	44 
3311	16 
3312	38 
3313	20 
3314	36 
3315	54 
3316	4 
3317	40 
3318	31 
3319	30 
3320	82 
3321	8 
3322	15 
3323	76 
3324	69 
3325	30 
3326	19 
3327	79 
3328	10 
3329	71 
3330	62 
3331	97 
3332	67 
3333	8 
3334	12 
3335	47 
3336	63 
3337	20 
3338	94 
3339	77 
3340	16 
3341	37 
3342	67 
3343	31 
3344	39 
3345	20 
3346	71 
3347	67 
3348	71 
3349	56 
3350	43 
3351	52 
3352	87 
3353	81 
3354	93 
3355	17 
3356	1 
3357	12 
3358	96 
3359	82 
3360	101 
3361	45 
3362	54 
3363	52 
3364	34 
3365	75 
3366	45 
3367	82 
3368	84 
3369	72 
3370	40 
3371	23 
3372	96 
3373	61 
3374	79 
3375	40 
3376	73 
3377	24 
3378	71 
3379	10 
3380	35 
3381	71 
3382	4 
3383	101 
3384	4 
3385	20 
3386	93 
3387	3 
3388	44 
3389	59 
3390	11 
3391	58 
3392	70 
3393	98 
3394	64 
3395	69 
3396	67 
3397	96 
3398	88 
3399	73 
3400	41 
3401	16 
3402	7 
3403	86 
3404	17 
3405	12 
3406	84 
3407	65 
3408	22 
3409	76 
3410	54 
3411	22 
3412	70 
3413	74 
3414	27 
3415	90 
3416	10 
3417	69 
3418	84 
3419	62 
3420	78 
3421	58 
3422	45 
3423	32 
3424	88 
3425	100 
3426	18 
3427	68 
3428	56 
3429	19 
3430	82 
3431	76 
3432	96 
3433	25 
3434	20 
3435	50 
3436	52 
3437	87 
3438	25 
3439	65 
3440	20 
3441	77 
3442	89 
3443	29 
3444	32 
3445	34 
3446	8 
3447	44 
3448	32 
3449	82 
3450	30 
3451	79 
3452	79 
3453	31 
3454	21 
3455	67 
3456	59 
3457	35 
3458	72 
3459	33 
3460	76 
3461	76 
3462	22 
3463	12 
3464	11 
3465	5 
3466	60 
3467	62 
3468	78 
3469	5 
3470	69 
3471	70 
3472	48 
3473	88 
3474	52 
3475	83 
3476	94 
3477	19 
3478	58 
3479	34 
3480	45 
3481	20 
3482	83 
3483	98 
3484	64 
3485	37 
3486	44 
3487	80 
3488	60 
3489	1 
3490	74 
3491	64 
3492	36 
3493	58 
3494	21 
3495	23 
3496	99 
3497	38 
3498	23 
3499	79 
3500	57 
3501	29 
3502	43 
3503	20 
3504	55 
3505	93 
3506	50 
3507	45 
3508	81 
3509	30 
3510	56 
3511	57 
3512	14 
3513	101 
3514	30 
3515	99 
3516	31 
3517	33 
3518	71 
3519	79 
3520	30 
3521	71 
3522	2 
3523	52 
3524	95 
3525	16 
3526	13 
3527	22 
3528	21 
3529	25 
3530	54 
3531	70 
3532	40 
3533	51 
3534	34 
3535	19 
3536	8 
3537	52 
3538	72 
3539	68 
3540	43 
3541	35 
3542	88 
3543	58 
3544	61 
3545	34 
3546	82 
3547	52 
3548	79 
3549	69 
3550	16 
3551	90 
3552	33 
3553	76 
3554	32 
3555	82 
3556	61 
3557	57 
3558	45 
3559	10 
3560	86 
3561	64 
3562	44 
3563	51 
3564	81 
3565	35 
3566	62 
3567	57 
3568	68 
3569	37 
3570	18 
3571	72 
3572	95 
3573	44 
3574	79 
3575	83 
3576	34 
3577	39 
3578	49 
3579	78 
3580	83 
3581	71 
3582	65 
3583	62 
3584	63 
3585	17 
3586	7 
3587	71 
3588	72 
3589	42 
3590	8 
3591	34 
3592	10 
3593	8 
3594	35 
3595	57 
3596	34 
3597	29 
3598	66 
3599	59 
3600	64 
3601	23 
3602	61 
3603	16 
3604	37 
3605	25 
3606	23 
3607	16 
3608	17 
3609	69 
3610	5 
3611	6 
3612	63 
3613	34 
3614	54 
3615	40 
3616	58 
3617	85 
3618	85 
3619	65 
3620	16 
3621	88 
3622	66 
3623	2 
3624	14 
3625	33 
3626	2 
3627	96 
3628	16 
3629	10 
3630	41 
3631	7 
3632	53 
3633	50 
3634	36 
3635	67 
3636	69 
3637	95 
3638	77 
3639	84 
3640	14 
3641	31 
3642	54 
3643	46 
3644	50 
3645	88 
3646	8 
3647	58 
3648	29 
3649	100 
3650	93 
3651	55 
3652	36 
3653	30 
3654	56 
3655	54 
3656	44 
3657	45 
3658	22 
3659	61 
3660	10 
3661	53 
3662	19 
3663	89 
3664	18 
3665	62 
3666	17 
3667	16 
3668	6 
3669	8 
3670	8 
3671	82 
3672	44 
3673	72 
3674	87 
3675	9 
3676	94 
3677	76 
3678	44 
3679	93 
3680	71 
3681	79 
3682	57 
3683	44 
3684	93 
3685	40 
3686	44 
3687	29 
3688	71 
3689	36 
3690	33 
3691	87 
3692	21 
3693	60 
3694	70 
3695	76 
3696	83 
3697	79 
3698	44 
3699	10 
3700	54 
3701	10 
3702	83 
3703	52 
3704	47 
3705	6 
3706	23 
3707	61 
3708	40 
3709	3 
3710	53 
3711	21 
3712	37 
3713	49 
3714	52 
3715	82 
3716	44 
3717	60 
3718	24 
3719	74 
3720	55 
3721	17 
3722	61 
3723	16 
3724	50 
3725	69 
3726	31 
3727	68 
3728	64 
3729	8 
3730	41 
3731	43 
3732	76 
3733	24 
3734	44 
3735	72 
3736	95 
3737	34 
3738	38 
3739	76 
3740	64 
3741	40 
3742	12 
3743	33 
3744	52 
3745	44 
3746	64 
3747	98 
3748	49 
3749	46 
3750	61 
3751	11 
3752	58 
3753	22 
3754	51 
3755	87 
3756	36 
3757	86 
3758	83 
3759	71 
3760	12 
3761	30 
3762	46 
3763	82 
3764	85 
3765	71 
3766	75 
3767	54 
3768	36 
3769	96 
3770	16 
3771	36 
3772	88 
3773	76 
3774	18 
3775	81 
3776	36 
3777	2 
3778	101 
3779	82 
3780	35 
3781	44 
3782	36 
3783	3 
3784	57 
3785	48 
3786	28 
3787	1 
3788	99 
3789	66 
3790	79 
3791	83 
3792	21 
3793	8 
3794	53 
3795	86 
3796	9 
3797	57 
3798	53 
3799	81 
3800	38 
3801	86 
3802	10 
3803	48 
3804	88 
3805	65 
3806	99 
3807	58 
3808	67 
3809	31 
3810	61 
3811	8 
3812	29 
3813	75 
3814	57 
3815	5 
3816	75 
3817	72 
3818	54 
3819	100 
3820	45 
3821	49 
3822	60 
3823	34 
3824	19 
3825	1 
3826	18 
3827	34 
3828	14 
3829	46 
3830	86 
3831	37 
3832	93 
3833	94 
3834	4 
3835	15 
3836	62 
3837	96 
3838	16 
3839	76 
3840	100 
3841	70 
3842	33 
3843	15 
3844	43 
3845	85 
3846	69 
3847	9 
3848	25 
3849	9 
3850	18 
3851	80 
3852	12 
3853	35 
3854	21 
3855	62 
3856	101 
3857	72 
3858	18 
3859	94 
3860	39 
3861	30 
3862	5 
3863	63 
3864	96 
3865	25 
3866	39 
3867	9 
3868	27 
3869	48 
3870	59 
3871	66 
3872	32 
3873	35 
3874	31 
3875	13 
3876	5 
3877	53 
3878	7 
3879	30 
3880	88 
3881	43 
3882	10 
3883	2 
3884	16 
3885	94 
3886	61 
3887	76 
3888	35 
3889	37 
3890	44 
3891	50 
3892	10 
3893	22 
3894	69 
3895	77 
3896	43 
3897	92 
3898	60 
3899	69 
3900	39 
3901	23 
3902	62 
3903	29 
3904	39 
3905	82 
3906	34 
3907	83 
3908	88 
3909	82 
3910	11 
3911	70 
3912	67 
3913	69 
3914	34 
3915	50 
3916	21 
3917	70 
3918	18 
3919	72 
3920	61 
3921	4 
3922	20 
3923	90 
3924	34 
3925	11 
3926	90 
3927	50 
3928	82 
3929	24 
3930	96 
3931	45 
3932	37 
3933	52 
3934	75 
3935	83 
3936	4 
3937	33 
3938	85 
3939	50 
3940	36 
3941	81 
3942	83 
3943	53 
3944	93 
3945	64 
3946	95 
3947	28 
3948	96 
3949	82 
3950	36 
3951	68 
3952	88 
3953	26 
3954	8 
3955	10 
3956	72 
3957	101 
3958	81 
3959	44 
3960	65 
3961	35 
3962	64 
3963	29 
3964	16 
3965	77 
3966	46 
3967	52 
3968	76 
3969	70 
3970	4 
3971	27 
3972	31 
3973	91 
3974	94 
3975	37 
3976	34 
3977	15 
3978	88 
3979	68 
3980	54 
3981	57 
3982	1 
3983	8 
3984	90 
3985	7 
3986	78 
3987	4 
3988	40 
3989	41 
3990	91 
3991	15 
3992	69 
3993	91 
3994	10 
3995	68 
3996	48 
3997	81 
3998	101 
3999	30 
4000	12 
4001	61 
4002	96 
4003	35 
4004	81 
4005	42 
4006	37 
4007	98 
4008	68 
4009	9 
4010	96 
4011	87 
4012	56 
4013	72 
4014	72 
4015	74 
4016	69 
4017	3 
4018	80 
4019	96 
4020	64 
4021	40 
4022	8 
4023	23 
4024	35 
4025	39 
4026	36 
4027	87 
4028	75 
4029	1 
4030	26 
4031	23 
4032	69 
4033	9 
4034	26 
4035	69 
4036	15 
4037	9 
4038	7 
4039	70 
4040	74 
4041	5 
4042	72 
4043	48 
4044	36 
4045	11 
4046	40 
4047	33 
4048	55 
4049	1 
4050	13 
4051	61 
4052	69 
4053	23 
4054	92 
4055	11 
4056	3 
4057	40 
4058	23 
4059	82 
4060	27 
4061	31 
4062	88 
4063	74 
4064	51 
4065	45 
4066	13 
4067	33 
4068	44 
4069	64 
4070	3 
4071	54 
4072	69 
4073	79 
4074	61 
4075	89 
4076	68 
4077	23 
4078	92 
4079	16 
4080	76 
4081	64 
4082	33 
4083	49 
4084	10 
4085	25 
4086	16 
4087	41 
4088	44 
4089	30 
4090	35 
4091	8 
4092	38 
4093	23 
4094	29 
4095	83 
4096	70 
4097	96 
4098	33 
4099	4 
4100	84 
4101	73 
4102	4 
4103	93 
4104	68 
4105	61 
4106	7 
4107	73 
4108	1 
4109	51 
4110	26 
4111	45 
4112	87 
4113	44 
4114	62 
4115	49 
4116	87 
4117	8 
4118	93 
4119	83 
4120	67 
4121	16 
4122	52 
4123	95 
4124	79 
4125	3 
4126	36 
4127	84 
4128	61 
4129	64 
4130	90 
4131	64 
4132	42 
4133	73 
4134	87 
4135	20 
4136	9 
4137	72 
4138	40 
4139	31 
4140	35 
4141	18 
4142	81 
4143	26 
4144	14 
4145	43 
4146	100 
4147	94 
4148	70 
4149	10 
4150	18 
4151	14 
4152	17 
4153	88 
4154	87 
4155	72 
4156	30 
4157	13 
4158	45 
4159	71 
4160	5 
4161	95 
4162	23 
4163	77 
4164	100 
4165	23 
4166	83 
4167	37 
4168	46 
4169	37 
4170	11 
4171	69 
4172	45 
4173	44 
4174	96 
4175	25 
4176	52 
4177	23 
4178	33 
4179	75 
4180	8 
4181	96 
4182	27 
4183	33 
4184	28 
4185	7 
4186	68 
4187	58 
4188	79 
4189	78 
4190	57 
4191	1 
4192	7 
4193	101 
4194	23 
4195	42 
4196	58 
4197	94 
4198	31 
4199	93 
4200	69 
4201	22 
4202	13 
4203	46 
4204	54 
4205	1 
4206	10 
4207	39 
4208	5 
4209	1 
4210	80 
4211	23 
4212	97 
4213	72 
4214	16 
4215	44 
4216	84 
4217	38 
4218	71 
4219	52 
4220	50 
4221	71 
4222	10 
4223	94 
4224	11 
4225	43 
4226	36 
4227	44 
4228	31 
4229	94 
4230	20 
4231	93 
4232	98 
4233	48 
4234	88 
4235	54 
4236	68 
4237	5 
4238	2 
4239	44 
4240	60 
4241	20 
4242	87 
4243	54 
4244	35 
4245	100 
4246	81 
4247	82 
4248	60 
4249	78 
4250	57 
4251	59 
4252	52 
4253	34 
4254	86 
4255	49 
4256	64 
4257	64 
4258	44 
4259	87 
4260	18 
4261	16 
4262	62 
4263	45 
4264	7 
4265	16 
4266	25 
4267	58 
4268	44 
4269	58 
4270	53 
4271	50 
4272	78 
4273	18 
4274	33 
4275	25 
4276	23 
4277	21 
4278	27 
4279	54 
4280	96 
4281	5 
4282	18 
4283	76 
4284	51 
4285	45 
4286	62 
4287	81 
4288	57 
4289	23 
4290	26 
4291	81 
4292	89 
4293	35 
4294	29 
4295	8 
4296	93 
4297	40 
4298	34 
4299	23 
4300	89 
4301	25 
4302	19 
4303	44 
4304	40 
4305	19 
4306	84 
4307	1 
4308	22 
4309	16 
4310	100 
4311	96 
4312	11 
4313	38 
4314	51 
4315	53 
4316	40 
4317	78 
4318	78 
4319	78 
4320	33 
4321	16 
4322	8 
4323	12 
4324	93 
4325	45 
4326	36 
4327	77 
4328	1 
4329	31 
4330	50 
4331	9 
4332	52 
4333	26 
4334	43 
4335	48 
4336	23 
4337	37 
4338	70 
4339	26 
4340	68 
4341	81 
4342	44 
4343	60 
4344	53 
4345	68 
4346	30 
4347	65 
4348	60 
4349	62 
4350	44 
4351	13 
4352	16 
4353	35 
4354	43 
4355	35 
4356	18 
4357	68 
4358	68 
4359	70 
4360	6 
4361	1 
4362	72 
4363	42 
4364	16 
4365	21 
4366	9 
4367	70 
4368	35 
4369	94 
4370	75 
4371	84 
4372	89 
4373	93 
4374	39 
4375	76 
4376	97 
4377	20 
4378	63 
4379	88 
4380	44 
4381	16 
4382	10 
4383	87 
4384	1 
4385	8 
4386	24 
4387	14 
4388	58 
4389	45 
4390	16 
4391	90 
4392	16 
4393	64 
4394	9 
4395	72 
4396	101 
4397	45 
4398	27 
4399	69 
4400	7 
4401	8 
4402	53 
4403	45 
4404	9 
4405	97 
4406	64 
4407	44 
4408	69 
4409	29 
4410	62 
4411	53 
4412	12 
4413	44 
4414	64 
4415	95 
4416	86 
4417	26 
4418	30 
4419	30 
4420	43 
4421	44 
4422	77 
4423	88 
4424	96 
4425	8 
4426	91 
4427	1 
4428	68 
4429	35 
4430	69 
4431	16 
4432	16 
4433	2 
4434	11 
4435	100 
4436	76 
4437	92 
4438	68 
4439	78 
4440	48 
4441	28 
4442	7 
4443	18 
4444	43 
4445	10 
4446	12 
4447	57 
4448	72 
4449	87 
4450	49 
4451	40 
4452	81 
4453	20 
4454	54 
4455	5 
4456	29 
4457	62 
4458	39 
4459	34 
4460	47 
4461	65 
4462	83 
4463	28 
4464	33 
4465	19 
4466	40 
4467	16 
4468	70 
4469	96 
4470	58 
4471	57 
4472	84 
4473	4 
4474	63 
4475	97 
4476	73 
4477	27 
4478	60 
4479	20 
4480	72 
4481	12 
4482	21 
4483	64 
4484	54 
4485	98 
4486	67 
4487	56 
4488	79 
4489	8 
4490	86 
4491	101 
4492	65 
4493	8 
4494	52 
4495	11 
4496	57 
4497	34 
4498	29 
4499	76 
4500	77 
4501	78 
4502	90 
4503	8 
4504	93 
4505	82 
4506	60 
4507	59 
4508	101 
4509	89 
4510	26 
4511	88 
4512	71 
4513	63 
4514	4 
4515	79 
4516	101 
4517	40 
4518	83 
4519	18 
4520	23 
4521	85 
4522	25 
4523	7 
4524	26 
4525	4 
4526	83 
4527	96 
4528	57 
4529	1 
4530	76 
4531	96 
4532	11 
4533	20 
4534	87 
4535	50 
4536	57 
4537	96 
4538	2 
4539	7 
4540	92 
4541	34 
4542	5 
4543	72 
4544	86 
4545	65 
4546	22 
4547	6 
4548	16 
4549	50 
4550	93 
4551	101 
4552	57 
4553	37 
4554	69 
4555	52 
4556	33 
4557	64 
4558	27 
4559	16 
4560	61 
4561	8 
4562	64 
4563	23 
4564	98 
4565	76 
4566	89 
4567	56 
4568	26 
4569	100 
4570	67 
4571	35 
4572	62 
4573	87 
4574	23 
4575	95 
4576	10 
4577	1 
4578	54 
4579	68 
4580	96 
4581	12 
4582	74 
4583	64 
4584	48 
4585	67 
4586	17 
4587	88 
4588	16 
4589	96 
4590	64 
4591	26 
4592	18 
4593	98 
4594	76 
4595	60 
4596	61 
4597	95 
4598	64 
4599	20 
4600	70 
4601	89 
4602	44 
4603	13 
4604	94 
4605	35 
4606	95 
4607	4 
4608	69 
4609	85 
4610	30 
4611	80 
4612	1 
4613	19 
4614	56 
4615	86 
4616	13 
4617	95 
4618	33 
4619	14 
4620	37 
4621	58 
4622	2 
4623	30 
4624	81 
4625	58 
4626	7 
4627	24 
4628	68 
4629	68 
4630	87 
4631	60 
4632	36 
4633	69 
4634	82 
4635	72 
4636	71 
4637	24 
4638	76 
4639	7 
4640	49 
4641	27 
4642	87 
4643	82 
4644	10 
4645	93 
4646	48 
4647	56 
4648	12 
4649	7 
4650	32 
4651	57 
4652	57 
4653	80 
4654	70 
4655	33 
4656	81 
4657	4 
4658	3 
4659	34 
4660	85 
4661	64 
4662	93 
4663	30 
4664	81 
4665	54 
4666	53 
4667	64 
4668	70 
4669	62 
4670	97 
4671	87 
4672	76 
4673	96 
4674	54 
4675	58 
4676	3 
4677	10 
4678	25 
4679	77 
4680	30 
4681	44 
4682	34 
4683	8 
4684	26 
4685	101 
4686	47 
4687	90 
4688	56 
4689	53 
4690	18 
4691	45 
4692	10 
4693	50 
4694	88 
4695	81 
4696	5 
4697	42 
4698	30 
4699	71 
4700	2 
4701	79 
4702	38 
4703	69 
4704	44 
4705	43 
4706	1 
4707	4 
4708	57 
4709	30 
4710	18 
4711	1 
4712	12 
4713	76 
4714	53 
4715	20 
4716	69 
4717	32 
4718	52 
4719	64 
4720	98 
4721	75 
4722	9 
4723	92 
4724	11 
4725	21 
4726	10 
4727	67 
4728	54 
4729	88 
4730	15 
4731	18 
4732	69 
4733	87 
4734	96 
4735	24 
4736	99 
4737	86 
4738	5 
4739	43 
4740	5 
4741	69 
4742	72 
4743	34 
4744	16 
4745	72 
4746	71 
4747	18 
4748	14 
4749	12 
4750	87 
4751	37 
4752	81 
4753	16 
4754	36 
4755	46 
4756	66 
4757	80 
4758	79 
4759	25 
4760	20 
4761	29 
4762	57 
4763	79 
4764	86 
4765	88 
4766	49 
4767	72 
4768	2 
4769	45 
4770	79 
4771	29 
4772	34 
4773	76 
4774	79 
4775	87 
4776	20 
4777	61 
4778	5 
4779	29 
4780	38 
4781	38 
4782	87 
4783	76 
4784	32 
4785	70 
4786	43 
4787	23 
4788	6 
4789	57 
4790	9 
4791	81 
4792	57 
4793	59 
4794	90 
4795	68 
4796	75 
4797	69 
4798	71 
4799	96 
4800	86 
4801	41 
4802	58 
4803	5 
4804	56 
4805	68 
4806	40 
4807	64 
4808	35 
4809	30 
4810	35 
4811	91 
4812	68 
4813	23 
4814	98 
4815	62 
4816	71 
4817	41 
4818	21 
4819	71 
4820	17 
4821	12 
4822	10 
4823	68 
4824	50 
4825	48 
4826	87 
4827	33 
4828	53 
4829	7 
4830	3 
4831	52 
4832	51 
4833	91 
4834	34 
4835	11 
4836	56 
4837	74 
4838	37 
4839	58 
4840	32 
4841	7 
4842	49 
4843	71 
4844	12 
4845	8 
4846	32 
4847	90 
4848	10 
4849	45 
4850	3 
4851	60 
4852	5 
4853	26 
4854	84 
4855	43 
4856	64 
4857	33 
4858	1 
4859	38 
4860	66 
4861	72 
4862	77 
4863	64 
4864	83 
4865	96 
4866	60 
4867	24 
4868	74 
4869	71 
4870	2 
4871	75 
4872	68 
4873	17 
4874	19 
4875	99 
4876	9 
4877	62 
4878	16 
4879	37 
4880	5 
4881	20 
4882	25 
4883	64 
4884	61 
4885	79 
4886	35 
4887	35 
4888	4 
4889	9 
4890	18 
4891	43 
4892	11 
4893	68 
4894	61 
4895	45 
4896	43 
4897	36 
4898	67 
4899	65 
4900	58 
4901	48 
4902	41 
4903	45 
4904	79 
4905	99 
4906	57 
4907	5 
4908	8 
4909	54 
4910	50 
4911	15 
4912	100 
4913	33 
4914	81 
4915	20 
4916	51 
4917	16 
4918	31 
4919	18 
4920	96 
4921	90 
4922	31 
4923	19 
4924	50 
4925	7 
4926	25 
4927	52 
4928	23 
4929	12 
4930	88 
4931	82 
4932	79 
4933	87 
4934	47 
4935	35 
4936	87 
4937	25 
4938	15 
4939	12 
4940	1 
4941	90 
4942	23 
4943	81 
4944	21 
4945	83 
4946	82 
4947	1 
4948	62 
4949	45 
4950	100 
4951	27 
4952	28 
4953	29 
4954	10 
4955	40 
4956	75 
4957	64 
4958	95 
4959	91 
4960	35 
4961	13 
4962	69 
4963	101 
4964	33 
4965	101 
4966	34 
4967	43 
4968	52 
4969	22 
4970	6 
4971	36 
4972	98 
4973	50 
4974	45 
4975	52 
4976	63 
4977	88 
4978	1 
4979	51 
4980	16 
4981	96 
4982	93 
4983	74 
4984	71 
4985	96 
4986	5 
4987	60 
4988	57 
4989	33 
4990	82 
4991	11 
4992	74 
4993	20 
4994	25 
4995	44 
4996	30 
4997	62 
4998	72 
4999	1 
5000	48 
