1	6 
2	27 
3	67 
4	50 
5	73 
6	14 
7	8 
8	7 
9	58 
10	78 
11	90 
12	29 
13	48 
14	52 
15	37 
16	35 
17	68 
18	27 
19	55 
20	62 
21	78 
22	83 
23	1 
24	51 
25	68 
26	3 
27	24 
28	50 
29	72 
30	90 
31	24 
32	38 
33	69 
34	93 
35	12 
36	68 
37	40 
38	71 
39	7 
40	39 
41	90 
42	8 
43	90 
44	82 
45	68 
46	61 
47	78 
48	78 
49	3 
50	74 
51	10 
52	81 
53	71 
54	78 
55	15 
56	47 
57	40 
58	64 
59	3 
60	82 
61	52 
62	55 
63	22 
64	90 
65	26 
66	53 
67	46 
68	74 
69	8 
70	46 
71	49 
72	88 
73	49 
74	41 
75	82 
76	49 
77	39 
78	58 
79	21 
80	85 
81	44 
82	68 
83	60 
84	74 
85	57 
86	53 
87	54 
88	12 
89	81 
90	52 
91	44 
92	68 
93	19 
94	91 
95	20 
96	2 
97	2 
98	90 
99	48 
100	52 
101	37 
102	89 
103	24 
104	52 
105	21 
106	84 
107	32 
108	3 
109	33 
110	94 
111	78 
112	17 
113	8 
114	25 
115	31 
116	14 
117	63 
118	54 
119	2 
120	57 
121	47 
122	36 
123	19 
124	46 
125	37 
126	13 
127	52 
128	62 
129	49 
130	51 
131	37 
132	21 
133	44 
134	46 
135	22 
136	29 
137	61 
138	24 
139	64 
140	66 
141	46 
142	65 
143	25 
144	25 
145	55 
146	89 
147	87 
148	70 
149	76 
150	81 
151	36 
152	44 
153	43 
154	89 
155	76 
156	69 
157	54 
158	36 
159	30 
160	69 
161	46 
162	63 
163	51 
164	23 
165	9 
166	17 
167	23 
168	13 
169	75 
170	17 
171	68 
172	8 
173	8 
174	28 
175	32 
176	3 
177	89 
178	81 
179	76 
180	66 
181	25 
182	41 
183	80 
184	20 
185	80 
186	49 
187	88 
188	74 
189	30 
190	52 
191	5 
192	1 
193	65 
194	67 
195	27 
196	23 
197	26 
198	45 
199	33 
200	69 
201	56 
202	46 
203	61 
204	54 
205	1 
206	34 
207	88 
208	38 
209	83 
210	33 
211	20 
212	95 
213	82 
214	37 
215	14 
216	60 
217	69 
218	42 
219	29 
220	63 
221	88 
222	24 
223	82 
224	1 
225	72 
226	6 
227	49 
228	8 
229	22 
230	26 
231	48 
232	81 
233	79 
234	66 
235	26 
236	39 
237	2 
238	55 
239	69 
240	54 
241	66 
242	20 
243	65 
244	79 
245	33 
246	77 
247	58 
248	69 
249	65 
250	25 
251	20 
252	32 
253	64 
254	94 
255	59 
256	55 
257	94 
258	88 
259	94 
260	27 
261	32 
262	20 
263	77 
264	77 
265	31 
266	55 
267	3 
268	76 
269	84 
270	86 
271	36 
272	29 
273	57 
274	20 
275	11 
276	40 
277	55 
278	61 
279	3 
280	96 
281	33 
282	58 
283	16 
284	45 
285	52 
286	20 
287	52 
288	35 
289	29 
290	20 
291	58 
292	88 
293	55 
294	8 
295	55 
296	29 
297	21 
298	28 
299	4 
300	52 
301	29 
302	27 
303	74 
304	39 
305	21 
306	11 
307	33 
308	51 
309	54 
310	35 
311	38 
312	60 
313	20 
314	52 
315	69 
316	46 
317	66 
318	3 
319	13 
320	61 
321	23 
322	74 
323	75 
324	14 
325	55 
326	87 
327	36 
328	83 
329	37 
330	60 
331	89 
332	13 
333	31 
334	61 
335	89 
336	94 
337	48 
338	8 
339	27 
340	74 
341	87 
342	72 
343	22 
344	95 
345	89 
346	61 
347	54 
348	59 
349	56 
350	29 
351	96 
352	20 
353	12 
354	82 
355	23 
356	74 
357	86 
358	74 
359	31 
360	51 
361	5 
362	19 
363	34 
364	85 
365	8 
366	42 
367	8 
368	13 
369	64 
370	89 
371	20 
372	83 
373	95 
374	75 
375	64 
376	22 
377	36 
378	17 
379	69 
380	47 
381	89 
382	26 
383	1 
384	33 
385	96 
386	10 
387	29 
388	34 
389	59 
390	15 
391	51 
392	25 
393	83 
394	75 
395	39 
396	20 
397	58 
398	26 
399	83 
400	3 
401	73 
402	68 
403	40 
404	26 
405	55 
406	76 
407	43 
408	66 
409	31 
410	96 
411	7 
412	22 
413	64 
414	26 
415	11 
416	3 
417	4 
418	61 
419	57 
420	77 
421	58 
422	68 
423	62 
424	65 
425	20 
426	79 
427	71 
428	80 
429	60 
430	10 
431	22 
432	29 
433	94 
434	89 
435	64 
436	12 
437	3 
438	20 
439	37 
440	48 
441	90 
442	42 
443	77 
444	96 
445	7 
446	74 
447	26 
448	69 
449	27 
450	84 
451	47 
452	27 
453	91 
454	8 
455	39 
456	90 
457	23 
458	60 
459	40 
460	58 
461	74 
462	58 
463	59 
464	45 
465	58 
466	46 
467	39 
468	59 
469	33 
470	89 
471	15 
472	66 
473	83 
474	26 
475	59 
476	25 
477	29 
478	31 
479	75 
480	55 
481	6 
482	48 
483	42 
484	25 
485	21 
486	8 
487	86 
488	64 
489	44 
490	74 
491	13 
492	20 
493	44 
494	91 
495	83 
496	58 
497	10 
498	43 
499	1 
500	23 
501	8 
502	12 
503	28 
504	52 
505	41 
506	61 
507	30 
508	35 
509	96 
510	23 
511	93 
512	89 
513	96 
514	79 
515	29 
516	90 
517	88 
518	61 
519	12 
520	1 
521	17 
522	61 
523	1 
524	82 
525	25 
526	19 
527	6 
528	49 
529	66 
530	60 
531	55 
532	81 
533	73 
534	91 
535	8 
536	67 
537	23 
538	84 
539	85 
540	6 
541	33 
542	75 
543	32 
544	57 
545	68 
546	26 
547	8 
548	90 
549	30 
550	87 
551	34 
552	18 
553	26 
554	16 
555	65 
556	49 
557	54 
558	74 
559	61 
560	69 
561	40 
562	11 
563	54 
564	77 
565	57 
566	43 
567	58 
568	93 
569	12 
570	58 
571	95 
572	47 
573	68 
574	69 
575	81 
576	28 
577	55 
578	92 
579	49 
580	58 
581	59 
582	44 
583	59 
584	48 
585	60 
586	17 
587	75 
588	36 
589	8 
590	44 
591	52 
592	89 
593	53 
594	33 
595	32 
596	44 
597	2 
598	2 
599	69 
600	17 
601	8 
602	49 
603	34 
604	67 
605	41 
606	20 
607	27 
608	90 
609	69 
610	41 
611	24 
612	51 
613	67 
614	85 
615	62 
616	88 
617	13 
618	19 
619	16 
620	11 
621	93 
622	49 
623	42 
624	64 
625	67 
626	69 
627	61 
628	23 
629	57 
630	58 
631	9 
632	49 
633	63 
634	4 
635	80 
636	89 
637	58 
638	40 
639	68 
640	90 
641	88 
642	12 
643	53 
644	3 
645	68 
646	15 
647	5 
648	40 
649	64 
650	81 
651	83 
652	46 
653	27 
654	29 
655	88 
656	36 
657	67 
658	6 
659	46 
660	42 
661	20 
662	3 
663	74 
664	29 
665	66 
666	37 
667	69 
668	54 
669	86 
670	83 
671	22 
672	55 
673	71 
674	52 
675	90 
676	95 
677	50 
678	67 
679	88 
680	96 
681	56 
682	53 
683	64 
684	25 
685	27 
686	16 
687	6 
688	73 
689	47 
690	45 
691	87 
692	38 
693	59 
694	55 
695	49 
696	1 
697	95 
698	72 
699	91 
700	7 
701	94 
702	82 
703	66 
704	49 
705	7 
706	5 
707	8 
708	33 
709	54 
710	25 
711	76 
712	30 
713	51 
714	53 
715	23 
716	35 
717	66 
718	73 
719	31 
720	90 
721	58 
722	67 
723	58 
724	8 
725	70 
726	50 
727	12 
728	59 
729	53 
730	22 
731	95 
732	54 
733	37 
734	20 
735	23 
736	50 
737	2 
738	26 
739	26 
740	11 
741	49 
742	64 
743	12 
744	81 
745	22 
746	75 
747	89 
748	37 
749	36 
750	85 
751	49 
752	55 
753	21 
754	22 
755	52 
756	23 
757	28 
758	56 
759	57 
760	65 
761	20 
762	70 
763	46 
764	88 
765	53 
766	66 
767	79 
768	44 
769	25 
770	79 
771	66 
772	3 
773	48 
774	82 
775	6 
776	63 
777	68 
778	59 
779	73 
780	95 
781	70 
782	66 
783	83 
784	8 
785	48 
786	57 
787	40 
788	67 
789	68 
790	35 
791	15 
792	88 
793	66 
794	18 
795	50 
796	57 
797	22 
798	89 
799	76 
800	53 
801	92 
802	66 
803	25 
804	81 
805	66 
806	35 
807	55 
808	94 
809	31 
810	74 
811	90 
812	39 
813	26 
814	66 
815	90 
816	54 
817	57 
818	50 
819	51 
820	81 
821	95 
822	88 
823	46 
824	82 
825	89 
826	22 
827	7 
828	53 
829	68 
830	90 
831	47 
832	87 
833	15 
834	44 
835	83 
836	44 
837	45 
838	24 
839	22 
840	60 
841	80 
842	88 
843	27 
844	72 
845	96 
846	26 
847	61 
848	83 
849	10 
850	53 
851	42 
852	54 
853	73 
854	24 
855	19 
856	69 
857	80 
858	8 
859	58 
860	67 
861	10 
862	47 
863	83 
864	78 
865	30 
866	4 
867	22 
868	35 
869	61 
870	85 
871	16 
872	62 
873	27 
874	93 
875	20 
876	90 
877	75 
878	24 
879	82 
880	25 
881	34 
882	67 
883	16 
884	92 
885	49 
886	2 
887	21 
888	46 
889	74 
890	48 
891	13 
892	73 
893	58 
894	34 
895	80 
896	24 
897	31 
898	5 
899	5 
900	13 
901	92 
902	59 
903	32 
904	33 
905	38 
906	59 
907	37 
908	65 
909	15 
910	78 
911	48 
912	3 
913	26 
914	68 
915	8 
916	11 
917	87 
918	90 
919	53 
920	44 
921	64 
922	64 
923	87 
924	18 
925	33 
926	88 
927	69 
928	91 
929	13 
930	59 
931	45 
932	5 
933	29 
934	42 
935	69 
936	67 
937	8 
938	3 
939	58 
940	83 
941	47 
942	18 
943	54 
944	96 
945	79 
946	55 
947	16 
948	30 
949	82 
950	2 
951	66 
952	2 
953	51 
954	23 
955	45 
956	92 
957	7 
958	12 
959	13 
960	56 
961	45 
962	49 
963	4 
964	40 
965	69 
966	8 
967	49 
968	60 
969	14 
970	63 
971	44 
972	61 
973	21 
974	87 
975	60 
976	34 
977	32 
978	65 
979	91 
980	2 
981	27 
982	88 
983	90 
984	60 
985	66 
986	66 
987	55 
988	11 
989	17 
990	75 
991	16 
992	30 
993	29 
994	18 
995	68 
996	1 
997	85 
998	67 
999	96 
1000	87 
1001	81 
1002	32 
1003	78 
1004	84 
1005	80 
1006	37 
1007	90 
1008	72 
1009	24 
1010	70 
1011	89 
1012	24 
1013	55 
1014	53 
1015	54 
1016	1 
1017	18 
1018	3 
1019	66 
1020	54 
1021	54 
1022	36 
1023	35 
1024	78 
1025	4 
1026	23 
1027	68 
1028	52 
1029	5 
1030	76 
1031	22 
1032	60 
1033	28 
1034	49 
1035	83 
1036	40 
1037	27 
1038	11 
1039	49 
1040	6 
1041	66 
1042	94 
1043	1 
1044	75 
1045	17 
1046	8 
1047	90 
1048	20 
1049	76 
1050	19 
1051	23 
1052	57 
1053	90 
1054	3 
1055	24 
1056	26 
1057	23 
1058	88 
1059	3 
1060	18 
1061	65 
1062	25 
1063	65 
1064	74 
1065	41 
1066	55 
1067	20 
1068	45 
1069	51 
1070	58 
1071	91 
1072	55 
1073	25 
1074	89 
1075	75 
1076	65 
1077	54 
1078	71 
1079	58 
1080	81 
1081	57 
1082	8 
1083	78 
1084	44 
1085	49 
1086	28 
1087	3 
1088	90 
1089	24 
1090	95 
1091	29 
1092	92 
1093	1 
1094	90 
1095	69 
1096	94 
1097	94 
1098	74 
1099	46 
1100	13 
1101	74 
1102	60 
1103	44 
1104	26 
1105	19 
1106	65 
1107	47 
1108	89 
1109	88 
1110	47 
1111	15 
1112	29 
1113	23 
1114	9 
1115	57 
1116	85 
1117	58 
1118	27 
1119	28 
1120	26 
1121	64 
1122	38 
1123	64 
1124	81 
1125	66 
1126	24 
1127	15 
1128	14 
1129	10 
1130	54 
1131	47 
1132	93 
1133	5 
1134	7 
1135	1 
1136	11 
1137	55 
1138	47 
1139	66 
1140	39 
1141	50 
1142	69 
1143	59 
1144	54 
1145	26 
1146	64 
1147	40 
1148	57 
1149	29 
1150	45 
1151	27 
1152	89 
1153	83 
1154	24 
1155	60 
1156	22 
1157	21 
1158	25 
1159	95 
1160	48 
1161	1 
1162	54 
1163	3 
1164	54 
1165	93 
1166	45 
1167	54 
1168	45 
1169	61 
1170	55 
1171	3 
1172	82 
1173	2 
1174	62 
1175	60 
1176	6 
1177	54 
1178	54 
1179	61 
1180	5 
1181	7 
1182	22 
1183	95 
1184	39 
1185	66 
1186	66 
1187	84 
1188	54 
1189	83 
1190	74 
1191	52 
1192	64 
1193	8 
1194	78 
1195	64 
1196	89 
1197	96 
1198	52 
1199	83 
1200	44 
1201	30 
1202	51 
1203	49 
1204	52 
1205	90 
1206	50 
1207	64 
1208	57 
1209	29 
1210	91 
1211	69 
1212	75 
1213	3 
1214	21 
1215	39 
1216	81 
1217	18 
1218	37 
1219	19 
1220	49 
1221	49 
1222	58 
1223	65 
1224	16 
1225	89 
1226	24 
1227	45 
1228	39 
1229	83 
1230	44 
1231	45 
1232	58 
1233	48 
1234	61 
1235	69 
1236	38 
1237	95 
1238	89 
1239	4 
1240	58 
1241	45 
1242	39 
1243	90 
1244	89 
1245	92 
1246	64 
1247	31 
1248	94 
1249	16 
1250	36 
1251	78 
1252	76 
1253	42 
1254	95 
1255	66 
1256	8 
1257	66 
1258	53 
1259	40 
1260	69 
1261	83 
1262	82 
1263	93 
1264	11 
1265	74 
1266	24 
1267	73 
1268	25 
1269	43 
1270	44 
1271	44 
1272	23 
1273	42 
1274	47 
1275	68 
1276	32 
1277	49 
1278	48 
1279	49 
1280	88 
1281	27 
1282	74 
1283	54 
1284	46 
1285	50 
1286	16 
1287	58 
1288	83 
1289	29 
1290	89 
1291	83 
1292	65 
1293	29 
1294	1 
1295	21 
1296	9 
1297	77 
1298	61 
1299	13 
1300	8 
1301	88 
1302	89 
1303	90 
1304	18 
1305	64 
1306	67 
1307	26 
1308	51 
1309	68 
1310	68 
1311	45 
1312	39 
1313	76 
1314	77 
1315	42 
1316	95 
1317	24 
1318	74 
1319	93 
1320	67 
1321	93 
1322	52 
1323	83 
1324	37 
1325	10 
1326	46 
1327	89 
1328	8 
1329	31 
1330	48 
1331	37 
1332	18 
1333	39 
1334	82 
1335	92 
1336	60 
1337	3 
1338	53 
1339	40 
1340	19 
1341	79 
1342	37 
1343	91 
1344	1 
1345	51 
1346	96 
1347	86 
1348	21 
1349	86 
1350	46 
1351	50 
1352	91 
1353	82 
1354	16 
1355	1 
1356	55 
1357	67 
1358	16 
1359	60 
1360	69 
1361	36 
1362	84 
1363	75 
1364	21 
1365	89 
1366	35 
1367	83 
1368	81 
1369	13 
1370	3 
1371	56 
1372	61 
1373	32 
1374	56 
1375	41 
1376	69 
1377	54 
1378	75 
1379	68 
1380	58 
1381	30 
1382	55 
1383	64 
1384	74 
1385	12 
1386	5 
1387	18 
1388	44 
1389	25 
1390	47 
1391	55 
1392	93 
1393	92 
1394	73 
1395	19 
1396	54 
1397	11 
1398	13 
1399	20 
1400	54 
1401	64 
1402	31 
1403	27 
1404	13 
1405	72 
1406	78 
1407	27 
1408	77 
1409	85 
1410	30 
1411	4 
1412	47 
1413	64 
1414	49 
1415	5 
1416	12 
1417	31 
1418	51 
1419	1 
1420	10 
1421	76 
1422	37 
1423	88 
1424	57 
1425	2 
1426	13 
1427	66 
1428	64 
1429	46 
1430	35 
1431	10 
1432	20 
1433	57 
1434	57 
1435	83 
1436	31 
1437	89 
1438	95 
1439	55 
1440	49 
1441	61 
1442	20 
1443	53 
1444	76 
1445	11 
1446	17 
1447	66 
1448	28 
1449	1 
1450	84 
1451	92 
1452	32 
1453	89 
1454	20 
1455	21 
1456	74 
1457	81 
1458	89 
1459	37 
1460	36 
1461	8 
1462	18 
1463	66 
1464	24 
1465	26 
1466	18 
1467	35 
1468	86 
1469	95 
1470	26 
1471	32 
1472	78 
1473	11 
1474	71 
1475	61 
1476	37 
1477	20 
1478	96 
1479	79 
1480	13 
1481	27 
1482	1 
1483	76 
1484	66 
1485	5 
1486	90 
1487	48 
1488	44 
1489	35 
1490	83 
1491	90 
1492	74 
1493	52 
1494	63 
1495	92 
1496	46 
1497	23 
1498	64 
1499	38 
1500	41 
1501	8 
1502	18 
1503	26 
1504	52 
1505	52 
1506	73 
1507	10 
1508	6 
1509	91 
1510	61 
1511	63 
1512	23 
1513	90 
1514	74 
1515	95 
1516	55 
1517	54 
1518	59 
1519	59 
1520	32 
1521	6 
1522	41 
1523	31 
1524	52 
1525	74 
1526	53 
1527	85 
1528	8 
1529	45 
1530	11 
1531	8 
1532	27 
1533	55 
1534	55 
1535	88 
1536	54 
1537	35 
1538	4 
1539	90 
1540	57 
1541	7 
1542	26 
1543	32 
1544	46 
1545	44 
1546	85 
1547	75 
1548	26 
1549	24 
1550	61 
1551	76 
1552	19 
1553	40 
1554	69 
1555	7 
1556	70 
1557	81 
1558	34 
1559	81 
1560	41 
1561	27 
1562	53 
1563	82 
1564	36 
1565	72 
1566	88 
1567	44 
1568	53 
1569	76 
1570	35 
1571	76 
1572	28 
1573	57 
1574	55 
1575	33 
1576	43 
1577	55 
1578	94 
1579	66 
1580	16 
1581	31 
1582	49 
1583	52 
1584	91 
1585	10 
1586	81 
1587	36 
1588	41 
1589	37 
1590	17 
1591	64 
1592	63 
1593	89 
1594	61 
1595	77 
1596	17 
1597	38 
1598	44 
1599	66 
1600	6 
1601	83 
1602	96 
1603	82 
1604	54 
1605	70 
1606	26 
1607	77 
1608	63 
1609	46 
1610	58 
1611	88 
1612	64 
1613	38 
1614	72 
1615	52 
1616	66 
1617	65 
1618	73 
1619	92 
1620	89 
1621	54 
1622	95 
1623	77 
1624	82 
1625	61 
1626	69 
1627	48 
1628	74 
1629	87 
1630	83 
1631	90 
1632	61 
1633	58 
1634	54 
1635	62 
1636	82 
1637	13 
1638	78 
1639	41 
1640	63 
1641	45 
1642	85 
1643	63 
1644	18 
1645	60 
1646	49 
1647	72 
1648	94 
1649	84 
1650	14 
1651	96 
1652	13 
1653	26 
1654	32 
1655	87 
1656	56 
1657	19 
1658	23 
1659	22 
1660	24 
1661	62 
1662	22 
1663	82 
1664	48 
1665	54 
1666	89 
1667	73 
1668	51 
1669	79 
1670	65 
1671	24 
1672	85 
1673	7 
1674	43 
1675	4 
1676	23 
1677	62 
1678	84 
1679	61 
1680	64 
1681	7 
1682	53 
1683	10 
1684	36 
1685	13 
1686	58 
1687	8 
1688	86 
1689	50 
1690	41 
1691	66 
1692	1 
1693	64 
1694	24 
1695	13 
1696	77 
1697	66 
1698	8 
1699	96 
1700	64 
1701	76 
1702	11 
1703	58 
1704	54 
1705	10 
1706	11 
1707	90 
1708	68 
1709	38 
1710	4 
1711	89 
1712	54 
1713	29 
1714	15 
1715	5 
1716	76 
1717	12 
1718	65 
1719	6 
1720	19 
1721	35 
1722	25 
1723	36 
1724	34 
1725	57 
1726	80 
1727	52 
1728	54 
1729	52 
1730	93 
1731	15 
1732	18 
1733	68 
1734	9 
1735	69 
1736	47 
1737	52 
1738	36 
1739	71 
1740	13 
1741	10 
1742	63 
1743	5 
1744	82 
1745	54 
1746	54 
1747	67 
1748	25 
1749	89 
1750	42 
1751	81 
1752	89 
1753	5 
1754	39 
1755	48 
1756	16 
1757	60 
1758	94 
1759	41 
1760	46 
1761	22 
1762	24 
1763	39 
1764	46 
1765	3 
1766	59 
1767	52 
1768	36 
1769	47 
1770	88 
1771	64 
1772	54 
1773	88 
1774	28 
1775	39 
1776	41 
1777	16 
1778	86 
1779	18 
1780	20 
1781	29 
1782	37 
1783	58 
1784	52 
1785	83 
1786	81 
1787	1 
1788	3 
1789	58 
1790	24 
1791	82 
1792	35 
1793	74 
1794	8 
1795	54 
1796	2 
1797	6 
1798	36 
1799	61 
1800	66 
1801	90 
1802	45 
1803	83 
1804	55 
1805	54 
1806	14 
1807	76 
1808	81 
1809	39 
1810	41 
1811	87 
1812	64 
1813	10 
1814	44 
1815	70 
1816	57 
1817	1 
1818	60 
1819	88 
1820	94 
1821	87 
1822	30 
1823	67 
1824	26 
1825	61 
1826	62 
1827	40 
1828	64 
1829	96 
1830	65 
1831	45 
1832	54 
1833	80 
1834	66 
1835	74 
1836	18 
1837	57 
1838	82 
1839	14 
1840	52 
1841	77 
1842	81 
1843	88 
1844	45 
1845	13 
1846	77 
1847	94 
1848	61 
1849	5 
1850	9 
1851	73 
1852	79 
1853	20 
1854	47 
1855	69 
1856	41 
1857	92 
1858	89 
1859	14 
1860	13 
1861	52 
1862	88 
1863	8 
1864	58 
1865	84 
1866	74 
1867	26 
1868	58 
1869	51 
1870	82 
1871	1 
1872	23 
1873	33 
1874	67 
1875	1 
1876	74 
1877	58 
1878	61 
1879	61 
1880	48 
1881	31 
1882	17 
1883	92 
1884	29 
1885	26 
1886	37 
1887	10 
1888	26 
1889	30 
1890	1 
1891	1 
1892	14 
1893	36 
1894	24 
1895	40 
1896	20 
1897	69 
1898	44 
1899	13 
1900	65 
1901	69 
1902	36 
1903	19 
1904	58 
1905	10 
1906	82 
1907	10 
1908	64 
1909	55 
1910	13 
1911	63 
1912	21 
1913	60 
1914	85 
1915	20 
1916	66 
1917	79 
1918	57 
1919	65 
1920	11 
1921	13 
1922	54 
1923	74 
1924	52 
1925	36 
1926	1 
1927	61 
1928	48 
1929	76 
1930	9 
1931	3 
1932	72 
1933	64 
1934	11 
1935	18 
1936	96 
1937	12 
1938	5 
1939	55 
1940	21 
1941	44 
1942	50 
1943	29 
1944	68 
1945	20 
1946	17 
1947	60 
1948	58 
1949	35 
1950	75 
1951	16 
1952	22 
1953	36 
1954	22 
1955	32 
1956	85 
1957	89 
1958	28 
1959	24 
1960	28 
1961	82 
1962	31 
1963	33 
1964	49 
1965	40 
1966	61 
1967	69 
1968	95 
1969	60 
1970	54 
1971	48 
1972	87 
1973	43 
1974	12 
1975	64 
1976	89 
1977	60 
1978	62 
1979	29 
1980	59 
1981	33 
1982	84 
1983	12 
1984	49 
1985	84 
1986	18 
1987	60 
1988	3 
1989	3 
1990	15 
1991	23 
1992	87 
1993	73 
1994	60 
1995	41 
1996	49 
1997	86 
1998	39 
1999	39 
2000	95 
2001	49 
2002	67 
2003	69 
2004	10 
2005	58 
2006	29 
2007	40 
2008	59 
2009	4 
2010	73 
2011	67 
2012	28 
2013	73 
2014	62 
2015	64 
2016	7 
2017	59 
2018	68 
2019	8 
2020	30 
2021	76 
2022	27 
2023	29 
2024	21 
2025	54 
2026	63 
2027	61 
2028	36 
2029	76 
2030	25 
2031	68 
2032	81 
2033	45 
2034	71 
2035	7 
2036	26 
2037	51 
2038	37 
2039	93 
2040	88 
2041	84 
2042	45 
2043	69 
2044	68 
2045	83 
2046	96 
2047	53 
2048	64 
2049	1 
2050	70 
2051	63 
2052	1 
2053	58 
2054	43 
2055	55 
2056	85 
2057	64 
2058	56 
2059	55 
2060	60 
2061	74 
2062	9 
2063	40 
2064	50 
2065	90 
2066	73 
2067	7 
2068	73 
2069	45 
2070	45 
2071	66 
2072	83 
2073	10 
2074	71 
2075	2 
2076	64 
2077	68 
2078	69 
2079	73 
2080	40 
2081	83 
2082	78 
2083	54 
2084	60 
2085	39 
2086	8 
2087	91 
2088	13 
2089	44 
2090	58 
2091	85 
2092	16 
2093	37 
2094	23 
2095	68 
2096	85 
2097	68 
2098	47 
2099	12 
2100	64 
2101	27 
2102	68 
2103	13 
2104	68 
2105	60 
2106	26 
2107	37 
2108	10 
2109	89 
2110	69 
2111	71 
2112	74 
2113	46 
2114	8 
2115	22 
2116	67 
2117	79 
2118	56 
2119	94 
2120	49 
2121	82 
2122	86 
2123	18 
2124	96 
2125	10 
2126	55 
2127	35 
2128	42 
2129	92 
2130	73 
2131	13 
2132	34 
2133	83 
2134	88 
2135	23 
2136	61 
2137	78 
2138	12 
2139	5 
2140	58 
2141	35 
2142	37 
2143	24 
2144	57 
2145	46 
2146	29 
2147	8 
2148	78 
2149	29 
2150	15 
2151	53 
2152	94 
2153	15 
2154	33 
2155	74 
2156	23 
2157	52 
2158	69 
2159	44 
2160	67 
2161	79 
2162	45 
2163	1 
2164	48 
2165	64 
2166	96 
2167	17 
2168	69 
2169	23 
2170	18 
2171	78 
2172	88 
2173	1 
2174	52 
2175	14 
2176	63 
2177	36 
2178	5 
2179	69 
2180	71 
2181	71 
2182	8 
2183	54 
2184	73 
2185	49 
2186	48 
2187	1 
2188	27 
2189	18 
2190	17 
2191	46 
2192	89 
2193	79 
2194	75 
2195	85 
2196	90 
2197	83 
2198	57 
2199	29 
2200	90 
2201	57 
2202	90 
2203	29 
2204	81 
2205	66 
2206	40 
2207	4 
2208	55 
2209	65 
2210	11 
2211	71 
2212	10 
2213	73 
2214	62 
2215	1 
2216	78 
2217	11 
2218	31 
2219	52 
2220	4 
2221	94 
2222	13 
2223	7 
2224	51 
2225	73 
2226	75 
2227	18 
2228	67 
2229	46 
2230	89 
2231	25 
2232	8 
2233	79 
2234	87 
2235	76 
2236	44 
2237	51 
2238	84 
2239	54 
2240	75 
2241	11 
2242	52 
2243	82 
2244	8 
2245	86 
2246	54 
2247	18 
2248	23 
2249	83 
2250	70 
2251	44 
2252	68 
2253	91 
2254	64 
2255	14 
2256	89 
2257	40 
2258	10 
2259	83 
2260	43 
2261	82 
2262	64 
2263	6 
2264	39 
2265	80 
2266	57 
2267	13 
2268	47 
2269	59 
2270	48 
2271	69 
2272	89 
2273	8 
2274	95 
2275	1 
2276	6 
2277	83 
2278	67 
2279	6 
2280	29 
2281	59 
2282	9 
2283	4 
2284	68 
2285	88 
2286	52 
2287	44 
2288	11 
2289	88 
2290	45 
2291	28 
2292	44 
2293	36 
2294	56 
2295	18 
2296	74 
2297	82 
2298	34 
2299	68 
2300	28 
2301	10 
2302	64 
2303	15 
2304	89 
2305	22 
2306	91 
2307	67 
2308	35 
2309	60 
2310	86 
2311	34 
2312	24 
2313	60 
2314	54 
2315	6 
2316	65 
2317	41 
2318	17 
2319	65 
2320	35 
2321	37 
2322	61 
2323	52 
2324	27 
2325	37 
2326	67 
2327	51 
2328	52 
2329	2 
2330	52 
2331	48 
2332	41 
2333	66 
2334	66 
2335	46 
2336	54 
2337	11 
2338	74 
2339	83 
2340	88 
2341	8 
2342	78 
2343	81 
2344	29 
2345	55 
2346	90 
2347	22 
2348	9 
2349	74 
2350	83 
2351	49 
2352	65 
2353	26 
2354	14 
2355	22 
2356	95 
2357	71 
2358	51 
2359	55 
2360	35 
2361	86 
2362	2 
2363	88 
2364	4 
2365	74 
2366	25 
2367	83 
2368	36 
2369	89 
2370	90 
2371	46 
2372	58 
2373	44 
2374	3 
2375	65 
2376	27 
2377	73 
2378	54 
2379	91 
2380	69 
2381	22 
2382	65 
2383	12 
2384	6 
2385	54 
2386	96 
2387	58 
2388	96 
2389	69 
2390	66 
2391	3 
2392	17 
2393	19 
2394	53 
2395	83 
2396	83 
2397	26 
2398	10 
2399	84 
2400	59 
2401	61 
2402	40 
2403	3 
2404	20 
2405	56 
2406	48 
2407	78 
2408	26 
2409	78 
2410	86 
2411	54 
2412	20 
2413	87 
2414	59 
2415	92 
2416	83 
2417	53 
2418	74 
2419	8 
2420	2 
2421	19 
2422	61 
2423	6 
2424	27 
2425	45 
2426	3 
2427	4 
2428	41 
2429	70 
2430	10 
2431	95 
2432	93 
2433	8 
2434	33 
2435	39 
2436	34 
2437	19 
2438	85 
2439	17 
2440	57 
2441	8 
2442	86 
2443	29 
2444	25 
2445	62 
2446	33 
2447	68 
2448	46 
2449	5 
2450	39 
2451	29 
2452	20 
2453	49 
2454	37 
2455	94 
2456	63 
2457	67 
2458	90 
2459	61 
2460	90 
2461	61 
2462	23 
2463	96 
2464	16 
2465	90 
2466	33 
2467	49 
2468	41 
2469	83 
2470	61 
2471	73 
2472	62 
2473	46 
2474	31 
2475	46 
2476	65 
2477	7 
2478	72 
2479	70 
2480	8 
2481	82 
2482	80 
2483	75 
2484	22 
2485	39 
2486	21 
2487	75 
2488	74 
2489	23 
2490	66 
2491	30 
2492	63 
2493	10 
2494	80 
2495	9 
2496	89 
2497	44 
2498	66 
2499	46 
2500	13 
2501	7 
2502	64 
2503	48 
2504	88 
2505	43 
2506	4 
2507	46 
2508	65 
2509	91 
2510	29 
2511	59 
2512	39 
2513	1 
2514	9 
2515	32 
2516	11 
2517	34 
2518	8 
2519	30 
2520	92 
2521	88 
2522	12 
2523	36 
2524	25 
2525	87 
2526	69 
2527	30 
2528	33 
2529	25 
2530	24 
2531	7 
2532	48 
2533	45 
2534	4 
2535	65 
2536	85 
2537	3 
2538	4 
2539	41 
2540	90 
2541	96 
2542	7 
2543	18 
2544	19 
2545	80 
2546	38 
2547	90 
2548	13 
2549	54 
2550	60 
2551	27 
2552	66 
2553	85 
2554	45 
2555	64 
2556	83 
2557	47 
2558	30 
2559	60 
2560	57 
2561	65 
2562	72 
2563	57 
2564	37 
2565	52 
2566	49 
2567	73 
2568	25 
2569	51 
2570	70 
2571	81 
2572	88 
2573	74 
2574	34 
2575	29 
2576	79 
2577	38 
2578	33 
2579	96 
2580	1 
2581	56 
2582	81 
2583	82 
2584	28 
2585	3 
2586	89 
2587	89 
2588	26 
2589	34 
2590	36 
2591	58 
2592	55 
2593	44 
2594	4 
2595	54 
2596	34 
2597	41 
2598	7 
2599	15 
2600	62 
2601	65 
2602	50 
2603	15 
2604	55 
2605	92 
2606	37 
2607	54 
2608	35 
2609	70 
2610	70 
2611	57 
2612	21 
2613	20 
2614	94 
2615	9 
2616	1 
2617	3 
2618	4 
2619	49 
2620	36 
2621	37 
2622	6 
2623	44 
2624	59 
2625	22 
2626	56 
2627	42 
2628	19 
2629	1 
2630	33 
2631	22 
2632	3 
2633	82 
2634	38 
2635	57 
2636	88 
2637	37 
2638	47 
2639	24 
2640	90 
2641	89 
2642	59 
2643	49 
2644	69 
2645	22 
2646	62 
2647	82 
2648	67 
2649	13 
2650	69 
2651	65 
2652	5 
2653	55 
2654	36 
2655	95 
2656	89 
2657	54 
2658	36 
2659	51 
2660	17 
2661	93 
2662	89 
2663	17 
2664	60 
2665	48 
2666	29 
2667	91 
2668	82 
2669	95 
2670	66 
2671	59 
2672	84 
2673	96 
2674	48 
2675	54 
2676	17 
2677	1 
2678	41 
2679	88 
2680	17 
2681	3 
2682	83 
2683	20 
2684	24 
2685	58 
2686	65 
2687	68 
2688	17 
2689	71 
2690	4 
2691	26 
2692	78 
2693	28 
2694	1 
2695	50 
2696	2 
2697	77 
2698	20 
2699	80 
2700	68 
2701	58 
2702	17 
2703	49 
2704	88 
2705	69 
2706	80 
2707	54 
2708	20 
2709	35 
2710	35 
2711	24 
2712	11 
2713	29 
2714	20 
2715	39 
2716	82 
2717	47 
2718	62 
2719	58 
2720	66 
2721	29 
2722	16 
2723	55 
2724	31 
2725	96 
2726	4 
2727	90 
2728	73 
2729	48 
2730	47 
2731	92 
2732	88 
2733	94 
2734	47 
2735	4 
2736	69 
2737	95 
2738	65 
2739	69 
2740	26 
2741	13 
2742	8 
2743	37 
2744	54 
2745	22 
2746	23 
2747	51 
2748	84 
2749	95 
2750	60 
2751	8 
2752	86 
2753	95 
2754	24 
2755	96 
2756	86 
2757	33 
2758	46 
2759	60 
2760	6 
2761	16 
2762	22 
2763	9 
2764	59 
2765	83 
2766	80 
2767	82 
2768	74 
2769	77 
2770	92 
2771	39 
2772	27 
2773	72 
2774	88 
2775	70 
2776	88 
2777	19 
2778	8 
2779	35 
2780	58 
2781	12 
2782	37 
2783	40 
2784	14 
2785	24 
2786	52 
2787	83 
2788	22 
2789	49 
2790	90 
2791	91 
2792	82 
2793	45 
2794	17 
2795	7 
2796	38 
2797	83 
2798	3 
2799	31 
2800	4 
2801	69 
2802	90 
2803	72 
2804	42 
2805	66 
2806	59 
2807	95 
2808	55 
2809	44 
2810	77 
2811	92 
2812	94 
2813	6 
2814	26 
2815	21 
2816	67 
2817	66 
2818	19 
2819	63 
2820	61 
2821	10 
2822	35 
2823	27 
2824	88 
2825	51 
2826	25 
2827	60 
2828	55 
2829	8 
2830	70 
2831	35 
2832	57 
2833	57 
2834	27 
2835	51 
2836	16 
2837	46 
2838	52 
2839	88 
2840	83 
2841	90 
2842	68 
2843	18 
2844	91 
2845	3 
2846	70 
2847	69 
2848	14 
2849	52 
2850	85 
2851	1 
2852	29 
2853	20 
2854	64 
2855	69 
2856	93 
2857	89 
2858	73 
2859	10 
2860	95 
2861	61 
2862	43 
2863	1 
2864	52 
2865	79 
2866	82 
2867	60 
2868	90 
2869	31 
2870	23 
2871	22 
2872	88 
2873	55 
2874	8 
2875	58 
2876	78 
2877	95 
2878	89 
2879	1 
2880	12 
2881	13 
2882	78 
2883	23 
2884	1 
2885	89 
2886	25 
2887	26 
2888	74 
2889	32 
2890	96 
2891	49 
2892	78 
2893	44 
2894	89 
2895	78 
2896	26 
2897	81 
2898	29 
2899	38 
2900	68 
2901	75 
2902	54 
2903	61 
2904	30 
2905	94 
2906	38 
2907	91 
2908	61 
2909	61 
2910	81 
2911	41 
2912	64 
2913	82 
2914	22 
2915	10 
2916	94 
2917	17 
2918	63 
2919	91 
2920	31 
2921	16 
2922	8 
2923	77 
2924	95 
2925	55 
2926	49 
2927	5 
2928	70 
2929	46 
2930	20 
2931	90 
2932	13 
2933	63 
2934	13 
2935	92 
2936	42 
2937	42 
2938	36 
2939	37 
2940	26 
2941	68 
2942	61 
2943	3 
2944	10 
2945	90 
2946	81 
2947	3 
2948	81 
2949	26 
2950	8 
2951	30 
2952	48 
2953	1 
2954	58 
2955	16 
2956	58 
2957	52 
2958	19 
2959	65 
2960	95 
2961	40 
2962	93 
2963	15 
2964	5 
2965	32 
2966	6 
2967	55 
2968	18 
2969	59 
2970	4 
2971	40 
2972	89 
2973	23 
2974	49 
2975	88 
2976	91 
2977	32 
2978	81 
2979	33 
2980	9 
2981	39 
2982	91 
2983	68 
2984	96 
2985	16 
2986	80 
2987	3 
2988	69 
2989	53 
2990	4 
2991	47 
2992	59 
2993	49 
2994	24 
2995	89 
2996	10 
2997	49 
2998	15 
2999	88 
3000	52 
3001	83 
3002	26 
3003	17 
3004	21 
3005	64 
3006	69 
3007	20 
3008	49 
3009	31 
3010	49 
3011	82 
3012	10 
3013	83 
3014	4 
3015	15 
3016	46 
3017	68 
3018	61 
3019	88 
3020	60 
3021	88 
3022	96 
3023	84 
3024	78 
3025	95 
3026	87 
3027	57 
3028	43 
3029	85 
3030	18 
3031	78 
3032	75 
3033	19 
3034	57 
3035	51 
3036	96 
3037	24 
3038	78 
3039	14 
3040	45 
3041	94 
3042	68 
3043	52 
3044	15 
3045	88 
3046	8 
3047	57 
3048	94 
3049	89 
3050	44 
3051	10 
3052	5 
3053	1 
3054	74 
3055	1 
3056	37 
3057	8 
3058	68 
3059	23 
3060	46 
3061	10 
3062	8 
3063	94 
3064	65 
3065	44 
3066	19 
3067	63 
3068	55 
3069	61 
3070	37 
3071	89 
3072	18 
3073	65 
3074	89 
3075	4 
3076	63 
3077	81 
3078	54 
3079	8 
3080	30 
3081	23 
3082	61 
3083	95 
3084	29 
3085	68 
3086	7 
3087	74 
3088	17 
3089	21 
3090	53 
3091	20 
3092	85 
3093	31 
3094	64 
3095	14 
3096	12 
3097	57 
3098	20 
3099	81 
3100	53 
3101	8 
3102	51 
3103	89 
3104	73 
3105	55 
3106	90 
3107	63 
3108	51 
3109	47 
3110	17 
3111	2 
3112	54 
3113	19 
3114	88 
3115	26 
3116	16 
3117	22 
3118	74 
3119	18 
3120	54 
3121	85 
3122	1 
3123	5 
3124	60 
3125	71 
3126	1 
3127	54 
3128	47 
3129	1 
3130	52 
3131	37 
3132	65 
3133	58 
3134	92 
3135	24 
3136	16 
3137	61 
3138	57 
3139	49 
3140	41 
3141	89 
3142	74 
3143	28 
3144	6 
3145	82 
3146	52 
3147	16 
3148	26 
3149	26 
3150	72 
3151	69 
3152	20 
3153	11 
3154	90 
3155	62 
3156	60 
3157	46 
3158	64 
3159	25 
3160	20 
3161	38 
3162	77 
3163	66 
3164	86 
3165	48 
3166	36 
3167	90 
3168	33 
3169	81 
3170	69 
3171	82 
3172	50 
3173	30 
3174	16 
3175	72 
3176	95 
3177	81 
3178	74 
3179	72 
3180	95 
3181	58 
3182	34 
3183	36 
3184	8 
3185	22 
3186	33 
3187	6 
3188	49 
3189	31 
3190	69 
3191	59 
3192	53 
3193	69 
3194	9 
3195	65 
3196	25 
3197	26 
3198	92 
3199	22 
3200	78 
3201	17 
3202	64 
3203	58 
3204	74 
3205	16 
3206	40 
3207	94 
3208	90 
3209	44 
3210	96 
3211	66 
3212	67 
3213	87 
3214	23 
3215	17 
3216	44 
3217	48 
3218	36 
3219	69 
3220	90 
3221	23 
3222	28 
3223	81 
3224	88 
3225	18 
3226	61 
3227	44 
3228	42 
3229	49 
3230	69 
3231	14 
3232	91 
3233	40 
3234	29 
3235	43 
3236	59 
3237	16 
3238	13 
3239	36 
3240	61 
3241	37 
3242	94 
3243	55 
3244	29 
3245	48 
3246	55 
3247	64 
3248	90 
3249	64 
3250	49 
3251	16 
3252	20 
3253	8 
3254	54 
3255	69 
3256	52 
3257	36 
3258	14 
3259	58 
3260	82 
3261	8 
3262	43 
3263	44 
3264	64 
3265	49 
3266	72 
3267	86 
3268	26 
3269	26 
3270	24 
3271	88 
3272	31 
3273	23 
3274	33 
3275	67 
3276	40 
3277	58 
3278	49 
3279	6 
3280	36 
3281	56 
3282	13 
3283	83 
3284	88 
3285	67 
3286	69 
3287	44 
3288	82 
3289	65 
3290	44 
3291	49 
3292	66 
3293	69 
3294	44 
3295	81 
3296	77 
3297	11 
3298	16 
3299	71 
3300	24 
3301	34 
3302	66 
3303	23 
3304	73 
3305	96 
3306	10 
3307	55 
3308	74 
3309	6 
3310	57 
3311	72 
3312	81 
3313	68 
3314	13 
3315	92 
3316	74 
3317	16 
3318	5 
3319	50 
3320	69 
3321	22 
3322	9 
3323	70 
3324	13 
3325	88 
3326	12 
3327	81 
3328	55 
3329	29 
3330	26 
3331	70 
3332	73 
3333	8 
3334	33 
3335	29 
3336	54 
3337	57 
3338	31 
3339	10 
3340	46 
3341	73 
3342	62 
3343	68 
3344	86 
3345	52 
3346	62 
3347	49 
3348	95 
3349	44 
3350	48 
3351	40 
3352	82 
3353	90 
3354	71 
3355	23 
3356	20 
3357	5 
3358	58 
3359	57 
3360	24 
3361	26 
3362	88 
3363	95 
3364	90 
3365	25 
3366	25 
3367	95 
3368	51 
3369	65 
3370	3 
3371	11 
3372	87 
3373	67 
3374	25 
3375	71 
3376	24 
3377	48 
3378	18 
3379	64 
3380	10 
3381	3 
3382	29 
3383	10 
3384	58 
3385	1 
3386	62 
3387	7 
3388	65 
3389	27 
3390	90 
3391	76 
3392	18 
3393	86 
3394	73 
3395	27 
3396	73 
3397	69 
3398	36 
3399	78 
3400	52 
3401	37 
3402	38 
3403	94 
3404	95 
3405	12 
3406	72 
3407	81 
3408	88 
3409	36 
3410	52 
3411	20 
3412	65 
3413	11 
3414	95 
3415	45 
3416	82 
3417	66 
3418	75 
3419	74 
3420	51 
3421	57 
3422	57 
3423	42 
3424	90 
3425	72 
3426	83 
3427	24 
3428	65 
3429	52 
3430	38 
3431	21 
3432	67 
3433	16 
3434	89 
3435	89 
3436	74 
3437	93 
3438	64 
3439	90 
3440	84 
3441	54 
3442	17 
3443	88 
3444	9 
3445	60 
3446	56 
3447	1 
3448	74 
3449	67 
3450	46 
3451	44 
3452	2 
3453	3 
3454	40 
3455	31 
3456	78 
3457	29 
3458	37 
3459	65 
3460	52 
3461	15 
3462	47 
3463	18 
3464	22 
3465	43 
3466	46 
3467	42 
3468	29 
3469	38 
3470	81 
3471	94 
3472	13 
3473	36 
3474	41 
3475	70 
3476	53 
3477	42 
3478	28 
3479	78 
3480	49 
3481	49 
3482	51 
3483	83 
3484	44 
3485	38 
3486	90 
3487	32 
3488	70 
3489	1 
3490	42 
3491	83 
3492	94 
3493	81 
3494	43 
3495	76 
3496	88 
3497	55 
3498	91 
3499	7 
3500	33 
3501	29 
3502	88 
3503	24 
3504	93 
3505	82 
3506	23 
3507	40 
3508	54 
3509	27 
3510	58 
3511	5 
3512	7 
3513	42 
3514	73 
3515	64 
3516	8 
3517	89 
3518	37 
3519	93 
3520	82 
3521	76 
3522	95 
3523	36 
3524	20 
3525	7 
3526	58 
3527	28 
3528	91 
3529	65 
3530	13 
3531	58 
3532	29 
3533	65 
3534	68 
3535	27 
3536	59 
3537	16 
3538	76 
3539	28 
3540	74 
3541	73 
3542	3 
3543	96 
3544	13 
3545	48 
3546	61 
3547	89 
3548	35 
3549	57 
3550	22 
3551	46 
3552	52 
3553	68 
3554	41 
3555	13 
3556	95 
3557	88 
3558	80 
3559	91 
3560	8 
3561	8 
3562	52 
3563	88 
3564	27 
3565	24 
3566	15 
3567	47 
3568	60 
3569	22 
3570	89 
3571	91 
3572	82 
3573	96 
3574	45 
3575	67 
3576	89 
3577	66 
3578	64 
3579	85 
3580	25 
3581	89 
3582	26 
3583	80 
3584	64 
3585	25 
3586	12 
3587	74 
3588	2 
3589	29 
3590	27 
3591	40 
3592	95 
3593	61 
3594	27 
3595	6 
3596	8 
3597	49 
3598	61 
3599	8 
3600	23 
3601	75 
3602	29 
3603	13 
3604	33 
3605	48 
3606	49 
3607	93 
3608	35 
3609	17 
3610	61 
3611	67 
3612	68 
3613	17 
3614	63 
3615	18 
3616	24 
3617	56 
3618	34 
3619	44 
3620	29 
3621	40 
3622	89 
3623	48 
3624	69 
3625	68 
3626	66 
3627	87 
3628	55 
3629	36 
3630	61 
3631	2 
3632	54 
3633	61 
3634	74 
3635	32 
3636	49 
3637	83 
3638	49 
3639	46 
3640	24 
3641	56 
3642	69 
3643	61 
3644	57 
3645	23 
3646	73 
3647	28 
3648	15 
3649	5 
3650	57 
3651	74 
3652	59 
3653	39 
3654	1 
3655	49 
3656	1 
3657	52 
3658	59 
3659	11 
3660	81 
3661	47 
3662	55 
3663	10 
3664	11 
3665	26 
3666	73 
3667	29 
3668	20 
3669	54 
3670	93 
3671	25 
3672	23 
3673	62 
3674	6 
3675	44 
3676	69 
3677	91 
3678	38 
3679	13 
3680	1 
3681	57 
3682	95 
3683	54 
3684	27 
3685	12 
3686	95 
3687	40 
3688	81 
3689	13 
3690	31 
3691	56 
3692	93 
3693	45 
3694	68 
3695	20 
3696	70 
3697	89 
3698	65 
3699	19 
3700	38 
3701	40 
3702	46 
3703	29 
3704	26 
3705	14 
3706	48 
3707	36 
3708	50 
3709	65 
3710	69 
3711	8 
3712	34 
3713	30 
3714	88 
3715	2 
3716	61 
3717	70 
3718	15 
3719	17 
3720	66 
3721	9 
3722	68 
3723	12 
3724	60 
3725	18 
3726	29 
3727	31 
3728	25 
3729	52 
3730	65 
3731	89 
3732	1 
3733	15 
3734	9 
3735	47 
3736	13 
3737	78 
3738	44 
3739	48 
3740	28 
3741	77 
3742	25 
3743	89 
3744	2 
3745	47 
3746	89 
3747	88 
3748	26 
3749	27 
3750	33 
3751	80 
3752	8 
3753	33 
3754	87 
3755	11 
3756	75 
3757	16 
3758	22 
3759	54 
3760	38 
3761	81 
3762	78 
3763	33 
3764	2 
3765	74 
3766	84 
3767	93 
3768	45 
3769	22 
3770	58 
3771	19 
3772	60 
3773	64 
3774	82 
3775	93 
3776	3 
3777	26 
3778	47 
3779	1 
3780	7 
3781	29 
3782	52 
3783	78 
3784	43 
3785	90 
3786	6 
3787	49 
3788	17 
3789	57 
3790	60 
3791	14 
3792	70 
3793	74 
3794	70 
3795	29 
3796	17 
3797	79 
3798	53 
3799	22 
3800	64 
3801	3 
3802	12 
3803	81 
3804	62 
3805	72 
3806	77 
3807	59 
3808	94 
3809	67 
3810	23 
3811	20 
3812	65 
3813	35 
3814	15 
3815	19 
3816	92 
3817	66 
3818	52 
3819	7 
3820	67 
3821	37 
3822	81 
3823	20 
3824	13 
3825	2 
3826	58 
3827	32 
3828	24 
3829	40 
3830	50 
3831	25 
3832	5 
3833	18 
3834	74 
3835	66 
3836	89 
3837	50 
3838	37 
3839	58 
3840	75 
3841	58 
3842	19 
3843	95 
3844	37 
3845	22 
3846	58 
3847	88 
3848	79 
3849	67 
3850	22 
3851	61 
3852	74 
3853	63 
3854	80 
3855	54 
3856	48 
3857	54 
3858	36 
3859	88 
3860	48 
3861	48 
3862	43 
3863	38 
3864	69 
3865	22 
3866	64 
3867	25 
3868	7 
3869	43 
3870	31 
3871	49 
3872	41 
3873	61 
3874	58 
3875	13 
3876	7 
3877	68 
3878	66 
3879	53 
3880	20 
3881	20 
3882	3 
3883	49 
3884	38 
3885	1 
3886	80 
3887	18 
3888	17 
3889	6 
3890	9 
3891	18 
3892	20 
3893	48 
3894	82 
3895	68 
3896	70 
3897	26 
3898	88 
3899	44 
3900	54 
3901	77 
3902	96 
3903	76 
3904	6 
3905	90 
3906	38 
3907	89 
3908	36 
3909	72 
3910	14 
3911	36 
3912	89 
3913	4 
3914	19 
3915	37 
3916	63 
3917	72 
3918	44 
3919	83 
3920	9 
3921	57 
3922	27 
3923	41 
3924	16 
3925	41 
3926	3 
3927	49 
3928	54 
3929	13 
3930	49 
3931	58 
3932	65 
3933	73 
3934	55 
3935	5 
3936	65 
3937	67 
3938	22 
3939	95 
3940	71 
3941	1 
3942	57 
3943	52 
3944	43 
3945	71 
3946	68 
3947	56 
3948	88 
3949	8 
3950	27 
3951	78 
3952	56 
3953	26 
3954	91 
3955	10 
3956	4 
3957	37 
3958	68 
3959	51 
3960	19 
3961	13 
3962	30 
3963	8 
3964	81 
3965	49 
3966	5 
3967	18 
3968	68 
3969	11 
3970	23 
3971	83 
3972	32 
3973	74 
3974	31 
3975	27 
3976	33 
3977	56 
3978	83 
3979	85 
3980	41 
3981	35 
3982	31 
3983	52 
3984	91 
3985	40 
3986	21 
3987	55 
3988	53 
3989	67 
3990	22 
3991	40 
3992	7 
3993	1 
3994	13 
3995	69 
3996	30 
3997	2 
3998	45 
3999	37 
4000	31 
4001	35 
4002	55 
4003	8 
4004	77 
4005	60 
4006	24 
4007	47 
4008	78 
4009	16 
4010	33 
4011	7 
4012	17 
4013	62 
4014	28 
4015	58 
4016	42 
4017	64 
4018	18 
4019	83 
4020	67 
4021	73 
4022	59 
4023	88 
4024	21 
4025	74 
4026	49 
4027	22 
4028	55 
4029	41 
4030	22 
4031	55 
4032	57 
4033	46 
4034	69 
4035	44 
4036	72 
4037	41 
4038	20 
4039	66 
4040	37 
4041	94 
4042	10 
4043	8 
4044	26 
4045	28 
4046	22 
4047	90 
4048	66 
4049	88 
4050	76 
4051	56 
4052	10 
4053	69 
4054	11 
4055	20 
4056	82 
4057	61 
4058	8 
4059	91 
4060	38 
4061	58 
4062	22 
4063	89 
4064	12 
4065	39 
4066	65 
4067	68 
4068	27 
4069	36 
4070	53 
4071	5 
4072	10 
4073	23 
4074	95 
4075	91 
4076	1 
4077	74 
4078	49 
4079	46 
4080	92 
4081	42 
4082	8 
4083	16 
4084	82 
4085	84 
4086	83 
4087	83 
4088	50 
4089	46 
4090	45 
4091	34 
4092	68 
4093	80 
4094	68 
4095	25 
4096	8 
4097	12 
4098	52 
4099	70 
4100	18 
4101	1 
4102	22 
4103	78 
4104	85 
4105	2 
4106	54 
4107	42 
4108	66 
4109	4 
4110	75 
4111	56 
4112	20 
4113	4 
4114	37 
4115	29 
4116	61 
4117	33 
4118	13 
4119	94 
4120	36 
4121	17 
4122	24 
4123	13 
4124	3 
4125	4 
4126	96 
4127	55 
4128	64 
4129	66 
4130	48 
4131	3 
4132	31 
4133	7 
4134	24 
4135	3 
4136	60 
4137	72 
4138	78 
4139	59 
4140	22 
4141	89 
4142	93 
4143	28 
4144	76 
4145	1 
4146	37 
4147	46 
4148	59 
4149	67 
4150	94 
4151	90 
4152	6 
4153	43 
4154	13 
4155	74 
4156	83 
4157	28 
4158	19 
4159	44 
4160	66 
4161	81 
4162	12 
4163	44 
4164	82 
4165	88 
4166	33 
4167	27 
4168	37 
4169	89 
4170	62 
4171	1 
4172	37 
4173	65 
4174	8 
4175	50 
4176	91 
4177	10 
4178	5 
4179	90 
4180	85 
4181	56 
4182	24 
4183	66 
4184	60 
4185	68 
4186	20 
4187	28 
4188	64 
4189	36 
4190	23 
4191	22 
4192	37 
4193	82 
4194	3 
4195	69 
4196	16 
4197	66 
4198	56 
4199	27 
4200	89 
4201	9 
4202	29 
4203	30 
4204	94 
4205	41 
4206	37 
4207	84 
4208	91 
4209	77 
4210	58 
4211	63 
4212	60 
4213	8 
4214	35 
4215	55 
4216	15 
4217	59 
4218	54 
4219	90 
4220	67 
4221	22 
4222	58 
4223	96 
4224	58 
4225	20 
4226	1 
4227	67 
4228	74 
4229	9 
4230	43 
4231	41 
4232	83 
4233	23 
4234	88 
4235	74 
4236	14 
4237	90 
4238	77 
4239	44 
4240	39 
4241	43 
4242	69 
4243	65 
4244	57 
4245	27 
4246	43 
4247	41 
4248	78 
4249	3 
4250	80 
4251	85 
4252	25 
4253	85 
4254	83 
4255	17 
4256	24 
4257	27 
4258	73 
4259	52 
4260	89 
4261	18 
4262	20 
4263	47 
4264	24 
4265	66 
4266	58 
4267	26 
4268	22 
4269	47 
4270	68 
4271	14 
4272	77 
4273	10 
4274	8 
4275	13 
4276	58 
4277	89 
4278	53 
4279	57 
4280	18 
4281	89 
4282	5 
4283	32 
4284	28 
4285	4 
4286	62 
4287	55 
4288	18 
4289	82 
4290	37 
4291	64 
4292	52 
4293	7 
4294	76 
4295	11 
4296	20 
4297	57 
4298	17 
4299	29 
4300	24 
4301	21 
4302	18 
4303	44 
4304	88 
4305	64 
4306	48 
4307	94 
4308	55 
4309	29 
4310	69 
4311	64 
4312	87 
4313	2 
4314	73 
4315	63 
4316	36 
4317	74 
4318	49 
4319	40 
4320	39 
4321	68 
4322	69 
4323	38 
4324	87 
4325	67 
4326	89 
4327	52 
4328	1 
4329	46 
4330	60 
4331	29 
4332	92 
4333	65 
4334	52 
4335	81 
4336	41 
4337	25 
4338	94 
4339	13 
4340	52 
4341	8 
4342	76 
4343	36 
4344	61 
4345	89 
4346	61 
4347	56 
4348	35 
4349	51 
4350	57 
4351	5 
4352	72 
4353	4 
4354	22 
4355	85 
4356	7 
4357	26 
4358	58 
4359	81 
4360	74 
4361	54 
4362	89 
4363	5 
4364	31 
4365	40 
4366	23 
4367	65 
4368	16 
4369	80 
4370	85 
4371	73 
4372	17 
4373	42 
4374	6 
4375	10 
4376	81 
4377	8 
4378	27 
4379	48 
4380	40 
4381	8 
4382	37 
4383	62 
4384	37 
4385	20 
4386	19 
4387	61 
4388	16 
4389	90 
4390	67 
4391	82 
4392	72 
4393	93 
4394	1 
4395	64 
4396	41 
4397	83 
4398	76 
4399	24 
4400	1 
4401	44 
4402	82 
4403	8 
4404	20 
4405	24 
4406	77 
4407	61 
4408	60 
4409	10 
4410	49 
4411	23 
4412	17 
4413	1 
4414	37 
4415	27 
4416	54 
4417	52 
4418	54 
4419	55 
4420	56 
4421	37 
4422	26 
4423	82 
4424	82 
4425	95 
4426	49 
4427	33 
4428	36 
4429	5 
4430	16 
4431	55 
4432	28 
4433	65 
4434	45 
4435	37 
4436	10 
4437	92 
4438	26 
4439	33 
4440	88 
4441	74 
4442	20 
4443	3 
4444	39 
4445	68 
4446	67 
4447	7 
4448	8 
4449	82 
4450	26 
4451	16 
4452	83 
4453	81 
4454	64 
4455	1 
4456	54 
4457	72 
4458	1 
4459	60 
4460	70 
4461	52 
4462	47 
4463	27 
4464	19 
4465	41 
4466	44 
4467	55 
4468	11 
4469	94 
4470	94 
4471	4 
4472	17 
4473	16 
4474	36 
4475	37 
4476	83 
4477	96 
4478	83 
4479	16 
4480	82 
4481	72 
4482	22 
4483	29 
4484	2 
4485	58 
4486	23 
4487	28 
4488	29 
4489	5 
4490	72 
4491	23 
4492	7 
4493	59 
4494	64 
4495	27 
4496	35 
4497	20 
4498	49 
4499	69 
4500	22 
4501	66 
4502	17 
4503	89 
4504	95 
4505	13 
4506	49 
4507	31 
4508	46 
4509	96 
4510	53 
4511	3 
4512	5 
4513	4 
4514	73 
4515	85 
4516	48 
4517	90 
4518	58 
4519	27 
4520	6 
4521	55 
4522	69 
4523	88 
4524	13 
4525	95 
4526	31 
4527	25 
4528	7 
4529	46 
4530	58 
4531	10 
4532	2 
4533	5 
4534	37 
4535	69 
4536	78 
4537	55 
4538	10 
4539	64 
4540	85 
4541	41 
4542	36 
4543	83 
4544	49 
4545	83 
4546	36 
4547	65 
4548	4 
4549	95 
4550	37 
4551	19 
4552	90 
4553	44 
4554	46 
4555	41 
4556	82 
4557	51 
4558	68 
4559	94 
4560	37 
4561	8 
4562	67 
4563	65 
4564	29 
4565	7 
4566	66 
4567	16 
4568	69 
4569	74 
4570	85 
4571	39 
4572	37 
4573	61 
4574	44 
4575	31 
4576	13 
4577	52 
4578	57 
4579	76 
4580	23 
4581	31 
4582	10 
4583	47 
4584	8 
4585	27 
4586	68 
4587	19 
4588	23 
4589	74 
4590	8 
4591	89 
4592	24 
4593	69 
4594	45 
4595	65 
4596	23 
4597	49 
4598	25 
4599	54 
4600	45 
4601	95 
4602	66 
4603	82 
4604	48 
4605	26 
4606	23 
4607	94 
4608	27 
4609	18 
4610	55 
4611	27 
4612	83 
4613	29 
4614	24 
4615	19 
4616	10 
4617	90 
4618	19 
4619	76 
4620	4 
4621	45 
4622	45 
4623	78 
4624	26 
4625	54 
4626	5 
4627	64 
4628	18 
4629	5 
4630	11 
4631	81 
4632	49 
4633	90 
4634	3 
4635	19 
4636	40 
4637	69 
4638	1 
4639	91 
4640	44 
4641	95 
4642	54 
4643	3 
4644	57 
4645	55 
4646	36 
4647	41 
4648	73 
4649	25 
4650	54 
4651	65 
4652	20 
4653	91 
4654	83 
4655	82 
4656	81 
4657	25 
4658	18 
4659	74 
4660	8 
4661	13 
4662	37 
4663	49 
4664	16 
4665	17 
4666	64 
4667	47 
4668	83 
4669	89 
4670	69 
4671	59 
4672	40 
4673	89 
4674	96 
4675	3 
4676	10 
4677	91 
4678	41 
4679	48 
4680	46 
4681	89 
4682	1 
4683	64 
4684	24 
4685	96 
4686	52 
4687	88 
4688	1 
4689	17 
4690	57 
4691	5 
4692	37 
4693	26 
4694	48 
4695	95 
4696	16 
4697	73 
4698	67 
4699	54 
4700	66 
4701	81 
4702	81 
4703	16 
4704	73 
4705	64 
4706	60 
4707	3 
4708	59 
4709	49 
4710	3 
4711	94 
4712	41 
4713	13 
4714	7 
4715	67 
4716	78 
4717	95 
4718	16 
4719	44 
4720	69 
4721	90 
4722	66 
4723	29 
4724	59 
4725	61 
4726	55 
4727	8 
4728	82 
4729	88 
4730	29 
4731	94 
4732	4 
4733	94 
4734	10 
4735	54 
4736	65 
4737	25 
4738	83 
4739	20 
4740	66 
4741	29 
4742	13 
4743	55 
4744	64 
4745	89 
4746	41 
4747	8 
4748	74 
4749	37 
4750	41 
4751	64 
4752	13 
4753	24 
4754	4 
4755	16 
4756	7 
4757	16 
4758	90 
4759	46 
4760	68 
4761	59 
4762	44 
4763	66 
4764	83 
4765	7 
4766	95 
4767	10 
4768	67 
4769	29 
4770	74 
4771	94 
4772	82 
4773	18 
4774	60 
4775	65 
4776	73 
4777	41 
4778	55 
4779	69 
4780	94 
4781	27 
4782	46 
4783	82 
4784	59 
4785	46 
4786	83 
4787	20 
4788	1 
4789	44 
4790	58 
4791	82 
4792	44 
4793	61 
4794	18 
4795	25 
4796	1 
4797	81 
4798	7 
4799	83 
4800	60 
4801	69 
4802	1 
4803	88 
4804	48 
4805	64 
4806	65 
4807	81 
4808	23 
4809	36 
4810	48 
4811	29 
4812	23 
4813	36 
4814	64 
4815	37 
4816	49 
4817	55 
4818	36 
4819	95 
4820	74 
4821	48 
4822	37 
4823	55 
4824	52 
4825	20 
4826	83 
4827	1 
4828	64 
4829	69 
4830	46 
4831	68 
4832	49 
4833	48 
4834	20 
4835	24 
4836	41 
4837	46 
4838	95 
4839	60 
4840	88 
4841	69 
4842	69 
4843	37 
4844	20 
4845	49 
4846	52 
4847	46 
4848	69 
4849	65 
4850	23 
4851	90 
4852	95 
4853	58 
4854	52 
4855	48 
4856	88 
4857	54 
4858	55 
4859	36 
4860	74 
4861	64 
4862	48 
4863	64 
4864	88 
4865	8 
4866	66 
4867	55 
4868	69 
4869	57 
4870	49 
4871	10 
4872	81 
4873	61 
4874	82 
4875	58 
4876	46 
4877	29 
4878	52 
4879	54 
4880	26 
4881	23 
4882	64 
4883	66 
4884	89 
4885	48 
4886	46 
4887	18 
4888	36 
4889	66 
4890	82 
4891	1 
4892	37 
4893	18 
4894	55 
4895	46 
4896	26 
4897	69 
4898	49 
4899	89 
4900	13 
4901	81 
4902	46 
4903	54 
4904	52 
4905	1 
4906	90 
4907	66 
4908	64 
4909	49 
4910	54 
4911	95 
4912	44 
4913	54 
4914	52 
4915	66 
4916	10 
4917	65 
4918	67 
4919	48 
4920	13 
4921	89 
4922	55 
4923	64 
4924	37 
4925	88 
4926	54 
4927	64 
4928	90 
4929	74 
4930	88 
4931	90 
4932	29 
4933	52 
4934	49 
4935	24 
4936	26 
4937	10 
4938	82 
4939	52 
4940	46 
4941	36 
4942	55 
4943	74 
4944	22 
4945	58 
4946	10 
4947	55 
4948	23 
4949	10 
4950	74 
4951	57 
4952	57 
4953	69 
4954	44 
4955	82 
4956	58 
4957	49 
4958	95 
4959	90 
4960	29 
4961	20 
4962	44 
4963	55 
4964	24 
4965	52 
4966	58 
4967	3 
4968	3 
4969	61 
4970	95 
4971	83 
4972	88 
4973	46 
4974	36 
4975	26 
4976	88 
4977	57 
4978	26 
4979	95 
4980	22 
4981	88 
4982	64 
4983	8 
4984	52 
4985	61 
4986	24 
4987	36 
4988	52 
4989	13 
4990	83 
4991	52 
4992	90 
4993	65 
4994	89 
4995	82 
4996	83 
4997	58 
4998	52 
4999	58 
5000	29 
