1	5 
2	28 
3	23 
4	34 
5	18 
6	73 
7	4 
8	65 
9	24 
10	59 
11	28 
12	44 
13	62 
14	51 
15	47 
16	15 
17	47 
18	95 
19	51 
20	53 
21	59 
22	14 
23	11 
24	51 
25	7 
26	93 
27	67 
28	45 
29	65 
30	52 
31	79 
32	61 
33	53 
34	86 
35	13 
36	71 
37	87 
38	75 
39	71 
40	77 
41	85 
42	29 
43	7 
44	15 
45	8 
46	52 
47	92 
48	39 
49	17 
50	13 
51	52 
52	67 
53	65 
54	25 
55	60 
56	93 
57	47 
58	63 
59	6 
60	88 
61	55 
62	84 
63	26 
64	53 
65	46 
66	84 
67	74 
68	85 
69	60 
70	52 
71	66 
72	13 
73	32 
74	28 
75	13 
76	87 
77	67 
78	33 
79	34 
80	6 
81	40 
82	17 
83	26 
84	47 
85	66 
86	18 
87	2 
88	38 
89	55 
90	65 
91	36 
92	76 
93	61 
94	17 
95	64 
96	47 
97	68 
98	34 
99	29 
100	66 
101	87 
102	6 
103	28 
104	47 
105	67 
106	86 
107	64 
108	24 
109	38 
110	3 
111	14 
112	46 
113	37 
114	1 
115	86 
116	63 
117	56 
118	51 
119	38 
120	57 
121	41 
122	61 
123	58 
124	8 
125	64 
126	87 
127	64 
128	58 
129	7 
130	43 
131	52 
132	59 
133	28 
134	49 
135	37 
136	24 
137	60 
138	26 
139	20 
140	9 
141	78 
142	13 
143	3 
144	52 
145	13 
146	54 
147	8 
148	46 
149	12 
150	92 
151	45 
152	65 
153	93 
154	58 
155	79 
156	66 
157	9 
158	14 
159	73 
160	15 
161	80 
162	13 
163	37 
164	92 
165	21 
166	63 
167	79 
168	86 
169	17 
170	85 
171	59 
172	20 
173	5 
174	94 
175	85 
176	72 
177	84 
178	6 
179	58 
180	14 
181	66 
182	94 
183	7 
184	26 
185	38 
186	3 
187	65 
188	50 
189	82 
190	6 
191	39 
192	30 
193	50 
194	12 
195	16 
196	93 
197	44 
198	18 
199	28 
200	50 
201	52 
202	33 
203	3 
204	49 
205	34 
206	28 
207	73 
208	77 
209	10 
210	11 
211	50 
212	39 
213	11 
214	92 
215	79 
216	33 
217	43 
218	67 
219	90 
220	81 
221	45 
222	73 
223	18 
224	25 
225	52 
226	52 
227	3 
228	10 
229	64 
230	64 
231	52 
232	13 
233	58 
234	17 
235	35 
236	56 
237	77 
238	3 
239	65 
240	34 
241	29 
242	76 
243	28 
244	66 
245	33 
246	90 
247	18 
248	20 
249	80 
250	52 
251	61 
252	14 
253	91 
254	90 
255	9 
256	87 
257	67 
258	70 
259	81 
260	7 
261	90 
262	62 
263	13 
264	86 
265	57 
266	59 
267	65 
268	62 
269	7 
270	39 
271	49 
272	47 
273	50 
274	14 
275	80 
276	76 
277	8 
278	4 
279	29 
280	52 
281	58 
282	21 
283	21 
284	84 
285	52 
286	84 
287	58 
288	46 
289	32 
290	54 
291	67 
292	9 
293	35 
294	43 
295	24 
296	57 
297	95 
298	82 
299	84 
300	2 
301	82 
302	70 
303	81 
304	43 
305	46 
306	70 
307	4 
308	43 
309	84 
310	39 
311	92 
312	3 
313	88 
314	10 
315	26 
316	60 
317	61 
318	91 
319	17 
320	32 
321	92 
322	54 
323	78 
324	5 
325	84 
326	95 
327	33 
328	54 
329	47 
330	55 
331	82 
332	95 
333	93 
334	6 
335	95 
336	12 
337	81 
338	74 
339	14 
340	5 
341	94 
342	47 
343	29 
344	12 
345	44 
346	66 
347	65 
348	20 
349	6 
350	43 
351	55 
352	42 
353	68 
354	51 
355	43 
356	53 
357	56 
358	38 
359	48 
360	41 
361	62 
362	11 
363	87 
364	47 
365	85 
366	38 
367	25 
368	67 
369	92 
370	27 
371	3 
372	3 
373	36 
374	47 
375	86 
376	72 
377	85 
378	85 
379	55 
380	5 
381	7 
382	2 
383	86 
384	13 
385	42 
386	65 
387	51 
388	44 
389	62 
390	24 
391	56 
392	52 
393	86 
394	49 
395	87 
396	30 
397	48 
398	19 
399	12 
400	44 
401	26 
402	81 
403	58 
404	58 
405	50 
406	70 
407	40 
408	69 
409	93 
410	95 
411	62 
412	90 
413	87 
414	74 
415	45 
416	73 
417	80 
418	46 
419	58 
420	34 
421	34 
422	93 
423	44 
424	6 
425	52 
426	47 
427	36 
428	81 
429	93 
430	40 
431	72 
432	43 
433	92 
434	52 
435	3 
436	23 
437	94 
438	7 
439	43 
440	85 
441	50 
442	47 
443	48 
444	2 
445	89 
446	16 
447	73 
448	9 
449	58 
450	43 
451	73 
452	2 
453	67 
454	29 
455	54 
456	3 
457	36 
458	74 
459	6 
460	16 
461	67 
462	12 
463	45 
464	34 
465	87 
466	80 
467	82 
468	65 
469	60 
470	54 
471	5 
472	28 
473	71 
474	17 
475	89 
476	60 
477	12 
478	59 
479	61 
480	13 
481	67 
482	6 
483	22 
484	60 
485	65 
486	81 
487	13 
488	27 
489	93 
490	15 
491	83 
492	31 
493	35 
494	29 
495	14 
496	61 
497	60 
498	14 
499	45 
500	45 
501	26 
502	18 
503	81 
504	73 
505	69 
506	35 
507	53 
508	93 
509	83 
510	53 
511	15 
512	61 
513	65 
514	18 
515	29 
516	1 
517	88 
518	10 
519	3 
520	52 
521	51 
522	64 
523	54 
524	68 
525	6 
526	44 
527	51 
528	14 
529	85 
530	80 
531	72 
532	5 
533	32 
534	94 
535	34 
536	70 
537	59 
538	77 
539	3 
540	36 
541	48 
542	80 
543	69 
544	52 
545	64 
546	74 
547	58 
548	67 
549	44 
550	43 
551	2 
552	54 
553	15 
554	85 
555	79 
556	62 
557	79 
558	86 
559	10 
560	39 
561	13 
562	72 
563	56 
564	53 
565	4 
566	46 
567	72 
568	44 
569	61 
570	87 
571	12 
572	85 
573	28 
574	42 
575	92 
576	83 
577	87 
578	28 
579	43 
580	24 
581	20 
582	94 
583	40 
584	5 
585	57 
586	45 
587	11 
588	33 
589	9 
590	50 
591	85 
592	41 
593	29 
594	26 
595	5 
596	45 
597	69 
598	47 
599	86 
600	21 
601	34 
602	7 
603	53 
604	29 
605	82 
606	93 
607	60 
608	47 
609	42 
610	83 
611	74 
612	14 
613	20 
614	70 
615	30 
616	61 
617	28 
618	93 
619	32 
620	72 
621	50 
622	92 
623	51 
624	81 
625	45 
626	53 
627	47 
628	52 
629	57 
630	69 
631	8 
632	54 
633	66 
634	12 
635	5 
636	65 
637	94 
638	24 
639	25 
640	24 
641	6 
642	58 
643	41 
644	65 
645	67 
646	18 
647	19 
648	28 
649	64 
650	61 
651	93 
652	60 
653	39 
654	64 
655	64 
656	90 
657	6 
658	36 
659	73 
660	58 
661	82 
662	34 
663	11 
664	69 
665	30 
666	52 
667	39 
668	54 
669	47 
670	7 
671	59 
672	81 
673	92 
674	89 
675	41 
676	86 
677	93 
678	45 
679	50 
680	28 
681	60 
682	47 
683	67 
684	5 
685	3 
686	22 
687	37 
688	86 
689	94 
690	59 
691	20 
692	54 
693	25 
694	50 
695	9 
696	79 
697	63 
698	8 
699	88 
700	81 
701	89 
702	26 
703	55 
704	12 
705	13 
706	54 
707	43 
708	4 
709	75 
710	49 
711	81 
712	18 
713	42 
714	4 
715	92 
716	92 
717	67 
718	82 
719	66 
720	87 
721	57 
722	45 
723	7 
724	78 
725	63 
726	27 
727	53 
728	7 
729	5 
730	52 
731	66 
732	57 
733	87 
734	12 
735	14 
736	76 
737	93 
738	28 
739	59 
740	72 
741	27 
742	58 
743	82 
744	70 
745	85 
746	55 
747	35 
748	72 
749	94 
750	51 
751	21 
752	67 
753	50 
754	20 
755	29 
756	25 
757	87 
758	17 
759	13 
760	14 
761	38 
762	64 
763	21 
764	50 
765	38 
766	60 
767	6 
768	10 
769	22 
770	35 
771	79 
772	28 
773	45 
774	12 
775	29 
776	8 
777	8 
778	59 
779	58 
780	66 
781	51 
782	7 
783	25 
784	3 
785	63 
786	79 
787	48 
788	69 
789	65 
790	66 
791	6 
792	87 
793	33 
794	50 
795	28 
796	58 
797	35 
798	72 
799	56 
800	66 
801	67 
802	59 
803	76 
804	7 
805	85 
806	87 
807	5 
808	25 
809	56 
810	58 
811	11 
812	70 
813	45 
814	13 
815	95 
816	65 
817	34 
818	1 
819	17 
820	38 
821	52 
822	15 
823	6 
824	47 
825	84 
826	84 
827	14 
828	23 
829	5 
830	89 
831	59 
832	79 
833	26 
834	8 
835	50 
836	26 
837	93 
838	53 
839	92 
840	38 
841	88 
842	26 
843	5 
844	81 
845	34 
846	80 
847	44 
848	65 
849	63 
850	41 
851	61 
852	54 
853	60 
854	20 
855	53 
856	82 
857	43 
858	29 
859	31 
860	15 
861	47 
862	45 
863	48 
864	56 
865	58 
866	41 
867	14 
868	45 
869	81 
870	44 
871	82 
872	45 
873	53 
874	9 
875	73 
876	3 
877	12 
878	55 
879	67 
880	32 
881	43 
882	47 
883	50 
884	47 
885	52 
886	15 
887	25 
888	20 
889	72 
890	36 
891	58 
892	53 
893	90 
894	39 
895	79 
896	28 
897	50 
898	3 
899	48 
900	60 
901	5 
902	38 
903	46 
904	59 
905	26 
906	3 
907	88 
908	24 
909	64 
910	57 
911	95 
912	94 
913	46 
914	3 
915	34 
916	59 
917	42 
918	64 
919	8 
920	26 
921	82 
922	24 
923	36 
924	83 
925	16 
926	44 
927	19 
928	6 
929	15 
930	67 
931	87 
932	67 
933	7 
934	45 
935	47 
936	18 
937	87 
938	5 
939	5 
940	65 
941	75 
942	85 
943	58 
944	57 
945	67 
946	68 
947	82 
948	28 
949	51 
950	35 
951	21 
952	90 
953	1 
954	50 
955	26 
956	74 
957	76 
958	64 
959	44 
960	95 
961	82 
962	7 
963	47 
964	33 
965	5 
966	56 
967	83 
968	44 
969	94 
970	77 
971	40 
972	52 
973	20 
974	12 
975	71 
976	53 
977	20 
978	9 
979	59 
980	52 
981	60 
982	47 
983	8 
984	92 
985	95 
986	36 
987	59 
988	65 
989	78 
990	15 
991	63 
992	20 
993	20 
994	11 
995	67 
996	24 
997	50 
998	57 
999	68 
1000	85 
1001	36 
1002	46 
1003	6 
1004	36 
1005	3 
1006	90 
1007	35 
1008	19 
1009	34 
1010	52 
1011	65 
1012	15 
1013	8 
1014	25 
1015	39 
1016	5 
1017	33 
1018	25 
1019	66 
1020	87 
1021	47 
1022	29 
1023	36 
1024	2 
1025	13 
1026	65 
1027	68 
1028	8 
1029	53 
1030	95 
1031	60 
1032	71 
1033	42 
1034	54 
1035	26 
1036	39 
1037	38 
1038	52 
1039	60 
1040	94 
1041	87 
1042	14 
1043	76 
1044	30 
1045	92 
1046	46 
1047	12 
1048	16 
1049	95 
1050	63 
1051	84 
1052	33 
1053	21 
1054	7 
1055	77 
1056	12 
1057	5 
1058	61 
1059	18 
1060	25 
1061	30 
1062	11 
1063	14 
1064	63 
1065	46 
1066	89 
1067	3 
1068	6 
1069	58 
1070	67 
1071	2 
1072	61 
1073	52 
1074	32 
1075	60 
1076	3 
1077	84 
1078	28 
1079	77 
1080	10 
1081	79 
1082	57 
1083	19 
1084	69 
1085	54 
1086	87 
1087	3 
1088	68 
1089	37 
1090	59 
1091	9 
1092	30 
1093	52 
1094	35 
1095	54 
1096	82 
1097	20 
1098	46 
1099	94 
1100	5 
1101	65 
1102	67 
1103	60 
1104	94 
1105	82 
1106	74 
1107	28 
1108	87 
1109	45 
1110	38 
1111	26 
1112	87 
1113	52 
1114	47 
1115	67 
1116	82 
1117	76 
1118	29 
1119	59 
1120	47 
1121	80 
1122	69 
1123	87 
1124	28 
1125	54 
1126	75 
1127	87 
1128	93 
1129	28 
1130	49 
1131	15 
1132	68 
1133	79 
1134	28 
1135	87 
1136	21 
1137	70 
1138	88 
1139	3 
1140	17 
1141	48 
1142	82 
1143	20 
1144	34 
1145	64 
1146	32 
1147	74 
1148	5 
1149	74 
1150	56 
1151	28 
1152	37 
1153	86 
1154	17 
1155	35 
1156	85 
1157	81 
1158	79 
1159	82 
1160	5 
1161	11 
1162	61 
1163	6 
1164	45 
1165	31 
1166	58 
1167	73 
1168	65 
1169	14 
1170	91 
1171	49 
1172	57 
1173	93 
1174	62 
1175	54 
1176	48 
1177	68 
1178	14 
1179	3 
1180	80 
1181	22 
1182	86 
1183	52 
1184	76 
1185	81 
1186	29 
1187	25 
1188	14 
1189	54 
1190	91 
1191	6 
1192	58 
1193	53 
1194	86 
1195	28 
1196	31 
1197	34 
1198	14 
1199	3 
1200	59 
1201	13 
1202	52 
1203	34 
1204	78 
1205	59 
1206	29 
1207	51 
1208	73 
1209	93 
1210	51 
1211	85 
1212	50 
1213	40 
1214	41 
1215	28 
1216	85 
1217	36 
1218	58 
1219	38 
1220	21 
1221	91 
1222	5 
1223	65 
1224	71 
1225	49 
1226	81 
1227	14 
1228	94 
1229	58 
1230	61 
1231	90 
1232	16 
1233	77 
1234	26 
1235	4 
1236	3 
1237	60 
1238	1 
1239	49 
1240	74 
1241	94 
1242	14 
1243	59 
1244	75 
1245	68 
1246	64 
1247	54 
1248	11 
1249	16 
1250	64 
1251	30 
1252	17 
1253	74 
1254	6 
1255	38 
1256	81 
1257	86 
1258	27 
1259	35 
1260	41 
1261	69 
1262	51 
1263	54 
1264	27 
1265	42 
1266	34 
1267	11 
1268	43 
1269	43 
1270	25 
1271	13 
1272	65 
1273	49 
1274	49 
1275	25 
1276	2 
1277	29 
1278	20 
1279	6 
1280	38 
1281	18 
1282	68 
1283	91 
1284	64 
1285	18 
1286	71 
1287	66 
1288	52 
1289	44 
1290	34 
1291	49 
1292	74 
1293	25 
1294	5 
1295	81 
1296	93 
1297	50 
1298	65 
1299	14 
1300	95 
1301	67 
1302	81 
1303	27 
1304	89 
1305	7 
1306	6 
1307	87 
1308	47 
1309	82 
1310	36 
1311	12 
1312	14 
1313	67 
1314	94 
1315	54 
1316	2 
1317	12 
1318	14 
1319	13 
1320	16 
1321	23 
1322	72 
1323	61 
1324	36 
1325	53 
1326	29 
1327	11 
1328	92 
1329	75 
1330	21 
1331	53 
1332	82 
1333	59 
1334	22 
1335	12 
1336	28 
1337	52 
1338	81 
1339	22 
1340	94 
1341	4 
1342	57 
1343	89 
1344	33 
1345	25 
1346	18 
1347	74 
1348	56 
1349	51 
1350	58 
1351	64 
1352	74 
1353	82 
1354	94 
1355	4 
1356	18 
1357	47 
1358	93 
1359	83 
1360	67 
1361	35 
1362	35 
1363	59 
1364	56 
1365	81 
1366	65 
1367	6 
1368	3 
1369	21 
1370	90 
1371	89 
1372	81 
1373	70 
1374	35 
1375	92 
1376	67 
1377	74 
1378	50 
1379	61 
1380	2 
1381	52 
1382	14 
1383	20 
1384	67 
1385	59 
1386	57 
1387	35 
1388	47 
1389	61 
1390	55 
1391	65 
1392	84 
1393	46 
1394	94 
1395	28 
1396	57 
1397	61 
1398	34 
1399	12 
1400	35 
1401	34 
1402	81 
1403	73 
1404	63 
1405	60 
1406	78 
1407	3 
1408	44 
1409	51 
1410	27 
1411	94 
1412	37 
1413	26 
1414	21 
1415	53 
1416	85 
1417	81 
1418	76 
1419	49 
1420	12 
1421	88 
1422	53 
1423	46 
1424	85 
1425	26 
1426	59 
1427	50 
1428	4 
1429	74 
1430	24 
1431	7 
1432	87 
1433	87 
1434	4 
1435	45 
1436	61 
1437	3 
1438	4 
1439	54 
1440	19 
1441	94 
1442	45 
1443	11 
1444	67 
1445	59 
1446	3 
1447	61 
1448	72 
1449	28 
1450	81 
1451	93 
1452	85 
1453	46 
1454	9 
1455	86 
1456	83 
1457	43 
1458	28 
1459	15 
1460	58 
1461	78 
1462	66 
1463	43 
1464	55 
1465	63 
1466	58 
1467	26 
1468	28 
1469	67 
1470	45 
1471	93 
1472	80 
1473	3 
1474	46 
1475	68 
1476	39 
1477	10 
1478	67 
1479	53 
1480	52 
1481	47 
1482	17 
1483	68 
1484	6 
1485	90 
1486	45 
1487	91 
1488	26 
1489	75 
1490	5 
1491	70 
1492	14 
1493	46 
1494	6 
1495	67 
1496	70 
1497	92 
1498	51 
1499	67 
1500	47 
1501	87 
1502	3 
1503	24 
1504	52 
1505	23 
1506	56 
1507	5 
1508	26 
1509	28 
1510	67 
1511	19 
1512	64 
1513	4 
1514	3 
1515	51 
1516	48 
1517	73 
1518	92 
1519	48 
1520	57 
1521	39 
1522	12 
1523	33 
1524	26 
1525	43 
1526	58 
1527	75 
1528	20 
1529	39 
1530	82 
1531	7 
1532	91 
1533	82 
1534	78 
1535	46 
1536	54 
1537	89 
1538	24 
1539	65 
1540	58 
1541	85 
1542	30 
1543	75 
1544	49 
1545	39 
1546	74 
1547	25 
1548	47 
1549	3 
1550	10 
1551	29 
1552	5 
1553	67 
1554	64 
1555	20 
1556	14 
1557	45 
1558	61 
1559	80 
1560	53 
1561	14 
1562	9 
1563	58 
1564	67 
1565	38 
1566	77 
1567	20 
1568	19 
1569	87 
1570	94 
1571	89 
1572	5 
1573	47 
1574	28 
1575	94 
1576	61 
1577	79 
1578	18 
1579	41 
1580	45 
1581	18 
1582	33 
1583	51 
1584	3 
1585	79 
1586	24 
1587	12 
1588	94 
1589	52 
1590	87 
1591	19 
1592	4 
1593	29 
1594	9 
1595	64 
1596	29 
1597	47 
1598	60 
1599	77 
1600	78 
1601	52 
1602	81 
1603	56 
1604	76 
1605	83 
1606	59 
1607	65 
1608	92 
1609	50 
1610	34 
1611	87 
1612	9 
1613	60 
1614	39 
1615	66 
1616	69 
1617	41 
1618	80 
1619	75 
1620	35 
1621	47 
1622	8 
1623	9 
1624	85 
1625	40 
1626	42 
1627	43 
1628	27 
1629	54 
1630	80 
1631	7 
1632	59 
1633	52 
1634	60 
1635	8 
1636	73 
1637	70 
1638	82 
1639	26 
1640	73 
1641	8 
1642	28 
1643	92 
1644	12 
1645	60 
1646	87 
1647	59 
1648	14 
1649	2 
1650	34 
1651	21 
1652	82 
1653	55 
1654	47 
1655	5 
1656	90 
1657	86 
1658	85 
1659	11 
1660	29 
1661	65 
1662	12 
1663	48 
1664	86 
1665	53 
1666	30 
1667	58 
1668	55 
1669	47 
1670	63 
1671	13 
1672	61 
1673	37 
1674	88 
1675	64 
1676	5 
1677	2 
1678	49 
1679	83 
1680	80 
1681	92 
1682	73 
1683	82 
1684	7 
1685	43 
1686	16 
1687	31 
1688	50 
1689	34 
1690	57 
1691	80 
1692	54 
1693	77 
1694	26 
1695	73 
1696	23 
1697	95 
1698	69 
1699	4 
1700	72 
1701	17 
1702	49 
1703	79 
1704	81 
1705	87 
1706	86 
1707	48 
1708	60 
1709	69 
1710	55 
1711	56 
1712	85 
1713	61 
1714	89 
1715	76 
1716	65 
1717	28 
1718	25 
1719	13 
1720	57 
1721	47 
1722	43 
1723	16 
1724	39 
1725	87 
1726	34 
1727	89 
1728	51 
1729	35 
1730	45 
1731	9 
1732	37 
1733	55 
1734	38 
1735	79 
1736	84 
1737	34 
1738	54 
1739	40 
1740	91 
1741	84 
1742	63 
1743	17 
1744	67 
1745	48 
1746	53 
1747	83 
1748	72 
1749	94 
1750	87 
1751	79 
1752	5 
1753	95 
1754	37 
1755	91 
1756	7 
1757	80 
1758	94 
1759	32 
1760	49 
1761	76 
1762	59 
1763	80 
1764	81 
1765	78 
1766	82 
1767	79 
1768	63 
1769	82 
1770	60 
1771	21 
1772	81 
1773	18 
1774	38 
1775	4 
1776	85 
1777	7 
1778	39 
1779	28 
1780	79 
1781	16 
1782	79 
1783	64 
1784	66 
1785	74 
1786	94 
1787	78 
1788	5 
1789	35 
1790	66 
1791	93 
1792	70 
1793	29 
1794	36 
1795	55 
1796	76 
1797	77 
1798	2 
1799	45 
1800	71 
1801	41 
1802	61 
1803	49 
1804	48 
1805	58 
1806	38 
1807	93 
1808	38 
1809	3 
1810	12 
1811	18 
1812	68 
1813	52 
1814	76 
1815	30 
1816	34 
1817	66 
1818	60 
1819	34 
1820	85 
1821	30 
1822	52 
1823	8 
1824	3 
1825	38 
1826	63 
1827	88 
1828	95 
1829	10 
1830	2 
1831	13 
1832	15 
1833	82 
1834	51 
1835	36 
1836	29 
1837	71 
1838	6 
1839	12 
1840	73 
1841	64 
1842	47 
1843	87 
1844	92 
1845	33 
1846	9 
1847	21 
1848	18 
1849	18 
1850	2 
1851	15 
1852	87 
1853	34 
1854	18 
1855	77 
1856	53 
1857	16 
1858	47 
1859	14 
1860	3 
1861	46 
1862	89 
1863	84 
1864	58 
1865	66 
1866	48 
1867	21 
1868	92 
1869	20 
1870	8 
1871	58 
1872	25 
1873	79 
1874	69 
1875	18 
1876	5 
1877	61 
1878	9 
1879	19 
1880	53 
1881	40 
1882	8 
1883	66 
1884	11 
1885	52 
1886	14 
1887	35 
1888	80 
1889	82 
1890	53 
1891	29 
1892	78 
1893	5 
1894	17 
1895	29 
1896	64 
1897	47 
1898	33 
1899	62 
1900	47 
1901	50 
1902	86 
1903	63 
1904	69 
1905	89 
1906	67 
1907	50 
1908	58 
1909	77 
1910	31 
1911	93 
1912	76 
1913	48 
1914	21 
1915	9 
1916	20 
1917	39 
1918	31 
1919	19 
1920	82 
1921	43 
1922	57 
1923	69 
1924	82 
1925	14 
1926	29 
1927	4 
1928	79 
1929	31 
1930	65 
1931	50 
1932	78 
1933	4 
1934	95 
1935	69 
1936	87 
1937	38 
1938	47 
1939	67 
1940	49 
1941	34 
1942	20 
1943	73 
1944	15 
1945	5 
1946	87 
1947	66 
1948	14 
1949	59 
1950	83 
1951	6 
1952	92 
1953	78 
1954	92 
1955	48 
1956	63 
1957	18 
1958	28 
1959	75 
1960	52 
1961	68 
1962	83 
1963	77 
1964	6 
1965	54 
1966	8 
1967	10 
1968	3 
1969	68 
1970	60 
1971	71 
1972	18 
1973	55 
1974	94 
1975	80 
1976	23 
1977	47 
1978	52 
1979	30 
1980	73 
1981	52 
1982	34 
1983	58 
1984	68 
1985	64 
1986	59 
1987	85 
1988	51 
1989	28 
1990	28 
1991	59 
1992	28 
1993	67 
1994	69 
1995	88 
1996	4 
1997	72 
1998	56 
1999	15 
2000	30 
2001	66 
2002	32 
2003	54 
2004	85 
2005	64 
2006	74 
2007	28 
2008	22 
2009	94 
2010	64 
2011	40 
2012	86 
2013	59 
2014	47 
2015	60 
2016	4 
2017	53 
2018	1 
2019	53 
2020	35 
2021	45 
2022	6 
2023	7 
2024	67 
2025	79 
2026	13 
2027	28 
2028	95 
2029	14 
2030	15 
2031	80 
2032	87 
2033	9 
2034	38 
2035	80 
2036	29 
2037	4 
2038	22 
2039	93 
2040	94 
2041	10 
2042	69 
2043	24 
2044	4 
2045	11 
2046	19 
2047	15 
2048	89 
2049	33 
2050	17 
2051	94 
2052	44 
2053	25 
2054	60 
2055	82 
2056	20 
2057	92 
2058	69 
2059	67 
2060	6 
2061	87 
2062	54 
2063	67 
2064	11 
2065	50 
2066	92 
2067	89 
2068	41 
2069	70 
2070	37 
2071	41 
2072	48 
2073	10 
2074	82 
2075	59 
2076	26 
2077	68 
2078	23 
2079	69 
2080	52 
2081	43 
2082	79 
2083	66 
2084	45 
2085	44 
2086	60 
2087	80 
2088	45 
2089	11 
2090	9 
2091	44 
2092	14 
2093	64 
2094	75 
2095	92 
2096	66 
2097	50 
2098	20 
2099	74 
2100	92 
2101	82 
2102	26 
2103	28 
2104	66 
2105	69 
2106	27 
2107	82 
2108	12 
2109	94 
2110	68 
2111	67 
2112	17 
2113	38 
2114	48 
2115	53 
2116	40 
2117	46 
2118	29 
2119	48 
2120	31 
2121	69 
2122	3 
2123	72 
2124	91 
2125	76 
2126	47 
2127	62 
2128	94 
2129	13 
2130	29 
2131	7 
2132	72 
2133	69 
2134	51 
2135	73 
2136	61 
2137	14 
2138	12 
2139	33 
2140	27 
2141	55 
2142	67 
2143	42 
2144	7 
2145	12 
2146	62 
2147	7 
2148	45 
2149	53 
2150	91 
2151	94 
2152	29 
2153	25 
2154	82 
2155	65 
2156	6 
2157	46 
2158	43 
2159	56 
2160	72 
2161	53 
2162	34 
2163	53 
2164	44 
2165	4 
2166	44 
2167	56 
2168	6 
2169	30 
2170	55 
2171	61 
2172	62 
2173	75 
2174	57 
2175	43 
2176	49 
2177	92 
2178	4 
2179	86 
2180	3 
2181	51 
2182	79 
2183	4 
2184	61 
2185	7 
2186	65 
2187	34 
2188	29 
2189	1 
2190	44 
2191	47 
2192	76 
2193	72 
2194	28 
2195	69 
2196	39 
2197	28 
2198	12 
2199	21 
2200	3 
2201	3 
2202	63 
2203	87 
2204	75 
2205	66 
2206	11 
2207	45 
2208	30 
2209	14 
2210	88 
2211	31 
2212	14 
2213	84 
2214	16 
2215	62 
2216	90 
2217	16 
2218	44 
2219	78 
2220	15 
2221	28 
2222	57 
2223	88 
2224	83 
2225	91 
2226	1 
2227	92 
2228	35 
2229	55 
2230	28 
2231	68 
2232	7 
2233	92 
2234	81 
2235	34 
2236	20 
2237	54 
2238	31 
2239	38 
2240	24 
2241	10 
2242	67 
2243	50 
2244	62 
2245	57 
2246	71 
2247	9 
2248	3 
2249	50 
2250	65 
2251	74 
2252	29 
2253	69 
2254	85 
2255	67 
2256	26 
2257	84 
2258	85 
2259	18 
2260	49 
2261	81 
2262	41 
2263	28 
2264	30 
2265	50 
2266	54 
2267	81 
2268	28 
2269	50 
2270	54 
2271	44 
2272	7 
2273	58 
2274	60 
2275	60 
2276	81 
2277	38 
2278	45 
2279	76 
2280	29 
2281	94 
2282	52 
2283	20 
2284	94 
2285	65 
2286	54 
2287	28 
2288	85 
2289	81 
2290	87 
2291	39 
2292	76 
2293	92 
2294	58 
2295	42 
2296	93 
2297	14 
2298	5 
2299	26 
2300	21 
2301	88 
2302	43 
2303	48 
2304	85 
2305	11 
2306	25 
2307	22 
2308	45 
2309	56 
2310	89 
2311	39 
2312	2 
2313	39 
2314	56 
2315	1 
2316	15 
2317	12 
2318	75 
2319	81 
2320	9 
2321	76 
2322	6 
2323	42 
2324	43 
2325	56 
2326	67 
2327	68 
2328	5 
2329	60 
2330	35 
2331	6 
2332	67 
2333	81 
2334	81 
2335	4 
2336	92 
2337	38 
2338	90 
2339	22 
2340	5 
2341	40 
2342	8 
2343	87 
2344	34 
2345	34 
2346	81 
2347	76 
2348	81 
2349	86 
2350	47 
2351	28 
2352	7 
2353	52 
2354	88 
2355	38 
2356	95 
2357	81 
2358	60 
2359	25 
2360	11 
2361	59 
2362	34 
2363	53 
2364	24 
2365	67 
2366	66 
2367	75 
2368	37 
2369	11 
2370	78 
2371	41 
2372	12 
2373	18 
2374	83 
2375	70 
2376	83 
2377	70 
2378	3 
2379	72 
2380	34 
2381	14 
2382	74 
2383	12 
2384	52 
2385	14 
2386	26 
2387	27 
2388	86 
2389	29 
2390	73 
2391	65 
2392	51 
2393	65 
2394	73 
2395	57 
2396	80 
2397	32 
2398	59 
2399	46 
2400	61 
2401	42 
2402	29 
2403	47 
2404	20 
2405	53 
2406	79 
2407	45 
2408	51 
2409	87 
2410	94 
2411	61 
2412	61 
2413	40 
2414	18 
2415	47 
2416	73 
2417	17 
2418	35 
2419	20 
2420	47 
2421	58 
2422	48 
2423	86 
2424	70 
2425	3 
2426	64 
2427	52 
2428	23 
2429	18 
2430	26 
2431	35 
2432	55 
2433	53 
2434	3 
2435	50 
2436	63 
2437	38 
2438	79 
2439	10 
2440	52 
2441	65 
2442	29 
2443	58 
2444	19 
2445	82 
2446	50 
2447	68 
2448	90 
2449	28 
2450	46 
2451	65 
2452	36 
2453	47 
2454	81 
2455	3 
2456	94 
2457	26 
2458	1 
2459	58 
2460	5 
2461	11 
2462	62 
2463	73 
2464	71 
2465	49 
2466	92 
2467	1 
2468	91 
2469	29 
2470	36 
2471	44 
2472	54 
2473	87 
2474	20 
2475	37 
2476	4 
2477	9 
2478	24 
2479	39 
2480	59 
2481	54 
2482	41 
2483	38 
2484	7 
2485	5 
2486	65 
2487	85 
2488	59 
2489	74 
2490	26 
2491	19 
2492	12 
2493	61 
2494	71 
2495	40 
2496	29 
2497	77 
2498	39 
2499	93 
2500	95 
2501	56 
2502	78 
2503	57 
2504	85 
2505	54 
2506	67 
2507	45 
2508	6 
2509	67 
2510	93 
2511	4 
2512	84 
2513	11 
2514	38 
2515	52 
2516	66 
2517	61 
2518	56 
2519	49 
2520	90 
2521	33 
2522	13 
2523	88 
2524	69 
2525	52 
2526	48 
2527	66 
2528	33 
2529	2 
2530	73 
2531	26 
2532	52 
2533	81 
2534	59 
2535	20 
2536	72 
2537	25 
2538	12 
2539	80 
2540	44 
2541	45 
2542	52 
2543	68 
2544	45 
2545	14 
2546	21 
2547	22 
2548	6 
2549	59 
2550	5 
2551	72 
2552	48 
2553	68 
2554	12 
2555	45 
2556	24 
2557	69 
2558	41 
2559	93 
2560	80 
2561	78 
2562	28 
2563	81 
2564	22 
2565	49 
2566	38 
2567	13 
2568	42 
2569	44 
2570	51 
2571	22 
2572	52 
2573	90 
2574	61 
2575	65 
2576	39 
2577	65 
2578	11 
2579	95 
2580	39 
2581	61 
2582	59 
2583	81 
2584	81 
2585	78 
2586	52 
2587	3 
2588	50 
2589	29 
2590	30 
2591	16 
2592	64 
2593	35 
2594	85 
2595	69 
2596	59 
2597	28 
2598	48 
2599	6 
2600	40 
2601	51 
2602	67 
2603	60 
2604	54 
2605	24 
2606	24 
2607	46 
2608	95 
2609	47 
2610	66 
2611	76 
2612	34 
2613	35 
2614	82 
2615	4 
2616	36 
2617	61 
2618	10 
2619	45 
2620	93 
2621	86 
2622	58 
2623	17 
2624	50 
2625	24 
2626	51 
2627	94 
2628	32 
2629	34 
2630	93 
2631	47 
2632	12 
2633	43 
2634	22 
2635	83 
2636	38 
2637	79 
2638	6 
2639	14 
2640	75 
2641	24 
2642	45 
2643	83 
2644	37 
2645	88 
2646	29 
2647	38 
2648	50 
2649	90 
2650	65 
2651	21 
2652	1 
2653	90 
2654	33 
2655	3 
2656	4 
2657	57 
2658	59 
2659	25 
2660	5 
2661	35 
2662	26 
2663	33 
2664	47 
2665	93 
2666	43 
2667	32 
2668	8 
2669	47 
2670	65 
2671	67 
2672	75 
2673	82 
2674	40 
2675	76 
2676	14 
2677	36 
2678	45 
2679	74 
2680	40 
2681	54 
2682	26 
2683	70 
2684	17 
2685	47 
2686	49 
2687	94 
2688	92 
2689	6 
2690	14 
2691	18 
2692	50 
2693	12 
2694	50 
2695	81 
2696	45 
2697	43 
2698	43 
2699	10 
2700	12 
2701	52 
2702	6 
2703	47 
2704	62 
2705	57 
2706	7 
2707	11 
2708	60 
2709	55 
2710	85 
2711	50 
2712	57 
2713	83 
2714	70 
2715	28 
2716	43 
2717	84 
2718	41 
2719	64 
2720	47 
2721	56 
2722	7 
2723	94 
2724	40 
2725	79 
2726	6 
2727	58 
2728	32 
2729	50 
2730	45 
2731	54 
2732	12 
2733	93 
2734	36 
2735	50 
2736	62 
2737	32 
2738	29 
2739	11 
2740	65 
2741	37 
2742	94 
2743	30 
2744	81 
2745	92 
2746	92 
2747	26 
2748	65 
2749	83 
2750	26 
2751	43 
2752	35 
2753	77 
2754	3 
2755	93 
2756	38 
2757	37 
2758	34 
2759	87 
2760	51 
2761	92 
2762	41 
2763	76 
2764	34 
2765	58 
2766	42 
2767	12 
2768	44 
2769	62 
2770	25 
2771	28 
2772	11 
2773	15 
2774	78 
2775	58 
2776	57 
2777	33 
2778	34 
2779	16 
2780	6 
2781	87 
2782	58 
2783	51 
2784	31 
2785	33 
2786	27 
2787	2 
2788	28 
2789	4 
2790	47 
2791	71 
2792	21 
2793	89 
2794	77 
2795	25 
2796	92 
2797	34 
2798	23 
2799	25 
2800	2 
2801	59 
2802	11 
2803	56 
2804	44 
2805	52 
2806	90 
2807	95 
2808	46 
2809	4 
2810	95 
2811	1 
2812	54 
2813	73 
2814	41 
2815	94 
2816	84 
2817	75 
2818	59 
2819	14 
2820	35 
2821	39 
2822	15 
2823	65 
2824	26 
2825	7 
2826	15 
2827	6 
2828	60 
2829	25 
2830	75 
2831	14 
2832	30 
2833	67 
2834	51 
2835	51 
2836	39 
2837	58 
2838	82 
2839	82 
2840	30 
2841	28 
2842	26 
2843	35 
2844	14 
2845	44 
2846	66 
2847	64 
2848	70 
2849	12 
2850	22 
2851	33 
2852	68 
2853	76 
2854	25 
2855	23 
2856	83 
2857	12 
2858	66 
2859	12 
2860	8 
2861	3 
2862	94 
2863	64 
2864	86 
2865	25 
2866	84 
2867	58 
2868	85 
2869	88 
2870	47 
2871	67 
2872	48 
2873	34 
2874	61 
2875	60 
2876	6 
2877	82 
2878	88 
2879	64 
2880	43 
2881	74 
2882	44 
2883	29 
2884	7 
2885	45 
2886	30 
2887	3 
2888	55 
2889	22 
2890	23 
2891	50 
2892	9 
2893	87 
2894	28 
2895	62 
2896	81 
2897	24 
2898	84 
2899	73 
2900	50 
2901	42 
2902	92 
2903	29 
2904	19 
2905	12 
2906	36 
2907	4 
2908	5 
2909	67 
2910	9 
2911	68 
2912	28 
2913	94 
2914	41 
2915	68 
2916	39 
2917	5 
2918	3 
2919	29 
2920	61 
2921	61 
2922	28 
2923	43 
2924	26 
2925	85 
2926	90 
2927	94 
2928	86 
2929	63 
2930	22 
2931	59 
2932	65 
2933	10 
2934	80 
2935	69 
2936	61 
2937	17 
2938	15 
2939	62 
2940	93 
2941	58 
2942	52 
2943	33 
2944	47 
2945	85 
2946	86 
2947	85 
2948	36 
2949	79 
2950	29 
2951	55 
2952	3 
2953	60 
2954	36 
2955	89 
2956	68 
2957	91 
2958	12 
2959	89 
2960	66 
2961	91 
2962	29 
2963	11 
2964	85 
2965	72 
2966	65 
2967	18 
2968	14 
2969	67 
2970	23 
2971	6 
2972	61 
2973	17 
2974	34 
2975	35 
2976	29 
2977	74 
2978	57 
2979	43 
2980	2 
2981	65 
2982	47 
2983	87 
2984	7 
2985	50 
2986	14 
2987	90 
2988	29 
2989	65 
2990	65 
2991	7 
2992	46 
2993	12 
2994	45 
2995	42 
2996	32 
2997	57 
2998	3 
2999	14 
3000	71 
3001	94 
3002	5 
3003	54 
3004	55 
3005	2 
3006	15 
3007	64 
3008	8 
3009	85 
3010	27 
3011	53 
3012	49 
3013	52 
3014	3 
3015	35 
3016	7 
3017	46 
3018	41 
3019	4 
3020	23 
3021	87 
3022	93 
3023	67 
3024	33 
3025	22 
3026	78 
3027	68 
3028	14 
3029	79 
3030	4 
3031	6 
3032	61 
3033	71 
3034	57 
3035	85 
3036	14 
3037	4 
3038	46 
3039	13 
3040	95 
3041	30 
3042	21 
3043	55 
3044	34 
3045	52 
3046	55 
3047	15 
3048	71 
3049	88 
3050	67 
3051	83 
3052	68 
3053	47 
3054	52 
3055	93 
3056	47 
3057	41 
3058	60 
3059	46 
3060	83 
3061	69 
3062	53 
3063	37 
3064	54 
3065	61 
3066	47 
3067	12 
3068	93 
3069	81 
3070	94 
3071	94 
3072	12 
3073	53 
3074	67 
3075	85 
3076	61 
3077	82 
3078	50 
3079	29 
3080	19 
3081	95 
3082	57 
3083	1 
3084	14 
3085	66 
3086	58 
3087	24 
3088	58 
3089	50 
3090	45 
3091	88 
3092	45 
3093	31 
3094	86 
3095	34 
3096	65 
3097	88 
3098	85 
3099	82 
3100	68 
3101	57 
3102	25 
3103	12 
3104	3 
3105	31 
3106	93 
3107	51 
3108	14 
3109	47 
3110	39 
3111	3 
3112	67 
3113	58 
3114	45 
3115	87 
3116	49 
3117	79 
3118	58 
3119	25 
3120	30 
3121	35 
3122	43 
3123	34 
3124	13 
3125	88 
3126	3 
3127	25 
3128	41 
3129	28 
3130	35 
3131	94 
3132	33 
3133	45 
3134	47 
3135	49 
3136	7 
3137	60 
3138	3 
3139	12 
3140	66 
3141	86 
3142	12 
3143	83 
3144	59 
3145	47 
3146	91 
3147	17 
3148	92 
3149	54 
3150	54 
3151	52 
3152	94 
3153	52 
3154	82 
3155	71 
3156	30 
3157	8 
3158	77 
3159	14 
3160	54 
3161	62 
3162	23 
3163	69 
3164	35 
3165	45 
3166	89 
3167	28 
3168	33 
3169	6 
3170	92 
3171	67 
3172	80 
3173	81 
3174	54 
3175	25 
3176	94 
3177	70 
3178	49 
3179	73 
3180	48 
3181	68 
3182	70 
3183	2 
3184	43 
3185	94 
3186	66 
3187	88 
3188	35 
3189	76 
3190	41 
3191	7 
3192	17 
3193	56 
3194	12 
3195	34 
3196	20 
3197	46 
3198	67 
3199	75 
3200	61 
3201	39 
3202	93 
3203	32 
3204	37 
3205	46 
3206	52 
3207	19 
3208	36 
3209	29 
3210	33 
3211	16 
3212	87 
3213	84 
3214	41 
3215	8 
3216	29 
3217	34 
3218	91 
3219	56 
3220	3 
3221	51 
3222	58 
3223	45 
3224	54 
3225	75 
3226	79 
3227	13 
3228	33 
3229	24 
3230	84 
3231	35 
3232	7 
3233	26 
3234	1 
3235	76 
3236	6 
3237	13 
3238	68 
3239	39 
3240	59 
3241	69 
3242	92 
3243	34 
3244	72 
3245	36 
3246	61 
3247	91 
3248	27 
3249	37 
3250	13 
3251	73 
3252	83 
3253	24 
3254	12 
3255	17 
3256	41 
3257	39 
3258	3 
3259	36 
3260	94 
3261	14 
3262	45 
3263	52 
3264	57 
3265	95 
3266	51 
3267	47 
3268	50 
3269	34 
3270	49 
3271	42 
3272	26 
3273	5 
3274	93 
3275	92 
3276	36 
3277	33 
3278	20 
3279	85 
3280	6 
3281	83 
3282	11 
3283	85 
3284	78 
3285	21 
3286	42 
3287	91 
3288	52 
3289	64 
3290	25 
3291	44 
3292	27 
3293	87 
3294	75 
3295	2 
3296	39 
3297	48 
3298	88 
3299	75 
3300	6 
3301	66 
3302	56 
3303	20 
3304	93 
3305	70 
3306	26 
3307	29 
3308	75 
3309	26 
3310	59 
3311	20 
3312	13 
3313	59 
3314	36 
3315	6 
3316	58 
3317	62 
3318	21 
3319	6 
3320	39 
3321	87 
3322	24 
3323	65 
3324	33 
3325	29 
3326	45 
3327	74 
3328	29 
3329	94 
3330	16 
3331	79 
3332	28 
3333	69 
3334	5 
3335	26 
3336	3 
3337	64 
3338	70 
3339	76 
3340	92 
3341	84 
3342	82 
3343	9 
3344	9 
3345	35 
3346	38 
3347	80 
3348	12 
3349	38 
3350	38 
3351	67 
3352	82 
3353	9 
3354	82 
3355	82 
3356	78 
3357	59 
3358	50 
3359	68 
3360	10 
3361	3 
3362	6 
3363	50 
3364	74 
3365	77 
3366	85 
3367	9 
3368	27 
3369	83 
3370	82 
3371	87 
3372	83 
3373	46 
3374	53 
3375	45 
3376	69 
3377	94 
3378	27 
3379	39 
3380	24 
3381	52 
3382	25 
3383	22 
3384	27 
3385	82 
3386	24 
3387	6 
3388	67 
3389	47 
3390	34 
3391	89 
3392	55 
3393	49 
3394	34 
3395	94 
3396	48 
3397	40 
3398	28 
3399	35 
3400	58 
3401	15 
3402	61 
3403	35 
3404	69 
3405	57 
3406	94 
3407	32 
3408	34 
3409	54 
3410	82 
3411	10 
3412	22 
3413	26 
3414	2 
3415	50 
3416	47 
3417	34 
3418	26 
3419	95 
3420	30 
3421	3 
3422	92 
3423	86 
3424	67 
3425	27 
3426	4 
3427	63 
3428	72 
3429	28 
3430	47 
3431	58 
3432	52 
3433	16 
3434	12 
3435	86 
3436	26 
3437	93 
3438	84 
3439	36 
3440	49 
3441	54 
3442	84 
3443	46 
3444	87 
3445	44 
3446	31 
3447	62 
3448	3 
3449	36 
3450	75 
3451	59 
3452	48 
3453	58 
3454	65 
3455	68 
3456	87 
3457	85 
3458	61 
3459	29 
3460	35 
3461	47 
3462	88 
3463	85 
3464	67 
3465	70 
3466	94 
3467	79 
3468	12 
3469	94 
3470	72 
3471	22 
3472	38 
3473	71 
3474	50 
3475	94 
3476	49 
3477	94 
3478	61 
3479	87 
3480	14 
3481	33 
3482	85 
3483	49 
3484	31 
3485	33 
3486	65 
3487	53 
3488	92 
3489	43 
3490	94 
3491	2 
3492	64 
3493	31 
3494	35 
3495	75 
3496	44 
3497	32 
3498	38 
3499	57 
3500	4 
3501	77 
3502	85 
3503	59 
3504	53 
3505	28 
3506	29 
3507	80 
3508	35 
3509	20 
3510	68 
3511	94 
3512	91 
3513	25 
3514	59 
3515	29 
3516	80 
3517	33 
3518	26 
3519	38 
3520	45 
3521	35 
3522	52 
3523	69 
3524	88 
3525	74 
3526	17 
3527	29 
3528	77 
3529	18 
3530	82 
3531	36 
3532	51 
3533	64 
3534	64 
3535	46 
3536	44 
3537	92 
3538	81 
3539	28 
3540	12 
3541	58 
3542	34 
3543	34 
3544	80 
3545	89 
3546	8 
3547	2 
3548	75 
3549	51 
3550	12 
3551	37 
3552	85 
3553	36 
3554	1 
3555	54 
3556	67 
3557	68 
3558	79 
3559	46 
3560	22 
3561	3 
3562	28 
3563	43 
3564	65 
3565	24 
3566	26 
3567	3 
3568	67 
3569	62 
3570	78 
3571	72 
3572	79 
3573	7 
3574	75 
3575	7 
3576	9 
3577	57 
3578	89 
3579	58 
3580	3 
3581	18 
3582	35 
3583	49 
3584	67 
3585	73 
3586	67 
3587	54 
3588	67 
3589	59 
3590	27 
3591	62 
3592	58 
3593	94 
3594	5 
3595	90 
3596	51 
3597	45 
3598	87 
3599	33 
3600	23 
3601	25 
3602	86 
3603	43 
3604	71 
3605	34 
3606	25 
3607	83 
3608	51 
3609	35 
3610	90 
3611	85 
3612	82 
3613	39 
3614	65 
3615	41 
3616	8 
3617	87 
3618	52 
3619	38 
3620	53 
3621	72 
3622	30 
3623	28 
3624	83 
3625	49 
3626	54 
3627	17 
3628	71 
3629	38 
3630	49 
3631	91 
3632	17 
3633	6 
3634	29 
3635	9 
3636	53 
3637	11 
3638	81 
3639	39 
3640	15 
3641	20 
3642	18 
3643	49 
3644	25 
3645	71 
3646	31 
3647	91 
3648	3 
3649	71 
3650	28 
3651	58 
3652	94 
3653	46 
3654	35 
3655	87 
3656	60 
3657	36 
3658	94 
3659	52 
3660	34 
3661	3 
3662	34 
3663	22 
3664	60 
3665	81 
3666	39 
3667	1 
3668	6 
3669	59 
3670	67 
3671	66 
3672	10 
3673	18 
3674	45 
3675	7 
3676	66 
3677	95 
3678	28 
3679	54 
3680	3 
3681	64 
3682	29 
3683	1 
3684	10 
3685	31 
3686	59 
3687	39 
3688	41 
3689	81 
3690	54 
3691	3 
3692	10 
3693	65 
3694	4 
3695	93 
3696	74 
3697	51 
3698	41 
3699	75 
3700	15 
3701	3 
3702	1 
3703	54 
3704	82 
3705	22 
3706	51 
3707	73 
3708	54 
3709	4 
3710	48 
3711	44 
3712	41 
3713	81 
3714	87 
3715	34 
3716	28 
3717	91 
3718	90 
3719	36 
3720	88 
3721	65 
3722	52 
3723	16 
3724	3 
3725	17 
3726	1 
3727	45 
3728	94 
3729	14 
3730	30 
3731	12 
3732	61 
3733	51 
3734	37 
3735	92 
3736	90 
3737	78 
3738	86 
3739	14 
3740	6 
3741	15 
3742	23 
3743	42 
3744	17 
3745	39 
3746	94 
3747	25 
3748	53 
3749	92 
3750	42 
3751	7 
3752	39 
3753	79 
3754	7 
3755	94 
3756	61 
3757	65 
3758	59 
3759	1 
3760	47 
3761	12 
3762	74 
3763	14 
3764	62 
3765	55 
3766	22 
3767	88 
3768	91 
3769	54 
3770	34 
3771	34 
3772	25 
3773	62 
3774	9 
3775	36 
3776	6 
3777	12 
3778	60 
3779	44 
3780	76 
3781	45 
3782	24 
3783	90 
3784	57 
3785	72 
3786	28 
3787	1 
3788	67 
3789	28 
3790	53 
3791	65 
3792	61 
3793	12 
3794	90 
3795	83 
3796	51 
3797	73 
3798	45 
3799	35 
3800	4 
3801	85 
3802	52 
3803	6 
3804	80 
3805	31 
3806	60 
3807	86 
3808	5 
3809	1 
3810	7 
3811	16 
3812	40 
3813	21 
3814	72 
3815	36 
3816	45 
3817	14 
3818	34 
3819	7 
3820	39 
3821	54 
3822	42 
3823	43 
3824	90 
3825	92 
3826	2 
3827	5 
3828	50 
3829	60 
3830	66 
3831	19 
3832	47 
3833	27 
3834	8 
3835	85 
3836	33 
3837	47 
3838	20 
3839	39 
3840	39 
3841	82 
3842	85 
3843	60 
3844	36 
3845	9 
3846	73 
3847	68 
3848	94 
3849	20 
3850	18 
3851	3 
3852	13 
3853	55 
3854	59 
3855	14 
3856	65 
3857	14 
3858	4 
3859	23 
3860	85 
3861	8 
3862	10 
3863	65 
3864	16 
3865	22 
3866	18 
3867	64 
3868	51 
3869	65 
3870	29 
3871	31 
3872	61 
3873	61 
3874	52 
3875	5 
3876	53 
3877	32 
3878	92 
3879	81 
3880	57 
3881	88 
3882	9 
3883	54 
3884	57 
3885	85 
3886	20 
3887	15 
3888	38 
3889	60 
3890	59 
3891	25 
3892	65 
3893	17 
3894	76 
3895	61 
3896	50 
3897	50 
3898	9 
3899	78 
3900	49 
3901	33 
3902	69 
3903	54 
3904	38 
3905	37 
3906	70 
3907	33 
3908	62 
3909	61 
3910	44 
3911	17 
3912	74 
3913	19 
3914	92 
3915	3 
3916	47 
3917	33 
3918	64 
3919	88 
3920	2 
3921	7 
3922	39 
3923	74 
3924	74 
3925	1 
3926	78 
3927	41 
3928	46 
3929	48 
3930	65 
3931	50 
3932	57 
3933	66 
3934	75 
3935	11 
3936	54 
3937	94 
3938	15 
3939	40 
3940	61 
3941	91 
3942	4 
3943	29 
3944	28 
3945	54 
3946	23 
3947	59 
3948	67 
3949	93 
3950	60 
3951	7 
3952	43 
3953	81 
3954	58 
3955	73 
3956	87 
3957	41 
3958	53 
3959	4 
3960	29 
3961	23 
3962	35 
3963	56 
3964	49 
3965	87 
3966	4 
3967	74 
3968	74 
3969	42 
3970	89 
3971	46 
3972	77 
3973	22 
3974	85 
3975	26 
3976	69 
3977	67 
3978	30 
3979	28 
3980	72 
3981	61 
3982	39 
3983	89 
3984	37 
3985	35 
3986	85 
3987	62 
3988	61 
3989	50 
3990	29 
3991	81 
3992	70 
3993	90 
3994	48 
3995	87 
3996	14 
3997	5 
3998	25 
3999	45 
4000	85 
4001	58 
4002	19 
4003	41 
4004	8 
4005	1 
4006	76 
4007	83 
4008	61 
4009	64 
4010	46 
4011	38 
4012	11 
4013	92 
4014	84 
4015	61 
4016	51 
4017	79 
4018	17 
4019	24 
4020	76 
4021	67 
4022	70 
4023	71 
4024	67 
4025	41 
4026	36 
4027	76 
4028	65 
4029	61 
4030	94 
4031	61 
4032	72 
4033	59 
4034	94 
4035	21 
4036	77 
4037	54 
4038	6 
4039	58 
4040	11 
4041	46 
4042	82 
4043	29 
4044	68 
4045	60 
4046	60 
4047	2 
4048	26 
4049	36 
4050	45 
4051	58 
4052	62 
4053	5 
4054	92 
4055	5 
4056	60 
4057	61 
4058	34 
4059	9 
4060	22 
4061	81 
4062	52 
4063	43 
4064	90 
4065	88 
4066	63 
4067	80 
4068	76 
4069	41 
4070	68 
4071	69 
4072	93 
4073	80 
4074	44 
4075	55 
4076	25 
4077	89 
4078	38 
4079	80 
4080	75 
4081	2 
4082	50 
4083	3 
4084	5 
4085	47 
4086	93 
4087	34 
4088	12 
4089	8 
4090	68 
4091	82 
4092	19 
4093	19 
4094	78 
4095	10 
4096	47 
4097	82 
4098	58 
4099	61 
4100	10 
4101	69 
4102	25 
4103	29 
4104	92 
4105	34 
4106	87 
4107	13 
4108	71 
4109	88 
4110	39 
4111	14 
4112	76 
4113	3 
4114	12 
4115	39 
4116	13 
4117	19 
4118	52 
4119	62 
4120	8 
4121	56 
4122	86 
4123	79 
4124	81 
4125	89 
4126	2 
4127	84 
4128	50 
4129	84 
4130	24 
4131	39 
4132	28 
4133	12 
4134	14 
4135	47 
4136	71 
4137	5 
4138	73 
4139	34 
4140	38 
4141	13 
4142	45 
4143	80 
4144	60 
4145	84 
4146	81 
4147	85 
4148	4 
4149	72 
4150	51 
4151	88 
4152	87 
4153	69 
4154	53 
4155	59 
4156	86 
4157	55 
4158	1 
4159	58 
4160	4 
4161	25 
4162	52 
4163	76 
4164	60 
4165	85 
4166	62 
4167	82 
4168	93 
4169	41 
4170	8 
4171	61 
4172	14 
4173	3 
4174	54 
4175	11 
4176	47 
4177	70 
4178	65 
4179	87 
4180	85 
4181	2 
4182	7 
4183	48 
4184	73 
4185	26 
4186	92 
4187	2 
4188	15 
4189	6 
4190	59 
4191	49 
4192	42 
4193	34 
4194	47 
4195	9 
4196	94 
4197	12 
4198	45 
4199	54 
4200	54 
4201	43 
4202	28 
4203	85 
4204	64 
4205	36 
4206	36 
4207	82 
4208	84 
4209	68 
4210	6 
4211	72 
4212	82 
4213	15 
4214	15 
4215	69 
4216	90 
4217	84 
4218	82 
4219	54 
4220	20 
4221	14 
4222	35 
4223	57 
4224	60 
4225	68 
4226	85 
4227	94 
4228	25 
4229	10 
4230	22 
4231	44 
4232	94 
4233	2 
4234	83 
4235	34 
4236	8 
4237	95 
4238	65 
4239	72 
4240	67 
4241	1 
4242	14 
4243	4 
4244	67 
4245	7 
4246	34 
4247	20 
4248	36 
4249	94 
4250	28 
4251	33 
4252	53 
4253	39 
4254	87 
4255	41 
4256	65 
4257	13 
4258	87 
4259	95 
4260	38 
4261	95 
4262	2 
4263	29 
4264	57 
4265	21 
4266	44 
4267	33 
4268	92 
4269	94 
4270	10 
4271	9 
4272	61 
4273	36 
4274	14 
4275	61 
4276	92 
4277	95 
4278	3 
4279	52 
4280	93 
4281	62 
4282	44 
4283	7 
4284	29 
4285	84 
4286	28 
4287	14 
4288	13 
4289	57 
4290	24 
4291	84 
4292	39 
4293	41 
4294	50 
4295	83 
4296	18 
4297	76 
4298	3 
4299	52 
4300	82 
4301	69 
4302	50 
4303	58 
4304	36 
4305	92 
4306	93 
4307	60 
4308	62 
4309	22 
4310	39 
4311	28 
4312	17 
4313	89 
4314	10 
4315	64 
4316	87 
4317	4 
4318	5 
4319	92 
4320	81 
4321	43 
4322	17 
4323	11 
4324	74 
4325	78 
4326	29 
4327	54 
4328	61 
4329	51 
4330	22 
4331	79 
4332	39 
4333	94 
4334	1 
4335	28 
4336	44 
4337	20 
4338	6 
4339	80 
4340	57 
4341	25 
4342	6 
4343	64 
4344	70 
4345	58 
4346	78 
4347	92 
4348	85 
4349	12 
4350	35 
4351	82 
4352	58 
4353	52 
4354	11 
4355	92 
4356	87 
4357	29 
4358	12 
4359	29 
4360	87 
4361	5 
4362	61 
4363	53 
4364	36 
4365	4 
4366	62 
4367	26 
4368	84 
4369	34 
4370	52 
4371	26 
4372	12 
4373	85 
4374	95 
4375	11 
4376	79 
4377	53 
4378	41 
4379	93 
4380	92 
4381	35 
4382	26 
4383	58 
4384	8 
4385	88 
4386	93 
4387	45 
4388	58 
4389	52 
4390	39 
4391	34 
4392	55 
4393	18 
4394	39 
4395	44 
4396	5 
4397	12 
4398	69 
4399	12 
4400	2 
4401	60 
4402	61 
4403	18 
4404	6 
4405	85 
4406	34 
4407	67 
4408	44 
4409	20 
4410	20 
4411	51 
4412	33 
4413	58 
4414	44 
4415	2 
4416	4 
4417	12 
4418	61 
4419	9 
4420	28 
4421	95 
4422	82 
4423	66 
4424	90 
4425	59 
4426	59 
4427	39 
4428	24 
4429	36 
4430	52 
4431	18 
4432	33 
4433	70 
4434	58 
4435	30 
4436	51 
4437	75 
4438	25 
4439	25 
4440	54 
4441	53 
4442	34 
4443	28 
4444	85 
4445	67 
4446	1 
4447	88 
4448	85 
4449	47 
4450	67 
4451	28 
4452	39 
4453	84 
4454	51 
4455	1 
4456	90 
4457	39 
4458	2 
4459	14 
4460	50 
4461	60 
4462	33 
4463	6 
4464	79 
4465	45 
4466	83 
4467	6 
4468	8 
4469	65 
4470	8 
4471	45 
4472	73 
4473	50 
4474	62 
4475	44 
4476	75 
4477	50 
4478	80 
4479	14 
4480	2 
4481	93 
4482	75 
4483	83 
4484	46 
4485	36 
4486	13 
4487	3 
4488	50 
4489	14 
4490	47 
4491	6 
4492	70 
4493	14 
4494	41 
4495	4 
4496	44 
4497	50 
4498	22 
4499	59 
4500	52 
4501	86 
4502	49 
4503	9 
4504	66 
4505	11 
4506	29 
4507	36 
4508	87 
4509	14 
4510	13 
4511	13 
4512	45 
4513	60 
4514	12 
4515	55 
4516	88 
4517	9 
4518	44 
4519	60 
4520	47 
4521	15 
4522	80 
4523	64 
4524	94 
4525	90 
4526	14 
4527	85 
4528	34 
4529	17 
4530	50 
4531	24 
4532	12 
4533	58 
4534	93 
4535	3 
4536	85 
4537	41 
4538	79 
4539	58 
4540	94 
4541	83 
4542	26 
4543	7 
4544	50 
4545	3 
4546	46 
4547	75 
4548	73 
4549	44 
4550	58 
4551	2 
4552	7 
4553	29 
4554	93 
4555	85 
4556	54 
4557	74 
4558	52 
4559	5 
4560	93 
4561	54 
4562	49 
4563	82 
4564	54 
4565	5 
4566	8 
4567	54 
4568	95 
4569	17 
4570	14 
4571	80 
4572	80 
4573	61 
4574	45 
4575	61 
4576	85 
4577	93 
4578	95 
4579	81 
4580	24 
4581	58 
4582	61 
4583	73 
4584	25 
4585	83 
4586	90 
4587	47 
4588	64 
4589	7 
4590	64 
4591	8 
4592	65 
4593	81 
4594	85 
4595	5 
4596	76 
4597	5 
4598	76 
4599	26 
4600	28 
4601	60 
4602	64 
4603	87 
4604	88 
4605	14 
4606	74 
4607	54 
4608	34 
4609	79 
4610	58 
4611	11 
4612	53 
4613	7 
4614	45 
4615	58 
4616	61 
4617	5 
4618	6 
4619	17 
4620	38 
4621	90 
4622	60 
4623	14 
4624	52 
4625	41 
4626	54 
4627	64 
4628	51 
4629	81 
4630	94 
4631	14 
4632	94 
4633	58 
4634	92 
4635	82 
4636	7 
4637	88 
4638	8 
4639	3 
4640	69 
4641	11 
4642	58 
4643	14 
4644	4 
4645	64 
4646	14 
4647	44 
4648	38 
4649	18 
4650	9 
4651	68 
4652	47 
4653	53 
4654	13 
4655	95 
4656	9 
4657	94 
4658	29 
4659	5 
4660	54 
4661	94 
4662	74 
4663	83 
4664	49 
4665	25 
4666	3 
4667	9 
4668	67 
4669	92 
4670	61 
4671	58 
4672	12 
4673	81 
4674	82 
4675	58 
4676	50 
4677	17 
4678	84 
4679	92 
4680	18 
4681	83 
4682	90 
4683	12 
4684	90 
4685	13 
4686	59 
4687	14 
4688	87 
4689	82 
4690	46 
4691	6 
4692	17 
4693	14 
4694	87 
4695	67 
4696	64 
4697	51 
4698	58 
4699	54 
4700	45 
4701	84 
4702	60 
4703	2 
4704	83 
4705	61 
4706	17 
4707	9 
4708	94 
4709	88 
4710	14 
4711	4 
4712	41 
4713	41 
4714	92 
4715	12 
4716	64 
4717	87 
4718	93 
4719	54 
4720	26 
4721	60 
4722	12 
4723	58 
4724	73 
4725	52 
4726	45 
4727	14 
4728	50 
4729	45 
4730	50 
4731	81 
4732	50 
4733	46 
4734	93 
4735	66 
4736	39 
4737	44 
4738	51 
4739	29 
4740	50 
4741	79 
4742	59 
4743	81 
4744	35 
4745	44 
4746	34 
4747	3 
4748	50 
4749	14 
4750	39 
4751	81 
4752	17 
4753	26 
4754	53 
4755	9 
4756	3 
4757	12 
4758	11 
4759	49 
4760	28 
4761	20 
4762	26 
4763	59 
4764	18 
4765	87 
4766	61 
4767	5 
4768	18 
4769	87 
4770	45 
4771	64 
4772	59 
4773	85 
4774	12 
4775	65 
4776	54 
4777	81 
4778	50 
4779	50 
4780	33 
4781	87 
4782	14 
4783	29 
4784	29 
4785	14 
4786	67 
4787	18 
4788	59 
4789	50 
4790	69 
4791	18 
4792	45 
4793	26 
4794	34 
4795	35 
4796	49 
4797	87 
4798	34 
4799	92 
4800	49 
4801	44 
4802	94 
4803	45 
4804	3 
4805	38 
4806	53 
4807	5 
4808	52 
4809	54 
4810	64 
4811	67 
4812	47 
4813	65 
4814	20 
4815	25 
4816	59 
4817	4 
4818	67 
4819	85 
4820	33 
4821	5 
4822	54 
4823	43 
4824	85 
4825	60 
4826	54 
4827	47 
4828	35 
4829	52 
4830	52 
4831	93 
4832	49 
4833	12 
4834	47 
4835	61 
4836	61 
4837	58 
4838	35 
4839	7 
4840	29 
4841	4 
4842	52 
4843	81 
4844	35 
4845	34 
4846	7 
4847	3 
4848	92 
4849	81 
4850	29 
4851	85 
4852	29 
4853	44 
4854	25 
4855	94 
4856	6 
4857	94 
4858	34 
4859	47 
4860	94 
4861	92 
4862	39 
4863	64 
4864	7 
4865	58 
4866	3 
4867	65 
4868	67 
4869	47 
4870	61 
4871	61 
4872	28 
4873	60 
4874	87 
4875	5 
4876	3 
4877	92 
4878	53 
4879	52 
4880	28 
4881	35 
4882	64 
4883	81 
4884	14 
4885	14 
4886	50 
4887	65 
4888	59 
4889	39 
4890	47 
4891	87 
4892	65 
4893	3 
4894	61 
4895	6 
4896	39 
4897	4 
4898	54 
4899	59 
4900	94 
4901	45 
4902	3 
4903	50 
4904	12 
4905	93 
4906	59 
4907	94 
4908	7 
4909	67 
4910	65 
4911	45 
4912	3 
4913	53 
4914	81 
4915	93 
4916	67 
4917	67 
4918	28 
4919	64 
4920	4 
4921	92 
4922	60 
4923	94 
4924	53 
4925	60 
4926	87 
4927	93 
4928	52 
4929	85 
4930	6 
4931	82 
4932	28 
4933	52 
4934	34 
4935	26 
4936	53 
4937	29 
4938	67 
4939	14 
4940	92 
4941	4 
4942	54 
4943	60 
4944	61 
4945	59 
4946	45 
4947	82 
4948	94 
4949	82 
4950	6 
4951	29 
4952	85 
4953	61 
4954	82 
4955	53 
4956	58 
4957	67 
4958	81 
4959	7 
4960	65 
4961	64 
4962	47 
4963	93 
4964	39 
4965	64 
4966	59 
4967	85 
4968	93 
4969	6 
4970	5 
4971	85 
4972	60 
4973	58 
4974	14 
4975	58 
4976	85 
4977	85 
4978	87 
4979	47 
4980	34 
4981	92 
4982	61 
4983	6 
4984	39 
4985	65 
4986	45 
4987	60 
4988	61 
4989	39 
4990	39 
4991	67 
4992	82 
4993	47 
4994	92 
4995	14 
4996	67 
4997	50 
4998	50 
4999	14 
5000	65 
