1	4 
2	77 
3	11 
4	91 
5	15 
6	67 
7	88 
8	41 
9	54 
10	2 
11	71 
12	95 
13	78 
14	79 
15	74 
16	68 
17	41 
18	44 
19	3 
20	67 
21	69 
22	3 
23	103 
24	112 
25	3 
26	72 
27	91 
28	84 
29	99 
30	64 
31	93 
32	98 
33	80 
34	99 
35	41 
36	94 
37	110 
38	45 
39	84 
40	72 
41	93 
42	14 
43	80 
44	16 
45	9 
46	67 
47	99 
48	24 
49	13 
50	17 
51	91 
52	65 
53	99 
54	66 
55	104 
56	10 
57	49 
58	54 
59	91 
60	63 
61	40 
62	75 
63	108 
64	104 
65	8 
66	69 
67	65 
68	76 
69	66 
70	64 
71	71 
72	73 
73	4 
74	85 
75	11 
76	25 
77	98 
78	88 
79	37 
80	23 
81	60 
82	80 
83	46 
84	19 
85	64 
86	102 
87	21 
88	89 
89	44 
90	60 
91	28 
92	94 
93	5 
94	40 
95	31 
96	19 
97	111 
98	49 
99	45 
100	78 
101	66 
102	38 
103	20 
104	17 
105	21 
106	62 
107	59 
108	80 
109	65 
110	52 
111	106 
112	6 
113	32 
114	40 
115	16 
116	101 
117	112 
118	46 
119	81 
120	106 
121	105 
122	81 
123	32 
124	106 
125	38 
126	65 
127	101 
128	67 
129	17 
130	16 
131	4 
132	80 
133	99 
134	18 
135	16 
136	6 
137	64 
138	62 
139	43 
140	80 
141	60 
142	75 
143	79 
144	29 
145	2 
146	16 
147	32 
148	61 
149	32 
150	88 
151	46 
152	32 
153	55 
154	41 
155	66 
156	6 
157	2 
158	66 
159	84 
160	69 
161	93 
162	34 
163	4 
164	96 
165	79 
166	41 
167	88 
168	77 
169	67 
170	62 
171	7 
172	55 
173	91 
174	89 
175	66 
176	107 
177	102 
178	9 
179	2 
180	72 
181	67 
182	4 
183	70 
184	17 
185	17 
186	43 
187	78 
188	60 
189	53 
190	80 
191	109 
192	9 
193	32 
194	70 
195	74 
196	7 
197	80 
198	33 
199	28 
200	55 
201	21 
202	53 
203	73 
204	25 
205	53 
206	75 
207	36 
208	76 
209	58 
210	108 
211	45 
212	54 
213	79 
214	22 
215	42 
216	70 
217	69 
218	37 
219	96 
220	9 
221	85 
222	86 
223	23 
224	101 
225	63 
226	66 
227	3 
228	40 
229	108 
230	60 
231	84 
232	56 
233	9 
234	12 
235	111 
236	16 
237	85 
238	65 
239	109 
240	63 
241	22 
242	86 
243	46 
244	84 
245	75 
246	6 
247	25 
248	77 
249	54 
250	69 
251	67 
252	5 
253	46 
254	94 
255	37 
256	65 
257	43 
258	12 
259	106 
260	40 
261	43 
262	69 
263	71 
264	92 
265	55 
266	45 
267	21 
268	31 
269	98 
270	15 
271	6 
272	36 
273	46 
274	19 
275	4 
276	16 
277	7 
278	84 
279	82 
280	64 
281	46 
282	52 
283	60 
284	1 
285	50 
286	67 
287	47 
288	45 
289	107 
290	72 
291	7 
292	72 
293	50 
294	84 
295	109 
296	78 
297	29 
298	108 
299	63 
300	12 
301	21 
302	19 
303	68 
304	9 
305	107 
306	64 
307	74 
308	91 
309	69 
310	20 
311	20 
312	86 
313	104 
314	17 
315	36 
316	72 
317	9 
318	25 
319	31 
320	46 
321	93 
322	42 
323	20 
324	33 
325	109 
326	65 
327	96 
328	11 
329	71 
330	75 
331	69 
332	32 
333	35 
334	6 
335	104 
336	16 
337	23 
338	69 
339	54 
340	5 
341	67 
342	86 
343	88 
344	79 
345	81 
346	52 
347	65 
348	109 
349	44 
350	29 
351	1 
352	109 
353	67 
354	80 
355	87 
356	20 
357	45 
358	109 
359	63 
360	74 
361	72 
362	66 
363	88 
364	64 
365	103 
366	110 
367	109 
368	67 
369	99 
370	55 
371	82 
372	93 
373	11 
374	76 
375	53 
376	91 
377	47 
378	1 
379	107 
380	55 
381	36 
382	111 
383	6 
384	93 
385	100 
386	47 
387	75 
388	5 
389	108 
390	68 
391	71 
392	32 
393	9 
394	62 
395	72 
396	73 
397	98 
398	36 
399	68 
400	9 
401	18 
402	69 
403	46 
404	15 
405	5 
406	71 
407	92 
408	97 
409	95 
410	80 
411	47 
412	93 
413	35 
414	66 
415	32 
416	62 
417	102 
418	109 
419	53 
420	99 
421	62 
422	93 
423	43 
424	98 
425	105 
426	76 
427	44 
428	80 
429	10 
430	107 
431	46 
432	81 
433	24 
434	96 
435	50 
436	109 
437	45 
438	30 
439	76 
440	69 
441	90 
442	95 
443	69 
444	80 
445	28 
446	108 
447	40 
448	54 
449	87 
450	40 
451	25 
452	43 
453	64 
454	66 
455	41 
456	63 
457	17 
458	60 
459	75 
460	71 
461	99 
462	102 
463	111 
464	80 
465	68 
466	69 
467	88 
468	9 
469	25 
470	4 
471	16 
472	46 
473	16 
474	35 
475	91 
476	48 
477	102 
478	99 
479	43 
480	20 
481	69 
482	63 
483	20 
484	64 
485	92 
486	103 
487	109 
488	105 
489	8 
490	65 
491	22 
492	71 
493	91 
494	61 
495	9 
496	35 
497	41 
498	29 
499	87 
500	14 
501	83 
502	5 
503	102 
504	84 
505	9 
506	96 
507	9 
508	3 
509	90 
510	77 
511	23 
512	11 
513	111 
514	52 
515	16 
516	77 
517	102 
518	109 
519	34 
520	37 
521	31 
522	61 
523	31 
524	45 
525	55 
526	22 
527	87 
528	85 
529	109 
530	42 
531	4 
532	46 
533	26 
534	103 
535	93 
536	92 
537	35 
538	112 
539	4 
540	38 
541	88 
542	54 
543	40 
544	98 
545	56 
546	57 
547	40 
548	21 
549	18 
550	65 
551	79 
552	89 
553	54 
554	34 
555	67 
556	54 
557	5 
558	30 
559	20 
560	53 
561	40 
562	8 
563	100 
564	112 
565	71 
566	79 
567	16 
568	1 
569	36 
570	48 
571	99 
572	68 
573	48 
574	11 
575	80 
576	90 
577	99 
578	46 
579	101 
580	58 
581	5 
582	99 
583	6 
584	37 
585	93 
586	110 
587	70 
588	91 
589	64 
590	60 
591	102 
592	67 
593	111 
594	94 
595	7 
596	45 
597	6 
598	72 
599	112 
600	105 
601	40 
602	28 
603	110 
604	43 
605	90 
606	89 
607	104 
608	102 
609	13 
610	47 
611	13 
612	71 
613	39 
614	111 
615	69 
616	13 
617	104 
618	112 
619	21 
620	35 
621	43 
622	68 
623	60 
624	3 
625	91 
626	46 
627	33 
628	43 
629	70 
630	43 
631	25 
632	81 
633	56 
634	92 
635	39 
636	88 
637	104 
638	76 
639	111 
640	98 
641	82 
642	64 
643	84 
644	11 
645	71 
646	12 
647	53 
648	21 
649	88 
650	49 
651	41 
652	111 
653	25 
654	32 
655	47 
656	98 
657	44 
658	51 
659	40 
660	16 
661	96 
662	99 
663	81 
664	60 
665	28 
666	88 
667	9 
668	9 
669	65 
670	81 
671	40 
672	46 
673	30 
674	16 
675	8 
676	62 
677	109 
678	68 
679	102 
680	8 
681	60 
682	19 
683	111 
684	37 
685	48 
686	11 
687	102 
688	100 
689	13 
690	16 
691	78 
692	15 
693	90 
694	35 
695	42 
696	72 
697	18 
698	46 
699	78 
700	54 
701	87 
702	29 
703	53 
704	89 
705	15 
706	17 
707	81 
708	112 
709	56 
710	18 
711	97 
712	82 
713	40 
714	46 
715	24 
716	26 
717	16 
718	9 
719	8 
720	85 
721	20 
722	48 
723	6 
724	73 
725	98 
726	45 
727	112 
728	62 
729	18 
730	10 
731	4 
732	62 
733	81 
734	100 
735	80 
736	14 
737	47 
738	60 
739	105 
740	66 
741	72 
742	98 
743	2 
744	103 
745	90 
746	21 
747	49 
748	57 
749	49 
750	11 
751	11 
752	32 
753	109 
754	32 
755	109 
756	77 
757	104 
758	51 
759	87 
760	25 
761	80 
762	6 
763	107 
764	107 
765	4 
766	74 
767	84 
768	37 
769	98 
770	14 
771	101 
772	41 
773	109 
774	20 
775	67 
776	30 
777	102 
778	72 
779	72 
780	6 
781	70 
782	40 
783	15 
784	95 
785	57 
786	49 
787	47 
788	19 
789	37 
790	87 
791	93 
792	16 
793	12 
794	19 
795	53 
796	112 
797	3 
798	111 
799	30 
800	54 
801	102 
802	74 
803	41 
804	75 
805	29 
806	42 
807	19 
808	110 
809	57 
810	107 
811	83 
812	52 
813	71 
814	38 
815	96 
816	76 
817	45 
818	81 
819	45 
820	81 
821	23 
822	7 
823	49 
824	29 
825	54 
826	67 
827	80 
828	75 
829	83 
830	22 
831	78 
832	1 
833	17 
834	17 
835	73 
836	33 
837	99 
838	4 
839	97 
840	72 
841	6 
842	104 
843	21 
844	53 
845	95 
846	70 
847	98 
848	28 
849	19 
850	23 
851	78 
852	90 
853	76 
854	23 
855	53 
856	36 
857	76 
858	17 
859	91 
860	34 
861	46 
862	31 
863	54 
864	85 
865	38 
866	18 
867	38 
868	93 
869	106 
870	50 
871	71 
872	9 
873	50 
874	56 
875	47 
876	91 
877	71 
878	37 
879	10 
880	25 
881	51 
882	37 
883	7 
884	108 
885	102 
886	111 
887	19 
888	45 
889	98 
890	111 
891	23 
892	100 
893	28 
894	8 
895	94 
896	5 
897	57 
898	68 
899	99 
900	97 
901	109 
902	66 
903	4 
904	9 
905	52 
906	32 
907	43 
908	2 
909	104 
910	6 
911	60 
912	3 
913	20 
914	87 
915	5 
916	41 
917	99 
918	102 
919	6 
920	65 
921	5 
922	11 
923	48 
924	109 
925	111 
926	9 
927	41 
928	1 
929	4 
930	47 
931	50 
932	7 
933	92 
934	24 
935	21 
936	49 
937	70 
938	3 
939	19 
940	15 
941	38 
942	109 
943	69 
944	90 
945	93 
946	45 
947	10 
948	11 
949	104 
950	28 
951	16 
952	38 
953	73 
954	23 
955	21 
956	6 
957	54 
958	32 
959	61 
960	10 
961	97 
962	108 
963	60 
964	64 
965	28 
966	50 
967	54 
968	97 
969	43 
970	72 
971	7 
972	91 
973	61 
974	12 
975	4 
976	19 
977	6 
978	92 
979	46 
980	41 
981	83 
982	55 
983	69 
984	22 
985	88 
986	24 
987	69 
988	81 
989	6 
990	43 
991	98 
992	37 
993	68 
994	62 
995	109 
996	80 
997	83 
998	88 
999	73 
1000	18 
1001	100 
1002	68 
1003	17 
1004	40 
1005	4 
1006	87 
1007	46 
1008	104 
1009	64 
1010	109 
1011	19 
1012	16 
1013	81 
1014	71 
1015	60 
1016	91 
1017	1 
1018	103 
1019	99 
1020	28 
1021	85 
1022	20 
1023	44 
1024	46 
1025	21 
1026	88 
1027	8 
1028	28 
1029	45 
1030	44 
1031	21 
1032	80 
1033	19 
1034	9 
1035	39 
1036	9 
1037	17 
1038	110 
1039	106 
1040	53 
1041	3 
1042	74 
1043	109 
1044	6 
1045	4 
1046	101 
1047	54 
1048	18 
1049	41 
1050	67 
1051	23 
1052	63 
1053	50 
1054	80 
1055	91 
1056	50 
1057	13 
1058	37 
1059	32 
1060	85 
1061	5 
1062	58 
1063	11 
1064	29 
1065	93 
1066	51 
1067	88 
1068	71 
1069	67 
1070	44 
1071	1 
1072	40 
1073	92 
1074	46 
1075	1 
1076	80 
1077	46 
1078	32 
1079	21 
1080	8 
1081	49 
1082	4 
1083	43 
1084	16 
1085	93 
1086	98 
1087	53 
1088	35 
1089	34 
1090	74 
1091	33 
1092	70 
1093	26 
1094	1 
1095	76 
1096	93 
1097	54 
1098	94 
1099	57 
1100	84 
1101	41 
1102	5 
1103	19 
1104	107 
1105	64 
1106	18 
1107	22 
1108	26 
1109	43 
1110	68 
1111	72 
1112	55 
1113	2 
1114	110 
1115	55 
1116	23 
1117	111 
1118	72 
1119	9 
1120	95 
1121	59 
1122	50 
1123	105 
1124	40 
1125	53 
1126	3 
1127	67 
1128	41 
1129	11 
1130	24 
1131	31 
1132	67 
1133	3 
1134	61 
1135	48 
1136	69 
1137	74 
1138	73 
1139	19 
1140	68 
1141	54 
1142	93 
1143	75 
1144	82 
1145	88 
1146	40 
1147	54 
1148	98 
1149	62 
1150	59 
1151	19 
1152	108 
1153	103 
1154	107 
1155	28 
1156	99 
1157	55 
1158	109 
1159	75 
1160	9 
1161	37 
1162	95 
1163	66 
1164	20 
1165	60 
1166	87 
1167	85 
1168	19 
1169	42 
1170	45 
1171	65 
1172	4 
1173	36 
1174	59 
1175	28 
1176	20 
1177	11 
1178	30 
1179	39 
1180	29 
1181	53 
1182	70 
1183	106 
1184	1 
1185	23 
1186	98 
1187	49 
1188	60 
1189	83 
1190	11 
1191	43 
1192	47 
1193	60 
1194	70 
1195	11 
1196	97 
1197	93 
1198	95 
1199	90 
1200	108 
1201	11 
1202	63 
1203	43 
1204	6 
1205	45 
1206	23 
1207	34 
1208	72 
1209	101 
1210	109 
1211	11 
1212	54 
1213	2 
1214	107 
1215	59 
1216	79 
1217	20 
1218	53 
1219	41 
1220	92 
1221	108 
1222	6 
1223	80 
1224	57 
1225	60 
1226	54 
1227	6 
1228	50 
1229	37 
1230	107 
1231	30 
1232	43 
1233	65 
1234	67 
1235	58 
1236	22 
1237	58 
1238	28 
1239	67 
1240	10 
1241	46 
1242	25 
1243	20 
1244	103 
1245	54 
1246	53 
1247	24 
1248	22 
1249	4 
1250	67 
1251	5 
1252	54 
1253	29 
1254	74 
1255	74 
1256	80 
1257	62 
1258	77 
1259	100 
1260	60 
1261	32 
1262	98 
1263	102 
1264	105 
1265	66 
1266	81 
1267	88 
1268	18 
1269	35 
1270	50 
1271	96 
1272	103 
1273	5 
1274	71 
1275	107 
1276	93 
1277	80 
1278	30 
1279	69 
1280	4 
1281	29 
1282	35 
1283	46 
1284	54 
1285	33 
1286	93 
1287	56 
1288	42 
1289	3 
1290	17 
1291	8 
1292	53 
1293	91 
1294	104 
1295	3 
1296	94 
1297	65 
1298	6 
1299	75 
1300	30 
1301	3 
1302	46 
1303	3 
1304	85 
1305	101 
1306	2 
1307	102 
1308	99 
1309	60 
1310	49 
1311	15 
1312	41 
1313	33 
1314	54 
1315	75 
1316	90 
1317	103 
1318	88 
1319	71 
1320	101 
1321	85 
1322	96 
1323	18 
1324	40 
1325	81 
1326	49 
1327	21 
1328	61 
1329	76 
1330	60 
1331	72 
1332	53 
1333	2 
1334	78 
1335	7 
1336	5 
1337	86 
1338	22 
1339	88 
1340	91 
1341	72 
1342	32 
1343	80 
1344	57 
1345	109 
1346	68 
1347	4 
1348	70 
1349	72 
1350	104 
1351	9 
1352	32 
1353	63 
1354	18 
1355	109 
1356	93 
1357	36 
1358	61 
1359	62 
1360	91 
1361	101 
1362	68 
1363	36 
1364	43 
1365	58 
1366	20 
1367	58 
1368	28 
1369	66 
1370	21 
1371	109 
1372	9 
1373	64 
1374	15 
1375	49 
1376	105 
1377	81 
1378	108 
1379	22 
1380	42 
1381	72 
1382	43 
1383	100 
1384	100 
1385	4 
1386	50 
1387	93 
1388	86 
1389	14 
1390	34 
1391	65 
1392	106 
1393	72 
1394	52 
1395	64 
1396	36 
1397	15 
1398	90 
1399	80 
1400	107 
1401	37 
1402	35 
1403	58 
1404	68 
1405	50 
1406	68 
1407	63 
1408	21 
1409	55 
1410	72 
1411	99 
1412	19 
1413	13 
1414	14 
1415	91 
1416	71 
1417	31 
1418	84 
1419	77 
1420	110 
1421	80 
1422	75 
1423	37 
1424	42 
1425	38 
1426	61 
1427	81 
1428	98 
1429	108 
1430	28 
1431	101 
1432	17 
1433	80 
1434	2 
1435	32 
1436	54 
1437	74 
1438	37 
1439	109 
1440	17 
1441	52 
1442	72 
1443	19 
1444	112 
1445	104 
1446	76 
1447	41 
1448	18 
1449	81 
1450	30 
1451	73 
1452	6 
1453	55 
1454	82 
1455	19 
1456	20 
1457	7 
1458	112 
1459	69 
1460	80 
1461	112 
1462	108 
1463	83 
1464	109 
1465	2 
1466	46 
1467	18 
1468	11 
1469	3 
1470	82 
1471	80 
1472	41 
1473	72 
1474	79 
1475	112 
1476	109 
1477	15 
1478	78 
1479	45 
1480	18 
1481	103 
1482	29 
1483	105 
1484	81 
1485	110 
1486	57 
1487	30 
1488	11 
1489	9 
1490	28 
1491	50 
1492	54 
1493	101 
1494	43 
1495	94 
1496	45 
1497	21 
1498	69 
1499	51 
1500	21 
1501	8 
1502	46 
1503	87 
1504	28 
1505	9 
1506	70 
1507	85 
1508	77 
1509	65 
1510	49 
1511	76 
1512	13 
1513	83 
1514	49 
1515	33 
1516	49 
1517	9 
1518	69 
1519	75 
1520	87 
1521	13 
1522	54 
1523	27 
1524	5 
1525	18 
1526	69 
1527	56 
1528	70 
1529	62 
1530	29 
1531	8 
1532	46 
1533	72 
1534	84 
1535	96 
1536	31 
1537	10 
1538	85 
1539	104 
1540	6 
1541	20 
1542	80 
1543	80 
1544	83 
1545	57 
1546	29 
1547	35 
1548	32 
1549	93 
1550	18 
1551	55 
1552	18 
1553	65 
1554	71 
1555	88 
1556	110 
1557	44 
1558	29 
1559	37 
1560	18 
1561	87 
1562	53 
1563	51 
1564	103 
1565	92 
1566	15 
1567	57 
1568	88 
1569	36 
1570	44 
1571	13 
1572	43 
1573	46 
1574	18 
1575	92 
1576	39 
1577	90 
1578	73 
1579	100 
1580	66 
1581	53 
1582	16 
1583	55 
1584	78 
1585	21 
1586	37 
1587	71 
1588	53 
1589	109 
1590	40 
1591	21 
1592	72 
1593	75 
1594	66 
1595	71 
1596	93 
1597	71 
1598	77 
1599	87 
1600	80 
1601	31 
1602	76 
1603	20 
1604	87 
1605	15 
1606	50 
1607	45 
1608	65 
1609	30 
1610	100 
1611	20 
1612	24 
1613	11 
1614	14 
1615	83 
1616	13 
1617	6 
1618	64 
1619	15 
1620	84 
1621	90 
1622	76 
1623	53 
1624	56 
1625	41 
1626	40 
1627	45 
1628	54 
1629	6 
1630	105 
1631	30 
1632	102 
1633	104 
1634	12 
1635	35 
1636	6 
1637	69 
1638	32 
1639	99 
1640	34 
1641	4 
1642	75 
1643	99 
1644	69 
1645	71 
1646	44 
1647	35 
1648	4 
1649	41 
1650	33 
1651	107 
1652	28 
1653	78 
1654	21 
1655	12 
1656	64 
1657	55 
1658	67 
1659	79 
1660	37 
1661	75 
1662	17 
1663	49 
1664	111 
1665	5 
1666	59 
1667	76 
1668	10 
1669	53 
1670	106 
1671	66 
1672	94 
1673	104 
1674	37 
1675	46 
1676	92 
1677	72 
1678	2 
1679	46 
1680	43 
1681	75 
1682	98 
1683	64 
1684	2 
1685	83 
1686	64 
1687	94 
1688	43 
1689	9 
1690	11 
1691	78 
1692	46 
1693	1 
1694	4 
1695	46 
1696	101 
1697	103 
1698	80 
1699	53 
1700	65 
1701	102 
1702	49 
1703	74 
1704	4 
1705	31 
1706	71 
1707	60 
1708	42 
1709	15 
1710	36 
1711	6 
1712	63 
1713	46 
1714	87 
1715	78 
1716	111 
1717	85 
1718	36 
1719	47 
1720	109 
1721	84 
1722	50 
1723	104 
1724	44 
1725	111 
1726	16 
1727	45 
1728	76 
1729	52 
1730	6 
1731	109 
1732	28 
1733	93 
1734	52 
1735	104 
1736	46 
1737	88 
1738	42 
1739	79 
1740	100 
1741	62 
1742	37 
1743	21 
1744	46 
1745	93 
1746	28 
1747	21 
1748	54 
1749	82 
1750	38 
1751	93 
1752	39 
1753	96 
1754	21 
1755	60 
1756	76 
1757	102 
1758	107 
1759	62 
1760	111 
1761	80 
1762	12 
1763	41 
1764	54 
1765	4 
1766	99 
1767	45 
1768	75 
1769	101 
1770	39 
1771	30 
1772	9 
1773	94 
1774	37 
1775	36 
1776	73 
1777	86 
1778	71 
1779	5 
1780	100 
1781	4 
1782	63 
1783	16 
1784	65 
1785	76 
1786	41 
1787	109 
1788	18 
1789	51 
1790	5 
1791	86 
1792	100 
1793	88 
1794	3 
1795	107 
1796	46 
1797	1 
1798	22 
1799	42 
1800	41 
1801	67 
1802	7 
1803	98 
1804	99 
1805	53 
1806	111 
1807	87 
1808	63 
1809	40 
1810	87 
1811	75 
1812	50 
1813	67 
1814	13 
1815	99 
1816	18 
1817	80 
1818	54 
1819	72 
1820	104 
1821	30 
1822	111 
1823	90 
1824	109 
1825	4 
1826	40 
1827	98 
1828	53 
1829	9 
1830	54 
1831	47 
1832	58 
1833	80 
1834	68 
1835	9 
1836	4 
1837	16 
1838	112 
1839	6 
1840	68 
1841	59 
1842	54 
1843	55 
1844	67 
1845	4 
1846	26 
1847	11 
1848	11 
1849	82 
1850	99 
1851	50 
1852	109 
1853	78 
1854	91 
1855	32 
1856	44 
1857	24 
1858	63 
1859	38 
1860	109 
1861	27 
1862	64 
1863	64 
1864	12 
1865	37 
1866	82 
1867	72 
1868	94 
1869	109 
1870	5 
1871	16 
1872	111 
1873	34 
1874	81 
1875	67 
1876	46 
1877	2 
1878	65 
1879	21 
1880	98 
1881	104 
1882	61 
1883	61 
1884	80 
1885	75 
1886	100 
1887	44 
1888	41 
1889	41 
1890	95 
1891	48 
1892	28 
1893	35 
1894	1 
1895	61 
1896	18 
1897	17 
1898	78 
1899	57 
1900	18 
1901	45 
1902	107 
1903	40 
1904	64 
1905	18 
1906	103 
1907	80 
1908	8 
1909	19 
1910	8 
1911	59 
1912	72 
1913	109 
1914	83 
1915	6 
1916	75 
1917	81 
1918	99 
1919	93 
1920	27 
1921	72 
1922	69 
1923	83 
1924	57 
1925	40 
1926	64 
1927	12 
1928	29 
1929	11 
1930	78 
1931	109 
1932	51 
1933	112 
1934	79 
1935	82 
1936	86 
1937	104 
1938	5 
1939	93 
1940	17 
1941	72 
1942	72 
1943	68 
1944	101 
1945	109 
1946	20 
1947	72 
1948	78 
1949	91 
1950	72 
1951	96 
1952	65 
1953	107 
1954	67 
1955	99 
1956	18 
1957	111 
1958	87 
1959	30 
1960	64 
1961	18 
1962	10 
1963	88 
1964	85 
1965	63 
1966	80 
1967	86 
1968	94 
1969	80 
1970	66 
1971	20 
1972	109 
1973	6 
1974	87 
1975	72 
1976	30 
1977	82 
1978	5 
1979	1 
1980	32 
1981	37 
1982	92 
1983	92 
1984	55 
1985	58 
1986	77 
1987	96 
1988	6 
1989	26 
1990	84 
1991	60 
1992	103 
1993	99 
1994	67 
1995	43 
1996	106 
1997	53 
1998	100 
1999	76 
2000	59 
2001	10 
2002	88 
2003	35 
2004	108 
2005	109 
2006	45 
2007	4 
2008	19 
2009	63 
2010	64 
2011	30 
2012	52 
2013	43 
2014	45 
2015	18 
2016	13 
2017	18 
2018	112 
2019	59 
2020	70 
2021	58 
2022	4 
2023	81 
2024	44 
2025	64 
2026	69 
2027	16 
2028	64 
2029	53 
2030	4 
2031	89 
2032	7 
2033	109 
2034	43 
2035	98 
2036	40 
2037	91 
2038	109 
2039	20 
2040	36 
2041	6 
2042	45 
2043	38 
2044	69 
2045	19 
2046	20 
2047	47 
2048	7 
2049	36 
2050	93 
2051	18 
2052	46 
2053	54 
2054	69 
2055	112 
2056	80 
2057	43 
2058	32 
2059	109 
2060	61 
2061	77 
2062	25 
2063	16 
2064	65 
2065	54 
2066	5 
2067	79 
2068	10 
2069	69 
2070	54 
2071	67 
2072	9 
2073	68 
2074	9 
2075	88 
2076	92 
2077	80 
2078	108 
2079	7 
2080	17 
2081	1 
2082	43 
2083	87 
2084	30 
2085	41 
2086	6 
2087	28 
2088	80 
2089	16 
2090	60 
2091	30 
2092	109 
2093	10 
2094	3 
2095	85 
2096	68 
2097	71 
2098	66 
2099	76 
2100	15 
2101	88 
2102	51 
2103	63 
2104	71 
2105	112 
2106	110 
2107	112 
2108	27 
2109	78 
2110	25 
2111	43 
2112	13 
2113	99 
2114	23 
2115	32 
2116	81 
2117	99 
2118	54 
2119	60 
2120	55 
2121	112 
2122	49 
2123	54 
2124	58 
2125	3 
2126	22 
2127	74 
2128	95 
2129	107 
2130	32 
2131	45 
2132	88 
2133	100 
2134	94 
2135	35 
2136	27 
2137	18 
2138	109 
2139	73 
2140	8 
2141	15 
2142	9 
2143	108 
2144	6 
2145	46 
2146	21 
2147	81 
2148	32 
2149	67 
2150	26 
2151	69 
2152	31 
2153	62 
2154	72 
2155	11 
2156	109 
2157	98 
2158	63 
2159	60 
2160	62 
2161	109 
2162	26 
2163	91 
2164	83 
2165	28 
2166	60 
2167	18 
2168	5 
2169	9 
2170	93 
2171	84 
2172	106 
2173	11 
2174	40 
2175	98 
2176	104 
2177	69 
2178	112 
2179	46 
2180	32 
2181	4 
2182	73 
2183	14 
2184	28 
2185	67 
2186	11 
2187	9 
2188	14 
2189	45 
2190	24 
2191	16 
2192	72 
2193	66 
2194	8 
2195	14 
2196	18 
2197	41 
2198	67 
2199	39 
2200	34 
2201	111 
2202	90 
2203	96 
2204	88 
2205	60 
2206	40 
2207	9 
2208	27 
2209	93 
2210	49 
2211	94 
2212	43 
2213	109 
2214	102 
2215	30 
2216	72 
2217	109 
2218	73 
2219	8 
2220	25 
2221	16 
2222	62 
2223	44 
2224	88 
2225	68 
2226	91 
2227	26 
2228	51 
2229	69 
2230	67 
2231	10 
2232	48 
2233	103 
2234	78 
2235	12 
2236	18 
2237	80 
2238	6 
2239	104 
2240	49 
2241	15 
2242	111 
2243	109 
2244	80 
2245	88 
2246	81 
2247	108 
2248	53 
2249	1 
2250	78 
2251	37 
2252	68 
2253	109 
2254	37 
2255	59 
2256	73 
2257	71 
2258	37 
2259	112 
2260	88 
2261	36 
2262	29 
2263	83 
2264	102 
2265	5 
2266	104 
2267	20 
2268	58 
2269	5 
2270	12 
2271	41 
2272	16 
2273	95 
2274	1 
2275	32 
2276	4 
2277	15 
2278	25 
2279	98 
2280	111 
2281	67 
2282	109 
2283	72 
2284	3 
2285	67 
2286	59 
2287	15 
2288	87 
2289	42 
2290	40 
2291	93 
2292	86 
2293	10 
2294	15 
2295	66 
2296	72 
2297	47 
2298	90 
2299	52 
2300	46 
2301	69 
2302	53 
2303	23 
2304	108 
2305	71 
2306	54 
2307	25 
2308	32 
2309	49 
2310	26 
2311	25 
2312	62 
2313	42 
2314	88 
2315	93 
2316	9 
2317	51 
2318	54 
2319	19 
2320	110 
2321	84 
2322	107 
2323	60 
2324	28 
2325	50 
2326	88 
2327	51 
2328	53 
2329	111 
2330	78 
2331	17 
2332	21 
2333	69 
2334	111 
2335	11 
2336	14 
2337	99 
2338	38 
2339	57 
2340	11 
2341	41 
2342	13 
2343	112 
2344	76 
2345	109 
2346	9 
2347	72 
2348	97 
2349	16 
2350	67 
2351	4 
2352	88 
2353	98 
2354	54 
2355	36 
2356	40 
2357	105 
2358	107 
2359	60 
2360	1 
2361	15 
2362	48 
2363	43 
2364	19 
2365	60 
2366	19 
2367	63 
2368	111 
2369	98 
2370	102 
2371	49 
2372	18 
2373	54 
2374	84 
2375	3 
2376	2 
2377	104 
2378	14 
2379	34 
2380	21 
2381	33 
2382	89 
2383	13 
2384	25 
2385	84 
2386	64 
2387	56 
2388	69 
2389	91 
2390	7 
2391	102 
2392	71 
2393	30 
2394	5 
2395	80 
2396	43 
2397	80 
2398	79 
2399	89 
2400	47 
2401	102 
2402	20 
2403	25 
2404	45 
2405	11 
2406	5 
2407	43 
2408	27 
2409	98 
2410	30 
2411	93 
2412	40 
2413	28 
2414	20 
2415	70 
2416	49 
2417	45 
2418	71 
2419	27 
2420	37 
2421	112 
2422	49 
2423	45 
2424	87 
2425	52 
2426	103 
2427	112 
2428	4 
2429	80 
2430	102 
2431	3 
2432	83 
2433	84 
2434	45 
2435	76 
2436	112 
2437	18 
2438	112 
2439	16 
2440	41 
2441	6 
2442	81 
2443	17 
2444	40 
2445	87 
2446	47 
2447	72 
2448	90 
2449	72 
2450	93 
2451	9 
2452	9 
2453	16 
2454	93 
2455	100 
2456	16 
2457	15 
2458	17 
2459	112 
2460	49 
2461	55 
2462	50 
2463	10 
2464	24 
2465	96 
2466	27 
2467	68 
2468	90 
2469	65 
2470	88 
2471	77 
2472	54 
2473	103 
2474	104 
2475	59 
2476	62 
2477	102 
2478	88 
2479	17 
2480	11 
2481	36 
2482	58 
2483	66 
2484	112 
2485	45 
2486	94 
2487	43 
2488	98 
2489	95 
2490	49 
2491	71 
2492	112 
2493	80 
2494	2 
2495	83 
2496	109 
2497	81 
2498	107 
2499	24 
2500	31 
2501	76 
2502	49 
2503	69 
2504	11 
2505	10 
2506	48 
2507	89 
2508	88 
2509	18 
2510	6 
2511	35 
2512	9 
2513	49 
2514	47 
2515	14 
2516	29 
2517	104 
2518	19 
2519	85 
2520	16 
2521	109 
2522	104 
2523	42 
2524	72 
2525	24 
2526	77 
2527	105 
2528	76 
2529	69 
2530	18 
2531	27 
2532	46 
2533	102 
2534	92 
2535	87 
2536	103 
2537	55 
2538	92 
2539	74 
2540	45 
2541	29 
2542	71 
2543	83 
2544	79 
2545	98 
2546	82 
2547	28 
2548	9 
2549	25 
2550	24 
2551	109 
2552	46 
2553	86 
2554	64 
2555	93 
2556	51 
2557	8 
2558	53 
2559	44 
2560	104 
2561	67 
2562	80 
2563	60 
2564	61 
2565	17 
2566	72 
2567	54 
2568	97 
2569	93 
2570	98 
2571	34 
2572	58 
2573	10 
2574	40 
2575	48 
2576	16 
2577	111 
2578	21 
2579	60 
2580	43 
2581	79 
2582	32 
2583	104 
2584	81 
2585	67 
2586	27 
2587	36 
2588	72 
2589	72 
2590	19 
2591	49 
2592	41 
2593	52 
2594	42 
2595	66 
2596	38 
2597	72 
2598	19 
2599	111 
2600	23 
2601	79 
2602	43 
2603	5 
2604	93 
2605	84 
2606	31 
2607	8 
2608	66 
2609	112 
2610	16 
2611	80 
2612	3 
2613	111 
2614	18 
2615	78 
2616	104 
2617	49 
2618	36 
2619	53 
2620	91 
2621	81 
2622	46 
2623	86 
2624	6 
2625	72 
2626	28 
2627	37 
2628	55 
2629	25 
2630	32 
2631	21 
2632	17 
2633	88 
2634	82 
2635	110 
2636	54 
2637	43 
2638	10 
2639	52 
2640	39 
2641	38 
2642	45 
2643	29 
2644	4 
2645	18 
2646	69 
2647	4 
2648	71 
2649	19 
2650	69 
2651	17 
2652	81 
2653	64 
2654	100 
2655	45 
2656	15 
2657	80 
2658	35 
2659	37 
2660	60 
2661	102 
2662	43 
2663	9 
2664	66 
2665	111 
2666	43 
2667	11 
2668	50 
2669	47 
2670	61 
2671	15 
2672	63 
2673	94 
2674	88 
2675	12 
2676	37 
2677	44 
2678	73 
2679	3 
2680	68 
2681	49 
2682	81 
2683	7 
2684	41 
2685	6 
2686	3 
2687	9 
2688	77 
2689	45 
2690	80 
2691	15 
2692	92 
2693	98 
2694	11 
2695	49 
2696	6 
2697	43 
2698	28 
2699	93 
2700	11 
2701	78 
2702	30 
2703	80 
2704	10 
2705	47 
2706	99 
2707	9 
2708	86 
2709	106 
2710	55 
2711	112 
2712	83 
2713	37 
2714	75 
2715	63 
2716	16 
2717	21 
2718	36 
2719	72 
2720	112 
2721	31 
2722	72 
2723	64 
2724	9 
2725	61 
2726	33 
2727	59 
2728	41 
2729	87 
2730	83 
2731	39 
2732	15 
2733	13 
2734	66 
2735	49 
2736	54 
2737	76 
2738	71 
2739	112 
2740	44 
2741	37 
2742	40 
2743	80 
2744	66 
2745	102 
2746	32 
2747	66 
2748	101 
2749	42 
2750	46 
2751	76 
2752	40 
2753	29 
2754	26 
2755	2 
2756	16 
2757	5 
2758	82 
2759	109 
2760	40 
2761	50 
2762	46 
2763	49 
2764	4 
2765	104 
2766	9 
2767	84 
2768	16 
2769	7 
2770	36 
2771	12 
2772	30 
2773	41 
2774	6 
2775	70 
2776	93 
2777	65 
2778	73 
2779	43 
2780	59 
2781	93 
2782	109 
2783	68 
2784	15 
2785	107 
2786	111 
2787	71 
2788	4 
2789	29 
2790	85 
2791	11 
2792	92 
2793	67 
2794	78 
2795	4 
2796	33 
2797	2 
2798	29 
2799	27 
2800	16 
2801	14 
2802	78 
2803	70 
2804	11 
2805	82 
2806	43 
2807	45 
2808	75 
2809	69 
2810	94 
2811	88 
2812	45 
2813	70 
2814	45 
2815	102 
2816	32 
2817	102 
2818	12 
2819	49 
2820	18 
2821	9 
2822	58 
2823	102 
2824	76 
2825	83 
2826	45 
2827	86 
2828	60 
2829	62 
2830	9 
2831	103 
2832	83 
2833	19 
2834	78 
2835	76 
2836	16 
2837	97 
2838	55 
2839	69 
2840	9 
2841	6 
2842	43 
2843	10 
2844	30 
2845	81 
2846	7 
2847	104 
2848	101 
2849	104 
2850	4 
2851	5 
2852	75 
2853	72 
2854	53 
2855	12 
2856	68 
2857	72 
2858	85 
2859	40 
2860	36 
2861	12 
2862	49 
2863	71 
2864	66 
2865	25 
2866	4 
2867	66 
2868	109 
2869	68 
2870	55 
2871	73 
2872	56 
2873	64 
2874	111 
2875	30 
2876	93 
2877	61 
2878	3 
2879	88 
2880	99 
2881	27 
2882	46 
2883	80 
2884	80 
2885	73 
2886	21 
2887	72 
2888	19 
2889	87 
2890	83 
2891	52 
2892	99 
2893	66 
2894	49 
2895	47 
2896	43 
2897	26 
2898	16 
2899	34 
2900	112 
2901	24 
2902	79 
2903	62 
2904	107 
2905	109 
2906	66 
2907	96 
2908	53 
2909	20 
2910	26 
2911	101 
2912	39 
2913	68 
2914	91 
2915	17 
2916	9 
2917	102 
2918	53 
2919	49 
2920	89 
2921	81 
2922	73 
2923	69 
2924	77 
2925	37 
2926	43 
2927	72 
2928	9 
2929	28 
2930	37 
2931	112 
2932	3 
2933	5 
2934	41 
2935	94 
2936	69 
2937	40 
2938	54 
2939	71 
2940	76 
2941	28 
2942	25 
2943	77 
2944	56 
2945	28 
2946	99 
2947	51 
2948	53 
2949	9 
2950	106 
2951	96 
2952	49 
2953	1 
2954	59 
2955	111 
2956	45 
2957	38 
2958	88 
2959	60 
2960	103 
2961	73 
2962	6 
2963	69 
2964	43 
2965	104 
2966	27 
2967	18 
2968	82 
2969	20 
2970	20 
2971	107 
2972	72 
2973	35 
2974	104 
2975	41 
2976	93 
2977	94 
2978	68 
2979	97 
2980	53 
2981	43 
2982	83 
2983	33 
2984	111 
2985	4 
2986	111 
2987	4 
2988	44 
2989	83 
2990	65 
2991	4 
2992	25 
2993	36 
2994	92 
2995	21 
2996	109 
2997	17 
2998	15 
2999	47 
3000	12 
3001	106 
3002	112 
3003	37 
3004	15 
3005	90 
3006	74 
3007	103 
3008	71 
3009	2 
3010	71 
3011	87 
3012	40 
3013	76 
3014	60 
3015	106 
3016	44 
3017	104 
3018	98 
3019	80 
3020	78 
3021	110 
3022	8 
3023	28 
3024	11 
3025	29 
3026	107 
3027	2 
3028	92 
3029	6 
3030	94 
3031	100 
3032	65 
3033	5 
3034	76 
3035	53 
3036	38 
3037	45 
3038	56 
3039	59 
3040	87 
3041	17 
3042	14 
3043	107 
3044	51 
3045	32 
3046	55 
3047	59 
3048	6 
3049	3 
3050	91 
3051	100 
3052	12 
3053	77 
3054	61 
3055	54 
3056	90 
3057	70 
3058	104 
3059	39 
3060	28 
3061	86 
3062	29 
3063	50 
3064	17 
3065	75 
3066	41 
3067	53 
3068	70 
3069	1 
3070	8 
3071	107 
3072	19 
3073	34 
3074	38 
3075	70 
3076	54 
3077	103 
3078	65 
3079	71 
3080	28 
3081	28 
3082	62 
3083	73 
3084	64 
3085	71 
3086	66 
3087	101 
3088	72 
3089	32 
3090	9 
3091	6 
3092	109 
3093	72 
3094	111 
3095	88 
3096	45 
3097	64 
3098	112 
3099	38 
3100	91 
3101	45 
3102	34 
3103	72 
3104	5 
3105	52 
3106	41 
3107	61 
3108	104 
3109	21 
3110	1 
3111	102 
3112	3 
3113	21 
3114	26 
3115	105 
3116	91 
3117	106 
3118	85 
3119	2 
3120	72 
3121	54 
3122	26 
3123	2 
3124	69 
3125	23 
3126	98 
3127	96 
3128	112 
3129	29 
3130	59 
3131	76 
3132	107 
3133	24 
3134	72 
3135	98 
3136	104 
3137	57 
3138	16 
3139	89 
3140	102 
3141	20 
3142	6 
3143	25 
3144	81 
3145	62 
3146	97 
3147	27 
3148	95 
3149	28 
3150	28 
3151	31 
3152	90 
3153	77 
3154	86 
3155	3 
3156	109 
3157	65 
3158	60 
3159	67 
3160	107 
3161	6 
3162	40 
3163	75 
3164	1 
3165	17 
3166	39 
3167	112 
3168	84 
3169	66 
3170	74 
3171	1 
3172	32 
3173	54 
3174	5 
3175	19 
3176	98 
3177	12 
3178	96 
3179	60 
3180	12 
3181	111 
3182	5 
3183	46 
3184	19 
3185	53 
3186	84 
3187	109 
3188	90 
3189	28 
3190	29 
3191	1 
3192	25 
3193	107 
3194	37 
3195	4 
3196	45 
3197	53 
3198	63 
3199	46 
3200	83 
3201	56 
3202	10 
3203	18 
3204	97 
3205	97 
3206	104 
3207	78 
3208	63 
3209	41 
3210	69 
3211	31 
3212	95 
3213	22 
3214	67 
3215	72 
3216	62 
3217	95 
3218	64 
3219	112 
3220	106 
3221	87 
3222	65 
3223	37 
3224	40 
3225	9 
3226	61 
3227	42 
3228	112 
3229	3 
3230	79 
3231	104 
3232	93 
3233	45 
3234	55 
3235	98 
3236	80 
3237	53 
3238	109 
3239	78 
3240	15 
3241	5 
3242	6 
3243	61 
3244	47 
3245	51 
3246	16 
3247	80 
3248	45 
3249	1 
3250	68 
3251	54 
3252	58 
3253	5 
3254	6 
3255	46 
3256	34 
3257	9 
3258	100 
3259	40 
3260	37 
3261	46 
3262	92 
3263	44 
3264	41 
3265	23 
3266	67 
3267	35 
3268	107 
3269	45 
3270	53 
3271	73 
3272	9 
3273	49 
3274	109 
3275	83 
3276	71 
3277	43 
3278	14 
3279	44 
3280	4 
3281	61 
3282	9 
3283	94 
3284	24 
3285	85 
3286	32 
3287	32 
3288	50 
3289	53 
3290	90 
3291	41 
3292	43 
3293	88 
3294	107 
3295	13 
3296	31 
3297	54 
3298	40 
3299	109 
3300	103 
3301	107 
3302	99 
3303	61 
3304	60 
3305	54 
3306	80 
3307	82 
3308	19 
3309	93 
3310	25 
3311	6 
3312	80 
3313	73 
3314	99 
3315	64 
3316	110 
3317	46 
3318	74 
3319	108 
3320	67 
3321	108 
3322	80 
3323	105 
3324	29 
3325	102 
3326	44 
3327	107 
3328	54 
3329	36 
3330	76 
3331	92 
3332	17 
3333	80 
3334	104 
3335	69 
3336	33 
3337	53 
3338	84 
3339	67 
3340	18 
3341	54 
3342	109 
3343	93 
3344	67 
3345	99 
3346	93 
3347	43 
3348	58 
3349	108 
3350	33 
3351	53 
3352	28 
3353	91 
3354	9 
3355	34 
3356	36 
3357	42 
3358	30 
3359	28 
3360	72 
3361	71 
3362	108 
3363	40 
3364	104 
3365	59 
3366	112 
3367	76 
3368	62 
3369	99 
3370	75 
3371	32 
3372	12 
3373	32 
3374	99 
3375	49 
3376	30 
3377	92 
3378	63 
3379	68 
3380	102 
3381	90 
3382	6 
3383	24 
3384	31 
3385	67 
3386	84 
3387	56 
3388	72 
3389	98 
3390	76 
3391	18 
3392	8 
3393	87 
3394	21 
3395	111 
3396	15 
3397	24 
3398	46 
3399	91 
3400	81 
3401	96 
3402	83 
3403	18 
3404	75 
3405	93 
3406	51 
3407	105 
3408	15 
3409	12 
3410	61 
3411	72 
3412	90 
3413	62 
3414	21 
3415	107 
3416	26 
3417	46 
3418	75 
3419	93 
3420	28 
3421	38 
3422	36 
3423	6 
3424	63 
3425	53 
3426	10 
3427	108 
3428	51 
3429	75 
3430	30 
3431	30 
3432	61 
3433	80 
3434	4 
3435	78 
3436	107 
3437	6 
3438	90 
3439	55 
3440	72 
3441	29 
3442	80 
3443	88 
3444	54 
3445	14 
3446	29 
3447	50 
3448	67 
3449	37 
3450	94 
3451	92 
3452	35 
3453	46 
3454	91 
3455	70 
3456	44 
3457	5 
3458	61 
3459	3 
3460	42 
3461	101 
3462	21 
3463	3 
3464	6 
3465	80 
3466	54 
3467	100 
3468	6 
3469	111 
3470	42 
3471	18 
3472	79 
3473	71 
3474	71 
3475	42 
3476	75 
3477	108 
3478	99 
3479	67 
3480	24 
3481	22 
3482	99 
3483	75 
3484	35 
3485	71 
3486	53 
3487	2 
3488	55 
3489	73 
3490	11 
3491	26 
3492	6 
3493	22 
3494	5 
3495	2 
3496	112 
3497	57 
3498	18 
3499	57 
3500	100 
3501	72 
3502	80 
3503	72 
3504	69 
3505	40 
3506	72 
3507	47 
3508	43 
3509	95 
3510	5 
3511	62 
3512	43 
3513	24 
3514	16 
3515	77 
3516	49 
3517	17 
3518	40 
3519	39 
3520	58 
3521	82 
3522	35 
3523	89 
3524	29 
3525	106 
3526	64 
3527	53 
3528	34 
3529	6 
3530	88 
3531	53 
3532	68 
3533	46 
3534	89 
3535	93 
3536	32 
3537	66 
3538	32 
3539	43 
3540	73 
3541	67 
3542	42 
3543	80 
3544	30 
3545	83 
3546	15 
3547	102 
3548	15 
3549	4 
3550	102 
3551	80 
3552	84 
3553	75 
3554	92 
3555	30 
3556	72 
3557	15 
3558	88 
3559	108 
3560	15 
3561	5 
3562	12 
3563	46 
3564	53 
3565	111 
3566	47 
3567	75 
3568	91 
3569	98 
3570	61 
3571	54 
3572	52 
3573	37 
3574	16 
3575	74 
3576	40 
3577	109 
3578	85 
3579	91 
3580	30 
3581	109 
3582	88 
3583	65 
3584	93 
3585	90 
3586	28 
3587	1 
3588	108 
3589	11 
3590	8 
3591	16 
3592	112 
3593	101 
3594	110 
3595	17 
3596	102 
3597	53 
3598	68 
3599	80 
3600	21 
3601	6 
3602	94 
3603	34 
3604	83 
3605	74 
3606	110 
3607	72 
3608	9 
3609	6 
3610	49 
3611	12 
3612	46 
3613	6 
3614	40 
3615	43 
3616	101 
3617	9 
3618	84 
3619	1 
3620	70 
3621	31 
3622	47 
3623	70 
3624	74 
3625	99 
3626	4 
3627	95 
3628	4 
3629	112 
3630	64 
3631	40 
3632	14 
3633	11 
3634	91 
3635	19 
3636	44 
3637	16 
3638	45 
3639	112 
3640	112 
3641	53 
3642	19 
3643	28 
3644	69 
3645	26 
3646	74 
3647	82 
3648	25 
3649	84 
3650	43 
3651	35 
3652	71 
3653	75 
3654	30 
3655	43 
3656	5 
3657	28 
3658	60 
3659	37 
3660	56 
3661	111 
3662	22 
3663	72 
3664	79 
3665	70 
3666	78 
3667	31 
3668	111 
3669	4 
3670	13 
3671	102 
3672	55 
3673	64 
3674	83 
3675	93 
3676	11 
3677	91 
3678	54 
3679	109 
3680	34 
3681	112 
3682	26 
3683	52 
3684	19 
3685	72 
3686	49 
3687	111 
3688	1 
3689	54 
3690	41 
3691	32 
3692	16 
3693	49 
3694	32 
3695	47 
3696	82 
3697	43 
3698	78 
3699	84 
3700	11 
3701	25 
3702	6 
3703	54 
3704	80 
3705	10 
3706	24 
3707	5 
3708	11 
3709	102 
3710	78 
3711	70 
3712	33 
3713	28 
3714	73 
3715	108 
3716	59 
3717	108 
3718	60 
3719	80 
3720	99 
3721	108 
3722	10 
3723	16 
3724	15 
3725	90 
3726	8 
3727	54 
3728	112 
3729	58 
3730	90 
3731	86 
3732	16 
3733	78 
3734	16 
3735	8 
3736	93 
3737	78 
3738	59 
3739	66 
3740	59 
3741	73 
3742	96 
3743	30 
3744	95 
3745	87 
3746	109 
3747	93 
3748	12 
3749	70 
3750	87 
3751	6 
3752	37 
3753	91 
3754	9 
3755	49 
3756	52 
3757	103 
3758	71 
3759	5 
3760	80 
3761	67 
3762	80 
3763	67 
3764	73 
3765	46 
3766	5 
3767	36 
3768	104 
3769	80 
3770	68 
3771	112 
3772	32 
3773	34 
3774	78 
3775	27 
3776	107 
3777	59 
3778	70 
3779	96 
3780	78 
3781	76 
3782	2 
3783	59 
3784	26 
3785	41 
3786	15 
3787	30 
3788	6 
3789	106 
3790	80 
3791	46 
3792	19 
3793	48 
3794	93 
3795	41 
3796	9 
3797	78 
3798	45 
3799	85 
3800	26 
3801	53 
3802	48 
3803	99 
3804	2 
3805	112 
3806	40 
3807	102 
3808	29 
3809	99 
3810	35 
3811	56 
3812	41 
3813	59 
3814	12 
3815	18 
3816	20 
3817	42 
3818	57 
3819	20 
3820	104 
3821	21 
3822	27 
3823	67 
3824	80 
3825	111 
3826	41 
3827	11 
3828	90 
3829	15 
3830	48 
3831	21 
3832	112 
3833	48 
3834	24 
3835	70 
3836	65 
3837	45 
3838	69 
3839	54 
3840	5 
3841	89 
3842	60 
3843	54 
3844	49 
3845	42 
3846	102 
3847	56 
3848	81 
3849	5 
3850	21 
3851	65 
3852	74 
3853	28 
3854	80 
3855	69 
3856	89 
3857	86 
3858	88 
3859	110 
3860	104 
3861	111 
3862	22 
3863	76 
3864	59 
3865	28 
3866	60 
3867	76 
3868	112 
3869	72 
3870	62 
3871	48 
3872	95 
3873	4 
3874	98 
3875	19 
3876	1 
3877	72 
3878	89 
3879	74 
3880	109 
3881	97 
3882	40 
3883	83 
3884	9 
3885	6 
3886	5 
3887	103 
3888	47 
3889	16 
3890	54 
3891	37 
3892	43 
3893	10 
3894	64 
3895	84 
3896	79 
3897	107 
3898	6 
3899	81 
3900	104 
3901	104 
3902	18 
3903	98 
3904	71 
3905	55 
3906	28 
3907	109 
3908	20 
3909	39 
3910	46 
3911	27 
3912	105 
3913	79 
3914	6 
3915	40 
3916	6 
3917	28 
3918	63 
3919	61 
3920	62 
3921	85 
3922	45 
3923	88 
3924	43 
3925	61 
3926	35 
3927	69 
3928	75 
3929	4 
3930	109 
3931	111 
3932	37 
3933	102 
3934	83 
3935	109 
3936	71 
3937	15 
3938	53 
3939	53 
3940	80 
3941	38 
3942	12 
3943	5 
3944	54 
3945	89 
3946	70 
3947	28 
3948	33 
3949	68 
3950	4 
3951	56 
3952	19 
3953	11 
3954	12 
3955	100 
3956	19 
3957	102 
3958	38 
3959	91 
3960	47 
3961	75 
3962	28 
3963	25 
3964	55 
3965	49 
3966	84 
3967	36 
3968	78 
3969	2 
3970	60 
3971	87 
3972	16 
3973	91 
3974	62 
3975	51 
3976	90 
3977	85 
3978	56 
3979	38 
3980	64 
3981	66 
3982	30 
3983	6 
3984	23 
3985	67 
3986	15 
3987	33 
3988	104 
3989	60 
3990	42 
3991	93 
3992	53 
3993	89 
3994	71 
3995	112 
3996	39 
3997	54 
3998	37 
3999	3 
4000	99 
4001	58 
4002	25 
4003	88 
4004	65 
4005	104 
4006	1 
4007	51 
4008	99 
4009	63 
4010	7 
4011	68 
4012	73 
4013	59 
4014	15 
4015	80 
4016	109 
4017	102 
4018	19 
4019	25 
4020	109 
4021	108 
4022	83 
4023	32 
4024	20 
4025	69 
4026	67 
4027	102 
4028	102 
4029	16 
4030	37 
4031	53 
4032	6 
4033	91 
4034	37 
4035	69 
4036	58 
4037	5 
4038	93 
4039	109 
4040	111 
4041	111 
4042	8 
4043	34 
4044	25 
4045	6 
4046	64 
4047	72 
4048	99 
4049	41 
4050	40 
4051	75 
4052	64 
4053	112 
4054	20 
4055	3 
4056	111 
4057	40 
4058	18 
4059	40 
4060	111 
4061	53 
4062	57 
4063	64 
4064	15 
4065	15 
4066	10 
4067	2 
4068	108 
4069	99 
4070	32 
4071	36 
4072	69 
4073	57 
4074	44 
4075	8 
4076	87 
4077	36 
4078	91 
4079	29 
4080	104 
4081	53 
4082	54 
4083	94 
4084	70 
4085	111 
4086	17 
4087	34 
4088	29 
4089	10 
4090	9 
4091	67 
4092	30 
4093	17 
4094	50 
4095	45 
4096	67 
4097	62 
4098	72 
4099	8 
4100	34 
4101	45 
4102	72 
4103	62 
4104	88 
4105	28 
4106	112 
4107	28 
4108	72 
4109	80 
4110	9 
4111	15 
4112	27 
4113	64 
4114	46 
4115	21 
4116	80 
4117	16 
4118	60 
4119	44 
4120	40 
4121	8 
4122	87 
4123	91 
4124	24 
4125	94 
4126	100 
4127	98 
4128	3 
4129	86 
4130	56 
4131	104 
4132	98 
4133	103 
4134	98 
4135	109 
4136	91 
4137	16 
4138	78 
4139	80 
4140	29 
4141	87 
4142	51 
4143	84 
4144	43 
4145	55 
4146	50 
4147	3 
4148	112 
4149	81 
4150	5 
4151	87 
4152	76 
4153	33 
4154	43 
4155	75 
4156	104 
4157	10 
4158	46 
4159	96 
4160	30 
4161	61 
4162	89 
4163	36 
4164	22 
4165	101 
4166	62 
4167	44 
4168	83 
4169	104 
4170	104 
4171	68 
4172	75 
4173	88 
4174	65 
4175	72 
4176	55 
4177	111 
4178	78 
4179	99 
4180	92 
4181	74 
4182	64 
4183	93 
4184	68 
4185	112 
4186	102 
4187	57 
4188	5 
4189	57 
4190	88 
4191	79 
4192	14 
4193	22 
4194	13 
4195	93 
4196	49 
4197	86 
4198	77 
4199	12 
4200	71 
4201	110 
4202	64 
4203	81 
4204	13 
4205	68 
4206	99 
4207	37 
4208	98 
4209	71 
4210	54 
4211	25 
4212	111 
4213	7 
4214	98 
4215	47 
4216	93 
4217	53 
4218	75 
4219	53 
4220	32 
4221	60 
4222	21 
4223	84 
4224	59 
4225	60 
4226	66 
4227	37 
4228	82 
4229	34 
4230	48 
4231	43 
4232	109 
4233	49 
4234	65 
4235	10 
4236	21 
4237	87 
4238	9 
4239	42 
4240	5 
4241	98 
4242	80 
4243	109 
4244	26 
4245	70 
4246	94 
4247	26 
4248	63 
4249	53 
4250	20 
4251	97 
4252	87 
4253	8 
4254	6 
4255	43 
4256	64 
4257	21 
4258	51 
4259	109 
4260	104 
4261	31 
4262	12 
4263	60 
4264	14 
4265	81 
4266	45 
4267	98 
4268	3 
4269	9 
4270	62 
4271	18 
4272	18 
4273	69 
4274	65 
4275	59 
4276	90 
4277	9 
4278	34 
4279	66 
4280	68 
4281	92 
4282	75 
4283	65 
4284	80 
4285	35 
4286	67 
4287	83 
4288	1 
4289	97 
4290	65 
4291	88 
4292	37 
4293	104 
4294	65 
4295	4 
4296	59 
4297	1 
4298	38 
4299	37 
4300	9 
4301	98 
4302	64 
4303	34 
4304	109 
4305	66 
4306	75 
4307	78 
4308	20 
4309	6 
4310	63 
4311	95 
4312	111 
4313	64 
4314	83 
4315	17 
4316	47 
4317	107 
4318	68 
4319	40 
4320	18 
4321	6 
4322	71 
4323	36 
4324	90 
4325	88 
4326	39 
4327	52 
4328	27 
4329	71 
4330	47 
4331	87 
4332	71 
4333	13 
4334	45 
4335	1 
4336	62 
4337	41 
4338	6 
4339	86 
4340	69 
4341	111 
4342	60 
4343	59 
4344	65 
4345	32 
4346	28 
4347	5 
4348	29 
4349	93 
4350	69 
4351	48 
4352	112 
4353	107 
4354	45 
4355	5 
4356	81 
4357	94 
4358	10 
4359	33 
4360	41 
4361	101 
4362	94 
4363	56 
4364	67 
4365	5 
4366	99 
4367	55 
4368	45 
4369	76 
4370	95 
4371	46 
4372	67 
4373	52 
4374	81 
4375	9 
4376	8 
4377	70 
4378	36 
4379	50 
4380	44 
4381	112 
4382	97 
4383	21 
4384	95 
4385	91 
4386	18 
4387	34 
4388	99 
4389	49 
4390	104 
4391	104 
4392	68 
4393	65 
4394	50 
4395	30 
4396	93 
4397	32 
4398	84 
4399	62 
4400	1 
4401	68 
4402	22 
4403	12 
4404	80 
4405	71 
4406	77 
4407	11 
4408	46 
4409	13 
4410	112 
4411	70 
4412	109 
4413	106 
4414	44 
4415	26 
4416	41 
4417	100 
4418	99 
4419	16 
4420	64 
4421	90 
4422	107 
4423	61 
4424	89 
4425	7 
4426	50 
4427	102 
4428	30 
4429	112 
4430	51 
4431	39 
4432	21 
4433	44 
4434	96 
4435	29 
4436	88 
4437	30 
4438	71 
4439	75 
4440	81 
4441	22 
4442	35 
4443	81 
4444	32 
4445	107 
4446	11 
4447	46 
4448	19 
4449	97 
4450	84 
4451	23 
4452	32 
4453	25 
4454	91 
4455	5 
4456	107 
4457	81 
4458	72 
4459	42 
4460	87 
4461	12 
4462	93 
4463	11 
4464	9 
4465	45 
4466	43 
4467	24 
4468	90 
4469	20 
4470	109 
4471	36 
4472	45 
4473	34 
4474	14 
4475	45 
4476	80 
4477	8 
4478	1 
4479	55 
4480	112 
4481	87 
4482	69 
4483	42 
4484	99 
4485	45 
4486	109 
4487	73 
4488	78 
4489	46 
4490	84 
4491	108 
4492	67 
4493	43 
4494	91 
4495	31 
4496	84 
4497	54 
4498	78 
4499	37 
4500	34 
4501	13 
4502	84 
4503	31 
4504	78 
4505	88 
4506	6 
4507	31 
4508	72 
4509	20 
4510	105 
4511	104 
4512	47 
4513	81 
4514	66 
4515	46 
4516	9 
4517	111 
4518	60 
4519	70 
4520	101 
4521	111 
4522	93 
4523	40 
4524	12 
4525	112 
4526	65 
4527	38 
4528	81 
4529	16 
4530	34 
4531	68 
4532	2 
4533	39 
4534	69 
4535	86 
4536	106 
4537	45 
4538	108 
4539	46 
4540	80 
4541	31 
4542	99 
4543	44 
4544	71 
4545	60 
4546	68 
4547	42 
4548	69 
4549	112 
4550	57 
4551	16 
4552	19 
4553	61 
4554	9 
4555	7 
4556	57 
4557	48 
4558	81 
4559	6 
4560	88 
4561	87 
4562	67 
4563	45 
4564	16 
4565	44 
4566	80 
4567	60 
4568	43 
4569	11 
4570	37 
4571	48 
4572	3 
4573	20 
4574	96 
4575	14 
4576	21 
4577	43 
4578	25 
4579	71 
4580	29 
4581	23 
4582	93 
4583	59 
4584	51 
4585	19 
4586	112 
4587	104 
4588	99 
4589	62 
4590	68 
4591	90 
4592	70 
4593	69 
4594	43 
4595	3 
4596	16 
4597	67 
4598	56 
4599	34 
4600	15 
4601	43 
4602	93 
4603	48 
4604	55 
4605	69 
4606	95 
4607	71 
4608	49 
4609	88 
4610	104 
4611	3 
4612	59 
4613	29 
4614	10 
4615	4 
4616	108 
4617	88 
4618	25 
4619	110 
4620	8 
4621	82 
4622	88 
4623	107 
4624	22 
4625	21 
4626	34 
4627	84 
4628	27 
4629	54 
4630	85 
4631	53 
4632	97 
4633	107 
4634	37 
4635	46 
4636	12 
4637	43 
4638	10 
4639	20 
4640	53 
4641	36 
4642	67 
4643	40 
4644	17 
4645	61 
4646	99 
4647	56 
4648	49 
4649	34 
4650	73 
4651	92 
4652	65 
4653	99 
4654	4 
4655	46 
4656	17 
4657	44 
4658	21 
4659	67 
4660	41 
4661	11 
4662	79 
4663	46 
4664	80 
4665	31 
4666	29 
4667	20 
4668	16 
4669	102 
4670	81 
4671	19 
4672	91 
4673	4 
4674	41 
4675	28 
4676	19 
4677	82 
4678	86 
4679	76 
4680	39 
4681	41 
4682	98 
4683	11 
4684	53 
4685	49 
4686	64 
4687	38 
4688	50 
4689	112 
4690	90 
4691	24 
4692	49 
4693	5 
4694	69 
4695	26 
4696	11 
4697	102 
4698	100 
4699	4 
4700	66 
4701	33 
4702	88 
4703	8 
4704	45 
4705	31 
4706	88 
4707	71 
4708	44 
4709	62 
4710	80 
4711	27 
4712	112 
4713	11 
4714	104 
4715	20 
4716	54 
4717	88 
4718	4 
4719	80 
4720	78 
4721	93 
4722	9 
4723	83 
4724	43 
4725	90 
4726	88 
4727	35 
4728	60 
4729	89 
4730	25 
4731	66 
4732	37 
4733	47 
4734	79 
4735	63 
4736	35 
4737	112 
4738	66 
4739	4 
4740	60 
4741	79 
4742	59 
4743	62 
4744	10 
4745	73 
4746	105 
4747	12 
4748	55 
4749	75 
4750	10 
4751	37 
4752	75 
4753	62 
4754	28 
4755	109 
4756	16 
4757	112 
4758	45 
4759	6 
4760	4 
4761	37 
4762	49 
4763	19 
4764	72 
4765	105 
4766	104 
4767	60 
4768	65 
4769	71 
4770	83 
4771	112 
4772	28 
4773	45 
4774	59 
4775	105 
4776	93 
4777	109 
4778	57 
4779	63 
4780	64 
4781	10 
4782	17 
4783	65 
4784	29 
4785	109 
4786	54 
4787	6 
4788	1 
4789	4 
4790	60 
4791	49 
4792	10 
4793	52 
4794	46 
4795	4 
4796	60 
4797	60 
4798	56 
4799	9 
4800	85 
4801	86 
4802	5 
4803	108 
4804	75 
4805	18 
4806	46 
4807	49 
4808	98 
4809	4 
4810	18 
4811	3 
4812	13 
4813	92 
4814	3 
4815	4 
4816	20 
4817	3 
4818	21 
4819	37 
4820	20 
4821	16 
4822	87 
4823	66 
4824	9 
4825	46 
4826	43 
4827	9 
4828	4 
4829	107 
4830	67 
4831	109 
4832	52 
4833	112 
4834	92 
4835	86 
4836	37 
4837	80 
4838	4 
4839	54 
4840	87 
4841	16 
4842	4 
4843	95 
4844	79 
4845	41 
4846	55 
4847	16 
4848	102 
4849	14 
4850	47 
4851	72 
4852	6 
4853	69 
4854	67 
4855	7 
4856	55 
4857	76 
4858	71 
4859	52 
4860	62 
4861	45 
4862	60 
4863	45 
4864	111 
4865	109 
4866	30 
4867	71 
4868	4 
4869	6 
4870	9 
4871	14 
4872	24 
4873	60 
4874	72 
4875	36 
4876	28 
4877	58 
4878	49 
4879	60 
4880	86 
4881	15 
4882	18 
4883	111 
4884	41 
4885	4 
4886	43 
4887	81 
4888	8 
4889	17 
4890	68 
4891	43 
4892	17 
4893	69 
4894	81 
4895	26 
4896	37 
4897	26 
4898	93 
4899	75 
4900	45 
4901	74 
4902	99 
4903	60 
4904	73 
4905	66 
4906	62 
4907	99 
4908	112 
4909	26 
4910	93 
4911	91 
4912	15 
4913	61 
4914	29 
4915	31 
4916	96 
4917	103 
4918	53 
4919	67 
4920	11 
4921	37 
4922	112 
4923	101 
4924	41 
4925	109 
4926	59 
4927	36 
4928	61 
4929	69 
4930	108 
4931	28 
4932	11 
4933	87 
4934	83 
4935	80 
4936	44 
4937	16 
4938	25 
4939	65 
4940	6 
4941	11 
4942	86 
4943	42 
4944	83 
4945	8 
4946	11 
4947	94 
4948	71 
4949	75 
4950	30 
4951	25 
4952	104 
4953	54 
4954	21 
4955	44 
4956	54 
4957	16 
4958	6 
4959	31 
4960	68 
4961	34 
4962	86 
4963	72 
4964	107 
4965	75 
4966	71 
4967	28 
4968	35 
4969	5 
4970	50 
4971	11 
4972	93 
4973	112 
4974	16 
4975	9 
4976	18 
4977	107 
4978	107 
4979	5 
4980	71 
4981	47 
4982	54 
4983	83 
4984	60 
4985	30 
4986	67 
4987	67 
4988	8 
4989	61 
4990	69 
4991	12 
4992	31 
4993	10 
4994	49 
4995	29 
4996	53 
4997	9 
4998	43 
4999	99 
5000	15 
