1	5 
2	92 
3	72 
4	6 
5	66 
6	12 
7	18 
8	28 
9	35 
10	65 
11	58 
12	27 
13	70 
14	80 
15	1 
16	57 
17	97 
18	66 
19	52 
20	3 
21	17 
22	95 
23	27 
24	37 
25	90 
26	37 
27	35 
28	92 
29	50 
30	39 
31	13 
32	21 
33	77 
34	16 
35	72 
36	35 
37	34 
38	72 
39	72 
40	90 
41	70 
42	64 
43	54 
44	65 
45	11 
46	85 
47	46 
48	30 
49	37 
50	43 
51	50 
52	14 
53	74 
54	25 
55	96 
56	20 
57	37 
58	89 
59	85 
60	34 
61	16 
62	46 
63	87 
64	50 
65	32 
66	16 
67	10 
68	37 
69	66 
70	73 
71	55 
72	76 
73	72 
74	31 
75	63 
76	57 
77	48 
78	87 
79	11 
80	21 
81	52 
82	64 
83	61 
84	62 
85	14 
86	15 
87	68 
88	67 
89	48 
90	77 
91	77 
92	6 
93	88 
94	98 
95	95 
96	29 
97	89 
98	72 
99	27 
100	79 
101	35 
102	6 
103	31 
104	65 
105	91 
106	59 
107	56 
108	62 
109	30 
110	60 
111	60 
112	12 
113	15 
114	96 
115	40 
116	31 
117	37 
118	48 
119	92 
120	21 
121	82 
122	57 
123	98 
124	73 
125	96 
126	25 
127	16 
128	32 
129	20 
130	62 
131	15 
132	74 
133	9 
134	41 
135	17 
136	92 
137	15 
138	43 
139	2 
140	89 
141	69 
142	70 
143	21 
144	26 
145	86 
146	7 
147	96 
148	79 
149	58 
150	3 
151	54 
152	85 
153	31 
154	24 
155	4 
156	18 
157	65 
158	32 
159	11 
160	71 
161	28 
162	62 
163	68 
164	89 
165	76 
166	46 
167	87 
168	61 
169	72 
170	32 
171	4 
172	77 
173	11 
174	85 
175	48 
176	53 
177	75 
178	63 
179	92 
180	65 
181	22 
182	17 
183	91 
184	26 
185	79 
186	72 
187	85 
188	48 
189	96 
190	27 
191	31 
192	6 
193	57 
194	43 
195	68 
196	81 
197	16 
198	4 
199	18 
200	70 
201	66 
202	29 
203	79 
204	77 
205	44 
206	37 
207	33 
208	35 
209	28 
210	57 
211	31 
212	8 
213	11 
214	65 
215	56 
216	90 
217	44 
218	40 
219	82 
220	39 
221	19 
222	28 
223	21 
224	65 
225	4 
226	32 
227	93 
228	6 
229	40 
230	70 
231	73 
232	85 
233	98 
234	74 
235	26 
236	32 
237	72 
238	64 
239	2 
240	89 
241	10 
242	48 
243	72 
244	72 
245	13 
246	20 
247	52 
248	70 
249	8 
250	45 
251	47 
252	68 
253	39 
254	76 
255	20 
256	47 
257	73 
258	92 
259	27 
260	22 
261	83 
262	56 
263	50 
264	12 
265	18 
266	22 
267	44 
268	50 
269	15 
270	61 
271	19 
272	90 
273	69 
274	66 
275	91 
276	49 
277	64 
278	21 
279	42 
280	4 
281	1 
282	98 
283	65 
284	79 
285	80 
286	19 
287	56 
288	72 
289	83 
290	56 
291	47 
292	66 
293	44 
294	97 
295	54 
296	59 
297	96 
298	68 
299	26 
300	43 
301	15 
302	16 
303	72 
304	53 
305	11 
306	10 
307	19 
308	25 
309	77 
310	28 
311	77 
312	40 
313	89 
314	25 
315	81 
316	75 
317	62 
318	4 
319	15 
320	5 
321	59 
322	15 
323	2 
324	73 
325	15 
326	75 
327	90 
328	33 
329	59 
330	28 
331	88 
332	35 
333	52 
334	70 
335	50 
336	96 
337	91 
338	90 
339	80 
340	89 
341	94 
342	21 
343	30 
344	91 
345	4 
346	81 
347	18 
348	93 
349	73 
350	37 
351	11 
352	59 
353	65 
354	23 
355	73 
356	89 
357	24 
358	92 
359	42 
360	4 
361	36 
362	96 
363	12 
364	49 
365	81 
366	92 
367	98 
368	28 
369	17 
370	57 
371	50 
372	21 
373	38 
374	60 
375	78 
376	78 
377	10 
378	21 
379	87 
380	25 
381	27 
382	85 
383	55 
384	28 
385	63 
386	49 
387	51 
388	4 
389	95 
390	57 
391	30 
392	38 
393	32 
394	24 
395	29 
396	33 
397	37 
398	88 
399	80 
400	82 
401	30 
402	46 
403	76 
404	65 
405	90 
406	57 
407	82 
408	85 
409	65 
410	94 
411	48 
412	32 
413	23 
414	63 
415	85 
416	3 
417	37 
418	72 
419	21 
420	76 
421	16 
422	91 
423	98 
424	12 
425	79 
426	96 
427	3 
428	83 
429	67 
430	23 
431	38 
432	97 
433	55 
434	27 
435	9 
436	1 
437	19 
438	79 
439	58 
440	25 
441	65 
442	31 
443	77 
444	4 
445	7 
446	2 
447	80 
448	67 
449	4 
450	61 
451	73 
452	19 
453	57 
454	15 
455	61 
456	77 
457	1 
458	74 
459	42 
460	77 
461	80 
462	67 
463	29 
464	24 
465	86 
466	50 
467	32 
468	85 
469	68 
470	65 
471	40 
472	61 
473	68 
474	88 
475	27 
476	11 
477	40 
478	49 
479	43 
480	49 
481	15 
482	18 
483	39 
484	80 
485	25 
486	78 
487	19 
488	75 
489	93 
490	20 
491	66 
492	40 
493	91 
494	15 
495	40 
496	57 
497	72 
498	18 
499	40 
500	15 
501	66 
502	63 
503	90 
504	22 
505	74 
506	6 
507	8 
508	44 
509	76 
510	52 
511	62 
512	21 
513	36 
514	17 
515	69 
516	32 
517	70 
518	14 
519	45 
520	12 
521	65 
522	32 
523	3 
524	37 
525	64 
526	25 
527	20 
528	30 
529	18 
530	77 
531	86 
532	84 
533	38 
534	90 
535	96 
536	25 
537	12 
538	14 
539	74 
540	4 
541	17 
542	27 
543	13 
544	98 
545	38 
546	66 
547	7 
548	43 
549	25 
550	70 
551	54 
552	44 
553	3 
554	65 
555	68 
556	89 
557	40 
558	68 
559	33 
560	83 
561	23 
562	10 
563	46 
564	48 
565	65 
566	17 
567	65 
568	19 
569	63 
570	96 
571	46 
572	16 
573	49 
574	50 
575	73 
576	73 
577	1 
578	56 
579	51 
580	20 
581	96 
582	2 
583	40 
584	70 
585	79 
586	19 
587	6 
588	90 
589	55 
590	54 
591	56 
592	96 
593	79 
594	83 
595	70 
596	36 
597	36 
598	7 
599	28 
600	37 
601	50 
602	5 
603	65 
604	68 
605	77 
606	48 
607	69 
608	77 
609	25 
610	16 
611	23 
612	48 
613	80 
614	84 
615	68 
616	81 
617	61 
618	35 
619	27 
620	43 
621	57 
622	56 
623	75 
624	61 
625	33 
626	57 
627	64 
628	91 
629	3 
630	65 
631	49 
632	37 
633	15 
634	66 
635	49 
636	49 
637	29 
638	36 
639	34 
640	40 
641	90 
642	79 
643	31 
644	85 
645	13 
646	2 
647	4 
648	34 
649	28 
650	60 
651	30 
652	92 
653	31 
654	86 
655	18 
656	10 
657	57 
658	91 
659	74 
660	12 
661	22 
662	21 
663	22 
664	80 
665	47 
666	41 
667	82 
668	15 
669	92 
670	15 
671	57 
672	30 
673	47 
674	87 
675	6 
676	2 
677	86 
678	35 
679	31 
680	92 
681	52 
682	77 
683	24 
684	68 
685	31 
686	20 
687	40 
688	35 
689	68 
690	92 
691	13 
692	11 
693	64 
694	60 
695	42 
696	40 
697	48 
698	71 
699	31 
700	98 
701	42 
702	37 
703	30 
704	84 
705	64 
706	8 
707	56 
708	71 
709	89 
710	15 
711	15 
712	85 
713	72 
714	85 
715	57 
716	80 
717	79 
718	45 
719	39 
720	11 
721	1 
722	27 
723	11 
724	20 
725	76 
726	84 
727	68 
728	90 
729	50 
730	91 
731	1 
732	74 
733	27 
734	41 
735	84 
736	89 
737	75 
738	54 
739	71 
740	53 
741	40 
742	6 
743	36 
744	67 
745	4 
746	80 
747	61 
748	74 
749	48 
750	92 
751	32 
752	64 
753	11 
754	44 
755	43 
756	74 
757	32 
758	6 
759	80 
760	15 
761	23 
762	27 
763	21 
764	51 
765	14 
766	96 
767	18 
768	90 
769	17 
770	68 
771	29 
772	40 
773	12 
774	65 
775	57 
776	92 
777	4 
778	77 
779	32 
780	17 
781	80 
782	66 
783	45 
784	19 
785	15 
786	71 
787	88 
788	40 
789	61 
790	67 
791	89 
792	28 
793	50 
794	79 
795	29 
796	33 
797	17 
798	93 
799	75 
800	90 
801	98 
802	57 
803	36 
804	60 
805	54 
806	6 
807	61 
808	61 
809	58 
810	15 
811	89 
812	91 
813	31 
814	13 
815	61 
816	11 
817	28 
818	26 
819	59 
820	6 
821	1 
822	63 
823	88 
824	65 
825	62 
826	74 
827	36 
828	12 
829	58 
830	16 
831	62 
832	38 
833	48 
834	45 
835	62 
836	49 
837	59 
838	98 
839	28 
840	63 
841	4 
842	89 
843	69 
844	69 
845	78 
846	67 
847	50 
848	27 
849	47 
850	45 
851	6 
852	65 
853	91 
854	65 
855	69 
856	28 
857	15 
858	62 
859	69 
860	94 
861	86 
862	31 
863	57 
864	22 
865	64 
866	40 
867	17 
868	48 
869	27 
870	32 
871	87 
872	47 
873	68 
874	62 
875	96 
876	4 
877	18 
878	82 
879	83 
880	74 
881	18 
882	22 
883	15 
884	21 
885	44 
886	95 
887	70 
888	40 
889	85 
890	65 
891	63 
892	44 
893	17 
894	63 
895	64 
896	58 
897	34 
898	51 
899	4 
900	4 
901	47 
902	28 
903	8 
904	77 
905	40 
906	15 
907	55 
908	68 
909	34 
910	98 
911	90 
912	82 
913	76 
914	28 
915	24 
916	57 
917	81 
918	1 
919	18 
920	76 
921	68 
922	43 
923	30 
924	63 
925	50 
926	79 
927	28 
928	70 
929	43 
930	58 
931	85 
932	76 
933	6 
934	49 
935	50 
936	15 
937	6 
938	96 
939	28 
940	57 
941	6 
942	71 
943	1 
944	91 
945	19 
946	48 
947	27 
948	28 
949	96 
950	85 
951	41 
952	89 
953	86 
954	39 
955	88 
956	16 
957	73 
958	6 
959	90 
960	77 
961	21 
962	46 
963	91 
964	57 
965	58 
966	37 
967	20 
968	33 
969	77 
970	2 
971	12 
972	65 
973	15 
974	89 
975	36 
976	96 
977	63 
978	70 
979	90 
980	60 
981	27 
982	9 
983	27 
984	63 
985	11 
986	2 
987	15 
988	32 
989	96 
990	82 
991	81 
992	95 
993	51 
994	40 
995	31 
996	39 
997	15 
998	62 
999	71 
1000	71 
1001	12 
1002	85 
1003	6 
1004	2 
1005	16 
1006	57 
1007	6 
1008	65 
1009	93 
1010	66 
1011	57 
1012	45 
1013	9 
1014	17 
1015	74 
1016	70 
1017	84 
1018	58 
1019	35 
1020	15 
1021	40 
1022	50 
1023	63 
1024	57 
1025	76 
1026	6 
1027	51 
1028	32 
1029	22 
1030	84 
1031	3 
1032	27 
1033	77 
1034	24 
1035	84 
1036	92 
1037	68 
1038	17 
1039	89 
1040	57 
1041	40 
1042	44 
1043	57 
1044	68 
1045	60 
1046	74 
1047	13 
1048	27 
1049	15 
1050	32 
1051	52 
1052	58 
1053	32 
1054	57 
1055	41 
1056	80 
1057	19 
1058	5 
1059	86 
1060	25 
1061	48 
1062	57 
1063	96 
1064	70 
1065	21 
1066	25 
1067	33 
1068	35 
1069	92 
1070	92 
1071	94 
1072	80 
1073	11 
1074	59 
1075	65 
1076	13 
1077	14 
1078	33 
1079	90 
1080	73 
1081	52 
1082	90 
1083	14 
1084	27 
1085	40 
1086	80 
1087	15 
1088	41 
1089	5 
1090	87 
1091	62 
1092	17 
1093	66 
1094	44 
1095	82 
1096	18 
1097	35 
1098	38 
1099	49 
1100	72 
1101	32 
1102	71 
1103	68 
1104	72 
1105	63 
1106	57 
1107	11 
1108	87 
1109	80 
1110	16 
1111	21 
1112	14 
1113	14 
1114	37 
1115	7 
1116	3 
1117	50 
1118	81 
1119	88 
1120	96 
1121	62 
1122	83 
1123	84 
1124	41 
1125	61 
1126	28 
1127	96 
1128	83 
1129	21 
1130	19 
1131	61 
1132	72 
1133	65 
1134	50 
1135	16 
1136	89 
1137	47 
1138	72 
1139	77 
1140	50 
1141	48 
1142	78 
1143	48 
1144	98 
1145	78 
1146	35 
1147	91 
1148	11 
1149	28 
1150	37 
1151	55 
1152	24 
1153	98 
1154	54 
1155	21 
1156	92 
1157	90 
1158	25 
1159	60 
1160	6 
1161	90 
1162	90 
1163	16 
1164	53 
1165	74 
1166	11 
1167	51 
1168	90 
1169	73 
1170	11 
1171	35 
1172	15 
1173	23 
1174	72 
1175	45 
1176	19 
1177	76 
1178	52 
1179	69 
1180	16 
1181	30 
1182	82 
1183	33 
1184	66 
1185	43 
1186	57 
1187	77 
1188	72 
1189	49 
1190	21 
1191	9 
1192	25 
1193	48 
1194	94 
1195	17 
1196	43 
1197	37 
1198	92 
1199	36 
1200	6 
1201	27 
1202	66 
1203	92 
1204	83 
1205	59 
1206	35 
1207	65 
1208	55 
1209	84 
1210	25 
1211	9 
1212	28 
1213	68 
1214	86 
1215	85 
1216	80 
1217	96 
1218	52 
1219	89 
1220	34 
1221	73 
1222	13 
1223	82 
1224	61 
1225	19 
1226	4 
1227	98 
1228	22 
1229	65 
1230	85 
1231	64 
1232	20 
1233	15 
1234	43 
1235	68 
1236	57 
1237	7 
1238	90 
1239	64 
1240	52 
1241	36 
1242	31 
1243	96 
1244	6 
1245	21 
1246	15 
1247	27 
1248	44 
1249	25 
1250	82 
1251	18 
1252	46 
1253	30 
1254	12 
1255	70 
1256	77 
1257	44 
1258	15 
1259	6 
1260	49 
1261	76 
1262	64 
1263	28 
1264	59 
1265	52 
1266	73 
1267	96 
1268	21 
1269	45 
1270	19 
1271	63 
1272	22 
1273	12 
1274	95 
1275	64 
1276	66 
1277	74 
1278	54 
1279	1 
1280	64 
1281	15 
1282	11 
1283	28 
1284	37 
1285	23 
1286	86 
1287	71 
1288	17 
1289	65 
1290	96 
1291	74 
1292	15 
1293	76 
1294	80 
1295	53 
1296	84 
1297	65 
1298	7 
1299	15 
1300	31 
1301	89 
1302	30 
1303	46 
1304	64 
1305	91 
1306	95 
1307	65 
1308	12 
1309	45 
1310	4 
1311	12 
1312	53 
1313	69 
1314	69 
1315	28 
1316	81 
1317	29 
1318	96 
1319	22 
1320	42 
1321	62 
1322	80 
1323	89 
1324	44 
1325	58 
1326	74 
1327	80 
1328	87 
1329	21 
1330	62 
1331	71 
1332	63 
1333	43 
1334	18 
1335	2 
1336	85 
1337	20 
1338	53 
1339	90 
1340	37 
1341	19 
1342	56 
1343	67 
1344	65 
1345	9 
1346	72 
1347	40 
1348	78 
1349	9 
1350	78 
1351	64 
1352	21 
1353	18 
1354	28 
1355	21 
1356	82 
1357	98 
1358	41 
1359	98 
1360	88 
1361	6 
1362	30 
1363	27 
1364	80 
1365	86 
1366	85 
1367	44 
1368	73 
1369	24 
1370	26 
1371	28 
1372	23 
1373	91 
1374	53 
1375	58 
1376	80 
1377	94 
1378	59 
1379	43 
1380	38 
1381	17 
1382	24 
1383	61 
1384	72 
1385	40 
1386	71 
1387	89 
1388	62 
1389	24 
1390	61 
1391	85 
1392	67 
1393	85 
1394	25 
1395	72 
1396	61 
1397	90 
1398	2 
1399	15 
1400	67 
1401	16 
1402	76 
1403	73 
1404	96 
1405	74 
1406	27 
1407	13 
1408	8 
1409	63 
1410	16 
1411	49 
1412	48 
1413	89 
1414	82 
1415	19 
1416	65 
1417	11 
1418	16 
1419	70 
1420	64 
1421	66 
1422	10 
1423	8 
1424	43 
1425	58 
1426	3 
1427	54 
1428	84 
1429	60 
1430	96 
1431	71 
1432	67 
1433	64 
1434	38 
1435	6 
1436	90 
1437	56 
1438	91 
1439	98 
1440	72 
1441	10 
1442	24 
1443	84 
1444	46 
1445	29 
1446	90 
1447	34 
1448	83 
1449	46 
1450	1 
1451	2 
1452	23 
1453	49 
1454	93 
1455	15 
1456	98 
1457	66 
1458	63 
1459	94 
1460	56 
1461	98 
1462	23 
1463	82 
1464	97 
1465	31 
1466	75 
1467	78 
1468	28 
1469	43 
1470	85 
1471	98 
1472	88 
1473	40 
1474	3 
1475	29 
1476	59 
1477	55 
1478	8 
1479	49 
1480	50 
1481	44 
1482	25 
1483	40 
1484	39 
1485	19 
1486	85 
1487	22 
1488	2 
1489	60 
1490	27 
1491	67 
1492	72 
1493	74 
1494	73 
1495	84 
1496	31 
1497	15 
1498	96 
1499	38 
1500	85 
1501	57 
1502	90 
1503	91 
1504	81 
1505	61 
1506	14 
1507	24 
1508	31 
1509	24 
1510	87 
1511	48 
1512	87 
1513	37 
1514	18 
1515	11 
1516	96 
1517	57 
1518	60 
1519	94 
1520	6 
1521	62 
1522	79 
1523	12 
1524	52 
1525	25 
1526	92 
1527	68 
1528	18 
1529	48 
1530	11 
1531	98 
1532	82 
1533	83 
1534	65 
1535	91 
1536	57 
1537	93 
1538	9 
1539	51 
1540	94 
1541	17 
1542	66 
1543	26 
1544	98 
1545	10 
1546	16 
1547	77 
1548	90 
1549	48 
1550	90 
1551	4 
1552	77 
1553	40 
1554	53 
1555	37 
1556	2 
1557	57 
1558	72 
1559	89 
1560	80 
1561	67 
1562	15 
1563	56 
1564	27 
1565	49 
1566	77 
1567	34 
1568	20 
1569	19 
1570	42 
1571	30 
1572	96 
1573	25 
1574	4 
1575	81 
1576	76 
1577	84 
1578	80 
1579	93 
1580	18 
1581	55 
1582	55 
1583	28 
1584	34 
1585	92 
1586	48 
1587	62 
1588	28 
1589	74 
1590	23 
1591	49 
1592	52 
1593	57 
1594	70 
1595	92 
1596	85 
1597	38 
1598	67 
1599	96 
1600	90 
1601	90 
1602	40 
1603	72 
1604	47 
1605	51 
1606	1 
1607	23 
1608	79 
1609	91 
1610	8 
1611	61 
1612	77 
1613	26 
1614	16 
1615	30 
1616	89 
1617	64 
1618	24 
1619	6 
1620	23 
1621	72 
1622	92 
1623	41 
1624	80 
1625	41 
1626	16 
1627	4 
1628	18 
1629	89 
1630	25 
1631	28 
1632	6 
1633	43 
1634	4 
1635	88 
1636	10 
1637	77 
1638	61 
1639	15 
1640	67 
1641	98 
1642	98 
1643	24 
1644	70 
1645	91 
1646	10 
1647	52 
1648	35 
1649	18 
1650	30 
1651	94 
1652	10 
1653	71 
1654	47 
1655	90 
1656	80 
1657	30 
1658	16 
1659	64 
1660	70 
1661	65 
1662	84 
1663	90 
1664	31 
1665	52 
1666	4 
1667	93 
1668	83 
1669	44 
1670	24 
1671	3 
1672	16 
1673	16 
1674	57 
1675	4 
1676	65 
1677	14 
1678	87 
1679	35 
1680	98 
1681	24 
1682	7 
1683	87 
1684	66 
1685	60 
1686	5 
1687	23 
1688	23 
1689	89 
1690	98 
1691	28 
1692	35 
1693	34 
1694	21 
1695	74 
1696	55 
1697	95 
1698	71 
1699	27 
1700	67 
1701	92 
1702	92 
1703	20 
1704	79 
1705	65 
1706	84 
1707	66 
1708	62 
1709	67 
1710	25 
1711	64 
1712	81 
1713	33 
1714	48 
1715	83 
1716	36 
1717	21 
1718	11 
1719	50 
1720	15 
1721	16 
1722	8 
1723	84 
1724	10 
1725	48 
1726	12 
1727	41 
1728	95 
1729	1 
1730	15 
1731	91 
1732	40 
1733	15 
1734	8 
1735	35 
1736	48 
1737	39 
1738	30 
1739	27 
1740	78 
1741	29 
1742	38 
1743	67 
1744	65 
1745	85 
1746	75 
1747	6 
1748	12 
1749	40 
1750	50 
1751	21 
1752	96 
1753	38 
1754	74 
1755	80 
1756	95 
1757	12 
1758	27 
1759	54 
1760	6 
1761	52 
1762	47 
1763	72 
1764	8 
1765	16 
1766	68 
1767	2 
1768	55 
1769	82 
1770	72 
1771	77 
1772	62 
1773	77 
1774	92 
1775	59 
1776	22 
1777	76 
1778	80 
1779	23 
1780	94 
1781	66 
1782	47 
1783	27 
1784	40 
1785	5 
1786	65 
1787	7 
1788	85 
1789	93 
1790	91 
1791	42 
1792	96 
1793	12 
1794	16 
1795	2 
1796	84 
1797	67 
1798	90 
1799	89 
1800	69 
1801	70 
1802	9 
1803	48 
1804	68 
1805	89 
1806	23 
1807	30 
1808	71 
1809	9 
1810	41 
1811	73 
1812	61 
1813	55 
1814	91 
1815	39 
1816	42 
1817	4 
1818	21 
1819	28 
1820	7 
1821	6 
1822	50 
1823	64 
1824	98 
1825	13 
1826	47 
1827	97 
1828	28 
1829	27 
1830	26 
1831	74 
1832	30 
1833	62 
1834	57 
1835	16 
1836	70 
1837	55 
1838	73 
1839	25 
1840	87 
1841	84 
1842	26 
1843	64 
1844	48 
1845	89 
1846	62 
1847	79 
1848	16 
1849	27 
1850	55 
1851	74 
1852	89 
1853	13 
1854	64 
1855	6 
1856	28 
1857	18 
1858	72 
1859	6 
1860	14 
1861	53 
1862	44 
1863	90 
1864	70 
1865	68 
1866	73 
1867	54 
1868	28 
1869	48 
1870	74 
1871	64 
1872	39 
1873	29 
1874	22 
1875	4 
1876	32 
1877	30 
1878	60 
1879	31 
1880	51 
1881	30 
1882	28 
1883	44 
1884	31 
1885	74 
1886	57 
1887	94 
1888	95 
1889	92 
1890	87 
1891	96 
1892	59 
1893	14 
1894	84 
1895	27 
1896	30 
1897	32 
1898	87 
1899	47 
1900	6 
1901	44 
1902	59 
1903	29 
1904	4 
1905	6 
1906	86 
1907	85 
1908	53 
1909	31 
1910	76 
1911	15 
1912	69 
1913	87 
1914	62 
1915	93 
1916	23 
1917	50 
1918	54 
1919	89 
1920	48 
1921	65 
1922	46 
1923	56 
1924	41 
1925	92 
1926	85 
1927	13 
1928	49 
1929	48 
1930	6 
1931	52 
1932	91 
1933	59 
1934	27 
1935	17 
1936	73 
1937	33 
1938	96 
1939	42 
1940	8 
1941	28 
1942	89 
1943	74 
1944	97 
1945	27 
1946	57 
1947	75 
1948	74 
1949	53 
1950	65 
1951	48 
1952	36 
1953	8 
1954	88 
1955	48 
1956	5 
1957	29 
1958	60 
1959	9 
1960	51 
1961	31 
1962	74 
1963	17 
1964	90 
1965	64 
1966	2 
1967	91 
1968	6 
1969	25 
1970	70 
1971	91 
1972	89 
1973	72 
1974	89 
1975	58 
1976	31 
1977	28 
1978	94 
1979	21 
1980	12 
1981	20 
1982	9 
1983	44 
1984	53 
1985	1 
1986	95 
1987	65 
1988	83 
1989	72 
1990	66 
1991	66 
1992	6 
1993	48 
1994	49 
1995	96 
1996	90 
1997	52 
1998	96 
1999	29 
2000	65 
2001	49 
2002	36 
2003	30 
2004	4 
2005	71 
2006	17 
2007	4 
2008	21 
2009	51 
2010	6 
2011	70 
2012	69 
2013	62 
2014	44 
2015	28 
2016	13 
2017	15 
2018	19 
2019	31 
2020	40 
2021	89 
2022	77 
2023	53 
2024	21 
2025	49 
2026	50 
2027	17 
2028	40 
2029	77 
2030	35 
2031	15 
2032	50 
2033	27 
2034	51 
2035	72 
2036	3 
2037	89 
2038	18 
2039	5 
2040	46 
2041	88 
2042	74 
2043	80 
2044	25 
2045	6 
2046	80 
2047	21 
2048	78 
2049	72 
2050	77 
2051	14 
2052	77 
2053	2 
2054	18 
2055	63 
2056	68 
2057	17 
2058	48 
2059	28 
2060	15 
2061	2 
2062	31 
2063	91 
2064	57 
2065	44 
2066	70 
2067	6 
2068	69 
2069	30 
2070	89 
2071	27 
2072	6 
2073	92 
2074	70 
2075	57 
2076	72 
2077	52 
2078	63 
2079	10 
2080	96 
2081	17 
2082	89 
2083	85 
2084	96 
2085	21 
2086	76 
2087	65 
2088	89 
2089	33 
2090	7 
2091	72 
2092	88 
2093	70 
2094	90 
2095	96 
2096	89 
2097	51 
2098	74 
2099	65 
2100	51 
2101	72 
2102	44 
2103	76 
2104	92 
2105	72 
2106	44 
2107	78 
2108	82 
2109	81 
2110	57 
2111	3 
2112	66 
2113	15 
2114	40 
2115	95 
2116	72 
2117	32 
2118	2 
2119	10 
2120	18 
2121	65 
2122	65 
2123	21 
2124	91 
2125	55 
2126	81 
2127	90 
2128	34 
2129	11 
2130	3 
2131	9 
2132	78 
2133	62 
2134	59 
2135	77 
2136	16 
2137	90 
2138	59 
2139	66 
2140	44 
2141	13 
2142	11 
2143	21 
2144	67 
2145	6 
2146	37 
2147	11 
2148	24 
2149	59 
2150	34 
2151	6 
2152	35 
2153	75 
2154	89 
2155	49 
2156	89 
2157	92 
2158	72 
2159	89 
2160	88 
2161	28 
2162	97 
2163	74 
2164	39 
2165	98 
2166	66 
2167	48 
2168	77 
2169	21 
2170	2 
2171	63 
2172	16 
2173	11 
2174	16 
2175	62 
2176	77 
2177	21 
2178	94 
2179	18 
2180	39 
2181	74 
2182	18 
2183	11 
2184	2 
2185	89 
2186	29 
2187	57 
2188	35 
2189	10 
2190	96 
2191	69 
2192	1 
2193	46 
2194	59 
2195	78 
2196	48 
2197	84 
2198	80 
2199	28 
2200	87 
2201	11 
2202	89 
2203	85 
2204	50 
2205	67 
2206	12 
2207	82 
2208	6 
2209	2 
2210	24 
2211	78 
2212	59 
2213	68 
2214	42 
2215	64 
2216	28 
2217	57 
2218	37 
2219	18 
2220	4 
2221	57 
2222	74 
2223	19 
2224	23 
2225	17 
2226	11 
2227	83 
2228	72 
2229	25 
2230	6 
2231	24 
2232	66 
2233	31 
2234	82 
2235	55 
2236	68 
2237	11 
2238	22 
2239	84 
2240	53 
2241	7 
2242	58 
2243	64 
2244	91 
2245	92 
2246	15 
2247	98 
2248	64 
2249	70 
2250	53 
2251	72 
2252	22 
2253	27 
2254	73 
2255	19 
2256	4 
2257	10 
2258	90 
2259	34 
2260	51 
2261	48 
2262	15 
2263	4 
2264	67 
2265	84 
2266	88 
2267	20 
2268	85 
2269	69 
2270	64 
2271	80 
2272	92 
2273	19 
2274	27 
2275	85 
2276	62 
2277	66 
2278	50 
2279	12 
2280	76 
2281	74 
2282	71 
2283	58 
2284	24 
2285	24 
2286	89 
2287	61 
2288	74 
2289	84 
2290	44 
2291	65 
2292	97 
2293	78 
2294	74 
2295	98 
2296	80 
2297	14 
2298	4 
2299	60 
2300	51 
2301	52 
2302	53 
2303	86 
2304	36 
2305	80 
2306	1 
2307	69 
2308	74 
2309	72 
2310	67 
2311	28 
2312	80 
2313	66 
2314	66 
2315	6 
2316	11 
2317	35 
2318	94 
2319	64 
2320	56 
2321	88 
2322	18 
2323	76 
2324	19 
2325	6 
2326	74 
2327	62 
2328	12 
2329	60 
2330	19 
2331	72 
2332	17 
2333	62 
2334	59 
2335	17 
2336	40 
2337	84 
2338	49 
2339	80 
2340	48 
2341	46 
2342	87 
2343	97 
2344	48 
2345	20 
2346	72 
2347	84 
2348	18 
2349	31 
2350	33 
2351	20 
2352	22 
2353	40 
2354	74 
2355	37 
2356	66 
2357	17 
2358	29 
2359	66 
2360	52 
2361	59 
2362	86 
2363	89 
2364	23 
2365	48 
2366	71 
2367	60 
2368	85 
2369	5 
2370	31 
2371	85 
2372	56 
2373	50 
2374	1 
2375	18 
2376	15 
2377	30 
2378	90 
2379	77 
2380	98 
2381	61 
2382	27 
2383	89 
2384	87 
2385	62 
2386	67 
2387	64 
2388	95 
2389	67 
2390	4 
2391	44 
2392	1 
2393	57 
2394	91 
2395	83 
2396	95 
2397	25 
2398	88 
2399	88 
2400	55 
2401	14 
2402	1 
2403	58 
2404	52 
2405	26 
2406	65 
2407	21 
2408	13 
2409	79 
2410	21 
2411	58 
2412	33 
2413	25 
2414	62 
2415	34 
2416	98 
2417	79 
2418	90 
2419	32 
2420	98 
2421	77 
2422	74 
2423	22 
2424	57 
2425	33 
2426	91 
2427	68 
2428	36 
2429	96 
2430	51 
2431	59 
2432	97 
2433	40 
2434	8 
2435	79 
2436	12 
2437	98 
2438	57 
2439	39 
2440	31 
2441	71 
2442	62 
2443	85 
2444	46 
2445	11 
2446	91 
2447	17 
2448	28 
2449	5 
2450	34 
2451	1 
2452	25 
2453	51 
2454	31 
2455	54 
2456	3 
2457	30 
2458	4 
2459	96 
2460	74 
2461	40 
2462	91 
2463	55 
2464	6 
2465	89 
2466	96 
2467	63 
2468	96 
2469	76 
2470	67 
2471	86 
2472	59 
2473	70 
2474	51 
2475	22 
2476	91 
2477	81 
2478	90 
2479	9 
2480	77 
2481	90 
2482	2 
2483	29 
2484	3 
2485	34 
2486	96 
2487	25 
2488	90 
2489	71 
2490	52 
2491	76 
2492	34 
2493	2 
2494	39 
2495	10 
2496	16 
2497	23 
2498	28 
2499	65 
2500	67 
2501	34 
2502	21 
2503	16 
2504	60 
2505	55 
2506	38 
2507	91 
2508	74 
2509	27 
2510	12 
2511	16 
2512	8 
2513	27 
2514	70 
2515	61 
2516	64 
2517	21 
2518	91 
2519	18 
2520	21 
2521	87 
2522	5 
2523	39 
2524	91 
2525	84 
2526	31 
2527	83 
2528	27 
2529	94 
2530	22 
2531	66 
2532	35 
2533	91 
2534	5 
2535	12 
2536	91 
2537	27 
2538	17 
2539	83 
2540	76 
2541	6 
2542	23 
2543	48 
2544	21 
2545	47 
2546	2 
2547	48 
2548	63 
2549	16 
2550	18 
2551	50 
2552	11 
2553	46 
2554	40 
2555	62 
2556	66 
2557	85 
2558	46 
2559	31 
2560	29 
2561	27 
2562	76 
2563	60 
2564	25 
2565	79 
2566	11 
2567	68 
2568	40 
2569	29 
2570	71 
2571	57 
2572	15 
2573	66 
2574	11 
2575	25 
2576	48 
2577	95 
2578	20 
2579	66 
2580	44 
2581	42 
2582	12 
2583	36 
2584	95 
2585	91 
2586	65 
2587	66 
2588	6 
2589	6 
2590	20 
2591	69 
2592	4 
2593	56 
2594	57 
2595	96 
2596	96 
2597	1 
2598	18 
2599	50 
2600	74 
2601	20 
2602	48 
2603	13 
2604	5 
2605	70 
2606	98 
2607	66 
2608	59 
2609	36 
2610	13 
2611	58 
2612	42 
2613	37 
2614	50 
2615	40 
2616	6 
2617	91 
2618	7 
2619	74 
2620	11 
2621	18 
2622	32 
2623	17 
2624	37 
2625	33 
2626	21 
2627	66 
2628	76 
2629	42 
2630	21 
2631	70 
2632	17 
2633	54 
2634	84 
2635	73 
2636	24 
2637	9 
2638	64 
2639	1 
2640	7 
2641	39 
2642	63 
2643	3 
2644	45 
2645	35 
2646	91 
2647	8 
2648	75 
2649	46 
2650	52 
2651	26 
2652	95 
2653	89 
2654	78 
2655	66 
2656	18 
2657	69 
2658	6 
2659	97 
2660	2 
2661	85 
2662	33 
2663	49 
2664	98 
2665	33 
2666	21 
2667	24 
2668	28 
2669	48 
2670	22 
2671	30 
2672	45 
2673	94 
2674	56 
2675	26 
2676	83 
2677	54 
2678	52 
2679	69 
2680	59 
2681	35 
2682	6 
2683	55 
2684	57 
2685	83 
2686	68 
2687	80 
2688	57 
2689	98 
2690	57 
2691	90 
2692	96 
2693	27 
2694	63 
2695	21 
2696	47 
2697	98 
2698	77 
2699	22 
2700	90 
2701	95 
2702	2 
2703	74 
2704	74 
2705	49 
2706	7 
2707	62 
2708	68 
2709	82 
2710	49 
2711	27 
2712	91 
2713	63 
2714	61 
2715	49 
2716	31 
2717	81 
2718	93 
2719	64 
2720	25 
2721	56 
2722	51 
2723	91 
2724	90 
2725	8 
2726	6 
2727	34 
2728	93 
2729	18 
2730	63 
2731	77 
2732	90 
2733	62 
2734	36 
2735	65 
2736	17 
2737	89 
2738	36 
2739	93 
2740	72 
2741	1 
2742	53 
2743	41 
2744	32 
2745	15 
2746	40 
2747	73 
2748	32 
2749	97 
2750	82 
2751	12 
2752	40 
2753	27 
2754	25 
2755	91 
2756	46 
2757	68 
2758	59 
2759	75 
2760	92 
2761	60 
2762	61 
2763	7 
2764	72 
2765	28 
2766	81 
2767	72 
2768	37 
2769	18 
2770	92 
2771	40 
2772	2 
2773	21 
2774	79 
2775	46 
2776	98 
2777	37 
2778	64 
2779	60 
2780	10 
2781	79 
2782	43 
2783	93 
2784	6 
2785	11 
2786	90 
2787	16 
2788	38 
2789	8 
2790	5 
2791	84 
2792	27 
2793	92 
2794	43 
2795	72 
2796	49 
2797	57 
2798	65 
2799	48 
2800	94 
2801	91 
2802	65 
2803	37 
2804	90 
2805	55 
2806	72 
2807	87 
2808	89 
2809	75 
2810	24 
2811	27 
2812	47 
2813	20 
2814	59 
2815	34 
2816	21 
2817	15 
2818	19 
2819	72 
2820	14 
2821	48 
2822	57 
2823	56 
2824	91 
2825	10 
2826	21 
2827	6 
2828	89 
2829	68 
2830	58 
2831	9 
2832	98 
2833	72 
2834	91 
2835	67 
2836	32 
2837	35 
2838	59 
2839	15 
2840	63 
2841	8 
2842	18 
2843	57 
2844	34 
2845	92 
2846	4 
2847	53 
2848	74 
2849	66 
2850	4 
2851	67 
2852	64 
2853	79 
2854	56 
2855	63 
2856	74 
2857	15 
2858	90 
2859	89 
2860	80 
2861	52 
2862	48 
2863	65 
2864	33 
2865	92 
2866	40 
2867	79 
2868	3 
2869	65 
2870	77 
2871	55 
2872	30 
2873	24 
2874	84 
2875	49 
2876	16 
2877	77 
2878	98 
2879	76 
2880	82 
2881	30 
2882	39 
2883	60 
2884	17 
2885	74 
2886	35 
2887	94 
2888	21 
2889	26 
2890	20 
2891	64 
2892	52 
2893	25 
2894	98 
2895	91 
2896	1 
2897	59 
2898	74 
2899	57 
2900	92 
2901	71 
2902	71 
2903	64 
2904	6 
2905	80 
2906	40 
2907	92 
2908	91 
2909	94 
2910	48 
2911	73 
2912	10 
2913	12 
2914	2 
2915	59 
2916	66 
2917	47 
2918	68 
2919	40 
2920	23 
2921	4 
2922	89 
2923	96 
2924	84 
2925	67 
2926	62 
2927	96 
2928	48 
2929	75 
2930	20 
2931	69 
2932	27 
2933	58 
2934	95 
2935	27 
2936	65 
2937	90 
2938	64 
2939	39 
2940	89 
2941	11 
2942	43 
2943	74 
2944	76 
2945	77 
2946	32 
2947	90 
2948	48 
2949	13 
2950	2 
2951	24 
2952	80 
2953	71 
2954	91 
2955	89 
2956	51 
2957	27 
2958	80 
2959	22 
2960	25 
2961	64 
2962	82 
2963	32 
2964	42 
2965	17 
2966	89 
2967	89 
2968	70 
2969	45 
2970	1 
2971	27 
2972	43 
2973	83 
2974	8 
2975	11 
2976	68 
2977	52 
2978	56 
2979	70 
2980	91 
2981	90 
2982	98 
2983	10 
2984	71 
2985	83 
2986	21 
2987	74 
2988	63 
2989	91 
2990	91 
2991	79 
2992	49 
2993	62 
2994	5 
2995	19 
2996	80 
2997	66 
2998	43 
2999	74 
3000	67 
3001	48 
3002	98 
3003	80 
3004	84 
3005	4 
3006	74 
3007	3 
3008	90 
3009	66 
3010	37 
3011	90 
3012	15 
3013	69 
3014	65 
3015	65 
3016	6 
3017	62 
3018	5 
3019	29 
3020	91 
3021	22 
3022	94 
3023	49 
3024	86 
3025	69 
3026	45 
3027	80 
3028	47 
3029	6 
3030	14 
3031	14 
3032	62 
3033	57 
3034	57 
3035	30 
3036	87 
3037	85 
3038	25 
3039	47 
3040	83 
3041	46 
3042	12 
3043	74 
3044	92 
3045	97 
3046	41 
3047	34 
3048	73 
3049	28 
3050	50 
3051	40 
3052	80 
3053	98 
3054	77 
3055	11 
3056	36 
3057	90 
3058	73 
3059	40 
3060	11 
3061	9 
3062	73 
3063	68 
3064	89 
3065	60 
3066	96 
3067	40 
3068	57 
3069	69 
3070	88 
3071	24 
3072	59 
3073	89 
3074	21 
3075	52 
3076	2 
3077	87 
3078	47 
3079	70 
3080	27 
3081	84 
3082	6 
3083	3 
3084	48 
3085	90 
3086	44 
3087	90 
3088	68 
3089	40 
3090	71 
3091	4 
3092	58 
3093	34 
3094	96 
3095	65 
3096	25 
3097	18 
3098	96 
3099	19 
3100	68 
3101	76 
3102	70 
3103	76 
3104	37 
3105	90 
3106	65 
3107	31 
3108	59 
3109	89 
3110	46 
3111	31 
3112	86 
3113	1 
3114	73 
3115	67 
3116	85 
3117	64 
3118	89 
3119	16 
3120	19 
3121	71 
3122	85 
3123	31 
3124	39 
3125	89 
3126	49 
3127	49 
3128	65 
3129	26 
3130	76 
3131	91 
3132	89 
3133	21 
3134	18 
3135	6 
3136	46 
3137	68 
3138	55 
3139	92 
3140	44 
3141	41 
3142	39 
3143	6 
3144	90 
3145	30 
3146	34 
3147	69 
3148	80 
3149	22 
3150	59 
3151	6 
3152	83 
3153	28 
3154	13 
3155	96 
3156	39 
3157	96 
3158	10 
3159	88 
3160	62 
3161	65 
3162	19 
3163	90 
3164	18 
3165	52 
3166	67 
3167	97 
3168	66 
3169	46 
3170	27 
3171	72 
3172	92 
3173	92 
3174	68 
3175	70 
3176	18 
3177	4 
3178	72 
3179	87 
3180	48 
3181	23 
3182	38 
3183	2 
3184	27 
3185	37 
3186	31 
3187	56 
3188	17 
3189	6 
3190	32 
3191	34 
3192	76 
3193	96 
3194	21 
3195	23 
3196	63 
3197	71 
3198	37 
3199	62 
3200	96 
3201	91 
3202	80 
3203	84 
3204	5 
3205	11 
3206	3 
3207	56 
3208	77 
3209	14 
3210	3 
3211	49 
3212	47 
3213	10 
3214	23 
3215	62 
3216	30 
3217	76 
3218	37 
3219	66 
3220	78 
3221	8 
3222	12 
3223	52 
3224	71 
3225	53 
3226	62 
3227	63 
3228	3 
3229	11 
3230	15 
3231	39 
3232	29 
3233	52 
3234	42 
3235	91 
3236	89 
3237	64 
3238	91 
3239	49 
3240	22 
3241	28 
3242	65 
3243	62 
3244	92 
3245	14 
3246	52 
3247	84 
3248	32 
3249	88 
3250	69 
3251	80 
3252	89 
3253	25 
3254	57 
3255	28 
3256	96 
3257	83 
3258	87 
3259	77 
3260	49 
3261	72 
3262	4 
3263	40 
3264	96 
3265	61 
3266	62 
3267	20 
3268	2 
3269	59 
3270	7 
3271	64 
3272	60 
3273	65 
3274	84 
3275	4 
3276	89 
3277	63 
3278	11 
3279	15 
3280	40 
3281	17 
3282	23 
3283	56 
3284	32 
3285	8 
3286	11 
3287	30 
3288	54 
3289	45 
3290	11 
3291	6 
3292	4 
3293	74 
3294	90 
3295	6 
3296	40 
3297	72 
3298	72 
3299	73 
3300	10 
3301	15 
3302	92 
3303	33 
3304	62 
3305	15 
3306	64 
3307	80 
3308	27 
3309	96 
3310	77 
3311	32 
3312	29 
3313	10 
3314	25 
3315	74 
3316	28 
3317	40 
3318	76 
3319	31 
3320	89 
3321	95 
3322	92 
3323	39 
3324	40 
3325	65 
3326	4 
3327	82 
3328	23 
3329	5 
3330	30 
3331	62 
3332	57 
3333	57 
3334	70 
3335	82 
3336	59 
3337	83 
3338	57 
3339	86 
3340	2 
3341	10 
3342	39 
3343	40 
3344	4 
3345	98 
3346	24 
3347	78 
3348	88 
3349	4 
3350	17 
3351	83 
3352	70 
3353	18 
3354	90 
3355	35 
3356	20 
3357	95 
3358	1 
3359	2 
3360	52 
3361	26 
3362	4 
3363	77 
3364	23 
3365	4 
3366	41 
3367	7 
3368	40 
3369	51 
3370	70 
3371	57 
3372	68 
3373	73 
3374	93 
3375	91 
3376	96 
3377	27 
3378	88 
3379	85 
3380	96 
3381	47 
3382	42 
3383	91 
3384	94 
3385	58 
3386	62 
3387	60 
3388	84 
3389	15 
3390	37 
3391	47 
3392	42 
3393	18 
3394	50 
3395	44 
3396	57 
3397	34 
3398	37 
3399	16 
3400	70 
3401	58 
3402	60 
3403	40 
3404	6 
3405	38 
3406	30 
3407	40 
3408	2 
3409	34 
3410	16 
3411	28 
3412	19 
3413	19 
3414	19 
3415	69 
3416	43 
3417	11 
3418	72 
3419	81 
3420	96 
3421	27 
3422	23 
3423	41 
3424	91 
3425	98 
3426	37 
3427	43 
3428	34 
3429	18 
3430	23 
3431	63 
3432	66 
3433	52 
3434	32 
3435	31 
3436	4 
3437	1 
3438	90 
3439	75 
3440	64 
3441	37 
3442	56 
3443	88 
3444	62 
3445	89 
3446	77 
3447	80 
3448	12 
3449	34 
3450	92 
3451	51 
3452	70 
3453	49 
3454	30 
3455	46 
3456	8 
3457	80 
3458	84 
3459	32 
3460	52 
3461	35 
3462	4 
3463	57 
3464	29 
3465	34 
3466	62 
3467	77 
3468	46 
3469	96 
3470	53 
3471	41 
3472	58 
3473	71 
3474	87 
3475	72 
3476	12 
3477	68 
3478	85 
3479	68 
3480	10 
3481	62 
3482	27 
3483	57 
3484	71 
3485	12 
3486	92 
3487	24 
3488	59 
3489	6 
3490	23 
3491	15 
3492	20 
3493	89 
3494	97 
3495	70 
3496	16 
3497	93 
3498	44 
3499	72 
3500	64 
3501	18 
3502	37 
3503	89 
3504	96 
3505	59 
3506	80 
3507	12 
3508	56 
3509	17 
3510	87 
3511	63 
3512	26 
3513	68 
3514	51 
3515	34 
3516	71 
3517	40 
3518	2 
3519	92 
3520	55 
3521	64 
3522	39 
3523	70 
3524	70 
3525	65 
3526	77 
3527	48 
3528	57 
3529	92 
3530	79 
3531	61 
3532	73 
3533	15 
3534	71 
3535	77 
3536	48 
3537	41 
3538	27 
3539	66 
3540	47 
3541	91 
3542	11 
3543	4 
3544	84 
3545	37 
3546	85 
3547	6 
3548	29 
3549	79 
3550	50 
3551	80 
3552	4 
3553	94 
3554	40 
3555	95 
3556	51 
3557	28 
3558	30 
3559	52 
3560	61 
3561	77 
3562	67 
3563	90 
3564	75 
3565	65 
3566	57 
3567	19 
3568	6 
3569	53 
3570	48 
3571	36 
3572	54 
3573	60 
3574	18 
3575	74 
3576	27 
3577	2 
3578	96 
3579	6 
3580	48 
3581	61 
3582	46 
3583	94 
3584	1 
3585	4 
3586	63 
3587	75 
3588	49 
3589	59 
3590	29 
3591	73 
3592	91 
3593	49 
3594	2 
3595	96 
3596	97 
3597	35 
3598	48 
3599	27 
3600	58 
3601	2 
3602	34 
3603	23 
3604	90 
3605	44 
3606	6 
3607	95 
3608	84 
3609	48 
3610	52 
3611	92 
3612	91 
3613	95 
3614	37 
3615	59 
3616	31 
3617	91 
3618	91 
3619	59 
3620	72 
3621	64 
3622	85 
3623	85 
3624	98 
3625	53 
3626	56 
3627	80 
3628	20 
3629	9 
3630	15 
3631	46 
3632	87 
3633	7 
3634	91 
3635	65 
3636	95 
3637	23 
3638	30 
3639	60 
3640	23 
3641	90 
3642	57 
3643	91 
3644	21 
3645	40 
3646	74 
3647	28 
3648	87 
3649	31 
3650	31 
3651	41 
3652	39 
3653	12 
3654	72 
3655	33 
3656	90 
3657	25 
3658	69 
3659	34 
3660	76 
3661	9 
3662	69 
3663	98 
3664	62 
3665	48 
3666	44 
3667	48 
3668	49 
3669	83 
3670	37 
3671	48 
3672	81 
3673	31 
3674	41 
3675	80 
3676	40 
3677	68 
3678	49 
3679	30 
3680	57 
3681	66 
3682	34 
3683	92 
3684	87 
3685	49 
3686	63 
3687	1 
3688	42 
3689	83 
3690	96 
3691	37 
3692	89 
3693	31 
3694	72 
3695	91 
3696	64 
3697	75 
3698	80 
3699	46 
3700	48 
3701	32 
3702	24 
3703	62 
3704	29 
3705	57 
3706	80 
3707	27 
3708	62 
3709	28 
3710	25 
3711	10 
3712	29 
3713	77 
3714	46 
3715	56 
3716	25 
3717	70 
3718	87 
3719	18 
3720	2 
3721	96 
3722	53 
3723	63 
3724	57 
3725	90 
3726	98 
3727	48 
3728	45 
3729	95 
3730	64 
3731	65 
3732	17 
3733	16 
3734	91 
3735	43 
3736	97 
3737	92 
3738	23 
3739	82 
3740	32 
3741	56 
3742	58 
3743	68 
3744	91 
3745	65 
3746	66 
3747	47 
3748	4 
3749	8 
3750	83 
3751	30 
3752	89 
3753	26 
3754	15 
3755	89 
3756	56 
3757	84 
3758	46 
3759	80 
3760	45 
3761	80 
3762	17 
3763	38 
3764	54 
3765	15 
3766	93 
3767	68 
3768	6 
3769	44 
3770	85 
3771	32 
3772	83 
3773	77 
3774	58 
3775	55 
3776	90 
3777	51 
3778	15 
3779	52 
3780	2 
3781	81 
3782	35 
3783	24 
3784	81 
3785	37 
3786	15 
3787	11 
3788	54 
3789	47 
3790	68 
3791	67 
3792	38 
3793	58 
3794	79 
3795	27 
3796	27 
3797	89 
3798	21 
3799	68 
3800	33 
3801	29 
3802	83 
3803	32 
3804	22 
3805	26 
3806	48 
3807	44 
3808	68 
3809	85 
3810	59 
3811	96 
3812	62 
3813	8 
3814	36 
3815	89 
3816	32 
3817	86 
3818	53 
3819	48 
3820	62 
3821	85 
3822	21 
3823	83 
3824	20 
3825	18 
3826	43 
3827	57 
3828	89 
3829	40 
3830	62 
3831	4 
3832	97 
3833	29 
3834	74 
3835	37 
3836	49 
3837	21 
3838	28 
3839	9 
3840	64 
3841	66 
3842	74 
3843	12 
3844	43 
3845	85 
3846	96 
3847	10 
3848	89 
3849	85 
3850	30 
3851	18 
3852	96 
3853	17 
3854	74 
3855	17 
3856	77 
3857	70 
3858	91 
3859	9 
3860	2 
3861	33 
3862	4 
3863	96 
3864	43 
3865	57 
3866	55 
3867	75 
3868	76 
3869	13 
3870	60 
3871	26 
3872	42 
3873	22 
3874	57 
3875	2 
3876	17 
3877	10 
3878	1 
3879	95 
3880	30 
3881	42 
3882	67 
3883	27 
3884	84 
3885	15 
3886	16 
3887	15 
3888	15 
3889	59 
3890	6 
3891	15 
3892	80 
3893	22 
3894	76 
3895	73 
3896	85 
3897	48 
3898	90 
3899	51 
3900	28 
3901	20 
3902	90 
3903	68 
3904	51 
3905	82 
3906	73 
3907	3 
3908	77 
3909	19 
3910	60 
3911	69 
3912	39 
3913	67 
3914	21 
3915	68 
3916	32 
3917	49 
3918	81 
3919	16 
3920	67 
3921	57 
3922	73 
3923	15 
3924	66 
3925	84 
3926	68 
3927	78 
3928	9 
3929	44 
3930	39 
3931	65 
3932	40 
3933	70 
3934	65 
3935	42 
3936	18 
3937	96 
3938	87 
3939	37 
3940	70 
3941	96 
3942	4 
3943	82 
3944	40 
3945	75 
3946	28 
3947	34 
3948	16 
3949	85 
3950	57 
3951	79 
3952	65 
3953	15 
3954	69 
3955	40 
3956	89 
3957	74 
3958	61 
3959	91 
3960	16 
3961	37 
3962	66 
3963	64 
3964	28 
3965	20 
3966	69 
3967	64 
3968	6 
3969	44 
3970	17 
3971	2 
3972	38 
3973	4 
3974	6 
3975	29 
3976	92 
3977	98 
3978	62 
3979	83 
3980	70 
3981	63 
3982	18 
3983	47 
3984	77 
3985	40 
3986	56 
3987	15 
3988	60 
3989	91 
3990	79 
3991	41 
3992	64 
3993	89 
3994	5 
3995	33 
3996	95 
3997	77 
3998	62 
3999	28 
4000	79 
4001	37 
4002	10 
4003	61 
4004	77 
4005	33 
4006	50 
4007	90 
4008	66 
4009	50 
4010	59 
4011	13 
4012	15 
4013	82 
4014	96 
4015	85 
4016	71 
4017	72 
4018	34 
4019	26 
4020	6 
4021	59 
4022	96 
4023	45 
4024	45 
4025	40 
4026	38 
4027	55 
4028	59 
4029	27 
4030	87 
4031	92 
4032	62 
4033	2 
4034	37 
4035	17 
4036	22 
4037	61 
4038	4 
4039	71 
4040	78 
4041	24 
4042	22 
4043	87 
4044	66 
4045	72 
4046	41 
4047	2 
4048	40 
4049	11 
4050	64 
4051	29 
4052	28 
4053	64 
4054	98 
4055	67 
4056	6 
4057	59 
4058	68 
4059	57 
4060	95 
4061	65 
4062	62 
4063	67 
4064	60 
4065	16 
4066	72 
4067	57 
4068	68 
4069	37 
4070	96 
4071	16 
4072	12 
4073	66 
4074	9 
4075	78 
4076	67 
4077	31 
4078	87 
4079	59 
4080	34 
4081	74 
4082	54 
4083	31 
4084	66 
4085	76 
4086	91 
4087	19 
4088	16 
4089	41 
4090	62 
4091	65 
4092	68 
4093	58 
4094	90 
4095	40 
4096	91 
4097	65 
4098	79 
4099	66 
4100	80 
4101	69 
4102	70 
4103	11 
4104	13 
4105	86 
4106	17 
4107	61 
4108	30 
4109	23 
4110	77 
4111	20 
4112	1 
4113	95 
4114	59 
4115	44 
4116	1 
4117	7 
4118	21 
4119	87 
4120	67 
4121	28 
4122	4 
4123	37 
4124	62 
4125	85 
4126	69 
4127	63 
4128	81 
4129	80 
4130	43 
4131	55 
4132	92 
4133	19 
4134	78 
4135	41 
4136	93 
4137	74 
4138	2 
4139	92 
4140	12 
4141	1 
4142	35 
4143	52 
4144	66 
4145	28 
4146	66 
4147	64 
4148	29 
4149	16 
4150	91 
4151	54 
4152	29 
4153	84 
4154	90 
4155	2 
4156	27 
4157	3 
4158	11 
4159	79 
4160	44 
4161	72 
4162	70 
4163	65 
4164	88 
4165	50 
4166	59 
4167	78 
4168	90 
4169	60 
4170	91 
4171	28 
4172	20 
4173	58 
4174	73 
4175	87 
4176	10 
4177	52 
4178	46 
4179	80 
4180	74 
4181	86 
4182	89 
4183	60 
4184	49 
4185	32 
4186	83 
4187	50 
4188	63 
4189	72 
4190	20 
4191	77 
4192	81 
4193	93 
4194	16 
4195	56 
4196	65 
4197	39 
4198	31 
4199	41 
4200	86 
4201	11 
4202	97 
4203	51 
4204	26 
4205	75 
4206	5 
4207	77 
4208	15 
4209	35 
4210	49 
4211	66 
4212	54 
4213	5 
4214	35 
4215	68 
4216	39 
4217	72 
4218	37 
4219	91 
4220	49 
4221	65 
4222	70 
4223	61 
4224	39 
4225	89 
4226	4 
4227	75 
4228	72 
4229	59 
4230	97 
4231	34 
4232	64 
4233	34 
4234	31 
4235	88 
4236	21 
4237	11 
4238	28 
4239	8 
4240	6 
4241	1 
4242	52 
4243	66 
4244	55 
4245	43 
4246	3 
4247	57 
4248	43 
4249	15 
4250	19 
4251	80 
4252	98 
4253	28 
4254	96 
4255	91 
4256	16 
4257	29 
4258	16 
4259	91 
4260	48 
4261	41 
4262	84 
4263	89 
4264	66 
4265	65 
4266	29 
4267	16 
4268	80 
4269	37 
4270	43 
4271	62 
4272	16 
4273	57 
4274	41 
4275	24 
4276	36 
4277	31 
4278	31 
4279	2 
4280	93 
4281	17 
4282	65 
4283	10 
4284	95 
4285	88 
4286	62 
4287	74 
4288	79 
4289	44 
4290	90 
4291	85 
4292	67 
4293	49 
4294	73 
4295	61 
4296	11 
4297	69 
4298	10 
4299	34 
4300	57 
4301	62 
4302	76 
4303	7 
4304	98 
4305	64 
4306	11 
4307	37 
4308	7 
4309	15 
4310	89 
4311	18 
4312	32 
4313	64 
4314	40 
4315	54 
4316	58 
4317	28 
4318	5 
4319	94 
4320	62 
4321	43 
4322	36 
4323	87 
4324	50 
4325	32 
4326	44 
4327	66 
4328	90 
4329	72 
4330	70 
4331	54 
4332	45 
4333	57 
4334	18 
4335	65 
4336	74 
4337	4 
4338	28 
4339	21 
4340	60 
4341	74 
4342	61 
4343	72 
4344	90 
4345	14 
4346	6 
4347	88 
4348	96 
4349	87 
4350	10 
4351	18 
4352	85 
4353	85 
4354	85 
4355	72 
4356	72 
4357	71 
4358	98 
4359	44 
4360	84 
4361	61 
4362	59 
4363	56 
4364	74 
4365	21 
4366	28 
4367	40 
4368	53 
4369	60 
4370	29 
4371	2 
4372	77 
4373	61 
4374	57 
4375	74 
4376	15 
4377	72 
4378	9 
4379	98 
4380	80 
4381	44 
4382	52 
4383	53 
4384	65 
4385	77 
4386	65 
4387	29 
4388	22 
4389	19 
4390	14 
4391	84 
4392	77 
4393	73 
4394	28 
4395	25 
4396	38 
4397	37 
4398	71 
4399	30 
4400	57 
4401	12 
4402	64 
4403	57 
4404	89 
4405	65 
4406	27 
4407	68 
4408	61 
4409	62 
4410	61 
4411	59 
4412	62 
4413	90 
4414	89 
4415	83 
4416	2 
4417	74 
4418	28 
4419	57 
4420	84 
4421	54 
4422	50 
4423	21 
4424	77 
4425	34 
4426	25 
4427	68 
4428	90 
4429	35 
4430	29 
4431	77 
4432	76 
4433	80 
4434	86 
4435	72 
4436	47 
4437	65 
4438	96 
4439	59 
4440	27 
4441	40 
4442	97 
4443	17 
4444	57 
4445	77 
4446	34 
4447	27 
4448	60 
4449	89 
4450	27 
4451	95 
4452	47 
4453	4 
4454	77 
4455	85 
4456	90 
4457	4 
4458	58 
4459	51 
4460	35 
4461	81 
4462	62 
4463	31 
4464	89 
4465	4 
4466	57 
4467	91 
4468	46 
4469	69 
4470	56 
4471	48 
4472	61 
4473	92 
4474	39 
4475	39 
4476	31 
4477	68 
4478	77 
4479	91 
4480	81 
4481	82 
4482	98 
4483	57 
4484	53 
4485	62 
4486	57 
4487	80 
4488	62 
4489	28 
4490	27 
4491	72 
4492	59 
4493	69 
4494	52 
4495	87 
4496	77 
4497	64 
4498	49 
4499	80 
4500	18 
4501	39 
4502	88 
4503	15 
4504	97 
4505	48 
4506	56 
4507	29 
4508	97 
4509	65 
4510	15 
4511	73 
4512	65 
4513	20 
4514	15 
4515	92 
4516	61 
4517	67 
4518	31 
4519	15 
4520	3 
4521	43 
4522	34 
4523	11 
4524	24 
4525	2 
4526	78 
4527	5 
4528	65 
4529	73 
4530	73 
4531	16 
4532	4 
4533	18 
4534	60 
4535	73 
4536	69 
4537	5 
4538	69 
4539	13 
4540	17 
4541	58 
4542	44 
4543	79 
4544	18 
4545	19 
4546	64 
4547	51 
4548	81 
4549	41 
4550	16 
4551	96 
4552	79 
4553	16 
4554	98 
4555	43 
4556	33 
4557	51 
4558	95 
4559	8 
4560	61 
4561	65 
4562	50 
4563	57 
4564	57 
4565	85 
4566	21 
4567	68 
4568	96 
4569	89 
4570	10 
4571	55 
4572	9 
4573	27 
4574	51 
4575	57 
4576	92 
4577	34 
4578	51 
4579	74 
4580	17 
4581	62 
4582	66 
4583	98 
4584	70 
4585	72 
4586	67 
4587	72 
4588	34 
4589	69 
4590	25 
4591	76 
4592	34 
4593	29 
4594	91 
4595	33 
4596	17 
4597	32 
4598	29 
4599	28 
4600	15 
4601	24 
4602	49 
4603	18 
4604	74 
4605	56 
4606	86 
4607	41 
4608	57 
4609	55 
4610	33 
4611	66 
4612	16 
4613	62 
4614	76 
4615	28 
4616	25 
4617	74 
4618	36 
4619	44 
4620	28 
4621	88 
4622	48 
4623	11 
4624	28 
4625	17 
4626	44 
4627	72 
4628	24 
4629	29 
4630	73 
4631	77 
4632	35 
4633	82 
4634	1 
4635	85 
4636	61 
4637	3 
4638	37 
4639	85 
4640	39 
4641	83 
4642	40 
4643	39 
4644	90 
4645	62 
4646	46 
4647	31 
4648	15 
4649	64 
4650	48 
4651	96 
4652	21 
4653	80 
4654	92 
4655	21 
4656	61 
4657	40 
4658	79 
4659	72 
4660	7 
4661	83 
4662	91 
4663	21 
4664	70 
4665	64 
4666	79 
4667	72 
4668	27 
4669	94 
4670	88 
4671	15 
4672	77 
4673	27 
4674	71 
4675	47 
4676	16 
4677	89 
4678	56 
4679	18 
4680	34 
4681	59 
4682	27 
4683	66 
4684	49 
4685	32 
4686	27 
4687	15 
4688	61 
4689	80 
4690	37 
4691	61 
4692	20 
4693	21 
4694	16 
4695	72 
4696	97 
4697	54 
4698	27 
4699	94 
4700	44 
4701	55 
4702	66 
4703	44 
4704	17 
4705	29 
4706	40 
4707	4 
4708	52 
4709	62 
4710	11 
4711	74 
4712	74 
4713	17 
4714	61 
4715	60 
4716	47 
4717	77 
4718	97 
4719	78 
4720	46 
4721	27 
4722	85 
4723	52 
4724	59 
4725	98 
4726	63 
4727	18 
4728	85 
4729	92 
4730	96 
4731	55 
4732	74 
4733	89 
4734	65 
4735	51 
4736	61 
4737	2 
4738	68 
4739	70 
4740	63 
4741	78 
4742	2 
4743	80 
4744	19 
4745	28 
4746	27 
4747	71 
4748	23 
4749	88 
4750	58 
4751	80 
4752	65 
4753	18 
4754	1 
4755	95 
4756	17 
4757	64 
4758	74 
4759	28 
4760	85 
4761	28 
4762	32 
4763	74 
4764	62 
4765	52 
4766	34 
4767	39 
4768	48 
4769	74 
4770	12 
4771	24 
4772	58 
4773	72 
4774	90 
4775	27 
4776	2 
4777	54 
4778	40 
4779	70 
4780	89 
4781	27 
4782	51 
4783	34 
4784	27 
4785	39 
4786	44 
4787	31 
4788	80 
4789	37 
4790	50 
4791	40 
4792	52 
4793	62 
4794	52 
4795	35 
4796	64 
4797	64 
4798	89 
4799	60 
4800	20 
4801	30 
4802	35 
4803	24 
4804	61 
4805	2 
4806	58 
4807	71 
4808	70 
4809	70 
4810	83 
4811	88 
4812	92 
4813	64 
4814	20 
4815	77 
4816	25 
4817	28 
4818	17 
4819	3 
4820	95 
4821	69 
4822	70 
4823	34 
4824	90 
4825	76 
4826	90 
4827	17 
4828	66 
4829	48 
4830	43 
4831	27 
4832	32 
4833	84 
4834	4 
4835	51 
4836	30 
4837	28 
4838	6 
4839	15 
4840	28 
4841	82 
4842	91 
4843	30 
4844	89 
4845	28 
4846	12 
4847	49 
4848	76 
4849	21 
4850	4 
4851	62 
4852	49 
4853	40 
4854	96 
4855	11 
4856	88 
4857	91 
4858	10 
4859	60 
4860	52 
4861	77 
4862	58 
4863	87 
4864	72 
4865	72 
4866	19 
4867	59 
4868	43 
4869	27 
4870	52 
4871	2 
4872	68 
4873	25 
4874	87 
4875	2 
4876	19 
4877	68 
4878	96 
4879	22 
4880	69 
4881	60 
4882	33 
4883	95 
4884	48 
4885	73 
4886	6 
4887	6 
4888	37 
4889	3 
4890	96 
4891	76 
4892	32 
4893	35 
4894	17 
4895	91 
4896	25 
4897	23 
4898	49 
4899	32 
4900	70 
4901	84 
4902	15 
4903	40 
4904	91 
4905	96 
4906	6 
4907	95 
4908	87 
4909	41 
4910	48 
4911	41 
4912	76 
4913	18 
4914	55 
4915	31 
4916	21 
4917	15 
4918	22 
4919	91 
4920	18 
4921	22 
4922	68 
4923	49 
4924	21 
4925	69 
4926	66 
4927	66 
4928	69 
4929	25 
4930	85 
4931	68 
4932	56 
4933	41 
4934	39 
4935	72 
4936	48 
4937	28 
4938	43 
4939	48 
4940	67 
4941	96 
4942	6 
4943	74 
4944	64 
4945	52 
4946	95 
4947	27 
4948	48 
4949	57 
4950	52 
4951	58 
4952	74 
4953	64 
4954	60 
4955	66 
4956	15 
4957	44 
4958	87 
4959	89 
4960	72 
4961	58 
4962	77 
4963	46 
4964	46 
4965	62 
4966	91 
4967	2 
4968	40 
4969	46 
4970	32 
4971	72 
4972	11 
4973	18 
4974	50 
4975	34 
4976	32 
4977	19 
4978	40 
4979	11 
4980	77 
4981	44 
4982	72 
4983	96 
4984	96 
4985	1 
4986	77 
4987	64 
4988	84 
4989	95 
4990	23 
4991	62 
4992	57 
4993	63 
4994	68 
4995	90 
4996	89 
4997	68 
4998	91 
4999	27 
5000	74 
