1	82 
2	1 
3	99 
4	24 
5	103 
6	32 
7	3 
8	79 
9	61 
10	77 
11	60 
12	59 
13	45 
14	48 
15	57 
16	69 
17	8 
18	96 
19	52 
20	62 
21	68 
22	76 
23	27 
24	87 
25	57 
26	44 
27	66 
28	96 
29	92 
30	96 
31	67 
32	54 
33	72 
34	61 
35	62 
36	82 
37	82 
38	41 
39	102 
40	34 
41	65 
42	92 
43	102 
44	5 
45	50 
46	48 
47	90 
48	103 
49	85 
50	54 
51	94 
52	86 
53	58 
54	50 
55	43 
56	34 
57	65 
58	1 
59	58 
60	77 
61	10 
62	103 
63	24 
64	76 
65	55 
66	65 
67	37 
68	21 
69	36 
70	82 
71	16 
72	65 
73	101 
74	50 
75	77 
76	47 
77	85 
78	24 
79	34 
80	26 
81	77 
82	35 
83	72 
84	66 
85	47 
86	94 
87	76 
88	12 
89	54 
90	90 
91	72 
92	19 
93	4 
94	12 
95	95 
96	7 
97	49 
98	45 
99	52 
100	83 
101	30 
102	89 
103	58 
104	40 
105	77 
106	95 
107	52 
108	21 
109	42 
110	101 
111	63 
112	79 
113	66 
114	97 
115	66 
116	98 
117	97 
118	88 
119	37 
120	39 
121	23 
122	58 
123	41 
124	4 
125	57 
126	86 
127	50 
128	13 
129	75 
130	63 
131	74 
132	39 
133	103 
134	48 
135	53 
136	23 
137	77 
138	7 
139	57 
140	48 
141	103 
142	43 
143	59 
144	16 
145	79 
146	10 
147	82 
148	49 
149	101 
150	77 
151	94 
152	43 
153	3 
154	15 
155	45 
156	99 
157	72 
158	54 
159	16 
160	41 
161	99 
162	1 
163	47 
164	16 
165	102 
166	3 
167	96 
168	5 
169	95 
170	5 
171	22 
172	56 
173	26 
174	65 
175	70 
176	25 
177	83 
178	65 
179	41 
180	76 
181	59 
182	93 
183	64 
184	63 
185	51 
186	97 
187	77 
188	16 
189	51 
190	19 
191	35 
192	16 
193	58 
194	65 
195	12 
196	78 
197	96 
198	27 
199	58 
200	61 
201	4 
202	66 
203	41 
204	100 
205	39 
206	20 
207	79 
208	14 
209	95 
210	90 
211	55 
212	11 
213	101 
214	66 
215	68 
216	7 
217	34 
218	87 
219	55 
220	20 
221	11 
222	71 
223	87 
224	14 
225	86 
226	67 
227	74 
228	7 
229	67 
230	26 
231	19 
232	20 
233	29 
234	37 
235	19 
236	96 
237	82 
238	96 
239	56 
240	88 
241	17 
242	4 
243	100 
244	44 
245	30 
246	55 
247	19 
248	68 
249	1 
250	77 
251	22 
252	96 
253	39 
254	91 
255	25 
256	41 
257	14 
258	13 
259	92 
260	3 
261	4 
262	21 
263	6 
264	45 
265	54 
266	3 
267	31 
268	42 
269	14 
270	32 
271	5 
272	66 
273	24 
274	35 
275	16 
276	73 
277	28 
278	37 
279	57 
280	34 
281	77 
282	85 
283	82 
284	75 
285	98 
286	13 
287	98 
288	40 
289	9 
290	17 
291	53 
292	3 
293	74 
294	19 
295	43 
296	78 
297	83 
298	44 
299	65 
300	71 
301	24 
302	43 
303	101 
304	34 
305	4 
306	3 
307	39 
308	80 
309	10 
310	101 
311	23 
312	24 
313	95 
314	9 
315	3 
316	63 
317	88 
318	17 
319	7 
320	48 
321	52 
322	9 
323	71 
324	97 
325	19 
326	74 
327	78 
328	84 
329	47 
330	96 
331	86 
332	8 
333	55 
334	4 
335	44 
336	102 
337	50 
338	89 
339	45 
340	60 
341	11 
342	75 
343	5 
344	16 
345	74 
346	27 
347	24 
348	38 
349	44 
350	37 
351	4 
352	77 
353	101 
354	7 
355	2 
356	6 
357	77 
358	82 
359	13 
360	65 
361	48 
362	13 
363	73 
364	86 
365	16 
366	68 
367	7 
368	73 
369	79 
370	5 
371	14 
372	16 
373	17 
374	22 
375	87 
376	78 
377	35 
378	94 
379	78 
380	44 
381	12 
382	4 
383	13 
384	30 
385	66 
386	70 
387	74 
388	78 
389	16 
390	87 
391	27 
392	103 
393	39 
394	71 
395	78 
396	87 
397	17 
398	38 
399	43 
400	103 
401	61 
402	87 
403	13 
404	82 
405	8 
406	14 
407	78 
408	97 
409	68 
410	22 
411	92 
412	29 
413	80 
414	92 
415	70 
416	98 
417	94 
418	87 
419	98 
420	38 
421	46 
422	74 
423	44 
424	4 
425	97 
426	95 
427	13 
428	35 
429	59 
430	78 
431	58 
432	16 
433	100 
434	79 
435	8 
436	63 
437	27 
438	95 
439	22 
440	3 
441	44 
442	93 
443	22 
444	24 
445	67 
446	30 
447	33 
448	75 
449	103 
450	96 
451	45 
452	52 
453	94 
454	4 
455	9 
456	96 
457	96 
458	51 
459	77 
460	43 
461	28 
462	51 
463	52 
464	59 
465	92 
466	47 
467	9 
468	60 
469	88 
470	86 
471	78 
472	73 
473	14 
474	7 
475	53 
476	71 
477	60 
478	83 
479	75 
480	26 
481	89 
482	70 
483	50 
484	92 
485	86 
486	32 
487	14 
488	100 
489	87 
490	12 
491	91 
492	97 
493	16 
494	96 
495	26 
496	14 
497	70 
498	43 
499	67 
500	49 
501	47 
502	38 
503	40 
504	24 
505	69 
506	42 
507	91 
508	20 
509	46 
510	71 
511	65 
512	92 
513	42 
514	4 
515	103 
516	75 
517	52 
518	29 
519	54 
520	81 
521	59 
522	13 
523	82 
524	26 
525	101 
526	18 
527	96 
528	29 
529	80 
530	22 
531	5 
532	4 
533	78 
534	69 
535	95 
536	73 
537	87 
538	96 
539	64 
540	98 
541	39 
542	3 
543	92 
544	62 
545	24 
546	9 
547	7 
548	75 
549	29 
550	29 
551	6 
552	55 
553	63 
554	82 
555	8 
556	82 
557	83 
558	24 
559	5 
560	29 
561	34 
562	71 
563	44 
564	29 
565	99 
566	92 
567	74 
568	27 
569	42 
570	96 
571	78 
572	78 
573	24 
574	34 
575	76 
576	45 
577	34 
578	25 
579	26 
580	40 
581	70 
582	24 
583	65 
584	59 
585	4 
586	54 
587	24 
588	29 
589	25 
590	59 
591	5 
592	92 
593	103 
594	79 
595	39 
596	56 
597	101 
598	7 
599	28 
600	22 
601	8 
602	88 
603	59 
604	13 
605	26 
606	77 
607	84 
608	90 
609	16 
610	103 
611	24 
612	82 
613	66 
614	65 
615	65 
616	9 
617	88 
618	47 
619	94 
620	40 
621	94 
622	19 
623	4 
624	99 
625	60 
626	28 
627	27 
628	37 
629	7 
630	96 
631	5 
632	89 
633	103 
634	46 
635	40 
636	83 
637	86 
638	2 
639	7 
640	67 
641	42 
642	73 
643	29 
644	51 
645	54 
646	83 
647	23 
648	7 
649	58 
650	38 
651	36 
652	30 
653	42 
654	56 
655	35 
656	45 
657	14 
658	36 
659	15 
660	3 
661	25 
662	74 
663	77 
664	24 
665	97 
666	65 
667	94 
668	25 
669	62 
670	66 
671	59 
672	6 
673	47 
674	32 
675	82 
676	39 
677	39 
678	93 
679	13 
680	50 
681	8 
682	14 
683	59 
684	31 
685	76 
686	96 
687	70 
688	96 
689	96 
690	58 
691	81 
692	88 
693	54 
694	100 
695	64 
696	86 
697	91 
698	89 
699	80 
700	81 
701	77 
702	49 
703	21 
704	74 
705	16 
706	8 
707	13 
708	40 
709	103 
710	74 
711	14 
712	45 
713	32 
714	5 
715	75 
716	78 
717	77 
718	82 
719	99 
720	20 
721	46 
722	75 
723	3 
724	22 
725	87 
726	7 
727	103 
728	30 
729	74 
730	54 
731	88 
732	44 
733	65 
734	11 
735	94 
736	70 
737	14 
738	42 
739	75 
740	79 
741	101 
742	42 
743	74 
744	77 
745	97 
746	29 
747	52 
748	82 
749	82 
750	47 
751	37 
752	82 
753	2 
754	17 
755	52 
756	7 
757	103 
758	49 
759	45 
760	40 
761	74 
762	72 
763	59 
764	47 
765	38 
766	71 
767	30 
768	59 
769	66 
770	88 
771	55 
772	21 
773	96 
774	99 
775	59 
776	12 
777	43 
778	82 
779	6 
780	66 
781	46 
782	11 
783	84 
784	29 
785	86 
786	83 
787	54 
788	57 
789	36 
790	54 
791	75 
792	64 
793	74 
794	3 
795	70 
796	74 
797	17 
798	57 
799	65 
800	66 
801	81 
802	32 
803	3 
804	80 
805	103 
806	80 
807	37 
808	69 
809	3 
810	25 
811	82 
812	47 
813	71 
814	11 
815	97 
816	6 
817	92 
818	60 
819	100 
820	87 
821	63 
822	65 
823	43 
824	41 
825	57 
826	92 
827	99 
828	89 
829	8 
830	74 
831	78 
832	5 
833	34 
834	78 
835	93 
836	75 
837	13 
838	62 
839	55 
840	15 
841	97 
842	27 
843	89 
844	56 
845	78 
846	20 
847	59 
848	22 
849	47 
850	96 
851	82 
852	39 
853	94 
854	10 
855	35 
856	97 
857	17 
858	94 
859	101 
860	52 
861	96 
862	24 
863	103 
864	59 
865	65 
866	52 
867	14 
868	103 
869	24 
870	16 
871	97 
872	22 
873	94 
874	13 
875	65 
876	3 
877	95 
878	54 
879	3 
880	3 
881	73 
882	77 
883	4 
884	88 
885	42 
886	12 
887	29 
888	90 
889	83 
890	39 
891	54 
892	77 
893	84 
894	58 
895	14 
896	37 
897	73 
898	49 
899	95 
900	54 
901	41 
902	78 
903	40 
904	40 
905	26 
906	28 
907	92 
908	77 
909	75 
910	26 
911	2 
912	63 
913	96 
914	30 
915	86 
916	54 
917	96 
918	63 
919	39 
920	82 
921	77 
922	52 
923	79 
924	74 
925	24 
926	14 
927	45 
928	97 
929	68 
930	97 
931	79 
932	17 
933	34 
934	88 
935	68 
936	33 
937	81 
938	57 
939	66 
940	16 
941	75 
942	103 
943	13 
944	92 
945	5 
946	18 
947	65 
948	92 
949	52 
950	20 
951	92 
952	65 
953	14 
954	64 
955	50 
956	52 
957	46 
958	12 
959	92 
960	19 
961	33 
962	27 
963	68 
964	75 
965	75 
966	85 
967	71 
968	33 
969	4 
970	31 
971	20 
972	100 
973	47 
974	44 
975	43 
976	22 
977	24 
978	65 
979	59 
980	77 
981	89 
982	70 
983	3 
984	86 
985	29 
986	68 
987	25 
988	74 
989	40 
990	22 
991	43 
992	91 
993	96 
994	66 
995	85 
996	24 
997	3 
998	40 
999	53 
1000	42 
1001	61 
1002	28 
1003	88 
1004	59 
1005	15 
1006	97 
1007	7 
1008	47 
1009	94 
1010	28 
1011	42 
1012	28 
1013	3 
1014	89 
1015	39 
1016	87 
1017	54 
1018	73 
1019	16 
1020	99 
1021	97 
1022	16 
1023	61 
1024	19 
1025	40 
1026	53 
1027	55 
1028	23 
1029	16 
1030	74 
1031	90 
1032	92 
1033	14 
1034	66 
1035	43 
1036	83 
1037	65 
1038	27 
1039	65 
1040	5 
1041	59 
1042	40 
1043	32 
1044	30 
1045	100 
1046	71 
1047	36 
1048	66 
1049	92 
1050	20 
1051	68 
1052	91 
1053	91 
1054	43 
1055	80 
1056	60 
1057	35 
1058	40 
1059	86 
1060	36 
1061	96 
1062	4 
1063	5 
1064	33 
1065	12 
1066	60 
1067	96 
1068	65 
1069	29 
1070	13 
1071	74 
1072	64 
1073	99 
1074	2 
1075	12 
1076	103 
1077	12 
1078	15 
1079	52 
1080	46 
1081	36 
1082	63 
1083	14 
1084	18 
1085	14 
1086	68 
1087	89 
1088	16 
1089	85 
1090	60 
1091	8 
1092	48 
1093	34 
1094	98 
1095	35 
1096	96 
1097	35 
1098	77 
1099	97 
1100	25 
1101	37 
1102	103 
1103	33 
1104	6 
1105	24 
1106	103 
1107	18 
1108	14 
1109	68 
1110	96 
1111	28 
1112	71 
1113	47 
1114	90 
1115	88 
1116	59 
1117	59 
1118	22 
1119	76 
1120	99 
1121	61 
1122	32 
1123	94 
1124	62 
1125	99 
1126	77 
1127	13 
1128	75 
1129	43 
1130	27 
1131	92 
1132	78 
1133	83 
1134	20 
1135	101 
1136	18 
1137	43 
1138	66 
1139	67 
1140	96 
1141	77 
1142	3 
1143	3 
1144	97 
1145	12 
1146	77 
1147	46 
1148	98 
1149	87 
1150	2 
1151	66 
1152	73 
1153	32 
1154	27 
1155	37 
1156	57 
1157	68 
1158	69 
1159	86 
1160	14 
1161	22 
1162	5 
1163	30 
1164	78 
1165	24 
1166	99 
1167	5 
1168	3 
1169	15 
1170	45 
1171	88 
1172	96 
1173	71 
1174	100 
1175	41 
1176	74 
1177	1 
1178	60 
1179	54 
1180	41 
1181	62 
1182	14 
1183	65 
1184	16 
1185	92 
1186	60 
1187	39 
1188	103 
1189	58 
1190	30 
1191	45 
1192	41 
1193	59 
1194	14 
1195	46 
1196	15 
1197	85 
1198	67 
1199	56 
1200	52 
1201	78 
1202	72 
1203	74 
1204	3 
1205	66 
1206	50 
1207	102 
1208	73 
1209	94 
1210	103 
1211	81 
1212	91 
1213	92 
1214	85 
1215	13 
1216	16 
1217	89 
1218	3 
1219	44 
1220	42 
1221	32 
1222	103 
1223	77 
1224	99 
1225	17 
1226	99 
1227	1 
1228	56 
1229	1 
1230	73 
1231	65 
1232	39 
1233	85 
1234	75 
1235	97 
1236	76 
1237	78 
1238	2 
1239	93 
1240	68 
1241	30 
1242	92 
1243	14 
1244	60 
1245	65 
1246	88 
1247	25 
1248	84 
1249	35 
1250	31 
1251	67 
1252	88 
1253	44 
1254	78 
1255	100 
1256	7 
1257	26 
1258	91 
1259	66 
1260	3 
1261	30 
1262	8 
1263	23 
1264	21 
1265	22 
1266	59 
1267	7 
1268	13 
1269	23 
1270	74 
1271	38 
1272	7 
1273	65 
1274	74 
1275	62 
1276	23 
1277	62 
1278	43 
1279	50 
1280	76 
1281	46 
1282	79 
1283	9 
1284	45 
1285	50 
1286	86 
1287	80 
1288	86 
1289	14 
1290	33 
1291	12 
1292	77 
1293	61 
1294	52 
1295	29 
1296	6 
1297	74 
1298	52 
1299	93 
1300	90 
1301	48 
1302	9 
1303	39 
1304	77 
1305	92 
1306	95 
1307	34 
1308	47 
1309	65 
1310	71 
1311	28 
1312	48 
1313	5 
1314	18 
1315	39 
1316	12 
1317	91 
1318	49 
1319	18 
1320	77 
1321	60 
1322	14 
1323	88 
1324	95 
1325	53 
1326	2 
1327	74 
1328	71 
1329	73 
1330	66 
1331	50 
1332	8 
1333	2 
1334	27 
1335	94 
1336	52 
1337	43 
1338	84 
1339	14 
1340	41 
1341	60 
1342	14 
1343	24 
1344	7 
1345	45 
1346	97 
1347	90 
1348	66 
1349	34 
1350	62 
1351	98 
1352	78 
1353	48 
1354	34 
1355	66 
1356	16 
1357	43 
1358	71 
1359	17 
1360	18 
1361	23 
1362	103 
1363	78 
1364	98 
1365	88 
1366	71 
1367	31 
1368	62 
1369	43 
1370	24 
1371	44 
1372	17 
1373	42 
1374	58 
1375	53 
1376	29 
1377	3 
1378	24 
1379	42 
1380	34 
1381	71 
1382	57 
1383	73 
1384	3 
1385	2 
1386	42 
1387	12 
1388	26 
1389	102 
1390	10 
1391	88 
1392	55 
1393	93 
1394	25 
1395	77 
1396	14 
1397	29 
1398	28 
1399	3 
1400	41 
1401	16 
1402	65 
1403	5 
1404	35 
1405	4 
1406	42 
1407	103 
1408	94 
1409	15 
1410	99 
1411	71 
1412	61 
1413	89 
1414	85 
1415	15 
1416	3 
1417	95 
1418	31 
1419	13 
1420	60 
1421	27 
1422	44 
1423	2 
1424	39 
1425	18 
1426	68 
1427	24 
1428	52 
1429	60 
1430	30 
1431	16 
1432	15 
1433	28 
1434	38 
1435	58 
1436	88 
1437	39 
1438	35 
1439	3 
1440	60 
1441	57 
1442	102 
1443	26 
1444	74 
1445	5 
1446	43 
1447	65 
1448	16 
1449	36 
1450	4 
1451	16 
1452	59 
1453	103 
1454	74 
1455	43 
1456	95 
1457	32 
1458	13 
1459	24 
1460	58 
1461	64 
1462	13 
1463	73 
1464	100 
1465	49 
1466	65 
1467	48 
1468	31 
1469	100 
1470	79 
1471	41 
1472	39 
1473	98 
1474	28 
1475	93 
1476	23 
1477	30 
1478	62 
1479	95 
1480	100 
1481	39 
1482	18 
1483	87 
1484	73 
1485	69 
1486	59 
1487	89 
1488	88 
1489	29 
1490	25 
1491	10 
1492	41 
1493	86 
1494	65 
1495	7 
1496	54 
1497	82 
1498	58 
1499	39 
1500	52 
1501	80 
1502	94 
1503	43 
1504	8 
1505	97 
1506	65 
1507	7 
1508	65 
1509	85 
1510	52 
1511	29 
1512	43 
1513	59 
1514	47 
1515	45 
1516	26 
1517	91 
1518	58 
1519	87 
1520	102 
1521	48 
1522	92 
1523	79 
1524	70 
1525	36 
1526	60 
1527	92 
1528	13 
1529	81 
1530	17 
1531	84 
1532	72 
1533	74 
1534	6 
1535	43 
1536	43 
1537	84 
1538	60 
1539	56 
1540	103 
1541	86 
1542	65 
1543	68 
1544	94 
1545	77 
1546	77 
1547	78 
1548	82 
1549	16 
1550	78 
1551	5 
1552	85 
1553	84 
1554	78 
1555	92 
1556	40 
1557	22 
1558	22 
1559	83 
1560	96 
1561	101 
1562	87 
1563	29 
1564	74 
1565	65 
1566	27 
1567	74 
1568	27 
1569	70 
1570	79 
1571	78 
1572	69 
1573	22 
1574	17 
1575	58 
1576	35 
1577	96 
1578	82 
1579	35 
1580	88 
1581	35 
1582	100 
1583	43 
1584	14 
1585	17 
1586	76 
1587	75 
1588	18 
1589	55 
1590	47 
1591	57 
1592	80 
1593	59 
1594	43 
1595	45 
1596	58 
1597	29 
1598	95 
1599	73 
1600	71 
1601	66 
1602	102 
1603	103 
1604	17 
1605	30 
1606	74 
1607	41 
1608	71 
1609	95 
1610	57 
1611	16 
1612	56 
1613	39 
1614	101 
1615	11 
1616	4 
1617	65 
1618	88 
1619	35 
1620	25 
1621	13 
1622	18 
1623	60 
1624	31 
1625	73 
1626	54 
1627	74 
1628	45 
1629	52 
1630	86 
1631	78 
1632	22 
1633	41 
1634	78 
1635	44 
1636	91 
1637	54 
1638	3 
1639	80 
1640	24 
1641	100 
1642	55 
1643	52 
1644	64 
1645	12 
1646	44 
1647	30 
1648	86 
1649	29 
1650	4 
1651	18 
1652	54 
1653	78 
1654	44 
1655	14 
1656	88 
1657	32 
1658	41 
1659	49 
1660	6 
1661	9 
1662	58 
1663	81 
1664	31 
1665	54 
1666	103 
1667	43 
1668	22 
1669	61 
1670	27 
1671	74 
1672	94 
1673	88 
1674	37 
1675	79 
1676	102 
1677	20 
1678	95 
1679	45 
1680	29 
1681	44 
1682	52 
1683	44 
1684	52 
1685	12 
1686	33 
1687	5 
1688	26 
1689	29 
1690	20 
1691	22 
1692	3 
1693	59 
1694	46 
1695	48 
1696	99 
1697	74 
1698	30 
1699	43 
1700	55 
1701	14 
1702	94 
1703	30 
1704	103 
1705	101 
1706	80 
1707	5 
1708	82 
1709	97 
1710	8 
1711	2 
1712	84 
1713	44 
1714	14 
1715	55 
1716	100 
1717	88 
1718	32 
1719	56 
1720	25 
1721	34 
1722	7 
1723	59 
1724	66 
1725	94 
1726	10 
1727	44 
1728	96 
1729	65 
1730	6 
1731	86 
1732	26 
1733	77 
1734	41 
1735	84 
1736	8 
1737	74 
1738	74 
1739	59 
1740	4 
1741	86 
1742	77 
1743	87 
1744	73 
1745	28 
1746	97 
1747	54 
1748	3 
1749	8 
1750	40 
1751	2 
1752	28 
1753	50 
1754	11 
1755	24 
1756	43 
1757	94 
1758	103 
1759	78 
1760	13 
1761	49 
1762	73 
1763	40 
1764	72 
1765	47 
1766	15 
1767	62 
1768	70 
1769	96 
1770	83 
1771	43 
1772	26 
1773	77 
1774	65 
1775	13 
1776	38 
1777	59 
1778	43 
1779	79 
1780	40 
1781	15 
1782	26 
1783	57 
1784	5 
1785	73 
1786	66 
1787	97 
1788	70 
1789	49 
1790	14 
1791	66 
1792	74 
1793	26 
1794	98 
1795	31 
1796	14 
1797	88 
1798	7 
1799	22 
1800	12 
1801	14 
1802	43 
1803	14 
1804	50 
1805	34 
1806	8 
1807	77 
1808	20 
1809	13 
1810	26 
1811	21 
1812	43 
1813	42 
1814	90 
1815	54 
1816	21 
1817	8 
1818	16 
1819	21 
1820	71 
1821	60 
1822	48 
1823	16 
1824	59 
1825	14 
1826	8 
1827	18 
1828	96 
1829	50 
1830	103 
1831	77 
1832	33 
1833	60 
1834	97 
1835	103 
1836	96 
1837	50 
1838	34 
1839	2 
1840	8 
1841	43 
1842	103 
1843	101 
1844	79 
1845	72 
1846	41 
1847	69 
1848	51 
1849	50 
1850	98 
1851	79 
1852	13 
1853	45 
1854	14 
1855	4 
1856	60 
1857	7 
1858	8 
1859	62 
1860	36 
1861	60 
1862	3 
1863	74 
1864	103 
1865	4 
1866	102 
1867	45 
1868	102 
1869	46 
1870	69 
1871	4 
1872	41 
1873	103 
1874	8 
1875	20 
1876	32 
1877	53 
1878	74 
1879	43 
1880	34 
1881	2 
1882	21 
1883	39 
1884	6 
1885	51 
1886	25 
1887	33 
1888	21 
1889	96 
1890	14 
1891	58 
1892	21 
1893	47 
1894	59 
1895	91 
1896	43 
1897	12 
1898	10 
1899	31 
1900	72 
1901	15 
1902	13 
1903	41 
1904	71 
1905	96 
1906	24 
1907	97 
1908	20 
1909	27 
1910	60 
1911	30 
1912	48 
1913	47 
1914	45 
1915	75 
1916	77 
1917	59 
1918	59 
1919	102 
1920	53 
1921	72 
1922	37 
1923	59 
1924	57 
1925	2 
1926	90 
1927	9 
1928	34 
1929	63 
1930	92 
1931	7 
1932	26 
1933	91 
1934	32 
1935	60 
1936	16 
1937	88 
1938	81 
1939	60 
1940	16 
1941	42 
1942	91 
1943	95 
1944	52 
1945	39 
1946	14 
1947	94 
1948	41 
1949	14 
1950	83 
1951	18 
1952	16 
1953	73 
1954	26 
1955	6 
1956	75 
1957	57 
1958	43 
1959	37 
1960	41 
1961	99 
1962	17 
1963	72 
1964	32 
1965	42 
1966	41 
1967	26 
1968	52 
1969	79 
1970	100 
1971	66 
1972	38 
1973	1 
1974	70 
1975	43 
1976	78 
1977	43 
1978	1 
1979	66 
1980	68 
1981	24 
1982	44 
1983	45 
1984	27 
1985	99 
1986	51 
1987	85 
1988	66 
1989	82 
1990	28 
1991	14 
1992	61 
1993	74 
1994	74 
1995	70 
1996	73 
1997	43 
1998	79 
1999	44 
2000	77 
2001	39 
2002	42 
2003	94 
2004	84 
2005	27 
2006	3 
2007	34 
2008	93 
2009	92 
2010	102 
2011	59 
2012	52 
2013	15 
2014	35 
2015	66 
2016	56 
2017	65 
2018	99 
2019	98 
2020	77 
2021	24 
2022	14 
2023	25 
2024	46 
2025	26 
2026	43 
2027	69 
2028	10 
2029	87 
2030	34 
2031	68 
2032	81 
2033	12 
2034	68 
2035	88 
2036	95 
2037	20 
2038	81 
2039	35 
2040	94 
2041	26 
2042	69 
2043	91 
2044	18 
2045	44 
2046	57 
2047	3 
2048	75 
2049	44 
2050	57 
2051	59 
2052	24 
2053	18 
2054	61 
2055	77 
2056	58 
2057	20 
2058	11 
2059	43 
2060	44 
2061	13 
2062	43 
2063	86 
2064	48 
2065	53 
2066	97 
2067	101 
2068	27 
2069	87 
2070	65 
2071	3 
2072	59 
2073	22 
2074	40 
2075	74 
2076	2 
2077	94 
2078	28 
2079	59 
2080	8 
2081	77 
2082	65 
2083	34 
2084	79 
2085	59 
2086	67 
2087	4 
2088	62 
2089	100 
2090	59 
2091	74 
2092	8 
2093	77 
2094	32 
2095	77 
2096	2 
2097	62 
2098	16 
2099	59 
2100	65 
2101	85 
2102	97 
2103	92 
2104	64 
2105	34 
2106	53 
2107	79 
2108	80 
2109	18 
2110	27 
2111	68 
2112	88 
2113	102 
2114	44 
2115	3 
2116	101 
2117	12 
2118	13 
2119	38 
2120	79 
2121	97 
2122	3 
2123	14 
2124	78 
2125	87 
2126	85 
2127	21 
2128	47 
2129	6 
2130	16 
2131	87 
2132	100 
2133	10 
2134	65 
2135	92 
2136	14 
2137	79 
2138	78 
2139	43 
2140	62 
2141	7 
2142	29 
2143	92 
2144	50 
2145	29 
2146	86 
2147	50 
2148	48 
2149	9 
2150	82 
2151	59 
2152	87 
2153	29 
2154	58 
2155	101 
2156	61 
2157	96 
2158	5 
2159	43 
2160	14 
2161	43 
2162	96 
2163	79 
2164	82 
2165	66 
2166	97 
2167	86 
2168	77 
2169	45 
2170	33 
2171	88 
2172	3 
2173	58 
2174	97 
2175	66 
2176	3 
2177	39 
2178	45 
2179	86 
2180	54 
2181	82 
2182	60 
2183	100 
2184	94 
2185	36 
2186	31 
2187	13 
2188	34 
2189	7 
2190	27 
2191	26 
2192	48 
2193	65 
2194	84 
2195	83 
2196	51 
2197	36 
2198	50 
2199	54 
2200	92 
2201	96 
2202	26 
2203	43 
2204	90 
2205	12 
2206	27 
2207	43 
2208	47 
2209	34 
2210	95 
2211	27 
2212	42 
2213	42 
2214	97 
2215	32 
2216	51 
2217	69 
2218	56 
2219	52 
2220	93 
2221	82 
2222	57 
2223	17 
2224	13 
2225	95 
2226	36 
2227	98 
2228	2 
2229	52 
2230	70 
2231	102 
2232	21 
2233	42 
2234	43 
2235	5 
2236	103 
2237	39 
2238	16 
2239	68 
2240	88 
2241	31 
2242	3 
2243	18 
2244	96 
2245	88 
2246	45 
2247	40 
2248	92 
2249	42 
2250	65 
2251	99 
2252	78 
2253	15 
2254	50 
2255	21 
2256	86 
2257	62 
2258	43 
2259	52 
2260	102 
2261	43 
2262	24 
2263	96 
2264	21 
2265	32 
2266	43 
2267	19 
2268	18 
2269	35 
2270	61 
2271	31 
2272	98 
2273	45 
2274	93 
2275	96 
2276	66 
2277	45 
2278	86 
2279	63 
2280	74 
2281	103 
2282	24 
2283	5 
2284	22 
2285	94 
2286	77 
2287	45 
2288	75 
2289	42 
2290	5 
2291	68 
2292	64 
2293	28 
2294	7 
2295	4 
2296	95 
2297	95 
2298	67 
2299	26 
2300	87 
2301	18 
2302	22 
2303	78 
2304	24 
2305	58 
2306	88 
2307	60 
2308	55 
2309	77 
2310	33 
2311	74 
2312	73 
2313	93 
2314	88 
2315	58 
2316	24 
2317	19 
2318	25 
2319	16 
2320	96 
2321	82 
2322	34 
2323	86 
2324	21 
2325	22 
2326	79 
2327	70 
2328	45 
2329	86 
2330	18 
2331	27 
2332	63 
2333	75 
2334	68 
2335	22 
2336	54 
2337	39 
2338	50 
2339	16 
2340	27 
2341	44 
2342	64 
2343	86 
2344	82 
2345	10 
2346	94 
2347	33 
2348	77 
2349	61 
2350	87 
2351	24 
2352	43 
2353	89 
2354	19 
2355	60 
2356	52 
2357	50 
2358	46 
2359	52 
2360	53 
2361	36 
2362	57 
2363	7 
2364	73 
2365	22 
2366	47 
2367	22 
2368	5 
2369	78 
2370	50 
2371	9 
2372	24 
2373	78 
2374	45 
2375	81 
2376	8 
2377	65 
2378	69 
2379	45 
2380	48 
2381	19 
2382	7 
2383	20 
2384	68 
2385	96 
2386	71 
2387	39 
2388	42 
2389	7 
2390	41 
2391	9 
2392	86 
2393	91 
2394	59 
2395	63 
2396	13 
2397	94 
2398	87 
2399	96 
2400	13 
2401	57 
2402	3 
2403	13 
2404	40 
2405	79 
2406	82 
2407	71 
2408	84 
2409	78 
2410	25 
2411	60 
2412	24 
2413	88 
2414	10 
2415	31 
2416	77 
2417	12 
2418	24 
2419	94 
2420	2 
2421	2 
2422	52 
2423	47 
2424	88 
2425	36 
2426	3 
2427	68 
2428	34 
2429	71 
2430	24 
2431	13 
2432	80 
2433	83 
2434	98 
2435	59 
2436	63 
2437	87 
2438	16 
2439	97 
2440	13 
2441	56 
2442	54 
2443	74 
2444	34 
2445	26 
2446	43 
2447	18 
2448	9 
2449	66 
2450	3 
2451	59 
2452	4 
2453	103 
2454	102 
2455	48 
2456	46 
2457	88 
2458	39 
2459	41 
2460	52 
2461	4 
2462	24 
2463	88 
2464	78 
2465	74 
2466	96 
2467	103 
2468	12 
2469	39 
2470	103 
2471	41 
2472	62 
2473	7 
2474	75 
2475	15 
2476	21 
2477	96 
2478	24 
2479	84 
2480	102 
2481	21 
2482	22 
2483	17 
2484	88 
2485	50 
2486	94 
2487	66 
2488	7 
2489	34 
2490	16 
2491	34 
2492	56 
2493	16 
2494	33 
2495	37 
2496	102 
2497	60 
2498	45 
2499	8 
2500	103 
2501	97 
2502	24 
2503	20 
2504	102 
2505	100 
2506	62 
2507	22 
2508	69 
2509	22 
2510	39 
2511	25 
2512	92 
2513	85 
2514	83 
2515	39 
2516	21 
2517	54 
2518	3 
2519	1 
2520	73 
2521	86 
2522	43 
2523	47 
2524	52 
2525	43 
2526	9 
2527	29 
2528	51 
2529	50 
2530	72 
2531	45 
2532	97 
2533	67 
2534	8 
2535	89 
2536	50 
2537	54 
2538	4 
2539	11 
2540	27 
2541	96 
2542	87 
2543	49 
2544	59 
2545	23 
2546	7 
2547	73 
2548	7 
2549	87 
2550	91 
2551	44 
2552	87 
2553	87 
2554	80 
2555	56 
2556	40 
2557	24 
2558	12 
2559	93 
2560	12 
2561	92 
2562	44 
2563	65 
2564	44 
2565	53 
2566	44 
2567	65 
2568	77 
2569	76 
2570	14 
2571	2 
2572	45 
2573	61 
2574	10 
2575	74 
2576	59 
2577	20 
2578	70 
2579	43 
2580	29 
2581	103 
2582	34 
2583	59 
2584	76 
2585	74 
2586	16 
2587	29 
2588	58 
2589	30 
2590	94 
2591	4 
2592	52 
2593	14 
2594	22 
2595	61 
2596	69 
2597	103 
2598	13 
2599	16 
2600	54 
2601	34 
2602	45 
2603	51 
2604	20 
2605	7 
2606	3 
2607	40 
2608	26 
2609	82 
2610	38 
2611	93 
2612	10 
2613	75 
2614	2 
2615	56 
2616	92 
2617	88 
2618	90 
2619	6 
2620	96 
2621	45 
2622	34 
2623	85 
2624	3 
2625	11 
2626	16 
2627	24 
2628	7 
2629	65 
2630	17 
2631	67 
2632	41 
2633	43 
2634	103 
2635	87 
2636	43 
2637	43 
2638	74 
2639	79 
2640	48 
2641	53 
2642	48 
2643	75 
2644	19 
2645	41 
2646	83 
2647	72 
2648	58 
2649	47 
2650	48 
2651	69 
2652	77 
2653	79 
2654	63 
2655	29 
2656	27 
2657	28 
2658	83 
2659	72 
2660	75 
2661	97 
2662	58 
2663	5 
2664	65 
2665	54 
2666	91 
2667	1 
2668	26 
2669	38 
2670	61 
2671	7 
2672	23 
2673	65 
2674	97 
2675	2 
2676	80 
2677	5 
2678	98 
2679	97 
2680	6 
2681	54 
2682	14 
2683	78 
2684	23 
2685	21 
2686	65 
2687	3 
2688	45 
2689	95 
2690	42 
2691	70 
2692	100 
2693	79 
2694	75 
2695	74 
2696	8 
2697	45 
2698	45 
2699	45 
2700	12 
2701	81 
2702	16 
2703	33 
2704	38 
2705	49 
2706	40 
2707	32 
2708	3 
2709	84 
2710	95 
2711	45 
2712	93 
2713	90 
2714	103 
2715	86 
2716	92 
2717	52 
2718	77 
2719	21 
2720	103 
2721	41 
2722	22 
2723	87 
2724	52 
2725	43 
2726	1 
2727	86 
2728	50 
2729	93 
2730	12 
2731	102 
2732	82 
2733	26 
2734	2 
2735	65 
2736	27 
2737	19 
2738	86 
2739	37 
2740	48 
2741	100 
2742	75 
2743	24 
2744	34 
2745	88 
2746	96 
2747	67 
2748	69 
2749	40 
2750	12 
2751	2 
2752	73 
2753	58 
2754	90 
2755	17 
2756	3 
2757	43 
2758	81 
2759	77 
2760	9 
2761	75 
2762	87 
2763	34 
2764	14 
2765	79 
2766	71 
2767	14 
2768	67 
2769	32 
2770	97 
2771	100 
2772	78 
2773	6 
2774	82 
2775	101 
2776	30 
2777	5 
2778	78 
2779	71 
2780	39 
2781	27 
2782	67 
2783	97 
2784	33 
2785	3 
2786	92 
2787	81 
2788	88 
2789	44 
2790	58 
2791	12 
2792	100 
2793	34 
2794	24 
2795	91 
2796	7 
2797	34 
2798	97 
2799	13 
2800	103 
2801	52 
2802	25 
2803	73 
2804	86 
2805	77 
2806	4 
2807	46 
2808	24 
2809	10 
2810	8 
2811	99 
2812	43 
2813	74 
2814	94 
2815	59 
2816	77 
2817	56 
2818	7 
2819	82 
2820	95 
2821	77 
2822	39 
2823	93 
2824	31 
2825	26 
2826	22 
2827	68 
2828	97 
2829	77 
2830	99 
2831	14 
2832	39 
2833	73 
2834	8 
2835	88 
2836	59 
2837	83 
2838	69 
2839	94 
2840	34 
2841	1 
2842	82 
2843	24 
2844	52 
2845	48 
2846	95 
2847	66 
2848	35 
2849	18 
2850	44 
2851	31 
2852	96 
2853	49 
2854	97 
2855	39 
2856	78 
2857	79 
2858	77 
2859	100 
2860	39 
2861	45 
2862	64 
2863	9 
2864	40 
2865	54 
2866	100 
2867	31 
2868	42 
2869	52 
2870	83 
2871	85 
2872	46 
2873	37 
2874	1 
2875	42 
2876	23 
2877	97 
2878	14 
2879	50 
2880	4 
2881	71 
2882	13 
2883	62 
2884	67 
2885	96 
2886	102 
2887	38 
2888	13 
2889	90 
2890	28 
2891	35 
2892	5 
2893	92 
2894	48 
2895	36 
2896	75 
2897	70 
2898	82 
2899	103 
2900	57 
2901	20 
2902	77 
2903	103 
2904	50 
2905	52 
2906	11 
2907	92 
2908	34 
2909	93 
2910	87 
2911	61 
2912	41 
2913	19 
2914	67 
2915	33 
2916	50 
2917	14 
2918	59 
2919	5 
2920	79 
2921	44 
2922	71 
2923	22 
2924	96 
2925	85 
2926	57 
2927	96 
2928	83 
2929	65 
2930	102 
2931	13 
2932	60 
2933	11 
2934	54 
2935	71 
2936	3 
2937	14 
2938	15 
2939	88 
2940	78 
2941	4 
2942	78 
2943	1 
2944	27 
2945	77 
2946	22 
2947	14 
2948	16 
2949	71 
2950	82 
2951	65 
2952	92 
2953	50 
2954	96 
2955	44 
2956	59 
2957	85 
2958	13 
2959	23 
2960	71 
2961	4 
2962	7 
2963	16 
2964	8 
2965	13 
2966	18 
2967	50 
2968	103 
2969	99 
2970	43 
2971	101 
2972	17 
2973	51 
2974	75 
2975	47 
2976	17 
2977	60 
2978	45 
2979	21 
2980	101 
2981	83 
2982	51 
2983	34 
2984	27 
2985	96 
2986	60 
2987	2 
2988	75 
2989	99 
2990	34 
2991	55 
2992	86 
2993	93 
2994	95 
2995	97 
2996	67 
2997	6 
2998	86 
2999	28 
3000	54 
3001	66 
3002	37 
3003	84 
3004	54 
3005	69 
3006	49 
3007	96 
3008	88 
3009	77 
3010	58 
3011	78 
3012	14 
3013	103 
3014	29 
3015	41 
3016	16 
3017	65 
3018	97 
3019	74 
3020	99 
3021	55 
3022	8 
3023	97 
3024	32 
3025	52 
3026	14 
3027	2 
3028	66 
3029	44 
3030	3 
3031	40 
3032	14 
3033	88 
3034	45 
3035	66 
3036	26 
3037	15 
3038	74 
3039	92 
3040	55 
3041	98 
3042	26 
3043	42 
3044	46 
3045	97 
3046	71 
3047	32 
3048	74 
3049	93 
3050	79 
3051	30 
3052	17 
3053	13 
3054	5 
3055	12 
3056	14 
3057	79 
3058	59 
3059	24 
3060	26 
3061	11 
3062	75 
3063	97 
3064	96 
3065	7 
3066	44 
3067	37 
3068	40 
3069	64 
3070	6 
3071	24 
3072	4 
3073	98 
3074	60 
3075	101 
3076	2 
3077	59 
3078	22 
3079	70 
3080	68 
3081	45 
3082	66 
3083	73 
3084	53 
3085	5 
3086	72 
3087	38 
3088	49 
3089	24 
3090	39 
3091	96 
3092	78 
3093	40 
3094	34 
3095	54 
3096	3 
3097	45 
3098	6 
3099	78 
3100	97 
3101	56 
3102	11 
3103	31 
3104	86 
3105	84 
3106	97 
3107	26 
3108	69 
3109	18 
3110	2 
3111	12 
3112	88 
3113	40 
3114	97 
3115	5 
3116	50 
3117	24 
3118	70 
3119	13 
3120	83 
3121	43 
3122	57 
3123	32 
3124	78 
3125	53 
3126	50 
3127	99 
3128	89 
3129	86 
3130	60 
3131	13 
3132	78 
3133	7 
3134	37 
3135	45 
3136	50 
3137	91 
3138	23 
3139	26 
3140	24 
3141	47 
3142	103 
3143	66 
3144	82 
3145	45 
3146	13 
3147	59 
3148	40 
3149	77 
3150	95 
3151	37 
3152	19 
3153	68 
3154	2 
3155	53 
3156	22 
3157	54 
3158	31 
3159	3 
3160	39 
3161	52 
3162	66 
3163	37 
3164	74 
3165	39 
3166	96 
3167	93 
3168	40 
3169	64 
3170	77 
3171	24 
3172	14 
3173	75 
3174	96 
3175	23 
3176	69 
3177	82 
3178	34 
3179	89 
3180	96 
3181	94 
3182	59 
3183	34 
3184	66 
3185	84 
3186	8 
3187	63 
3188	89 
3189	79 
3190	87 
3191	5 
3192	15 
3193	16 
3194	39 
3195	24 
3196	22 
3197	30 
3198	96 
3199	70 
3200	62 
3201	88 
3202	60 
3203	9 
3204	45 
3205	96 
3206	71 
3207	54 
3208	60 
3209	25 
3210	41 
3211	65 
3212	37 
3213	93 
3214	100 
3215	19 
3216	5 
3217	52 
3218	2 
3219	3 
3220	102 
3221	14 
3222	39 
3223	5 
3224	100 
3225	82 
3226	92 
3227	79 
3228	62 
3229	73 
3230	6 
3231	40 
3232	72 
3233	71 
3234	80 
3235	103 
3236	23 
3237	36 
3238	88 
3239	47 
3240	77 
3241	31 
3242	101 
3243	37 
3244	77 
3245	43 
3246	3 
3247	60 
3248	59 
3249	74 
3250	2 
3251	26 
3252	2 
3253	75 
3254	33 
3255	71 
3256	88 
3257	20 
3258	29 
3259	60 
3260	69 
3261	73 
3262	94 
3263	31 
3264	27 
3265	42 
3266	74 
3267	39 
3268	11 
3269	40 
3270	86 
3271	52 
3272	4 
3273	2 
3274	35 
3275	36 
3276	16 
3277	27 
3278	87 
3279	91 
3280	71 
3281	2 
3282	82 
3283	68 
3284	48 
3285	52 
3286	3 
3287	82 
3288	26 
3289	99 
3290	24 
3291	34 
3292	74 
3293	81 
3294	96 
3295	30 
3296	24 
3297	24 
3298	74 
3299	73 
3300	13 
3301	77 
3302	99 
3303	24 
3304	79 
3305	12 
3306	18 
3307	9 
3308	88 
3309	25 
3310	17 
3311	39 
3312	51 
3313	87 
3314	59 
3315	93 
3316	29 
3317	97 
3318	28 
3319	74 
3320	27 
3321	99 
3322	70 
3323	3 
3324	10 
3325	22 
3326	45 
3327	82 
3328	72 
3329	5 
3330	12 
3331	22 
3332	16 
3333	103 
3334	92 
3335	99 
3336	10 
3337	54 
3338	71 
3339	51 
3340	44 
3341	4 
3342	94 
3343	22 
3344	72 
3345	30 
3346	14 
3347	99 
3348	35 
3349	39 
3350	54 
3351	97 
3352	60 
3353	25 
3354	72 
3355	16 
3356	2 
3357	45 
3358	24 
3359	85 
3360	83 
3361	12 
3362	20 
3363	17 
3364	41 
3365	40 
3366	78 
3367	62 
3368	42 
3369	42 
3370	42 
3371	59 
3372	3 
3373	44 
3374	79 
3375	74 
3376	88 
3377	88 
3378	91 
3379	58 
3380	52 
3381	5 
3382	83 
3383	2 
3384	11 
3385	88 
3386	8 
3387	49 
3388	59 
3389	82 
3390	95 
3391	3 
3392	98 
3393	82 
3394	94 
3395	11 
3396	13 
3397	4 
3398	39 
3399	54 
3400	4 
3401	28 
3402	13 
3403	49 
3404	47 
3405	34 
3406	84 
3407	85 
3408	57 
3409	56 
3410	57 
3411	8 
3412	56 
3413	98 
3414	42 
3415	3 
3416	52 
3417	51 
3418	86 
3419	8 
3420	92 
3421	3 
3422	5 
3423	14 
3424	67 
3425	88 
3426	68 
3427	103 
3428	4 
3429	19 
3430	44 
3431	5 
3432	32 
3433	56 
3434	17 
3435	52 
3436	98 
3437	78 
3438	9 
3439	42 
3440	97 
3441	72 
3442	59 
3443	22 
3444	47 
3445	7 
3446	6 
3447	39 
3448	21 
3449	52 
3450	50 
3451	22 
3452	82 
3453	92 
3454	48 
3455	13 
3456	94 
3457	52 
3458	35 
3459	101 
3460	92 
3461	46 
3462	3 
3463	9 
3464	45 
3465	99 
3466	31 
3467	92 
3468	65 
3469	64 
3470	16 
3471	99 
3472	74 
3473	73 
3474	65 
3475	46 
3476	52 
3477	62 
3478	17 
3479	17 
3480	66 
3481	4 
3482	57 
3483	56 
3484	87 
3485	96 
3486	88 
3487	95 
3488	26 
3489	12 
3490	11 
3491	1 
3492	39 
3493	45 
3494	59 
3495	39 
3496	59 
3497	10 
3498	35 
3499	88 
3500	73 
3501	77 
3502	43 
3503	61 
3504	96 
3505	74 
3506	8 
3507	8 
3508	85 
3509	12 
3510	29 
3511	77 
3512	35 
3513	76 
3514	100 
3515	9 
3516	37 
3517	94 
3518	2 
3519	21 
3520	11 
3521	27 
3522	42 
3523	98 
3524	87 
3525	16 
3526	99 
3527	5 
3528	33 
3529	14 
3530	103 
3531	87 
3532	20 
3533	91 
3534	20 
3535	27 
3536	49 
3537	73 
3538	64 
3539	83 
3540	59 
3541	21 
3542	102 
3543	68 
3544	94 
3545	13 
3546	90 
3547	93 
3548	14 
3549	15 
3550	13 
3551	12 
3552	82 
3553	46 
3554	10 
3555	38 
3556	40 
3557	3 
3558	46 
3559	5 
3560	40 
3561	44 
3562	99 
3563	18 
3564	44 
3565	90 
3566	17 
3567	25 
3568	94 
3569	49 
3570	74 
3571	52 
3572	1 
3573	66 
3574	37 
3575	44 
3576	58 
3577	5 
3578	66 
3579	81 
3580	58 
3581	103 
3582	41 
3583	65 
3584	10 
3585	17 
3586	5 
3587	40 
3588	83 
3589	27 
3590	48 
3591	4 
3592	86 
3593	34 
3594	75 
3595	29 
3596	48 
3597	7 
3598	1 
3599	68 
3600	53 
3601	44 
3602	51 
3603	15 
3604	12 
3605	49 
3606	69 
3607	16 
3608	16 
3609	40 
3610	38 
3611	36 
3612	100 
3613	24 
3614	45 
3615	32 
3616	73 
3617	57 
3618	3 
3619	70 
3620	8 
3621	26 
3622	40 
3623	102 
3624	2 
3625	21 
3626	30 
3627	4 
3628	52 
3629	73 
3630	69 
3631	24 
3632	77 
3633	7 
3634	89 
3635	89 
3636	24 
3637	32 
3638	58 
3639	4 
3640	92 
3641	77 
3642	102 
3643	27 
3644	21 
3645	76 
3646	24 
3647	16 
3648	2 
3649	37 
3650	39 
3651	86 
3652	13 
3653	17 
3654	73 
3655	39 
3656	61 
3657	93 
3658	87 
3659	102 
3660	51 
3661	94 
3662	67 
3663	85 
3664	43 
3665	88 
3666	42 
3667	14 
3668	8 
3669	103 
3670	94 
3671	94 
3672	54 
3673	28 
3674	13 
3675	5 
3676	94 
3677	102 
3678	76 
3679	24 
3680	24 
3681	84 
3682	1 
3683	100 
3684	42 
3685	16 
3686	3 
3687	20 
3688	13 
3689	68 
3690	44 
3691	35 
3692	16 
3693	5 
3694	70 
3695	65 
3696	49 
3697	34 
3698	47 
3699	45 
3700	4 
3701	32 
3702	31 
3703	94 
3704	64 
3705	21 
3706	103 
3707	72 
3708	98 
3709	26 
3710	80 
3711	90 
3712	27 
3713	93 
3714	55 
3715	78 
3716	92 
3717	89 
3718	53 
3719	74 
3720	14 
3721	29 
3722	80 
3723	81 
3724	52 
3725	38 
3726	39 
3727	60 
3728	82 
3729	63 
3730	73 
3731	56 
3732	54 
3733	37 
3734	77 
3735	96 
3736	82 
3737	20 
3738	97 
3739	102 
3740	43 
3741	62 
3742	22 
3743	26 
3744	77 
3745	93 
3746	73 
3747	58 
3748	69 
3749	59 
3750	98 
3751	91 
3752	92 
3753	32 
3754	43 
3755	94 
3756	56 
3757	30 
3758	55 
3759	97 
3760	21 
3761	44 
3762	60 
3763	66 
3764	76 
3765	78 
3766	90 
3767	60 
3768	64 
3769	82 
3770	13 
3771	29 
3772	74 
3773	43 
3774	3 
3775	86 
3776	101 
3777	60 
3778	23 
3779	94 
3780	26 
3781	45 
3782	68 
3783	68 
3784	56 
3785	92 
3786	91 
3787	94 
3788	15 
3789	22 
3790	79 
3791	47 
3792	6 
3793	45 
3794	16 
3795	60 
3796	86 
3797	100 
3798	26 
3799	103 
3800	83 
3801	65 
3802	45 
3803	50 
3804	76 
3805	31 
3806	60 
3807	4 
3808	39 
3809	89 
3810	16 
3811	93 
3812	47 
3813	87 
3814	74 
3815	3 
3816	39 
3817	9 
3818	82 
3819	87 
3820	45 
3821	60 
3822	74 
3823	14 
3824	8 
3825	87 
3826	54 
3827	45 
3828	60 
3829	40 
3830	48 
3831	96 
3832	39 
3833	3 
3834	5 
3835	49 
3836	11 
3837	7 
3838	96 
3839	67 
3840	42 
3841	39 
3842	74 
3843	103 
3844	87 
3845	57 
3846	82 
3847	37 
3848	73 
3849	5 
3850	7 
3851	19 
3852	73 
3853	2 
3854	77 
3855	71 
3856	64 
3857	85 
3858	44 
3859	83 
3860	59 
3861	72 
3862	96 
3863	103 
3864	54 
3865	19 
3866	79 
3867	36 
3868	74 
3869	77 
3870	12 
3871	8 
3872	30 
3873	103 
3874	58 
3875	52 
3876	70 
3877	44 
3878	97 
3879	35 
3880	100 
3881	88 
3882	64 
3883	20 
3884	101 
3885	60 
3886	62 
3887	98 
3888	77 
3889	91 
3890	58 
3891	3 
3892	45 
3893	19 
3894	22 
3895	52 
3896	102 
3897	52 
3898	39 
3899	1 
3900	39 
3901	75 
3902	24 
3903	66 
3904	92 
3905	22 
3906	98 
3907	20 
3908	62 
3909	96 
3910	94 
3911	78 
3912	24 
3913	43 
3914	87 
3915	61 
3916	20 
3917	16 
3918	8 
3919	30 
3920	86 
3921	94 
3922	26 
3923	102 
3924	70 
3925	52 
3926	54 
3927	41 
3928	7 
3929	52 
3930	16 
3931	93 
3932	43 
3933	77 
3934	25 
3935	93 
3936	82 
3937	14 
3938	56 
3939	43 
3940	16 
3941	11 
3942	24 
3943	92 
3944	30 
3945	54 
3946	11 
3947	9 
3948	96 
3949	100 
3950	60 
3951	47 
3952	30 
3953	6 
3954	77 
3955	24 
3956	23 
3957	101 
3958	89 
3959	94 
3960	98 
3961	92 
3962	100 
3963	24 
3964	32 
3965	19 
3966	21 
3967	38 
3968	20 
3969	54 
3970	34 
3971	10 
3972	67 
3973	80 
3974	2 
3975	44 
3976	71 
3977	29 
3978	6 
3979	82 
3980	22 
3981	52 
3982	35 
3983	85 
3984	8 
3985	59 
3986	1 
3987	2 
3988	65 
3989	92 
3990	66 
3991	50 
3992	44 
3993	86 
3994	93 
3995	65 
3996	13 
3997	75 
3998	94 
3999	37 
4000	73 
4001	14 
4002	61 
4003	73 
4004	1 
4005	102 
4006	43 
4007	56 
4008	15 
4009	45 
4010	39 
4011	76 
4012	96 
4013	60 
4014	5 
4015	20 
4016	44 
4017	40 
4018	24 
4019	24 
4020	94 
4021	21 
4022	64 
4023	74 
4024	71 
4025	15 
4026	84 
4027	77 
4028	68 
4029	96 
4030	52 
4031	103 
4032	28 
4033	90 
4034	63 
4035	74 
4036	102 
4037	94 
4038	8 
4039	49 
4040	99 
4041	10 
4042	14 
4043	2 
4044	24 
4045	28 
4046	57 
4047	103 
4048	59 
4049	15 
4050	49 
4051	91 
4052	54 
4053	60 
4054	52 
4055	101 
4056	11 
4057	54 
4058	92 
4059	16 
4060	66 
4061	43 
4062	32 
4063	56 
4064	80 
4065	30 
4066	84 
4067	71 
4068	87 
4069	42 
4070	39 
4071	1 
4072	50 
4073	17 
4074	3 
4075	67 
4076	47 
4077	3 
4078	5 
4079	84 
4080	16 
4081	33 
4082	23 
4083	12 
4084	4 
4085	34 
4086	92 
4087	69 
4088	102 
4089	12 
4090	5 
4091	78 
4092	59 
4093	82 
4094	11 
4095	79 
4096	94 
4097	39 
4098	74 
4099	79 
4100	58 
4101	1 
4102	96 
4103	103 
4104	65 
4105	16 
4106	75 
4107	69 
4108	83 
4109	75 
4110	68 
4111	74 
4112	35 
4113	14 
4114	9 
4115	97 
4116	77 
4117	13 
4118	84 
4119	4 
4120	42 
4121	26 
4122	15 
4123	53 
4124	20 
4125	35 
4126	11 
4127	88 
4128	10 
4129	101 
4130	65 
4131	65 
4132	66 
4133	49 
4134	80 
4135	22 
4136	81 
4137	11 
4138	39 
4139	47 
4140	16 
4141	27 
4142	55 
4143	100 
4144	93 
4145	63 
4146	65 
4147	39 
4148	77 
4149	40 
4150	60 
4151	37 
4152	76 
4153	62 
4154	45 
4155	69 
4156	92 
4157	41 
4158	44 
4159	44 
4160	56 
4161	103 
4162	7 
4163	83 
4164	22 
4165	99 
4166	74 
4167	58 
4168	14 
4169	14 
4170	52 
4171	75 
4172	92 
4173	14 
4174	10 
4175	40 
4176	2 
4177	66 
4178	65 
4179	33 
4180	86 
4181	43 
4182	24 
4183	52 
4184	82 
4185	82 
4186	12 
4187	42 
4188	82 
4189	92 
4190	85 
4191	59 
4192	2 
4193	98 
4194	8 
4195	69 
4196	88 
4197	60 
4198	26 
4199	4 
4200	78 
4201	3 
4202	99 
4203	1 
4204	39 
4205	91 
4206	59 
4207	32 
4208	15 
4209	38 
4210	46 
4211	74 
4212	88 
4213	97 
4214	103 
4215	73 
4216	27 
4217	56 
4218	22 
4219	35 
4220	40 
4221	62 
4222	72 
4223	96 
4224	52 
4225	24 
4226	102 
4227	92 
4228	19 
4229	92 
4230	18 
4231	33 
4232	85 
4233	74 
4234	76 
4235	84 
4236	38 
4237	45 
4238	62 
4239	94 
4240	56 
4241	43 
4242	58 
4243	61 
4244	20 
4245	71 
4246	80 
4247	91 
4248	32 
4249	83 
4250	34 
4251	81 
4252	3 
4253	18 
4254	94 
4255	92 
4256	75 
4257	10 
4258	11 
4259	5 
4260	103 
4261	101 
4262	9 
4263	41 
4264	2 
4265	43 
4266	60 
4267	75 
4268	24 
4269	27 
4270	86 
4271	12 
4272	12 
4273	14 
4274	29 
4275	96 
4276	82 
4277	103 
4278	43 
4279	47 
4280	48 
4281	74 
4282	95 
4283	13 
4284	90 
4285	76 
4286	87 
4287	61 
4288	55 
4289	79 
4290	73 
4291	75 
4292	101 
4293	46 
4294	59 
4295	97 
4296	103 
4297	20 
4298	65 
4299	12 
4300	54 
4301	45 
4302	12 
4303	33 
4304	97 
4305	69 
4306	86 
4307	100 
4308	85 
4309	28 
4310	69 
4311	44 
4312	5 
4313	1 
4314	5 
4315	9 
4316	82 
4317	52 
4318	66 
4319	3 
4320	14 
4321	28 
4322	40 
4323	52 
4324	19 
4325	87 
4326	43 
4327	94 
4328	21 
4329	101 
4330	13 
4331	14 
4332	31 
4333	77 
4334	18 
4335	36 
4336	61 
4337	47 
4338	75 
4339	67 
4340	47 
4341	22 
4342	96 
4343	74 
4344	97 
4345	34 
4346	66 
4347	87 
4348	95 
4349	98 
4350	20 
4351	49 
4352	5 
4353	43 
4354	77 
4355	4 
4356	102 
4357	3 
4358	74 
4359	74 
4360	58 
4361	98 
4362	7 
4363	58 
4364	10 
4365	53 
4366	45 
4367	79 
4368	12 
4369	75 
4370	25 
4371	86 
4372	92 
4373	99 
4374	16 
4375	88 
4376	74 
4377	41 
4378	7 
4379	6 
4380	1 
4381	34 
4382	32 
4383	66 
4384	14 
4385	60 
4386	59 
4387	76 
4388	5 
4389	94 
4390	24 
4391	47 
4392	102 
4393	46 
4394	44 
4395	2 
4396	52 
4397	50 
4398	78 
4399	52 
4400	10 
4401	70 
4402	103 
4403	73 
4404	73 
4405	22 
4406	14 
4407	94 
4408	80 
4409	44 
4410	71 
4411	77 
4412	26 
4413	89 
4414	39 
4415	65 
4416	34 
4417	40 
4418	89 
4419	40 
4420	59 
4421	3 
4422	77 
4423	2 
4424	13 
4425	83 
4426	95 
4427	18 
4428	74 
4429	5 
4430	77 
4431	94 
4432	45 
4433	51 
4434	5 
4435	37 
4436	66 
4437	88 
4438	71 
4439	65 
4440	74 
4441	8 
4442	92 
4443	101 
4444	14 
4445	26 
4446	66 
4447	19 
4448	23 
4449	8 
4450	30 
4451	86 
4452	95 
4453	97 
4454	3 
4455	24 
4456	36 
4457	82 
4458	100 
4459	14 
4460	97 
4461	13 
4462	101 
4463	93 
4464	88 
4465	78 
4466	23 
4467	66 
4468	19 
4469	47 
4470	98 
4471	54 
4472	16 
4473	10 
4474	8 
4475	31 
4476	65 
4477	75 
4478	62 
4479	36 
4480	43 
4481	88 
4482	2 
4483	60 
4484	92 
4485	13 
4486	91 
4487	82 
4488	97 
4489	87 
4490	5 
4491	71 
4492	70 
4493	95 
4494	16 
4495	24 
4496	78 
4497	103 
4498	59 
4499	25 
4500	55 
4501	70 
4502	70 
4503	35 
4504	66 
4505	52 
4506	52 
4507	13 
4508	4 
4509	82 
4510	20 
4511	103 
4512	100 
4513	37 
4514	77 
4515	12 
4516	39 
4517	71 
4518	83 
4519	27 
4520	96 
4521	96 
4522	13 
4523	69 
4524	30 
4525	86 
4526	60 
4527	3 
4528	15 
4529	25 
4530	22 
4531	14 
4532	2 
4533	44 
4534	89 
4535	96 
4536	96 
4537	62 
4538	67 
4539	103 
4540	8 
4541	3 
4542	39 
4543	29 
4544	59 
4545	86 
4546	21 
4547	96 
4548	77 
4549	76 
4550	31 
4551	94 
4552	6 
4553	100 
4554	46 
4555	9 
4556	83 
4557	23 
4558	97 
4559	49 
4560	14 
4561	50 
4562	3 
4563	21 
4564	44 
4565	12 
4566	35 
4567	45 
4568	95 
4569	40 
4570	12 
4571	39 
4572	40 
4573	71 
4574	20 
4575	66 
4576	87 
4577	14 
4578	96 
4579	2 
4580	77 
4581	8 
4582	74 
4583	66 
4584	31 
4585	3 
4586	16 
4587	2 
4588	58 
4589	42 
4590	29 
4591	33 
4592	78 
4593	82 
4594	23 
4595	44 
4596	65 
4597	88 
4598	22 
4599	74 
4600	45 
4601	103 
4602	40 
4603	68 
4604	97 
4605	14 
4606	65 
4607	103 
4608	45 
4609	52 
4610	13 
4611	10 
4612	97 
4613	22 
4614	4 
4615	31 
4616	15 
4617	17 
4618	95 
4619	78 
4620	11 
4621	50 
4622	74 
4623	65 
4624	41 
4625	6 
4626	77 
4627	62 
4628	23 
4629	31 
4630	99 
4631	42 
4632	3 
4633	82 
4634	52 
4635	99 
4636	101 
4637	49 
4638	26 
4639	58 
4640	24 
4641	60 
4642	69 
4643	4 
4644	17 
4645	32 
4646	7 
4647	71 
4648	43 
4649	57 
4650	20 
4651	70 
4652	13 
4653	22 
4654	24 
4655	58 
4656	45 
4657	97 
4658	95 
4659	92 
4660	14 
4661	16 
4662	66 
4663	92 
4664	8 
4665	70 
4666	59 
4667	75 
4668	12 
4669	43 
4670	97 
4671	29 
4672	54 
4673	100 
4674	3 
4675	86 
4676	91 
4677	20 
4678	78 
4679	52 
4680	42 
4681	92 
4682	95 
4683	45 
4684	71 
4685	41 
4686	17 
4687	23 
4688	75 
4689	24 
4690	87 
4691	41 
4692	73 
4693	37 
4694	21 
4695	97 
4696	2 
4697	26 
4698	74 
4699	82 
4700	96 
4701	88 
4702	45 
4703	43 
4704	8 
4705	32 
4706	66 
4707	12 
4708	62 
4709	26 
4710	7 
4711	27 
4712	23 
4713	39 
4714	98 
4715	92 
4716	37 
4717	21 
4718	102 
4719	21 
4720	83 
4721	79 
4722	26 
4723	2 
4724	78 
4725	44 
4726	45 
4727	94 
4728	99 
4729	92 
4730	14 
4731	83 
4732	83 
4733	29 
4734	95 
4735	62 
4736	31 
4737	79 
4738	26 
4739	94 
4740	52 
4741	77 
4742	14 
4743	86 
4744	73 
4745	88 
4746	43 
4747	45 
4748	87 
4749	56 
4750	92 
4751	1 
4752	60 
4753	75 
4754	3 
4755	52 
4756	65 
4757	87 
4758	31 
4759	97 
4760	75 
4761	39 
4762	93 
4763	12 
4764	43 
4765	75 
4766	3 
4767	24 
4768	17 
4769	60 
4770	45 
4771	94 
4772	13 
4773	86 
4774	45 
4775	66 
4776	85 
4777	39 
4778	94 
4779	47 
4780	14 
4781	37 
4782	92 
4783	95 
4784	5 
4785	24 
4786	2 
4787	103 
4788	66 
4789	42 
4790	59 
4791	65 
4792	14 
4793	60 
4794	26 
4795	77 
4796	77 
4797	77 
4798	8 
4799	97 
4800	93 
4801	59 
4802	86 
4803	102 
4804	75 
4805	74 
4806	94 
4807	60 
4808	42 
4809	24 
4810	20 
4811	66 
4812	54 
4813	43 
4814	3 
4815	97 
4816	43 
4817	41 
4818	3 
4819	29 
4820	93 
4821	45 
4822	12 
4823	9 
4824	54 
4825	74 
4826	9 
4827	99 
4828	9 
4829	65 
4830	75 
4831	14 
4832	103 
4833	62 
4834	100 
4835	24 
4836	52 
4837	96 
4838	8 
4839	2 
4840	3 
4841	42 
4842	34 
4843	65 
4844	83 
4845	79 
4846	44 
4847	13 
4848	29 
4849	41 
4850	47 
4851	42 
4852	7 
4853	59 
4854	43 
4855	27 
4856	97 
4857	77 
4858	31 
4859	52 
4860	65 
4861	71 
4862	4 
4863	13 
4864	34 
4865	87 
4866	24 
4867	13 
4868	54 
4869	34 
4870	65 
4871	82 
4872	12 
4873	99 
4874	32 
4875	66 
4876	78 
4877	2 
4878	100 
4879	68 
4880	98 
4881	97 
4882	3 
4883	39 
4884	41 
4885	73 
4886	3 
4887	52 
4888	93 
4889	5 
4890	74 
4891	44 
4892	94 
4893	40 
4894	8 
4895	2 
4896	68 
4897	26 
4898	4 
4899	7 
4900	66 
4901	2 
4902	98 
4903	60 
4904	52 
4905	74 
4906	86 
4907	45 
4908	96 
4909	2 
4910	86 
4911	97 
4912	65 
4913	14 
4914	13 
4915	78 
4916	93 
4917	44 
4918	92 
4919	94 
4920	82 
4921	78 
4922	97 
4923	27 
4924	87 
4925	94 
4926	82 
4927	100 
4928	26 
4929	74 
4930	40 
4931	68 
4932	65 
4933	71 
4934	79 
4935	16 
4936	94 
4937	42 
4938	8 
4939	73 
4940	45 
4941	65 
4942	47 
4943	47 
4944	4 
4945	20 
4946	92 
4947	34 
4948	102 
4949	66 
4950	92 
4951	24 
4952	59 
4953	44 
4954	65 
4955	60 
4956	50 
4957	78 
4958	54 
4959	40 
4960	41 
4961	71 
4962	42 
4963	26 
4964	44 
4965	7 
4966	87 
4967	71 
4968	29 
4969	73 
4970	27 
4971	74 
4972	14 
4973	47 
4974	45 
4975	59 
4976	4 
4977	54 
4978	5 
4979	87 
4980	77 
4981	96 
4982	24 
4983	96 
4984	40 
4985	79 
4986	16 
4987	77 
4988	16 
4989	97 
4990	71 
4991	71 
4992	12 
4993	96 
4994	103 
4995	77 
4996	12 
4997	71 
4998	43 
4999	88 
5000	88 
