1	91 
2	85 
3	90 
4	71 
5	20 
6	25 
7	14 
8	96 
9	51 
10	47 
11	33 
12	18 
13	47 
14	27 
15	70 
16	81 
17	97 
18	64 
19	33 
20	15 
21	11 
22	63 
23	15 
24	90 
25	52 
26	75 
27	89 
28	42 
29	65 
30	13 
31	55 
32	71 
33	17 
34	14 
35	21 
36	43 
37	12 
38	18 
39	94 
40	4 
41	63 
42	69 
43	62 
44	77 
45	63 
46	95 
47	38 
48	62 
49	91 
50	96 
51	69 
52	65 
53	39 
54	66 
55	92 
56	67 
57	17 
58	55 
59	70 
60	42 
61	93 
62	96 
63	71 
64	70 
65	71 
66	34 
67	93 
68	67 
69	46 
70	92 
71	52 
72	68 
73	87 
74	39 
75	24 
76	14 
77	71 
78	46 
79	24 
80	94 
81	45 
82	16 
83	10 
84	9 
85	85 
86	95 
87	48 
88	15 
89	72 
90	25 
91	32 
92	50 
93	22 
94	20 
95	81 
96	84 
97	23 
98	34 
99	4 
100	75 
101	10 
102	41 
103	31 
104	38 
105	79 
106	82 
107	82 
108	17 
109	38 
110	2 
111	50 
112	67 
113	31 
114	70 
115	46 
116	18 
117	26 
118	92 
119	71 
120	79 
121	80 
122	20 
123	95 
124	79 
125	74 
126	79 
127	15 
128	91 
129	29 
130	68 
131	96 
132	25 
133	66 
134	38 
135	47 
136	64 
137	78 
138	66 
139	63 
140	93 
141	96 
142	41 
143	70 
144	57 
145	88 
146	89 
147	78 
148	17 
149	13 
150	36 
151	85 
152	18 
153	91 
154	54 
155	27 
156	42 
157	34 
158	4 
159	85 
160	25 
161	74 
162	23 
163	79 
164	97 
165	31 
166	25 
167	1 
168	25 
169	45 
170	49 
171	38 
172	56 
173	52 
174	56 
175	52 
176	42 
177	66 
178	73 
179	41 
180	57 
181	95 
182	11 
183	46 
184	14 
185	73 
186	12 
187	20 
188	34 
189	67 
190	33 
191	52 
192	5 
193	60 
194	48 
195	42 
196	5 
197	51 
198	35 
199	88 
200	45 
201	38 
202	39 
203	30 
204	49 
205	18 
206	34 
207	33 
208	56 
209	57 
210	10 
211	33 
212	95 
213	56 
214	74 
215	10 
216	9 
217	93 
218	29 
219	89 
220	77 
221	20 
222	96 
223	48 
224	83 
225	19 
226	3 
227	78 
228	9 
229	45 
230	86 
231	83 
232	6 
233	35 
234	62 
235	83 
236	96 
237	17 
238	93 
239	93 
240	94 
241	56 
242	15 
243	75 
244	39 
245	63 
246	57 
247	80 
248	72 
249	85 
250	93 
251	97 
252	83 
253	24 
254	60 
255	33 
256	74 
257	6 
258	51 
259	7 
260	91 
261	47 
262	39 
263	9 
264	63 
265	79 
266	93 
267	3 
268	7 
269	79 
270	48 
271	64 
272	78 
273	19 
274	6 
275	91 
276	67 
277	55 
278	85 
279	5 
280	93 
281	26 
282	16 
283	34 
284	7 
285	25 
286	70 
287	46 
288	93 
289	97 
290	35 
291	12 
292	81 
293	11 
294	76 
295	68 
296	87 
297	64 
298	60 
299	35 
300	12 
301	87 
302	66 
303	55 
304	67 
305	50 
306	93 
307	30 
308	71 
309	40 
310	50 
311	38 
312	36 
313	9 
314	87 
315	25 
316	35 
317	58 
318	47 
319	19 
320	87 
321	38 
322	9 
323	85 
324	89 
325	74 
326	80 
327	15 
328	22 
329	34 
330	69 
331	1 
332	82 
333	6 
334	25 
335	67 
336	97 
337	84 
338	54 
339	30 
340	24 
341	91 
342	97 
343	61 
344	32 
345	97 
346	89 
347	95 
348	93 
349	68 
350	65 
351	72 
352	46 
353	89 
354	38 
355	11 
356	31 
357	57 
358	67 
359	68 
360	93 
361	89 
362	63 
363	97 
364	64 
365	7 
366	95 
367	15 
368	5 
369	46 
370	45 
371	73 
372	94 
373	11 
374	89 
375	34 
376	14 
377	81 
378	84 
379	62 
380	70 
381	31 
382	54 
383	17 
384	11 
385	71 
386	41 
387	93 
388	9 
389	84 
390	90 
391	17 
392	35 
393	93 
394	83 
395	39 
396	79 
397	95 
398	4 
399	87 
400	14 
401	96 
402	58 
403	55 
404	11 
405	9 
406	11 
407	6 
408	84 
409	48 
410	91 
411	79 
412	52 
413	1 
414	31 
415	85 
416	51 
417	63 
418	17 
419	56 
420	45 
421	85 
422	5 
423	39 
424	68 
425	35 
426	96 
427	7 
428	9 
429	27 
430	63 
431	75 
432	57 
433	29 
434	37 
435	57 
436	95 
437	32 
438	65 
439	51 
440	31 
441	20 
442	47 
443	59 
444	85 
445	4 
446	93 
447	52 
448	65 
449	44 
450	59 
451	55 
452	82 
453	79 
454	57 
455	6 
456	91 
457	35 
458	62 
459	60 
460	79 
461	82 
462	29 
463	79 
464	1 
465	23 
466	93 
467	1 
468	88 
469	73 
470	15 
471	18 
472	58 
473	96 
474	12 
475	55 
476	70 
477	71 
478	84 
479	28 
480	15 
481	68 
482	58 
483	75 
484	85 
485	58 
486	5 
487	72 
488	59 
489	76 
490	85 
491	20 
492	18 
493	57 
494	38 
495	60 
496	50 
497	25 
498	15 
499	91 
500	19 
501	54 
502	14 
503	59 
504	21 
505	83 
506	49 
507	7 
508	35 
509	67 
510	58 
511	29 
512	11 
513	31 
514	97 
515	68 
516	57 
517	10 
518	57 
519	45 
520	63 
521	6 
522	33 
523	67 
524	85 
525	89 
526	22 
527	54 
528	70 
529	80 
530	57 
531	18 
532	95 
533	39 
534	74 
535	65 
536	74 
537	48 
538	96 
539	25 
540	21 
541	91 
542	71 
543	94 
544	72 
545	45 
546	72 
547	38 
548	86 
549	56 
550	11 
551	96 
552	12 
553	33 
554	37 
555	87 
556	46 
557	24 
558	45 
559	51 
560	35 
561	91 
562	48 
563	24 
564	55 
565	93 
566	51 
567	76 
568	20 
569	24 
570	75 
571	38 
572	91 
573	87 
574	69 
575	58 
576	48 
577	21 
578	93 
579	52 
580	18 
581	6 
582	90 
583	49 
584	71 
585	69 
586	89 
587	69 
588	70 
589	50 
590	97 
591	66 
592	63 
593	47 
594	66 
595	43 
596	57 
597	31 
598	17 
599	18 
600	94 
601	75 
602	89 
603	12 
604	18 
605	33 
606	63 
607	29 
608	79 
609	71 
610	65 
611	10 
612	6 
613	76 
614	18 
615	35 
616	4 
617	64 
618	11 
619	84 
620	38 
621	96 
622	28 
623	60 
624	64 
625	75 
626	23 
627	79 
628	63 
629	55 
630	78 
631	82 
632	38 
633	61 
634	52 
635	97 
636	35 
637	84 
638	31 
639	97 
640	4 
641	5 
642	91 
643	71 
644	97 
645	18 
646	14 
647	79 
648	10 
649	57 
650	73 
651	70 
652	84 
653	64 
654	55 
655	74 
656	27 
657	63 
658	85 
659	54 
660	38 
661	38 
662	57 
663	78 
664	60 
665	63 
666	21 
667	9 
668	19 
669	76 
670	87 
671	51 
672	56 
673	84 
674	31 
675	51 
676	65 
677	2 
678	75 
679	91 
680	63 
681	38 
682	37 
683	97 
684	24 
685	44 
686	59 
687	71 
688	76 
689	57 
690	39 
691	47 
692	73 
693	10 
694	70 
695	35 
696	23 
697	6 
698	38 
699	95 
700	49 
701	25 
702	71 
703	19 
704	48 
705	25 
706	78 
707	17 
708	50 
709	73 
710	60 
711	22 
712	13 
713	6 
714	51 
715	17 
716	34 
717	60 
718	93 
719	57 
720	79 
721	83 
722	64 
723	17 
724	68 
725	7 
726	70 
727	82 
728	56 
729	70 
730	50 
731	19 
732	24 
733	93 
734	7 
735	87 
736	45 
737	90 
738	4 
739	60 
740	43 
741	55 
742	83 
743	57 
744	67 
745	35 
746	59 
747	72 
748	81 
749	51 
750	84 
751	19 
752	93 
753	93 
754	95 
755	81 
756	94 
757	54 
758	51 
759	57 
760	52 
761	29 
762	60 
763	52 
764	43 
765	28 
766	9 
767	62 
768	83 
769	81 
770	35 
771	70 
772	6 
773	42 
774	91 
775	48 
776	7 
777	70 
778	52 
779	11 
780	7 
781	38 
782	34 
783	6 
784	57 
785	33 
786	34 
787	11 
788	21 
789	37 
790	68 
791	23 
792	73 
793	91 
794	79 
795	61 
796	96 
797	24 
798	34 
799	17 
800	16 
801	83 
802	79 
803	57 
804	93 
805	10 
806	38 
807	87 
808	10 
809	80 
810	60 
811	83 
812	25 
813	71 
814	23 
815	11 
816	4 
817	1 
818	87 
819	34 
820	50 
821	91 
822	70 
823	27 
824	19 
825	89 
826	67 
827	63 
828	56 
829	46 
830	81 
831	80 
832	91 
833	62 
834	38 
835	69 
836	9 
837	89 
838	90 
839	45 
840	82 
841	18 
842	65 
843	52 
844	10 
845	58 
846	82 
847	45 
848	35 
849	14 
850	30 
851	73 
852	39 
853	65 
854	87 
855	67 
856	55 
857	27 
858	24 
859	31 
860	95 
861	79 
862	18 
863	11 
864	72 
865	73 
866	90 
867	72 
868	85 
869	72 
870	68 
871	48 
872	13 
873	83 
874	94 
875	25 
876	85 
877	17 
878	65 
879	18 
880	83 
881	70 
882	95 
883	88 
884	18 
885	70 
886	66 
887	33 
888	21 
889	31 
890	47 
891	9 
892	80 
893	25 
894	61 
895	40 
896	17 
897	31 
898	83 
899	85 
900	68 
901	60 
902	34 
903	57 
904	37 
905	7 
906	65 
907	12 
908	91 
909	56 
910	67 
911	25 
912	20 
913	43 
914	91 
915	79 
916	67 
917	28 
918	71 
919	34 
920	25 
921	36 
922	79 
923	4 
924	59 
925	75 
926	30 
927	45 
928	24 
929	83 
930	63 
931	48 
932	61 
933	79 
934	72 
935	68 
936	78 
937	96 
938	54 
939	46 
940	11 
941	52 
942	4 
943	77 
944	25 
945	38 
946	28 
947	74 
948	18 
949	91 
950	34 
951	48 
952	93 
953	25 
954	36 
955	70 
956	53 
957	93 
958	5 
959	56 
960	86 
961	89 
962	53 
963	97 
964	91 
965	83 
966	43 
967	23 
968	27 
969	74 
970	69 
971	5 
972	9 
973	41 
974	27 
975	50 
976	4 
977	65 
978	63 
979	2 
980	7 
981	17 
982	60 
983	24 
984	33 
985	7 
986	71 
987	63 
988	73 
989	38 
990	13 
991	7 
992	60 
993	8 
994	1 
995	58 
996	52 
997	57 
998	91 
999	42 
1000	15 
1001	74 
1002	15 
1003	24 
1004	12 
1005	11 
1006	20 
1007	66 
1008	97 
1009	40 
1010	9 
1011	12 
1012	48 
1013	14 
1014	17 
1015	42 
1016	65 
1017	23 
1018	17 
1019	48 
1020	79 
1021	57 
1022	38 
1023	83 
1024	84 
1025	20 
1026	26 
1027	42 
1028	68 
1029	19 
1030	4 
1031	21 
1032	26 
1033	60 
1034	67 
1035	70 
1036	70 
1037	65 
1038	6 
1039	97 
1040	51 
1041	24 
1042	71 
1043	71 
1044	7 
1045	56 
1046	46 
1047	82 
1048	20 
1049	4 
1050	55 
1051	24 
1052	19 
1053	14 
1054	34 
1055	71 
1056	31 
1057	65 
1058	15 
1059	1 
1060	15 
1061	6 
1062	93 
1063	20 
1064	48 
1065	18 
1066	50 
1067	14 
1068	33 
1069	34 
1070	71 
1071	83 
1072	69 
1073	12 
1074	20 
1075	95 
1076	19 
1077	57 
1078	3 
1079	33 
1080	7 
1081	28 
1082	67 
1083	91 
1084	24 
1085	41 
1086	52 
1087	91 
1088	57 
1089	63 
1090	46 
1091	97 
1092	16 
1093	54 
1094	58 
1095	56 
1096	93 
1097	25 
1098	71 
1099	18 
1100	30 
1101	24 
1102	30 
1103	97 
1104	31 
1105	83 
1106	64 
1107	60 
1108	17 
1109	36 
1110	85 
1111	24 
1112	97 
1113	30 
1114	61 
1115	38 
1116	57 
1117	31 
1118	59 
1119	6 
1120	93 
1121	7 
1122	57 
1123	70 
1124	29 
1125	75 
1126	45 
1127	83 
1128	9 
1129	89 
1130	86 
1131	47 
1132	93 
1133	8 
1134	87 
1135	12 
1136	13 
1137	26 
1138	24 
1139	38 
1140	65 
1141	31 
1142	81 
1143	25 
1144	18 
1145	14 
1146	87 
1147	72 
1148	81 
1149	70 
1150	5 
1151	69 
1152	16 
1153	48 
1154	51 
1155	14 
1156	57 
1157	57 
1158	84 
1159	97 
1160	60 
1161	60 
1162	19 
1163	63 
1164	77 
1165	97 
1166	96 
1167	44 
1168	31 
1169	84 
1170	24 
1171	34 
1172	40 
1173	56 
1174	63 
1175	50 
1176	53 
1177	47 
1178	13 
1179	93 
1180	73 
1181	30 
1182	21 
1183	51 
1184	16 
1185	21 
1186	24 
1187	13 
1188	76 
1189	27 
1190	65 
1191	89 
1192	24 
1193	63 
1194	60 
1195	17 
1196	23 
1197	79 
1198	91 
1199	87 
1200	63 
1201	89 
1202	74 
1203	6 
1204	52 
1205	8 
1206	49 
1207	91 
1208	97 
1209	91 
1210	1 
1211	3 
1212	4 
1213	65 
1214	79 
1215	83 
1216	2 
1217	38 
1218	10 
1219	72 
1220	43 
1221	23 
1222	11 
1223	40 
1224	72 
1225	10 
1226	97 
1227	34 
1228	92 
1229	38 
1230	65 
1231	65 
1232	25 
1233	64 
1234	50 
1235	21 
1236	46 
1237	48 
1238	22 
1239	60 
1240	95 
1241	70 
1242	71 
1243	57 
1244	26 
1245	88 
1246	97 
1247	84 
1248	83 
1249	43 
1250	55 
1251	5 
1252	91 
1253	90 
1254	31 
1255	38 
1256	18 
1257	25 
1258	46 
1259	4 
1260	95 
1261	93 
1262	63 
1263	14 
1264	5 
1265	97 
1266	1 
1267	67 
1268	30 
1269	57 
1270	91 
1271	27 
1272	4 
1273	56 
1274	89 
1275	79 
1276	65 
1277	32 
1278	39 
1279	97 
1280	7 
1281	14 
1282	40 
1283	57 
1284	68 
1285	71 
1286	97 
1287	6 
1288	44 
1289	97 
1290	52 
1291	18 
1292	74 
1293	9 
1294	25 
1295	44 
1296	68 
1297	55 
1298	93 
1299	50 
1300	97 
1301	48 
1302	63 
1303	33 
1304	6 
1305	6 
1306	23 
1307	60 
1308	96 
1309	96 
1310	62 
1311	73 
1312	35 
1313	39 
1314	83 
1315	91 
1316	21 
1317	55 
1318	60 
1319	9 
1320	57 
1321	55 
1322	8 
1323	25 
1324	19 
1325	9 
1326	77 
1327	55 
1328	76 
1329	85 
1330	30 
1331	55 
1332	7 
1333	93 
1334	92 
1335	70 
1336	88 
1337	84 
1338	24 
1339	71 
1340	35 
1341	19 
1342	32 
1343	71 
1344	49 
1345	7 
1346	19 
1347	70 
1348	14 
1349	96 
1350	70 
1351	63 
1352	14 
1353	62 
1354	30 
1355	86 
1356	1 
1357	74 
1358	87 
1359	55 
1360	50 
1361	69 
1362	54 
1363	54 
1364	69 
1365	44 
1366	21 
1367	74 
1368	68 
1369	80 
1370	14 
1371	80 
1372	29 
1373	57 
1374	15 
1375	50 
1376	5 
1377	55 
1378	16 
1379	71 
1380	78 
1381	32 
1382	68 
1383	1 
1384	57 
1385	51 
1386	84 
1387	79 
1388	83 
1389	19 
1390	77 
1391	32 
1392	94 
1393	74 
1394	92 
1395	68 
1396	48 
1397	31 
1398	5 
1399	60 
1400	82 
1401	65 
1402	87 
1403	79 
1404	27 
1405	63 
1406	85 
1407	60 
1408	27 
1409	87 
1410	10 
1411	89 
1412	27 
1413	93 
1414	5 
1415	79 
1416	69 
1417	87 
1418	68 
1419	4 
1420	71 
1421	47 
1422	48 
1423	70 
1424	91 
1425	92 
1426	60 
1427	83 
1428	80 
1429	67 
1430	42 
1431	26 
1432	82 
1433	52 
1434	27 
1435	50 
1436	91 
1437	35 
1438	95 
1439	36 
1440	77 
1441	19 
1442	74 
1443	43 
1444	43 
1445	16 
1446	17 
1447	54 
1448	1 
1449	21 
1450	33 
1451	81 
1452	33 
1453	33 
1454	83 
1455	80 
1456	79 
1457	80 
1458	58 
1459	29 
1460	35 
1461	11 
1462	78 
1463	85 
1464	83 
1465	67 
1466	79 
1467	81 
1468	57 
1469	17 
1470	97 
1471	88 
1472	66 
1473	51 
1474	9 
1475	82 
1476	37 
1477	31 
1478	51 
1479	15 
1480	1 
1481	59 
1482	63 
1483	33 
1484	35 
1485	74 
1486	79 
1487	91 
1488	18 
1489	75 
1490	63 
1491	91 
1492	89 
1493	15 
1494	9 
1495	6 
1496	70 
1497	70 
1498	83 
1499	71 
1500	5 
1501	44 
1502	15 
1503	76 
1504	9 
1505	13 
1506	67 
1507	21 
1508	54 
1509	35 
1510	69 
1511	90 
1512	74 
1513	65 
1514	38 
1515	5 
1516	23 
1517	60 
1518	3 
1519	73 
1520	76 
1521	80 
1522	52 
1523	49 
1524	17 
1525	79 
1526	48 
1527	45 
1528	49 
1529	66 
1530	34 
1531	17 
1532	15 
1533	34 
1534	67 
1535	91 
1536	12 
1537	66 
1538	24 
1539	70 
1540	62 
1541	72 
1542	4 
1543	47 
1544	73 
1545	89 
1546	18 
1547	38 
1548	72 
1549	5 
1550	10 
1551	80 
1552	96 
1553	23 
1554	85 
1555	19 
1556	19 
1557	31 
1558	8 
1559	36 
1560	73 
1561	82 
1562	14 
1563	80 
1564	50 
1565	96 
1566	35 
1567	77 
1568	46 
1569	59 
1570	51 
1571	78 
1572	91 
1573	73 
1574	61 
1575	85 
1576	34 
1577	79 
1578	4 
1579	93 
1580	46 
1581	71 
1582	38 
1583	16 
1584	64 
1585	4 
1586	33 
1587	31 
1588	5 
1589	15 
1590	14 
1591	51 
1592	67 
1593	15 
1594	95 
1595	46 
1596	42 
1597	16 
1598	29 
1599	8 
1600	1 
1601	36 
1602	29 
1603	85 
1604	95 
1605	91 
1606	68 
1607	42 
1608	58 
1609	84 
1610	73 
1611	82 
1612	17 
1613	55 
1614	67 
1615	50 
1616	44 
1617	91 
1618	71 
1619	63 
1620	20 
1621	91 
1622	25 
1623	77 
1624	12 
1625	18 
1626	32 
1627	29 
1628	91 
1629	79 
1630	57 
1631	88 
1632	87 
1633	63 
1634	48 
1635	77 
1636	54 
1637	28 
1638	46 
1639	41 
1640	21 
1641	84 
1642	17 
1643	36 
1644	49 
1645	25 
1646	16 
1647	73 
1648	89 
1649	94 
1650	50 
1651	34 
1652	93 
1653	73 
1654	55 
1655	42 
1656	87 
1657	73 
1658	77 
1659	80 
1660	38 
1661	75 
1662	85 
1663	50 
1664	45 
1665	15 
1666	53 
1667	63 
1668	79 
1669	23 
1670	11 
1671	60 
1672	69 
1673	56 
1674	45 
1675	35 
1676	22 
1677	31 
1678	93 
1679	25 
1680	1 
1681	10 
1682	39 
1683	91 
1684	44 
1685	74 
1686	73 
1687	91 
1688	33 
1689	37 
1690	73 
1691	48 
1692	71 
1693	29 
1694	97 
1695	4 
1696	55 
1697	53 
1698	19 
1699	89 
1700	46 
1701	24 
1702	23 
1703	59 
1704	8 
1705	18 
1706	93 
1707	30 
1708	45 
1709	56 
1710	38 
1711	74 
1712	14 
1713	87 
1714	93 
1715	23 
1716	33 
1717	13 
1718	35 
1719	74 
1720	76 
1721	9 
1722	12 
1723	57 
1724	5 
1725	22 
1726	56 
1727	21 
1728	19 
1729	82 
1730	1 
1731	85 
1732	78 
1733	67 
1734	55 
1735	89 
1736	46 
1737	96 
1738	57 
1739	20 
1740	66 
1741	92 
1742	27 
1743	81 
1744	17 
1745	48 
1746	60 
1747	58 
1748	97 
1749	82 
1750	21 
1751	96 
1752	43 
1753	83 
1754	37 
1755	62 
1756	69 
1757	68 
1758	55 
1759	57 
1760	80 
1761	79 
1762	85 
1763	16 
1764	31 
1765	5 
1766	15 
1767	57 
1768	86 
1769	10 
1770	12 
1771	14 
1772	68 
1773	93 
1774	79 
1775	21 
1776	83 
1777	42 
1778	5 
1779	20 
1780	9 
1781	53 
1782	83 
1783	31 
1784	75 
1785	87 
1786	60 
1787	46 
1788	70 
1789	61 
1790	77 
1791	65 
1792	68 
1793	46 
1794	16 
1795	32 
1796	65 
1797	74 
1798	69 
1799	68 
1800	62 
1801	24 
1802	93 
1803	9 
1804	17 
1805	23 
1806	91 
1807	68 
1808	46 
1809	93 
1810	51 
1811	89 
1812	9 
1813	51 
1814	15 
1815	34 
1816	95 
1817	72 
1818	45 
1819	74 
1820	24 
1821	56 
1822	49 
1823	18 
1824	78 
1825	69 
1826	48 
1827	20 
1828	88 
1829	22 
1830	93 
1831	39 
1832	92 
1833	57 
1834	85 
1835	96 
1836	30 
1837	35 
1838	25 
1839	55 
1840	84 
1841	84 
1842	58 
1843	75 
1844	36 
1845	72 
1846	9 
1847	93 
1848	51 
1849	86 
1850	78 
1851	70 
1852	63 
1853	70 
1854	1 
1855	43 
1856	24 
1857	72 
1858	34 
1859	83 
1860	10 
1861	24 
1862	22 
1863	34 
1864	24 
1865	19 
1866	35 
1867	63 
1868	18 
1869	7 
1870	81 
1871	44 
1872	31 
1873	57 
1874	33 
1875	60 
1876	24 
1877	6 
1878	87 
1879	78 
1880	56 
1881	38 
1882	57 
1883	12 
1884	65 
1885	7 
1886	15 
1887	84 
1888	20 
1889	23 
1890	66 
1891	51 
1892	61 
1893	19 
1894	28 
1895	34 
1896	81 
1897	11 
1898	51 
1899	67 
1900	62 
1901	8 
1902	68 
1903	69 
1904	85 
1905	87 
1906	73 
1907	3 
1908	81 
1909	31 
1910	59 
1911	71 
1912	72 
1913	3 
1914	17 
1915	57 
1916	72 
1917	79 
1918	57 
1919	56 
1920	71 
1921	63 
1922	21 
1923	82 
1924	80 
1925	46 
1926	11 
1927	70 
1928	89 
1929	19 
1930	50 
1931	4 
1932	75 
1933	79 
1934	66 
1935	25 
1936	70 
1937	29 
1938	28 
1939	86 
1940	76 
1941	33 
1942	16 
1943	62 
1944	27 
1945	4 
1946	48 
1947	84 
1948	61 
1949	79 
1950	33 
1951	29 
1952	52 
1953	72 
1954	85 
1955	31 
1956	46 
1957	25 
1958	32 
1959	69 
1960	59 
1961	94 
1962	37 
1963	14 
1964	68 
1965	69 
1966	50 
1967	11 
1968	63 
1969	30 
1970	68 
1971	16 
1972	1 
1973	48 
1974	91 
1975	32 
1976	39 
1977	97 
1978	42 
1979	36 
1980	87 
1981	70 
1982	82 
1983	56 
1984	60 
1985	79 
1986	74 
1987	70 
1988	9 
1989	14 
1990	48 
1991	64 
1992	80 
1993	39 
1994	79 
1995	79 
1996	36 
1997	73 
1998	14 
1999	31 
2000	25 
2001	71 
2002	70 
2003	14 
2004	17 
2005	7 
2006	83 
2007	17 
2008	57 
2009	89 
2010	85 
2011	38 
2012	87 
2013	59 
2014	92 
2015	38 
2016	92 
2017	57 
2018	18 
2019	25 
2020	24 
2021	71 
2022	85 
2023	3 
2024	67 
2025	82 
2026	14 
2027	51 
2028	82 
2029	34 
2030	97 
2031	87 
2032	38 
2033	4 
2034	97 
2035	38 
2036	12 
2037	83 
2038	45 
2039	41 
2040	88 
2041	59 
2042	5 
2043	57 
2044	64 
2045	55 
2046	65 
2047	4 
2048	71 
2049	51 
2050	96 
2051	65 
2052	15 
2053	70 
2054	9 
2055	9 
2056	80 
2057	70 
2058	71 
2059	11 
2060	18 
2061	56 
2062	37 
2063	20 
2064	30 
2065	87 
2066	91 
2067	67 
2068	5 
2069	34 
2070	38 
2071	96 
2072	42 
2073	48 
2074	65 
2075	1 
2076	79 
2077	89 
2078	60 
2079	70 
2080	24 
2081	97 
2082	95 
2083	43 
2084	90 
2085	13 
2086	50 
2087	15 
2088	70 
2089	85 
2090	21 
2091	44 
2092	8 
2093	19 
2094	43 
2095	97 
2096	58 
2097	64 
2098	80 
2099	18 
2100	24 
2101	70 
2102	33 
2103	18 
2104	38 
2105	96 
2106	38 
2107	6 
2108	79 
2109	24 
2110	46 
2111	52 
2112	20 
2113	13 
2114	48 
2115	26 
2116	14 
2117	17 
2118	14 
2119	67 
2120	60 
2121	20 
2122	68 
2123	43 
2124	63 
2125	9 
2126	92 
2127	31 
2128	33 
2129	39 
2130	69 
2131	59 
2132	65 
2133	68 
2134	71 
2135	3 
2136	17 
2137	6 
2138	54 
2139	38 
2140	17 
2141	93 
2142	7 
2143	7 
2144	18 
2145	90 
2146	33 
2147	11 
2148	95 
2149	61 
2150	73 
2151	73 
2152	71 
2153	82 
2154	65 
2155	91 
2156	2 
2157	23 
2158	19 
2159	83 
2160	24 
2161	31 
2162	59 
2163	51 
2164	60 
2165	60 
2166	20 
2167	91 
2168	7 
2169	36 
2170	1 
2171	46 
2172	11 
2173	53 
2174	51 
2175	14 
2176	54 
2177	71 
2178	57 
2179	73 
2180	50 
2181	48 
2182	7 
2183	29 
2184	64 
2185	63 
2186	63 
2187	7 
2188	48 
2189	9 
2190	25 
2191	70 
2192	79 
2193	76 
2194	60 
2195	96 
2196	15 
2197	71 
2198	87 
2199	70 
2200	60 
2201	82 
2202	91 
2203	71 
2204	79 
2205	49 
2206	87 
2207	35 
2208	47 
2209	59 
2210	24 
2211	21 
2212	53 
2213	64 
2214	24 
2215	31 
2216	68 
2217	69 
2218	85 
2219	60 
2220	60 
2221	24 
2222	14 
2223	19 
2224	69 
2225	68 
2226	79 
2227	89 
2228	97 
2229	19 
2230	74 
2231	91 
2232	84 
2233	23 
2234	75 
2235	62 
2236	37 
2237	19 
2238	89 
2239	73 
2240	95 
2241	82 
2242	59 
2243	85 
2244	2 
2245	6 
2246	2 
2247	43 
2248	45 
2249	51 
2250	29 
2251	37 
2252	25 
2253	33 
2254	38 
2255	24 
2256	65 
2257	87 
2258	82 
2259	52 
2260	14 
2261	1 
2262	17 
2263	16 
2264	32 
2265	35 
2266	62 
2267	74 
2268	35 
2269	38 
2270	35 
2271	75 
2272	1 
2273	79 
2274	84 
2275	22 
2276	65 
2277	50 
2278	89 
2279	75 
2280	90 
2281	9 
2282	8 
2283	89 
2284	63 
2285	18 
2286	69 
2287	3 
2288	48 
2289	54 
2290	76 
2291	93 
2292	79 
2293	48 
2294	57 
2295	77 
2296	65 
2297	41 
2298	49 
2299	66 
2300	89 
2301	66 
2302	4 
2303	75 
2304	53 
2305	71 
2306	48 
2307	55 
2308	43 
2309	42 
2310	71 
2311	57 
2312	16 
2313	24 
2314	59 
2315	5 
2316	84 
2317	58 
2318	73 
2319	68 
2320	37 
2321	47 
2322	15 
2323	16 
2324	91 
2325	87 
2326	84 
2327	71 
2328	34 
2329	60 
2330	25 
2331	45 
2332	17 
2333	85 
2334	85 
2335	6 
2336	68 
2337	56 
2338	25 
2339	55 
2340	51 
2341	78 
2342	15 
2343	15 
2344	34 
2345	35 
2346	92 
2347	72 
2348	8 
2349	87 
2350	23 
2351	59 
2352	43 
2353	9 
2354	30 
2355	6 
2356	60 
2357	2 
2358	68 
2359	9 
2360	68 
2361	30 
2362	65 
2363	43 
2364	81 
2365	56 
2366	69 
2367	18 
2368	70 
2369	22 
2370	72 
2371	83 
2372	78 
2373	14 
2374	53 
2375	28 
2376	19 
2377	72 
2378	71 
2379	1 
2380	89 
2381	50 
2382	61 
2383	66 
2384	82 
2385	79 
2386	93 
2387	9 
2388	57 
2389	93 
2390	81 
2391	19 
2392	78 
2393	47 
2394	91 
2395	12 
2396	36 
2397	52 
2398	80 
2399	72 
2400	78 
2401	31 
2402	70 
2403	80 
2404	50 
2405	54 
2406	80 
2407	56 
2408	74 
2409	59 
2410	65 
2411	61 
2412	37 
2413	93 
2414	80 
2415	21 
2416	43 
2417	35 
2418	71 
2419	33 
2420	92 
2421	55 
2422	62 
2423	56 
2424	45 
2425	84 
2426	80 
2427	33 
2428	84 
2429	9 
2430	26 
2431	36 
2432	80 
2433	95 
2434	75 
2435	79 
2436	87 
2437	88 
2438	11 
2439	28 
2440	75 
2441	60 
2442	34 
2443	32 
2444	24 
2445	7 
2446	54 
2447	27 
2448	30 
2449	56 
2450	97 
2451	92 
2452	72 
2453	25 
2454	64 
2455	51 
2456	27 
2457	26 
2458	71 
2459	36 
2460	55 
2461	9 
2462	29 
2463	17 
2464	74 
2465	69 
2466	10 
2467	18 
2468	23 
2469	41 
2470	11 
2471	17 
2472	63 
2473	9 
2474	29 
2475	31 
2476	25 
2477	55 
2478	70 
2479	68 
2480	96 
2481	74 
2482	60 
2483	31 
2484	57 
2485	97 
2486	79 
2487	68 
2488	10 
2489	13 
2490	58 
2491	38 
2492	12 
2493	15 
2494	71 
2495	42 
2496	60 
2497	1 
2498	94 
2499	55 
2500	56 
2501	20 
2502	70 
2503	55 
2504	4 
2505	28 
2506	24 
2507	29 
2508	59 
2509	95 
2510	19 
2511	80 
2512	65 
2513	17 
2514	82 
2515	93 
2516	91 
2517	89 
2518	96 
2519	40 
2520	42 
2521	86 
2522	95 
2523	7 
2524	14 
2525	79 
2526	46 
2527	3 
2528	55 
2529	20 
2530	23 
2531	24 
2532	7 
2533	14 
2534	23 
2535	23 
2536	43 
2537	62 
2538	62 
2539	96 
2540	44 
2541	31 
2542	80 
2543	46 
2544	10 
2545	14 
2546	46 
2547	38 
2548	31 
2549	17 
2550	88 
2551	70 
2552	95 
2553	57 
2554	63 
2555	57 
2556	8 
2557	57 
2558	52 
2559	46 
2560	27 
2561	16 
2562	17 
2563	62 
2564	23 
2565	57 
2566	28 
2567	57 
2568	43 
2569	74 
2570	75 
2571	5 
2572	7 
2573	31 
2574	1 
2575	92 
2576	56 
2577	2 
2578	20 
2579	86 
2580	85 
2581	51 
2582	14 
2583	60 
2584	64 
2585	87 
2586	35 
2587	67 
2588	7 
2589	84 
2590	62 
2591	52 
2592	21 
2593	31 
2594	27 
2595	9 
2596	5 
2597	13 
2598	87 
2599	91 
2600	87 
2601	45 
2602	11 
2603	73 
2604	49 
2605	30 
2606	46 
2607	75 
2608	46 
2609	31 
2610	35 
2611	1 
2612	86 
2613	68 
2614	1 
2615	73 
2616	16 
2617	11 
2618	43 
2619	1 
2620	65 
2621	52 
2622	18 
2623	92 
2624	19 
2625	17 
2626	85 
2627	7 
2628	17 
2629	19 
2630	1 
2631	4 
2632	70 
2633	60 
2634	71 
2635	97 
2636	52 
2637	18 
2638	19 
2639	9 
2640	38 
2641	72 
2642	62 
2643	7 
2644	7 
2645	25 
2646	14 
2647	17 
2648	14 
2649	15 
2650	63 
2651	67 
2652	83 
2653	70 
2654	67 
2655	36 
2656	82 
2657	60 
2658	78 
2659	73 
2660	89 
2661	66 
2662	20 
2663	77 
2664	50 
2665	77 
2666	82 
2667	14 
2668	60 
2669	24 
2670	42 
2671	5 
2672	15 
2673	20 
2674	38 
2675	82 
2676	63 
2677	4 
2678	57 
2679	45 
2680	73 
2681	95 
2682	44 
2683	65 
2684	88 
2685	48 
2686	22 
2687	9 
2688	54 
2689	42 
2690	95 
2691	74 
2692	79 
2693	4 
2694	53 
2695	21 
2696	95 
2697	31 
2698	87 
2699	34 
2700	87 
2701	56 
2702	76 
2703	59 
2704	20 
2705	33 
2706	74 
2707	92 
2708	78 
2709	4 
2710	92 
2711	19 
2712	57 
2713	18 
2714	68 
2715	86 
2716	40 
2717	36 
2718	20 
2719	71 
2720	4 
2721	24 
2722	63 
2723	88 
2724	2 
2725	4 
2726	56 
2727	11 
2728	38 
2729	89 
2730	12 
2731	68 
2732	65 
2733	34 
2734	69 
2735	37 
2736	17 
2737	12 
2738	24 
2739	68 
2740	20 
2741	38 
2742	14 
2743	19 
2744	56 
2745	13 
2746	38 
2747	57 
2748	59 
2749	7 
2750	29 
2751	25 
2752	64 
2753	80 
2754	81 
2755	95 
2756	68 
2757	32 
2758	70 
2759	59 
2760	79 
2761	52 
2762	46 
2763	24 
2764	79 
2765	83 
2766	20 
2767	16 
2768	92 
2769	18 
2770	96 
2771	25 
2772	80 
2773	49 
2774	87 
2775	51 
2776	24 
2777	60 
2778	70 
2779	9 
2780	5 
2781	65 
2782	82 
2783	97 
2784	89 
2785	68 
2786	9 
2787	89 
2788	60 
2789	14 
2790	84 
2791	60 
2792	44 
2793	68 
2794	1 
2795	55 
2796	59 
2797	89 
2798	1 
2799	66 
2800	72 
2801	95 
2802	40 
2803	96 
2804	85 
2805	47 
2806	31 
2807	6 
2808	91 
2809	34 
2810	9 
2811	96 
2812	91 
2813	29 
2814	46 
2815	31 
2816	86 
2817	4 
2818	51 
2819	53 
2820	16 
2821	2 
2822	70 
2823	63 
2824	45 
2825	45 
2826	80 
2827	90 
2828	85 
2829	92 
2830	93 
2831	18 
2832	30 
2833	39 
2834	9 
2835	65 
2836	14 
2837	10 
2838	50 
2839	38 
2840	55 
2841	32 
2842	83 
2843	79 
2844	30 
2845	47 
2846	78 
2847	97 
2848	77 
2849	10 
2850	96 
2851	17 
2852	47 
2853	9 
2854	56 
2855	82 
2856	24 
2857	83 
2858	48 
2859	73 
2860	83 
2861	84 
2862	55 
2863	58 
2864	14 
2865	92 
2866	61 
2867	64 
2868	6 
2869	43 
2870	91 
2871	92 
2872	89 
2873	58 
2874	27 
2875	91 
2876	34 
2877	75 
2878	5 
2879	9 
2880	43 
2881	41 
2882	9 
2883	35 
2884	53 
2885	10 
2886	5 
2887	92 
2888	79 
2889	12 
2890	12 
2891	94 
2892	55 
2893	2 
2894	88 
2895	2 
2896	54 
2897	91 
2898	79 
2899	50 
2900	92 
2901	33 
2902	81 
2903	95 
2904	95 
2905	67 
2906	31 
2907	58 
2908	38 
2909	71 
2910	25 
2911	48 
2912	46 
2913	45 
2914	54 
2915	17 
2916	22 
2917	4 
2918	43 
2919	63 
2920	31 
2921	57 
2922	57 
2923	17 
2924	9 
2925	47 
2926	5 
2927	33 
2928	7 
2929	34 
2930	46 
2931	31 
2932	63 
2933	18 
2934	62 
2935	84 
2936	70 
2937	63 
2938	88 
2939	62 
2940	5 
2941	83 
2942	90 
2943	86 
2944	92 
2945	97 
2946	48 
2947	69 
2948	78 
2949	36 
2950	61 
2951	85 
2952	83 
2953	14 
2954	11 
2955	35 
2956	71 
2957	6 
2958	81 
2959	71 
2960	8 
2961	38 
2962	55 
2963	7 
2964	12 
2965	85 
2966	46 
2967	68 
2968	32 
2969	54 
2970	1 
2971	12 
2972	70 
2973	87 
2974	56 
2975	71 
2976	53 
2977	63 
2978	45 
2979	43 
2980	15 
2981	70 
2982	33 
2983	51 
2984	1 
2985	65 
2986	63 
2987	59 
2988	97 
2989	89 
2990	15 
2991	15 
2992	31 
2993	16 
2994	3 
2995	86 
2996	24 
2997	29 
2998	10 
2999	45 
3000	56 
3001	62 
3002	9 
3003	97 
3004	58 
3005	47 
3006	10 
3007	63 
3008	57 
3009	14 
3010	37 
3011	34 
3012	36 
3013	93 
3014	67 
3015	40 
3016	71 
3017	55 
3018	74 
3019	65 
3020	42 
3021	96 
3022	41 
3023	97 
3024	65 
3025	31 
3026	43 
3027	76 
3028	84 
3029	9 
3030	12 
3031	61 
3032	9 
3033	30 
3034	94 
3035	4 
3036	31 
3037	83 
3038	92 
3039	25 
3040	78 
3041	44 
3042	75 
3043	73 
3044	77 
3045	70 
3046	73 
3047	74 
3048	74 
3049	96 
3050	72 
3051	87 
3052	7 
3053	41 
3054	43 
3055	84 
3056	12 
3057	93 
3058	14 
3059	84 
3060	37 
3061	9 
3062	30 
3063	36 
3064	42 
3065	92 
3066	7 
3067	54 
3068	56 
3069	93 
3070	79 
3071	6 
3072	48 
3073	63 
3074	81 
3075	32 
3076	31 
3077	29 
3078	72 
3079	34 
3080	8 
3081	44 
3082	31 
3083	58 
3084	64 
3085	35 
3086	30 
3087	41 
3088	95 
3089	25 
3090	2 
3091	61 
3092	72 
3093	49 
3094	70 
3095	18 
3096	35 
3097	40 
3098	7 
3099	95 
3100	21 
3101	60 
3102	53 
3103	68 
3104	81 
3105	93 
3106	17 
3107	19 
3108	63 
3109	83 
3110	80 
3111	40 
3112	93 
3113	87 
3114	11 
3115	34 
3116	59 
3117	11 
3118	63 
3119	6 
3120	46 
3121	25 
3122	38 
3123	49 
3124	67 
3125	68 
3126	95 
3127	34 
3128	43 
3129	79 
3130	35 
3131	23 
3132	25 
3133	31 
3134	13 
3135	35 
3136	20 
3137	50 
3138	20 
3139	1 
3140	44 
3141	63 
3142	17 
3143	57 
3144	56 
3145	67 
3146	12 
3147	63 
3148	14 
3149	29 
3150	91 
3151	31 
3152	45 
3153	93 
3154	19 
3155	39 
3156	29 
3157	80 
3158	64 
3159	5 
3160	18 
3161	67 
3162	24 
3163	88 
3164	82 
3165	47 
3166	20 
3167	79 
3168	3 
3169	71 
3170	17 
3171	83 
3172	27 
3173	71 
3174	45 
3175	96 
3176	80 
3177	1 
3178	35 
3179	30 
3180	11 
3181	20 
3182	83 
3183	84 
3184	46 
3185	84 
3186	72 
3187	63 
3188	58 
3189	58 
3190	83 
3191	54 
3192	9 
3193	2 
3194	95 
3195	38 
3196	14 
3197	48 
3198	9 
3199	14 
3200	80 
3201	51 
3202	51 
3203	63 
3204	21 
3205	85 
3206	83 
3207	12 
3208	73 
3209	25 
3210	84 
3211	80 
3212	62 
3213	71 
3214	46 
3215	93 
3216	4 
3217	17 
3218	75 
3219	31 
3220	4 
3221	71 
3222	68 
3223	75 
3224	32 
3225	46 
3226	63 
3227	63 
3228	5 
3229	51 
3230	31 
3231	65 
3232	17 
3233	46 
3234	64 
3235	4 
3236	69 
3237	41 
3238	29 
3239	71 
3240	96 
3241	97 
3242	85 
3243	55 
3244	18 
3245	17 
3246	76 
3247	81 
3248	93 
3249	53 
3250	37 
3251	35 
3252	11 
3253	33 
3254	43 
3255	45 
3256	83 
3257	20 
3258	95 
3259	88 
3260	86 
3261	1 
3262	20 
3263	22 
3264	81 
3265	19 
3266	14 
3267	3 
3268	29 
3269	59 
3270	70 
3271	89 
3272	13 
3273	75 
3274	65 
3275	96 
3276	68 
3277	32 
3278	21 
3279	71 
3280	62 
3281	6 
3282	56 
3283	21 
3284	80 
3285	39 
3286	46 
3287	24 
3288	34 
3289	54 
3290	91 
3291	64 
3292	87 
3293	80 
3294	95 
3295	77 
3296	36 
3297	20 
3298	42 
3299	13 
3300	46 
3301	43 
3302	89 
3303	71 
3304	95 
3305	97 
3306	35 
3307	85 
3308	90 
3309	96 
3310	83 
3311	29 
3312	54 
3313	50 
3314	34 
3315	31 
3316	21 
3317	83 
3318	69 
3319	91 
3320	66 
3321	34 
3322	66 
3323	70 
3324	38 
3325	81 
3326	76 
3327	17 
3328	49 
3329	13 
3330	30 
3331	1 
3332	80 
3333	3 
3334	75 
3335	62 
3336	11 
3337	4 
3338	45 
3339	63 
3340	75 
3341	30 
3342	27 
3343	73 
3344	25 
3345	46 
3346	91 
3347	30 
3348	35 
3349	72 
3350	64 
3351	56 
3352	22 
3353	63 
3354	68 
3355	15 
3356	18 
3357	54 
3358	17 
3359	74 
3360	8 
3361	85 
3362	19 
3363	70 
3364	33 
3365	97 
3366	9 
3367	18 
3368	88 
3369	97 
3370	43 
3371	23 
3372	34 
3373	37 
3374	55 
3375	89 
3376	68 
3377	97 
3378	11 
3379	86 
3380	74 
3381	95 
3382	2 
3383	51 
3384	34 
3385	25 
3386	31 
3387	60 
3388	78 
3389	7 
3390	50 
3391	73 
3392	57 
3393	35 
3394	7 
3395	97 
3396	23 
3397	24 
3398	96 
3399	48 
3400	39 
3401	97 
3402	35 
3403	44 
3404	87 
3405	3 
3406	60 
3407	86 
3408	33 
3409	25 
3410	83 
3411	95 
3412	74 
3413	53 
3414	78 
3415	84 
3416	90 
3417	17 
3418	95 
3419	40 
3420	16 
3421	27 
3422	18 
3423	59 
3424	58 
3425	78 
3426	93 
3427	57 
3428	49 
3429	29 
3430	57 
3431	84 
3432	60 
3433	56 
3434	20 
3435	92 
3436	43 
3437	57 
3438	7 
3439	85 
3440	38 
3441	97 
3442	17 
3443	25 
3444	4 
3445	89 
3446	77 
3447	11 
3448	55 
3449	8 
3450	31 
3451	6 
3452	81 
3453	71 
3454	12 
3455	52 
3456	27 
3457	54 
3458	24 
3459	87 
3460	24 
3461	89 
3462	67 
3463	29 
3464	38 
3465	96 
3466	80 
3467	94 
3468	65 
3469	6 
3470	7 
3471	38 
3472	71 
3473	79 
3474	1 
3475	68 
3476	19 
3477	69 
3478	6 
3479	61 
3480	35 
3481	35 
3482	84 
3483	82 
3484	82 
3485	85 
3486	43 
3487	14 
3488	78 
3489	71 
3490	77 
3491	63 
3492	60 
3493	51 
3494	79 
3495	60 
3496	11 
3497	75 
3498	94 
3499	18 
3500	46 
3501	93 
3502	85 
3503	93 
3504	87 
3505	64 
3506	49 
3507	7 
3508	4 
3509	31 
3510	56 
3511	56 
3512	43 
3513	18 
3514	72 
3515	38 
3516	68 
3517	16 
3518	63 
3519	67 
3520	10 
3521	2 
3522	71 
3523	6 
3524	74 
3525	68 
3526	53 
3527	97 
3528	9 
3529	95 
3530	91 
3531	83 
3532	83 
3533	66 
3534	88 
3535	78 
3536	29 
3537	97 
3538	5 
3539	59 
3540	48 
3541	76 
3542	82 
3543	65 
3544	80 
3545	22 
3546	4 
3547	14 
3548	89 
3549	25 
3550	83 
3551	42 
3552	85 
3553	46 
3554	89 
3555	80 
3556	70 
3557	73 
3558	56 
3559	31 
3560	18 
3561	57 
3562	42 
3563	72 
3564	10 
3565	24 
3566	50 
3567	55 
3568	78 
3569	93 
3570	38 
3571	2 
3572	97 
3573	60 
3574	55 
3575	39 
3576	73 
3577	14 
3578	38 
3579	17 
3580	92 
3581	14 
3582	63 
3583	84 
3584	51 
3585	82 
3586	82 
3587	61 
3588	25 
3589	44 
3590	30 
3591	69 
3592	1 
3593	9 
3594	48 
3595	60 
3596	79 
3597	34 
3598	4 
3599	31 
3600	25 
3601	42 
3602	92 
3603	31 
3604	51 
3605	66 
3606	38 
3607	75 
3608	38 
3609	14 
3610	82 
3611	25 
3612	81 
3613	84 
3614	83 
3615	1 
3616	93 
3617	55 
3618	59 
3619	87 
3620	64 
3621	43 
3622	11 
3623	56 
3624	56 
3625	18 
3626	71 
3627	70 
3628	57 
3629	23 
3630	21 
3631	25 
3632	48 
3633	7 
3634	51 
3635	83 
3636	7 
3637	11 
3638	24 
3639	57 
3640	21 
3641	89 
3642	89 
3643	10 
3644	72 
3645	27 
3646	51 
3647	30 
3648	77 
3649	35 
3650	21 
3651	14 
3652	57 
3653	18 
3654	28 
3655	7 
3656	47 
3657	70 
3658	93 
3659	77 
3660	46 
3661	93 
3662	43 
3663	88 
3664	83 
3665	93 
3666	23 
3667	12 
3668	4 
3669	47 
3670	89 
3671	1 
3672	7 
3673	17 
3674	91 
3675	79 
3676	32 
3677	7 
3678	23 
3679	80 
3680	3 
3681	24 
3682	71 
3683	11 
3684	95 
3685	61 
3686	92 
3687	82 
3688	23 
3689	20 
3690	16 
3691	69 
3692	71 
3693	87 
3694	33 
3695	86 
3696	83 
3697	18 
3698	94 
3699	38 
3700	8 
3701	4 
3702	83 
3703	38 
3704	60 
3705	22 
3706	21 
3707	11 
3708	47 
3709	79 
3710	60 
3711	19 
3712	73 
3713	20 
3714	66 
3715	58 
3716	68 
3717	14 
3718	59 
3719	62 
3720	46 
3721	97 
3722	97 
3723	21 
3724	77 
3725	34 
3726	50 
3727	96 
3728	80 
3729	41 
3730	41 
3731	70 
3732	53 
3733	56 
3734	87 
3735	68 
3736	10 
3737	95 
3738	68 
3739	91 
3740	26 
3741	44 
3742	91 
3743	86 
3744	55 
3745	70 
3746	43 
3747	92 
3748	49 
3749	27 
3750	45 
3751	55 
3752	77 
3753	60 
3754	91 
3755	89 
3756	14 
3757	85 
3758	32 
3759	97 
3760	39 
3761	81 
3762	15 
3763	65 
3764	75 
3765	67 
3766	15 
3767	69 
3768	89 
3769	21 
3770	80 
3771	56 
3772	7 
3773	26 
3774	89 
3775	43 
3776	42 
3777	73 
3778	10 
3779	70 
3780	71 
3781	5 
3782	84 
3783	20 
3784	96 
3785	52 
3786	91 
3787	57 
3788	33 
3789	29 
3790	19 
3791	63 
3792	20 
3793	33 
3794	25 
3795	97 
3796	55 
3797	80 
3798	83 
3799	63 
3800	40 
3801	89 
3802	80 
3803	40 
3804	21 
3805	35 
3806	7 
3807	89 
3808	71 
3809	14 
3810	9 
3811	14 
3812	22 
3813	21 
3814	48 
3815	14 
3816	4 
3817	44 
3818	89 
3819	8 
3820	68 
3821	60 
3822	68 
3823	5 
3824	50 
3825	17 
3826	50 
3827	57 
3828	74 
3829	92 
3830	1 
3831	65 
3832	95 
3833	58 
3834	94 
3835	96 
3836	37 
3837	85 
3838	20 
3839	46 
3840	63 
3841	1 
3842	33 
3843	13 
3844	18 
3845	23 
3846	29 
3847	46 
3848	66 
3849	37 
3850	81 
3851	59 
3852	40 
3853	89 
3854	75 
3855	71 
3856	71 
3857	40 
3858	80 
3859	25 
3860	74 
3861	31 
3862	64 
3863	45 
3864	94 
3865	23 
3866	3 
3867	16 
3868	4 
3869	51 
3870	11 
3871	22 
3872	4 
3873	20 
3874	27 
3875	49 
3876	94 
3877	63 
3878	32 
3879	33 
3880	60 
3881	70 
3882	30 
3883	55 
3884	63 
3885	70 
3886	10 
3887	52 
3888	23 
3889	91 
3890	45 
3891	90 
3892	79 
3893	24 
3894	96 
3895	96 
3896	9 
3897	25 
3898	38 
3899	50 
3900	79 
3901	68 
3902	14 
3903	90 
3904	26 
3905	91 
3906	93 
3907	4 
3908	80 
3909	71 
3910	6 
3911	82 
3912	76 
3913	95 
3914	70 
3915	69 
3916	90 
3917	57 
3918	31 
3919	63 
3920	20 
3921	38 
3922	88 
3923	49 
3924	63 
3925	95 
3926	31 
3927	38 
3928	71 
3929	89 
3930	50 
3931	66 
3932	19 
3933	16 
3934	74 
3935	55 
3936	93 
3937	82 
3938	10 
3939	92 
3940	37 
3941	34 
3942	22 
3943	31 
3944	54 
3945	71 
3946	87 
3947	60 
3948	14 
3949	65 
3950	97 
3951	81 
3952	76 
3953	51 
3954	63 
3955	14 
3956	45 
3957	33 
3958	62 
3959	70 
3960	60 
3961	37 
3962	11 
3963	45 
3964	57 
3965	80 
3966	92 
3967	10 
3968	53 
3969	34 
3970	80 
3971	96 
3972	87 
3973	83 
3974	11 
3975	77 
3976	69 
3977	23 
3978	9 
3979	83 
3980	58 
3981	58 
3982	68 
3983	4 
3984	72 
3985	74 
3986	63 
3987	24 
3988	20 
3989	48 
3990	37 
3991	5 
3992	89 
3993	80 
3994	79 
3995	11 
3996	65 
3997	49 
3998	87 
3999	57 
4000	63 
4001	44 
4002	89 
4003	75 
4004	38 
4005	73 
4006	23 
4007	55 
4008	25 
4009	33 
4010	7 
4011	50 
4012	3 
4013	83 
4014	79 
4015	16 
4016	97 
4017	50 
4018	62 
4019	60 
4020	63 
4021	63 
4022	21 
4023	77 
4024	5 
4025	96 
4026	33 
4027	84 
4028	32 
4029	91 
4030	60 
4031	87 
4032	33 
4033	89 
4034	96 
4035	7 
4036	42 
4037	19 
4038	97 
4039	95 
4040	46 
4041	11 
4042	30 
4043	13 
4044	59 
4045	55 
4046	93 
4047	84 
4048	54 
4049	22 
4050	72 
4051	38 
4052	78 
4053	78 
4054	93 
4055	71 
4056	8 
4057	18 
4058	1 
4059	14 
4060	4 
4061	4 
4062	20 
4063	80 
4064	2 
4065	1 
4066	65 
4067	42 
4068	74 
4069	89 
4070	38 
4071	48 
4072	3 
4073	22 
4074	9 
4075	60 
4076	15 
4077	1 
4078	70 
4079	72 
4080	67 
4081	13 
4082	75 
4083	54 
4084	87 
4085	76 
4086	60 
4087	95 
4088	82 
4089	83 
4090	11 
4091	50 
4092	31 
4093	96 
4094	56 
4095	14 
4096	72 
4097	11 
4098	95 
4099	55 
4100	87 
4101	85 
4102	4 
4103	52 
4104	69 
4105	83 
4106	22 
4107	24 
4108	54 
4109	32 
4110	33 
4111	1 
4112	70 
4113	43 
4114	63 
4115	4 
4116	78 
4117	9 
4118	76 
4119	95 
4120	26 
4121	95 
4122	35 
4123	54 
4124	20 
4125	31 
4126	71 
4127	31 
4128	70 
4129	13 
4130	15 
4131	79 
4132	51 
4133	95 
4134	16 
4135	12 
4136	91 
4137	32 
4138	43 
4139	71 
4140	31 
4141	46 
4142	42 
4143	11 
4144	36 
4145	38 
4146	79 
4147	46 
4148	42 
4149	18 
4150	44 
4151	29 
4152	87 
4153	89 
4154	63 
4155	37 
4156	75 
4157	14 
4158	97 
4159	9 
4160	5 
4161	24 
4162	78 
4163	91 
4164	79 
4165	43 
4166	64 
4167	47 
4168	78 
4169	40 
4170	85 
4171	43 
4172	74 
4173	93 
4174	37 
4175	49 
4176	21 
4177	34 
4178	28 
4179	1 
4180	77 
4181	59 
4182	52 
4183	69 
4184	83 
4185	9 
4186	87 
4187	85 
4188	45 
4189	85 
4190	17 
4191	95 
4192	35 
4193	14 
4194	6 
4195	11 
4196	41 
4197	93 
4198	23 
4199	65 
4200	44 
4201	54 
4202	10 
4203	83 
4204	38 
4205	55 
4206	20 
4207	31 
4208	51 
4209	14 
4210	66 
4211	48 
4212	23 
4213	75 
4214	64 
4215	50 
4216	33 
4217	25 
4218	68 
4219	42 
4220	5 
4221	79 
4222	68 
4223	3 
4224	24 
4225	7 
4226	24 
4227	51 
4228	82 
4229	57 
4230	26 
4231	34 
4232	14 
4233	27 
4234	60 
4235	73 
4236	79 
4237	84 
4238	30 
4239	9 
4240	11 
4241	73 
4242	24 
4243	74 
4244	51 
4245	71 
4246	27 
4247	89 
4248	80 
4249	45 
4250	7 
4251	34 
4252	48 
4253	46 
4254	36 
4255	85 
4256	50 
4257	33 
4258	63 
4259	79 
4260	23 
4261	3 
4262	96 
4263	96 
4264	77 
4265	25 
4266	32 
4267	24 
4268	38 
4269	52 
4270	37 
4271	38 
4272	96 
4273	57 
4274	87 
4275	45 
4276	85 
4277	96 
4278	7 
4279	8 
4280	34 
4281	79 
4282	13 
4283	63 
4284	61 
4285	71 
4286	87 
4287	44 
4288	12 
4289	92 
4290	38 
4291	9 
4292	97 
4293	46 
4294	89 
4295	15 
4296	25 
4297	71 
4298	31 
4299	57 
4300	34 
4301	48 
4302	31 
4303	48 
4304	28 
4305	71 
4306	52 
4307	18 
4308	36 
4309	41 
4310	28 
4311	91 
4312	53 
4313	43 
4314	17 
4315	51 
4316	70 
4317	21 
4318	83 
4319	85 
4320	57 
4321	86 
4322	67 
4323	89 
4324	71 
4325	66 
4326	35 
4327	85 
4328	12 
4329	31 
4330	77 
4331	53 
4332	18 
4333	17 
4334	24 
4335	62 
4336	38 
4337	24 
4338	88 
4339	48 
4340	54 
4341	48 
4342	34 
4343	83 
4344	39 
4345	16 
4346	62 
4347	60 
4348	24 
4349	1 
4350	25 
4351	39 
4352	70 
4353	13 
4354	26 
4355	89 
4356	57 
4357	96 
4358	73 
4359	82 
4360	1 
4361	33 
4362	70 
4363	47 
4364	55 
4365	20 
4366	68 
4367	31 
4368	94 
4369	2 
4370	31 
4371	65 
4372	95 
4373	80 
4374	87 
4375	45 
4376	56 
4377	89 
4378	55 
4379	3 
4380	27 
4381	8 
4382	43 
4383	23 
4384	1 
4385	40 
4386	43 
4387	60 
4388	57 
4389	89 
4390	60 
4391	16 
4392	38 
4393	74 
4394	11 
4395	9 
4396	5 
4397	24 
4398	73 
4399	68 
4400	24 
4401	41 
4402	15 
4403	48 
4404	63 
4405	46 
4406	89 
4407	58 
4408	5 
4409	1 
4410	67 
4411	44 
4412	48 
4413	71 
4414	16 
4415	20 
4416	58 
4417	71 
4418	80 
4419	54 
4420	17 
4421	51 
4422	55 
4423	76 
4424	35 
4425	17 
4426	14 
4427	11 
4428	82 
4429	14 
4430	25 
4431	93 
4432	73 
4433	63 
4434	73 
4435	74 
4436	45 
4437	11 
4438	40 
4439	72 
4440	16 
4441	89 
4442	49 
4443	16 
4444	75 
4445	91 
4446	67 
4447	57 
4448	37 
4449	30 
4450	23 
4451	4 
4452	4 
4453	62 
4454	35 
4455	71 
4456	14 
4457	23 
4458	57 
4459	81 
4460	93 
4461	72 
4462	79 
4463	48 
4464	57 
4465	54 
4466	51 
4467	26 
4468	48 
4469	19 
4470	18 
4471	9 
4472	24 
4473	62 
4474	28 
4475	79 
4476	54 
4477	25 
4478	53 
4479	95 
4480	31 
4481	25 
4482	31 
4483	70 
4484	50 
4485	25 
4486	77 
4487	89 
4488	35 
4489	74 
4490	68 
4491	34 
4492	93 
4493	20 
4494	25 
4495	51 
4496	43 
4497	51 
4498	24 
4499	70 
4500	18 
4501	30 
4502	53 
4503	92 
4504	95 
4505	11 
4506	52 
4507	22 
4508	16 
4509	66 
4510	39 
4511	9 
4512	84 
4513	52 
4514	39 
4515	89 
4516	97 
4517	96 
4518	77 
4519	51 
4520	76 
4521	38 
4522	44 
4523	19 
4524	4 
4525	16 
4526	14 
4527	72 
4528	95 
4529	74 
4530	25 
4531	82 
4532	14 
4533	10 
4534	9 
4535	51 
4536	52 
4537	17 
4538	38 
4539	92 
4540	70 
4541	83 
4542	80 
4543	47 
4544	43 
4545	4 
4546	34 
4547	69 
4548	4 
4549	28 
4550	57 
4551	6 
4552	89 
4553	84 
4554	46 
4555	67 
4556	24 
4557	85 
4558	63 
4559	71 
4560	6 
4561	79 
4562	70 
4563	55 
4564	86 
4565	51 
4566	55 
4567	9 
4568	93 
4569	32 
4570	16 
4571	85 
4572	11 
4573	10 
4574	97 
4575	72 
4576	78 
4577	4 
4578	51 
4579	1 
4580	84 
4581	84 
4582	49 
4583	54 
4584	97 
4585	15 
4586	97 
4587	24 
4588	68 
4589	29 
4590	63 
4591	1 
4592	24 
4593	97 
4594	69 
4595	22 
4596	1 
4597	24 
4598	30 
4599	78 
4600	97 
4601	96 
4602	38 
4603	25 
4604	71 
4605	96 
4606	24 
4607	60 
4608	71 
4609	17 
4610	70 
4611	68 
4612	3 
4613	90 
4614	59 
4615	62 
4616	37 
4617	96 
4618	81 
4619	73 
4620	71 
4621	68 
4622	31 
4623	78 
4624	14 
4625	19 
4626	63 
4627	83 
4628	4 
4629	51 
4630	24 
4631	63 
4632	92 
4633	84 
4634	89 
4635	2 
4636	13 
4637	62 
4638	60 
4639	16 
4640	94 
4641	1 
4642	84 
4643	95 
4644	18 
4645	68 
4646	50 
4647	17 
4648	51 
4649	24 
4650	11 
4651	78 
4652	38 
4653	19 
4654	77 
4655	85 
4656	89 
4657	31 
4658	82 
4659	80 
4660	68 
4661	78 
4662	49 
4663	72 
4664	96 
4665	87 
4666	91 
4667	8 
4668	80 
4669	52 
4670	81 
4671	19 
4672	83 
4673	21 
4674	58 
4675	14 
4676	79 
4677	10 
4678	63 
4679	64 
4680	10 
4681	55 
4682	70 
4683	57 
4684	46 
4685	20 
4686	35 
4687	85 
4688	32 
4689	1 
4690	55 
4691	84 
4692	14 
4693	70 
4694	74 
4695	33 
4696	47 
4697	85 
4698	64 
4699	69 
4700	84 
4701	62 
4702	31 
4703	63 
4704	15 
4705	42 
4706	59 
4707	75 
4708	19 
4709	92 
4710	27 
4711	76 
4712	48 
4713	56 
4714	91 
4715	87 
4716	17 
4717	47 
4718	73 
4719	11 
4720	63 
4721	73 
4722	43 
4723	32 
4724	85 
4725	83 
4726	70 
4727	83 
4728	63 
4729	16 
4730	74 
4731	52 
4732	83 
4733	40 
4734	1 
4735	24 
4736	66 
4737	96 
4738	72 
4739	63 
4740	70 
4741	83 
4742	67 
4743	64 
4744	42 
4745	93 
4746	74 
4747	70 
4748	42 
4749	17 
4750	77 
4751	19 
4752	43 
4753	28 
4754	7 
4755	6 
4756	22 
4757	71 
4758	56 
4759	73 
4760	57 
4761	30 
4762	59 
4763	92 
4764	46 
4765	5 
4766	70 
4767	85 
4768	97 
4769	83 
4770	55 
4771	68 
4772	80 
4773	81 
4774	37 
4775	85 
4776	42 
4777	93 
4778	75 
4779	1 
4780	74 
4781	14 
4782	49 
4783	86 
4784	63 
4785	97 
4786	74 
4787	63 
4788	35 
4789	97 
4790	60 
4791	49 
4792	1 
4793	21 
4794	34 
4795	57 
4796	5 
4797	33 
4798	72 
4799	89 
4800	31 
4801	26 
4802	10 
4803	97 
4804	26 
4805	91 
4806	84 
4807	60 
4808	49 
4809	24 
4810	27 
4811	82 
4812	17 
4813	53 
4814	33 
4815	34 
4816	17 
4817	67 
4818	5 
4819	85 
4820	9 
4821	18 
4822	72 
4823	48 
4824	82 
4825	95 
4826	56 
4827	60 
4828	6 
4829	70 
4830	63 
4831	65 
4832	14 
4833	89 
4834	82 
4835	28 
4836	26 
4837	43 
4838	5 
4839	78 
4840	93 
4841	6 
4842	8 
4843	14 
4844	25 
4845	21 
4846	34 
4847	33 
4848	81 
4849	87 
4850	29 
4851	80 
4852	84 
4853	11 
4854	75 
4855	19 
4856	12 
4857	92 
4858	83 
4859	30 
4860	84 
4861	35 
4862	47 
4863	71 
4864	37 
4865	6 
4866	67 
4867	60 
4868	63 
4869	18 
4870	31 
4871	19 
4872	92 
4873	65 
4874	24 
4875	61 
4876	79 
4877	70 
4878	72 
4879	39 
4880	24 
4881	45 
4882	53 
4883	27 
4884	62 
4885	82 
4886	7 
4887	18 
4888	19 
4889	82 
4890	96 
4891	67 
4892	48 
4893	57 
4894	97 
4895	51 
4896	14 
4897	27 
4898	72 
4899	49 
4900	78 
4901	96 
4902	87 
4903	54 
4904	85 
4905	35 
4906	68 
4907	56 
4908	60 
4909	24 
4910	19 
4911	70 
4912	4 
4913	65 
4914	79 
4915	82 
4916	3 
4917	93 
4918	82 
4919	24 
4920	71 
4921	35 
4922	60 
4923	87 
4924	58 
4925	31 
4926	60 
4927	83 
4928	83 
4929	56 
4930	91 
4931	66 
4932	78 
4933	30 
4934	20 
4935	83 
4936	67 
4937	33 
4938	18 
4939	14 
4940	34 
4941	17 
4942	41 
4943	97 
4944	21 
4945	82 
4946	21 
4947	56 
4948	46 
4949	68 
4950	53 
4951	91 
4952	97 
4953	31 
4954	57 
4955	73 
4956	29 
4957	96 
4958	16 
4959	55 
4960	83 
4961	49 
4962	64 
4963	34 
4964	37 
4965	43 
4966	59 
4967	24 
4968	93 
4969	72 
4970	83 
4971	96 
4972	82 
4973	97 
4974	34 
4975	65 
4976	65 
4977	22 
4978	34 
4979	89 
4980	89 
4981	93 
4982	73 
4983	55 
4984	90 
4985	29 
4986	45 
4987	80 
4988	50 
4989	60 
4990	38 
4991	29 
4992	1 
4993	16 
4994	10 
4995	59 
4996	65 
4997	65 
4998	6 
4999	69 
5000	26 
