1	35 
2	15 
3	33 
4	47 
5	34 
6	10 
7	70 
8	42 
9	64 
10	2 
11	17 
12	45 
13	37 
14	78 
15	11 
16	84 
17	3 
18	44 
19	18 
20	15 
21	23 
22	82 
23	34 
24	76 
25	1 
26	74 
27	44 
28	92 
29	41 
30	36 
31	32 
32	82 
33	39 
34	40 
35	6 
36	27 
37	19 
38	79 
39	88 
40	37 
41	8 
42	32 
43	66 
44	40 
45	59 
46	75 
47	4 
48	82 
49	37 
50	9 
51	56 
52	45 
53	70 
54	5 
55	70 
56	45 
57	52 
58	61 
59	50 
60	7 
61	25 
62	41 
63	43 
64	53 
65	28 
66	18 
67	62 
68	10 
69	75 
70	14 
71	31 
72	16 
73	27 
74	64 
75	68 
76	19 
77	17 
78	5 
79	39 
80	16 
81	91 
82	5 
83	10 
84	10 
85	91 
86	51 
87	25 
88	58 
89	55 
90	50 
91	32 
92	92 
93	82 
94	3 
95	4 
96	94 
97	81 
98	74 
99	86 
100	84 
101	81 
102	29 
103	43 
104	52 
105	65 
106	94 
107	7 
108	94 
109	66 
110	63 
111	10 
112	25 
113	40 
114	12 
115	41 
116	82 
117	60 
118	24 
119	48 
120	13 
121	17 
122	86 
123	93 
124	20 
125	18 
126	81 
127	78 
128	71 
129	40 
130	74 
131	46 
132	55 
133	66 
134	89 
135	59 
136	23 
137	19 
138	63 
139	70 
140	91 
141	4 
142	64 
143	8 
144	2 
145	84 
146	84 
147	93 
148	19 
149	11 
150	73 
151	63 
152	67 
153	82 
154	9 
155	33 
156	45 
157	64 
158	52 
159	7 
160	73 
161	29 
162	39 
163	3 
164	9 
165	3 
166	41 
167	6 
168	48 
169	69 
170	15 
171	36 
172	17 
173	43 
174	90 
175	52 
176	56 
177	64 
178	9 
179	44 
180	55 
181	52 
182	92 
183	63 
184	18 
185	52 
186	70 
187	31 
188	31 
189	68 
190	87 
191	64 
192	66 
193	82 
194	77 
195	72 
196	20 
197	11 
198	65 
199	80 
200	74 
201	88 
202	23 
203	94 
204	47 
205	73 
206	82 
207	58 
208	80 
209	36 
210	4 
211	17 
212	5 
213	6 
214	17 
215	67 
216	19 
217	91 
218	8 
219	86 
220	31 
221	83 
222	79 
223	42 
224	34 
225	6 
226	51 
227	19 
228	4 
229	76 
230	24 
231	82 
232	94 
233	82 
234	70 
235	55 
236	16 
237	11 
238	86 
239	41 
240	3 
241	44 
242	19 
243	82 
244	86 
245	41 
246	52 
247	55 
248	66 
249	47 
250	65 
251	52 
252	55 
253	72 
254	35 
255	64 
256	1 
257	61 
258	81 
259	13 
260	58 
261	15 
262	84 
263	55 
264	61 
265	28 
266	20 
267	21 
268	59 
269	94 
270	72 
271	20 
272	38 
273	81 
274	74 
275	9 
276	3 
277	74 
278	53 
279	53 
280	71 
281	53 
282	72 
283	23 
284	18 
285	76 
286	18 
287	49 
288	83 
289	29 
290	23 
291	92 
292	6 
293	23 
294	55 
295	5 
296	29 
297	80 
298	31 
299	18 
300	62 
301	81 
302	87 
303	19 
304	76 
305	85 
306	78 
307	30 
308	21 
309	36 
310	39 
311	77 
312	53 
313	45 
314	39 
315	87 
316	7 
317	69 
318	7 
319	66 
320	44 
321	52 
322	11 
323	31 
324	58 
325	65 
326	17 
327	17 
328	10 
329	94 
330	79 
331	81 
332	42 
333	34 
334	87 
335	85 
336	52 
337	74 
338	37 
339	57 
340	33 
341	5 
342	81 
343	2 
344	54 
345	11 
346	79 
347	46 
348	36 
349	61 
350	44 
351	92 
352	56 
353	82 
354	55 
355	41 
356	75 
357	74 
358	41 
359	79 
360	66 
361	92 
362	85 
363	7 
364	31 
365	41 
366	24 
367	79 
368	18 
369	20 
370	41 
371	53 
372	41 
373	31 
374	6 
375	81 
376	1 
377	79 
378	2 
379	56 
380	70 
381	31 
382	51 
383	66 
384	23 
385	28 
386	44 
387	26 
388	41 
389	76 
390	52 
391	30 
392	15 
393	14 
394	2 
395	66 
396	85 
397	75 
398	3 
399	60 
400	33 
401	49 
402	32 
403	47 
404	41 
405	75 
406	93 
407	61 
408	11 
409	47 
410	70 
411	42 
412	31 
413	33 
414	20 
415	28 
416	55 
417	53 
418	20 
419	6 
420	29 
421	6 
422	81 
423	82 
424	9 
425	28 
426	14 
427	30 
428	37 
429	75 
430	45 
431	85 
432	84 
433	84 
434	33 
435	53 
436	16 
437	40 
438	53 
439	10 
440	9 
441	31 
442	44 
443	23 
444	66 
445	10 
446	31 
447	3 
448	81 
449	81 
450	8 
451	10 
452	56 
453	55 
454	53 
455	74 
456	18 
457	39 
458	71 
459	42 
460	2 
461	56 
462	93 
463	91 
464	20 
465	81 
466	3 
467	2 
468	38 
469	31 
470	17 
471	2 
472	63 
473	55 
474	26 
475	14 
476	72 
477	3 
478	72 
479	33 
480	92 
481	87 
482	58 
483	70 
484	79 
485	73 
486	65 
487	86 
488	65 
489	75 
490	81 
491	84 
492	46 
493	9 
494	8 
495	63 
496	44 
497	66 
498	57 
499	7 
500	73 
501	36 
502	53 
503	22 
504	40 
505	87 
506	55 
507	89 
508	42 
509	39 
510	14 
511	90 
512	56 
513	49 
514	10 
515	33 
516	91 
517	63 
518	10 
519	15 
520	71 
521	26 
522	7 
523	49 
524	20 
525	53 
526	74 
527	91 
528	39 
529	9 
530	15 
531	3 
532	45 
533	8 
534	83 
535	19 
536	26 
537	71 
538	66 
539	46 
540	79 
541	6 
542	52 
543	79 
544	6 
545	18 
546	64 
547	75 
548	78 
549	63 
550	27 
551	32 
552	77 
553	83 
554	48 
555	34 
556	13 
557	75 
558	94 
559	31 
560	87 
561	1 
562	86 
563	88 
564	19 
565	52 
566	37 
567	43 
568	53 
569	6 
570	59 
571	81 
572	40 
573	62 
574	53 
575	71 
576	38 
577	33 
578	19 
579	54 
580	5 
581	2 
582	17 
583	62 
584	13 
585	69 
586	38 
587	41 
588	90 
589	45 
590	17 
591	4 
592	24 
593	37 
594	1 
595	18 
596	10 
597	64 
598	61 
599	94 
600	46 
601	87 
602	29 
603	61 
604	10 
605	92 
606	39 
607	42 
608	85 
609	74 
610	34 
611	19 
612	23 
613	75 
614	70 
615	9 
616	8 
617	83 
618	91 
619	17 
620	66 
621	5 
622	25 
623	44 
624	72 
625	79 
626	52 
627	3 
628	92 
629	11 
630	79 
631	81 
632	63 
633	82 
634	34 
635	20 
636	15 
637	1 
638	39 
639	44 
640	33 
641	2 
642	44 
643	37 
644	42 
645	24 
646	31 
647	46 
648	66 
649	24 
650	39 
651	9 
652	36 
653	87 
654	41 
655	22 
656	79 
657	42 
658	87 
659	31 
660	10 
661	53 
662	86 
663	54 
664	78 
665	4 
666	15 
667	55 
668	83 
669	10 
670	87 
671	35 
672	16 
673	36 
674	64 
675	22 
676	73 
677	11 
678	29 
679	19 
680	10 
681	83 
682	49 
683	7 
684	82 
685	23 
686	88 
687	81 
688	51 
689	33 
690	29 
691	22 
692	74 
693	65 
694	7 
695	93 
696	34 
697	79 
698	83 
699	18 
700	46 
701	73 
702	43 
703	52 
704	17 
705	66 
706	41 
707	52 
708	46 
709	33 
710	49 
711	19 
712	77 
713	64 
714	63 
715	85 
716	88 
717	47 
718	82 
719	53 
720	44 
721	39 
722	41 
723	43 
724	86 
725	70 
726	33 
727	79 
728	76 
729	25 
730	41 
731	1 
732	52 
733	43 
734	58 
735	66 
736	32 
737	11 
738	47 
739	66 
740	31 
741	67 
742	18 
743	85 
744	18 
745	39 
746	19 
747	83 
748	47 
749	33 
750	52 
751	31 
752	2 
753	1 
754	9 
755	82 
756	74 
757	33 
758	23 
759	64 
760	83 
761	22 
762	31 
763	55 
764	15 
765	39 
766	3 
767	75 
768	40 
769	91 
770	37 
771	44 
772	69 
773	87 
774	85 
775	66 
776	88 
777	24 
778	64 
779	74 
780	46 
781	31 
782	91 
783	80 
784	53 
785	23 
786	67 
787	87 
788	86 
789	23 
790	63 
791	10 
792	40 
793	50 
794	20 
795	82 
796	9 
797	34 
798	74 
799	3 
800	39 
801	52 
802	43 
803	70 
804	94 
805	21 
806	41 
807	44 
808	81 
809	20 
810	46 
811	93 
812	21 
813	68 
814	76 
815	93 
816	23 
817	11 
818	84 
819	34 
820	90 
821	58 
822	75 
823	57 
824	31 
825	91 
826	7 
827	93 
828	7 
829	43 
830	10 
831	66 
832	29 
833	34 
834	90 
835	31 
836	71 
837	74 
838	92 
839	48 
840	15 
841	70 
842	72 
843	52 
844	79 
845	1 
846	42 
847	20 
848	82 
849	14 
850	78 
851	16 
852	52 
853	29 
854	25 
855	26 
856	34 
857	3 
858	55 
859	64 
860	87 
861	17 
862	90 
863	15 
864	2 
865	36 
866	64 
867	10 
868	2 
869	81 
870	1 
871	74 
872	7 
873	87 
874	44 
875	66 
876	31 
877	91 
878	60 
879	89 
880	55 
881	10 
882	39 
883	86 
884	65 
885	82 
886	84 
887	32 
888	39 
889	37 
890	50 
891	61 
892	6 
893	84 
894	46 
895	86 
896	60 
897	7 
898	17 
899	63 
900	87 
901	69 
902	90 
903	81 
904	18 
905	33 
906	63 
907	3 
908	58 
909	18 
910	53 
911	8 
912	78 
913	75 
914	16 
915	12 
916	31 
917	39 
918	23 
919	11 
920	52 
921	85 
922	70 
923	81 
924	82 
925	42 
926	7 
927	80 
928	50 
929	43 
930	55 
931	60 
932	78 
933	55 
934	60 
935	22 
936	39 
937	75 
938	35 
939	70 
940	16 
941	86 
942	52 
943	1 
944	67 
945	27 
946	28 
947	87 
948	56 
949	15 
950	6 
951	47 
952	87 
953	39 
954	78 
955	83 
956	16 
957	34 
958	38 
959	24 
960	5 
961	45 
962	66 
963	15 
964	82 
965	21 
966	16 
967	81 
968	71 
969	39 
970	26 
971	21 
972	11 
973	31 
974	31 
975	48 
976	75 
977	8 
978	14 
979	39 
980	39 
981	11 
982	58 
983	39 
984	68 
985	75 
986	47 
987	55 
988	83 
989	88 
990	91 
991	1 
992	20 
993	94 
994	64 
995	82 
996	79 
997	74 
998	64 
999	70 
1000	4 
1001	89 
1002	18 
1003	88 
1004	79 
1005	21 
1006	14 
1007	91 
1008	46 
1009	81 
1010	68 
1011	73 
1012	6 
1013	52 
1014	38 
1015	28 
1016	4 
1017	49 
1018	84 
1019	9 
1020	23 
1021	24 
1022	2 
1023	79 
1024	66 
1025	11 
1026	22 
1027	47 
1028	52 
1029	18 
1030	72 
1031	78 
1032	54 
1033	1 
1034	66 
1035	19 
1036	58 
1037	46 
1038	44 
1039	33 
1040	8 
1041	74 
1042	9 
1043	78 
1044	32 
1045	7 
1046	42 
1047	66 
1048	55 
1049	34 
1050	41 
1051	8 
1052	84 
1053	20 
1054	70 
1055	80 
1056	41 
1057	36 
1058	71 
1059	15 
1060	9 
1061	84 
1062	65 
1063	82 
1064	23 
1065	29 
1066	64 
1067	48 
1068	81 
1069	82 
1070	73 
1071	68 
1072	23 
1073	64 
1074	70 
1075	4 
1076	94 
1077	33 
1078	36 
1079	46 
1080	51 
1081	92 
1082	2 
1083	44 
1084	74 
1085	44 
1086	94 
1087	13 
1088	34 
1089	55 
1090	66 
1091	73 
1092	10 
1093	60 
1094	92 
1095	1 
1096	39 
1097	35 
1098	25 
1099	42 
1100	79 
1101	1 
1102	53 
1103	85 
1104	83 
1105	55 
1106	38 
1107	75 
1108	66 
1109	5 
1110	34 
1111	77 
1112	82 
1113	56 
1114	20 
1115	38 
1116	24 
1117	79 
1118	17 
1119	36 
1120	2 
1121	4 
1122	47 
1123	66 
1124	83 
1125	94 
1126	65 
1127	80 
1128	2 
1129	36 
1130	83 
1131	39 
1132	70 
1133	53 
1134	80 
1135	46 
1136	90 
1137	80 
1138	79 
1139	19 
1140	55 
1141	40 
1142	87 
1143	28 
1144	1 
1145	92 
1146	20 
1147	31 
1148	70 
1149	14 
1150	43 
1151	29 
1152	30 
1153	67 
1154	87 
1155	18 
1156	43 
1157	91 
1158	93 
1159	16 
1160	45 
1161	67 
1162	44 
1163	22 
1164	76 
1165	93 
1166	51 
1167	94 
1168	1 
1169	29 
1170	75 
1171	72 
1172	28 
1173	82 
1174	14 
1175	6 
1176	2 
1177	10 
1178	57 
1179	9 
1180	37 
1181	6 
1182	79 
1183	8 
1184	43 
1185	80 
1186	24 
1187	38 
1188	90 
1189	18 
1190	38 
1191	54 
1192	13 
1193	23 
1194	92 
1195	33 
1196	74 
1197	46 
1198	50 
1199	55 
1200	4 
1201	94 
1202	80 
1203	89 
1204	47 
1205	64 
1206	51 
1207	73 
1208	3 
1209	63 
1210	70 
1211	71 
1212	55 
1213	55 
1214	58 
1215	6 
1216	10 
1217	39 
1218	85 
1219	14 
1220	83 
1221	23 
1222	66 
1223	81 
1224	49 
1225	46 
1226	1 
1227	66 
1228	64 
1229	83 
1230	31 
1231	29 
1232	2 
1233	52 
1234	4 
1235	78 
1236	75 
1237	68 
1238	81 
1239	35 
1240	66 
1241	48 
1242	65 
1243	34 
1244	2 
1245	51 
1246	65 
1247	55 
1248	74 
1249	8 
1250	18 
1251	66 
1252	58 
1253	16 
1254	2 
1255	15 
1256	2 
1257	89 
1258	3 
1259	90 
1260	33 
1261	20 
1262	86 
1263	59 
1264	86 
1265	74 
1266	84 
1267	47 
1268	77 
1269	78 
1270	84 
1271	54 
1272	25 
1273	94 
1274	66 
1275	17 
1276	25 
1277	56 
1278	3 
1279	60 
1280	86 
1281	31 
1282	75 
1283	37 
1284	24 
1285	70 
1286	70 
1287	79 
1288	9 
1289	19 
1290	8 
1291	75 
1292	20 
1293	87 
1294	6 
1295	9 
1296	43 
1297	33 
1298	27 
1299	14 
1300	31 
1301	52 
1302	49 
1303	23 
1304	14 
1305	76 
1306	48 
1307	10 
1308	36 
1309	59 
1310	53 
1311	42 
1312	74 
1313	46 
1314	65 
1315	41 
1316	92 
1317	74 
1318	65 
1319	89 
1320	15 
1321	65 
1322	83 
1323	10 
1324	15 
1325	86 
1326	60 
1327	9 
1328	22 
1329	76 
1330	24 
1331	86 
1332	29 
1333	79 
1334	83 
1335	63 
1336	58 
1337	55 
1338	55 
1339	51 
1340	39 
1341	63 
1342	42 
1343	18 
1344	47 
1345	79 
1346	78 
1347	92 
1348	76 
1349	11 
1350	64 
1351	23 
1352	65 
1353	71 
1354	70 
1355	7 
1356	1 
1357	88 
1358	42 
1359	19 
1360	75 
1361	33 
1362	35 
1363	90 
1364	38 
1365	70 
1366	90 
1367	3 
1368	33 
1369	40 
1370	64 
1371	86 
1372	16 
1373	14 
1374	82 
1375	50 
1376	8 
1377	39 
1378	20 
1379	17 
1380	39 
1381	9 
1382	86 
1383	15 
1384	12 
1385	28 
1386	63 
1387	15 
1388	71 
1389	56 
1390	26 
1391	42 
1392	85 
1393	92 
1394	90 
1395	91 
1396	24 
1397	26 
1398	2 
1399	65 
1400	63 
1401	67 
1402	8 
1403	18 
1404	2 
1405	63 
1406	35 
1407	1 
1408	35 
1409	68 
1410	14 
1411	84 
1412	82 
1413	39 
1414	49 
1415	75 
1416	43 
1417	31 
1418	15 
1419	17 
1420	3 
1421	56 
1422	39 
1423	66 
1424	91 
1425	9 
1426	3 
1427	15 
1428	15 
1429	81 
1430	15 
1431	66 
1432	81 
1433	56 
1434	15 
1435	89 
1436	58 
1437	28 
1438	50 
1439	33 
1440	85 
1441	18 
1442	17 
1443	40 
1444	12 
1445	67 
1446	80 
1447	89 
1448	84 
1449	88 
1450	23 
1451	71 
1452	9 
1453	18 
1454	15 
1455	23 
1456	29 
1457	89 
1458	42 
1459	87 
1460	52 
1461	62 
1462	41 
1463	7 
1464	41 
1465	12 
1466	47 
1467	46 
1468	61 
1469	94 
1470	83 
1471	53 
1472	44 
1473	1 
1474	65 
1475	58 
1476	27 
1477	67 
1478	72 
1479	74 
1480	9 
1481	53 
1482	14 
1483	35 
1484	46 
1485	75 
1486	82 
1487	25 
1488	23 
1489	65 
1490	5 
1491	78 
1492	25 
1493	31 
1494	5 
1495	33 
1496	49 
1497	31 
1498	23 
1499	15 
1500	2 
1501	64 
1502	41 
1503	42 
1504	9 
1505	58 
1506	2 
1507	71 
1508	71 
1509	42 
1510	86 
1511	42 
1512	76 
1513	20 
1514	1 
1515	55 
1516	3 
1517	23 
1518	52 
1519	82 
1520	11 
1521	56 
1522	10 
1523	31 
1524	43 
1525	33 
1526	18 
1527	8 
1528	70 
1529	31 
1530	19 
1531	63 
1532	50 
1533	80 
1534	74 
1535	58 
1536	2 
1537	10 
1538	60 
1539	91 
1540	86 
1541	42 
1542	51 
1543	48 
1544	91 
1545	81 
1546	87 
1547	89 
1548	65 
1549	66 
1550	1 
1551	41 
1552	75 
1553	72 
1554	39 
1555	11 
1556	14 
1557	19 
1558	41 
1559	7 
1560	92 
1561	42 
1562	32 
1563	59 
1564	80 
1565	39 
1566	41 
1567	18 
1568	83 
1569	70 
1570	19 
1571	14 
1572	45 
1573	37 
1574	80 
1575	79 
1576	64 
1577	67 
1578	72 
1579	52 
1580	47 
1581	82 
1582	77 
1583	47 
1584	2 
1585	45 
1586	7 
1587	66 
1588	1 
1589	55 
1590	32 
1591	41 
1592	91 
1593	15 
1594	70 
1595	18 
1596	39 
1597	70 
1598	59 
1599	32 
1600	20 
1601	62 
1602	33 
1603	8 
1604	94 
1605	42 
1606	13 
1607	43 
1608	73 
1609	16 
1610	91 
1611	19 
1612	52 
1613	35 
1614	44 
1615	48 
1616	15 
1617	24 
1618	44 
1619	31 
1620	79 
1621	30 
1622	17 
1623	79 
1624	65 
1625	45 
1626	41 
1627	55 
1628	44 
1629	2 
1630	78 
1631	33 
1632	13 
1633	67 
1634	66 
1635	18 
1636	34 
1637	65 
1638	94 
1639	73 
1640	55 
1641	44 
1642	6 
1643	73 
1644	90 
1645	34 
1646	81 
1647	73 
1648	12 
1649	47 
1650	45 
1651	55 
1652	2 
1653	81 
1654	76 
1655	31 
1656	91 
1657	78 
1658	24 
1659	29 
1660	36 
1661	11 
1662	18 
1663	32 
1664	93 
1665	19 
1666	2 
1667	91 
1668	23 
1669	17 
1670	83 
1671	37 
1672	74 
1673	27 
1674	88 
1675	84 
1676	34 
1677	18 
1678	4 
1679	19 
1680	39 
1681	87 
1682	78 
1683	7 
1684	33 
1685	75 
1686	5 
1687	52 
1688	74 
1689	64 
1690	56 
1691	71 
1692	89 
1693	15 
1694	18 
1695	87 
1696	6 
1697	58 
1698	34 
1699	36 
1700	81 
1701	79 
1702	29 
1703	41 
1704	12 
1705	87 
1706	34 
1707	14 
1708	24 
1709	7 
1710	70 
1711	78 
1712	81 
1713	66 
1714	10 
1715	76 
1716	39 
1717	63 
1718	83 
1719	31 
1720	78 
1721	56 
1722	18 
1723	22 
1724	10 
1725	3 
1726	19 
1727	36 
1728	52 
1729	25 
1730	83 
1731	43 
1732	79 
1733	18 
1734	42 
1735	72 
1736	72 
1737	33 
1738	66 
1739	83 
1740	39 
1741	41 
1742	2 
1743	41 
1744	85 
1745	19 
1746	65 
1747	74 
1748	84 
1749	6 
1750	9 
1751	72 
1752	66 
1753	2 
1754	31 
1755	17 
1756	79 
1757	19 
1758	17 
1759	59 
1760	91 
1761	39 
1762	65 
1763	19 
1764	75 
1765	32 
1766	54 
1767	56 
1768	75 
1769	64 
1770	84 
1771	85 
1772	17 
1773	21 
1774	81 
1775	19 
1776	52 
1777	28 
1778	91 
1779	48 
1780	6 
1781	94 
1782	53 
1783	76 
1784	69 
1785	4 
1786	89 
1787	12 
1788	92 
1789	65 
1790	19 
1791	1 
1792	1 
1793	52 
1794	83 
1795	62 
1796	9 
1797	23 
1798	87 
1799	71 
1800	80 
1801	79 
1802	31 
1803	43 
1804	25 
1805	55 
1806	87 
1807	36 
1808	1 
1809	74 
1810	46 
1811	30 
1812	84 
1813	28 
1814	86 
1815	82 
1816	33 
1817	79 
1818	47 
1819	94 
1820	93 
1821	14 
1822	10 
1823	18 
1824	73 
1825	70 
1826	75 
1827	71 
1828	23 
1829	67 
1830	31 
1831	31 
1832	24 
1833	52 
1834	70 
1835	82 
1836	9 
1837	19 
1838	66 
1839	64 
1840	36 
1841	15 
1842	79 
1843	87 
1844	51 
1845	33 
1846	83 
1847	14 
1848	82 
1849	48 
1850	3 
1851	25 
1852	4 
1853	86 
1854	39 
1855	66 
1856	76 
1857	23 
1858	89 
1859	55 
1860	18 
1861	56 
1862	11 
1863	32 
1864	81 
1865	61 
1866	49 
1867	84 
1868	52 
1869	63 
1870	9 
1871	24 
1872	11 
1873	42 
1874	92 
1875	42 
1876	42 
1877	93 
1878	94 
1879	18 
1880	7 
1881	39 
1882	74 
1883	71 
1884	10 
1885	18 
1886	34 
1887	60 
1888	1 
1889	47 
1890	93 
1891	47 
1892	18 
1893	15 
1894	5 
1895	44 
1896	56 
1897	88 
1898	52 
1899	15 
1900	46 
1901	30 
1902	8 
1903	16 
1904	39 
1905	80 
1906	39 
1907	59 
1908	2 
1909	74 
1910	74 
1911	36 
1912	17 
1913	19 
1914	52 
1915	49 
1916	86 
1917	52 
1918	3 
1919	36 
1920	59 
1921	45 
1922	48 
1923	39 
1924	37 
1925	33 
1926	15 
1927	2 
1928	43 
1929	16 
1930	22 
1931	43 
1932	5 
1933	50 
1934	68 
1935	18 
1936	39 
1937	35 
1938	86 
1939	94 
1940	68 
1941	65 
1942	3 
1943	2 
1944	31 
1945	9 
1946	18 
1947	69 
1948	13 
1949	1 
1950	27 
1951	71 
1952	7 
1953	86 
1954	87 
1955	90 
1956	71 
1957	83 
1958	89 
1959	79 
1960	78 
1961	62 
1962	17 
1963	21 
1964	74 
1965	9 
1966	1 
1967	41 
1968	56 
1969	35 
1970	42 
1971	46 
1972	83 
1973	39 
1974	24 
1975	55 
1976	78 
1977	71 
1978	81 
1979	33 
1980	81 
1981	28 
1982	29 
1983	27 
1984	9 
1985	60 
1986	48 
1987	35 
1988	81 
1989	52 
1990	90 
1991	79 
1992	5 
1993	42 
1994	84 
1995	1 
1996	82 
1997	10 
1998	31 
1999	9 
2000	19 
2001	78 
2002	87 
2003	1 
2004	58 
2005	31 
2006	36 
2007	52 
2008	42 
2009	16 
2010	41 
2011	40 
2012	49 
2013	22 
2014	84 
2015	15 
2016	86 
2017	71 
2018	76 
2019	36 
2020	3 
2021	61 
2022	58 
2023	59 
2024	1 
2025	84 
2026	61 
2027	23 
2028	1 
2029	83 
2030	88 
2031	70 
2032	57 
2033	48 
2034	29 
2035	18 
2036	15 
2037	23 
2038	12 
2039	39 
2040	23 
2041	28 
2042	42 
2043	83 
2044	39 
2045	9 
2046	78 
2047	24 
2048	37 
2049	9 
2050	93 
2051	35 
2052	17 
2053	9 
2054	75 
2055	2 
2056	40 
2057	23 
2058	5 
2059	85 
2060	62 
2061	57 
2062	42 
2063	65 
2064	75 
2065	76 
2066	76 
2067	10 
2068	81 
2069	90 
2070	73 
2071	70 
2072	65 
2073	60 
2074	31 
2075	91 
2076	8 
2077	16 
2078	82 
2079	44 
2080	75 
2081	27 
2082	56 
2083	79 
2084	79 
2085	8 
2086	19 
2087	3 
2088	78 
2089	43 
2090	41 
2091	33 
2092	18 
2093	45 
2094	49 
2095	88 
2096	41 
2097	4 
2098	47 
2099	48 
2100	9 
2101	6 
2102	57 
2103	8 
2104	52 
2105	93 
2106	70 
2107	83 
2108	39 
2109	78 
2110	1 
2111	15 
2112	87 
2113	78 
2114	82 
2115	22 
2116	7 
2117	19 
2118	22 
2119	18 
2120	53 
2121	57 
2122	70 
2123	2 
2124	74 
2125	56 
2126	74 
2127	90 
2128	16 
2129	74 
2130	56 
2131	5 
2132	12 
2133	39 
2134	9 
2135	55 
2136	91 
2137	89 
2138	18 
2139	48 
2140	33 
2141	3 
2142	81 
2143	65 
2144	44 
2145	34 
2146	19 
2147	12 
2148	5 
2149	65 
2150	2 
2151	60 
2152	63 
2153	92 
2154	1 
2155	45 
2156	34 
2157	55 
2158	24 
2159	84 
2160	40 
2161	27 
2162	30 
2163	35 
2164	65 
2165	47 
2166	62 
2167	23 
2168	82 
2169	46 
2170	40 
2171	36 
2172	45 
2173	44 
2174	82 
2175	53 
2176	6 
2177	23 
2178	55 
2179	91 
2180	19 
2181	19 
2182	81 
2183	64 
2184	68 
2185	84 
2186	70 
2187	94 
2188	55 
2189	70 
2190	34 
2191	25 
2192	71 
2193	2 
2194	24 
2195	46 
2196	64 
2197	69 
2198	73 
2199	71 
2200	23 
2201	35 
2202	46 
2203	76 
2204	10 
2205	53 
2206	14 
2207	68 
2208	44 
2209	2 
2210	1 
2211	92 
2212	44 
2213	14 
2214	89 
2215	47 
2216	41 
2217	75 
2218	18 
2219	74 
2220	42 
2221	74 
2222	71 
2223	71 
2224	18 
2225	41 
2226	80 
2227	92 
2228	15 
2229	47 
2230	12 
2231	74 
2232	82 
2233	1 
2234	26 
2235	39 
2236	14 
2237	1 
2238	66 
2239	36 
2240	6 
2241	43 
2242	51 
2243	10 
2244	52 
2245	2 
2246	36 
2247	43 
2248	75 
2249	87 
2250	75 
2251	10 
2252	25 
2253	64 
2254	53 
2255	72 
2256	2 
2257	32 
2258	13 
2259	67 
2260	55 
2261	74 
2262	8 
2263	6 
2264	72 
2265	18 
2266	48 
2267	26 
2268	69 
2269	19 
2270	59 
2271	19 
2272	70 
2273	54 
2274	30 
2275	4 
2276	87 
2277	64 
2278	86 
2279	7 
2280	33 
2281	31 
2282	46 
2283	31 
2284	9 
2285	29 
2286	19 
2287	65 
2288	1 
2289	66 
2290	39 
2291	82 
2292	2 
2293	18 
2294	64 
2295	86 
2296	58 
2297	18 
2298	36 
2299	42 
2300	12 
2301	19 
2302	60 
2303	85 
2304	63 
2305	4 
2306	93 
2307	50 
2308	56 
2309	36 
2310	81 
2311	13 
2312	18 
2313	93 
2314	66 
2315	15 
2316	65 
2317	86 
2318	64 
2319	17 
2320	3 
2321	79 
2322	2 
2323	34 
2324	41 
2325	47 
2326	39 
2327	2 
2328	5 
2329	14 
2330	68 
2331	30 
2332	47 
2333	37 
2334	32 
2335	11 
2336	79 
2337	91 
2338	83 
2339	60 
2340	42 
2341	44 
2342	74 
2343	44 
2344	23 
2345	72 
2346	73 
2347	18 
2348	3 
2349	55 
2350	76 
2351	87 
2352	75 
2353	79 
2354	33 
2355	44 
2356	2 
2357	73 
2358	86 
2359	46 
2360	17 
2361	52 
2362	31 
2363	22 
2364	44 
2365	86 
2366	75 
2367	56 
2368	71 
2369	14 
2370	15 
2371	12 
2372	76 
2373	42 
2374	76 
2375	91 
2376	63 
2377	57 
2378	76 
2379	68 
2380	53 
2381	30 
2382	23 
2383	55 
2384	33 
2385	58 
2386	74 
2387	75 
2388	14 
2389	81 
2390	59 
2391	63 
2392	74 
2393	70 
2394	33 
2395	44 
2396	43 
2397	23 
2398	27 
2399	29 
2400	41 
2401	52 
2402	1 
2403	71 
2404	15 
2405	44 
2406	73 
2407	52 
2408	66 
2409	7 
2410	87 
2411	65 
2412	91 
2413	27 
2414	8 
2415	14 
2416	9 
2417	29 
2418	79 
2419	78 
2420	85 
2421	15 
2422	86 
2423	71 
2424	15 
2425	47 
2426	11 
2427	15 
2428	69 
2429	52 
2430	36 
2431	9 
2432	14 
2433	20 
2434	37 
2435	70 
2436	91 
2437	70 
2438	54 
2439	47 
2440	5 
2441	30 
2442	75 
2443	46 
2444	41 
2445	77 
2446	20 
2447	24 
2448	22 
2449	47 
2450	78 
2451	61 
2452	15 
2453	12 
2454	84 
2455	67 
2456	91 
2457	43 
2458	91 
2459	42 
2460	27 
2461	70 
2462	28 
2463	64 
2464	83 
2465	10 
2466	51 
2467	75 
2468	79 
2469	8 
2470	76 
2471	40 
2472	85 
2473	92 
2474	27 
2475	5 
2476	66 
2477	3 
2478	31 
2479	71 
2480	63 
2481	56 
2482	25 
2483	3 
2484	52 
2485	81 
2486	81 
2487	4 
2488	41 
2489	65 
2490	45 
2491	15 
2492	9 
2493	2 
2494	86 
2495	44 
2496	15 
2497	79 
2498	18 
2499	5 
2500	35 
2501	93 
2502	58 
2503	52 
2504	54 
2505	79 
2506	33 
2507	29 
2508	21 
2509	87 
2510	1 
2511	53 
2512	81 
2513	41 
2514	14 
2515	58 
2516	32 
2517	18 
2518	55 
2519	9 
2520	82 
2521	29 
2522	63 
2523	24 
2524	43 
2525	45 
2526	47 
2527	66 
2528	9 
2529	19 
2530	35 
2531	14 
2532	25 
2533	53 
2534	40 
2535	38 
2536	7 
2537	90 
2538	52 
2539	61 
2540	18 
2541	29 
2542	24 
2543	47 
2544	42 
2545	77 
2546	72 
2547	83 
2548	55 
2549	89 
2550	92 
2551	41 
2552	39 
2553	9 
2554	19 
2555	83 
2556	18 
2557	89 
2558	77 
2559	39 
2560	43 
2561	36 
2562	81 
2563	79 
2564	7 
2565	65 
2566	28 
2567	5 
2568	41 
2569	10 
2570	9 
2571	86 
2572	18 
2573	85 
2574	78 
2575	55 
2576	15 
2577	20 
2578	66 
2579	84 
2580	6 
2581	88 
2582	71 
2583	18 
2584	10 
2585	86 
2586	33 
2587	73 
2588	58 
2589	72 
2590	12 
2591	36 
2592	69 
2593	83 
2594	14 
2595	52 
2596	25 
2597	42 
2598	58 
2599	11 
2600	17 
2601	36 
2602	52 
2603	87 
2604	47 
2605	66 
2606	55 
2607	31 
2608	34 
2609	37 
2610	73 
2611	49 
2612	15 
2613	87 
2614	27 
2615	83 
2616	9 
2617	23 
2618	47 
2619	83 
2620	76 
2621	16 
2622	44 
2623	81 
2624	91 
2625	9 
2626	27 
2627	39 
2628	66 
2629	59 
2630	6 
2631	64 
2632	44 
2633	1 
2634	86 
2635	11 
2636	86 
2637	79 
2638	9 
2639	71 
2640	18 
2641	66 
2642	8 
2643	20 
2644	69 
2645	75 
2646	84 
2647	71 
2648	74 
2649	91 
2650	43 
2651	41 
2652	46 
2653	29 
2654	72 
2655	28 
2656	93 
2657	41 
2658	64 
2659	2 
2660	91 
2661	75 
2662	2 
2663	41 
2664	2 
2665	82 
2666	33 
2667	45 
2668	24 
2669	70 
2670	66 
2671	2 
2672	35 
2673	3 
2674	47 
2675	84 
2676	3 
2677	79 
2678	45 
2679	72 
2680	15 
2681	92 
2682	39 
2683	94 
2684	27 
2685	13 
2686	36 
2687	94 
2688	41 
2689	86 
2690	83 
2691	66 
2692	14 
2693	92 
2694	23 
2695	37 
2696	52 
2697	46 
2698	47 
2699	77 
2700	93 
2701	88 
2702	28 
2703	55 
2704	91 
2705	43 
2706	59 
2707	70 
2708	64 
2709	76 
2710	14 
2711	85 
2712	34 
2713	33 
2714	62 
2715	76 
2716	48 
2717	28 
2718	35 
2719	2 
2720	31 
2721	33 
2722	18 
2723	76 
2724	26 
2725	14 
2726	44 
2727	68 
2728	47 
2729	70 
2730	56 
2731	55 
2732	63 
2733	33 
2734	30 
2735	5 
2736	31 
2737	33 
2738	80 
2739	46 
2740	54 
2741	18 
2742	81 
2743	41 
2744	53 
2745	52 
2746	93 
2747	21 
2748	48 
2749	2 
2750	8 
2751	47 
2752	15 
2753	57 
2754	13 
2755	31 
2756	19 
2757	74 
2758	40 
2759	64 
2760	70 
2761	25 
2762	72 
2763	24 
2764	73 
2765	93 
2766	8 
2767	7 
2768	79 
2769	10 
2770	50 
2771	49 
2772	8 
2773	55 
2774	41 
2775	70 
2776	76 
2777	52 
2778	23 
2779	47 
2780	24 
2781	41 
2782	70 
2783	38 
2784	24 
2785	54 
2786	8 
2787	49 
2788	7 
2789	1 
2790	17 
2791	91 
2792	93 
2793	33 
2794	66 
2795	6 
2796	33 
2797	11 
2798	33 
2799	94 
2800	19 
2801	80 
2802	71 
2803	4 
2804	36 
2805	42 
2806	46 
2807	79 
2808	74 
2809	41 
2810	3 
2811	62 
2812	18 
2813	16 
2814	27 
2815	52 
2816	64 
2817	45 
2818	55 
2819	57 
2820	59 
2821	1 
2822	70 
2823	54 
2824	52 
2825	34 
2826	15 
2827	82 
2828	7 
2829	56 
2830	77 
2831	15 
2832	27 
2833	34 
2834	44 
2835	8 
2836	2 
2837	47 
2838	62 
2839	84 
2840	34 
2841	72 
2842	75 
2843	49 
2844	19 
2845	9 
2846	38 
2847	9 
2848	27 
2849	16 
2850	8 
2851	28 
2852	37 
2853	33 
2854	5 
2855	42 
2856	20 
2857	41 
2858	79 
2859	62 
2860	43 
2861	59 
2862	59 
2863	30 
2864	78 
2865	21 
2866	30 
2867	76 
2868	23 
2869	65 
2870	2 
2871	76 
2872	50 
2873	93 
2874	29 
2875	44 
2876	52 
2877	33 
2878	5 
2879	63 
2880	72 
2881	78 
2882	41 
2883	45 
2884	76 
2885	88 
2886	24 
2887	48 
2888	65 
2889	65 
2890	69 
2891	55 
2892	81 
2893	48 
2894	36 
2895	19 
2896	46 
2897	76 
2898	91 
2899	93 
2900	19 
2901	42 
2902	15 
2903	55 
2904	83 
2905	79 
2906	46 
2907	53 
2908	60 
2909	70 
2910	43 
2911	22 
2912	47 
2913	4 
2914	40 
2915	18 
2916	78 
2917	10 
2918	87 
2919	87 
2920	7 
2921	31 
2922	57 
2923	61 
2924	24 
2925	14 
2926	94 
2927	69 
2928	81 
2929	47 
2930	44 
2931	2 
2932	32 
2933	68 
2934	59 
2935	70 
2936	74 
2937	59 
2938	86 
2939	52 
2940	56 
2941	53 
2942	54 
2943	79 
2944	63 
2945	71 
2946	31 
2947	52 
2948	89 
2949	78 
2950	43 
2951	36 
2952	94 
2953	23 
2954	17 
2955	66 
2956	94 
2957	59 
2958	56 
2959	15 
2960	39 
2961	56 
2962	31 
2963	24 
2964	87 
2965	90 
2966	82 
2967	80 
2968	15 
2969	9 
2970	3 
2971	47 
2972	6 
2973	9 
2974	20 
2975	42 
2976	42 
2977	79 
2978	44 
2979	51 
2980	91 
2981	11 
2982	74 
2983	47 
2984	65 
2985	18 
2986	43 
2987	26 
2988	32 
2989	27 
2990	14 
2991	82 
2992	52 
2993	31 
2994	36 
2995	43 
2996	56 
2997	33 
2998	33 
2999	52 
3000	15 
3001	93 
3002	36 
3003	72 
3004	10 
3005	67 
3006	17 
3007	48 
3008	7 
3009	72 
3010	6 
3011	15 
3012	91 
3013	49 
3014	73 
3015	14 
3016	56 
3017	32 
3018	1 
3019	64 
3020	57 
3021	77 
3022	79 
3023	82 
3024	9 
3025	91 
3026	72 
3027	18 
3028	72 
3029	9 
3030	58 
3031	41 
3032	48 
3033	31 
3034	1 
3035	81 
3036	38 
3037	10 
3038	79 
3039	16 
3040	17 
3041	70 
3042	75 
3043	62 
3044	33 
3045	59 
3046	16 
3047	15 
3048	70 
3049	36 
3050	2 
3051	81 
3052	7 
3053	16 
3054	10 
3055	15 
3056	24 
3057	64 
3058	66 
3059	10 
3060	52 
3061	46 
3062	15 
3063	36 
3064	53 
3065	17 
3066	75 
3067	86 
3068	39 
3069	42 
3070	41 
3071	78 
3072	2 
3073	34 
3074	59 
3075	33 
3076	11 
3077	24 
3078	93 
3079	18 
3080	11 
3081	81 
3082	8 
3083	74 
3084	2 
3085	44 
3086	6 
3087	23 
3088	74 
3089	81 
3090	31 
3091	89 
3092	64 
3093	82 
3094	84 
3095	3 
3096	17 
3097	92 
3098	79 
3099	81 
3100	20 
3101	43 
3102	34 
3103	2 
3104	89 
3105	36 
3106	41 
3107	88 
3108	90 
3109	57 
3110	73 
3111	59 
3112	91 
3113	67 
3114	47 
3115	22 
3116	20 
3117	26 
3118	82 
3119	79 
3120	40 
3121	12 
3122	51 
3123	74 
3124	81 
3125	42 
3126	2 
3127	86 
3128	9 
3129	31 
3130	83 
3131	60 
3132	85 
3133	43 
3134	33 
3135	19 
3136	81 
3137	55 
3138	88 
3139	31 
3140	3 
3141	20 
3142	43 
3143	42 
3144	55 
3145	89 
3146	74 
3147	69 
3148	79 
3149	64 
3150	56 
3151	42 
3152	91 
3153	31 
3154	84 
3155	83 
3156	79 
3157	88 
3158	8 
3159	74 
3160	21 
3161	81 
3162	6 
3163	86 
3164	26 
3165	15 
3166	44 
3167	42 
3168	2 
3169	74 
3170	19 
3171	42 
3172	61 
3173	3 
3174	23 
3175	50 
3176	76 
3177	39 
3178	37 
3179	10 
3180	19 
3181	55 
3182	28 
3183	86 
3184	82 
3185	70 
3186	9 
3187	64 
3188	93 
3189	83 
3190	62 
3191	70 
3192	89 
3193	39 
3194	87 
3195	5 
3196	87 
3197	36 
3198	72 
3199	10 
3200	56 
3201	70 
3202	72 
3203	40 
3204	52 
3205	7 
3206	63 
3207	9 
3208	42 
3209	36 
3210	70 
3211	33 
3212	42 
3213	42 
3214	44 
3215	19 
3216	84 
3217	29 
3218	11 
3219	18 
3220	43 
3221	19 
3222	25 
3223	76 
3224	90 
3225	51 
3226	45 
3227	44 
3228	40 
3229	86 
3230	9 
3231	60 
3232	17 
3233	78 
3234	26 
3235	1 
3236	70 
3237	43 
3238	84 
3239	79 
3240	58 
3241	55 
3242	2 
3243	47 
3244	22 
3245	46 
3246	87 
3247	17 
3248	6 
3249	47 
3250	10 
3251	51 
3252	9 
3253	11 
3254	52 
3255	10 
3256	44 
3257	31 
3258	64 
3259	46 
3260	86 
3261	59 
3262	55 
3263	44 
3264	32 
3265	45 
3266	78 
3267	77 
3268	58 
3269	53 
3270	74 
3271	81 
3272	2 
3273	8 
3274	88 
3275	53 
3276	1 
3277	46 
3278	23 
3279	18 
3280	63 
3281	44 
3282	65 
3283	21 
3284	28 
3285	93 
3286	10 
3287	40 
3288	14 
3289	42 
3290	59 
3291	64 
3292	46 
3293	82 
3294	42 
3295	11 
3296	10 
3297	85 
3298	90 
3299	55 
3300	44 
3301	1 
3302	86 
3303	47 
3304	91 
3305	19 
3306	26 
3307	23 
3308	69 
3309	56 
3310	31 
3311	60 
3312	65 
3313	45 
3314	52 
3315	12 
3316	89 
3317	45 
3318	33 
3319	23 
3320	9 
3321	74 
3322	33 
3323	7 
3324	88 
3325	76 
3326	91 
3327	76 
3328	1 
3329	66 
3330	77 
3331	86 
3332	32 
3333	12 
3334	19 
3335	23 
3336	19 
3337	2 
3338	90 
3339	53 
3340	55 
3341	62 
3342	52 
3343	72 
3344	4 
3345	17 
3346	4 
3347	77 
3348	81 
3349	47 
3350	93 
3351	21 
3352	35 
3353	15 
3354	83 
3355	20 
3356	14 
3357	23 
3358	6 
3359	74 
3360	66 
3361	40 
3362	65 
3363	61 
3364	6 
3365	25 
3366	53 
3367	91 
3368	47 
3369	69 
3370	36 
3371	94 
3372	65 
3373	9 
3374	30 
3375	15 
3376	56 
3377	58 
3378	55 
3379	91 
3380	38 
3381	16 
3382	6 
3383	70 
3384	80 
3385	16 
3386	78 
3387	50 
3388	21 
3389	33 
3390	9 
3391	14 
3392	81 
3393	52 
3394	7 
3395	42 
3396	42 
3397	84 
3398	33 
3399	79 
3400	29 
3401	73 
3402	15 
3403	15 
3404	72 
3405	31 
3406	74 
3407	40 
3408	74 
3409	52 
3410	20 
3411	1 
3412	39 
3413	70 
3414	86 
3415	85 
3416	43 
3417	48 
3418	84 
3419	18 
3420	66 
3421	52 
3422	91 
3423	75 
3424	9 
3425	82 
3426	75 
3427	6 
3428	94 
3429	70 
3430	42 
3431	42 
3432	74 
3433	64 
3434	84 
3435	64 
3436	29 
3437	17 
3438	56 
3439	41 
3440	18 
3441	14 
3442	2 
3443	50 
3444	82 
3445	34 
3446	87 
3447	37 
3448	9 
3449	80 
3450	48 
3451	34 
3452	23 
3453	75 
3454	36 
3455	74 
3456	70 
3457	65 
3458	48 
3459	81 
3460	5 
3461	18 
3462	79 
3463	86 
3464	42 
3465	86 
3466	83 
3467	17 
3468	47 
3469	51 
3470	19 
3471	71 
3472	27 
3473	47 
3474	56 
3475	7 
3476	20 
3477	92 
3478	42 
3479	36 
3480	70 
3481	44 
3482	16 
3483	9 
3484	9 
3485	85 
3486	75 
3487	39 
3488	75 
3489	38 
3490	64 
3491	93 
3492	81 
3493	28 
3494	24 
3495	6 
3496	44 
3497	44 
3498	78 
3499	36 
3500	6 
3501	33 
3502	43 
3503	9 
3504	52 
3505	48 
3506	74 
3507	14 
3508	18 
3509	71 
3510	56 
3511	53 
3512	2 
3513	62 
3514	48 
3515	76 
3516	83 
3517	94 
3518	19 
3519	21 
3520	66 
3521	53 
3522	74 
3523	53 
3524	62 
3525	28 
3526	9 
3527	5 
3528	94 
3529	23 
3530	2 
3531	18 
3532	73 
3533	24 
3534	39 
3535	64 
3536	45 
3537	9 
3538	36 
3539	53 
3540	2 
3541	62 
3542	1 
3543	10 
3544	71 
3545	66 
3546	2 
3547	4 
3548	23 
3549	42 
3550	56 
3551	86 
3552	27 
3553	24 
3554	42 
3555	33 
3556	76 
3557	63 
3558	63 
3559	52 
3560	41 
3561	18 
3562	89 
3563	75 
3564	87 
3565	55 
3566	74 
3567	90 
3568	48 
3569	78 
3570	43 
3571	1 
3572	17 
3573	63 
3574	9 
3575	62 
3576	52 
3577	72 
3578	93 
3579	7 
3580	93 
3581	76 
3582	94 
3583	70 
3584	94 
3585	86 
3586	36 
3587	32 
3588	87 
3589	55 
3590	71 
3591	85 
3592	19 
3593	41 
3594	65 
3595	65 
3596	72 
3597	30 
3598	65 
3599	36 
3600	4 
3601	85 
3602	33 
3603	8 
3604	75 
3605	6 
3606	13 
3607	15 
3608	87 
3609	68 
3610	79 
3611	18 
3612	76 
3613	42 
3614	9 
3615	28 
3616	65 
3617	36 
3618	81 
3619	15 
3620	31 
3621	52 
3622	42 
3623	42 
3624	19 
3625	23 
3626	85 
3627	74 
3628	56 
3629	11 
3630	7 
3631	15 
3632	33 
3633	32 
3634	49 
3635	39 
3636	82 
3637	10 
3638	20 
3639	71 
3640	34 
3641	74 
3642	86 
3643	3 
3644	7 
3645	19 
3646	40 
3647	34 
3648	89 
3649	55 
3650	79 
3651	74 
3652	38 
3653	1 
3654	86 
3655	43 
3656	8 
3657	6 
3658	14 
3659	65 
3660	6 
3661	6 
3662	32 
3663	58 
3664	15 
3665	86 
3666	57 
3667	38 
3668	70 
3669	88 
3670	79 
3671	71 
3672	47 
3673	76 
3674	44 
3675	58 
3676	67 
3677	10 
3678	64 
3679	14 
3680	33 
3681	81 
3682	58 
3683	29 
3684	75 
3685	20 
3686	34 
3687	76 
3688	70 
3689	37 
3690	72 
3691	64 
3692	5 
3693	2 
3694	42 
3695	41 
3696	10 
3697	55 
3698	15 
3699	54 
3700	62 
3701	26 
3702	2 
3703	79 
3704	73 
3705	30 
3706	87 
3707	55 
3708	59 
3709	79 
3710	31 
3711	34 
3712	79 
3713	20 
3714	44 
3715	70 
3716	41 
3717	78 
3718	14 
3719	85 
3720	74 
3721	74 
3722	10 
3723	18 
3724	93 
3725	34 
3726	78 
3727	48 
3728	90 
3729	70 
3730	49 
3731	15 
3732	51 
3733	56 
3734	33 
3735	17 
3736	59 
3737	61 
3738	55 
3739	61 
3740	23 
3741	50 
3742	31 
3743	6 
3744	1 
3745	68 
3746	38 
3747	15 
3748	56 
3749	83 
3750	2 
3751	80 
3752	28 
3753	2 
3754	7 
3755	39 
3756	57 
3757	52 
3758	52 
3759	66 
3760	9 
3761	19 
3762	92 
3763	2 
3764	2 
3765	1 
3766	91 
3767	14 
3768	79 
3769	31 
3770	34 
3771	42 
3772	7 
3773	32 
3774	78 
3775	52 
3776	6 
3777	54 
3778	82 
3779	79 
3780	39 
3781	11 
3782	36 
3783	15 
3784	70 
3785	65 
3786	53 
3787	10 
3788	30 
3789	41 
3790	3 
3791	15 
3792	53 
3793	43 
3794	9 
3795	52 
3796	19 
3797	80 
3798	91 
3799	36 
3800	32 
3801	56 
3802	65 
3803	70 
3804	34 
3805	37 
3806	82 
3807	59 
3808	87 
3809	60 
3810	82 
3811	52 
3812	89 
3813	71 
3814	84 
3815	74 
3816	76 
3817	2 
3818	84 
3819	82 
3820	81 
3821	81 
3822	36 
3823	90 
3824	14 
3825	83 
3826	60 
3827	2 
3828	19 
3829	72 
3830	10 
3831	18 
3832	40 
3833	33 
3834	18 
3835	17 
3836	46 
3837	71 
3838	1 
3839	78 
3840	7 
3841	86 
3842	82 
3843	3 
3844	7 
3845	86 
3846	70 
3847	74 
3848	47 
3849	39 
3850	14 
3851	87 
3852	41 
3853	55 
3854	78 
3855	50 
3856	43 
3857	27 
3858	93 
3859	70 
3860	82 
3861	14 
3862	53 
3863	6 
3864	6 
3865	23 
3866	36 
3867	52 
3868	92 
3869	94 
3870	76 
3871	82 
3872	27 
3873	87 
3874	5 
3875	25 
3876	81 
3877	6 
3878	56 
3879	94 
3880	92 
3881	76 
3882	27 
3883	55 
3884	42 
3885	64 
3886	81 
3887	84 
3888	31 
3889	85 
3890	9 
3891	74 
3892	13 
3893	13 
3894	85 
3895	59 
3896	82 
3897	8 
3898	44 
3899	30 
3900	8 
3901	57 
3902	82 
3903	84 
3904	10 
3905	17 
3906	23 
3907	69 
3908	44 
3909	34 
3910	82 
3911	34 
3912	41 
3913	17 
3914	54 
3915	39 
3916	10 
3917	21 
3918	21 
3919	51 
3920	30 
3921	82 
3922	59 
3923	45 
3924	94 
3925	18 
3926	9 
3927	9 
3928	74 
3929	11 
3930	41 
3931	15 
3932	14 
3933	45 
3934	56 
3935	27 
3936	33 
3937	55 
3938	39 
3939	44 
3940	41 
3941	31 
3942	28 
3943	76 
3944	91 
3945	29 
3946	46 
3947	18 
3948	73 
3949	82 
3950	79 
3951	43 
3952	66 
3953	72 
3954	2 
3955	3 
3956	33 
3957	74 
3958	20 
3959	16 
3960	47 
3961	86 
3962	80 
3963	53 
3964	44 
3965	9 
3966	71 
3967	56 
3968	17 
3969	26 
3970	14 
3971	33 
3972	24 
3973	66 
3974	87 
3975	87 
3976	33 
3977	32 
3978	20 
3979	24 
3980	66 
3981	56 
3982	73 
3983	64 
3984	9 
3985	55 
3986	67 
3987	7 
3988	87 
3989	63 
3990	34 
3991	2 
3992	41 
3993	55 
3994	27 
3995	85 
3996	64 
3997	84 
3998	52 
3999	9 
4000	19 
4001	66 
4002	8 
4003	13 
4004	77 
4005	58 
4006	20 
4007	78 
4008	76 
4009	81 
4010	20 
4011	13 
4012	51 
4013	24 
4014	29 
4015	54 
4016	45 
4017	36 
4018	76 
4019	26 
4020	55 
4021	81 
4022	39 
4023	33 
4024	23 
4025	21 
4026	5 
4027	91 
4028	84 
4029	76 
4030	15 
4031	21 
4032	91 
4033	38 
4034	5 
4035	55 
4036	2 
4037	19 
4038	76 
4039	14 
4040	79 
4041	8 
4042	49 
4043	34 
4044	26 
4045	75 
4046	53 
4047	15 
4048	36 
4049	36 
4050	42 
4051	44 
4052	69 
4053	74 
4054	63 
4055	79 
4056	14 
4057	3 
4058	9 
4059	65 
4060	87 
4061	2 
4062	74 
4063	42 
4064	57 
4065	50 
4066	59 
4067	86 
4068	93 
4069	90 
4070	48 
4071	14 
4072	39 
4073	34 
4074	24 
4075	31 
4076	77 
4077	94 
4078	66 
4079	41 
4080	53 
4081	89 
4082	36 
4083	68 
4084	9 
4085	24 
4086	20 
4087	19 
4088	75 
4089	94 
4090	86 
4091	19 
4092	77 
4093	77 
4094	80 
4095	51 
4096	33 
4097	16 
4098	80 
4099	83 
4100	56 
4101	1 
4102	75 
4103	76 
4104	70 
4105	53 
4106	31 
4107	86 
4108	39 
4109	55 
4110	65 
4111	53 
4112	55 
4113	16 
4114	38 
4115	69 
4116	56 
4117	58 
4118	3 
4119	53 
4120	47 
4121	36 
4122	68 
4123	75 
4124	82 
4125	80 
4126	17 
4127	34 
4128	19 
4129	44 
4130	75 
4131	53 
4132	36 
4133	9 
4134	2 
4135	23 
4136	2 
4137	81 
4138	35 
4139	19 
4140	11 
4141	76 
4142	2 
4143	72 
4144	91 
4145	56 
4146	61 
4147	42 
4148	53 
4149	47 
4150	74 
4151	51 
4152	56 
4153	81 
4154	86 
4155	9 
4156	44 
4157	73 
4158	56 
4159	59 
4160	13 
4161	64 
4162	31 
4163	11 
4164	71 
4165	9 
4166	69 
4167	31 
4168	71 
4169	56 
4170	2 
4171	53 
4172	78 
4173	87 
4174	30 
4175	19 
4176	87 
4177	81 
4178	20 
4179	33 
4180	11 
4181	39 
4182	53 
4183	52 
4184	14 
4185	43 
4186	92 
4187	59 
4188	36 
4189	61 
4190	32 
4191	80 
4192	75 
4193	52 
4194	15 
4195	60 
4196	83 
4197	70 
4198	86 
4199	64 
4200	50 
4201	87 
4202	17 
4203	34 
4204	76 
4205	71 
4206	3 
4207	37 
4208	7 
4209	79 
4210	7 
4211	64 
4212	33 
4213	51 
4214	44 
4215	84 
4216	17 
4217	28 
4218	6 
4219	83 
4220	47 
4221	12 
4222	26 
4223	17 
4224	33 
4225	63 
4226	22 
4227	38 
4228	38 
4229	63 
4230	15 
4231	17 
4232	35 
4233	79 
4234	36 
4235	63 
4236	55 
4237	84 
4238	86 
4239	27 
4240	75 
4241	73 
4242	79 
4243	84 
4244	55 
4245	79 
4246	75 
4247	31 
4248	17 
4249	34 
4250	75 
4251	76 
4252	14 
4253	75 
4254	78 
4255	88 
4256	92 
4257	78 
4258	92 
4259	80 
4260	59 
4261	80 
4262	29 
4263	65 
4264	64 
4265	20 
4266	30 
4267	69 
4268	58 
4269	39 
4270	74 
4271	42 
4272	23 
4273	24 
4274	70 
4275	85 
4276	41 
4277	2 
4278	46 
4279	59 
4280	55 
4281	7 
4282	11 
4283	34 
4284	93 
4285	21 
4286	44 
4287	79 
4288	82 
4289	72 
4290	1 
4291	2 
4292	49 
4293	79 
4294	77 
4295	22 
4296	54 
4297	93 
4298	9 
4299	82 
4300	6 
4301	72 
4302	66 
4303	53 
4304	49 
4305	47 
4306	86 
4307	18 
4308	83 
4309	20 
4310	55 
4311	23 
4312	66 
4313	94 
4314	71 
4315	52 
4316	39 
4317	39 
4318	57 
4319	86 
4320	6 
4321	39 
4322	66 
4323	19 
4324	14 
4325	60 
4326	70 
4327	9 
4328	39 
4329	42 
4330	33 
4331	20 
4332	1 
4333	64 
4334	82 
4335	58 
4336	72 
4337	70 
4338	45 
4339	87 
4340	10 
4341	47 
4342	64 
4343	6 
4344	33 
4345	55 
4346	6 
4347	15 
4348	85 
4349	65 
4350	3 
4351	18 
4352	52 
4353	68 
4354	46 
4355	73 
4356	53 
4357	46 
4358	55 
4359	52 
4360	65 
4361	6 
4362	20 
4363	9 
4364	40 
4365	86 
4366	55 
4367	1 
4368	91 
4369	81 
4370	35 
4371	41 
4372	75 
4373	61 
4374	33 
4375	15 
4376	4 
4377	39 
4378	94 
4379	34 
4380	56 
4381	8 
4382	6 
4383	80 
4384	33 
4385	41 
4386	36 
4387	50 
4388	83 
4389	40 
4390	55 
4391	46 
4392	38 
4393	15 
4394	63 
4395	4 
4396	58 
4397	10 
4398	6 
4399	32 
4400	24 
4401	73 
4402	68 
4403	89 
4404	71 
4405	81 
4406	40 
4407	34 
4408	31 
4409	79 
4410	82 
4411	10 
4412	5 
4413	10 
4414	34 
4415	79 
4416	34 
4417	86 
4418	2 
4419	45 
4420	88 
4421	55 
4422	63 
4423	64 
4424	74 
4425	85 
4426	81 
4427	73 
4428	82 
4429	15 
4430	76 
4431	7 
4432	4 
4433	24 
4434	52 
4435	64 
4436	71 
4437	31 
4438	15 
4439	81 
4440	73 
4441	85 
4442	54 
4443	67 
4444	5 
4445	86 
4446	54 
4447	75 
4448	20 
4449	9 
4450	44 
4451	47 
4452	84 
4453	79 
4454	76 
4455	76 
4456	72 
4457	82 
4458	2 
4459	33 
4460	8 
4461	94 
4462	15 
4463	94 
4464	50 
4465	52 
4466	71 
4467	24 
4468	89 
4469	9 
4470	83 
4471	78 
4472	47 
4473	87 
4474	34 
4475	35 
4476	65 
4477	16 
4478	15 
4479	10 
4480	37 
4481	9 
4482	47 
4483	39 
4484	76 
4485	27 
4486	72 
4487	85 
4488	81 
4489	46 
4490	36 
4491	75 
4492	76 
4493	48 
4494	53 
4495	82 
4496	46 
4497	67 
4498	24 
4499	76 
4500	75 
4501	79 
4502	93 
4503	2 
4504	1 
4505	52 
4506	41 
4507	45 
4508	89 
4509	41 
4510	29 
4511	86 
4512	33 
4513	33 
4514	56 
4515	75 
4516	31 
4517	55 
4518	63 
4519	80 
4520	34 
4521	39 
4522	70 
4523	24 
4524	79 
4525	53 
4526	66 
4527	86 
4528	23 
4529	42 
4530	37 
4531	14 
4532	37 
4533	17 
4534	87 
4535	48 
4536	67 
4537	42 
4538	82 
4539	11 
4540	36 
4541	79 
4542	34 
4543	79 
4544	72 
4545	14 
4546	80 
4547	44 
4548	1 
4549	81 
4550	75 
4551	79 
4552	41 
4553	91 
4554	4 
4555	74 
4556	8 
4557	44 
4558	44 
4559	81 
4560	66 
4561	1 
4562	63 
4563	55 
4564	58 
4565	33 
4566	76 
4567	31 
4568	13 
4569	12 
4570	31 
4571	72 
4572	18 
4573	4 
4574	9 
4575	8 
4576	4 
4577	19 
4578	81 
4579	91 
4580	72 
4581	41 
4582	33 
4583	37 
4584	67 
4585	58 
4586	32 
4587	36 
4588	43 
4589	81 
4590	87 
4591	65 
4592	8 
4593	94 
4594	81 
4595	71 
4596	93 
4597	23 
4598	80 
4599	1 
4600	36 
4601	65 
4602	60 
4603	91 
4604	39 
4605	4 
4606	55 
4607	33 
4608	63 
4609	78 
4610	86 
4611	72 
4612	83 
4613	22 
4614	6 
4615	57 
4616	76 
4617	23 
4618	48 
4619	48 
4620	51 
4621	64 
4622	7 
4623	23 
4624	72 
4625	52 
4626	78 
4627	79 
4628	55 
4629	55 
4630	38 
4631	19 
4632	11 
4633	42 
4634	48 
4635	8 
4636	91 
4637	81 
4638	42 
4639	20 
4640	15 
4641	2 
4642	88 
4643	70 
4644	13 
4645	61 
4646	78 
4647	42 
4648	92 
4649	52 
4650	43 
4651	79 
4652	45 
4653	5 
4654	3 
4655	23 
4656	39 
4657	34 
4658	3 
4659	65 
4660	17 
4661	82 
4662	15 
4663	61 
4664	75 
4665	42 
4666	86 
4667	56 
4668	77 
4669	26 
4670	66 
4671	81 
4672	27 
4673	86 
4674	84 
4675	15 
4676	76 
4677	18 
4678	86 
4679	35 
4680	71 
4681	24 
4682	13 
4683	3 
4684	37 
4685	44 
4686	44 
4687	39 
4688	1 
4689	75 
4690	76 
4691	83 
4692	84 
4693	76 
4694	50 
4695	66 
4696	39 
4697	27 
4698	40 
4699	76 
4700	42 
4701	9 
4702	60 
4703	29 
4704	4 
4705	18 
4706	73 
4707	72 
4708	71 
4709	55 
4710	87 
4711	36 
4712	2 
4713	74 
4714	29 
4715	52 
4716	32 
4717	18 
4718	64 
4719	3 
4720	75 
4721	70 
4722	9 
4723	74 
4724	29 
4725	23 
4726	74 
4727	31 
4728	56 
4729	39 
4730	65 
4731	1 
4732	46 
4733	3 
4734	43 
4735	87 
4736	35 
4737	1 
4738	6 
4739	75 
4740	23 
4741	41 
4742	27 
4743	78 
4744	93 
4745	19 
4746	47 
4747	47 
4748	3 
4749	44 
4750	29 
4751	70 
4752	42 
4753	44 
4754	82 
4755	82 
4756	55 
4757	82 
4758	52 
4759	87 
4760	32 
4761	47 
4762	31 
4763	1 
4764	17 
4765	33 
4766	73 
4767	64 
4768	10 
4769	65 
4770	53 
4771	48 
4772	44 
4773	82 
4774	5 
4775	83 
4776	42 
4777	7 
4778	24 
4779	64 
4780	4 
4781	59 
4782	17 
4783	37 
4784	39 
4785	34 
4786	19 
4787	31 
4788	38 
4789	28 
4790	19 
4791	87 
4792	49 
4793	75 
4794	2 
4795	23 
4796	78 
4797	33 
4798	85 
4799	66 
4800	33 
4801	66 
4802	73 
4803	36 
4804	83 
4805	82 
4806	40 
4807	83 
4808	7 
4809	59 
4810	40 
4811	6 
4812	71 
4813	83 
4814	34 
4815	47 
4816	15 
4817	36 
4818	31 
4819	87 
4820	18 
4821	91 
4822	8 
4823	18 
4824	19 
4825	32 
4826	10 
4827	4 
4828	87 
4829	39 
4830	19 
4831	43 
4832	78 
4833	48 
4834	70 
4835	74 
4836	84 
4837	55 
4838	18 
4839	27 
4840	91 
4841	34 
4842	23 
4843	37 
4844	90 
4845	85 
4846	83 
4847	46 
4848	89 
4849	6 
4850	40 
4851	74 
4852	81 
4853	18 
4854	33 
4855	70 
4856	7 
4857	78 
4858	56 
4859	66 
4860	45 
4861	5 
4862	93 
4863	48 
4864	55 
4865	15 
4866	94 
4867	86 
4868	86 
4869	35 
4870	40 
4871	79 
4872	90 
4873	84 
4874	40 
4875	43 
4876	94 
4877	19 
4878	15 
4879	10 
4880	90 
4881	1 
4882	52 
4883	82 
4884	94 
4885	42 
4886	86 
4887	71 
4888	3 
4889	31 
4890	64 
4891	33 
4892	10 
4893	52 
4894	75 
4895	83 
4896	81 
4897	2 
4898	24 
4899	91 
4900	84 
4901	52 
4902	9 
4903	23 
4904	73 
4905	89 
4906	17 
4907	52 
4908	24 
4909	92 
4910	24 
4911	2 
4912	3 
4913	72 
4914	18 
4915	58 
4916	17 
4917	16 
4918	84 
4919	52 
4920	94 
4921	40 
4922	6 
4923	84 
4924	41 
4925	15 
4926	16 
4927	66 
4928	71 
4929	83 
4930	10 
4931	41 
4932	32 
4933	76 
4934	56 
4935	39 
4936	39 
4937	83 
4938	71 
4939	65 
4940	34 
4941	15 
4942	64 
4943	37 
4944	16 
4945	18 
4946	92 
4947	24 
4948	72 
4949	33 
4950	42 
4951	47 
4952	79 
4953	73 
4954	40 
4955	33 
4956	5 
4957	53 
4958	19 
4959	18 
4960	19 
4961	2 
4962	23 
4963	74 
4964	23 
4965	32 
4966	5 
4967	36 
4968	23 
4969	23 
4970	76 
4971	19 
4972	24 
4973	80 
4974	8 
4975	47 
4976	17 
4977	73 
4978	55 
4979	39 
4980	2 
4981	53 
4982	78 
4983	82 
4984	91 
4985	58 
4986	65 
4987	80 
4988	23 
4989	41 
4990	19 
4991	53 
4992	36 
4993	70 
4994	29 
4995	75 
4996	55 
4997	17 
4998	86 
4999	66 
5000	23 
