1	46 
2	13 
3	29 
4	53 
5	33 
6	25 
7	77 
8	92 
9	35 
10	5 
11	54 
12	15 
13	97 
14	48 
15	5 
16	39 
17	94 
18	39 
19	20 
20	99 
21	74 
22	83 
23	73 
24	10 
25	29 
26	72 
27	98 
28	73 
29	73 
30	33 
31	89 
32	82 
33	61 
34	75 
35	77 
36	9 
37	90 
38	64 
39	77 
40	7 
41	17 
42	70 
43	55 
44	35 
45	37 
46	59 
47	35 
48	95 
49	63 
50	31 
51	27 
52	1 
53	8 
54	38 
55	83 
56	50 
57	11 
58	11 
59	61 
60	76 
61	48 
62	58 
63	90 
64	37 
65	46 
66	17 
67	25 
68	93 
69	69 
70	51 
71	82 
72	70 
73	57 
74	75 
75	91 
76	90 
77	35 
78	57 
79	24 
80	5 
81	58 
82	47 
83	55 
84	70 
85	15 
86	89 
87	36 
88	86 
89	69 
90	75 
91	29 
92	48 
93	42 
94	51 
95	56 
96	35 
97	54 
98	59 
99	55 
100	61 
101	14 
102	71 
103	79 
104	91 
105	15 
106	21 
107	82 
108	70 
109	35 
110	52 
111	34 
112	59 
113	57 
114	64 
115	85 
116	13 
117	18 
118	30 
119	75 
120	76 
121	61 
122	84 
123	95 
124	82 
125	96 
126	99 
127	31 
128	74 
129	35 
130	46 
131	61 
132	31 
133	45 
134	90 
135	12 
136	24 
137	16 
138	34 
139	50 
140	13 
141	71 
142	69 
143	62 
144	38 
145	28 
146	19 
147	59 
148	13 
149	38 
150	14 
151	21 
152	12 
153	98 
154	98 
155	81 
156	8 
157	32 
158	76 
159	19 
160	92 
161	78 
162	39 
163	72 
164	35 
165	90 
166	24 
167	63 
168	82 
169	59 
170	61 
171	75 
172	89 
173	40 
174	20 
175	79 
176	72 
177	30 
178	75 
179	100 
180	91 
181	61 
182	16 
183	98 
184	95 
185	74 
186	8 
187	67 
188	30 
189	2 
190	30 
191	30 
192	79 
193	35 
194	22 
195	44 
196	97 
197	6 
198	39 
199	95 
200	24 
201	55 
202	12 
203	67 
204	56 
205	37 
206	67 
207	42 
208	35 
209	35 
210	85 
211	85 
212	31 
213	71 
214	46 
215	63 
216	26 
217	25 
218	12 
219	51 
220	5 
221	63 
222	30 
223	47 
224	98 
225	37 
226	32 
227	59 
228	48 
229	2 
230	88 
231	1 
232	30 
233	16 
234	15 
235	15 
236	61 
237	75 
238	24 
239	75 
240	73 
241	60 
242	61 
243	14 
244	42 
245	30 
246	77 
247	75 
248	70 
249	48 
250	56 
251	54 
252	78 
253	61 
254	5 
255	27 
256	91 
257	68 
258	68 
259	99 
260	98 
261	57 
262	2 
263	81 
264	70 
265	47 
266	89 
267	27 
268	34 
269	76 
270	14 
271	99 
272	11 
273	56 
274	2 
275	80 
276	100 
277	18 
278	100 
279	72 
280	70 
281	75 
282	80 
283	88 
284	84 
285	16 
286	84 
287	69 
288	62 
289	47 
290	93 
291	98 
292	63 
293	80 
294	46 
295	47 
296	32 
297	69 
298	23 
299	96 
300	5 
301	32 
302	21 
303	7 
304	28 
305	22 
306	76 
307	98 
308	35 
309	68 
310	17 
311	62 
312	73 
313	9 
314	5 
315	68 
316	81 
317	93 
318	29 
319	48 
320	19 
321	71 
322	64 
323	17 
324	37 
325	32 
326	50 
327	87 
328	39 
329	93 
330	99 
331	45 
332	19 
333	30 
334	38 
335	95 
336	98 
337	39 
338	31 
339	71 
340	64 
341	54 
342	80 
343	15 
344	64 
345	70 
346	31 
347	47 
348	77 
349	55 
350	64 
351	27 
352	60 
353	83 
354	83 
355	92 
356	47 
357	26 
358	46 
359	38 
360	44 
361	71 
362	93 
363	99 
364	53 
365	18 
366	71 
367	1 
368	29 
369	47 
370	91 
371	33 
372	77 
373	7 
374	93 
375	92 
376	57 
377	70 
378	40 
379	75 
380	51 
381	22 
382	14 
383	21 
384	20 
385	69 
386	79 
387	63 
388	52 
389	52 
390	86 
391	28 
392	5 
393	79 
394	99 
395	71 
396	79 
397	39 
398	1 
399	21 
400	26 
401	12 
402	55 
403	5 
404	47 
405	30 
406	72 
407	79 
408	37 
409	59 
410	18 
411	38 
412	82 
413	96 
414	18 
415	93 
416	62 
417	76 
418	95 
419	93 
420	98 
421	20 
422	54 
423	62 
424	84 
425	50 
426	19 
427	47 
428	51 
429	60 
430	73 
431	15 
432	53 
433	90 
434	41 
435	93 
436	80 
437	64 
438	29 
439	81 
440	90 
441	19 
442	12 
443	21 
444	19 
445	14 
446	27 
447	12 
448	59 
449	17 
450	73 
451	46 
452	87 
453	25 
454	58 
455	80 
456	21 
457	47 
458	46 
459	30 
460	89 
461	78 
462	12 
463	69 
464	51 
465	64 
466	35 
467	63 
468	38 
469	95 
470	11 
471	37 
472	35 
473	43 
474	85 
475	17 
476	15 
477	61 
478	3 
479	67 
480	10 
481	31 
482	1 
483	70 
484	99 
485	97 
486	51 
487	47 
488	26 
489	28 
490	48 
491	82 
492	81 
493	2 
494	2 
495	65 
496	93 
497	46 
498	85 
499	77 
500	71 
501	70 
502	32 
503	76 
504	82 
505	98 
506	62 
507	15 
508	2 
509	21 
510	40 
511	17 
512	41 
513	71 
514	55 
515	32 
516	29 
517	81 
518	42 
519	97 
520	28 
521	64 
522	23 
523	76 
524	82 
525	49 
526	96 
527	2 
528	38 
529	3 
530	61 
531	17 
532	1 
533	2 
534	90 
535	93 
536	53 
537	55 
538	22 
539	75 
540	15 
541	21 
542	20 
543	76 
544	48 
545	29 
546	5 
547	14 
548	59 
549	84 
550	93 
551	15 
552	34 
553	60 
554	79 
555	69 
556	8 
557	87 
558	99 
559	1 
560	51 
561	99 
562	70 
563	90 
564	86 
565	80 
566	98 
567	15 
568	82 
569	58 
570	51 
571	68 
572	86 
573	29 
574	95 
575	100 
576	21 
577	65 
578	54 
579	94 
580	12 
581	99 
582	76 
583	48 
584	98 
585	72 
586	30 
587	30 
588	89 
589	93 
590	5 
591	42 
592	12 
593	62 
594	8 
595	8 
596	37 
597	11 
598	98 
599	62 
600	18 
601	1 
602	91 
603	23 
604	46 
605	89 
606	95 
607	91 
608	31 
609	86 
610	29 
611	22 
612	54 
613	83 
614	99 
615	48 
616	30 
617	59 
618	75 
619	56 
620	16 
621	30 
622	6 
623	22 
624	4 
625	55 
626	29 
627	93 
628	90 
629	36 
630	46 
631	69 
632	5 
633	29 
634	9 
635	11 
636	86 
637	11 
638	15 
639	73 
640	58 
641	64 
642	38 
643	48 
644	83 
645	53 
646	96 
647	17 
648	78 
649	99 
650	29 
651	5 
652	70 
653	2 
654	50 
655	10 
656	10 
657	20 
658	36 
659	40 
660	73 
661	84 
662	70 
663	87 
664	100 
665	70 
666	31 
667	19 
668	56 
669	47 
670	54 
671	68 
672	84 
673	20 
674	46 
675	29 
676	63 
677	31 
678	96 
679	30 
680	18 
681	82 
682	27 
683	77 
684	98 
685	80 
686	38 
687	38 
688	65 
689	49 
690	64 
691	54 
692	50 
693	99 
694	48 
695	46 
696	98 
697	28 
698	53 
699	36 
700	80 
701	71 
702	70 
703	34 
704	43 
705	19 
706	55 
707	46 
708	1 
709	98 
710	24 
711	37 
712	17 
713	40 
714	10 
715	38 
716	47 
717	39 
718	58 
719	94 
720	72 
721	80 
722	4 
723	98 
724	28 
725	32 
726	17 
727	90 
728	15 
729	26 
730	82 
731	17 
732	29 
733	45 
734	88 
735	90 
736	61 
737	2 
738	100 
739	32 
740	55 
741	49 
742	80 
743	55 
744	23 
745	77 
746	37 
747	88 
748	15 
749	12 
750	77 
751	57 
752	21 
753	36 
754	80 
755	38 
756	96 
757	100 
758	90 
759	3 
760	47 
761	30 
762	17 
763	39 
764	70 
765	90 
766	49 
767	73 
768	31 
769	31 
770	73 
771	2 
772	89 
773	58 
774	58 
775	77 
776	69 
777	39 
778	89 
779	55 
780	90 
781	53 
782	83 
783	84 
784	41 
785	84 
786	34 
787	94 
788	75 
789	49 
790	49 
791	97 
792	44 
793	86 
794	25 
795	31 
796	21 
797	69 
798	92 
799	8 
800	31 
801	79 
802	46 
803	39 
804	24 
805	96 
806	2 
807	79 
808	59 
809	6 
810	99 
811	72 
812	94 
813	37 
814	52 
815	91 
816	88 
817	30 
818	84 
819	39 
820	65 
821	48 
822	13 
823	31 
824	55 
825	2 
826	5 
827	29 
828	39 
829	5 
830	99 
831	34 
832	54 
833	48 
834	80 
835	91 
836	63 
837	35 
838	82 
839	83 
840	85 
841	4 
842	40 
843	57 
844	9 
845	30 
846	30 
847	57 
848	71 
849	48 
850	6 
851	35 
852	32 
853	28 
854	56 
855	46 
856	21 
857	55 
858	35 
859	62 
860	87 
861	33 
862	30 
863	28 
864	33 
865	16 
866	46 
867	69 
868	6 
869	17 
870	69 
871	40 
872	71 
873	95 
874	69 
875	38 
876	12 
877	51 
878	37 
879	69 
880	23 
881	42 
882	78 
883	40 
884	46 
885	90 
886	12 
887	86 
888	40 
889	47 
890	75 
891	66 
892	37 
893	89 
894	70 
895	56 
896	18 
897	40 
898	29 
899	89 
900	32 
901	78 
902	10 
903	72 
904	42 
905	5 
906	48 
907	60 
908	69 
909	38 
910	35 
911	34 
912	6 
913	46 
914	21 
915	10 
916	1 
917	47 
918	89 
919	11 
920	75 
921	18 
922	97 
923	80 
924	76 
925	32 
926	85 
927	96 
928	38 
929	57 
930	70 
931	89 
932	14 
933	1 
934	49 
935	50 
936	32 
937	46 
938	45 
939	15 
940	99 
941	21 
942	87 
943	14 
944	17 
945	32 
946	14 
947	76 
948	69 
949	47 
950	4 
951	2 
952	99 
953	48 
954	17 
955	90 
956	2 
957	10 
958	69 
959	46 
960	44 
961	22 
962	51 
963	63 
964	69 
965	35 
966	44 
967	22 
968	13 
969	96 
970	83 
971	94 
972	39 
973	82 
974	31 
975	5 
976	12 
977	64 
978	91 
979	51 
980	43 
981	15 
982	83 
983	32 
984	37 
985	23 
986	81 
987	89 
988	23 
989	70 
990	64 
991	15 
992	27 
993	47 
994	48 
995	28 
996	11 
997	48 
998	10 
999	79 
1000	31 
1001	25 
1002	31 
1003	68 
1004	48 
1005	12 
1006	43 
1007	62 
1008	75 
1009	62 
1010	37 
1011	24 
1012	71 
1013	32 
1014	68 
1015	90 
1016	78 
1017	17 
1018	21 
1019	39 
1020	40 
1021	68 
1022	61 
1023	17 
1024	1 
1025	33 
1026	28 
1027	37 
1028	86 
1029	37 
1030	65 
1031	44 
1032	98 
1033	12 
1034	51 
1035	69 
1036	9 
1037	99 
1038	25 
1039	33 
1040	96 
1041	70 
1042	1 
1043	56 
1044	59 
1045	55 
1046	55 
1047	64 
1048	25 
1049	34 
1050	32 
1051	75 
1052	37 
1053	83 
1054	32 
1055	77 
1056	92 
1057	46 
1058	5 
1059	31 
1060	78 
1061	19 
1062	58 
1063	62 
1064	51 
1065	88 
1066	99 
1067	5 
1068	65 
1069	91 
1070	46 
1071	33 
1072	64 
1073	35 
1074	28 
1075	87 
1076	35 
1077	100 
1078	61 
1079	62 
1080	51 
1081	60 
1082	91 
1083	82 
1084	15 
1085	13 
1086	37 
1087	1 
1088	29 
1089	90 
1090	70 
1091	12 
1092	95 
1093	75 
1094	46 
1095	71 
1096	83 
1097	91 
1098	32 
1099	31 
1100	81 
1101	17 
1102	100 
1103	66 
1104	40 
1105	10 
1106	38 
1107	10 
1108	5 
1109	46 
1110	37 
1111	82 
1112	76 
1113	24 
1114	63 
1115	34 
1116	29 
1117	72 
1118	93 
1119	20 
1120	38 
1121	76 
1122	25 
1123	29 
1124	38 
1125	12 
1126	15 
1127	22 
1128	71 
1129	31 
1130	24 
1131	15 
1132	22 
1133	17 
1134	24 
1135	92 
1136	53 
1137	62 
1138	53 
1139	80 
1140	70 
1141	46 
1142	76 
1143	21 
1144	40 
1145	87 
1146	5 
1147	19 
1148	15 
1149	47 
1150	86 
1151	59 
1152	56 
1153	89 
1154	37 
1155	87 
1156	32 
1157	87 
1158	87 
1159	17 
1160	18 
1161	32 
1162	42 
1163	90 
1164	56 
1165	48 
1166	1 
1167	28 
1168	83 
1169	93 
1170	70 
1171	98 
1172	98 
1173	98 
1174	50 
1175	93 
1176	37 
1177	40 
1178	89 
1179	31 
1180	64 
1181	53 
1182	36 
1183	69 
1184	79 
1185	31 
1186	35 
1187	18 
1188	29 
1189	87 
1190	50 
1191	2 
1192	23 
1193	80 
1194	90 
1195	87 
1196	62 
1197	70 
1198	14 
1199	27 
1200	81 
1201	98 
1202	46 
1203	46 
1204	81 
1205	93 
1206	75 
1207	60 
1208	52 
1209	59 
1210	16 
1211	73 
1212	21 
1213	54 
1214	32 
1215	48 
1216	58 
1217	30 
1218	71 
1219	26 
1220	97 
1221	62 
1222	72 
1223	49 
1224	78 
1225	46 
1226	39 
1227	37 
1228	21 
1229	32 
1230	9 
1231	67 
1232	81 
1233	81 
1234	9 
1235	6 
1236	20 
1237	37 
1238	46 
1239	35 
1240	29 
1241	62 
1242	27 
1243	35 
1244	90 
1245	83 
1246	71 
1247	19 
1248	83 
1249	35 
1250	10 
1251	52 
1252	51 
1253	31 
1254	37 
1255	5 
1256	33 
1257	91 
1258	87 
1259	85 
1260	67 
1261	37 
1262	3 
1263	54 
1264	45 
1265	22 
1266	86 
1267	99 
1268	56 
1269	38 
1270	3 
1271	86 
1272	32 
1273	61 
1274	35 
1275	89 
1276	92 
1277	22 
1278	73 
1279	99 
1280	55 
1281	1 
1282	54 
1283	93 
1284	40 
1285	77 
1286	5 
1287	60 
1288	39 
1289	10 
1290	71 
1291	8 
1292	39 
1293	44 
1294	24 
1295	100 
1296	96 
1297	80 
1298	17 
1299	25 
1300	100 
1301	81 
1302	75 
1303	34 
1304	63 
1305	93 
1306	84 
1307	73 
1308	44 
1309	35 
1310	43 
1311	29 
1312	87 
1313	15 
1314	98 
1315	33 
1316	22 
1317	41 
1318	90 
1319	33 
1320	31 
1321	15 
1322	65 
1323	100 
1324	90 
1325	35 
1326	15 
1327	57 
1328	87 
1329	62 
1330	35 
1331	51 
1332	10 
1333	23 
1334	34 
1335	25 
1336	84 
1337	32 
1338	37 
1339	4 
1340	91 
1341	91 
1342	62 
1343	23 
1344	100 
1345	93 
1346	70 
1347	37 
1348	52 
1349	44 
1350	69 
1351	83 
1352	7 
1353	2 
1354	90 
1355	77 
1356	80 
1357	66 
1358	81 
1359	63 
1360	22 
1361	17 
1362	49 
1363	30 
1364	90 
1365	11 
1366	90 
1367	25 
1368	88 
1369	97 
1370	17 
1371	47 
1372	12 
1373	95 
1374	58 
1375	79 
1376	91 
1377	36 
1378	36 
1379	86 
1380	7 
1381	33 
1382	60 
1383	82 
1384	35 
1385	8 
1386	30 
1387	28 
1388	72 
1389	23 
1390	98 
1391	37 
1392	65 
1393	12 
1394	38 
1395	12 
1396	81 
1397	19 
1398	32 
1399	83 
1400	76 
1401	39 
1402	18 
1403	44 
1404	90 
1405	89 
1406	10 
1407	69 
1408	62 
1409	81 
1410	62 
1411	89 
1412	75 
1413	93 
1414	83 
1415	36 
1416	10 
1417	32 
1418	38 
1419	42 
1420	16 
1421	99 
1422	51 
1423	49 
1424	47 
1425	74 
1426	30 
1427	47 
1428	57 
1429	1 
1430	83 
1431	42 
1432	83 
1433	88 
1434	91 
1435	4 
1436	26 
1437	29 
1438	20 
1439	14 
1440	61 
1441	39 
1442	8 
1443	87 
1444	81 
1445	13 
1446	36 
1447	10 
1448	98 
1449	73 
1450	8 
1451	84 
1452	18 
1453	91 
1454	95 
1455	6 
1456	76 
1457	72 
1458	57 
1459	83 
1460	40 
1461	17 
1462	11 
1463	63 
1464	47 
1465	48 
1466	5 
1467	81 
1468	26 
1469	62 
1470	75 
1471	100 
1472	24 
1473	19 
1474	93 
1475	31 
1476	13 
1477	94 
1478	70 
1479	71 
1480	85 
1481	36 
1482	71 
1483	58 
1484	61 
1485	3 
1486	96 
1487	8 
1488	75 
1489	74 
1490	99 
1491	78 
1492	3 
1493	62 
1494	82 
1495	65 
1496	10 
1497	83 
1498	8 
1499	51 
1500	26 
1501	35 
1502	65 
1503	24 
1504	64 
1505	8 
1506	28 
1507	86 
1508	37 
1509	40 
1510	35 
1511	100 
1512	14 
1513	91 
1514	98 
1515	46 
1516	47 
1517	30 
1518	48 
1519	23 
1520	21 
1521	42 
1522	86 
1523	30 
1524	64 
1525	47 
1526	25 
1527	51 
1528	91 
1529	91 
1530	30 
1531	10 
1532	99 
1533	83 
1534	29 
1535	96 
1536	16 
1537	77 
1538	5 
1539	30 
1540	76 
1541	58 
1542	72 
1543	9 
1544	83 
1545	84 
1546	44 
1547	19 
1548	68 
1549	39 
1550	91 
1551	21 
1552	10 
1553	62 
1554	55 
1555	64 
1556	97 
1557	13 
1558	58 
1559	24 
1560	36 
1561	29 
1562	4 
1563	53 
1564	31 
1565	84 
1566	32 
1567	58 
1568	57 
1569	62 
1570	59 
1571	19 
1572	69 
1573	13 
1574	48 
1575	5 
1576	29 
1577	4 
1578	90 
1579	75 
1580	30 
1581	35 
1582	32 
1583	23 
1584	61 
1585	35 
1586	35 
1587	46 
1588	35 
1589	48 
1590	25 
1591	64 
1592	81 
1593	33 
1594	90 
1595	76 
1596	71 
1597	42 
1598	69 
1599	57 
1600	75 
1601	43 
1602	63 
1603	46 
1604	70 
1605	9 
1606	96 
1607	69 
1608	48 
1609	69 
1610	46 
1611	17 
1612	13 
1613	17 
1614	30 
1615	14 
1616	25 
1617	92 
1618	32 
1619	53 
1620	81 
1621	35 
1622	56 
1623	40 
1624	29 
1625	56 
1626	69 
1627	5 
1628	83 
1629	81 
1630	64 
1631	89 
1632	79 
1633	92 
1634	48 
1635	53 
1636	25 
1637	32 
1638	21 
1639	69 
1640	13 
1641	39 
1642	17 
1643	54 
1644	30 
1645	52 
1646	60 
1647	78 
1648	82 
1649	91 
1650	96 
1651	90 
1652	12 
1653	64 
1654	92 
1655	37 
1656	5 
1657	35 
1658	76 
1659	5 
1660	17 
1661	61 
1662	54 
1663	39 
1664	36 
1665	54 
1666	86 
1667	31 
1668	55 
1669	68 
1670	99 
1671	96 
1672	1 
1673	61 
1674	4 
1675	46 
1676	93 
1677	37 
1678	89 
1679	77 
1680	13 
1681	89 
1682	8 
1683	20 
1684	81 
1685	76 
1686	93 
1687	30 
1688	35 
1689	98 
1690	64 
1691	35 
1692	76 
1693	77 
1694	87 
1695	94 
1696	4 
1697	46 
1698	22 
1699	39 
1700	25 
1701	45 
1702	5 
1703	94 
1704	38 
1705	12 
1706	96 
1707	39 
1708	84 
1709	7 
1710	81 
1711	43 
1712	91 
1713	83 
1714	95 
1715	12 
1716	75 
1717	2 
1718	78 
1719	67 
1720	97 
1721	4 
1722	62 
1723	83 
1724	97 
1725	88 
1726	33 
1727	17 
1728	76 
1729	98 
1730	63 
1731	73 
1732	40 
1733	77 
1734	21 
1735	39 
1736	97 
1737	80 
1738	18 
1739	9 
1740	31 
1741	98 
1742	24 
1743	5 
1744	29 
1745	32 
1746	32 
1747	30 
1748	37 
1749	67 
1750	51 
1751	31 
1752	76 
1753	77 
1754	41 
1755	90 
1756	27 
1757	70 
1758	11 
1759	66 
1760	2 
1761	83 
1762	44 
1763	30 
1764	51 
1765	33 
1766	75 
1767	47 
1768	19 
1769	50 
1770	63 
1771	78 
1772	56 
1773	90 
1774	77 
1775	93 
1776	89 
1777	77 
1778	98 
1779	75 
1780	46 
1781	26 
1782	37 
1783	15 
1784	98 
1785	2 
1786	15 
1787	74 
1788	58 
1789	31 
1790	26 
1791	41 
1792	77 
1793	38 
1794	46 
1795	1 
1796	73 
1797	100 
1798	50 
1799	22 
1800	87 
1801	93 
1802	33 
1803	25 
1804	43 
1805	73 
1806	11 
1807	77 
1808	8 
1809	12 
1810	64 
1811	22 
1812	77 
1813	97 
1814	19 
1815	69 
1816	4 
1817	29 
1818	31 
1819	98 
1820	47 
1821	35 
1822	56 
1823	20 
1824	69 
1825	32 
1826	11 
1827	64 
1828	28 
1829	5 
1830	96 
1831	15 
1832	46 
1833	67 
1834	52 
1835	55 
1836	63 
1837	90 
1838	74 
1839	21 
1840	46 
1841	89 
1842	31 
1843	83 
1844	82 
1845	75 
1846	32 
1847	12 
1848	33 
1849	42 
1850	59 
1851	46 
1852	8 
1853	98 
1854	43 
1855	74 
1856	82 
1857	90 
1858	87 
1859	53 
1860	19 
1861	64 
1862	35 
1863	27 
1864	73 
1865	81 
1866	46 
1867	60 
1868	12 
1869	32 
1870	100 
1871	79 
1872	28 
1873	85 
1874	68 
1875	93 
1876	95 
1877	17 
1878	15 
1879	48 
1880	57 
1881	31 
1882	25 
1883	85 
1884	55 
1885	31 
1886	69 
1887	63 
1888	25 
1889	32 
1890	85 
1891	94 
1892	7 
1893	38 
1894	38 
1895	72 
1896	69 
1897	17 
1898	61 
1899	64 
1900	80 
1901	55 
1902	15 
1903	63 
1904	2 
1905	93 
1906	51 
1907	64 
1908	38 
1909	77 
1910	15 
1911	57 
1912	98 
1913	6 
1914	30 
1915	36 
1916	5 
1917	51 
1918	33 
1919	77 
1920	28 
1921	10 
1922	5 
1923	98 
1924	5 
1925	38 
1926	40 
1927	29 
1928	27 
1929	58 
1930	30 
1931	40 
1932	60 
1933	62 
1934	12 
1935	30 
1936	69 
1937	43 
1938	49 
1939	5 
1940	82 
1941	90 
1942	35 
1943	14 
1944	52 
1945	28 
1946	63 
1947	73 
1948	41 
1949	2 
1950	17 
1951	98 
1952	46 
1953	98 
1954	38 
1955	63 
1956	87 
1957	22 
1958	47 
1959	39 
1960	69 
1961	76 
1962	73 
1963	14 
1964	61 
1965	22 
1966	70 
1967	5 
1968	63 
1969	36 
1970	14 
1971	4 
1972	70 
1973	82 
1974	69 
1975	68 
1976	99 
1977	2 
1978	47 
1979	37 
1980	29 
1981	55 
1982	25 
1983	63 
1984	100 
1985	79 
1986	70 
1987	53 
1988	29 
1989	59 
1990	12 
1991	20 
1992	98 
1993	88 
1994	97 
1995	26 
1996	6 
1997	11 
1998	53 
1999	35 
2000	31 
2001	71 
2002	9 
2003	65 
2004	87 
2005	2 
2006	73 
2007	75 
2008	82 
2009	73 
2010	76 
2011	30 
2012	28 
2013	69 
2014	2 
2015	93 
2016	31 
2017	29 
2018	38 
2019	15 
2020	74 
2021	1 
2022	15 
2023	76 
2024	90 
2025	77 
2026	46 
2027	67 
2028	32 
2029	15 
2030	62 
2031	39 
2032	78 
2033	71 
2034	17 
2035	1 
2036	31 
2037	88 
2038	74 
2039	41 
2040	64 
2041	81 
2042	95 
2043	98 
2044	72 
2045	3 
2046	9 
2047	75 
2048	10 
2049	69 
2050	40 
2051	64 
2052	76 
2053	75 
2054	73 
2055	69 
2056	33 
2057	80 
2058	98 
2059	23 
2060	1 
2061	2 
2062	98 
2063	77 
2064	73 
2065	38 
2066	12 
2067	48 
2068	33 
2069	22 
2070	12 
2071	73 
2072	18 
2073	23 
2074	32 
2075	29 
2076	75 
2077	37 
2078	17 
2079	50 
2080	69 
2081	93 
2082	29 
2083	10 
2084	51 
2085	96 
2086	30 
2087	10 
2088	90 
2089	80 
2090	93 
2091	99 
2092	46 
2093	63 
2094	32 
2095	51 
2096	50 
2097	46 
2098	60 
2099	82 
2100	7 
2101	4 
2102	79 
2103	55 
2104	20 
2105	75 
2106	60 
2107	85 
2108	64 
2109	32 
2110	30 
2111	100 
2112	21 
2113	66 
2114	74 
2115	74 
2116	57 
2117	89 
2118	49 
2119	41 
2120	33 
2121	66 
2122	56 
2123	47 
2124	57 
2125	20 
2126	55 
2127	25 
2128	16 
2129	64 
2130	4 
2131	97 
2132	12 
2133	100 
2134	36 
2135	77 
2136	6 
2137	97 
2138	25 
2139	68 
2140	1 
2141	12 
2142	35 
2143	21 
2144	73 
2145	90 
2146	76 
2147	82 
2148	68 
2149	51 
2150	11 
2151	77 
2152	53 
2153	22 
2154	93 
2155	83 
2156	42 
2157	22 
2158	32 
2159	22 
2160	77 
2161	25 
2162	81 
2163	82 
2164	21 
2165	13 
2166	8 
2167	18 
2168	44 
2169	54 
2170	54 
2171	35 
2172	4 
2173	2 
2174	19 
2175	40 
2176	35 
2177	97 
2178	81 
2179	77 
2180	70 
2181	98 
2182	93 
2183	65 
2184	38 
2185	1 
2186	93 
2187	96 
2188	39 
2189	21 
2190	56 
2191	94 
2192	78 
2193	3 
2194	51 
2195	31 
2196	12 
2197	65 
2198	46 
2199	4 
2200	83 
2201	6 
2202	68 
2203	48 
2204	92 
2205	20 
2206	56 
2207	57 
2208	61 
2209	46 
2210	37 
2211	38 
2212	99 
2213	54 
2214	5 
2215	19 
2216	13 
2217	51 
2218	10 
2219	60 
2220	32 
2221	83 
2222	37 
2223	40 
2224	90 
2225	93 
2226	99 
2227	48 
2228	69 
2229	71 
2230	60 
2231	69 
2232	37 
2233	59 
2234	9 
2235	71 
2236	22 
2237	28 
2238	1 
2239	24 
2240	30 
2241	15 
2242	2 
2243	41 
2244	19 
2245	58 
2246	31 
2247	20 
2248	51 
2249	49 
2250	12 
2251	39 
2252	94 
2253	49 
2254	40 
2255	70 
2256	81 
2257	32 
2258	7 
2259	37 
2260	14 
2261	73 
2262	21 
2263	52 
2264	81 
2265	35 
2266	91 
2267	57 
2268	56 
2269	40 
2270	71 
2271	77 
2272	2 
2273	51 
2274	98 
2275	34 
2276	4 
2277	30 
2278	91 
2279	62 
2280	15 
2281	90 
2282	77 
2283	72 
2284	81 
2285	98 
2286	51 
2287	3 
2288	90 
2289	41 
2290	59 
2291	30 
2292	59 
2293	11 
2294	22 
2295	2 
2296	75 
2297	75 
2298	81 
2299	4 
2300	5 
2301	3 
2302	41 
2303	73 
2304	74 
2305	66 
2306	60 
2307	90 
2308	8 
2309	2 
2310	46 
2311	10 
2312	75 
2313	62 
2314	32 
2315	11 
2316	89 
2317	98 
2318	92 
2319	17 
2320	42 
2321	64 
2322	69 
2323	32 
2324	21 
2325	69 
2326	75 
2327	97 
2328	86 
2329	54 
2330	79 
2331	14 
2332	12 
2333	26 
2334	17 
2335	32 
2336	7 
2337	53 
2338	30 
2339	75 
2340	92 
2341	98 
2342	45 
2343	26 
2344	45 
2345	82 
2346	31 
2347	82 
2348	66 
2349	32 
2350	43 
2351	15 
2352	26 
2353	15 
2354	2 
2355	93 
2356	57 
2357	31 
2358	41 
2359	29 
2360	31 
2361	41 
2362	93 
2363	65 
2364	30 
2365	79 
2366	17 
2367	53 
2368	43 
2369	63 
2370	35 
2371	83 
2372	36 
2373	32 
2374	27 
2375	57 
2376	31 
2377	55 
2378	20 
2379	24 
2380	48 
2381	79 
2382	19 
2383	35 
2384	76 
2385	73 
2386	53 
2387	34 
2388	48 
2389	33 
2390	10 
2391	70 
2392	98 
2393	75 
2394	75 
2395	31 
2396	38 
2397	35 
2398	75 
2399	11 
2400	80 
2401	93 
2402	29 
2403	2 
2404	48 
2405	39 
2406	35 
2407	21 
2408	5 
2409	97 
2410	73 
2411	32 
2412	95 
2413	82 
2414	99 
2415	2 
2416	12 
2417	55 
2418	62 
2419	59 
2420	1 
2421	83 
2422	7 
2423	76 
2424	24 
2425	12 
2426	77 
2427	56 
2428	17 
2429	18 
2430	20 
2431	5 
2432	55 
2433	98 
2434	22 
2435	38 
2436	100 
2437	40 
2438	68 
2439	10 
2440	17 
2441	32 
2442	67 
2443	29 
2444	94 
2445	60 
2446	64 
2447	98 
2448	98 
2449	53 
2450	31 
2451	23 
2452	77 
2453	78 
2454	35 
2455	15 
2456	71 
2457	65 
2458	83 
2459	29 
2460	30 
2461	47 
2462	47 
2463	55 
2464	29 
2465	14 
2466	47 
2467	90 
2468	22 
2469	65 
2470	62 
2471	11 
2472	5 
2473	82 
2474	90 
2475	35 
2476	3 
2477	29 
2478	44 
2479	93 
2480	3 
2481	3 
2482	70 
2483	8 
2484	51 
2485	77 
2486	40 
2487	44 
2488	69 
2489	63 
2490	38 
2491	90 
2492	29 
2493	87 
2494	22 
2495	37 
2496	12 
2497	42 
2498	6 
2499	30 
2500	48 
2501	3 
2502	51 
2503	10 
2504	14 
2505	12 
2506	46 
2507	63 
2508	51 
2509	35 
2510	38 
2511	16 
2512	99 
2513	82 
2514	75 
2515	69 
2516	4 
2517	25 
2518	8 
2519	30 
2520	97 
2521	54 
2522	17 
2523	19 
2524	31 
2525	28 
2526	54 
2527	93 
2528	35 
2529	61 
2530	13 
2531	12 
2532	12 
2533	74 
2534	48 
2535	19 
2536	46 
2537	75 
2538	80 
2539	2 
2540	72 
2541	12 
2542	39 
2543	27 
2544	75 
2545	73 
2546	51 
2547	82 
2548	5 
2549	39 
2550	67 
2551	2 
2552	67 
2553	13 
2554	3 
2555	93 
2556	94 
2557	95 
2558	85 
2559	1 
2560	93 
2561	2 
2562	83 
2563	69 
2564	76 
2565	48 
2566	46 
2567	99 
2568	81 
2569	17 
2570	31 
2571	5 
2572	96 
2573	60 
2574	60 
2575	69 
2576	96 
2577	75 
2578	95 
2579	75 
2580	70 
2581	75 
2582	83 
2583	25 
2584	1 
2585	82 
2586	77 
2587	31 
2588	80 
2589	50 
2590	88 
2591	32 
2592	83 
2593	8 
2594	89 
2595	29 
2596	57 
2597	66 
2598	45 
2599	95 
2600	33 
2601	17 
2602	98 
2603	81 
2604	70 
2605	86 
2606	95 
2607	6 
2608	48 
2609	34 
2610	12 
2611	72 
2612	51 
2613	49 
2614	15 
2615	95 
2616	75 
2617	31 
2618	51 
2619	38 
2620	90 
2621	46 
2622	98 
2623	74 
2624	5 
2625	83 
2626	95 
2627	31 
2628	17 
2629	56 
2630	91 
2631	77 
2632	46 
2633	7 
2634	87 
2635	99 
2636	96 
2637	23 
2638	100 
2639	65 
2640	77 
2641	99 
2642	38 
2643	43 
2644	82 
2645	51 
2646	74 
2647	61 
2648	21 
2649	69 
2650	55 
2651	35 
2652	77 
2653	12 
2654	63 
2655	98 
2656	24 
2657	34 
2658	76 
2659	50 
2660	79 
2661	1 
2662	48 
2663	22 
2664	77 
2665	58 
2666	30 
2667	29 
2668	55 
2669	76 
2670	63 
2671	73 
2672	97 
2673	70 
2674	87 
2675	53 
2676	87 
2677	63 
2678	88 
2679	57 
2680	60 
2681	10 
2682	77 
2683	59 
2684	86 
2685	91 
2686	30 
2687	15 
2688	78 
2689	70 
2690	94 
2691	46 
2692	51 
2693	27 
2694	61 
2695	46 
2696	87 
2697	93 
2698	80 
2699	96 
2700	47 
2701	2 
2702	85 
2703	7 
2704	49 
2705	15 
2706	77 
2707	83 
2708	94 
2709	60 
2710	10 
2711	22 
2712	75 
2713	28 
2714	86 
2715	39 
2716	78 
2717	58 
2718	57 
2719	89 
2720	69 
2721	9 
2722	51 
2723	5 
2724	84 
2725	62 
2726	9 
2727	89 
2728	33 
2729	92 
2730	18 
2731	45 
2732	70 
2733	48 
2734	100 
2735	6 
2736	93 
2737	15 
2738	8 
2739	17 
2740	72 
2741	73 
2742	76 
2743	55 
2744	40 
2745	42 
2746	95 
2747	73 
2748	39 
2749	39 
2750	2 
2751	80 
2752	64 
2753	19 
2754	61 
2755	62 
2756	75 
2757	75 
2758	93 
2759	90 
2760	73 
2761	34 
2762	38 
2763	29 
2764	33 
2765	51 
2766	42 
2767	47 
2768	71 
2769	62 
2770	12 
2771	76 
2772	46 
2773	40 
2774	90 
2775	82 
2776	76 
2777	35 
2778	35 
2779	54 
2780	54 
2781	37 
2782	70 
2783	35 
2784	4 
2785	91 
2786	73 
2787	5 
2788	77 
2789	82 
2790	15 
2791	47 
2792	8 
2793	40 
2794	18 
2795	57 
2796	46 
2797	31 
2798	75 
2799	21 
2800	77 
2801	51 
2802	38 
2803	76 
2804	89 
2805	83 
2806	39 
2807	87 
2808	6 
2809	68 
2810	36 
2811	27 
2812	15 
2813	99 
2814	78 
2815	92 
2816	51 
2817	30 
2818	93 
2819	34 
2820	26 
2821	89 
2822	30 
2823	46 
2824	13 
2825	98 
2826	55 
2827	99 
2828	99 
2829	69 
2830	83 
2831	29 
2832	98 
2833	36 
2834	59 
2835	17 
2836	30 
2837	35 
2838	75 
2839	94 
2840	76 
2841	16 
2842	95 
2843	54 
2844	38 
2845	89 
2846	90 
2847	36 
2848	8 
2849	73 
2850	29 
2851	32 
2852	20 
2853	51 
2854	50 
2855	64 
2856	73 
2857	28 
2858	87 
2859	25 
2860	77 
2861	21 
2862	15 
2863	75 
2864	93 
2865	17 
2866	59 
2867	68 
2868	35 
2869	69 
2870	43 
2871	32 
2872	70 
2873	76 
2874	44 
2875	68 
2876	50 
2877	90 
2878	15 
2879	93 
2880	62 
2881	93 
2882	17 
2883	1 
2884	56 
2885	89 
2886	56 
2887	29 
2888	26 
2889	30 
2890	71 
2891	17 
2892	33 
2893	78 
2894	96 
2895	4 
2896	54 
2897	72 
2898	70 
2899	91 
2900	19 
2901	92 
2902	58 
2903	93 
2904	75 
2905	47 
2906	76 
2907	98 
2908	28 
2909	37 
2910	10 
2911	28 
2912	64 
2913	51 
2914	70 
2915	83 
2916	15 
2917	59 
2918	82 
2919	10 
2920	81 
2921	53 
2922	73 
2923	17 
2924	33 
2925	51 
2926	79 
2927	78 
2928	83 
2929	29 
2930	93 
2931	60 
2932	47 
2933	89 
2934	47 
2935	32 
2936	23 
2937	69 
2938	44 
2939	1 
2940	29 
2941	76 
2942	70 
2943	35 
2944	32 
2945	48 
2946	62 
2947	1 
2948	33 
2949	55 
2950	91 
2951	42 
2952	96 
2953	43 
2954	59 
2955	35 
2956	59 
2957	47 
2958	33 
2959	96 
2960	76 
2961	31 
2962	47 
2963	26 
2964	52 
2965	80 
2966	82 
2967	28 
2968	81 
2969	98 
2970	29 
2971	38 
2972	93 
2973	52 
2974	45 
2975	72 
2976	1 
2977	100 
2978	54 
2979	79 
2980	89 
2981	46 
2982	56 
2983	48 
2984	76 
2985	25 
2986	69 
2987	90 
2988	83 
2989	90 
2990	77 
2991	39 
2992	69 
2993	53 
2994	77 
2995	35 
2996	15 
2997	62 
2998	90 
2999	10 
3000	32 
3001	30 
3002	15 
3003	46 
3004	93 
3005	82 
3006	65 
3007	78 
3008	48 
3009	56 
3010	79 
3011	54 
3012	76 
3013	33 
3014	13 
3015	15 
3016	3 
3017	50 
3018	93 
3019	23 
3020	35 
3021	69 
3022	70 
3023	17 
3024	20 
3025	13 
3026	29 
3027	15 
3028	46 
3029	34 
3030	70 
3031	30 
3032	5 
3033	35 
3034	31 
3035	74 
3036	53 
3037	18 
3038	41 
3039	20 
3040	93 
3041	26 
3042	92 
3043	11 
3044	38 
3045	66 
3046	92 
3047	13 
3048	5 
3049	99 
3050	2 
3051	15 
3052	53 
3053	19 
3054	81 
3055	74 
3056	75 
3057	1 
3058	5 
3059	97 
3060	69 
3061	61 
3062	94 
3063	60 
3064	34 
3065	100 
3066	90 
3067	12 
3068	37 
3069	63 
3070	57 
3071	90 
3072	51 
3073	17 
3074	78 
3075	22 
3076	17 
3077	48 
3078	46 
3079	68 
3080	52 
3081	80 
3082	87 
3083	18 
3084	32 
3085	30 
3086	78 
3087	70 
3088	51 
3089	15 
3090	9 
3091	7 
3092	17 
3093	8 
3094	2 
3095	69 
3096	62 
3097	58 
3098	22 
3099	40 
3100	48 
3101	71 
3102	57 
3103	72 
3104	59 
3105	46 
3106	89 
3107	51 
3108	3 
3109	15 
3110	5 
3111	29 
3112	3 
3113	19 
3114	40 
3115	98 
3116	55 
3117	52 
3118	12 
3119	78 
3120	78 
3121	46 
3122	46 
3123	91 
3124	10 
3125	78 
3126	8 
3127	41 
3128	51 
3129	57 
3130	31 
3131	21 
3132	70 
3133	59 
3134	54 
3135	91 
3136	47 
3137	32 
3138	12 
3139	76 
3140	53 
3141	46 
3142	24 
3143	7 
3144	5 
3145	73 
3146	3 
3147	4 
3148	17 
3149	60 
3150	17 
3151	87 
3152	72 
3153	79 
3154	74 
3155	71 
3156	61 
3157	31 
3158	25 
3159	12 
3160	10 
3161	76 
3162	33 
3163	53 
3164	40 
3165	31 
3166	5 
3167	51 
3168	34 
3169	78 
3170	83 
3171	50 
3172	71 
3173	49 
3174	16 
3175	8 
3176	46 
3177	16 
3178	90 
3179	12 
3180	86 
3181	29 
3182	30 
3183	17 
3184	82 
3185	50 
3186	53 
3187	19 
3188	90 
3189	4 
3190	10 
3191	2 
3192	98 
3193	26 
3194	70 
3195	95 
3196	55 
3197	50 
3198	16 
3199	62 
3200	2 
3201	5 
3202	11 
3203	53 
3204	91 
3205	21 
3206	60 
3207	81 
3208	14 
3209	23 
3210	87 
3211	42 
3212	93 
3213	19 
3214	38 
3215	71 
3216	95 
3217	3 
3218	59 
3219	82 
3220	81 
3221	35 
3222	60 
3223	75 
3224	75 
3225	33 
3226	62 
3227	48 
3228	42 
3229	61 
3230	17 
3231	5 
3232	66 
3233	39 
3234	86 
3235	70 
3236	5 
3237	10 
3238	77 
3239	12 
3240	62 
3241	40 
3242	64 
3243	82 
3244	98 
3245	44 
3246	18 
3247	31 
3248	32 
3249	70 
3250	51 
3251	25 
3252	66 
3253	5 
3254	22 
3255	42 
3256	30 
3257	25 
3258	78 
3259	99 
3260	73 
3261	48 
3262	69 
3263	17 
3264	89 
3265	58 
3266	35 
3267	29 
3268	98 
3269	27 
3270	82 
3271	47 
3272	17 
3273	48 
3274	58 
3275	88 
3276	37 
3277	8 
3278	73 
3279	17 
3280	72 
3281	58 
3282	76 
3283	17 
3284	48 
3285	93 
3286	42 
3287	74 
3288	64 
3289	88 
3290	15 
3291	13 
3292	14 
3293	49 
3294	70 
3295	48 
3296	28 
3297	75 
3298	46 
3299	40 
3300	83 
3301	95 
3302	22 
3303	90 
3304	21 
3305	35 
3306	53 
3307	90 
3308	50 
3309	95 
3310	7 
3311	20 
3312	98 
3313	51 
3314	19 
3315	35 
3316	92 
3317	55 
3318	98 
3319	11 
3320	86 
3321	68 
3322	34 
3323	21 
3324	83 
3325	40 
3326	75 
3327	14 
3328	91 
3329	100 
3330	77 
3331	81 
3332	47 
3333	34 
3334	47 
3335	61 
3336	41 
3337	51 
3338	73 
3339	2 
3340	41 
3341	25 
3342	48 
3343	23 
3344	55 
3345	79 
3346	15 
3347	2 
3348	39 
3349	51 
3350	90 
3351	76 
3352	93 
3353	51 
3354	54 
3355	5 
3356	70 
3357	83 
3358	73 
3359	90 
3360	28 
3361	71 
3362	80 
3363	57 
3364	40 
3365	39 
3366	89 
3367	16 
3368	76 
3369	39 
3370	31 
3371	9 
3372	40 
3373	35 
3374	35 
3375	10 
3376	63 
3377	7 
3378	65 
3379	37 
3380	55 
3381	23 
3382	71 
3383	69 
3384	51 
3385	82 
3386	77 
3387	9 
3388	60 
3389	88 
3390	98 
3391	9 
3392	2 
3393	31 
3394	70 
3395	89 
3396	39 
3397	57 
3398	99 
3399	2 
3400	60 
3401	17 
3402	73 
3403	25 
3404	21 
3405	4 
3406	63 
3407	45 
3408	29 
3409	94 
3410	90 
3411	94 
3412	91 
3413	81 
3414	75 
3415	71 
3416	12 
3417	100 
3418	72 
3419	18 
3420	23 
3421	29 
3422	43 
3423	31 
3424	29 
3425	29 
3426	8 
3427	88 
3428	54 
3429	54 
3430	4 
3431	15 
3432	66 
3433	60 
3434	73 
3435	91 
3436	33 
3437	2 
3438	64 
3439	80 
3440	16 
3441	61 
3442	5 
3443	21 
3444	90 
3445	25 
3446	82 
3447	1 
3448	55 
3449	5 
3450	54 
3451	10 
3452	87 
3453	7 
3454	77 
3455	90 
3456	95 
3457	92 
3458	73 
3459	62 
3460	62 
3461	72 
3462	92 
3463	61 
3464	52 
3465	72 
3466	97 
3467	46 
3468	40 
3469	83 
3470	97 
3471	38 
3472	30 
3473	87 
3474	87 
3475	54 
3476	75 
3477	15 
3478	45 
3479	85 
3480	91 
3481	84 
3482	14 
3483	51 
3484	96 
3485	82 
3486	2 
3487	70 
3488	6 
3489	32 
3490	76 
3491	14 
3492	59 
3493	47 
3494	64 
3495	29 
3496	77 
3497	47 
3498	51 
3499	21 
3500	18 
3501	65 
3502	3 
3503	63 
3504	16 
3505	77 
3506	64 
3507	62 
3508	35 
3509	35 
3510	37 
3511	85 
3512	87 
3513	90 
3514	59 
3515	80 
3516	64 
3517	82 
3518	57 
3519	49 
3520	84 
3521	72 
3522	69 
3523	15 
3524	80 
3525	92 
3526	24 
3527	38 
3528	24 
3529	27 
3530	27 
3531	46 
3532	51 
3533	2 
3534	29 
3535	74 
3536	76 
3537	75 
3538	51 
3539	24 
3540	56 
3541	2 
3542	54 
3543	70 
3544	80 
3545	77 
3546	40 
3547	56 
3548	63 
3549	35 
3550	93 
3551	42 
3552	86 
3553	96 
3554	35 
3555	60 
3556	76 
3557	21 
3558	64 
3559	32 
3560	64 
3561	12 
3562	25 
3563	24 
3564	5 
3565	29 
3566	83 
3567	78 
3568	98 
3569	2 
3570	18 
3571	25 
3572	5 
3573	43 
3574	72 
3575	82 
3576	10 
3577	21 
3578	13 
3579	36 
3580	19 
3581	35 
3582	77 
3583	11 
3584	29 
3585	21 
3586	90 
3587	32 
3588	46 
3589	99 
3590	10 
3591	67 
3592	73 
3593	53 
3594	52 
3595	64 
3596	23 
3597	98 
3598	56 
3599	31 
3600	93 
3601	72 
3602	95 
3603	5 
3604	67 
3605	1 
3606	66 
3607	20 
3608	74 
3609	47 
3610	39 
3611	29 
3612	76 
3613	76 
3614	12 
3615	5 
3616	57 
3617	89 
3618	80 
3619	95 
3620	26 
3621	5 
3622	76 
3623	38 
3624	19 
3625	30 
3626	9 
3627	25 
3628	20 
3629	2 
3630	73 
3631	17 
3632	24 
3633	28 
3634	22 
3635	69 
3636	39 
3637	1 
3638	51 
3639	12 
3640	11 
3641	45 
3642	24 
3643	89 
3644	93 
3645	98 
3646	70 
3647	100 
3648	29 
3649	75 
3650	39 
3651	98 
3652	52 
3653	77 
3654	66 
3655	24 
3656	55 
3657	98 
3658	12 
3659	76 
3660	7 
3661	46 
3662	47 
3663	35 
3664	93 
3665	3 
3666	39 
3667	76 
3668	81 
3669	98 
3670	77 
3671	16 
3672	64 
3673	93 
3674	59 
3675	25 
3676	98 
3677	51 
3678	66 
3679	92 
3680	97 
3681	25 
3682	56 
3683	73 
3684	77 
3685	74 
3686	38 
3687	54 
3688	100 
3689	54 
3690	64 
3691	50 
3692	75 
3693	11 
3694	21 
3695	4 
3696	57 
3697	86 
3698	77 
3699	4 
3700	29 
3701	57 
3702	46 
3703	4 
3704	30 
3705	76 
3706	62 
3707	23 
3708	59 
3709	45 
3710	47 
3711	88 
3712	28 
3713	62 
3714	97 
3715	34 
3716	77 
3717	77 
3718	33 
3719	81 
3720	80 
3721	71 
3722	33 
3723	23 
3724	45 
3725	13 
3726	63 
3727	65 
3728	44 
3729	66 
3730	31 
3731	7 
3732	48 
3733	31 
3734	17 
3735	67 
3736	83 
3737	12 
3738	82 
3739	96 
3740	64 
3741	18 
3742	62 
3743	75 
3744	85 
3745	22 
3746	57 
3747	39 
3748	61 
3749	84 
3750	54 
3751	68 
3752	91 
3753	45 
3754	29 
3755	46 
3756	2 
3757	6 
3758	98 
3759	98 
3760	46 
3761	47 
3762	45 
3763	59 
3764	90 
3765	90 
3766	31 
3767	77 
3768	56 
3769	97 
3770	78 
3771	82 
3772	32 
3773	77 
3774	21 
3775	83 
3776	98 
3777	79 
3778	87 
3779	95 
3780	69 
3781	30 
3782	23 
3783	85 
3784	70 
3785	24 
3786	9 
3787	75 
3788	25 
3789	27 
3790	39 
3791	68 
3792	61 
3793	63 
3794	11 
3795	35 
3796	71 
3797	47 
3798	70 
3799	19 
3800	79 
3801	97 
3802	95 
3803	37 
3804	64 
3805	40 
3806	45 
3807	62 
3808	51 
3809	74 
3810	47 
3811	12 
3812	46 
3813	31 
3814	82 
3815	98 
3816	87 
3817	30 
3818	70 
3819	73 
3820	57 
3821	75 
3822	87 
3823	74 
3824	25 
3825	35 
3826	21 
3827	30 
3828	35 
3829	90 
3830	51 
3831	97 
3832	41 
3833	72 
3834	65 
3835	46 
3836	64 
3837	51 
3838	93 
3839	57 
3840	49 
3841	86 
3842	23 
3843	4 
3844	20 
3845	98 
3846	19 
3847	93 
3848	77 
3849	75 
3850	17 
3851	24 
3852	57 
3853	32 
3854	15 
3855	42 
3856	76 
3857	33 
3858	42 
3859	64 
3860	62 
3861	37 
3862	26 
3863	19 
3864	29 
3865	40 
3866	39 
3867	81 
3868	69 
3869	21 
3870	90 
3871	29 
3872	40 
3873	31 
3874	95 
3875	14 
3876	53 
3877	69 
3878	22 
3879	59 
3880	1 
3881	72 
3882	13 
3883	45 
3884	5 
3885	74 
3886	13 
3887	28 
3888	92 
3889	54 
3890	91 
3891	94 
3892	59 
3893	47 
3894	91 
3895	8 
3896	72 
3897	33 
3898	53 
3899	42 
3900	70 
3901	51 
3902	88 
3903	91 
3904	39 
3905	80 
3906	90 
3907	2 
3908	35 
3909	10 
3910	46 
3911	30 
3912	37 
3913	89 
3914	48 
3915	70 
3916	8 
3917	91 
3918	28 
3919	91 
3920	2 
3921	69 
3922	46 
3923	21 
3924	25 
3925	33 
3926	24 
3927	91 
3928	17 
3929	77 
3930	21 
3931	13 
3932	60 
3933	61 
3934	51 
3935	30 
3936	38 
3937	12 
3938	17 
3939	56 
3940	19 
3941	21 
3942	15 
3943	8 
3944	71 
3945	21 
3946	78 
3947	25 
3948	99 
3949	14 
3950	12 
3951	83 
3952	4 
3953	68 
3954	12 
3955	56 
3956	51 
3957	65 
3958	17 
3959	4 
3960	99 
3961	90 
3962	52 
3963	57 
3964	39 
3965	88 
3966	1 
3967	46 
3968	33 
3969	68 
3970	5 
3971	10 
3972	90 
3973	26 
3974	96 
3975	98 
3976	90 
3977	46 
3978	28 
3979	6 
3980	69 
3981	55 
3982	7 
3983	33 
3984	69 
3985	30 
3986	70 
3987	12 
3988	76 
3989	28 
3990	31 
3991	36 
3992	16 
3993	15 
3994	56 
3995	42 
3996	31 
3997	1 
3998	5 
3999	17 
4000	90 
4001	47 
4002	84 
4003	15 
4004	77 
4005	53 
4006	90 
4007	89 
4008	12 
4009	56 
4010	91 
4011	90 
4012	88 
4013	59 
4014	37 
4015	71 
4016	88 
4017	19 
4018	73 
4019	65 
4020	43 
4021	91 
4022	31 
4023	44 
4024	16 
4025	72 
4026	39 
4027	16 
4028	100 
4029	77 
4030	8 
4031	40 
4032	48 
4033	41 
4034	15 
4035	60 
4036	58 
4037	56 
4038	4 
4039	72 
4040	85 
4041	66 
4042	5 
4043	62 
4044	71 
4045	42 
4046	42 
4047	55 
4048	99 
4049	12 
4050	31 
4051	17 
4052	12 
4053	10 
4054	7 
4055	48 
4056	53 
4057	29 
4058	85 
4059	50 
4060	17 
4061	29 
4062	36 
4063	80 
4064	81 
4065	8 
4066	69 
4067	46 
4068	47 
4069	94 
4070	60 
4071	30 
4072	70 
4073	73 
4074	6 
4075	29 
4076	69 
4077	21 
4078	98 
4079	26 
4080	38 
4081	35 
4082	15 
4083	89 
4084	29 
4085	54 
4086	35 
4087	79 
4088	70 
4089	40 
4090	36 
4091	29 
4092	90 
4093	32 
4094	25 
4095	81 
4096	30 
4097	76 
4098	67 
4099	72 
4100	91 
4101	80 
4102	5 
4103	53 
4104	65 
4105	77 
4106	73 
4107	63 
4108	60 
4109	24 
4110	70 
4111	19 
4112	80 
4113	25 
4114	69 
4115	82 
4116	29 
4117	98 
4118	52 
4119	82 
4120	89 
4121	93 
4122	97 
4123	14 
4124	30 
4125	39 
4126	21 
4127	83 
4128	8 
4129	26 
4130	73 
4131	5 
4132	6 
4133	95 
4134	75 
4135	72 
4136	93 
4137	71 
4138	67 
4139	87 
4140	12 
4141	71 
4142	43 
4143	97 
4144	24 
4145	39 
4146	86 
4147	72 
4148	76 
4149	69 
4150	37 
4151	37 
4152	32 
4153	83 
4154	81 
4155	2 
4156	40 
4157	31 
4158	70 
4159	56 
4160	98 
4161	21 
4162	12 
4163	40 
4164	32 
4165	58 
4166	55 
4167	31 
4168	38 
4169	68 
4170	33 
4171	73 
4172	76 
4173	76 
4174	75 
4175	38 
4176	17 
4177	75 
4178	90 
4179	25 
4180	31 
4181	80 
4182	98 
4183	83 
4184	24 
4185	77 
4186	99 
4187	62 
4188	31 
4189	48 
4190	43 
4191	62 
4192	51 
4193	77 
4194	9 
4195	79 
4196	5 
4197	74 
4198	12 
4199	91 
4200	47 
4201	91 
4202	90 
4203	96 
4204	64 
4205	89 
4206	39 
4207	64 
4208	32 
4209	57 
4210	36 
4211	30 
4212	17 
4213	60 
4214	70 
4215	32 
4216	37 
4217	32 
4218	5 
4219	66 
4220	76 
4221	73 
4222	46 
4223	3 
4224	73 
4225	55 
4226	77 
4227	23 
4228	72 
4229	19 
4230	74 
4231	82 
4232	67 
4233	2 
4234	37 
4235	63 
4236	12 
4237	75 
4238	71 
4239	90 
4240	7 
4241	7 
4242	52 
4243	96 
4244	9 
4245	82 
4246	76 
4247	55 
4248	11 
4249	46 
4250	75 
4251	47 
4252	98 
4253	59 
4254	69 
4255	21 
4256	91 
4257	55 
4258	94 
4259	45 
4260	51 
4261	66 
4262	29 
4263	2 
4264	98 
4265	70 
4266	57 
4267	54 
4268	17 
4269	11 
4270	64 
4271	79 
4272	95 
4273	35 
4274	16 
4275	10 
4276	27 
4277	83 
4278	77 
4279	14 
4280	47 
4281	13 
4282	55 
4283	90 
4284	33 
4285	30 
4286	37 
4287	18 
4288	32 
4289	92 
4290	73 
4291	98 
4292	61 
4293	72 
4294	100 
4295	29 
4296	65 
4297	27 
4298	43 
4299	83 
4300	53 
4301	73 
4302	98 
4303	17 
4304	42 
4305	31 
4306	25 
4307	12 
4308	74 
4309	30 
4310	61 
4311	19 
4312	37 
4313	38 
4314	45 
4315	93 
4316	59 
4317	63 
4318	21 
4319	46 
4320	82 
4321	69 
4322	21 
4323	12 
4324	24 
4325	33 
4326	17 
4327	28 
4328	10 
4329	93 
4330	65 
4331	15 
4332	40 
4333	33 
4334	91 
4335	93 
4336	80 
4337	20 
4338	90 
4339	22 
4340	78 
4341	76 
4342	35 
4343	99 
4344	93 
4345	84 
4346	46 
4347	17 
4348	67 
4349	1 
4350	17 
4351	11 
4352	88 
4353	7 
4354	77 
4355	98 
4356	23 
4357	60 
4358	51 
4359	75 
4360	40 
4361	48 
4362	33 
4363	31 
4364	17 
4365	85 
4366	59 
4367	75 
4368	66 
4369	18 
4370	35 
4371	27 
4372	45 
4373	12 
4374	34 
4375	89 
4376	86 
4377	46 
4378	94 
4379	33 
4380	26 
4381	81 
4382	33 
4383	53 
4384	90 
4385	100 
4386	10 
4387	3 
4388	55 
4389	99 
4390	77 
4391	94 
4392	62 
4393	33 
4394	31 
4395	77 
4396	5 
4397	37 
4398	90 
4399	75 
4400	37 
4401	51 
4402	87 
4403	83 
4404	85 
4405	11 
4406	41 
4407	76 
4408	5 
4409	33 
4410	54 
4411	98 
4412	14 
4413	5 
4414	80 
4415	91 
4416	46 
4417	30 
4418	73 
4419	15 
4420	90 
4421	21 
4422	73 
4423	2 
4424	5 
4425	99 
4426	23 
4427	90 
4428	55 
4429	21 
4430	48 
4431	87 
4432	25 
4433	60 
4434	27 
4435	15 
4436	88 
4437	37 
4438	83 
4439	47 
4440	4 
4441	29 
4442	35 
4443	90 
4444	73 
4445	29 
4446	46 
4447	97 
4448	42 
4449	19 
4450	99 
4451	37 
4452	11 
4453	17 
4454	66 
4455	22 
4456	38 
4457	25 
4458	69 
4459	32 
4460	90 
4461	78 
4462	87 
4463	30 
4464	21 
4465	98 
4466	94 
4467	21 
4468	23 
4469	25 
4470	77 
4471	62 
4472	35 
4473	73 
4474	12 
4475	61 
4476	48 
4477	78 
4478	9 
4479	4 
4480	10 
4481	83 
4482	79 
4483	90 
4484	87 
4485	99 
4486	85 
4487	28 
4488	99 
4489	36 
4490	47 
4491	17 
4492	13 
4493	69 
4494	51 
4495	78 
4496	71 
4497	87 
4498	48 
4499	10 
4500	8 
4501	51 
4502	87 
4503	69 
4504	86 
4505	94 
4506	76 
4507	82 
4508	29 
4509	21 
4510	72 
4511	4 
4512	99 
4513	76 
4514	30 
4515	85 
4516	69 
4517	15 
4518	53 
4519	20 
4520	22 
4521	38 
4522	89 
4523	56 
4524	82 
4525	99 
4526	51 
4527	69 
4528	69 
4529	48 
4530	94 
4531	69 
4532	38 
4533	56 
4534	38 
4535	10 
4536	76 
4537	58 
4538	65 
4539	40 
4540	83 
4541	15 
4542	33 
4543	46 
4544	83 
4545	48 
4546	87 
4547	53 
4548	52 
4549	73 
4550	32 
4551	51 
4552	80 
4553	30 
4554	77 
4555	32 
4556	51 
4557	98 
4558	24 
4559	54 
4560	70 
4561	98 
4562	15 
4563	55 
4564	68 
4565	97 
4566	5 
4567	35 
4568	73 
4569	90 
4570	64 
4571	39 
4572	77 
4573	12 
4574	46 
4575	13 
4576	85 
4577	11 
4578	60 
4579	5 
4580	36 
4581	30 
4582	12 
4583	21 
4584	14 
4585	32 
4586	1 
4587	97 
4588	2 
4589	38 
4590	76 
4591	32 
4592	64 
4593	40 
4594	42 
4595	87 
4596	7 
4597	62 
4598	78 
4599	76 
4600	17 
4601	11 
4602	90 
4603	55 
4604	17 
4605	93 
4606	31 
4607	57 
4608	93 
4609	71 
4610	35 
4611	61 
4612	47 
4613	69 
4614	60 
4615	35 
4616	33 
4617	27 
4618	38 
4619	87 
4620	83 
4621	77 
4622	77 
4623	56 
4624	88 
4625	31 
4626	25 
4627	12 
4628	54 
4629	99 
4630	75 
4631	78 
4632	46 
4633	88 
4634	33 
4635	25 
4636	81 
4637	55 
4638	35 
4639	58 
4640	21 
4641	90 
4642	13 
4643	1 
4644	47 
4645	96 
4646	71 
4647	27 
4648	10 
4649	100 
4650	47 
4651	11 
4652	38 
4653	15 
4654	76 
4655	4 
4656	14 
4657	19 
4658	28 
4659	69 
4660	71 
4661	82 
4662	98 
4663	18 
4664	30 
4665	92 
4666	78 
4667	72 
4668	29 
4669	69 
4670	90 
4671	15 
4672	74 
4673	1 
4674	47 
4675	31 
4676	58 
4677	12 
4678	7 
4679	96 
4680	29 
4681	69 
4682	29 
4683	76 
4684	28 
4685	71 
4686	29 
4687	12 
4688	15 
4689	38 
4690	72 
4691	25 
4692	71 
4693	59 
4694	12 
4695	39 
4696	12 
4697	92 
4698	22 
4699	60 
4700	61 
4701	7 
4702	97 
4703	35 
4704	57 
4705	17 
4706	93 
4707	68 
4708	47 
4709	11 
4710	53 
4711	82 
4712	80 
4713	61 
4714	30 
4715	69 
4716	77 
4717	35 
4718	56 
4719	17 
4720	79 
4721	42 
4722	91 
4723	83 
4724	59 
4725	53 
4726	18 
4727	8 
4728	12 
4729	15 
4730	98 
4731	35 
4732	31 
4733	75 
4734	87 
4735	4 
4736	64 
4737	55 
4738	87 
4739	7 
4740	38 
4741	39 
4742	42 
4743	91 
4744	75 
4745	47 
4746	13 
4747	37 
4748	71 
4749	87 
4750	30 
4751	69 
4752	39 
4753	5 
4754	28 
4755	73 
4756	71 
4757	33 
4758	97 
4759	98 
4760	73 
4761	21 
4762	89 
4763	98 
4764	40 
4765	29 
4766	51 
4767	53 
4768	4 
4769	31 
4770	5 
4771	69 
4772	17 
4773	63 
4774	48 
4775	72 
4776	59 
4777	31 
4778	30 
4779	82 
4780	38 
4781	29 
4782	69 
4783	54 
4784	11 
4785	11 
4786	25 
4787	4 
4788	74 
4789	32 
4790	47 
4791	5 
4792	8 
4793	58 
4794	89 
4795	40 
4796	37 
4797	15 
4798	98 
4799	62 
4800	70 
4801	75 
4802	31 
4803	13 
4804	69 
4805	29 
4806	51 
4807	21 
4808	77 
4809	32 
4810	69 
4811	4 
4812	39 
4813	70 
4814	1 
4815	22 
4816	51 
4817	17 
4818	83 
4819	29 
4820	60 
4821	30 
4822	40 
4823	75 
4824	29 
4825	31 
4826	83 
4827	97 
4828	75 
4829	37 
4830	30 
4831	48 
4832	37 
4833	99 
4834	71 
4835	8 
4836	63 
4837	46 
4838	51 
4839	25 
4840	53 
4841	1 
4842	15 
4843	77 
4844	98 
4845	78 
4846	81 
4847	71 
4848	21 
4849	17 
4850	8 
4851	63 
4852	61 
4853	35 
4854	77 
4855	80 
4856	29 
4857	80 
4858	31 
4859	25 
4860	98 
4861	93 
4862	62 
4863	33 
4864	15 
4865	31 
4866	40 
4867	99 
4868	21 
4869	46 
4870	17 
4871	62 
4872	5 
4873	35 
4874	93 
4875	83 
4876	15 
4877	83 
4878	25 
4879	97 
4880	40 
4881	51 
4882	25 
4883	82 
4884	54 
4885	69 
4886	1 
4887	70 
4888	46 
4889	33 
4890	15 
4891	22 
4892	29 
4893	54 
4894	64 
4895	31 
4896	33 
4897	8 
4898	75 
4899	90 
4900	28 
4901	69 
4902	32 
4903	55 
4904	61 
4905	73 
4906	29 
4907	57 
4908	51 
4909	55 
4910	31 
4911	80 
4912	93 
4913	82 
4914	61 
4915	51 
4916	39 
4917	29 
4918	2 
4919	17 
4920	19 
4921	15 
4922	80 
4923	28 
4924	46 
4925	51 
4926	37 
4927	91 
4928	56 
4929	55 
4930	72 
4931	75 
4932	83 
4933	99 
4934	31 
4935	47 
4936	29 
4937	90 
4938	31 
4939	78 
4940	38 
4941	80 
4942	75 
4943	55 
4944	54 
4945	47 
4946	29 
4947	73 
4948	72 
4949	69 
4950	78 
4951	82 
4952	63 
4953	77 
4954	31 
4955	69 
4956	25 
4957	78 
4958	46 
4959	28 
4960	5 
4961	19 
4962	73 
4963	5 
4964	61 
4965	75 
4966	15 
4967	99 
4968	99 
4969	83 
4970	46 
4971	98 
4972	31 
4973	78 
4974	15 
4975	38 
4976	39 
4977	91 
4978	69 
4979	47 
4980	51 
4981	31 
4982	47 
4983	80 
4984	29 
4985	33 
4986	21 
4987	61 
4988	69 
4989	29 
4990	29 
4991	98 
4992	5 
4993	99 
4994	99 
4995	91 
4996	37 
4997	25 
4998	90 
4999	21 
5000	47 
