1	16 
2	40 
3	23 
4	39 
5	26 
6	46 
7	5 
8	8 
9	67 
10	30 
11	44 
12	86 
13	71 
14	31 
15	44 
16	54 
17	14 
18	58 
19	104 
20	61 
21	63 
22	86 
23	40 
24	46 
25	99 
26	101 
27	30 
28	61 
29	36 
30	74 
31	12 
32	61 
33	20 
34	51 
35	49 
36	38 
37	86 
38	85 
39	37 
40	56 
41	21 
42	48 
43	71 
44	64 
45	53 
46	101 
47	74 
48	46 
49	83 
50	20 
51	53 
52	14 
53	32 
54	105 
55	67 
56	92 
57	29 
58	29 
59	9 
60	73 
61	80 
62	95 
63	22 
64	59 
65	105 
66	76 
67	84 
68	53 
69	82 
70	56 
71	26 
72	62 
73	72 
74	13 
75	28 
76	9 
77	64 
78	67 
79	61 
80	97 
81	96 
82	93 
83	92 
84	75 
85	71 
86	83 
87	60 
88	61 
89	72 
90	28 
91	58 
92	66 
93	27 
94	11 
95	90 
96	61 
97	61 
98	35 
99	41 
100	62 
101	99 
102	35 
103	77 
104	18 
105	51 
106	29 
107	104 
108	31 
109	97 
110	33 
111	75 
112	42 
113	17 
114	64 
115	53 
116	26 
117	73 
118	74 
119	81 
120	4 
121	97 
122	12 
123	16 
124	61 
125	74 
126	45 
127	45 
128	87 
129	21 
130	41 
131	40 
132	22 
133	74 
134	54 
135	71 
136	64 
137	46 
138	95 
139	1 
140	29 
141	62 
142	61 
143	56 
144	4 
145	49 
146	78 
147	24 
148	69 
149	78 
150	98 
151	61 
152	61 
153	10 
154	83 
155	22 
156	84 
157	49 
158	89 
159	35 
160	10 
161	63 
162	60 
163	61 
164	52 
165	20 
166	16 
167	58 
168	56 
169	19 
170	53 
171	27 
172	83 
173	62 
174	92 
175	103 
176	13 
177	55 
178	20 
179	74 
180	71 
181	2 
182	54 
183	95 
184	73 
185	59 
186	103 
187	64 
188	50 
189	103 
190	104 
191	50 
192	57 
193	53 
194	100 
195	33 
196	92 
197	15 
198	69 
199	84 
200	70 
201	91 
202	42 
203	104 
204	37 
205	56 
206	97 
207	104 
208	64 
209	52 
210	39 
211	53 
212	13 
213	76 
214	61 
215	61 
216	70 
217	54 
218	38 
219	62 
220	97 
221	93 
222	79 
223	88 
224	9 
225	64 
226	12 
227	29 
228	51 
229	89 
230	7 
231	56 
232	17 
233	1 
234	56 
235	28 
236	35 
237	38 
238	85 
239	66 
240	31 
241	40 
242	103 
243	43 
244	26 
245	53 
246	60 
247	53 
248	22 
249	93 
250	75 
251	75 
252	28 
253	25 
254	64 
255	61 
256	97 
257	55 
258	44 
259	102 
260	9 
261	43 
262	2 
263	91 
264	17 
265	101 
266	21 
267	102 
268	60 
269	62 
270	75 
271	33 
272	40 
273	93 
274	42 
275	10 
276	85 
277	25 
278	92 
279	90 
280	53 
281	27 
282	29 
283	76 
284	32 
285	74 
286	67 
287	74 
288	72 
289	5 
290	19 
291	11 
292	99 
293	76 
294	19 
295	82 
296	71 
297	19 
298	12 
299	69 
300	49 
301	10 
302	23 
303	85 
304	89 
305	98 
306	92 
307	79 
308	102 
309	14 
310	1 
311	13 
312	104 
313	46 
314	41 
315	9 
316	11 
317	60 
318	98 
319	53 
320	56 
321	22 
322	29 
323	99 
324	95 
325	67 
326	55 
327	23 
328	70 
329	4 
330	56 
331	25 
332	44 
333	10 
334	62 
335	50 
336	71 
337	80 
338	52 
339	44 
340	84 
341	91 
342	4 
343	74 
344	98 
345	80 
346	62 
347	101 
348	18 
349	6 
350	22 
351	70 
352	98 
353	27 
354	65 
355	78 
356	86 
357	57 
358	12 
359	29 
360	14 
361	37 
362	52 
363	18 
364	73 
365	18 
366	80 
367	73 
368	99 
369	11 
370	47 
371	102 
372	73 
373	92 
374	15 
375	3 
376	37 
377	42 
378	67 
379	34 
380	46 
381	31 
382	92 
383	53 
384	6 
385	49 
386	87 
387	2 
388	50 
389	21 
390	14 
391	65 
392	44 
393	13 
394	97 
395	71 
396	57 
397	28 
398	103 
399	33 
400	56 
401	101 
402	103 
403	64 
404	86 
405	17 
406	30 
407	12 
408	87 
409	99 
410	4 
411	96 
412	99 
413	93 
414	14 
415	6 
416	3 
417	47 
418	8 
419	22 
420	43 
421	46 
422	38 
423	19 
424	83 
425	4 
426	10 
427	38 
428	4 
429	10 
430	49 
431	74 
432	56 
433	51 
434	103 
435	70 
436	65 
437	54 
438	65 
439	67 
440	92 
441	56 
442	13 
443	43 
444	76 
445	97 
446	54 
447	56 
448	67 
449	92 
450	20 
451	3 
452	84 
453	77 
454	32 
455	14 
456	26 
457	25 
458	84 
459	22 
460	78 
461	28 
462	31 
463	4 
464	49 
465	54 
466	49 
467	14 
468	56 
469	19 
470	50 
471	103 
472	64 
473	56 
474	46 
475	74 
476	99 
477	17 
478	59 
479	32 
480	51 
481	99 
482	41 
483	105 
484	53 
485	74 
486	34 
487	36 
488	83 
489	18 
490	99 
491	53 
492	38 
493	97 
494	90 
495	95 
496	74 
497	71 
498	60 
499	45 
500	76 
501	38 
502	29 
503	52 
504	3 
505	100 
506	101 
507	32 
508	102 
509	76 
510	11 
511	4 
512	4 
513	28 
514	9 
515	75 
516	105 
517	46 
518	16 
519	73 
520	23 
521	51 
522	10 
523	69 
524	65 
525	28 
526	58 
527	39 
528	89 
529	102 
530	90 
531	74 
532	95 
533	37 
534	12 
535	28 
536	34 
537	76 
538	54 
539	32 
540	53 
541	55 
542	6 
543	21 
544	38 
545	54 
546	58 
547	54 
548	71 
549	55 
550	67 
551	4 
552	75 
553	68 
554	44 
555	31 
556	3 
557	86 
558	40 
559	103 
560	99 
561	56 
562	65 
563	19 
564	94 
565	48 
566	80 
567	64 
568	60 
569	26 
570	92 
571	1 
572	92 
573	37 
574	22 
575	55 
576	19 
577	6 
578	61 
579	46 
580	14 
581	62 
582	13 
583	42 
584	74 
585	6 
586	73 
587	88 
588	104 
589	74 
590	73 
591	20 
592	10 
593	69 
594	36 
595	29 
596	102 
597	3 
598	12 
599	83 
600	52 
601	97 
602	76 
603	31 
604	40 
605	84 
606	61 
607	42 
608	81 
609	29 
610	76 
611	16 
612	105 
613	1 
614	3 
615	10 
616	59 
617	58 
618	10 
619	84 
620	40 
621	24 
622	48 
623	73 
624	67 
625	64 
626	83 
627	97 
628	74 
629	67 
630	67 
631	69 
632	100 
633	20 
634	89 
635	76 
636	3 
637	63 
638	67 
639	51 
640	81 
641	41 
642	73 
643	83 
644	55 
645	8 
646	62 
647	62 
648	49 
649	87 
650	100 
651	38 
652	54 
653	98 
654	56 
655	59 
656	28 
657	104 
658	42 
659	70 
660	4 
661	75 
662	87 
663	98 
664	60 
665	7 
666	67 
667	62 
668	78 
669	64 
670	39 
671	53 
672	43 
673	57 
674	60 
675	102 
676	27 
677	16 
678	50 
679	42 
680	98 
681	83 
682	28 
683	104 
684	83 
685	53 
686	8 
687	64 
688	96 
689	22 
690	99 
691	22 
692	18 
693	76 
694	13 
695	57 
696	29 
697	9 
698	2 
699	46 
700	59 
701	97 
702	99 
703	11 
704	57 
705	72 
706	48 
707	86 
708	46 
709	1 
710	29 
711	57 
712	33 
713	3 
714	22 
715	68 
716	41 
717	90 
718	74 
719	57 
720	71 
721	92 
722	67 
723	65 
724	28 
725	86 
726	95 
727	64 
728	75 
729	104 
730	28 
731	28 
732	97 
733	99 
734	15 
735	10 
736	29 
737	16 
738	39 
739	12 
740	56 
741	99 
742	103 
743	55 
744	28 
745	76 
746	32 
747	64 
748	64 
749	89 
750	56 
751	69 
752	14 
753	73 
754	63 
755	80 
756	21 
757	54 
758	62 
759	30 
760	104 
761	53 
762	16 
763	38 
764	62 
765	15 
766	22 
767	49 
768	36 
769	17 
770	65 
771	32 
772	86 
773	44 
774	58 
775	96 
776	74 
777	52 
778	6 
779	12 
780	32 
781	71 
782	32 
783	44 
784	41 
785	22 
786	89 
787	73 
788	70 
789	61 
790	63 
791	73 
792	32 
793	56 
794	50 
795	19 
796	92 
797	56 
798	63 
799	17 
800	12 
801	103 
802	101 
803	28 
804	20 
805	71 
806	41 
807	74 
808	4 
809	105 
810	80 
811	62 
812	36 
813	76 
814	38 
815	17 
816	76 
817	61 
818	97 
819	38 
820	32 
821	83 
822	27 
823	45 
824	4 
825	80 
826	21 
827	96 
828	73 
829	48 
830	16 
831	15 
832	99 
833	95 
834	15 
835	32 
836	54 
837	44 
838	65 
839	22 
840	12 
841	99 
842	28 
843	68 
844	27 
845	101 
846	80 
847	62 
848	28 
849	87 
850	1 
851	86 
852	64 
853	68 
854	39 
855	101 
856	18 
857	34 
858	13 
859	12 
860	75 
861	66 
862	80 
863	83 
864	99 
865	59 
866	82 
867	12 
868	19 
869	6 
870	19 
871	28 
872	62 
873	5 
874	13 
875	22 
876	67 
877	16 
878	91 
879	93 
880	32 
881	105 
882	50 
883	2 
884	13 
885	68 
886	67 
887	99 
888	91 
889	65 
890	80 
891	78 
892	67 
893	91 
894	28 
895	38 
896	69 
897	4 
898	93 
899	77 
900	58 
901	58 
902	32 
903	44 
904	70 
905	101 
906	8 
907	78 
908	14 
909	91 
910	99 
911	49 
912	69 
913	54 
914	97 
915	104 
916	92 
917	18 
918	91 
919	3 
920	2 
921	94 
922	36 
923	2 
924	35 
925	30 
926	98 
927	28 
928	47 
929	16 
930	40 
931	23 
932	27 
933	51 
934	48 
935	80 
936	25 
937	66 
938	15 
939	79 
940	73 
941	33 
942	32 
943	52 
944	104 
945	97 
946	11 
947	38 
948	19 
949	19 
950	42 
951	12 
952	94 
953	86 
954	85 
955	76 
956	41 
957	60 
958	55 
959	19 
960	23 
961	87 
962	101 
963	37 
964	9 
965	61 
966	28 
967	74 
968	15 
969	40 
970	31 
971	74 
972	60 
973	48 
974	73 
975	62 
976	42 
977	97 
978	56 
979	49 
980	42 
981	36 
982	84 
983	93 
984	62 
985	61 
986	54 
987	61 
988	83 
989	31 
990	20 
991	88 
992	41 
993	36 
994	39 
995	76 
996	53 
997	67 
998	3 
999	19 
1000	9 
1001	4 
1002	64 
1003	58 
1004	22 
1005	70 
1006	99 
1007	80 
1008	1 
1009	18 
1010	67 
1011	86 
1012	50 
1013	102 
1014	34 
1015	9 
1016	84 
1017	8 
1018	27 
1019	94 
1020	66 
1021	14 
1022	5 
1023	53 
1024	38 
1025	11 
1026	23 
1027	39 
1028	62 
1029	63 
1030	76 
1031	48 
1032	39 
1033	49 
1034	91 
1035	67 
1036	1 
1037	35 
1038	2 
1039	12 
1040	32 
1041	54 
1042	83 
1043	78 
1044	94 
1045	60 
1046	17 
1047	28 
1048	83 
1049	80 
1050	62 
1051	21 
1052	99 
1053	35 
1054	4 
1055	39 
1056	36 
1057	102 
1058	82 
1059	41 
1060	97 
1061	80 
1062	101 
1063	101 
1064	99 
1065	62 
1066	54 
1067	3 
1068	80 
1069	59 
1070	21 
1071	21 
1072	62 
1073	26 
1074	29 
1075	53 
1076	83 
1077	65 
1078	28 
1079	55 
1080	97 
1081	17 
1082	88 
1083	22 
1084	61 
1085	76 
1086	66 
1087	80 
1088	62 
1089	37 
1090	27 
1091	85 
1092	65 
1093	97 
1094	99 
1095	99 
1096	4 
1097	70 
1098	102 
1099	95 
1100	13 
1101	75 
1102	68 
1103	35 
1104	77 
1105	71 
1106	99 
1107	19 
1108	104 
1109	53 
1110	70 
1111	32 
1112	10 
1113	31 
1114	100 
1115	3 
1116	87 
1117	97 
1118	70 
1119	66 
1120	2 
1121	66 
1122	49 
1123	10 
1124	75 
1125	10 
1126	11 
1127	75 
1128	65 
1129	56 
1130	41 
1131	21 
1132	23 
1133	3 
1134	87 
1135	15 
1136	7 
1137	54 
1138	104 
1139	52 
1140	86 
1141	12 
1142	68 
1143	60 
1144	98 
1145	36 
1146	20 
1147	92 
1148	59 
1149	65 
1150	84 
1151	93 
1152	83 
1153	85 
1154	39 
1155	78 
1156	80 
1157	38 
1158	86 
1159	82 
1160	61 
1161	75 
1162	20 
1163	56 
1164	62 
1165	99 
1166	40 
1167	55 
1168	73 
1169	44 
1170	1 
1171	75 
1172	105 
1173	28 
1174	99 
1175	71 
1176	29 
1177	53 
1178	104 
1179	45 
1180	41 
1181	82 
1182	8 
1183	4 
1184	67 
1185	19 
1186	12 
1187	80 
1188	14 
1189	31 
1190	64 
1191	94 
1192	79 
1193	32 
1194	56 
1195	86 
1196	70 
1197	101 
1198	51 
1199	90 
1200	32 
1201	11 
1202	60 
1203	13 
1204	28 
1205	81 
1206	80 
1207	4 
1208	40 
1209	40 
1210	6 
1211	85 
1212	29 
1213	101 
1214	31 
1215	12 
1216	98 
1217	96 
1218	10 
1219	49 
1220	83 
1221	104 
1222	58 
1223	85 
1224	91 
1225	47 
1226	79 
1227	103 
1228	53 
1229	47 
1230	46 
1231	25 
1232	54 
1233	88 
1234	41 
1235	37 
1236	36 
1237	90 
1238	83 
1239	16 
1240	72 
1241	93 
1242	42 
1243	71 
1244	69 
1245	86 
1246	18 
1247	76 
1248	24 
1249	31 
1250	86 
1251	35 
1252	1 
1253	78 
1254	103 
1255	76 
1256	19 
1257	2 
1258	20 
1259	83 
1260	66 
1261	41 
1262	49 
1263	39 
1264	92 
1265	94 
1266	67 
1267	73 
1268	1 
1269	61 
1270	53 
1271	31 
1272	22 
1273	100 
1274	71 
1275	14 
1276	74 
1277	42 
1278	59 
1279	62 
1280	69 
1281	59 
1282	38 
1283	4 
1284	4 
1285	70 
1286	17 
1287	51 
1288	92 
1289	104 
1290	83 
1291	79 
1292	6 
1293	7 
1294	63 
1295	39 
1296	54 
1297	54 
1298	24 
1299	36 
1300	97 
1301	32 
1302	56 
1303	22 
1304	10 
1305	66 
1306	4 
1307	4 
1308	17 
1309	104 
1310	5 
1311	100 
1312	52 
1313	28 
1314	53 
1315	98 
1316	57 
1317	6 
1318	61 
1319	88 
1320	101 
1321	86 
1322	67 
1323	14 
1324	27 
1325	101 
1326	80 
1327	41 
1328	16 
1329	10 
1330	71 
1331	99 
1332	64 
1333	67 
1334	56 
1335	29 
1336	40 
1337	71 
1338	104 
1339	30 
1340	55 
1341	39 
1342	72 
1343	95 
1344	16 
1345	102 
1346	34 
1347	7 
1348	99 
1349	28 
1350	53 
1351	71 
1352	36 
1353	37 
1354	19 
1355	29 
1356	64 
1357	14 
1358	69 
1359	4 
1360	80 
1361	17 
1362	30 
1363	50 
1364	104 
1365	85 
1366	25 
1367	13 
1368	24 
1369	5 
1370	67 
1371	78 
1372	104 
1373	47 
1374	95 
1375	36 
1376	101 
1377	74 
1378	84 
1379	21 
1380	26 
1381	63 
1382	92 
1383	70 
1384	28 
1385	28 
1386	10 
1387	71 
1388	25 
1389	74 
1390	90 
1391	68 
1392	90 
1393	48 
1394	23 
1395	89 
1396	20 
1397	67 
1398	63 
1399	56 
1400	25 
1401	82 
1402	104 
1403	51 
1404	99 
1405	55 
1406	12 
1407	73 
1408	38 
1409	54 
1410	1 
1411	71 
1412	28 
1413	62 
1414	77 
1415	37 
1416	43 
1417	54 
1418	83 
1419	38 
1420	86 
1421	68 
1422	55 
1423	32 
1424	65 
1425	61 
1426	32 
1427	76 
1428	3 
1429	76 
1430	34 
1431	92 
1432	71 
1433	103 
1434	39 
1435	73 
1436	101 
1437	62 
1438	99 
1439	76 
1440	82 
1441	15 
1442	85 
1443	92 
1444	12 
1445	75 
1446	67 
1447	38 
1448	85 
1449	15 
1450	59 
1451	52 
1452	24 
1453	68 
1454	19 
1455	56 
1456	93 
1457	10 
1458	37 
1459	53 
1460	91 
1461	11 
1462	77 
1463	12 
1464	37 
1465	56 
1466	26 
1467	72 
1468	73 
1469	69 
1470	36 
1471	5 
1472	18 
1473	56 
1474	74 
1475	79 
1476	15 
1477	71 
1478	75 
1479	73 
1480	89 
1481	69 
1482	97 
1483	66 
1484	45 
1485	37 
1486	101 
1487	62 
1488	95 
1489	41 
1490	27 
1491	100 
1492	51 
1493	62 
1494	62 
1495	70 
1496	62 
1497	101 
1498	42 
1499	63 
1500	13 
1501	61 
1502	11 
1503	50 
1504	69 
1505	80 
1506	4 
1507	53 
1508	75 
1509	9 
1510	97 
1511	80 
1512	57 
1513	50 
1514	10 
1515	52 
1516	94 
1517	42 
1518	75 
1519	63 
1520	68 
1521	41 
1522	32 
1523	12 
1524	19 
1525	71 
1526	62 
1527	11 
1528	71 
1529	67 
1530	17 
1531	49 
1532	1 
1533	10 
1534	52 
1535	13 
1536	79 
1537	45 
1538	40 
1539	23 
1540	37 
1541	12 
1542	28 
1543	92 
1544	96 
1545	56 
1546	72 
1547	4 
1548	59 
1549	56 
1550	43 
1551	50 
1552	29 
1553	95 
1554	54 
1555	21 
1556	104 
1557	97 
1558	2 
1559	103 
1560	45 
1561	35 
1562	85 
1563	62 
1564	32 
1565	92 
1566	104 
1567	10 
1568	62 
1569	71 
1570	27 
1571	66 
1572	76 
1573	49 
1574	60 
1575	72 
1576	88 
1577	28 
1578	75 
1579	61 
1580	3 
1581	22 
1582	18 
1583	58 
1584	22 
1585	7 
1586	59 
1587	15 
1588	53 
1589	25 
1590	97 
1591	105 
1592	10 
1593	81 
1594	60 
1595	104 
1596	38 
1597	63 
1598	41 
1599	7 
1600	16 
1601	80 
1602	64 
1603	93 
1604	19 
1605	12 
1606	33 
1607	95 
1608	102 
1609	84 
1610	31 
1611	99 
1612	104 
1613	39 
1614	61 
1615	76 
1616	72 
1617	26 
1618	31 
1619	83 
1620	31 
1621	55 
1622	15 
1623	2 
1624	68 
1625	50 
1626	49 
1627	5 
1628	86 
1629	39 
1630	38 
1631	71 
1632	14 
1633	56 
1634	36 
1635	28 
1636	90 
1637	29 
1638	79 
1639	68 
1640	10 
1641	43 
1642	45 
1643	85 
1644	80 
1645	97 
1646	22 
1647	17 
1648	90 
1649	45 
1650	99 
1651	48 
1652	53 
1653	99 
1654	48 
1655	45 
1656	47 
1657	40 
1658	26 
1659	90 
1660	20 
1661	89 
1662	36 
1663	97 
1664	16 
1665	57 
1666	29 
1667	35 
1668	100 
1669	62 
1670	12 
1671	93 
1672	43 
1673	12 
1674	19 
1675	21 
1676	49 
1677	13 
1678	43 
1679	28 
1680	56 
1681	58 
1682	8 
1683	63 
1684	36 
1685	43 
1686	32 
1687	6 
1688	101 
1689	3 
1690	83 
1691	87 
1692	54 
1693	7 
1694	70 
1695	63 
1696	102 
1697	13 
1698	25 
1699	28 
1700	70 
1701	31 
1702	48 
1703	29 
1704	101 
1705	56 
1706	92 
1707	13 
1708	60 
1709	95 
1710	60 
1711	31 
1712	12 
1713	60 
1714	28 
1715	99 
1716	57 
1717	56 
1718	7 
1719	61 
1720	26 
1721	49 
1722	67 
1723	74 
1724	42 
1725	72 
1726	97 
1727	67 
1728	37 
1729	58 
1730	37 
1731	88 
1732	57 
1733	28 
1734	32 
1735	93 
1736	61 
1737	95 
1738	85 
1739	1 
1740	97 
1741	41 
1742	38 
1743	101 
1744	70 
1745	20 
1746	41 
1747	51 
1748	31 
1749	74 
1750	94 
1751	10 
1752	59 
1753	3 
1754	74 
1755	95 
1756	80 
1757	82 
1758	28 
1759	10 
1760	67 
1761	32 
1762	57 
1763	89 
1764	62 
1765	77 
1766	62 
1767	10 
1768	47 
1769	31 
1770	62 
1771	97 
1772	10 
1773	14 
1774	60 
1775	40 
1776	94 
1777	67 
1778	84 
1779	67 
1780	40 
1781	56 
1782	70 
1783	3 
1784	55 
1785	3 
1786	62 
1787	41 
1788	76 
1789	98 
1790	36 
1791	39 
1792	11 
1793	101 
1794	80 
1795	41 
1796	40 
1797	42 
1798	104 
1799	57 
1800	91 
1801	5 
1802	67 
1803	4 
1804	15 
1805	38 
1806	28 
1807	70 
1808	91 
1809	2 
1810	35 
1811	5 
1812	26 
1813	12 
1814	15 
1815	41 
1816	75 
1817	104 
1818	67 
1819	59 
1820	54 
1821	67 
1822	96 
1823	99 
1824	38 
1825	4 
1826	7 
1827	37 
1828	37 
1829	4 
1830	102 
1831	52 
1832	33 
1833	60 
1834	39 
1835	31 
1836	1 
1837	14 
1838	13 
1839	61 
1840	29 
1841	67 
1842	51 
1843	74 
1844	95 
1845	98 
1846	102 
1847	62 
1848	7 
1849	80 
1850	13 
1851	53 
1852	11 
1853	36 
1854	50 
1855	99 
1856	25 
1857	62 
1858	32 
1859	41 
1860	75 
1861	36 
1862	10 
1863	44 
1864	78 
1865	98 
1866	33 
1867	93 
1868	90 
1869	76 
1870	64 
1871	3 
1872	63 
1873	68 
1874	61 
1875	53 
1876	76 
1877	80 
1878	7 
1879	41 
1880	55 
1881	7 
1882	15 
1883	29 
1884	76 
1885	49 
1886	30 
1887	15 
1888	99 
1889	59 
1890	46 
1891	48 
1892	2 
1893	76 
1894	58 
1895	97 
1896	99 
1897	55 
1898	61 
1899	58 
1900	44 
1901	84 
1902	57 
1903	5 
1904	3 
1905	19 
1906	84 
1907	35 
1908	72 
1909	41 
1910	86 
1911	89 
1912	25 
1913	48 
1914	81 
1915	101 
1916	47 
1917	13 
1918	24 
1919	56 
1920	87 
1921	90 
1922	64 
1923	41 
1924	76 
1925	71 
1926	32 
1927	95 
1928	70 
1929	59 
1930	87 
1931	51 
1932	10 
1933	104 
1934	21 
1935	3 
1936	20 
1937	82 
1938	97 
1939	82 
1940	80 
1941	14 
1942	19 
1943	30 
1944	4 
1945	70 
1946	10 
1947	75 
1948	6 
1949	85 
1950	13 
1951	83 
1952	31 
1953	8 
1954	32 
1955	17 
1956	71 
1957	97 
1958	7 
1959	104 
1960	32 
1961	74 
1962	97 
1963	54 
1964	62 
1965	14 
1966	14 
1967	82 
1968	76 
1969	101 
1970	13 
1971	70 
1972	101 
1973	101 
1974	32 
1975	83 
1976	37 
1977	37 
1978	62 
1979	61 
1980	97 
1981	62 
1982	24 
1983	83 
1984	84 
1985	74 
1986	92 
1987	19 
1988	41 
1989	42 
1990	93 
1991	91 
1992	30 
1993	77 
1994	54 
1995	27 
1996	105 
1997	83 
1998	46 
1999	32 
2000	8 
2001	39 
2002	10 
2003	56 
2004	45 
2005	74 
2006	83 
2007	22 
2008	39 
2009	83 
2010	70 
2011	83 
2012	71 
2013	85 
2014	40 
2015	78 
2016	60 
2017	59 
2018	56 
2019	56 
2020	11 
2021	1 
2022	92 
2023	2 
2024	50 
2025	13 
2026	99 
2027	4 
2028	10 
2029	98 
2030	80 
2031	4 
2032	48 
2033	54 
2034	52 
2035	28 
2036	17 
2037	3 
2038	53 
2039	76 
2040	48 
2041	101 
2042	38 
2043	21 
2044	12 
2045	35 
2046	22 
2047	91 
2048	82 
2049	55 
2050	9 
2051	1 
2052	4 
2053	56 
2054	14 
2055	59 
2056	67 
2057	74 
2058	53 
2059	80 
2060	71 
2061	70 
2062	53 
2063	80 
2064	96 
2065	21 
2066	21 
2067	57 
2068	80 
2069	32 
2070	46 
2071	61 
2072	50 
2073	9 
2074	3 
2075	54 
2076	3 
2077	67 
2078	10 
2079	36 
2080	15 
2081	48 
2082	76 
2083	76 
2084	83 
2085	60 
2086	2 
2087	87 
2088	56 
2089	68 
2090	20 
2091	32 
2092	9 
2093	4 
2094	83 
2095	51 
2096	74 
2097	97 
2098	37 
2099	66 
2100	12 
2101	10 
2102	26 
2103	45 
2104	3 
2105	90 
2106	5 
2107	81 
2108	34 
2109	61 
2110	8 
2111	73 
2112	21 
2113	14 
2114	5 
2115	36 
2116	30 
2117	97 
2118	80 
2119	90 
2120	53 
2121	71 
2122	70 
2123	35 
2124	94 
2125	60 
2126	12 
2127	28 
2128	53 
2129	29 
2130	42 
2131	71 
2132	10 
2133	68 
2134	23 
2135	27 
2136	3 
2137	19 
2138	2 
2139	39 
2140	38 
2141	96 
2142	38 
2143	73 
2144	66 
2145	38 
2146	33 
2147	4 
2148	71 
2149	67 
2150	14 
2151	41 
2152	53 
2153	40 
2154	4 
2155	66 
2156	48 
2157	92 
2158	24 
2159	4 
2160	75 
2161	50 
2162	81 
2163	74 
2164	38 
2165	73 
2166	82 
2167	10 
2168	44 
2169	67 
2170	74 
2171	46 
2172	69 
2173	86 
2174	20 
2175	31 
2176	33 
2177	74 
2178	64 
2179	99 
2180	97 
2181	82 
2182	85 
2183	59 
2184	104 
2185	53 
2186	72 
2187	70 
2188	30 
2189	10 
2190	65 
2191	9 
2192	40 
2193	79 
2194	10 
2195	20 
2196	105 
2197	38 
2198	78 
2199	71 
2200	29 
2201	104 
2202	4 
2203	92 
2204	15 
2205	99 
2206	53 
2207	81 
2208	13 
2209	31 
2210	79 
2211	83 
2212	57 
2213	5 
2214	83 
2215	22 
2216	60 
2217	21 
2218	36 
2219	11 
2220	46 
2221	40 
2222	23 
2223	6 
2224	27 
2225	33 
2226	58 
2227	43 
2228	81 
2229	59 
2230	104 
2231	45 
2232	52 
2233	4 
2234	15 
2235	60 
2236	17 
2237	22 
2238	12 
2239	46 
2240	54 
2241	64 
2242	10 
2243	66 
2244	50 
2245	51 
2246	12 
2247	39 
2248	96 
2249	31 
2250	10 
2251	72 
2252	52 
2253	73 
2254	8 
2255	6 
2256	42 
2257	59 
2258	98 
2259	80 
2260	23 
2261	67 
2262	28 
2263	70 
2264	45 
2265	61 
2266	59 
2267	35 
2268	71 
2269	17 
2270	39 
2271	46 
2272	49 
2273	69 
2274	25 
2275	40 
2276	88 
2277	71 
2278	81 
2279	66 
2280	64 
2281	39 
2282	80 
2283	50 
2284	104 
2285	97 
2286	66 
2287	72 
2288	38 
2289	55 
2290	40 
2291	75 
2292	104 
2293	92 
2294	4 
2295	97 
2296	19 
2297	52 
2298	68 
2299	32 
2300	56 
2301	72 
2302	65 
2303	36 
2304	101 
2305	4 
2306	82 
2307	44 
2308	31 
2309	53 
2310	64 
2311	33 
2312	59 
2313	39 
2314	40 
2315	85 
2316	53 
2317	88 
2318	64 
2319	56 
2320	38 
2321	18 
2322	55 
2323	32 
2324	84 
2325	62 
2326	73 
2327	79 
2328	32 
2329	12 
2330	6 
2331	39 
2332	19 
2333	36 
2334	28 
2335	56 
2336	78 
2337	102 
2338	37 
2339	22 
2340	15 
2341	59 
2342	71 
2343	10 
2344	62 
2345	101 
2346	62 
2347	7 
2348	101 
2349	78 
2350	76 
2351	62 
2352	29 
2353	50 
2354	8 
2355	44 
2356	82 
2357	75 
2358	36 
2359	49 
2360	73 
2361	20 
2362	80 
2363	44 
2364	21 
2365	54 
2366	65 
2367	22 
2368	79 
2369	55 
2370	56 
2371	103 
2372	5 
2373	2 
2374	49 
2375	96 
2376	48 
2377	73 
2378	48 
2379	67 
2380	15 
2381	97 
2382	73 
2383	9 
2384	74 
2385	10 
2386	96 
2387	64 
2388	41 
2389	41 
2390	70 
2391	64 
2392	96 
2393	2 
2394	12 
2395	100 
2396	33 
2397	102 
2398	33 
2399	49 
2400	101 
2401	5 
2402	58 
2403	48 
2404	71 
2405	95 
2406	87 
2407	48 
2408	96 
2409	40 
2410	62 
2411	4 
2412	99 
2413	69 
2414	99 
2415	41 
2416	12 
2417	92 
2418	54 
2419	73 
2420	88 
2421	58 
2422	76 
2423	7 
2424	48 
2425	79 
2426	92 
2427	4 
2428	53 
2429	69 
2430	48 
2431	101 
2432	75 
2433	33 
2434	10 
2435	83 
2436	87 
2437	4 
2438	77 
2439	100 
2440	45 
2441	58 
2442	38 
2443	71 
2444	56 
2445	74 
2446	56 
2447	39 
2448	100 
2449	66 
2450	62 
2451	53 
2452	86 
2453	16 
2454	82 
2455	10 
2456	10 
2457	99 
2458	54 
2459	71 
2460	81 
2461	95 
2462	28 
2463	103 
2464	66 
2465	38 
2466	35 
2467	53 
2468	84 
2469	36 
2470	31 
2471	73 
2472	93 
2473	94 
2474	3 
2475	51 
2476	38 
2477	31 
2478	4 
2479	58 
2480	11 
2481	76 
2482	104 
2483	28 
2484	62 
2485	4 
2486	71 
2487	80 
2488	45 
2489	73 
2490	16 
2491	74 
2492	69 
2493	90 
2494	79 
2495	15 
2496	48 
2497	82 
2498	21 
2499	93 
2500	57 
2501	37 
2502	71 
2503	67 
2504	10 
2505	50 
2506	2 
2507	44 
2508	14 
2509	28 
2510	27 
2511	56 
2512	3 
2513	94 
2514	4 
2515	49 
2516	38 
2517	8 
2518	70 
2519	10 
2520	78 
2521	33 
2522	28 
2523	15 
2524	86 
2525	66 
2526	54 
2527	44 
2528	90 
2529	20 
2530	66 
2531	24 
2532	104 
2533	7 
2534	17 
2535	99 
2536	74 
2537	61 
2538	84 
2539	14 
2540	54 
2541	73 
2542	66 
2543	49 
2544	29 
2545	59 
2546	11 
2547	87 
2548	40 
2549	53 
2550	37 
2551	9 
2552	63 
2553	59 
2554	99 
2555	99 
2556	74 
2557	99 
2558	47 
2559	37 
2560	8 
2561	80 
2562	60 
2563	1 
2564	97 
2565	73 
2566	30 
2567	12 
2568	48 
2569	45 
2570	77 
2571	12 
2572	41 
2573	31 
2574	70 
2575	100 
2576	100 
2577	82 
2578	67 
2579	86 
2580	54 
2581	82 
2582	48 
2583	62 
2584	34 
2585	46 
2586	64 
2587	32 
2588	71 
2589	85 
2590	20 
2591	31 
2592	80 
2593	50 
2594	25 
2595	77 
2596	69 
2597	6 
2598	104 
2599	49 
2600	46 
2601	40 
2602	67 
2603	56 
2604	55 
2605	39 
2606	76 
2607	20 
2608	84 
2609	57 
2610	38 
2611	76 
2612	55 
2613	22 
2614	17 
2615	61 
2616	48 
2617	34 
2618	90 
2619	71 
2620	32 
2621	27 
2622	48 
2623	67 
2624	102 
2625	19 
2626	14 
2627	3 
2628	56 
2629	71 
2630	49 
2631	97 
2632	8 
2633	53 
2634	66 
2635	28 
2636	51 
2637	77 
2638	32 
2639	12 
2640	28 
2641	15 
2642	22 
2643	76 
2644	91 
2645	62 
2646	26 
2647	15 
2648	47 
2649	101 
2650	84 
2651	38 
2652	12 
2653	71 
2654	84 
2655	102 
2656	40 
2657	29 
2658	22 
2659	77 
2660	13 
2661	34 
2662	48 
2663	99 
2664	104 
2665	55 
2666	61 
2667	14 
2668	52 
2669	87 
2670	98 
2671	40 
2672	51 
2673	83 
2674	3 
2675	4 
2676	79 
2677	92 
2678	56 
2679	5 
2680	50 
2681	45 
2682	9 
2683	103 
2684	58 
2685	46 
2686	85 
2687	31 
2688	88 
2689	100 
2690	101 
2691	22 
2692	66 
2693	32 
2694	38 
2695	45 
2696	74 
2697	62 
2698	41 
2699	82 
2700	32 
2701	35 
2702	61 
2703	75 
2704	47 
2705	74 
2706	99 
2707	32 
2708	39 
2709	62 
2710	61 
2711	99 
2712	36 
2713	56 
2714	79 
2715	9 
2716	78 
2717	46 
2718	98 
2719	59 
2720	71 
2721	4 
2722	59 
2723	36 
2724	12 
2725	61 
2726	66 
2727	53 
2728	40 
2729	6 
2730	12 
2731	50 
2732	10 
2733	56 
2734	48 
2735	92 
2736	56 
2737	48 
2738	43 
2739	94 
2740	2 
2741	30 
2742	50 
2743	46 
2744	14 
2745	98 
2746	88 
2747	62 
2748	19 
2749	72 
2750	56 
2751	3 
2752	46 
2753	59 
2754	96 
2755	53 
2756	87 
2757	85 
2758	14 
2759	72 
2760	12 
2761	93 
2762	18 
2763	28 
2764	21 
2765	10 
2766	72 
2767	36 
2768	13 
2769	104 
2770	104 
2771	54 
2772	66 
2773	16 
2774	85 
2775	88 
2776	100 
2777	12 
2778	103 
2779	33 
2780	12 
2781	4 
2782	69 
2783	20 
2784	31 
2785	99 
2786	12 
2787	84 
2788	76 
2789	58 
2790	46 
2791	104 
2792	12 
2793	81 
2794	73 
2795	37 
2796	20 
2797	90 
2798	32 
2799	54 
2800	80 
2801	96 
2802	62 
2803	104 
2804	89 
2805	10 
2806	83 
2807	86 
2808	18 
2809	39 
2810	61 
2811	66 
2812	39 
2813	60 
2814	10 
2815	28 
2816	39 
2817	38 
2818	82 
2819	101 
2820	32 
2821	61 
2822	75 
2823	62 
2824	76 
2825	99 
2826	61 
2827	1 
2828	86 
2829	69 
2830	53 
2831	57 
2832	101 
2833	17 
2834	12 
2835	63 
2836	22 
2837	66 
2838	57 
2839	29 
2840	44 
2841	41 
2842	55 
2843	68 
2844	91 
2845	73 
2846	82 
2847	34 
2848	17 
2849	74 
2850	21 
2851	86 
2852	31 
2853	46 
2854	58 
2855	96 
2856	49 
2857	104 
2858	99 
2859	56 
2860	82 
2861	16 
2862	74 
2863	64 
2864	21 
2865	7 
2866	81 
2867	18 
2868	73 
2869	19 
2870	61 
2871	97 
2872	86 
2873	86 
2874	59 
2875	83 
2876	49 
2877	79 
2878	64 
2879	92 
2880	31 
2881	80 
2882	48 
2883	104 
2884	19 
2885	41 
2886	17 
2887	52 
2888	28 
2889	6 
2890	63 
2891	13 
2892	100 
2893	20 
2894	94 
2895	15 
2896	88 
2897	74 
2898	12 
2899	76 
2900	20 
2901	54 
2902	61 
2903	61 
2904	96 
2905	77 
2906	97 
2907	76 
2908	53 
2909	21 
2910	71 
2911	4 
2912	53 
2913	87 
2914	67 
2915	103 
2916	73 
2917	14 
2918	49 
2919	21 
2920	28 
2921	83 
2922	72 
2923	48 
2924	4 
2925	41 
2926	59 
2927	38 
2928	12 
2929	38 
2930	28 
2931	12 
2932	39 
2933	105 
2934	97 
2935	15 
2936	98 
2937	14 
2938	62 
2939	85 
2940	49 
2941	36 
2942	67 
2943	61 
2944	39 
2945	13 
2946	105 
2947	67 
2948	35 
2949	26 
2950	96 
2951	10 
2952	41 
2953	99 
2954	32 
2955	103 
2956	71 
2957	28 
2958	73 
2959	53 
2960	78 
2961	60 
2962	2 
2963	45 
2964	4 
2965	55 
2966	60 
2967	41 
2968	29 
2969	102 
2970	54 
2971	24 
2972	22 
2973	75 
2974	82 
2975	41 
2976	75 
2977	70 
2978	104 
2979	9 
2980	3 
2981	40 
2982	14 
2983	53 
2984	96 
2985	60 
2986	104 
2987	42 
2988	104 
2989	40 
2990	83 
2991	62 
2992	80 
2993	54 
2994	28 
2995	70 
2996	10 
2997	83 
2998	97 
2999	101 
3000	88 
3001	85 
3002	37 
3003	39 
3004	17 
3005	105 
3006	98 
3007	67 
3008	6 
3009	23 
3010	44 
3011	40 
3012	23 
3013	32 
3014	75 
3015	74 
3016	105 
3017	75 
3018	29 
3019	79 
3020	34 
3021	99 
3022	87 
3023	17 
3024	92 
3025	19 
3026	14 
3027	80 
3028	59 
3029	71 
3030	60 
3031	22 
3032	104 
3033	102 
3034	62 
3035	103 
3036	24 
3037	37 
3038	103 
3039	83 
3040	55 
3041	2 
3042	56 
3043	63 
3044	4 
3045	53 
3046	40 
3047	48 
3048	37 
3049	34 
3050	47 
3051	104 
3052	10 
3053	31 
3054	104 
3055	67 
3056	29 
3057	71 
3058	104 
3059	16 
3060	76 
3061	49 
3062	21 
3063	48 
3064	32 
3065	25 
3066	39 
3067	88 
3068	41 
3069	74 
3070	38 
3071	66 
3072	34 
3073	105 
3074	85 
3075	80 
3076	99 
3077	30 
3078	86 
3079	50 
3080	69 
3081	98 
3082	13 
3083	45 
3084	59 
3085	93 
3086	75 
3087	12 
3088	29 
3089	19 
3090	71 
3091	61 
3092	104 
3093	90 
3094	74 
3095	39 
3096	30 
3097	27 
3098	26 
3099	56 
3100	75 
3101	94 
3102	70 
3103	39 
3104	97 
3105	83 
3106	66 
3107	4 
3108	38 
3109	60 
3110	54 
3111	72 
3112	60 
3113	38 
3114	49 
3115	99 
3116	19 
3117	41 
3118	52 
3119	53 
3120	50 
3121	59 
3122	20 
3123	41 
3124	83 
3125	81 
3126	99 
3127	31 
3128	81 
3129	54 
3130	65 
3131	34 
3132	39 
3133	44 
3134	75 
3135	12 
3136	78 
3137	45 
3138	74 
3139	41 
3140	80 
3141	76 
3142	18 
3143	34 
3144	46 
3145	28 
3146	83 
3147	70 
3148	91 
3149	42 
3150	101 
3151	4 
3152	25 
3153	4 
3154	48 
3155	93 
3156	41 
3157	92 
3158	30 
3159	53 
3160	62 
3161	55 
3162	3 
3163	21 
3164	75 
3165	32 
3166	96 
3167	45 
3168	14 
3169	56 
3170	57 
3171	94 
3172	36 
3173	46 
3174	39 
3175	61 
3176	77 
3177	66 
3178	99 
3179	79 
3180	58 
3181	101 
3182	74 
3183	74 
3184	75 
3185	101 
3186	104 
3187	72 
3188	71 
3189	44 
3190	80 
3191	11 
3192	80 
3193	99 
3194	102 
3195	69 
3196	100 
3197	84 
3198	93 
3199	13 
3200	60 
3201	45 
3202	7 
3203	39 
3204	64 
3205	32 
3206	101 
3207	56 
3208	62 
3209	39 
3210	76 
3211	74 
3212	42 
3213	81 
3214	85 
3215	101 
3216	29 
3217	64 
3218	48 
3219	3 
3220	22 
3221	53 
3222	35 
3223	98 
3224	93 
3225	42 
3226	98 
3227	17 
3228	29 
3229	29 
3230	44 
3231	97 
3232	74 
3233	67 
3234	98 
3235	99 
3236	79 
3237	28 
3238	92 
3239	23 
3240	89 
3241	12 
3242	48 
3243	43 
3244	73 
3245	39 
3246	75 
3247	10 
3248	79 
3249	104 
3250	4 
3251	38 
3252	97 
3253	45 
3254	76 
3255	16 
3256	70 
3257	17 
3258	28 
3259	23 
3260	59 
3261	80 
3262	67 
3263	84 
3264	82 
3265	32 
3266	54 
3267	42 
3268	99 
3269	25 
3270	52 
3271	5 
3272	19 
3273	22 
3274	64 
3275	45 
3276	40 
3277	4 
3278	94 
3279	32 
3280	15 
3281	32 
3282	39 
3283	97 
3284	66 
3285	54 
3286	53 
3287	44 
3288	77 
3289	70 
3290	10 
3291	72 
3292	53 
3293	97 
3294	98 
3295	80 
3296	39 
3297	60 
3298	105 
3299	12 
3300	25 
3301	48 
3302	28 
3303	54 
3304	63 
3305	2 
3306	50 
3307	46 
3308	56 
3309	74 
3310	53 
3311	5 
3312	76 
3313	62 
3314	6 
3315	28 
3316	16 
3317	80 
3318	50 
3319	77 
3320	37 
3321	92 
3322	40 
3323	31 
3324	3 
3325	2 
3326	93 
3327	83 
3328	70 
3329	61 
3330	48 
3331	71 
3332	66 
3333	28 
3334	57 
3335	51 
3336	52 
3337	17 
3338	41 
3339	86 
3340	28 
3341	39 
3342	40 
3343	64 
3344	97 
3345	15 
3346	61 
3347	59 
3348	77 
3349	96 
3350	7 
3351	12 
3352	74 
3353	28 
3354	70 
3355	9 
3356	4 
3357	28 
3358	101 
3359	24 
3360	41 
3361	6 
3362	4 
3363	99 
3364	86 
3365	53 
3366	24 
3367	89 
3368	27 
3369	80 
3370	8 
3371	13 
3372	34 
3373	17 
3374	1 
3375	50 
3376	38 
3377	62 
3378	6 
3379	54 
3380	49 
3381	91 
3382	38 
3383	14 
3384	38 
3385	24 
3386	38 
3387	74 
3388	53 
3389	101 
3390	1 
3391	91 
3392	74 
3393	14 
3394	50 
3395	34 
3396	6 
3397	104 
3398	97 
3399	63 
3400	43 
3401	16 
3402	44 
3403	91 
3404	80 
3405	1 
3406	4 
3407	34 
3408	16 
3409	50 
3410	56 
3411	12 
3412	101 
3413	42 
3414	78 
3415	83 
3416	101 
3417	73 
3418	77 
3419	70 
3420	71 
3421	41 
3422	82 
3423	71 
3424	20 
3425	62 
3426	64 
3427	23 
3428	89 
3429	80 
3430	93 
3431	83 
3432	69 
3433	41 
3434	13 
3435	96 
3436	61 
3437	63 
3438	95 
3439	46 
3440	32 
3441	59 
3442	38 
3443	16 
3444	16 
3445	12 
3446	61 
3447	39 
3448	25 
3449	36 
3450	102 
3451	40 
3452	32 
3453	13 
3454	60 
3455	102 
3456	53 
3457	105 
3458	75 
3459	15 
3460	12 
3461	4 
3462	89 
3463	30 
3464	13 
3465	70 
3466	56 
3467	56 
3468	64 
3469	65 
3470	3 
3471	95 
3472	63 
3473	16 
3474	1 
3475	91 
3476	12 
3477	62 
3478	66 
3479	60 
3480	56 
3481	39 
3482	55 
3483	77 
3484	39 
3485	87 
3486	99 
3487	104 
3488	39 
3489	37 
3490	80 
3491	39 
3492	84 
3493	67 
3494	4 
3495	63 
3496	96 
3497	30 
3498	56 
3499	32 
3500	86 
3501	105 
3502	28 
3503	32 
3504	101 
3505	31 
3506	62 
3507	64 
3508	60 
3509	68 
3510	77 
3511	66 
3512	3 
3513	70 
3514	12 
3515	46 
3516	76 
3517	73 
3518	104 
3519	69 
3520	23 
3521	5 
3522	39 
3523	79 
3524	32 
3525	53 
3526	11 
3527	46 
3528	29 
3529	29 
3530	47 
3531	41 
3532	45 
3533	74 
3534	71 
3535	46 
3536	75 
3537	47 
3538	4 
3539	8 
3540	13 
3541	64 
3542	25 
3543	60 
3544	37 
3545	4 
3546	39 
3547	15 
3548	29 
3549	14 
3550	60 
3551	72 
3552	22 
3553	53 
3554	41 
3555	6 
3556	29 
3557	53 
3558	28 
3559	69 
3560	70 
3561	88 
3562	53 
3563	34 
3564	86 
3565	90 
3566	81 
3567	49 
3568	32 
3569	9 
3570	22 
3571	43 
3572	101 
3573	37 
3574	53 
3575	3 
3576	87 
3577	70 
3578	13 
3579	83 
3580	73 
3581	31 
3582	103 
3583	56 
3584	59 
3585	13 
3586	12 
3587	72 
3588	105 
3589	85 
3590	37 
3591	10 
3592	97 
3593	19 
3594	38 
3595	53 
3596	31 
3597	96 
3598	67 
3599	28 
3600	45 
3601	104 
3602	12 
3603	85 
3604	77 
3605	79 
3606	28 
3607	32 
3608	19 
3609	50 
3610	31 
3611	81 
3612	104 
3613	6 
3614	24 
3615	4 
3616	72 
3617	31 
3618	101 
3619	29 
3620	98 
3621	77 
3622	97 
3623	57 
3624	10 
3625	91 
3626	50 
3627	71 
3628	29 
3629	80 
3630	31 
3631	32 
3632	69 
3633	25 
3634	14 
3635	103 
3636	53 
3637	45 
3638	24 
3639	30 
3640	80 
3641	33 
3642	62 
3643	53 
3644	49 
3645	47 
3646	59 
3647	64 
3648	70 
3649	38 
3650	88 
3651	86 
3652	18 
3653	6 
3654	59 
3655	67 
3656	69 
3657	5 
3658	55 
3659	26 
3660	45 
3661	71 
3662	37 
3663	64 
3664	66 
3665	92 
3666	92 
3667	102 
3668	37 
3669	28 
3670	60 
3671	16 
3672	92 
3673	50 
3674	30 
3675	32 
3676	97 
3677	3 
3678	75 
3679	62 
3680	44 
3681	73 
3682	105 
3683	88 
3684	56 
3685	71 
3686	3 
3687	95 
3688	23 
3689	6 
3690	56 
3691	25 
3692	48 
3693	98 
3694	38 
3695	62 
3696	73 
3697	92 
3698	46 
3699	74 
3700	10 
3701	28 
3702	59 
3703	100 
3704	6 
3705	62 
3706	32 
3707	91 
3708	38 
3709	50 
3710	87 
3711	49 
3712	82 
3713	13 
3714	88 
3715	4 
3716	67 
3717	104 
3718	61 
3719	70 
3720	57 
3721	16 
3722	62 
3723	13 
3724	55 
3725	91 
3726	60 
3727	43 
3728	49 
3729	89 
3730	100 
3731	101 
3732	23 
3733	103 
3734	53 
3735	38 
3736	28 
3737	15 
3738	103 
3739	103 
3740	19 
3741	71 
3742	34 
3743	97 
3744	31 
3745	1 
3746	32 
3747	101 
3748	81 
3749	10 
3750	71 
3751	98 
3752	42 
3753	91 
3754	101 
3755	71 
3756	40 
3757	22 
3758	58 
3759	13 
3760	50 
3761	64 
3762	79 
3763	91 
3764	74 
3765	43 
3766	19 
3767	79 
3768	40 
3769	55 
3770	100 
3771	33 
3772	38 
3773	31 
3774	61 
3775	90 
3776	32 
3777	86 
3778	37 
3779	74 
3780	92 
3781	99 
3782	28 
3783	20 
3784	92 
3785	32 
3786	36 
3787	61 
3788	47 
3789	11 
3790	17 
3791	80 
3792	32 
3793	38 
3794	56 
3795	96 
3796	101 
3797	86 
3798	75 
3799	15 
3800	55 
3801	10 
3802	15 
3803	70 
3804	13 
3805	30 
3806	85 
3807	104 
3808	38 
3809	36 
3810	80 
3811	62 
3812	54 
3813	20 
3814	10 
3815	15 
3816	41 
3817	99 
3818	12 
3819	37 
3820	104 
3821	89 
3822	86 
3823	104 
3824	102 
3825	28 
3826	6 
3827	85 
3828	78 
3829	49 
3830	27 
3831	3 
3832	67 
3833	97 
3834	53 
3835	4 
3836	37 
3837	71 
3838	94 
3839	10 
3840	90 
3841	70 
3842	38 
3843	19 
3844	46 
3845	29 
3846	26 
3847	56 
3848	53 
3849	84 
3850	76 
3851	22 
3852	71 
3853	25 
3854	1 
3855	73 
3856	28 
3857	85 
3858	62 
3859	41 
3860	45 
3861	104 
3862	8 
3863	2 
3864	48 
3865	48 
3866	89 
3867	97 
3868	38 
3869	5 
3870	71 
3871	74 
3872	2 
3873	100 
3874	23 
3875	58 
3876	94 
3877	43 
3878	84 
3879	82 
3880	55 
3881	61 
3882	83 
3883	10 
3884	61 
3885	91 
3886	92 
3887	34 
3888	62 
3889	60 
3890	62 
3891	44 
3892	71 
3893	61 
3894	24 
3895	64 
3896	39 
3897	83 
3898	95 
3899	75 
3900	68 
3901	37 
3902	73 
3903	76 
3904	4 
3905	32 
3906	43 
3907	71 
3908	80 
3909	57 
3910	80 
3911	48 
3912	32 
3913	24 
3914	45 
3915	82 
3916	101 
3917	30 
3918	51 
3919	13 
3920	71 
3921	88 
3922	74 
3923	81 
3924	17 
3925	50 
3926	67 
3927	102 
3928	56 
3929	62 
3930	99 
3931	52 
3932	16 
3933	20 
3934	17 
3935	34 
3936	53 
3937	3 
3938	80 
3939	99 
3940	75 
3941	14 
3942	76 
3943	45 
3944	10 
3945	75 
3946	32 
3947	30 
3948	99 
3949	4 
3950	67 
3951	54 
3952	51 
3953	74 
3954	103 
3955	53 
3956	34 
3957	75 
3958	99 
3959	12 
3960	99 
3961	61 
3962	10 
3963	8 
3964	95 
3965	105 
3966	31 
3967	61 
3968	22 
3969	36 
3970	76 
3971	100 
3972	86 
3973	44 
3974	89 
3975	48 
3976	7 
3977	105 
3978	104 
3979	80 
3980	20 
3981	31 
3982	96 
3983	21 
3984	78 
3985	25 
3986	78 
3987	4 
3988	53 
3989	64 
3990	4 
3991	75 
3992	32 
3993	63 
3994	74 
3995	56 
3996	10 
3997	51 
3998	91 
3999	14 
4000	39 
4001	83 
4002	31 
4003	3 
4004	9 
4005	69 
4006	101 
4007	63 
4008	57 
4009	78 
4010	53 
4011	98 
4012	100 
4013	102 
4014	12 
4015	73 
4016	48 
4017	46 
4018	5 
4019	76 
4020	47 
4021	1 
4022	52 
4023	76 
4024	92 
4025	96 
4026	42 
4027	21 
4028	4 
4029	93 
4030	75 
4031	39 
4032	92 
4033	1 
4034	101 
4035	70 
4036	26 
4037	12 
4038	98 
4039	9 
4040	47 
4041	40 
4042	28 
4043	32 
4044	71 
4045	29 
4046	13 
4047	41 
4048	80 
4049	86 
4050	24 
4051	64 
4052	44 
4053	86 
4054	80 
4055	28 
4056	39 
4057	6 
4058	65 
4059	7 
4060	19 
4061	38 
4062	3 
4063	73 
4064	22 
4065	46 
4066	41 
4067	14 
4068	9 
4069	56 
4070	45 
4071	98 
4072	2 
4073	30 
4074	10 
4075	105 
4076	64 
4077	32 
4078	75 
4079	9 
4080	28 
4081	87 
4082	97 
4083	94 
4084	19 
4085	93 
4086	19 
4087	4 
4088	72 
4089	5 
4090	4 
4091	10 
4092	14 
4093	56 
4094	82 
4095	103 
4096	15 
4097	19 
4098	89 
4099	41 
4100	86 
4101	49 
4102	6 
4103	32 
4104	92 
4105	105 
4106	84 
4107	70 
4108	18 
4109	15 
4110	35 
4111	50 
4112	57 
4113	50 
4114	40 
4115	101 
4116	46 
4117	67 
4118	81 
4119	48 
4120	36 
4121	8 
4122	42 
4123	26 
4124	6 
4125	49 
4126	6 
4127	76 
4128	26 
4129	43 
4130	75 
4131	103 
4132	33 
4133	19 
4134	83 
4135	104 
4136	96 
4137	40 
4138	25 
4139	61 
4140	58 
4141	43 
4142	85 
4143	38 
4144	34 
4145	29 
4146	56 
4147	80 
4148	47 
4149	56 
4150	47 
4151	91 
4152	17 
4153	5 
4154	103 
4155	38 
4156	68 
4157	29 
4158	38 
4159	17 
4160	18 
4161	78 
4162	23 
4163	21 
4164	11 
4165	12 
4166	81 
4167	10 
4168	17 
4169	42 
4170	19 
4171	56 
4172	42 
4173	23 
4174	12 
4175	72 
4176	33 
4177	4 
4178	56 
4179	38 
4180	12 
4181	60 
4182	95 
4183	24 
4184	104 
4185	56 
4186	42 
4187	61 
4188	75 
4189	37 
4190	56 
4191	76 
4192	33 
4193	76 
4194	5 
4195	56 
4196	37 
4197	58 
4198	56 
4199	71 
4200	48 
4201	74 
4202	18 
4203	76 
4204	42 
4205	22 
4206	104 
4207	99 
4208	83 
4209	75 
4210	71 
4211	71 
4212	12 
4213	60 
4214	104 
4215	53 
4216	95 
4217	80 
4218	19 
4219	77 
4220	80 
4221	32 
4222	55 
4223	19 
4224	50 
4225	39 
4226	75 
4227	37 
4228	9 
4229	103 
4230	8 
4231	39 
4232	46 
4233	80 
4234	38 
4235	14 
4236	1 
4237	80 
4238	71 
4239	30 
4240	76 
4241	94 
4242	59 
4243	86 
4244	69 
4245	4 
4246	38 
4247	31 
4248	74 
4249	42 
4250	52 
4251	87 
4252	70 
4253	91 
4254	4 
4255	40 
4256	14 
4257	13 
4258	70 
4259	62 
4260	76 
4261	8 
4262	99 
4263	61 
4264	27 
4265	99 
4266	75 
4267	56 
4268	54 
4269	51 
4270	2 
4271	45 
4272	37 
4273	25 
4274	12 
4275	7 
4276	32 
4277	80 
4278	4 
4279	6 
4280	90 
4281	16 
4282	60 
4283	6 
4284	61 
4285	41 
4286	19 
4287	31 
4288	85 
4289	4 
4290	53 
4291	13 
4292	104 
4293	13 
4294	88 
4295	53 
4296	99 
4297	67 
4298	62 
4299	73 
4300	39 
4301	50 
4302	72 
4303	17 
4304	62 
4305	21 
4306	79 
4307	15 
4308	33 
4309	52 
4310	99 
4311	76 
4312	70 
4313	6 
4314	31 
4315	10 
4316	56 
4317	11 
4318	7 
4319	80 
4320	27 
4321	97 
4322	99 
4323	53 
4324	49 
4325	34 
4326	99 
4327	61 
4328	41 
4329	37 
4330	95 
4331	54 
4332	74 
4333	14 
4334	62 
4335	31 
4336	77 
4337	29 
4338	103 
4339	71 
4340	16 
4341	49 
4342	40 
4343	73 
4344	80 
4345	22 
4346	4 
4347	73 
4348	36 
4349	51 
4350	14 
4351	74 
4352	49 
4353	7 
4354	72 
4355	58 
4356	91 
4357	53 
4358	54 
4359	41 
4360	56 
4361	36 
4362	9 
4363	101 
4364	39 
4365	11 
4366	42 
4367	80 
4368	27 
4369	4 
4370	88 
4371	71 
4372	73 
4373	85 
4374	14 
4375	39 
4376	76 
4377	1 
4378	103 
4379	12 
4380	92 
4381	75 
4382	10 
4383	21 
4384	11 
4385	39 
4386	59 
4387	16 
4388	48 
4389	95 
4390	37 
4391	83 
4392	91 
4393	93 
4394	82 
4395	76 
4396	31 
4397	82 
4398	97 
4399	86 
4400	96 
4401	86 
4402	61 
4403	97 
4404	20 
4405	2 
4406	46 
4407	54 
4408	10 
4409	50 
4410	98 
4411	60 
4412	86 
4413	14 
4414	74 
4415	49 
4416	70 
4417	46 
4418	48 
4419	23 
4420	104 
4421	1 
4422	30 
4423	32 
4424	62 
4425	92 
4426	51 
4427	49 
4428	97 
4429	79 
4430	105 
4431	45 
4432	91 
4433	21 
4434	53 
4435	48 
4436	75 
4437	31 
4438	84 
4439	72 
4440	67 
4441	37 
4442	34 
4443	7 
4444	82 
4445	64 
4446	34 
4447	80 
4448	21 
4449	32 
4450	90 
4451	46 
4452	80 
4453	40 
4454	4 
4455	22 
4456	61 
4457	91 
4458	59 
4459	12 
4460	97 
4461	30 
4462	28 
4463	5 
4464	98 
4465	92 
4466	39 
4467	37 
4468	92 
4469	67 
4470	91 
4471	12 
4472	54 
4473	103 
4474	75 
4475	103 
4476	80 
4477	80 
4478	46 
4479	10 
4480	82 
4481	31 
4482	101 
4483	69 
4484	91 
4485	19 
4486	105 
4487	61 
4488	28 
4489	99 
4490	54 
4491	36 
4492	85 
4493	91 
4494	32 
4495	59 
4496	75 
4497	86 
4498	66 
4499	99 
4500	39 
4501	61 
4502	4 
4503	37 
4504	70 
4505	49 
4506	36 
4507	19 
4508	32 
4509	13 
4510	28 
4511	76 
4512	63 
4513	28 
4514	80 
4515	48 
4516	74 
4517	3 
4518	71 
4519	101 
4520	17 
4521	76 
4522	17 
4523	10 
4524	91 
4525	60 
4526	73 
4527	86 
4528	25 
4529	40 
4530	74 
4531	46 
4532	30 
4533	103 
4534	62 
4535	62 
4536	59 
4537	79 
4538	71 
4539	62 
4540	75 
4541	46 
4542	25 
4543	79 
4544	62 
4545	53 
4546	34 
4547	82 
4548	82 
4549	82 
4550	83 
4551	54 
4552	80 
4553	3 
4554	62 
4555	64 
4556	44 
4557	45 
4558	6 
4559	71 
4560	37 
4561	84 
4562	4 
4563	39 
4564	2 
4565	82 
4566	36 
4567	101 
4568	76 
4569	55 
4570	60 
4571	59 
4572	80 
4573	70 
4574	28 
4575	62 
4576	61 
4577	4 
4578	71 
4579	82 
4580	61 
4581	4 
4582	28 
4583	39 
4584	101 
4585	46 
4586	66 
4587	53 
4588	46 
4589	39 
4590	54 
4591	99 
4592	58 
4593	69 
4594	32 
4595	71 
4596	82 
4597	41 
4598	6 
4599	54 
4600	13 
4601	91 
4602	104 
4603	22 
4604	13 
4605	83 
4606	20 
4607	76 
4608	16 
4609	64 
4610	76 
4611	2 
4612	66 
4613	29 
4614	1 
4615	71 
4616	101 
4617	50 
4618	80 
4619	50 
4620	59 
4621	83 
4622	104 
4623	80 
4624	54 
4625	61 
4626	85 
4627	104 
4628	19 
4629	55 
4630	49 
4631	75 
4632	86 
4633	75 
4634	13 
4635	14 
4636	48 
4637	13 
4638	59 
4639	70 
4640	12 
4641	36 
4642	49 
4643	22 
4644	37 
4645	41 
4646	64 
4647	56 
4648	73 
4649	61 
4650	6 
4651	61 
4652	74 
4653	17 
4654	103 
4655	3 
4656	67 
4657	83 
4658	92 
4659	20 
4660	101 
4661	71 
4662	28 
4663	4 
4664	22 
4665	28 
4666	92 
4667	46 
4668	10 
4669	104 
4670	97 
4671	91 
4672	10 
4673	4 
4674	86 
4675	76 
4676	53 
4677	97 
4678	59 
4679	80 
4680	69 
4681	36 
4682	55 
4683	50 
4684	75 
4685	74 
4686	66 
4687	15 
4688	101 
4689	76 
4690	37 
4691	61 
4692	31 
4693	103 
4694	80 
4695	66 
4696	15 
4697	73 
4698	28 
4699	48 
4700	86 
4701	14 
4702	61 
4703	101 
4704	64 
4705	50 
4706	54 
4707	53 
4708	12 
4709	73 
4710	4 
4711	80 
4712	10 
4713	48 
4714	41 
4715	85 
4716	37 
4717	103 
4718	70 
4719	66 
4720	101 
4721	83 
4722	17 
4723	101 
4724	60 
4725	54 
4726	39 
4727	99 
4728	39 
4729	62 
4730	104 
4731	53 
4732	97 
4733	6 
4734	3 
4735	56 
4736	6 
4737	61 
4738	38 
4739	62 
4740	60 
4741	80 
4742	39 
4743	13 
4744	12 
4745	10 
4746	103 
4747	38 
4748	53 
4749	13 
4750	64 
4751	49 
4752	86 
4753	61 
4754	92 
4755	40 
4756	55 
4757	48 
4758	67 
4759	19 
4760	3 
4761	66 
4762	67 
4763	32 
4764	61 
4765	56 
4766	60 
4767	13 
4768	39 
4769	56 
4770	46 
4771	32 
4772	70 
4773	104 
4774	101 
4775	50 
4776	70 
4777	74 
4778	50 
4779	50 
4780	99 
4781	10 
4782	64 
4783	28 
4784	19 
4785	71 
4786	75 
4787	12 
4788	66 
4789	97 
4790	49 
4791	75 
4792	14 
4793	71 
4794	53 
4795	32 
4796	97 
4797	28 
4798	104 
4799	56 
4800	104 
4801	99 
4802	19 
4803	38 
4804	28 
4805	10 
4806	39 
4807	32 
4808	14 
4809	80 
4810	54 
4811	37 
4812	12 
4813	99 
4814	71 
4815	10 
4816	19 
4817	56 
4818	4 
4819	49 
4820	39 
4821	10 
4822	101 
4823	6 
4824	71 
4825	67 
4826	61 
4827	61 
4828	76 
4829	4 
4830	99 
4831	104 
4832	46 
4833	22 
4834	71 
4835	64 
4836	31 
4837	61 
4838	62 
4839	13 
4840	104 
4841	99 
4842	61 
4843	14 
4844	76 
4845	74 
4846	19 
4847	46 
4848	61 
4849	19 
4850	14 
4851	83 
4852	76 
4853	39 
4854	64 
4855	39 
4856	22 
4857	40 
4858	31 
4859	62 
4860	38 
4861	40 
4862	50 
4863	48 
4864	41 
4865	36 
4866	92 
4867	67 
4868	10 
4869	86 
4870	38 
4871	61 
4872	59 
4873	50 
4874	99 
4875	46 
4876	12 
4877	70 
4878	104 
4879	50 
4880	61 
4881	67 
4882	14 
4883	61 
4884	13 
4885	49 
4886	31 
4887	40 
4888	80 
4889	62 
4890	86 
4891	36 
4892	71 
4893	104 
4894	40 
4895	38 
4896	40 
4897	32 
4898	74 
4899	14 
4900	71 
4901	104 
4902	37 
4903	13 
4904	4 
4905	104 
4906	31 
4907	86 
4908	29 
4909	13 
4910	49 
4911	76 
4912	29 
4913	10 
4914	28 
4915	10 
4916	62 
4917	61 
4918	48 
4919	99 
4920	99 
4921	39 
4922	31 
4923	64 
4924	3 
4925	49 
4926	46 
4927	75 
4928	54 
4929	61 
4930	14 
4931	60 
4932	76 
4933	64 
4934	67 
4935	80 
4936	3 
4937	39 
4938	104 
4939	67 
4940	104 
4941	38 
4942	10 
4943	39 
4944	40 
4945	39 
4946	49 
4947	19 
4948	13 
4949	61 
4950	4 
4951	28 
4952	60 
4953	97 
4954	19 
4955	13 
4956	10 
4957	64 
4958	75 
4959	49 
4960	38 
4961	14 
4962	86 
4963	97 
4964	32 
4965	53 
4966	53 
4967	53 
4968	80 
4969	56 
4970	99 
4971	41 
4972	12 
4973	32 
4974	28 
4975	104 
4976	73 
4977	97 
4978	10 
4979	76 
4980	101 
4981	28 
4982	10 
4983	10 
4984	80 
4985	74 
4986	97 
4987	62 
4988	62 
4989	12 
4990	13 
4991	38 
4992	76 
4993	31 
4994	10 
4995	39 
4996	12 
4997	10 
4998	61 
4999	61 
5000	67 
