1	83 
2	65 
3	54 
4	99 
5	81 
6	56 
7	61 
8	42 
9	58 
10	47 
11	59 
12	44 
13	81 
14	40 
15	3 
16	16 
17	66 
18	4 
19	73 
20	7 
21	78 
22	49 
23	77 
24	26 
25	51 
26	72 
27	56 
28	95 
29	56 
30	65 
31	32 
32	37 
33	14 
34	38 
35	46 
36	20 
37	91 
38	51 
39	63 
40	23 
41	18 
42	79 
43	43 
44	79 
45	34 
46	19 
47	17 
48	39 
49	6 
50	3 
51	28 
52	81 
53	79 
54	5 
55	97 
56	73 
57	36 
58	88 
59	16 
60	7 
61	19 
62	3 
63	13 
64	15 
65	11 
66	3 
67	40 
68	14 
69	68 
70	17 
71	55 
72	13 
73	69 
74	40 
75	72 
76	12 
77	25 
78	64 
79	15 
80	44 
81	92 
82	75 
83	85 
84	98 
85	63 
86	92 
87	83 
88	9 
89	46 
90	15 
91	74 
92	39 
93	80 
94	53 
95	87 
96	13 
97	81 
98	73 
99	53 
100	9 
101	86 
102	85 
103	39 
104	98 
105	40 
106	29 
107	61 
108	81 
109	64 
110	28 
111	17 
112	81 
113	9 
114	55 
115	30 
116	58 
117	72 
118	25 
119	80 
120	94 
121	88 
122	16 
123	18 
124	42 
125	26 
126	83 
127	48 
128	10 
129	41 
130	43 
131	43 
132	92 
133	18 
134	55 
135	59 
136	73 
137	15 
138	31 
139	63 
140	80 
141	79 
142	63 
143	78 
144	77 
145	11 
146	59 
147	68 
148	14 
149	82 
150	5 
151	49 
152	84 
153	90 
154	30 
155	8 
156	76 
157	69 
158	48 
159	16 
160	34 
161	46 
162	26 
163	74 
164	95 
165	97 
166	68 
167	86 
168	6 
169	73 
170	89 
171	97 
172	80 
173	77 
174	66 
175	47 
176	54 
177	30 
178	5 
179	87 
180	62 
181	48 
182	43 
183	7 
184	87 
185	37 
186	93 
187	71 
188	8 
189	88 
190	39 
191	83 
192	48 
193	58 
194	17 
195	46 
196	54 
197	98 
198	49 
199	94 
200	59 
201	25 
202	83 
203	76 
204	61 
205	17 
206	22 
207	78 
208	42 
209	43 
210	63 
211	87 
212	25 
213	89 
214	28 
215	47 
216	89 
217	35 
218	53 
219	1 
220	28 
221	73 
222	48 
223	47 
224	36 
225	46 
226	29 
227	61 
228	14 
229	35 
230	16 
231	41 
232	86 
233	99 
234	70 
235	61 
236	49 
237	80 
238	13 
239	66 
240	15 
241	56 
242	80 
243	74 
244	62 
245	82 
246	21 
247	81 
248	92 
249	91 
250	18 
251	38 
252	63 
253	61 
254	91 
255	77 
256	38 
257	50 
258	57 
259	33 
260	61 
261	71 
262	50 
263	23 
264	27 
265	67 
266	28 
267	56 
268	66 
269	94 
270	8 
271	85 
272	33 
273	85 
274	94 
275	79 
276	71 
277	38 
278	94 
279	75 
280	98 
281	13 
282	22 
283	74 
284	98 
285	15 
286	58 
287	11 
288	61 
289	80 
290	45 
291	5 
292	50 
293	33 
294	91 
295	26 
296	53 
297	54 
298	32 
299	29 
300	85 
301	14 
302	99 
303	92 
304	50 
305	91 
306	16 
307	6 
308	72 
309	63 
310	75 
311	31 
312	85 
313	69 
314	28 
315	49 
316	58 
317	77 
318	90 
319	88 
320	50 
321	56 
322	55 
323	2 
324	65 
325	71 
326	66 
327	60 
328	47 
329	62 
330	48 
331	94 
332	55 
333	33 
334	26 
335	38 
336	87 
337	82 
338	48 
339	64 
340	94 
341	12 
342	83 
343	14 
344	73 
345	32 
346	15 
347	69 
348	30 
349	40 
350	91 
351	81 
352	23 
353	7 
354	66 
355	76 
356	51 
357	40 
358	17 
359	61 
360	87 
361	14 
362	66 
363	40 
364	44 
365	66 
366	53 
367	91 
368	66 
369	64 
370	81 
371	62 
372	73 
373	96 
374	44 
375	33 
376	11 
377	54 
378	16 
379	74 
380	6 
381	75 
382	13 
383	88 
384	20 
385	74 
386	17 
387	59 
388	31 
389	60 
390	70 
391	77 
392	74 
393	52 
394	76 
395	21 
396	40 
397	38 
398	7 
399	37 
400	91 
401	32 
402	58 
403	92 
404	83 
405	75 
406	38 
407	76 
408	29 
409	21 
410	50 
411	74 
412	86 
413	69 
414	79 
415	63 
416	20 
417	26 
418	76 
419	20 
420	9 
421	35 
422	23 
423	50 
424	80 
425	31 
426	90 
427	71 
428	58 
429	70 
430	75 
431	40 
432	40 
433	7 
434	79 
435	87 
436	78 
437	53 
438	19 
439	52 
440	82 
441	69 
442	21 
443	50 
444	42 
445	4 
446	81 
447	90 
448	95 
449	80 
450	52 
451	65 
452	6 
453	21 
454	82 
455	88 
456	73 
457	51 
458	46 
459	44 
460	89 
461	93 
462	31 
463	86 
464	16 
465	95 
466	79 
467	63 
468	66 
469	66 
470	73 
471	16 
472	28 
473	18 
474	83 
475	30 
476	29 
477	92 
478	22 
479	96 
480	56 
481	5 
482	61 
483	40 
484	68 
485	39 
486	74 
487	4 
488	79 
489	40 
490	81 
491	85 
492	37 
493	71 
494	20 
495	65 
496	98 
497	58 
498	89 
499	49 
500	74 
501	86 
502	25 
503	79 
504	3 
505	20 
506	6 
507	85 
508	14 
509	4 
510	89 
511	63 
512	50 
513	28 
514	15 
515	10 
516	47 
517	60 
518	47 
519	36 
520	88 
521	21 
522	62 
523	70 
524	89 
525	51 
526	45 
527	27 
528	66 
529	23 
530	81 
531	97 
532	97 
533	63 
534	6 
535	5 
536	19 
537	91 
538	30 
539	81 
540	81 
541	44 
542	81 
543	60 
544	69 
545	42 
546	6 
547	76 
548	59 
549	88 
550	63 
551	97 
552	73 
553	88 
554	92 
555	82 
556	45 
557	16 
558	64 
559	68 
560	11 
561	89 
562	28 
563	17 
564	73 
565	3 
566	51 
567	56 
568	76 
569	62 
570	91 
571	97 
572	87 
573	6 
574	5 
575	76 
576	69 
577	31 
578	1 
579	79 
580	42 
581	8 
582	68 
583	77 
584	69 
585	77 
586	91 
587	28 
588	46 
589	17 
590	93 
591	16 
592	23 
593	66 
594	78 
595	24 
596	26 
597	28 
598	79 
599	44 
600	97 
601	74 
602	16 
603	74 
604	15 
605	91 
606	78 
607	46 
608	69 
609	90 
610	55 
611	53 
612	99 
613	51 
614	47 
615	60 
616	6 
617	11 
618	17 
619	11 
620	61 
621	26 
622	91 
623	92 
624	46 
625	27 
626	54 
627	83 
628	95 
629	8 
630	40 
631	40 
632	51 
633	42 
634	76 
635	74 
636	98 
637	33 
638	14 
639	13 
640	35 
641	87 
642	10 
643	7 
644	99 
645	27 
646	14 
647	86 
648	72 
649	41 
650	40 
651	78 
652	59 
653	19 
654	57 
655	13 
656	98 
657	42 
658	29 
659	98 
660	35 
661	61 
662	31 
663	77 
664	59 
665	91 
666	12 
667	91 
668	37 
669	78 
670	74 
671	1 
672	94 
673	90 
674	8 
675	87 
676	66 
677	8 
678	66 
679	72 
680	63 
681	37 
682	30 
683	63 
684	34 
685	23 
686	79 
687	76 
688	26 
689	86 
690	21 
691	48 
692	68 
693	85 
694	97 
695	23 
696	83 
697	11 
698	87 
699	42 
700	76 
701	33 
702	88 
703	98 
704	6 
705	28 
706	70 
707	81 
708	66 
709	31 
710	8 
711	94 
712	62 
713	66 
714	65 
715	13 
716	66 
717	75 
718	26 
719	69 
720	40 
721	59 
722	53 
723	8 
724	78 
725	91 
726	6 
727	6 
728	51 
729	64 
730	88 
731	9 
732	76 
733	76 
734	68 
735	79 
736	65 
737	16 
738	6 
739	52 
740	8 
741	3 
742	39 
743	74 
744	33 
745	62 
746	5 
747	39 
748	52 
749	64 
750	9 
751	42 
752	55 
753	31 
754	85 
755	9 
756	63 
757	16 
758	28 
759	57 
760	2 
761	31 
762	59 
763	77 
764	30 
765	47 
766	58 
767	18 
768	37 
769	13 
770	94 
771	99 
772	62 
773	37 
774	60 
775	23 
776	60 
777	50 
778	70 
779	14 
780	32 
781	47 
782	67 
783	81 
784	23 
785	95 
786	42 
787	23 
788	79 
789	15 
790	66 
791	13 
792	45 
793	24 
794	91 
795	43 
796	51 
797	81 
798	69 
799	33 
800	62 
801	66 
802	88 
803	44 
804	89 
805	63 
806	77 
807	37 
808	42 
809	39 
810	89 
811	63 
812	10 
813	25 
814	9 
815	53 
816	79 
817	65 
818	18 
819	86 
820	24 
821	49 
822	14 
823	56 
824	1 
825	40 
826	87 
827	43 
828	6 
829	10 
830	62 
831	18 
832	31 
833	23 
834	86 
835	56 
836	2 
837	97 
838	66 
839	84 
840	28 
841	8 
842	56 
843	1 
844	10 
845	68 
846	82 
847	1 
848	75 
849	59 
850	52 
851	36 
852	59 
853	36 
854	20 
855	3 
856	20 
857	17 
858	78 
859	63 
860	16 
861	69 
862	87 
863	19 
864	6 
865	87 
866	89 
867	3 
868	6 
869	72 
870	89 
871	38 
872	57 
873	8 
874	68 
875	39 
876	95 
877	67 
878	69 
879	62 
880	3 
881	2 
882	47 
883	66 
884	65 
885	7 
886	79 
887	76 
888	53 
889	83 
890	51 
891	79 
892	74 
893	81 
894	54 
895	2 
896	43 
897	4 
898	26 
899	79 
900	56 
901	43 
902	9 
903	6 
904	73 
905	97 
906	10 
907	51 
908	77 
909	42 
910	19 
911	64 
912	23 
913	96 
914	46 
915	90 
916	60 
917	8 
918	73 
919	4 
920	97 
921	14 
922	93 
923	33 
924	72 
925	63 
926	12 
927	7 
928	4 
929	81 
930	18 
931	69 
932	31 
933	14 
934	42 
935	40 
936	15 
937	53 
938	78 
939	66 
940	50 
941	31 
942	32 
943	93 
944	6 
945	22 
946	29 
947	89 
948	10 
949	99 
950	89 
951	26 
952	89 
953	30 
954	86 
955	66 
956	44 
957	74 
958	19 
959	29 
960	93 
961	62 
962	98 
963	58 
964	62 
965	7 
966	13 
967	95 
968	73 
969	77 
970	53 
971	70 
972	3 
973	77 
974	28 
975	39 
976	37 
977	41 
978	72 
979	62 
980	57 
981	8 
982	67 
983	91 
984	97 
985	49 
986	81 
987	61 
988	26 
989	37 
990	8 
991	33 
992	60 
993	3 
994	50 
995	7 
996	91 
997	54 
998	16 
999	89 
1000	39 
1001	14 
1002	97 
1003	17 
1004	51 
1005	78 
1006	96 
1007	90 
1008	99 
1009	62 
1010	77 
1011	18 
1012	81 
1013	42 
1014	97 
1015	73 
1016	59 
1017	96 
1018	35 
1019	62 
1020	90 
1021	81 
1022	83 
1023	66 
1024	8 
1025	23 
1026	27 
1027	7 
1028	45 
1029	40 
1030	81 
1031	13 
1032	36 
1033	45 
1034	53 
1035	49 
1036	81 
1037	22 
1038	62 
1039	29 
1040	56 
1041	66 
1042	73 
1043	13 
1044	78 
1045	72 
1046	39 
1047	15 
1048	57 
1049	91 
1050	81 
1051	6 
1052	53 
1053	63 
1054	31 
1055	8 
1056	44 
1057	13 
1058	85 
1059	21 
1060	81 
1061	74 
1062	5 
1063	24 
1064	87 
1065	98 
1066	69 
1067	41 
1068	41 
1069	89 
1070	96 
1071	83 
1072	4 
1073	83 
1074	15 
1075	30 
1076	6 
1077	45 
1078	92 
1079	92 
1080	63 
1081	39 
1082	33 
1083	57 
1084	15 
1085	63 
1086	80 
1087	62 
1088	92 
1089	73 
1090	83 
1091	81 
1092	7 
1093	37 
1094	83 
1095	72 
1096	93 
1097	30 
1098	36 
1099	73 
1100	60 
1101	98 
1102	8 
1103	58 
1104	3 
1105	40 
1106	36 
1107	90 
1108	89 
1109	72 
1110	70 
1111	44 
1112	22 
1113	83 
1114	52 
1115	17 
1116	6 
1117	71 
1118	99 
1119	65 
1120	86 
1121	31 
1122	50 
1123	89 
1124	9 
1125	34 
1126	59 
1127	5 
1128	8 
1129	2 
1130	6 
1131	70 
1132	34 
1133	93 
1134	7 
1135	27 
1136	37 
1137	7 
1138	91 
1139	26 
1140	13 
1141	62 
1142	8 
1143	15 
1144	62 
1145	55 
1146	81 
1147	62 
1148	8 
1149	66 
1150	77 
1151	81 
1152	59 
1153	27 
1154	41 
1155	39 
1156	11 
1157	40 
1158	56 
1159	15 
1160	51 
1161	83 
1162	89 
1163	83 
1164	47 
1165	24 
1166	17 
1167	36 
1168	34 
1169	53 
1170	84 
1171	24 
1172	78 
1173	53 
1174	82 
1175	13 
1176	79 
1177	34 
1178	77 
1179	97 
1180	86 
1181	55 
1182	10 
1183	13 
1184	63 
1185	96 
1186	63 
1187	9 
1188	38 
1189	76 
1190	83 
1191	98 
1192	98 
1193	14 
1194	80 
1195	55 
1196	34 
1197	51 
1198	40 
1199	81 
1200	79 
1201	87 
1202	67 
1203	31 
1204	83 
1205	92 
1206	78 
1207	14 
1208	54 
1209	91 
1210	79 
1211	8 
1212	8 
1213	29 
1214	19 
1215	1 
1216	31 
1217	63 
1218	56 
1219	42 
1220	31 
1221	64 
1222	79 
1223	26 
1224	59 
1225	59 
1226	79 
1227	76 
1228	40 
1229	94 
1230	40 
1231	62 
1232	84 
1233	84 
1234	1 
1235	73 
1236	3 
1237	97 
1238	58 
1239	44 
1240	58 
1241	32 
1242	50 
1243	62 
1244	3 
1245	99 
1246	4 
1247	78 
1248	74 
1249	81 
1250	86 
1251	79 
1252	31 
1253	13 
1254	97 
1255	13 
1256	89 
1257	7 
1258	28 
1259	41 
1260	89 
1261	87 
1262	14 
1263	73 
1264	93 
1265	28 
1266	4 
1267	47 
1268	13 
1269	97 
1270	81 
1271	54 
1272	19 
1273	42 
1274	12 
1275	89 
1276	14 
1277	9 
1278	14 
1279	89 
1280	13 
1281	17 
1282	45 
1283	87 
1284	54 
1285	93 
1286	69 
1287	4 
1288	73 
1289	88 
1290	17 
1291	22 
1292	22 
1293	11 
1294	5 
1295	34 
1296	14 
1297	56 
1298	31 
1299	16 
1300	97 
1301	51 
1302	64 
1303	82 
1304	4 
1305	81 
1306	28 
1307	84 
1308	91 
1309	37 
1310	65 
1311	51 
1312	58 
1313	11 
1314	36 
1315	46 
1316	81 
1317	53 
1318	95 
1319	66 
1320	86 
1321	6 
1322	51 
1323	36 
1324	31 
1325	41 
1326	50 
1327	34 
1328	39 
1329	32 
1330	4 
1331	63 
1332	10 
1333	23 
1334	31 
1335	3 
1336	8 
1337	84 
1338	12 
1339	56 
1340	23 
1341	97 
1342	6 
1343	19 
1344	55 
1345	53 
1346	72 
1347	86 
1348	51 
1349	43 
1350	80 
1351	54 
1352	53 
1353	24 
1354	4 
1355	17 
1356	62 
1357	74 
1358	13 
1359	79 
1360	53 
1361	98 
1362	13 
1363	11 
1364	78 
1365	3 
1366	58 
1367	16 
1368	88 
1369	35 
1370	17 
1371	87 
1372	23 
1373	84 
1374	81 
1375	89 
1376	20 
1377	80 
1378	87 
1379	50 
1380	40 
1381	91 
1382	97 
1383	26 
1384	39 
1385	30 
1386	16 
1387	6 
1388	98 
1389	3 
1390	60 
1391	76 
1392	33 
1393	81 
1394	33 
1395	16 
1396	72 
1397	90 
1398	11 
1399	95 
1400	66 
1401	78 
1402	30 
1403	35 
1404	44 
1405	79 
1406	88 
1407	4 
1408	89 
1409	51 
1410	65 
1411	77 
1412	39 
1413	57 
1414	74 
1415	2 
1416	33 
1417	2 
1418	28 
1419	1 
1420	79 
1421	57 
1422	85 
1423	89 
1424	73 
1425	19 
1426	19 
1427	74 
1428	36 
1429	31 
1430	91 
1431	48 
1432	17 
1433	75 
1434	16 
1435	88 
1436	15 
1437	84 
1438	81 
1439	76 
1440	43 
1441	99 
1442	80 
1443	6 
1444	43 
1445	65 
1446	98 
1447	44 
1448	40 
1449	23 
1450	31 
1451	26 
1452	86 
1453	77 
1454	33 
1455	39 
1456	65 
1457	82 
1458	82 
1459	92 
1460	70 
1461	42 
1462	76 
1463	73 
1464	58 
1465	47 
1466	86 
1467	84 
1468	71 
1469	23 
1470	43 
1471	88 
1472	42 
1473	62 
1474	30 
1475	79 
1476	83 
1477	32 
1478	27 
1479	70 
1480	56 
1481	90 
1482	86 
1483	15 
1484	39 
1485	81 
1486	67 
1487	87 
1488	7 
1489	86 
1490	58 
1491	87 
1492	40 
1493	31 
1494	90 
1495	3 
1496	53 
1497	58 
1498	11 
1499	70 
1500	26 
1501	53 
1502	28 
1503	25 
1504	17 
1505	86 
1506	81 
1507	48 
1508	66 
1509	31 
1510	89 
1511	80 
1512	46 
1513	44 
1514	69 
1515	89 
1516	26 
1517	50 
1518	96 
1519	88 
1520	72 
1521	81 
1522	30 
1523	74 
1524	4 
1525	37 
1526	3 
1527	79 
1528	69 
1529	56 
1530	62 
1531	48 
1532	76 
1533	87 
1534	46 
1535	93 
1536	91 
1537	11 
1538	94 
1539	63 
1540	51 
1541	31 
1542	29 
1543	4 
1544	33 
1545	15 
1546	93 
1547	23 
1548	7 
1549	43 
1550	69 
1551	11 
1552	73 
1553	51 
1554	89 
1555	64 
1556	15 
1557	40 
1558	40 
1559	76 
1560	86 
1561	81 
1562	87 
1563	62 
1564	85 
1565	37 
1566	70 
1567	55 
1568	12 
1569	62 
1570	65 
1571	69 
1572	76 
1573	75 
1574	73 
1575	82 
1576	41 
1577	2 
1578	21 
1579	4 
1580	23 
1581	65 
1582	97 
1583	86 
1584	73 
1585	14 
1586	71 
1587	89 
1588	77 
1589	77 
1590	12 
1591	22 
1592	65 
1593	43 
1594	74 
1595	81 
1596	45 
1597	33 
1598	87 
1599	73 
1600	12 
1601	35 
1602	67 
1603	11 
1604	20 
1605	26 
1606	85 
1607	73 
1608	79 
1609	22 
1610	3 
1611	62 
1612	89 
1613	63 
1614	9 
1615	8 
1616	6 
1617	78 
1618	92 
1619	77 
1620	87 
1621	26 
1622	13 
1623	40 
1624	84 
1625	62 
1626	83 
1627	6 
1628	38 
1629	12 
1630	95 
1631	75 
1632	71 
1633	97 
1634	36 
1635	4 
1636	83 
1637	89 
1638	73 
1639	13 
1640	62 
1641	66 
1642	19 
1643	17 
1644	74 
1645	83 
1646	62 
1647	73 
1648	64 
1649	2 
1650	53 
1651	29 
1652	96 
1653	62 
1654	28 
1655	69 
1656	86 
1657	23 
1658	82 
1659	97 
1660	14 
1661	86 
1662	90 
1663	92 
1664	3 
1665	77 
1666	3 
1667	28 
1668	13 
1669	53 
1670	18 
1671	87 
1672	64 
1673	81 
1674	78 
1675	55 
1676	28 
1677	85 
1678	16 
1679	72 
1680	30 
1681	14 
1682	51 
1683	87 
1684	73 
1685	13 
1686	4 
1687	59 
1688	33 
1689	5 
1690	3 
1691	9 
1692	83 
1693	23 
1694	26 
1695	4 
1696	44 
1697	61 
1698	10 
1699	95 
1700	17 
1701	95 
1702	97 
1703	37 
1704	18 
1705	71 
1706	78 
1707	11 
1708	88 
1709	24 
1710	87 
1711	66 
1712	56 
1713	66 
1714	23 
1715	14 
1716	23 
1717	86 
1718	4 
1719	30 
1720	22 
1721	77 
1722	4 
1723	66 
1724	35 
1725	74 
1726	41 
1727	30 
1728	18 
1729	5 
1730	4 
1731	62 
1732	65 
1733	56 
1734	56 
1735	63 
1736	38 
1737	51 
1738	43 
1739	31 
1740	94 
1741	46 
1742	5 
1743	6 
1744	59 
1745	40 
1746	16 
1747	5 
1748	79 
1749	42 
1750	31 
1751	78 
1752	23 
1753	93 
1754	98 
1755	70 
1756	79 
1757	15 
1758	73 
1759	3 
1760	74 
1761	15 
1762	40 
1763	46 
1764	79 
1765	92 
1766	48 
1767	62 
1768	39 
1769	29 
1770	64 
1771	23 
1772	26 
1773	89 
1774	56 
1775	18 
1776	6 
1777	26 
1778	56 
1779	66 
1780	43 
1781	21 
1782	57 
1783	67 
1784	29 
1785	76 
1786	37 
1787	66 
1788	58 
1789	26 
1790	65 
1791	11 
1792	20 
1793	39 
1794	72 
1795	78 
1796	87 
1797	97 
1798	62 
1799	73 
1800	78 
1801	15 
1802	26 
1803	63 
1804	69 
1805	72 
1806	43 
1807	89 
1808	20 
1809	8 
1810	70 
1811	79 
1812	3 
1813	37 
1814	94 
1815	97 
1816	72 
1817	14 
1818	72 
1819	62 
1820	28 
1821	52 
1822	93 
1823	14 
1824	85 
1825	96 
1826	99 
1827	86 
1828	97 
1829	63 
1830	80 
1831	95 
1832	98 
1833	31 
1834	43 
1835	25 
1836	25 
1837	69 
1838	51 
1839	52 
1840	36 
1841	49 
1842	36 
1843	55 
1844	98 
1845	62 
1846	63 
1847	30 
1848	82 
1849	55 
1850	25 
1851	51 
1852	51 
1853	58 
1854	77 
1855	93 
1856	44 
1857	43 
1858	29 
1859	93 
1860	97 
1861	10 
1862	63 
1863	34 
1864	78 
1865	79 
1866	42 
1867	81 
1868	17 
1869	59 
1870	50 
1871	6 
1872	83 
1873	14 
1874	75 
1875	97 
1876	26 
1877	62 
1878	36 
1879	51 
1880	78 
1881	4 
1882	17 
1883	51 
1884	36 
1885	38 
1886	66 
1887	35 
1888	69 
1889	91 
1890	31 
1891	81 
1892	22 
1893	81 
1894	31 
1895	31 
1896	99 
1897	71 
1898	52 
1899	91 
1900	86 
1901	11 
1902	32 
1903	3 
1904	62 
1905	54 
1906	83 
1907	94 
1908	5 
1909	76 
1910	24 
1911	95 
1912	38 
1913	44 
1914	67 
1915	33 
1916	45 
1917	51 
1918	17 
1919	67 
1920	27 
1921	62 
1922	46 
1923	1 
1924	67 
1925	67 
1926	1 
1927	46 
1928	19 
1929	81 
1930	77 
1931	51 
1932	46 
1933	18 
1934	52 
1935	45 
1936	6 
1937	13 
1938	86 
1939	73 
1940	18 
1941	46 
1942	5 
1943	64 
1944	37 
1945	75 
1946	51 
1947	11 
1948	66 
1949	61 
1950	13 
1951	75 
1952	50 
1953	51 
1954	89 
1955	77 
1956	27 
1957	12 
1958	78 
1959	12 
1960	15 
1961	51 
1962	83 
1963	13 
1964	3 
1965	14 
1966	1 
1967	7 
1968	74 
1969	90 
1970	25 
1971	86 
1972	19 
1973	6 
1974	17 
1975	45 
1976	15 
1977	47 
1978	75 
1979	15 
1980	21 
1981	15 
1982	16 
1983	87 
1984	85 
1985	72 
1986	90 
1987	39 
1988	48 
1989	78 
1990	24 
1991	83 
1992	42 
1993	7 
1994	2 
1995	45 
1996	16 
1997	49 
1998	81 
1999	48 
2000	6 
2001	85 
2002	51 
2003	63 
2004	36 
2005	83 
2006	2 
2007	40 
2008	42 
2009	97 
2010	65 
2011	74 
2012	23 
2013	61 
2014	96 
2015	36 
2016	62 
2017	66 
2018	29 
2019	18 
2020	97 
2021	86 
2022	85 
2023	85 
2024	37 
2025	44 
2026	13 
2027	62 
2028	73 
2029	31 
2030	70 
2031	59 
2032	97 
2033	31 
2034	11 
2035	16 
2036	5 
2037	41 
2038	16 
2039	86 
2040	19 
2041	50 
2042	31 
2043	27 
2044	55 
2045	7 
2046	5 
2047	48 
2048	6 
2049	62 
2050	52 
2051	32 
2052	52 
2053	51 
2054	43 
2055	67 
2056	50 
2057	14 
2058	80 
2059	85 
2060	83 
2061	46 
2062	14 
2063	24 
2064	60 
2065	22 
2066	61 
2067	91 
2068	80 
2069	77 
2070	15 
2071	16 
2072	10 
2073	67 
2074	30 
2075	46 
2076	98 
2077	81 
2078	79 
2079	56 
2080	13 
2081	88 
2082	79 
2083	52 
2084	6 
2085	58 
2086	72 
2087	19 
2088	83 
2089	96 
2090	96 
2091	42 
2092	53 
2093	85 
2094	50 
2095	73 
2096	56 
2097	98 
2098	8 
2099	99 
2100	96 
2101	15 
2102	86 
2103	77 
2104	39 
2105	85 
2106	19 
2107	55 
2108	77 
2109	40 
2110	98 
2111	40 
2112	17 
2113	30 
2114	14 
2115	36 
2116	26 
2117	16 
2118	98 
2119	63 
2120	6 
2121	14 
2122	58 
2123	57 
2124	63 
2125	10 
2126	36 
2127	23 
2128	56 
2129	22 
2130	98 
2131	27 
2132	70 
2133	44 
2134	68 
2135	80 
2136	44 
2137	55 
2138	86 
2139	87 
2140	40 
2141	30 
2142	79 
2143	64 
2144	6 
2145	38 
2146	27 
2147	95 
2148	62 
2149	78 
2150	82 
2151	99 
2152	86 
2153	98 
2154	78 
2155	56 
2156	87 
2157	64 
2158	51 
2159	1 
2160	93 
2161	65 
2162	79 
2163	48 
2164	76 
2165	92 
2166	62 
2167	76 
2168	32 
2169	10 
2170	14 
2171	74 
2172	30 
2173	81 
2174	3 
2175	99 
2176	14 
2177	44 
2178	94 
2179	86 
2180	43 
2181	88 
2182	7 
2183	24 
2184	79 
2185	64 
2186	64 
2187	92 
2188	15 
2189	6 
2190	87 
2191	61 
2192	12 
2193	52 
2194	56 
2195	11 
2196	13 
2197	53 
2198	50 
2199	51 
2200	62 
2201	60 
2202	66 
2203	55 
2204	15 
2205	95 
2206	47 
2207	26 
2208	19 
2209	29 
2210	39 
2211	37 
2212	73 
2213	6 
2214	75 
2215	62 
2216	66 
2217	34 
2218	78 
2219	24 
2220	79 
2221	38 
2222	31 
2223	63 
2224	27 
2225	91 
2226	39 
2227	91 
2228	6 
2229	28 
2230	78 
2231	15 
2232	78 
2233	99 
2234	91 
2235	23 
2236	19 
2237	2 
2238	76 
2239	69 
2240	7 
2241	33 
2242	44 
2243	63 
2244	62 
2245	72 
2246	32 
2247	69 
2248	3 
2249	21 
2250	65 
2251	77 
2252	16 
2253	24 
2254	47 
2255	74 
2256	39 
2257	29 
2258	42 
2259	68 
2260	28 
2261	62 
2262	14 
2263	63 
2264	44 
2265	98 
2266	24 
2267	53 
2268	52 
2269	52 
2270	14 
2271	34 
2272	63 
2273	89 
2274	97 
2275	25 
2276	79 
2277	91 
2278	52 
2279	42 
2280	85 
2281	51 
2282	77 
2283	73 
2284	54 
2285	82 
2286	89 
2287	86 
2288	21 
2289	37 
2290	74 
2291	55 
2292	73 
2293	91 
2294	37 
2295	4 
2296	33 
2297	11 
2298	21 
2299	77 
2300	39 
2301	47 
2302	5 
2303	86 
2304	13 
2305	96 
2306	69 
2307	85 
2308	9 
2309	69 
2310	16 
2311	69 
2312	99 
2313	74 
2314	83 
2315	33 
2316	64 
2317	20 
2318	22 
2319	18 
2320	48 
2321	51 
2322	89 
2323	60 
2324	36 
2325	35 
2326	87 
2327	51 
2328	75 
2329	83 
2330	94 
2331	68 
2332	85 
2333	36 
2334	14 
2335	93 
2336	69 
2337	1 
2338	56 
2339	79 
2340	15 
2341	20 
2342	97 
2343	9 
2344	83 
2345	31 
2346	70 
2347	98 
2348	28 
2349	41 
2350	71 
2351	23 
2352	52 
2353	89 
2354	4 
2355	63 
2356	89 
2357	40 
2358	35 
2359	9 
2360	45 
2361	91 
2362	34 
2363	65 
2364	86 
2365	78 
2366	89 
2367	46 
2368	92 
2369	76 
2370	97 
2371	31 
2372	12 
2373	40 
2374	31 
2375	8 
2376	70 
2377	85 
2378	1 
2379	84 
2380	46 
2381	63 
2382	92 
2383	15 
2384	7 
2385	42 
2386	19 
2387	78 
2388	72 
2389	3 
2390	31 
2391	57 
2392	77 
2393	9 
2394	19 
2395	84 
2396	10 
2397	87 
2398	36 
2399	95 
2400	93 
2401	6 
2402	10 
2403	64 
2404	89 
2405	54 
2406	85 
2407	45 
2408	36 
2409	54 
2410	62 
2411	21 
2412	5 
2413	4 
2414	92 
2415	68 
2416	94 
2417	44 
2418	99 
2419	31 
2420	88 
2421	41 
2422	35 
2423	79 
2424	98 
2425	78 
2426	24 
2427	80 
2428	66 
2429	84 
2430	88 
2431	86 
2432	71 
2433	37 
2434	48 
2435	14 
2436	45 
2437	32 
2438	32 
2439	15 
2440	84 
2441	90 
2442	14 
2443	34 
2444	15 
2445	13 
2446	62 
2447	71 
2448	77 
2449	28 
2450	16 
2451	48 
2452	25 
2453	65 
2454	8 
2455	27 
2456	43 
2457	60 
2458	56 
2459	14 
2460	86 
2461	19 
2462	25 
2463	63 
2464	20 
2465	13 
2466	18 
2467	11 
2468	10 
2469	71 
2470	43 
2471	16 
2472	19 
2473	51 
2474	28 
2475	79 
2476	72 
2477	63 
2478	9 
2479	96 
2480	38 
2481	74 
2482	28 
2483	97 
2484	74 
2485	9 
2486	32 
2487	62 
2488	20 
2489	63 
2490	38 
2491	32 
2492	13 
2493	1 
2494	32 
2495	67 
2496	11 
2497	63 
2498	59 
2499	83 
2500	62 
2501	13 
2502	75 
2503	88 
2504	23 
2505	83 
2506	6 
2507	66 
2508	86 
2509	69 
2510	87 
2511	2 
2512	77 
2513	16 
2514	28 
2515	79 
2516	52 
2517	21 
2518	4 
2519	32 
2520	9 
2521	77 
2522	63 
2523	51 
2524	39 
2525	31 
2526	11 
2527	88 
2528	34 
2529	89 
2530	50 
2531	42 
2532	20 
2533	17 
2534	78 
2535	30 
2536	98 
2537	28 
2538	18 
2539	29 
2540	6 
2541	5 
2542	15 
2543	87 
2544	59 
2545	31 
2546	18 
2547	58 
2548	33 
2549	85 
2550	55 
2551	50 
2552	59 
2553	96 
2554	66 
2555	23 
2556	33 
2557	71 
2558	67 
2559	48 
2560	64 
2561	31 
2562	81 
2563	26 
2564	23 
2565	62 
2566	31 
2567	54 
2568	51 
2569	40 
2570	42 
2571	30 
2572	30 
2573	15 
2574	14 
2575	74 
2576	24 
2577	4 
2578	46 
2579	21 
2580	27 
2581	40 
2582	14 
2583	60 
2584	7 
2585	74 
2586	88 
2587	77 
2588	38 
2589	78 
2590	4 
2591	26 
2592	90 
2593	18 
2594	31 
2595	15 
2596	9 
2597	74 
2598	88 
2599	17 
2600	86 
2601	51 
2602	63 
2603	28 
2604	50 
2605	62 
2606	91 
2607	81 
2608	28 
2609	26 
2610	51 
2611	62 
2612	6 
2613	32 
2614	40 
2615	5 
2616	89 
2617	3 
2618	8 
2619	8 
2620	15 
2621	79 
2622	42 
2623	78 
2624	94 
2625	22 
2626	5 
2627	46 
2628	37 
2629	3 
2630	62 
2631	71 
2632	28 
2633	81 
2634	62 
2635	26 
2636	65 
2637	67 
2638	83 
2639	91 
2640	70 
2641	30 
2642	11 
2643	62 
2644	71 
2645	75 
2646	6 
2647	90 
2648	46 
2649	82 
2650	89 
2651	32 
2652	28 
2653	97 
2654	77 
2655	20 
2656	54 
2657	62 
2658	81 
2659	87 
2660	53 
2661	74 
2662	5 
2663	63 
2664	41 
2665	4 
2666	2 
2667	80 
2668	62 
2669	5 
2670	2 
2671	93 
2672	29 
2673	13 
2674	38 
2675	50 
2676	75 
2677	27 
2678	66 
2679	55 
2680	78 
2681	80 
2682	17 
2683	53 
2684	32 
2685	36 
2686	39 
2687	23 
2688	57 
2689	56 
2690	7 
2691	44 
2692	58 
2693	83 
2694	24 
2695	55 
2696	4 
2697	40 
2698	56 
2699	2 
2700	29 
2701	74 
2702	51 
2703	51 
2704	29 
2705	18 
2706	13 
2707	62 
2708	74 
2709	86 
2710	36 
2711	55 
2712	98 
2713	85 
2714	9 
2715	84 
2716	20 
2717	10 
2718	88 
2719	91 
2720	21 
2721	4 
2722	87 
2723	66 
2724	62 
2725	3 
2726	20 
2727	71 
2728	19 
2729	88 
2730	77 
2731	87 
2732	5 
2733	91 
2734	56 
2735	56 
2736	46 
2737	7 
2738	58 
2739	10 
2740	23 
2741	91 
2742	86 
2743	46 
2744	8 
2745	4 
2746	67 
2747	60 
2748	64 
2749	63 
2750	53 
2751	54 
2752	57 
2753	89 
2754	50 
2755	37 
2756	21 
2757	23 
2758	77 
2759	57 
2760	74 
2761	37 
2762	70 
2763	87 
2764	89 
2765	53 
2766	97 
2767	90 
2768	85 
2769	78 
2770	97 
2771	51 
2772	95 
2773	81 
2774	80 
2775	36 
2776	14 
2777	36 
2778	66 
2779	94 
2780	82 
2781	71 
2782	40 
2783	69 
2784	22 
2785	43 
2786	52 
2787	24 
2788	99 
2789	66 
2790	87 
2791	63 
2792	61 
2793	2 
2794	16 
2795	76 
2796	16 
2797	25 
2798	15 
2799	62 
2800	67 
2801	1 
2802	87 
2803	56 
2804	81 
2805	54 
2806	13 
2807	83 
2808	64 
2809	9 
2810	92 
2811	48 
2812	91 
2813	28 
2814	93 
2815	74 
2816	17 
2817	6 
2818	50 
2819	66 
2820	30 
2821	52 
2822	62 
2823	87 
2824	79 
2825	83 
2826	75 
2827	4 
2828	77 
2829	91 
2830	20 
2831	89 
2832	78 
2833	2 
2834	64 
2835	40 
2836	98 
2837	80 
2838	59 
2839	73 
2840	15 
2841	75 
2842	53 
2843	51 
2844	97 
2845	26 
2846	7 
2847	21 
2848	9 
2849	79 
2850	86 
2851	1 
2852	81 
2853	67 
2854	50 
2855	51 
2856	37 
2857	23 
2858	51 
2859	91 
2860	58 
2861	2 
2862	27 
2863	59 
2864	41 
2865	62 
2866	38 
2867	86 
2868	49 
2869	64 
2870	14 
2871	45 
2872	54 
2873	56 
2874	57 
2875	51 
2876	80 
2877	76 
2878	6 
2879	24 
2880	96 
2881	34 
2882	47 
2883	15 
2884	55 
2885	63 
2886	43 
2887	33 
2888	83 
2889	37 
2890	69 
2891	12 
2892	11 
2893	65 
2894	93 
2895	10 
2896	13 
2897	7 
2898	70 
2899	22 
2900	15 
2901	10 
2902	23 
2903	49 
2904	52 
2905	38 
2906	91 
2907	26 
2908	63 
2909	52 
2910	50 
2911	28 
2912	12 
2913	26 
2914	86 
2915	62 
2916	59 
2917	74 
2918	83 
2919	31 
2920	40 
2921	19 
2922	67 
2923	28 
2924	2 
2925	89 
2926	79 
2927	98 
2928	12 
2929	95 
2930	28 
2931	61 
2932	81 
2933	20 
2934	44 
2935	87 
2936	79 
2937	85 
2938	36 
2939	72 
2940	37 
2941	77 
2942	86 
2943	96 
2944	79 
2945	8 
2946	87 
2947	64 
2948	29 
2949	91 
2950	83 
2951	38 
2952	15 
2953	97 
2954	99 
2955	11 
2956	46 
2957	14 
2958	82 
2959	91 
2960	50 
2961	41 
2962	4 
2963	18 
2964	41 
2965	86 
2966	22 
2967	69 
2968	49 
2969	59 
2970	73 
2971	43 
2972	74 
2973	45 
2974	78 
2975	97 
2976	83 
2977	64 
2978	88 
2979	64 
2980	30 
2981	15 
2982	60 
2983	77 
2984	51 
2985	42 
2986	8 
2987	33 
2988	31 
2989	21 
2990	31 
2991	20 
2992	89 
2993	39 
2994	34 
2995	77 
2996	16 
2997	10 
2998	4 
2999	31 
3000	87 
3001	87 
3002	69 
3003	77 
3004	11 
3005	58 
3006	2 
3007	4 
3008	13 
3009	76 
3010	80 
3011	19 
3012	23 
3013	42 
3014	5 
3015	37 
3016	29 
3017	77 
3018	48 
3019	26 
3020	26 
3021	23 
3022	65 
3023	64 
3024	8 
3025	88 
3026	98 
3027	51 
3028	1 
3029	96 
3030	58 
3031	31 
3032	89 
3033	33 
3034	71 
3035	17 
3036	83 
3037	46 
3038	50 
3039	86 
3040	39 
3041	42 
3042	64 
3043	51 
3044	59 
3045	74 
3046	39 
3047	58 
3048	80 
3049	56 
3050	31 
3051	38 
3052	93 
3053	69 
3054	36 
3055	99 
3056	13 
3057	6 
3058	66 
3059	62 
3060	19 
3061	70 
3062	10 
3063	7 
3064	55 
3065	57 
3066	30 
3067	95 
3068	78 
3069	55 
3070	72 
3071	83 
3072	54 
3073	32 
3074	76 
3075	78 
3076	89 
3077	36 
3078	94 
3079	83 
3080	91 
3081	26 
3082	9 
3083	69 
3084	15 
3085	16 
3086	97 
3087	75 
3088	91 
3089	63 
3090	97 
3091	83 
3092	5 
3093	37 
3094	9 
3095	28 
3096	17 
3097	15 
3098	89 
3099	38 
3100	1 
3101	6 
3102	81 
3103	81 
3104	31 
3105	84 
3106	62 
3107	30 
3108	53 
3109	85 
3110	52 
3111	17 
3112	42 
3113	81 
3114	73 
3115	3 
3116	13 
3117	1 
3118	11 
3119	73 
3120	85 
3121	40 
3122	38 
3123	15 
3124	14 
3125	17 
3126	28 
3127	11 
3128	76 
3129	32 
3130	51 
3131	88 
3132	89 
3133	94 
3134	94 
3135	17 
3136	31 
3137	48 
3138	42 
3139	47 
3140	42 
3141	42 
3142	31 
3143	9 
3144	97 
3145	10 
3146	39 
3147	30 
3148	46 
3149	44 
3150	78 
3151	49 
3152	82 
3153	77 
3154	35 
3155	62 
3156	31 
3157	94 
3158	50 
3159	72 
3160	7 
3161	83 
3162	10 
3163	9 
3164	61 
3165	14 
3166	46 
3167	57 
3168	94 
3169	33 
3170	39 
3171	63 
3172	3 
3173	25 
3174	56 
3175	97 
3176	29 
3177	62 
3178	6 
3179	33 
3180	97 
3181	83 
3182	10 
3183	63 
3184	7 
3185	13 
3186	62 
3187	73 
3188	12 
3189	52 
3190	89 
3191	28 
3192	27 
3193	15 
3194	88 
3195	3 
3196	45 
3197	62 
3198	69 
3199	73 
3200	61 
3201	85 
3202	65 
3203	77 
3204	76 
3205	78 
3206	23 
3207	53 
3208	80 
3209	53 
3210	81 
3211	15 
3212	27 
3213	70 
3214	36 
3215	28 
3216	77 
3217	4 
3218	20 
3219	8 
3220	83 
3221	33 
3222	19 
3223	88 
3224	70 
3225	77 
3226	8 
3227	40 
3228	32 
3229	40 
3230	30 
3231	17 
3232	39 
3233	99 
3234	76 
3235	97 
3236	89 
3237	54 
3238	50 
3239	47 
3240	43 
3241	62 
3242	17 
3243	66 
3244	83 
3245	94 
3246	5 
3247	2 
3248	83 
3249	74 
3250	9 
3251	62 
3252	34 
3253	40 
3254	32 
3255	9 
3256	76 
3257	54 
3258	51 
3259	69 
3260	89 
3261	38 
3262	51 
3263	75 
3264	24 
3265	21 
3266	51 
3267	89 
3268	86 
3269	15 
3270	81 
3271	37 
3272	59 
3273	34 
3274	14 
3275	39 
3276	79 
3277	52 
3278	13 
3279	67 
3280	75 
3281	10 
3282	55 
3283	57 
3284	85 
3285	28 
3286	11 
3287	62 
3288	77 
3289	66 
3290	40 
3291	29 
3292	23 
3293	75 
3294	99 
3295	61 
3296	48 
3297	78 
3298	88 
3299	7 
3300	49 
3301	45 
3302	9 
3303	13 
3304	63 
3305	73 
3306	26 
3307	45 
3308	72 
3309	79 
3310	4 
3311	47 
3312	51 
3313	93 
3314	56 
3315	11 
3316	78 
3317	56 
3318	6 
3319	97 
3320	85 
3321	80 
3322	31 
3323	2 
3324	31 
3325	73 
3326	65 
3327	6 
3328	8 
3329	15 
3330	56 
3331	17 
3332	49 
3333	73 
3334	5 
3335	71 
3336	92 
3337	33 
3338	97 
3339	83 
3340	64 
3341	17 
3342	53 
3343	55 
3344	8 
3345	30 
3346	73 
3347	63 
3348	68 
3349	45 
3350	96 
3351	76 
3352	22 
3353	97 
3354	38 
3355	12 
3356	98 
3357	2 
3358	62 
3359	46 
3360	54 
3361	19 
3362	27 
3363	49 
3364	71 
3365	28 
3366	76 
3367	42 
3368	79 
3369	52 
3370	45 
3371	87 
3372	24 
3373	2 
3374	97 
3375	33 
3376	79 
3377	97 
3378	17 
3379	65 
3380	76 
3381	81 
3382	77 
3383	84 
3384	22 
3385	16 
3386	19 
3387	28 
3388	11 
3389	62 
3390	83 
3391	17 
3392	21 
3393	26 
3394	44 
3395	34 
3396	84 
3397	51 
3398	97 
3399	36 
3400	71 
3401	41 
3402	39 
3403	17 
3404	74 
3405	2 
3406	60 
3407	85 
3408	38 
3409	1 
3410	98 
3411	94 
3412	66 
3413	33 
3414	5 
3415	6 
3416	56 
3417	89 
3418	2 
3419	21 
3420	77 
3421	77 
3422	42 
3423	87 
3424	16 
3425	89 
3426	91 
3427	51 
3428	30 
3429	84 
3430	23 
3431	76 
3432	71 
3433	95 
3434	99 
3435	63 
3436	38 
3437	62 
3438	89 
3439	67 
3440	36 
3441	8 
3442	32 
3443	87 
3444	9 
3445	41 
3446	62 
3447	50 
3448	51 
3449	17 
3450	81 
3451	52 
3452	80 
3453	87 
3454	24 
3455	88 
3456	86 
3457	38 
3458	51 
3459	97 
3460	17 
3461	76 
3462	50 
3463	69 
3464	37 
3465	3 
3466	33 
3467	63 
3468	4 
3469	98 
3470	9 
3471	62 
3472	26 
3473	68 
3474	45 
3475	16 
3476	81 
3477	96 
3478	73 
3479	55 
3480	46 
3481	51 
3482	63 
3483	90 
3484	22 
3485	1 
3486	21 
3487	63 
3488	87 
3489	31 
3490	8 
3491	24 
3492	34 
3493	62 
3494	89 
3495	76 
3496	48 
3497	15 
3498	8 
3499	78 
3500	74 
3501	76 
3502	15 
3503	18 
3504	34 
3505	74 
3506	78 
3507	66 
3508	89 
3509	25 
3510	95 
3511	29 
3512	63 
3513	17 
3514	11 
3515	71 
3516	18 
3517	51 
3518	57 
3519	66 
3520	95 
3521	15 
3522	12 
3523	56 
3524	89 
3525	42 
3526	78 
3527	66 
3528	24 
3529	72 
3530	88 
3531	8 
3532	33 
3533	85 
3534	78 
3535	37 
3536	5 
3537	49 
3538	53 
3539	53 
3540	87 
3541	36 
3542	56 
3543	50 
3544	97 
3545	10 
3546	19 
3547	14 
3548	49 
3549	16 
3550	1 
3551	76 
3552	11 
3553	91 
3554	79 
3555	14 
3556	40 
3557	46 
3558	45 
3559	14 
3560	73 
3561	46 
3562	53 
3563	85 
3564	37 
3565	36 
3566	38 
3567	5 
3568	7 
3569	46 
3570	63 
3571	80 
3572	72 
3573	45 
3574	53 
3575	86 
3576	62 
3577	43 
3578	16 
3579	18 
3580	37 
3581	60 
3582	84 
3583	43 
3584	35 
3585	55 
3586	58 
3587	88 
3588	14 
3589	36 
3590	27 
3591	61 
3592	22 
3593	62 
3594	33 
3595	94 
3596	29 
3597	83 
3598	74 
3599	46 
3600	23 
3601	55 
3602	74 
3603	51 
3604	56 
3605	87 
3606	51 
3607	4 
3608	15 
3609	79 
3610	24 
3611	96 
3612	65 
3613	34 
3614	15 
3615	97 
3616	65 
3617	38 
3618	69 
3619	98 
3620	80 
3621	59 
3622	28 
3623	78 
3624	97 
3625	45 
3626	75 
3627	63 
3628	3 
3629	89 
3630	11 
3631	65 
3632	54 
3633	51 
3634	35 
3635	69 
3636	91 
3637	33 
3638	54 
3639	78 
3640	89 
3641	40 
3642	56 
3643	69 
3644	25 
3645	66 
3646	9 
3647	86 
3648	14 
3649	76 
3650	6 
3651	3 
3652	63 
3653	7 
3654	42 
3655	37 
3656	63 
3657	14 
3658	83 
3659	2 
3660	26 
3661	17 
3662	82 
3663	31 
3664	41 
3665	24 
3666	43 
3667	99 
3668	19 
3669	39 
3670	46 
3671	66 
3672	53 
3673	56 
3674	14 
3675	33 
3676	3 
3677	52 
3678	75 
3679	81 
3680	85 
3681	54 
3682	68 
3683	98 
3684	46 
3685	89 
3686	14 
3687	80 
3688	2 
3689	6 
3690	73 
3691	85 
3692	14 
3693	31 
3694	21 
3695	99 
3696	34 
3697	98 
3698	51 
3699	13 
3700	58 
3701	10 
3702	61 
3703	69 
3704	5 
3705	70 
3706	51 
3707	87 
3708	77 
3709	3 
3710	7 
3711	53 
3712	62 
3713	78 
3714	2 
3715	6 
3716	4 
3717	85 
3718	55 
3719	19 
3720	62 
3721	36 
3722	75 
3723	30 
3724	60 
3725	4 
3726	85 
3727	53 
3728	31 
3729	67 
3730	74 
3731	52 
3732	31 
3733	99 
3734	97 
3735	77 
3736	76 
3737	47 
3738	96 
3739	28 
3740	78 
3741	33 
3742	14 
3743	49 
3744	37 
3745	79 
3746	58 
3747	62 
3748	92 
3749	19 
3750	4 
3751	13 
3752	11 
3753	52 
3754	60 
3755	89 
3756	56 
3757	40 
3758	28 
3759	78 
3760	51 
3761	93 
3762	9 
3763	81 
3764	81 
3765	51 
3766	74 
3767	50 
3768	26 
3769	72 
3770	46 
3771	25 
3772	51 
3773	54 
3774	49 
3775	24 
3776	2 
3777	28 
3778	34 
3779	55 
3780	6 
3781	78 
3782	64 
3783	24 
3784	31 
3785	67 
3786	62 
3787	7 
3788	40 
3789	19 
3790	96 
3791	13 
3792	68 
3793	24 
3794	89 
3795	50 
3796	49 
3797	15 
3798	26 
3799	63 
3800	59 
3801	28 
3802	95 
3803	47 
3804	62 
3805	52 
3806	13 
3807	47 
3808	39 
3809	72 
3810	6 
3811	25 
3812	56 
3813	8 
3814	70 
3815	64 
3816	83 
3817	77 
3818	37 
3819	40 
3820	89 
3821	37 
3822	10 
3823	85 
3824	3 
3825	43 
3826	1 
3827	44 
3828	68 
3829	32 
3830	28 
3831	50 
3832	99 
3833	6 
3834	3 
3835	13 
3836	32 
3837	25 
3838	28 
3839	4 
3840	93 
3841	17 
3842	87 
3843	32 
3844	86 
3845	16 
3846	56 
3847	71 
3848	77 
3849	78 
3850	38 
3851	3 
3852	35 
3853	95 
3854	62 
3855	94 
3856	77 
3857	56 
3858	53 
3859	16 
3860	13 
3861	10 
3862	40 
3863	46 
3864	86 
3865	50 
3866	36 
3867	98 
3868	69 
3869	68 
3870	88 
3871	26 
3872	31 
3873	86 
3874	5 
3875	58 
3876	44 
3877	78 
3878	35 
3879	55 
3880	16 
3881	82 
3882	83 
3883	51 
3884	49 
3885	88 
3886	51 
3887	37 
3888	84 
3889	24 
3890	54 
3891	90 
3892	11 
3893	57 
3894	96 
3895	18 
3896	83 
3897	99 
3898	99 
3899	81 
3900	15 
3901	13 
3902	14 
3903	92 
3904	92 
3905	30 
3906	36 
3907	34 
3908	89 
3909	19 
3910	98 
3911	87 
3912	73 
3913	67 
3914	35 
3915	97 
3916	83 
3917	21 
3918	8 
3919	26 
3920	87 
3921	18 
3922	61 
3923	99 
3924	34 
3925	39 
3926	85 
3927	51 
3928	12 
3929	77 
3930	88 
3931	19 
3932	89 
3933	87 
3934	10 
3935	63 
3936	26 
3937	65 
3938	28 
3939	8 
3940	64 
3941	50 
3942	28 
3943	98 
3944	33 
3945	79 
3946	83 
3947	3 
3948	92 
3949	50 
3950	71 
3951	61 
3952	37 
3953	49 
3954	69 
3955	21 
3956	97 
3957	19 
3958	76 
3959	87 
3960	16 
3961	87 
3962	69 
3963	46 
3964	99 
3965	13 
3966	69 
3967	4 
3968	79 
3969	9 
3970	95 
3971	39 
3972	22 
3973	14 
3974	19 
3975	66 
3976	6 
3977	35 
3978	73 
3979	31 
3980	26 
3981	89 
3982	78 
3983	97 
3984	86 
3985	64 
3986	5 
3987	15 
3988	26 
3989	90 
3990	6 
3991	83 
3992	69 
3993	4 
3994	67 
3995	14 
3996	70 
3997	97 
3998	87 
3999	81 
4000	66 
4001	77 
4002	16 
4003	51 
4004	22 
4005	10 
4006	1 
4007	4 
4008	52 
4009	4 
4010	55 
4011	61 
4012	65 
4013	73 
4014	62 
4015	38 
4016	99 
4017	69 
4018	13 
4019	7 
4020	30 
4021	79 
4022	56 
4023	5 
4024	57 
4025	91 
4026	74 
4027	40 
4028	52 
4029	93 
4030	44 
4031	56 
4032	34 
4033	4 
4034	26 
4035	62 
4036	22 
4037	41 
4038	51 
4039	44 
4040	37 
4041	51 
4042	47 
4043	28 
4044	51 
4045	26 
4046	77 
4047	79 
4048	2 
4049	86 
4050	99 
4051	18 
4052	70 
4053	73 
4054	13 
4055	89 
4056	41 
4057	65 
4058	31 
4059	6 
4060	38 
4061	28 
4062	63 
4063	11 
4064	79 
4065	77 
4066	7 
4067	91 
4068	33 
4069	47 
4070	18 
4071	27 
4072	74 
4073	85 
4074	79 
4075	64 
4076	11 
4077	15 
4078	13 
4079	54 
4080	46 
4081	24 
4082	83 
4083	22 
4084	53 
4085	61 
4086	61 
4087	89 
4088	48 
4089	14 
4090	17 
4091	71 
4092	4 
4093	91 
4094	55 
4095	23 
4096	20 
4097	47 
4098	30 
4099	77 
4100	66 
4101	6 
4102	5 
4103	76 
4104	80 
4105	17 
4106	78 
4107	38 
4108	73 
4109	52 
4110	15 
4111	56 
4112	71 
4113	34 
4114	15 
4115	13 
4116	44 
4117	12 
4118	54 
4119	83 
4120	3 
4121	78 
4122	19 
4123	67 
4124	33 
4125	80 
4126	15 
4127	33 
4128	28 
4129	77 
4130	7 
4131	14 
4132	36 
4133	25 
4134	74 
4135	65 
4136	16 
4137	4 
4138	89 
4139	79 
4140	67 
4141	85 
4142	89 
4143	82 
4144	17 
4145	26 
4146	95 
4147	14 
4148	88 
4149	51 
4150	97 
4151	79 
4152	46 
4153	19 
4154	77 
4155	54 
4156	50 
4157	67 
4158	44 
4159	34 
4160	45 
4161	63 
4162	50 
4163	63 
4164	15 
4165	6 
4166	20 
4167	82 
4168	81 
4169	88 
4170	63 
4171	6 
4172	31 
4173	65 
4174	4 
4175	50 
4176	73 
4177	69 
4178	94 
4179	1 
4180	37 
4181	31 
4182	31 
4183	34 
4184	51 
4185	14 
4186	40 
4187	9 
4188	11 
4189	63 
4190	66 
4191	86 
4192	76 
4193	69 
4194	98 
4195	81 
4196	45 
4197	33 
4198	91 
4199	4 
4200	60 
4201	97 
4202	39 
4203	65 
4204	60 
4205	40 
4206	97 
4207	44 
4208	64 
4209	41 
4210	62 
4211	62 
4212	91 
4213	38 
4214	56 
4215	28 
4216	75 
4217	77 
4218	38 
4219	97 
4220	50 
4221	79 
4222	61 
4223	79 
4224	25 
4225	24 
4226	24 
4227	26 
4228	11 
4229	76 
4230	26 
4231	89 
4232	53 
4233	62 
4234	48 
4235	26 
4236	97 
4237	58 
4238	84 
4239	89 
4240	88 
4241	79 
4242	28 
4243	67 
4244	18 
4245	7 
4246	31 
4247	91 
4248	62 
4249	28 
4250	87 
4251	62 
4252	52 
4253	26 
4254	32 
4255	52 
4256	41 
4257	83 
4258	82 
4259	17 
4260	78 
4261	90 
4262	53 
4263	98 
4264	62 
4265	78 
4266	46 
4267	28 
4268	61 
4269	45 
4270	19 
4271	23 
4272	81 
4273	50 
4274	74 
4275	30 
4276	63 
4277	40 
4278	98 
4279	53 
4280	37 
4281	36 
4282	85 
4283	51 
4284	52 
4285	83 
4286	31 
4287	7 
4288	73 
4289	75 
4290	95 
4291	78 
4292	51 
4293	85 
4294	32 
4295	15 
4296	42 
4297	33 
4298	34 
4299	41 
4300	17 
4301	93 
4302	87 
4303	7 
4304	87 
4305	21 
4306	8 
4307	51 
4308	64 
4309	83 
4310	39 
4311	79 
4312	69 
4313	69 
4314	28 
4315	38 
4316	54 
4317	66 
4318	90 
4319	18 
4320	20 
4321	63 
4322	73 
4323	16 
4324	55 
4325	79 
4326	13 
4327	43 
4328	11 
4329	83 
4330	56 
4331	44 
4332	37 
4333	76 
4334	92 
4335	17 
4336	14 
4337	11 
4338	91 
4339	81 
4340	52 
4341	77 
4342	31 
4343	80 
4344	94 
4345	53 
4346	14 
4347	21 
4348	50 
4349	81 
4350	96 
4351	31 
4352	56 
4353	83 
4354	83 
4355	44 
4356	70 
4357	79 
4358	54 
4359	78 
4360	31 
4361	6 
4362	19 
4363	61 
4364	53 
4365	50 
4366	79 
4367	28 
4368	69 
4369	43 
4370	69 
4371	29 
4372	70 
4373	78 
4374	37 
4375	11 
4376	77 
4377	87 
4378	93 
4379	47 
4380	93 
4381	67 
4382	76 
4383	13 
4384	91 
4385	32 
4386	98 
4387	56 
4388	63 
4389	78 
4390	29 
4391	3 
4392	16 
4393	64 
4394	86 
4395	38 
4396	47 
4397	99 
4398	37 
4399	29 
4400	98 
4401	9 
4402	58 
4403	87 
4404	81 
4405	13 
4406	43 
4407	51 
4408	21 
4409	66 
4410	78 
4411	3 
4412	80 
4413	13 
4414	87 
4415	50 
4416	86 
4417	39 
4418	43 
4419	96 
4420	86 
4421	28 
4422	83 
4423	74 
4424	50 
4425	64 
4426	53 
4427	30 
4428	46 
4429	72 
4430	92 
4431	62 
4432	44 
4433	3 
4434	29 
4435	6 
4436	15 
4437	80 
4438	99 
4439	10 
4440	97 
4441	51 
4442	59 
4443	79 
4444	55 
4445	89 
4446	62 
4447	28 
4448	26 
4449	53 
4450	40 
4451	44 
4452	77 
4453	14 
4454	66 
4455	83 
4456	55 
4457	42 
4458	91 
4459	9 
4460	86 
4461	73 
4462	28 
4463	26 
4464	11 
4465	3 
4466	73 
4467	5 
4468	53 
4469	72 
4470	72 
4471	36 
4472	87 
4473	7 
4474	63 
4475	59 
4476	19 
4477	39 
4478	6 
4479	15 
4480	17 
4481	58 
4482	37 
4483	83 
4484	55 
4485	87 
4486	53 
4487	58 
4488	89 
4489	97 
4490	75 
4491	33 
4492	47 
4493	75 
4494	28 
4495	81 
4496	13 
4497	66 
4498	86 
4499	50 
4500	8 
4501	66 
4502	72 
4503	65 
4504	99 
4505	44 
4506	59 
4507	55 
4508	31 
4509	87 
4510	85 
4511	79 
4512	23 
4513	5 
4514	75 
4515	36 
4516	63 
4517	63 
4518	36 
4519	85 
4520	83 
4521	63 
4522	98 
4523	50 
4524	98 
4525	24 
4526	63 
4527	37 
4528	91 
4529	4 
4530	31 
4531	11 
4532	79 
4533	64 
4534	9 
4535	37 
4536	63 
4537	79 
4538	11 
4539	79 
4540	4 
4541	29 
4542	15 
4543	17 
4544	39 
4545	39 
4546	52 
4547	77 
4548	9 
4549	43 
4550	87 
4551	66 
4552	98 
4553	79 
4554	91 
4555	47 
4556	52 
4557	37 
4558	4 
4559	78 
4560	74 
4561	16 
4562	21 
4563	26 
4564	87 
4565	85 
4566	28 
4567	15 
4568	91 
4569	3 
4570	73 
4571	67 
4572	53 
4573	77 
4574	43 
4575	9 
4576	5 
4577	76 
4578	4 
4579	78 
4580	6 
4581	87 
4582	44 
4583	15 
4584	59 
4585	51 
4586	37 
4587	14 
4588	32 
4589	13 
4590	21 
4591	14 
4592	62 
4593	54 
4594	79 
4595	11 
4596	53 
4597	36 
4598	8 
4599	51 
4600	89 
4601	72 
4602	21 
4603	66 
4604	81 
4605	11 
4606	31 
4607	91 
4608	78 
4609	7 
4610	44 
4611	30 
4612	55 
4613	17 
4614	7 
4615	6 
4616	30 
4617	50 
4618	58 
4619	13 
4620	87 
4621	76 
4622	56 
4623	79 
4624	31 
4625	13 
4626	3 
4627	99 
4628	51 
4629	39 
4630	14 
4631	73 
4632	63 
4633	81 
4634	39 
4635	80 
4636	10 
4637	81 
4638	28 
4639	5 
4640	46 
4641	31 
4642	89 
4643	79 
4644	63 
4645	78 
4646	89 
4647	24 
4648	77 
4649	77 
4650	81 
4651	36 
4652	79 
4653	15 
4654	97 
4655	53 
4656	69 
4657	36 
4658	76 
4659	6 
4660	42 
4661	30 
4662	40 
4663	37 
4664	73 
4665	62 
4666	46 
4667	33 
4668	55 
4669	16 
4670	86 
4671	51 
4672	53 
4673	23 
4674	28 
4675	76 
4676	63 
4677	66 
4678	46 
4679	13 
4680	36 
4681	28 
4682	15 
4683	3 
4684	28 
4685	40 
4686	97 
4687	39 
4688	51 
4689	55 
4690	36 
4691	66 
4692	63 
4693	85 
4694	88 
4695	83 
4696	38 
4697	14 
4698	87 
4699	15 
4700	4 
4701	19 
4702	64 
4703	80 
4704	15 
4705	39 
4706	23 
4707	13 
4708	56 
4709	80 
4710	65 
4711	74 
4712	5 
4713	89 
4714	11 
4715	6 
4716	14 
4717	86 
4718	85 
4719	80 
4720	87 
4721	65 
4722	63 
4723	16 
4724	80 
4725	28 
4726	6 
4727	79 
4728	62 
4729	53 
4730	8 
4731	36 
4732	81 
4733	83 
4734	42 
4735	39 
4736	4 
4737	17 
4738	40 
4739	5 
4740	74 
4741	89 
4742	97 
4743	15 
4744	26 
4745	17 
4746	14 
4747	19 
4748	66 
4749	6 
4750	85 
4751	11 
4752	46 
4753	62 
4754	4 
4755	77 
4756	79 
4757	83 
4758	46 
4759	79 
4760	89 
4761	16 
4762	80 
4763	7 
4764	9 
4765	66 
4766	88 
4767	83 
4768	14 
4769	63 
4770	81 
4771	6 
4772	89 
4773	50 
4774	8 
4775	39 
4776	77 
4777	46 
4778	81 
4779	31 
4780	19 
4781	51 
4782	19 
4783	74 
4784	89 
4785	78 
4786	66 
4787	91 
4788	56 
4789	7 
4790	19 
4791	31 
4792	6 
4793	40 
4794	81 
4795	15 
4796	63 
4797	88 
4798	28 
4799	23 
4800	63 
4801	51 
4802	87 
4803	6 
4804	69 
4805	62 
4806	14 
4807	79 
4808	98 
4809	79 
4810	91 
4811	16 
4812	40 
4813	91 
4814	66 
4815	97 
4816	78 
4817	74 
4818	13 
4819	98 
4820	78 
4821	26 
4822	33 
4823	86 
4824	36 
4825	31 
4826	3 
4827	33 
4828	6 
4829	81 
4830	17 
4831	7 
4832	40 
4833	66 
4834	74 
4835	14 
4836	97 
4837	13 
4838	13 
4839	36 
4840	78 
4841	50 
4842	37 
4843	36 
4844	39 
4845	50 
4846	73 
4847	83 
4848	13 
4849	31 
4850	56 
4851	62 
4852	63 
4853	40 
4854	19 
4855	91 
4856	62 
4857	81 
4858	91 
4859	23 
4860	83 
4861	78 
4862	87 
4863	37 
4864	62 
4865	26 
4866	89 
4867	89 
4868	31 
4869	81 
4870	13 
4871	50 
4872	89 
4873	51 
4874	74 
4875	14 
4876	86 
4877	36 
4878	77 
4879	15 
4880	83 
4881	98 
4882	17 
4883	63 
4884	46 
4885	73 
4886	87 
4887	87 
4888	19 
4889	28 
4890	16 
4891	40 
4892	78 
4893	83 
4894	62 
4895	31 
4896	36 
4897	36 
4898	81 
4899	87 
4900	74 
4901	74 
4902	56 
4903	11 
4904	39 
4905	50 
4906	86 
4907	6 
4908	79 
4909	15 
4910	62 
4911	86 
4912	6 
4913	86 
4914	66 
4915	89 
4916	76 
4917	36 
4918	66 
4919	15 
4920	14 
4921	26 
4922	86 
4923	81 
4924	98 
4925	13 
4926	79 
4927	81 
4928	97 
4929	79 
4930	28 
4931	13 
4932	77 
4933	87 
4934	74 
4935	74 
4936	97 
4937	86 
4938	91 
4939	78 
4940	74 
4941	26 
4942	62 
4943	77 
4944	51 
4945	51 
4946	78 
4947	14 
4948	28 
4949	81 
4950	89 
4951	73 
4952	62 
4953	40 
4954	6 
4955	63 
4956	78 
4957	89 
4958	87 
4959	31 
4960	51 
4961	74 
4962	79 
4963	62 
4964	63 
4965	73 
4966	74 
4967	97 
4968	56 
4969	40 
4970	83 
4971	79 
4972	77 
4973	66 
4974	13 
4975	4 
4976	91 
4977	66 
4978	83 
4979	28 
4980	56 
4981	87 
4982	79 
4983	31 
4984	63 
4985	26 
4986	97 
4987	77 
4988	56 
4989	14 
4990	40 
4991	86 
4992	89 
4993	28 
4994	40 
4995	79 
4996	56 
4997	87 
4998	78 
4999	77 
5000	74 
