1	32 
2	29 
3	52 
4	49 
5	98 
6	25 
7	7 
8	12 
9	63 
10	92 
11	80 
12	27 
13	19 
14	101 
15	68 
16	42 
17	27 
18	7 
19	17 
20	77 
21	52 
22	94 
23	19 
24	60 
25	29 
26	33 
27	5 
28	35 
29	41 
30	77 
31	45 
32	28 
33	101 
34	10 
35	53 
36	6 
37	14 
38	20 
39	8 
40	72 
41	6 
42	38 
43	8 
44	52 
45	49 
46	54 
47	34 
48	60 
49	49 
50	3 
51	11 
52	65 
53	78 
54	89 
55	60 
56	92 
57	26 
58	6 
59	40 
60	15 
61	29 
62	42 
63	49 
64	37 
65	54 
66	77 
67	14 
68	100 
69	16 
70	62 
71	95 
72	48 
73	100 
74	33 
75	7 
76	84 
77	16 
78	52 
79	57 
80	38 
81	22 
82	31 
83	60 
84	2 
85	65 
86	11 
87	73 
88	49 
89	99 
90	78 
91	12 
92	66 
93	11 
94	70 
95	13 
96	32 
97	29 
98	63 
99	44 
100	38 
101	37 
102	38 
103	21 
104	101 
105	11 
106	42 
107	77 
108	59 
109	16 
110	59 
111	72 
112	76 
113	36 
114	48 
115	7 
116	12 
117	29 
118	55 
119	17 
120	28 
121	38 
122	17 
123	3 
124	60 
125	48 
126	17 
127	77 
128	14 
129	32 
130	80 
131	36 
132	24 
133	23 
134	101 
135	69 
136	1 
137	25 
138	1 
139	88 
140	98 
141	57 
142	76 
143	27 
144	51 
145	85 
146	52 
147	46 
148	1 
149	91 
150	30 
151	20 
152	12 
153	42 
154	101 
155	101 
156	73 
157	56 
158	69 
159	12 
160	51 
161	86 
162	34 
163	68 
164	31 
165	37 
166	76 
167	18 
168	87 
169	74 
170	57 
171	84 
172	14 
173	14 
174	90 
175	67 
176	36 
177	101 
178	93 
179	31 
180	10 
181	22 
182	23 
183	66 
184	33 
185	77 
186	37 
187	18 
188	16 
189	31 
190	35 
191	44 
192	23 
193	9 
194	23 
195	74 
196	80 
197	29 
198	46 
199	64 
200	57 
201	95 
202	12 
203	55 
204	9 
205	93 
206	49 
207	79 
208	90 
209	26 
210	45 
211	79 
212	12 
213	93 
214	54 
215	42 
216	2 
217	18 
218	101 
219	60 
220	6 
221	15 
222	18 
223	80 
224	70 
225	77 
226	1 
227	95 
228	98 
229	46 
230	46 
231	48 
232	34 
233	46 
234	65 
235	20 
236	9 
237	41 
238	76 
239	12 
240	100 
241	76 
242	42 
243	55 
244	78 
245	96 
246	57 
247	36 
248	80 
249	95 
250	94 
251	4 
252	70 
253	30 
254	91 
255	101 
256	8 
257	23 
258	48 
259	63 
260	77 
261	4 
262	98 
263	35 
264	95 
265	101 
266	77 
267	50 
268	43 
269	8 
270	77 
271	2 
272	35 
273	15 
274	37 
275	56 
276	46 
277	72 
278	50 
279	46 
280	101 
281	82 
282	63 
283	29 
284	78 
285	52 
286	41 
287	15 
288	16 
289	44 
290	100 
291	6 
292	36 
293	50 
294	44 
295	48 
296	35 
297	66 
298	63 
299	17 
300	98 
301	72 
302	1 
303	44 
304	52 
305	40 
306	34 
307	77 
308	35 
309	83 
310	51 
311	38 
312	18 
313	81 
314	10 
315	26 
316	35 
317	9 
318	22 
319	57 
320	12 
321	28 
322	95 
323	52 
324	6 
325	48 
326	88 
327	60 
328	63 
329	76 
330	19 
331	73 
332	26 
333	19 
334	60 
335	28 
336	3 
337	57 
338	94 
339	76 
340	42 
341	75 
342	54 
343	78 
344	63 
345	57 
346	99 
347	47 
348	25 
349	14 
350	35 
351	42 
352	3 
353	64 
354	65 
355	6 
356	47 
357	49 
358	78 
359	29 
360	75 
361	89 
362	8 
363	80 
364	78 
365	15 
366	4 
367	99 
368	33 
369	95 
370	14 
371	23 
372	6 
373	3 
374	56 
375	46 
376	44 
377	9 
378	3 
379	70 
380	94 
381	12 
382	29 
383	73 
384	83 
385	33 
386	18 
387	12 
388	89 
389	101 
390	78 
391	22 
392	51 
393	48 
394	78 
395	52 
396	19 
397	13 
398	35 
399	70 
400	26 
401	92 
402	32 
403	58 
404	29 
405	13 
406	100 
407	95 
408	52 
409	41 
410	38 
411	31 
412	23 
413	74 
414	94 
415	81 
416	33 
417	27 
418	52 
419	8 
420	17 
421	23 
422	66 
423	15 
424	96 
425	29 
426	50 
427	89 
428	49 
429	51 
430	64 
431	1 
432	18 
433	52 
434	5 
435	51 
436	11 
437	85 
438	39 
439	8 
440	78 
441	61 
442	80 
443	69 
444	80 
445	95 
446	19 
447	23 
448	29 
449	18 
450	52 
451	37 
452	23 
453	8 
454	92 
455	20 
456	12 
457	4 
458	23 
459	60 
460	81 
461	10 
462	38 
463	95 
464	59 
465	73 
466	52 
467	52 
468	40 
469	64 
470	3 
471	90 
472	37 
473	73 
474	57 
475	101 
476	5 
477	59 
478	29 
479	94 
480	26 
481	41 
482	71 
483	77 
484	17 
485	59 
486	42 
487	3 
488	17 
489	36 
490	26 
491	24 
492	33 
493	6 
494	35 
495	78 
496	35 
497	69 
498	59 
499	44 
500	63 
501	68 
502	54 
503	78 
504	36 
505	92 
506	12 
507	31 
508	1 
509	88 
510	73 
511	73 
512	26 
513	70 
514	12 
515	35 
516	98 
517	78 
518	13 
519	50 
520	58 
521	30 
522	29 
523	4 
524	48 
525	18 
526	64 
527	71 
528	31 
529	92 
530	87 
531	45 
532	77 
533	27 
534	42 
535	94 
536	10 
537	71 
538	73 
539	14 
540	57 
541	74 
542	74 
543	48 
544	47 
545	13 
546	9 
547	90 
548	96 
549	71 
550	50 
551	48 
552	57 
553	68 
554	68 
555	87 
556	27 
557	80 
558	80 
559	96 
560	6 
561	80 
562	1 
563	40 
564	23 
565	36 
566	3 
567	64 
568	52 
569	6 
570	3 
571	35 
572	54 
573	50 
574	57 
575	63 
576	82 
577	59 
578	92 
579	99 
580	44 
581	77 
582	37 
583	62 
584	7 
585	77 
586	18 
587	52 
588	31 
589	96 
590	33 
591	99 
592	31 
593	93 
594	70 
595	95 
596	12 
597	48 
598	60 
599	14 
600	59 
601	6 
602	48 
603	12 
604	96 
605	19 
606	14 
607	50 
608	73 
609	19 
610	93 
611	56 
612	48 
613	24 
614	59 
615	30 
616	69 
617	57 
618	23 
619	17 
620	30 
621	98 
622	8 
623	36 
624	5 
625	33 
626	99 
627	66 
628	31 
629	17 
630	86 
631	95 
632	77 
633	5 
634	50 
635	41 
636	78 
637	13 
638	2 
639	30 
640	94 
641	52 
642	19 
643	64 
644	78 
645	17 
646	59 
647	98 
648	70 
649	69 
650	21 
651	52 
652	94 
653	67 
654	25 
655	30 
656	79 
657	1 
658	71 
659	28 
660	77 
661	21 
662	63 
663	38 
664	89 
665	7 
666	3 
667	72 
668	17 
669	32 
670	64 
671	84 
672	85 
673	73 
674	45 
675	37 
676	29 
677	24 
678	23 
679	58 
680	12 
681	17 
682	15 
683	31 
684	7 
685	94 
686	30 
687	64 
688	60 
689	2 
690	79 
691	81 
692	51 
693	23 
694	30 
695	48 
696	19 
697	19 
698	38 
699	23 
700	33 
701	73 
702	24 
703	64 
704	32 
705	55 
706	51 
707	19 
708	71 
709	32 
710	96 
711	22 
712	97 
713	95 
714	64 
715	6 
716	26 
717	99 
718	48 
719	76 
720	19 
721	85 
722	101 
723	3 
724	18 
725	39 
726	15 
727	2 
728	41 
729	100 
730	15 
731	85 
732	20 
733	93 
734	19 
735	94 
736	52 
737	97 
738	24 
739	31 
740	70 
741	90 
742	60 
743	61 
744	1 
745	57 
746	46 
747	76 
748	101 
749	19 
750	48 
751	20 
752	42 
753	48 
754	44 
755	19 
756	42 
757	28 
758	51 
759	33 
760	75 
761	72 
762	85 
763	30 
764	73 
765	41 
766	17 
767	37 
768	30 
769	95 
770	100 
771	17 
772	95 
773	98 
774	73 
775	16 
776	23 
777	18 
778	30 
779	17 
780	33 
781	31 
782	77 
783	76 
784	67 
785	96 
786	1 
787	78 
788	51 
789	43 
790	62 
791	36 
792	39 
793	30 
794	31 
795	88 
796	89 
797	57 
798	79 
799	68 
800	16 
801	25 
802	78 
803	35 
804	80 
805	93 
806	61 
807	20 
808	76 
809	59 
810	30 
811	17 
812	57 
813	55 
814	77 
815	59 
816	49 
817	11 
818	71 
819	30 
820	66 
821	76 
822	75 
823	16 
824	95 
825	14 
826	54 
827	92 
828	60 
829	49 
830	50 
831	94 
832	31 
833	9 
834	54 
835	28 
836	77 
837	78 
838	27 
839	55 
840	59 
841	4 
842	8 
843	87 
844	77 
845	93 
846	49 
847	2 
848	31 
849	23 
850	49 
851	48 
852	18 
853	72 
854	49 
855	33 
856	44 
857	27 
858	77 
859	89 
860	43 
861	72 
862	99 
863	71 
864	29 
865	33 
866	70 
867	94 
868	60 
869	40 
870	48 
871	100 
872	95 
873	44 
874	30 
875	98 
876	36 
877	83 
878	19 
879	78 
880	29 
881	90 
882	49 
883	62 
884	59 
885	18 
886	92 
887	31 
888	9 
889	16 
890	58 
891	57 
892	23 
893	51 
894	30 
895	12 
896	19 
897	73 
898	33 
899	89 
900	30 
901	50 
902	18 
903	93 
904	84 
905	79 
906	62 
907	63 
908	92 
909	32 
910	56 
911	42 
912	1 
913	1 
914	63 
915	26 
916	73 
917	79 
918	92 
919	46 
920	89 
921	23 
922	51 
923	67 
924	78 
925	35 
926	12 
927	9 
928	6 
929	7 
930	75 
931	30 
932	49 
933	2 
934	24 
935	88 
936	86 
937	49 
938	60 
939	78 
940	35 
941	69 
942	66 
943	71 
944	60 
945	42 
946	34 
947	24 
948	17 
949	30 
950	49 
951	35 
952	72 
953	20 
954	61 
955	12 
956	58 
957	43 
958	94 
959	8 
960	74 
961	33 
962	52 
963	59 
964	55 
965	62 
966	33 
967	49 
968	96 
969	35 
970	31 
971	101 
972	70 
973	86 
974	58 
975	58 
976	101 
977	44 
978	26 
979	96 
980	74 
981	85 
982	17 
983	29 
984	9 
985	23 
986	14 
987	57 
988	52 
989	64 
990	81 
991	59 
992	84 
993	29 
994	72 
995	80 
996	71 
997	23 
998	52 
999	72 
1000	85 
1001	19 
1002	61 
1003	52 
1004	69 
1005	27 
1006	36 
1007	40 
1008	17 
1009	28 
1010	14 
1011	40 
1012	82 
1013	82 
1014	59 
1015	96 
1016	60 
1017	25 
1018	18 
1019	91 
1020	32 
1021	98 
1022	77 
1023	27 
1024	5 
1025	96 
1026	71 
1027	95 
1028	99 
1029	14 
1030	53 
1031	18 
1032	100 
1033	18 
1034	42 
1035	41 
1036	51 
1037	54 
1038	17 
1039	46 
1040	95 
1041	77 
1042	96 
1043	49 
1044	2 
1045	50 
1046	87 
1047	14 
1048	42 
1049	78 
1050	72 
1051	89 
1052	75 
1053	85 
1054	46 
1055	73 
1056	2 
1057	12 
1058	80 
1059	62 
1060	56 
1061	60 
1062	33 
1063	3 
1064	53 
1065	19 
1066	36 
1067	37 
1068	98 
1069	5 
1070	85 
1071	77 
1072	92 
1073	57 
1074	49 
1075	54 
1076	20 
1077	30 
1078	92 
1079	18 
1080	6 
1081	28 
1082	99 
1083	33 
1084	36 
1085	37 
1086	77 
1087	49 
1088	40 
1089	22 
1090	51 
1091	19 
1092	97 
1093	64 
1094	53 
1095	56 
1096	9 
1097	70 
1098	28 
1099	94 
1100	97 
1101	20 
1102	12 
1103	26 
1104	81 
1105	64 
1106	60 
1107	14 
1108	68 
1109	5 
1110	85 
1111	14 
1112	97 
1113	68 
1114	6 
1115	24 
1116	99 
1117	85 
1118	3 
1119	64 
1120	89 
1121	6 
1122	55 
1123	54 
1124	90 
1125	16 
1126	83 
1127	17 
1128	29 
1129	97 
1130	6 
1131	38 
1132	5 
1133	39 
1134	31 
1135	92 
1136	50 
1137	11 
1138	36 
1139	17 
1140	19 
1141	69 
1142	99 
1143	77 
1144	95 
1145	80 
1146	20 
1147	26 
1148	32 
1149	68 
1150	52 
1151	30 
1152	98 
1153	6 
1154	83 
1155	72 
1156	20 
1157	35 
1158	19 
1159	38 
1160	3 
1161	30 
1162	22 
1163	14 
1164	25 
1165	81 
1166	95 
1167	46 
1168	21 
1169	94 
1170	63 
1171	38 
1172	71 
1173	60 
1174	25 
1175	64 
1176	71 
1177	37 
1178	51 
1179	97 
1180	90 
1181	65 
1182	49 
1183	4 
1184	13 
1185	54 
1186	80 
1187	45 
1188	49 
1189	14 
1190	69 
1191	44 
1192	78 
1193	81 
1194	31 
1195	86 
1196	52 
1197	30 
1198	49 
1199	33 
1200	12 
1201	17 
1202	83 
1203	17 
1204	80 
1205	51 
1206	80 
1207	19 
1208	75 
1209	71 
1210	72 
1211	39 
1212	70 
1213	55 
1214	73 
1215	52 
1216	72 
1217	23 
1218	42 
1219	71 
1220	90 
1221	11 
1222	3 
1223	71 
1224	62 
1225	1 
1226	60 
1227	49 
1228	44 
1229	59 
1230	69 
1231	35 
1232	70 
1233	38 
1234	66 
1235	99 
1236	63 
1237	1 
1238	46 
1239	38 
1240	59 
1241	39 
1242	25 
1243	52 
1244	17 
1245	85 
1246	42 
1247	69 
1248	95 
1249	78 
1250	41 
1251	99 
1252	55 
1253	51 
1254	47 
1255	101 
1256	28 
1257	34 
1258	20 
1259	40 
1260	12 
1261	78 
1262	66 
1263	54 
1264	70 
1265	20 
1266	59 
1267	81 
1268	46 
1269	36 
1270	43 
1271	96 
1272	76 
1273	52 
1274	37 
1275	35 
1276	25 
1277	86 
1278	28 
1279	99 
1280	49 
1281	51 
1282	52 
1283	48 
1284	80 
1285	41 
1286	99 
1287	78 
1288	61 
1289	29 
1290	11 
1291	6 
1292	71 
1293	49 
1294	32 
1295	37 
1296	98 
1297	6 
1298	29 
1299	92 
1300	31 
1301	3 
1302	54 
1303	85 
1304	17 
1305	2 
1306	34 
1307	73 
1308	99 
1309	36 
1310	97 
1311	51 
1312	23 
1313	64 
1314	31 
1315	35 
1316	68 
1317	93 
1318	51 
1319	18 
1320	59 
1321	94 
1322	14 
1323	78 
1324	76 
1325	19 
1326	24 
1327	19 
1328	57 
1329	52 
1330	4 
1331	77 
1332	81 
1333	12 
1334	31 
1335	78 
1336	17 
1337	83 
1338	51 
1339	90 
1340	91 
1341	79 
1342	32 
1343	66 
1344	79 
1345	9 
1346	97 
1347	101 
1348	72 
1349	19 
1350	41 
1351	2 
1352	23 
1353	38 
1354	39 
1355	24 
1356	84 
1357	99 
1358	35 
1359	36 
1360	99 
1361	71 
1362	41 
1363	60 
1364	68 
1365	17 
1366	60 
1367	89 
1368	21 
1369	17 
1370	46 
1371	60 
1372	76 
1373	94 
1374	50 
1375	38 
1376	41 
1377	71 
1378	33 
1379	68 
1380	63 
1381	17 
1382	15 
1383	10 
1384	72 
1385	15 
1386	76 
1387	71 
1388	28 
1389	38 
1390	50 
1391	45 
1392	45 
1393	85 
1394	48 
1395	89 
1396	15 
1397	17 
1398	48 
1399	37 
1400	67 
1401	23 
1402	77 
1403	86 
1404	44 
1405	91 
1406	27 
1407	37 
1408	23 
1409	50 
1410	52 
1411	33 
1412	29 
1413	17 
1414	89 
1415	10 
1416	90 
1417	19 
1418	51 
1419	54 
1420	99 
1421	85 
1422	57 
1423	67 
1424	41 
1425	30 
1426	34 
1427	75 
1428	92 
1429	99 
1430	50 
1431	24 
1432	71 
1433	8 
1434	15 
1435	26 
1436	9 
1437	96 
1438	18 
1439	95 
1440	19 
1441	18 
1442	3 
1443	31 
1444	43 
1445	57 
1446	35 
1447	82 
1448	1 
1449	37 
1450	64 
1451	1 
1452	9 
1453	20 
1454	5 
1455	29 
1456	26 
1457	73 
1458	10 
1459	49 
1460	26 
1461	33 
1462	26 
1463	30 
1464	14 
1465	54 
1466	36 
1467	74 
1468	15 
1469	17 
1470	78 
1471	100 
1472	72 
1473	2 
1474	18 
1475	48 
1476	67 
1477	44 
1478	35 
1479	3 
1480	28 
1481	62 
1482	12 
1483	38 
1484	41 
1485	31 
1486	18 
1487	20 
1488	67 
1489	47 
1490	12 
1491	31 
1492	94 
1493	2 
1494	92 
1495	95 
1496	9 
1497	43 
1498	80 
1499	73 
1500	5 
1501	38 
1502	38 
1503	67 
1504	43 
1505	18 
1506	1 
1507	26 
1508	75 
1509	33 
1510	72 
1511	77 
1512	93 
1513	42 
1514	10 
1515	23 
1516	57 
1517	19 
1518	62 
1519	54 
1520	35 
1521	9 
1522	30 
1523	23 
1524	42 
1525	63 
1526	34 
1527	41 
1528	24 
1529	45 
1530	93 
1531	18 
1532	32 
1533	18 
1534	92 
1535	84 
1536	9 
1537	77 
1538	6 
1539	23 
1540	74 
1541	14 
1542	74 
1543	38 
1544	31 
1545	52 
1546	51 
1547	49 
1548	52 
1549	59 
1550	66 
1551	31 
1552	99 
1553	30 
1554	67 
1555	35 
1556	13 
1557	20 
1558	65 
1559	54 
1560	19 
1561	99 
1562	47 
1563	27 
1564	100 
1565	96 
1566	26 
1567	93 
1568	6 
1569	6 
1570	43 
1571	49 
1572	30 
1573	65 
1574	72 
1575	24 
1576	29 
1577	18 
1578	33 
1579	31 
1580	7 
1581	63 
1582	85 
1583	34 
1584	88 
1585	29 
1586	59 
1587	96 
1588	78 
1589	50 
1590	92 
1591	68 
1592	95 
1593	28 
1594	91 
1595	51 
1596	61 
1597	36 
1598	29 
1599	77 
1600	2 
1601	37 
1602	75 
1603	69 
1604	64 
1605	31 
1606	42 
1607	44 
1608	42 
1609	94 
1610	73 
1611	49 
1612	33 
1613	28 
1614	30 
1615	93 
1616	60 
1617	96 
1618	54 
1619	53 
1620	1 
1621	59 
1622	73 
1623	16 
1624	22 
1625	77 
1626	31 
1627	78 
1628	32 
1629	96 
1630	17 
1631	82 
1632	31 
1633	25 
1634	32 
1635	19 
1636	25 
1637	31 
1638	61 
1639	60 
1640	73 
1641	84 
1642	60 
1643	95 
1644	94 
1645	4 
1646	68 
1647	47 
1648	40 
1649	92 
1650	4 
1651	99 
1652	55 
1653	33 
1654	25 
1655	60 
1656	15 
1657	44 
1658	82 
1659	46 
1660	47 
1661	94 
1662	46 
1663	57 
1664	63 
1665	71 
1666	62 
1667	55 
1668	23 
1669	23 
1670	12 
1671	22 
1672	101 
1673	32 
1674	73 
1675	92 
1676	41 
1677	71 
1678	48 
1679	77 
1680	35 
1681	78 
1682	17 
1683	78 
1684	14 
1685	17 
1686	77 
1687	36 
1688	99 
1689	37 
1690	56 
1691	36 
1692	76 
1693	36 
1694	50 
1695	60 
1696	39 
1697	12 
1698	92 
1699	86 
1700	17 
1701	58 
1702	23 
1703	99 
1704	94 
1705	97 
1706	48 
1707	49 
1708	33 
1709	83 
1710	12 
1711	38 
1712	46 
1713	5 
1714	36 
1715	96 
1716	38 
1717	61 
1718	22 
1719	33 
1720	6 
1721	43 
1722	48 
1723	21 
1724	49 
1725	95 
1726	67 
1727	53 
1728	13 
1729	49 
1730	6 
1731	77 
1732	97 
1733	98 
1734	32 
1735	92 
1736	31 
1737	52 
1738	94 
1739	1 
1740	4 
1741	72 
1742	8 
1743	22 
1744	91 
1745	52 
1746	18 
1747	51 
1748	8 
1749	19 
1750	26 
1751	71 
1752	94 
1753	87 
1754	61 
1755	57 
1756	52 
1757	39 
1758	6 
1759	25 
1760	8 
1761	51 
1762	86 
1763	75 
1764	30 
1765	7 
1766	60 
1767	99 
1768	67 
1769	67 
1770	83 
1771	1 
1772	67 
1773	24 
1774	79 
1775	68 
1776	24 
1777	36 
1778	71 
1779	41 
1780	77 
1781	68 
1782	57 
1783	76 
1784	29 
1785	36 
1786	52 
1787	80 
1788	81 
1789	61 
1790	30 
1791	69 
1792	55 
1793	36 
1794	33 
1795	18 
1796	37 
1797	44 
1798	57 
1799	66 
1800	45 
1801	80 
1802	13 
1803	15 
1804	39 
1805	70 
1806	49 
1807	45 
1808	6 
1809	57 
1810	53 
1811	64 
1812	94 
1813	14 
1814	80 
1815	29 
1816	1 
1817	42 
1818	67 
1819	49 
1820	80 
1821	29 
1822	59 
1823	100 
1824	91 
1825	33 
1826	64 
1827	39 
1828	100 
1829	27 
1830	28 
1831	87 
1832	7 
1833	36 
1834	97 
1835	38 
1836	54 
1837	18 
1838	41 
1839	6 
1840	4 
1841	57 
1842	87 
1843	49 
1844	83 
1845	32 
1846	28 
1847	69 
1848	32 
1849	12 
1850	49 
1851	37 
1852	23 
1853	34 
1854	51 
1855	63 
1856	3 
1857	101 
1858	18 
1859	92 
1860	37 
1861	78 
1862	77 
1863	95 
1864	95 
1865	39 
1866	28 
1867	7 
1868	40 
1869	95 
1870	90 
1871	99 
1872	28 
1873	26 
1874	69 
1875	65 
1876	13 
1877	67 
1878	94 
1879	20 
1880	71 
1881	3 
1882	5 
1883	11 
1884	89 
1885	57 
1886	88 
1887	41 
1888	76 
1889	30 
1890	70 
1891	27 
1892	8 
1893	29 
1894	86 
1895	36 
1896	30 
1897	45 
1898	56 
1899	80 
1900	46 
1901	2 
1902	12 
1903	93 
1904	62 
1905	61 
1906	95 
1907	76 
1908	57 
1909	85 
1910	83 
1911	17 
1912	18 
1913	78 
1914	28 
1915	66 
1916	77 
1917	3 
1918	29 
1919	6 
1920	12 
1921	36 
1922	3 
1923	72 
1924	1 
1925	19 
1926	26 
1927	77 
1928	12 
1929	8 
1930	101 
1931	99 
1932	32 
1933	25 
1934	62 
1935	3 
1936	49 
1937	2 
1938	4 
1939	60 
1940	60 
1941	74 
1942	63 
1943	33 
1944	19 
1945	77 
1946	53 
1947	51 
1948	1 
1949	98 
1950	46 
1951	50 
1952	60 
1953	36 
1954	52 
1955	37 
1956	83 
1957	47 
1958	90 
1959	71 
1960	39 
1961	74 
1962	36 
1963	5 
1964	68 
1965	64 
1966	44 
1967	76 
1968	42 
1969	14 
1970	97 
1971	2 
1972	4 
1973	17 
1974	23 
1975	64 
1976	19 
1977	7 
1978	17 
1979	46 
1980	44 
1981	29 
1982	43 
1983	51 
1984	18 
1985	90 
1986	58 
1987	50 
1988	78 
1989	18 
1990	77 
1991	76 
1992	92 
1993	30 
1994	19 
1995	50 
1996	28 
1997	44 
1998	42 
1999	58 
2000	59 
2001	38 
2002	54 
2003	18 
2004	85 
2005	64 
2006	18 
2007	65 
2008	17 
2009	40 
2010	88 
2011	29 
2012	15 
2013	39 
2014	83 
2015	2 
2016	30 
2017	82 
2018	49 
2019	73 
2020	72 
2021	7 
2022	54 
2023	49 
2024	24 
2025	45 
2026	27 
2027	77 
2028	42 
2029	97 
2030	38 
2031	53 
2032	56 
2033	92 
2034	23 
2035	87 
2036	60 
2037	42 
2038	33 
2039	8 
2040	80 
2041	63 
2042	20 
2043	10 
2044	95 
2045	42 
2046	32 
2047	59 
2048	73 
2049	75 
2050	57 
2051	19 
2052	57 
2053	1 
2054	34 
2055	50 
2056	57 
2057	3 
2058	47 
2059	7 
2060	54 
2061	96 
2062	8 
2063	74 
2064	86 
2065	32 
2066	23 
2067	89 
2068	53 
2069	20 
2070	36 
2071	77 
2072	33 
2073	70 
2074	100 
2075	29 
2076	32 
2077	28 
2078	55 
2079	10 
2080	27 
2081	38 
2082	93 
2083	37 
2084	99 
2085	17 
2086	18 
2087	92 
2088	94 
2089	74 
2090	86 
2091	95 
2092	33 
2093	6 
2094	17 
2095	85 
2096	40 
2097	100 
2098	19 
2099	33 
2100	92 
2101	21 
2102	80 
2103	101 
2104	40 
2105	36 
2106	92 
2107	8 
2108	32 
2109	97 
2110	50 
2111	92 
2112	3 
2113	17 
2114	39 
2115	15 
2116	49 
2117	18 
2118	37 
2119	19 
2120	87 
2121	26 
2122	83 
2123	101 
2124	31 
2125	63 
2126	49 
2127	52 
2128	63 
2129	60 
2130	95 
2131	75 
2132	11 
2133	35 
2134	86 
2135	27 
2136	71 
2137	49 
2138	93 
2139	5 
2140	31 
2141	18 
2142	15 
2143	38 
2144	84 
2145	101 
2146	68 
2147	35 
2148	78 
2149	52 
2150	59 
2151	27 
2152	17 
2153	29 
2154	36 
2155	35 
2156	12 
2157	51 
2158	17 
2159	59 
2160	92 
2161	100 
2162	44 
2163	70 
2164	29 
2165	59 
2166	31 
2167	33 
2168	77 
2169	87 
2170	83 
2171	48 
2172	39 
2173	54 
2174	41 
2175	72 
2176	34 
2177	90 
2178	89 
2179	15 
2180	2 
2181	73 
2182	38 
2183	24 
2184	24 
2185	98 
2186	37 
2187	43 
2188	60 
2189	63 
2190	30 
2191	86 
2192	41 
2193	85 
2194	59 
2195	11 
2196	60 
2197	73 
2198	72 
2199	2 
2200	25 
2201	11 
2202	88 
2203	4 
2204	2 
2205	18 
2206	83 
2207	31 
2208	52 
2209	40 
2210	29 
2211	99 
2212	30 
2213	26 
2214	4 
2215	15 
2216	40 
2217	45 
2218	85 
2219	89 
2220	82 
2221	52 
2222	95 
2223	46 
2224	77 
2225	12 
2226	75 
2227	89 
2228	65 
2229	36 
2230	28 
2231	96 
2232	10 
2233	85 
2234	58 
2235	23 
2236	17 
2237	95 
2238	44 
2239	8 
2240	20 
2241	34 
2242	20 
2243	60 
2244	77 
2245	26 
2246	46 
2247	85 
2248	93 
2249	24 
2250	72 
2251	18 
2252	34 
2253	12 
2254	56 
2255	41 
2256	19 
2257	92 
2258	46 
2259	78 
2260	57 
2261	2 
2262	47 
2263	100 
2264	35 
2265	72 
2266	39 
2267	19 
2268	46 
2269	38 
2270	32 
2271	63 
2272	35 
2273	87 
2274	39 
2275	51 
2276	77 
2277	6 
2278	31 
2279	37 
2280	46 
2281	12 
2282	8 
2283	33 
2284	13 
2285	47 
2286	91 
2287	97 
2288	77 
2289	78 
2290	19 
2291	78 
2292	70 
2293	33 
2294	28 
2295	3 
2296	71 
2297	46 
2298	38 
2299	6 
2300	89 
2301	3 
2302	26 
2303	95 
2304	78 
2305	96 
2306	78 
2307	21 
2308	77 
2309	53 
2310	36 
2311	85 
2312	51 
2313	94 
2314	43 
2315	79 
2316	22 
2317	31 
2318	24 
2319	33 
2320	20 
2321	65 
2322	76 
2323	78 
2324	53 
2325	12 
2326	26 
2327	68 
2328	25 
2329	41 
2330	44 
2331	51 
2332	69 
2333	88 
2334	73 
2335	61 
2336	14 
2337	41 
2338	15 
2339	90 
2340	20 
2341	64 
2342	16 
2343	5 
2344	41 
2345	60 
2346	3 
2347	43 
2348	35 
2349	73 
2350	38 
2351	51 
2352	30 
2353	30 
2354	30 
2355	15 
2356	84 
2357	30 
2358	44 
2359	80 
2360	12 
2361	77 
2362	12 
2363	87 
2364	51 
2365	94 
2366	41 
2367	51 
2368	52 
2369	49 
2370	29 
2371	20 
2372	44 
2373	80 
2374	69 
2375	59 
2376	59 
2377	57 
2378	34 
2379	9 
2380	22 
2381	15 
2382	48 
2383	76 
2384	13 
2385	30 
2386	53 
2387	51 
2388	21 
2389	88 
2390	48 
2391	83 
2392	40 
2393	35 
2394	89 
2395	18 
2396	77 
2397	100 
2398	48 
2399	17 
2400	13 
2401	35 
2402	26 
2403	4 
2404	36 
2405	93 
2406	29 
2407	72 
2408	88 
2409	33 
2410	8 
2411	85 
2412	16 
2413	41 
2414	100 
2415	101 
2416	87 
2417	20 
2418	89 
2419	33 
2420	70 
2421	83 
2422	71 
2423	100 
2424	30 
2425	60 
2426	62 
2427	37 
2428	6 
2429	38 
2430	12 
2431	53 
2432	36 
2433	52 
2434	57 
2435	55 
2436	88 
2437	23 
2438	62 
2439	94 
2440	46 
2441	18 
2442	35 
2443	6 
2444	9 
2445	57 
2446	79 
2447	82 
2448	19 
2449	84 
2450	17 
2451	19 
2452	30 
2453	32 
2454	78 
2455	48 
2456	27 
2457	11 
2458	80 
2459	42 
2460	29 
2461	59 
2462	33 
2463	76 
2464	36 
2465	84 
2466	11 
2467	47 
2468	31 
2469	19 
2470	29 
2471	33 
2472	69 
2473	44 
2474	39 
2475	36 
2476	80 
2477	73 
2478	23 
2479	12 
2480	33 
2481	25 
2482	42 
2483	85 
2484	59 
2485	71 
2486	1 
2487	51 
2488	49 
2489	31 
2490	101 
2491	38 
2492	20 
2493	22 
2494	95 
2495	24 
2496	36 
2497	40 
2498	60 
2499	43 
2500	8 
2501	20 
2502	76 
2503	3 
2504	71 
2505	60 
2506	22 
2507	17 
2508	15 
2509	17 
2510	26 
2511	41 
2512	100 
2513	24 
2514	54 
2515	60 
2516	21 
2517	99 
2518	89 
2519	95 
2520	14 
2521	45 
2522	84 
2523	68 
2524	27 
2525	26 
2526	92 
2527	24 
2528	86 
2529	47 
2530	101 
2531	3 
2532	60 
2533	32 
2534	4 
2535	83 
2536	49 
2537	12 
2538	18 
2539	29 
2540	78 
2541	82 
2542	14 
2543	62 
2544	3 
2545	18 
2546	20 
2547	79 
2548	8 
2549	59 
2550	59 
2551	52 
2552	72 
2553	94 
2554	42 
2555	80 
2556	82 
2557	30 
2558	23 
2559	88 
2560	97 
2561	16 
2562	74 
2563	37 
2564	82 
2565	8 
2566	59 
2567	27 
2568	27 
2569	24 
2570	4 
2571	27 
2572	62 
2573	49 
2574	91 
2575	36 
2576	77 
2577	56 
2578	92 
2579	77 
2580	10 
2581	31 
2582	57 
2583	78 
2584	90 
2585	18 
2586	30 
2587	92 
2588	31 
2589	52 
2590	6 
2591	52 
2592	92 
2593	73 
2594	20 
2595	36 
2596	80 
2597	89 
2598	6 
2599	42 
2600	95 
2601	26 
2602	32 
2603	51 
2604	19 
2605	15 
2606	78 
2607	32 
2608	100 
2609	68 
2610	13 
2611	58 
2612	19 
2613	46 
2614	78 
2615	89 
2616	74 
2617	99 
2618	46 
2619	29 
2620	65 
2621	69 
2622	45 
2623	2 
2624	29 
2625	19 
2626	19 
2627	91 
2628	94 
2629	53 
2630	18 
2631	29 
2632	30 
2633	74 
2634	73 
2635	29 
2636	19 
2637	23 
2638	78 
2639	2 
2640	64 
2641	62 
2642	26 
2643	64 
2644	46 
2645	4 
2646	74 
2647	35 
2648	54 
2649	30 
2650	94 
2651	7 
2652	65 
2653	40 
2654	5 
2655	44 
2656	70 
2657	27 
2658	30 
2659	99 
2660	79 
2661	13 
2662	60 
2663	69 
2664	78 
2665	2 
2666	1 
2667	68 
2668	26 
2669	30 
2670	4 
2671	20 
2672	38 
2673	6 
2674	20 
2675	36 
2676	66 
2677	30 
2678	42 
2679	69 
2680	7 
2681	80 
2682	3 
2683	23 
2684	67 
2685	95 
2686	52 
2687	92 
2688	16 
2689	36 
2690	18 
2691	30 
2692	23 
2693	8 
2694	19 
2695	33 
2696	19 
2697	92 
2698	57 
2699	21 
2700	20 
2701	30 
2702	27 
2703	97 
2704	97 
2705	100 
2706	4 
2707	47 
2708	3 
2709	68 
2710	29 
2711	92 
2712	78 
2713	5 
2714	85 
2715	89 
2716	91 
2717	36 
2718	79 
2719	101 
2720	62 
2721	3 
2722	57 
2723	71 
2724	29 
2725	48 
2726	93 
2727	22 
2728	69 
2729	27 
2730	13 
2731	80 
2732	69 
2733	45 
2734	36 
2735	80 
2736	64 
2737	69 
2738	61 
2739	59 
2740	9 
2741	70 
2742	92 
2743	60 
2744	23 
2745	28 
2746	55 
2747	68 
2748	95 
2749	94 
2750	95 
2751	32 
2752	50 
2753	35 
2754	85 
2755	31 
2756	78 
2757	4 
2758	33 
2759	57 
2760	77 
2761	18 
2762	33 
2763	34 
2764	13 
2765	30 
2766	84 
2767	88 
2768	24 
2769	85 
2770	18 
2771	64 
2772	41 
2773	35 
2774	47 
2775	72 
2776	76 
2777	84 
2778	14 
2779	19 
2780	101 
2781	52 
2782	52 
2783	52 
2784	29 
2785	31 
2786	28 
2787	42 
2788	30 
2789	62 
2790	19 
2791	23 
2792	5 
2793	49 
2794	6 
2795	6 
2796	17 
2797	48 
2798	6 
2799	17 
2800	87 
2801	63 
2802	33 
2803	35 
2804	80 
2805	57 
2806	31 
2807	62 
2808	45 
2809	35 
2810	30 
2811	32 
2812	82 
2813	60 
2814	80 
2815	85 
2816	24 
2817	31 
2818	37 
2819	12 
2820	5 
2821	12 
2822	57 
2823	69 
2824	37 
2825	56 
2826	4 
2827	26 
2828	29 
2829	60 
2830	97 
2831	26 
2832	19 
2833	80 
2834	96 
2835	68 
2836	91 
2837	20 
2838	92 
2839	50 
2840	29 
2841	1 
2842	87 
2843	12 
2844	74 
2845	67 
2846	81 
2847	95 
2848	4 
2849	77 
2850	18 
2851	93 
2852	48 
2853	79 
2854	50 
2855	46 
2856	90 
2857	57 
2858	53 
2859	31 
2860	59 
2861	1 
2862	94 
2863	11 
2864	42 
2865	27 
2866	63 
2867	14 
2868	19 
2869	91 
2870	44 
2871	13 
2872	6 
2873	4 
2874	92 
2875	84 
2876	62 
2877	73 
2878	5 
2879	94 
2880	54 
2881	19 
2882	42 
2883	4 
2884	93 
2885	74 
2886	34 
2887	27 
2888	38 
2889	33 
2890	36 
2891	64 
2892	80 
2893	84 
2894	10 
2895	38 
2896	5 
2897	32 
2898	66 
2899	3 
2900	34 
2901	100 
2902	66 
2903	77 
2904	88 
2905	29 
2906	54 
2907	81 
2908	10 
2909	16 
2910	3 
2911	16 
2912	29 
2913	32 
2914	2 
2915	31 
2916	19 
2917	20 
2918	71 
2919	31 
2920	29 
2921	58 
2922	57 
2923	20 
2924	27 
2925	91 
2926	57 
2927	30 
2928	84 
2929	10 
2930	44 
2931	47 
2932	56 
2933	30 
2934	74 
2935	87 
2936	27 
2937	15 
2938	83 
2939	88 
2940	75 
2941	77 
2942	9 
2943	36 
2944	4 
2945	19 
2946	2 
2947	29 
2948	12 
2949	40 
2950	38 
2951	19 
2952	10 
2953	95 
2954	54 
2955	71 
2956	18 
2957	67 
2958	65 
2959	23 
2960	29 
2961	19 
2962	52 
2963	101 
2964	27 
2965	37 
2966	50 
2967	3 
2968	73 
2969	67 
2970	33 
2971	35 
2972	10 
2973	57 
2974	95 
2975	76 
2976	85 
2977	15 
2978	70 
2979	33 
2980	100 
2981	63 
2982	49 
2983	69 
2984	83 
2985	62 
2986	15 
2987	92 
2988	38 
2989	17 
2990	61 
2991	29 
2992	47 
2993	97 
2994	59 
2995	99 
2996	37 
2997	28 
2998	19 
2999	96 
3000	54 
3001	53 
3002	29 
3003	56 
3004	36 
3005	65 
3006	1 
3007	98 
3008	22 
3009	4 
3010	64 
3011	49 
3012	40 
3013	51 
3014	95 
3015	63 
3016	81 
3017	36 
3018	91 
3019	8 
3020	77 
3021	31 
3022	80 
3023	100 
3024	31 
3025	45 
3026	20 
3027	24 
3028	6 
3029	42 
3030	88 
3031	101 
3032	46 
3033	18 
3034	8 
3035	15 
3036	90 
3037	38 
3038	95 
3039	51 
3040	39 
3041	40 
3042	48 
3043	35 
3044	95 
3045	48 
3046	65 
3047	17 
3048	7 
3049	39 
3050	85 
3051	38 
3052	46 
3053	11 
3054	25 
3055	17 
3056	65 
3057	74 
3058	28 
3059	90 
3060	7 
3061	57 
3062	49 
3063	65 
3064	47 
3065	29 
3066	32 
3067	1 
3068	51 
3069	71 
3070	85 
3071	33 
3072	49 
3073	31 
3074	42 
3075	95 
3076	50 
3077	33 
3078	23 
3079	80 
3080	60 
3081	34 
3082	12 
3083	18 
3084	52 
3085	41 
3086	69 
3087	48 
3088	20 
3089	97 
3090	85 
3091	18 
3092	21 
3093	10 
3094	16 
3095	95 
3096	4 
3097	40 
3098	14 
3099	89 
3100	1 
3101	28 
3102	94 
3103	98 
3104	56 
3105	101 
3106	15 
3107	96 
3108	36 
3109	33 
3110	36 
3111	31 
3112	93 
3113	23 
3114	36 
3115	42 
3116	91 
3117	17 
3118	15 
3119	72 
3120	49 
3121	14 
3122	10 
3123	51 
3124	9 
3125	61 
3126	5 
3127	28 
3128	5 
3129	59 
3130	50 
3131	74 
3132	31 
3133	32 
3134	91 
3135	15 
3136	92 
3137	26 
3138	9 
3139	38 
3140	77 
3141	33 
3142	35 
3143	95 
3144	22 
3145	92 
3146	69 
3147	71 
3148	101 
3149	10 
3150	57 
3151	33 
3152	59 
3153	19 
3154	3 
3155	57 
3156	28 
3157	35 
3158	12 
3159	77 
3160	6 
3161	3 
3162	101 
3163	48 
3164	42 
3165	39 
3166	20 
3167	79 
3168	30 
3169	80 
3170	89 
3171	22 
3172	81 
3173	91 
3174	22 
3175	72 
3176	31 
3177	73 
3178	81 
3179	19 
3180	29 
3181	20 
3182	29 
3183	67 
3184	92 
3185	16 
3186	78 
3187	10 
3188	51 
3189	91 
3190	12 
3191	80 
3192	21 
3193	31 
3194	18 
3195	50 
3196	17 
3197	60 
3198	38 
3199	9 
3200	97 
3201	2 
3202	43 
3203	2 
3204	80 
3205	63 
3206	46 
3207	85 
3208	55 
3209	64 
3210	37 
3211	53 
3212	30 
3213	5 
3214	86 
3215	91 
3216	47 
3217	4 
3218	92 
3219	16 
3220	20 
3221	95 
3222	91 
3223	60 
3224	7 
3225	51 
3226	92 
3227	89 
3228	95 
3229	21 
3230	66 
3231	97 
3232	22 
3233	97 
3234	46 
3235	23 
3236	29 
3237	8 
3238	38 
3239	34 
3240	90 
3241	94 
3242	5 
3243	94 
3244	75 
3245	64 
3246	30 
3247	86 
3248	98 
3249	32 
3250	96 
3251	80 
3252	29 
3253	48 
3254	69 
3255	6 
3256	87 
3257	93 
3258	64 
3259	27 
3260	92 
3261	30 
3262	25 
3263	22 
3264	84 
3265	37 
3266	1 
3267	78 
3268	94 
3269	32 
3270	24 
3271	3 
3272	82 
3273	5 
3274	42 
3275	30 
3276	93 
3277	18 
3278	31 
3279	95 
3280	29 
3281	31 
3282	56 
3283	52 
3284	54 
3285	31 
3286	73 
3287	37 
3288	73 
3289	61 
3290	23 
3291	36 
3292	59 
3293	83 
3294	40 
3295	69 
3296	4 
3297	8 
3298	92 
3299	33 
3300	54 
3301	27 
3302	8 
3303	15 
3304	24 
3305	85 
3306	57 
3307	94 
3308	29 
3309	76 
3310	4 
3311	38 
3312	32 
3313	11 
3314	89 
3315	14 
3316	92 
3317	72 
3318	80 
3319	6 
3320	93 
3321	23 
3322	18 
3323	9 
3324	75 
3325	19 
3326	26 
3327	12 
3328	55 
3329	78 
3330	46 
3331	32 
3332	39 
3333	55 
3334	59 
3335	33 
3336	35 
3337	5 
3338	27 
3339	77 
3340	78 
3341	82 
3342	72 
3343	31 
3344	27 
3345	17 
3346	42 
3347	43 
3348	59 
3349	72 
3350	92 
3351	39 
3352	32 
3353	1 
3354	25 
3355	18 
3356	29 
3357	47 
3358	57 
3359	26 
3360	9 
3361	64 
3362	95 
3363	42 
3364	79 
3365	77 
3366	15 
3367	33 
3368	60 
3369	13 
3370	31 
3371	33 
3372	29 
3373	18 
3374	72 
3375	33 
3376	7 
3377	32 
3378	6 
3379	70 
3380	41 
3381	31 
3382	56 
3383	64 
3384	57 
3385	80 
3386	95 
3387	59 
3388	69 
3389	19 
3390	96 
3391	67 
3392	4 
3393	17 
3394	100 
3395	38 
3396	99 
3397	52 
3398	27 
3399	1 
3400	101 
3401	36 
3402	47 
3403	98 
3404	43 
3405	86 
3406	20 
3407	41 
3408	73 
3409	93 
3410	15 
3411	51 
3412	42 
3413	99 
3414	15 
3415	8 
3416	52 
3417	49 
3418	52 
3419	2 
3420	35 
3421	29 
3422	34 
3423	88 
3424	33 
3425	3 
3426	17 
3427	6 
3428	38 
3429	82 
3430	37 
3431	48 
3432	32 
3433	97 
3434	73 
3435	47 
3436	35 
3437	29 
3438	29 
3439	33 
3440	18 
3441	92 
3442	10 
3443	24 
3444	78 
3445	59 
3446	77 
3447	12 
3448	97 
3449	38 
3450	48 
3451	13 
3452	39 
3453	93 
3454	76 
3455	58 
3456	10 
3457	60 
3458	27 
3459	87 
3460	52 
3461	48 
3462	73 
3463	35 
3464	64 
3465	69 
3466	32 
3467	78 
3468	19 
3469	41 
3470	12 
3471	69 
3472	34 
3473	92 
3474	89 
3475	48 
3476	39 
3477	94 
3478	29 
3479	71 
3480	74 
3481	5 
3482	1 
3483	59 
3484	30 
3485	28 
3486	31 
3487	91 
3488	31 
3489	4 
3490	55 
3491	100 
3492	92 
3493	50 
3494	84 
3495	31 
3496	58 
3497	57 
3498	9 
3499	5 
3500	69 
3501	62 
3502	52 
3503	85 
3504	24 
3505	72 
3506	52 
3507	92 
3508	62 
3509	2 
3510	30 
3511	66 
3512	29 
3513	69 
3514	59 
3515	29 
3516	44 
3517	21 
3518	58 
3519	73 
3520	95 
3521	22 
3522	37 
3523	11 
3524	33 
3525	36 
3526	6 
3527	15 
3528	12 
3529	74 
3530	79 
3531	101 
3532	26 
3533	18 
3534	58 
3535	76 
3536	53 
3537	26 
3538	36 
3539	57 
3540	54 
3541	24 
3542	94 
3543	39 
3544	6 
3545	5 
3546	78 
3547	31 
3548	71 
3549	95 
3550	45 
3551	85 
3552	69 
3553	27 
3554	29 
3555	30 
3556	80 
3557	48 
3558	85 
3559	25 
3560	16 
3561	57 
3562	26 
3563	78 
3564	22 
3565	3 
3566	16 
3567	44 
3568	68 
3569	60 
3570	33 
3571	67 
3572	9 
3573	48 
3574	38 
3575	80 
3576	51 
3577	4 
3578	75 
3579	43 
3580	69 
3581	73 
3582	16 
3583	85 
3584	25 
3585	66 
3586	48 
3587	92 
3588	39 
3589	80 
3590	26 
3591	38 
3592	42 
3593	44 
3594	36 
3595	15 
3596	56 
3597	1 
3598	100 
3599	57 
3600	15 
3601	2 
3602	78 
3603	78 
3604	26 
3605	89 
3606	89 
3607	62 
3608	71 
3609	52 
3610	19 
3611	17 
3612	3 
3613	87 
3614	100 
3615	89 
3616	6 
3617	33 
3618	18 
3619	59 
3620	99 
3621	69 
3622	41 
3623	71 
3624	46 
3625	24 
3626	68 
3627	24 
3628	32 
3629	8 
3630	18 
3631	81 
3632	49 
3633	23 
3634	6 
3635	48 
3636	37 
3637	24 
3638	90 
3639	78 
3640	36 
3641	77 
3642	32 
3643	18 
3644	57 
3645	8 
3646	57 
3647	5 
3648	18 
3649	57 
3650	91 
3651	45 
3652	11 
3653	43 
3654	83 
3655	44 
3656	15 
3657	42 
3658	9 
3659	68 
3660	57 
3661	82 
3662	89 
3663	95 
3664	73 
3665	1 
3666	41 
3667	48 
3668	86 
3669	36 
3670	87 
3671	96 
3672	71 
3673	66 
3674	15 
3675	6 
3676	20 
3677	89 
3678	37 
3679	59 
3680	38 
3681	32 
3682	51 
3683	23 
3684	56 
3685	8 
3686	85 
3687	80 
3688	96 
3689	11 
3690	80 
3691	70 
3692	38 
3693	69 
3694	64 
3695	76 
3696	36 
3697	44 
3698	92 
3699	14 
3700	17 
3701	30 
3702	25 
3703	91 
3704	60 
3705	18 
3706	63 
3707	41 
3708	49 
3709	50 
3710	29 
3711	95 
3712	28 
3713	85 
3714	20 
3715	22 
3716	38 
3717	95 
3718	89 
3719	10 
3720	66 
3721	47 
3722	71 
3723	7 
3724	81 
3725	7 
3726	69 
3727	79 
3728	91 
3729	62 
3730	23 
3731	62 
3732	74 
3733	76 
3734	5 
3735	29 
3736	52 
3737	34 
3738	65 
3739	101 
3740	35 
3741	24 
3742	51 
3743	35 
3744	45 
3745	8 
3746	12 
3747	26 
3748	15 
3749	73 
3750	59 
3751	73 
3752	78 
3753	64 
3754	17 
3755	80 
3756	44 
3757	71 
3758	35 
3759	72 
3760	23 
3761	76 
3762	82 
3763	41 
3764	38 
3765	13 
3766	29 
3767	43 
3768	59 
3769	80 
3770	80 
3771	28 
3772	77 
3773	73 
3774	72 
3775	62 
3776	16 
3777	69 
3778	18 
3779	33 
3780	101 
3781	22 
3782	15 
3783	3 
3784	23 
3785	12 
3786	33 
3787	20 
3788	24 
3789	90 
3790	3 
3791	24 
3792	75 
3793	95 
3794	85 
3795	33 
3796	42 
3797	44 
3798	31 
3799	19 
3800	60 
3801	28 
3802	78 
3803	51 
3804	48 
3805	16 
3806	58 
3807	71 
3808	84 
3809	24 
3810	59 
3811	48 
3812	32 
3813	15 
3814	79 
3815	21 
3816	12 
3817	17 
3818	93 
3819	78 
3820	51 
3821	19 
3822	22 
3823	6 
3824	27 
3825	48 
3826	81 
3827	10 
3828	10 
3829	5 
3830	89 
3831	26 
3832	51 
3833	6 
3834	32 
3835	36 
3836	95 
3837	52 
3838	101 
3839	27 
3840	54 
3841	95 
3842	72 
3843	68 
3844	34 
3845	30 
3846	89 
3847	85 
3848	32 
3849	19 
3850	60 
3851	79 
3852	91 
3853	8 
3854	86 
3855	57 
3856	74 
3857	96 
3858	64 
3859	63 
3860	57 
3861	24 
3862	89 
3863	77 
3864	36 
3865	15 
3866	85 
3867	80 
3868	11 
3869	52 
3870	13 
3871	18 
3872	54 
3873	83 
3874	30 
3875	28 
3876	61 
3877	99 
3878	57 
3879	73 
3880	81 
3881	4 
3882	22 
3883	15 
3884	93 
3885	68 
3886	7 
3887	29 
3888	101 
3889	67 
3890	32 
3891	39 
3892	19 
3893	97 
3894	94 
3895	40 
3896	68 
3897	71 
3898	40 
3899	23 
3900	49 
3901	50 
3902	29 
3903	15 
3904	48 
3905	42 
3906	5 
3907	94 
3908	10 
3909	88 
3910	20 
3911	79 
3912	38 
3913	89 
3914	26 
3915	22 
3916	52 
3917	57 
3918	43 
3919	54 
3920	101 
3921	3 
3922	80 
3923	20 
3924	58 
3925	3 
3926	9 
3927	74 
3928	69 
3929	50 
3930	97 
3931	66 
3932	17 
3933	49 
3934	80 
3935	27 
3936	25 
3937	20 
3938	6 
3939	26 
3940	75 
3941	12 
3942	98 
3943	9 
3944	28 
3945	54 
3946	45 
3947	36 
3948	85 
3949	59 
3950	50 
3951	92 
3952	100 
3953	95 
3954	30 
3955	83 
3956	54 
3957	15 
3958	100 
3959	36 
3960	100 
3961	37 
3962	45 
3963	54 
3964	40 
3965	29 
3966	3 
3967	37 
3968	10 
3969	27 
3970	99 
3971	31 
3972	54 
3973	48 
3974	99 
3975	31 
3976	63 
3977	3 
3978	97 
3979	71 
3980	45 
3981	55 
3982	27 
3983	35 
3984	77 
3985	19 
3986	80 
3987	80 
3988	44 
3989	5 
3990	13 
3991	81 
3992	27 
3993	46 
3994	96 
3995	39 
3996	4 
3997	35 
3998	54 
3999	93 
4000	52 
4001	30 
4002	96 
4003	49 
4004	87 
4005	49 
4006	42 
4007	1 
4008	93 
4009	23 
4010	24 
4011	5 
4012	53 
4013	18 
4014	87 
4015	6 
4016	33 
4017	44 
4018	78 
4019	78 
4020	64 
4021	18 
4022	95 
4023	75 
4024	69 
4025	26 
4026	80 
4027	54 
4028	17 
4029	80 
4030	95 
4031	80 
4032	78 
4033	22 
4034	38 
4035	18 
4036	71 
4037	4 
4038	45 
4039	33 
4040	72 
4041	23 
4042	80 
4043	22 
4044	33 
4045	55 
4046	48 
4047	10 
4048	24 
4049	38 
4050	32 
4051	49 
4052	18 
4053	92 
4054	14 
4055	72 
4056	77 
4057	33 
4058	60 
4059	89 
4060	40 
4061	93 
4062	95 
4063	58 
4064	23 
4065	85 
4066	101 
4067	26 
4068	72 
4069	48 
4070	11 
4071	72 
4072	19 
4073	44 
4074	41 
4075	66 
4076	55 
4077	62 
4078	80 
4079	49 
4080	52 
4081	62 
4082	52 
4083	37 
4084	39 
4085	63 
4086	42 
4087	18 
4088	3 
4089	59 
4090	55 
4091	95 
4092	49 
4093	52 
4094	21 
4095	21 
4096	28 
4097	29 
4098	85 
4099	23 
4100	19 
4101	80 
4102	99 
4103	33 
4104	80 
4105	10 
4106	49 
4107	6 
4108	35 
4109	91 
4110	87 
4111	24 
4112	79 
4113	24 
4114	101 
4115	77 
4116	41 
4117	68 
4118	16 
4119	64 
4120	32 
4121	41 
4122	89 
4123	26 
4124	28 
4125	36 
4126	80 
4127	28 
4128	84 
4129	96 
4130	95 
4131	26 
4132	24 
4133	88 
4134	38 
4135	48 
4136	71 
4137	10 
4138	100 
4139	60 
4140	89 
4141	59 
4142	20 
4143	8 
4144	69 
4145	78 
4146	52 
4147	5 
4148	32 
4149	33 
4150	6 
4151	46 
4152	83 
4153	49 
4154	24 
4155	60 
4156	94 
4157	91 
4158	5 
4159	64 
4160	27 
4161	5 
4162	2 
4163	91 
4164	31 
4165	21 
4166	45 
4167	8 
4168	46 
4169	60 
4170	71 
4171	77 
4172	42 
4173	57 
4174	32 
4175	78 
4176	42 
4177	90 
4178	96 
4179	90 
4180	49 
4181	82 
4182	39 
4183	72 
4184	69 
4185	18 
4186	3 
4187	77 
4188	31 
4189	14 
4190	23 
4191	13 
4192	30 
4193	52 
4194	31 
4195	42 
4196	100 
4197	44 
4198	61 
4199	73 
4200	29 
4201	76 
4202	59 
4203	3 
4204	44 
4205	49 
4206	61 
4207	7 
4208	77 
4209	41 
4210	33 
4211	69 
4212	25 
4213	93 
4214	24 
4215	25 
4216	97 
4217	1 
4218	35 
4219	14 
4220	23 
4221	82 
4222	77 
4223	53 
4224	60 
4225	58 
4226	14 
4227	80 
4228	74 
4229	65 
4230	46 
4231	96 
4232	96 
4233	37 
4234	36 
4235	42 
4236	20 
4237	80 
4238	68 
4239	91 
4240	49 
4241	79 
4242	57 
4243	88 
4244	8 
4245	80 
4246	101 
4247	54 
4248	31 
4249	85 
4250	77 
4251	46 
4252	28 
4253	45 
4254	98 
4255	27 
4256	39 
4257	35 
4258	50 
4259	80 
4260	23 
4261	67 
4262	39 
4263	59 
4264	33 
4265	2 
4266	21 
4267	11 
4268	6 
4269	96 
4270	40 
4271	92 
4272	29 
4273	24 
4274	36 
4275	100 
4276	12 
4277	77 
4278	19 
4279	29 
4280	41 
4281	78 
4282	57 
4283	57 
4284	48 
4285	57 
4286	18 
4287	67 
4288	35 
4289	31 
4290	77 
4291	80 
4292	77 
4293	6 
4294	14 
4295	23 
4296	93 
4297	46 
4298	8 
4299	89 
4300	17 
4301	49 
4302	78 
4303	32 
4304	46 
4305	76 
4306	53 
4307	35 
4308	65 
4309	63 
4310	4 
4311	21 
4312	36 
4313	77 
4314	69 
4315	62 
4316	17 
4317	90 
4318	21 
4319	26 
4320	24 
4321	36 
4322	91 
4323	29 
4324	33 
4325	52 
4326	29 
4327	73 
4328	92 
4329	6 
4330	9 
4331	94 
4332	41 
4333	76 
4334	57 
4335	91 
4336	70 
4337	57 
4338	65 
4339	31 
4340	44 
4341	76 
4342	18 
4343	33 
4344	10 
4345	92 
4346	33 
4347	96 
4348	3 
4349	101 
4350	26 
4351	1 
4352	28 
4353	52 
4354	89 
4355	59 
4356	73 
4357	77 
4358	39 
4359	80 
4360	36 
4361	30 
4362	70 
4363	77 
4364	42 
4365	36 
4366	95 
4367	50 
4368	88 
4369	67 
4370	90 
4371	33 
4372	71 
4373	25 
4374	69 
4375	24 
4376	39 
4377	69 
4378	30 
4379	34 
4380	30 
4381	18 
4382	68 
4383	41 
4384	58 
4385	78 
4386	46 
4387	36 
4388	85 
4389	54 
4390	26 
4391	55 
4392	86 
4393	36 
4394	19 
4395	17 
4396	6 
4397	91 
4398	35 
4399	34 
4400	29 
4401	80 
4402	87 
4403	54 
4404	93 
4405	62 
4406	81 
4407	92 
4408	12 
4409	20 
4410	47 
4411	33 
4412	60 
4413	64 
4414	17 
4415	96 
4416	50 
4417	62 
4418	62 
4419	6 
4420	59 
4421	49 
4422	80 
4423	78 
4424	101 
4425	71 
4426	40 
4427	78 
4428	37 
4429	18 
4430	57 
4431	47 
4432	30 
4433	82 
4434	68 
4435	58 
4436	36 
4437	21 
4438	23 
4439	91 
4440	17 
4441	43 
4442	77 
4443	33 
4444	89 
4445	60 
4446	5 
4447	99 
4448	58 
4449	31 
4450	75 
4451	79 
4452	10 
4453	49 
4454	74 
4455	38 
4456	62 
4457	28 
4458	101 
4459	27 
4460	31 
4461	29 
4462	64 
4463	52 
4464	20 
4465	43 
4466	59 
4467	29 
4468	1 
4469	79 
4470	49 
4471	41 
4472	10 
4473	16 
4474	12 
4475	44 
4476	42 
4477	5 
4478	48 
4479	19 
4480	53 
4481	90 
4482	39 
4483	23 
4484	16 
4485	6 
4486	73 
4487	3 
4488	94 
4489	64 
4490	69 
4491	64 
4492	20 
4493	1 
4494	31 
4495	73 
4496	57 
4497	32 
4498	30 
4499	52 
4500	42 
4501	53 
4502	31 
4503	76 
4504	6 
4505	19 
4506	19 
4507	41 
4508	48 
4509	17 
4510	59 
4511	76 
4512	40 
4513	27 
4514	101 
4515	55 
4516	6 
4517	72 
4518	10 
4519	54 
4520	16 
4521	24 
4522	94 
4523	9 
4524	68 
4525	21 
4526	54 
4527	57 
4528	18 
4529	29 
4530	67 
4531	41 
4532	71 
4533	30 
4534	18 
4535	101 
4536	64 
4537	54 
4538	62 
4539	7 
4540	50 
4541	30 
4542	26 
4543	76 
4544	45 
4545	69 
4546	26 
4547	12 
4548	50 
4549	18 
4550	64 
4551	96 
4552	39 
4553	92 
4554	8 
4555	95 
4556	69 
4557	24 
4558	26 
4559	72 
4560	85 
4561	98 
4562	26 
4563	35 
4564	82 
4565	73 
4566	45 
4567	59 
4568	47 
4569	57 
4570	31 
4571	28 
4572	30 
4573	77 
4574	66 
4575	67 
4576	17 
4577	35 
4578	20 
4579	25 
4580	60 
4581	10 
4582	31 
4583	50 
4584	81 
4585	101 
4586	18 
4587	81 
4588	18 
4589	29 
4590	17 
4591	27 
4592	53 
4593	3 
4594	96 
4595	77 
4596	8 
4597	89 
4598	85 
4599	37 
4600	59 
4601	51 
4602	79 
4603	35 
4604	51 
4605	30 
4606	70 
4607	66 
4608	23 
4609	95 
4610	6 
4611	18 
4612	25 
4613	39 
4614	77 
4615	51 
4616	88 
4617	59 
4618	26 
4619	77 
4620	67 
4621	6 
4622	77 
4623	92 
4624	12 
4625	40 
4626	59 
4627	49 
4628	18 
4629	80 
4630	31 
4631	52 
4632	8 
4633	64 
4634	92 
4635	66 
4636	28 
4637	77 
4638	55 
4639	92 
4640	30 
4641	28 
4642	72 
4643	50 
4644	46 
4645	60 
4646	90 
4647	58 
4648	26 
4649	4 
4650	13 
4651	6 
4652	16 
4653	8 
4654	33 
4655	33 
4656	68 
4657	8 
4658	32 
4659	32 
4660	49 
4661	85 
4662	16 
4663	35 
4664	9 
4665	8 
4666	93 
4667	26 
4668	39 
4669	37 
4670	100 
4671	24 
4672	77 
4673	76 
4674	80 
4675	77 
4676	100 
4677	59 
4678	95 
4679	46 
4680	79 
4681	60 
4682	28 
4683	22 
4684	99 
4685	42 
4686	54 
4687	26 
4688	91 
4689	83 
4690	77 
4691	27 
4692	72 
4693	10 
4694	27 
4695	4 
4696	35 
4697	76 
4698	85 
4699	12 
4700	42 
4701	74 
4702	72 
4703	25 
4704	9 
4705	38 
4706	48 
4707	20 
4708	59 
4709	18 
4710	59 
4711	6 
4712	80 
4713	3 
4714	31 
4715	18 
4716	29 
4717	77 
4718	92 
4719	47 
4720	29 
4721	93 
4722	72 
4723	78 
4724	78 
4725	17 
4726	24 
4727	96 
4728	57 
4729	49 
4730	18 
4731	33 
4732	97 
4733	71 
4734	94 
4735	12 
4736	80 
4737	41 
4738	8 
4739	78 
4740	78 
4741	39 
4742	57 
4743	76 
4744	99 
4745	93 
4746	35 
4747	63 
4748	1 
4749	8 
4750	32 
4751	6 
4752	89 
4753	4 
4754	18 
4755	38 
4756	79 
4757	85 
4758	74 
4759	69 
4760	90 
4761	51 
4762	59 
4763	76 
4764	17 
4765	19 
4766	25 
4767	44 
4768	49 
4769	32 
4770	67 
4771	49 
4772	30 
4773	57 
4774	32 
4775	77 
4776	93 
4777	52 
4778	51 
4779	35 
4780	54 
4781	78 
4782	92 
4783	15 
4784	78 
4785	57 
4786	15 
4787	32 
4788	22 
4789	37 
4790	9 
4791	72 
4792	73 
4793	77 
4794	101 
4795	1 
4796	33 
4797	93 
4798	54 
4799	94 
4800	29 
4801	49 
4802	95 
4803	26 
4804	23 
4805	51 
4806	54 
4807	72 
4808	89 
4809	23 
4810	23 
4811	15 
4812	42 
4813	36 
4814	78 
4815	20 
4816	49 
4817	33 
4818	17 
4819	44 
4820	41 
4821	64 
4822	94 
4823	33 
4824	59 
4825	4 
4826	51 
4827	91 
4828	92 
4829	27 
4830	18 
4831	35 
4832	2 
4833	38 
4834	36 
4835	19 
4836	76 
4837	85 
4838	69 
4839	28 
4840	96 
4841	35 
4842	39 
4843	50 
4844	57 
4845	44 
4846	91 
4847	50 
4848	30 
4849	78 
4850	17 
4851	52 
4852	52 
4853	27 
4854	50 
4855	68 
4856	23 
4857	39 
4858	94 
4859	20 
4860	30 
4861	52 
4862	6 
4863	35 
4864	33 
4865	12 
4866	32 
4867	28 
4868	14 
4869	93 
4870	33 
4871	92 
4872	12 
4873	63 
4874	41 
4875	41 
4876	5 
4877	38 
4878	19 
4879	35 
4880	78 
4881	95 
4882	54 
4883	1 
4884	89 
4885	30 
4886	32 
4887	12 
4888	92 
4889	26 
4890	72 
4891	4 
4892	26 
4893	78 
4894	73 
4895	77 
4896	44 
4897	99 
4898	36 
4899	78 
4900	57 
4901	24 
4902	95 
4903	36 
4904	99 
4905	95 
4906	42 
4907	68 
4908	30 
4909	77 
4910	71 
4911	18 
4912	72 
4913	78 
4914	42 
4915	28 
4916	49 
4917	51 
4918	36 
4919	12 
4920	28 
4921	101 
4922	23 
4923	77 
4924	4 
4925	49 
4926	24 
4927	57 
4928	38 
4929	12 
4930	48 
4931	33 
4932	52 
4933	17 
4934	36 
4935	30 
4936	51 
4937	60 
4938	42 
4939	30 
4940	80 
4941	69 
4942	93 
4943	6 
4944	77 
4945	31 
4946	36 
4947	29 
4948	92 
4949	78 
4950	92 
4951	80 
4952	32 
4953	72 
4954	80 
4955	48 
4956	36 
4957	78 
4958	73 
4959	71 
4960	48 
4961	20 
4962	54 
4963	54 
4964	71 
4965	99 
4966	39 
4967	17 
4968	76 
4969	69 
4970	32 
4971	36 
4972	92 
4973	32 
4974	3 
4975	78 
4976	92 
4977	95 
4978	35 
4979	23 
4980	39 
4981	80 
4982	78 
4983	73 
4984	48 
4985	60 
4986	96 
4987	42 
4988	17 
4989	18 
4990	33 
4991	30 
4992	78 
4993	78 
4994	80 
4995	54 
4996	78 
4997	18 
4998	4 
4999	24 
5000	54 
