1	51 
2	91 
3	6 
4	55 
5	43 
6	52 
7	32 
8	64 
9	98 
10	98 
11	90 
12	71 
13	38 
14	41 
15	95 
16	31 
17	9 
18	49 
19	19 
20	87 
21	57 
22	20 
23	31 
24	27 
25	36 
26	59 
27	81 
28	52 
29	60 
30	31 
31	27 
32	89 
33	41 
34	78 
35	31 
36	51 
37	88 
38	38 
39	71 
40	100 
41	36 
42	68 
43	56 
44	86 
45	64 
46	78 
47	75 
48	11 
49	52 
50	31 
51	15 
52	31 
53	61 
54	24 
55	69 
56	26 
57	41 
58	80 
59	1 
60	61 
61	66 
62	97 
63	65 
64	87 
65	59 
66	27 
67	58 
68	17 
69	59 
70	60 
71	33 
72	63 
73	43 
74	50 
75	62 
76	69 
77	18 
78	87 
79	27 
80	26 
81	59 
82	70 
83	1 
84	30 
85	61 
86	3 
87	42 
88	96 
89	20 
90	95 
91	42 
92	64 
93	57 
94	101 
95	25 
96	10 
97	55 
98	66 
99	38 
100	28 
101	26 
102	29 
103	45 
104	9 
105	87 
106	93 
107	1 
108	70 
109	64 
110	59 
111	25 
112	71 
113	63 
114	43 
115	11 
116	34 
117	84 
118	83 
119	94 
120	96 
121	100 
122	73 
123	83 
124	22 
125	45 
126	98 
127	32 
128	44 
129	90 
130	44 
131	9 
132	27 
133	66 
134	12 
135	75 
136	14 
137	9 
138	84 
139	52 
140	71 
141	50 
142	47 
143	35 
144	44 
145	16 
146	6 
147	64 
148	60 
149	92 
150	31 
151	9 
152	78 
153	92 
154	69 
155	18 
156	11 
157	27 
158	82 
159	6 
160	50 
161	13 
162	6 
163	59 
164	58 
165	67 
166	73 
167	36 
168	84 
169	16 
170	78 
171	41 
172	35 
173	80 
174	30 
175	76 
176	89 
177	43 
178	48 
179	35 
180	71 
181	31 
182	33 
183	34 
184	66 
185	87 
186	29 
187	23 
188	19 
189	58 
190	56 
191	27 
192	93 
193	45 
194	61 
195	78 
196	62 
197	64 
198	83 
199	15 
200	83 
201	81 
202	74 
203	30 
204	14 
205	58 
206	33 
207	40 
208	98 
209	80 
210	3 
211	26 
212	29 
213	30 
214	69 
215	55 
216	73 
217	33 
218	77 
219	28 
220	53 
221	57 
222	52 
223	47 
224	20 
225	33 
226	12 
227	67 
228	40 
229	88 
230	37 
231	95 
232	17 
233	60 
234	33 
235	69 
236	9 
237	27 
238	56 
239	34 
240	30 
241	47 
242	97 
243	69 
244	9 
245	25 
246	39 
247	46 
248	94 
249	32 
250	54 
251	59 
252	74 
253	31 
254	12 
255	82 
256	19 
257	42 
258	41 
259	61 
260	19 
261	7 
262	96 
263	60 
264	27 
265	6 
266	70 
267	34 
268	4 
269	60 
270	73 
271	31 
272	80 
273	92 
274	14 
275	68 
276	28 
277	50 
278	43 
279	18 
280	52 
281	77 
282	25 
283	93 
284	19 
285	59 
286	81 
287	17 
288	27 
289	9 
290	90 
291	44 
292	11 
293	17 
294	87 
295	63 
296	15 
297	96 
298	74 
299	62 
300	85 
301	64 
302	21 
303	29 
304	97 
305	98 
306	1 
307	92 
308	62 
309	9 
310	52 
311	4 
312	95 
313	69 
314	57 
315	20 
316	93 
317	96 
318	77 
319	4 
320	59 
321	60 
322	69 
323	9 
324	85 
325	63 
326	86 
327	60 
328	71 
329	72 
330	6 
331	79 
332	57 
333	77 
334	55 
335	65 
336	21 
337	88 
338	54 
339	20 
340	87 
341	36 
342	81 
343	24 
344	58 
345	92 
346	44 
347	88 
348	47 
349	78 
350	78 
351	38 
352	1 
353	45 
354	35 
355	69 
356	22 
357	38 
358	54 
359	1 
360	42 
361	33 
362	29 
363	101 
364	96 
365	27 
366	60 
367	12 
368	13 
369	81 
370	14 
371	25 
372	59 
373	61 
374	83 
375	19 
376	88 
377	99 
378	12 
379	76 
380	23 
381	34 
382	9 
383	17 
384	38 
385	47 
386	15 
387	89 
388	42 
389	46 
390	82 
391	64 
392	36 
393	77 
394	1 
395	20 
396	72 
397	50 
398	72 
399	77 
400	17 
401	89 
402	14 
403	25 
404	63 
405	26 
406	54 
407	74 
408	19 
409	64 
410	16 
411	90 
412	60 
413	37 
414	103 
415	25 
416	9 
417	37 
418	84 
419	41 
420	86 
421	100 
422	65 
423	30 
424	74 
425	30 
426	17 
427	97 
428	84 
429	28 
430	78 
431	57 
432	64 
433	98 
434	61 
435	42 
436	44 
437	10 
438	90 
439	19 
440	15 
441	31 
442	101 
443	37 
444	57 
445	12 
446	103 
447	84 
448	90 
449	47 
450	30 
451	15 
452	94 
453	93 
454	90 
455	19 
456	24 
457	44 
458	20 
459	52 
460	22 
461	49 
462	81 
463	15 
464	66 
465	84 
466	14 
467	30 
468	27 
469	88 
470	44 
471	69 
472	36 
473	27 
474	61 
475	52 
476	95 
477	54 
478	36 
479	87 
480	38 
481	42 
482	42 
483	38 
484	55 
485	25 
486	6 
487	72 
488	8 
489	78 
490	59 
491	54 
492	86 
493	54 
494	33 
495	53 
496	44 
497	13 
498	38 
499	39 
500	64 
501	70 
502	103 
503	58 
504	70 
505	14 
506	78 
507	45 
508	61 
509	55 
510	60 
511	30 
512	52 
513	39 
514	34 
515	7 
516	9 
517	3 
518	73 
519	20 
520	87 
521	14 
522	60 
523	27 
524	27 
525	14 
526	7 
527	28 
528	93 
529	29 
530	58 
531	59 
532	59 
533	40 
534	101 
535	61 
536	43 
537	78 
538	70 
539	66 
540	78 
541	58 
542	36 
543	88 
544	19 
545	68 
546	90 
547	38 
548	58 
549	17 
550	84 
551	24 
552	84 
553	42 
554	5 
555	52 
556	20 
557	42 
558	77 
559	60 
560	17 
561	52 
562	91 
563	42 
564	90 
565	22 
566	46 
567	18 
568	31 
569	97 
570	50 
571	47 
572	56 
573	25 
574	27 
575	69 
576	90 
577	33 
578	79 
579	91 
580	64 
581	52 
582	17 
583	38 
584	93 
585	96 
586	47 
587	88 
588	64 
589	68 
590	12 
591	40 
592	23 
593	1 
594	40 
595	42 
596	73 
597	27 
598	100 
599	42 
600	34 
601	20 
602	60 
603	64 
604	91 
605	79 
606	68 
607	61 
608	64 
609	52 
610	6 
611	52 
612	97 
613	95 
614	27 
615	67 
616	72 
617	4 
618	77 
619	28 
620	59 
621	81 
622	62 
623	99 
624	93 
625	31 
626	96 
627	94 
628	32 
629	49 
630	37 
631	42 
632	96 
633	30 
634	90 
635	70 
636	91 
637	31 
638	55 
639	89 
640	36 
641	1 
642	3 
643	39 
644	27 
645	6 
646	21 
647	31 
648	89 
649	53 
650	81 
651	35 
652	77 
653	96 
654	33 
655	51 
656	35 
657	91 
658	94 
659	30 
660	50 
661	62 
662	26 
663	97 
664	18 
665	2 
666	28 
667	33 
668	96 
669	81 
670	75 
671	11 
672	13 
673	17 
674	74 
675	78 
676	57 
677	23 
678	39 
679	31 
680	32 
681	63 
682	30 
683	5 
684	97 
685	87 
686	5 
687	103 
688	74 
689	60 
690	2 
691	40 
692	61 
693	40 
694	26 
695	99 
696	88 
697	8 
698	8 
699	17 
700	57 
701	75 
702	41 
703	5 
704	40 
705	78 
706	33 
707	81 
708	1 
709	96 
710	11 
711	68 
712	68 
713	66 
714	10 
715	44 
716	27 
717	24 
718	2 
719	103 
720	62 
721	36 
722	14 
723	15 
724	74 
725	62 
726	51 
727	61 
728	82 
729	57 
730	1 
731	5 
732	83 
733	47 
734	68 
735	30 
736	52 
737	57 
738	26 
739	88 
740	96 
741	27 
742	87 
743	73 
744	24 
745	44 
746	23 
747	8 
748	68 
749	16 
750	53 
751	96 
752	51 
753	27 
754	82 
755	30 
756	8 
757	95 
758	84 
759	93 
760	55 
761	41 
762	65 
763	70 
764	87 
765	9 
766	97 
767	71 
768	66 
769	84 
770	42 
771	31 
772	89 
773	72 
774	25 
775	42 
776	80 
777	58 
778	58 
779	14 
780	20 
781	88 
782	16 
783	48 
784	38 
785	1 
786	73 
787	1 
788	16 
789	82 
790	71 
791	33 
792	12 
793	8 
794	58 
795	33 
796	96 
797	80 
798	83 
799	41 
800	64 
801	52 
802	40 
803	53 
804	43 
805	64 
806	27 
807	70 
808	99 
809	57 
810	12 
811	40 
812	30 
813	27 
814	66 
815	23 
816	10 
817	97 
818	13 
819	35 
820	50 
821	13 
822	14 
823	67 
824	100 
825	30 
826	38 
827	19 
828	63 
829	71 
830	18 
831	19 
832	19 
833	44 
834	70 
835	68 
836	75 
837	61 
838	19 
839	38 
840	62 
841	81 
842	15 
843	84 
844	52 
845	46 
846	28 
847	69 
848	4 
849	45 
850	64 
851	81 
852	21 
853	33 
854	6 
855	62 
856	61 
857	34 
858	82 
859	17 
860	64 
861	81 
862	10 
863	59 
864	15 
865	4 
866	98 
867	5 
868	1 
869	66 
870	92 
871	55 
872	95 
873	45 
874	31 
875	29 
876	58 
877	33 
878	89 
879	83 
880	30 
881	58 
882	62 
883	86 
884	38 
885	12 
886	99 
887	43 
888	66 
889	89 
890	42 
891	19 
892	14 
893	84 
894	80 
895	102 
896	35 
897	43 
898	84 
899	91 
900	78 
901	33 
902	95 
903	65 
904	79 
905	80 
906	79 
907	71 
908	50 
909	65 
910	15 
911	17 
912	52 
913	52 
914	17 
915	42 
916	16 
917	26 
918	9 
919	84 
920	4 
921	31 
922	103 
923	88 
924	67 
925	35 
926	63 
927	14 
928	63 
929	23 
930	35 
931	60 
932	27 
933	69 
934	79 
935	20 
936	61 
937	40 
938	101 
939	28 
940	69 
941	68 
942	69 
943	62 
944	59 
945	64 
946	17 
947	20 
948	20 
949	23 
950	66 
951	97 
952	66 
953	1 
954	29 
955	30 
956	41 
957	38 
958	42 
959	42 
960	1 
961	21 
962	27 
963	92 
964	70 
965	16 
966	32 
967	17 
968	24 
969	50 
970	57 
971	96 
972	33 
973	63 
974	19 
975	26 
976	19 
977	40 
978	60 
979	67 
980	96 
981	55 
982	1 
983	40 
984	40 
985	52 
986	31 
987	50 
988	27 
989	24 
990	15 
991	61 
992	28 
993	74 
994	11 
995	35 
996	38 
997	45 
998	78 
999	28 
1000	79 
1001	74 
1002	81 
1003	82 
1004	19 
1005	98 
1006	28 
1007	88 
1008	87 
1009	24 
1010	59 
1011	33 
1012	74 
1013	9 
1014	36 
1015	81 
1016	42 
1017	17 
1018	80 
1019	66 
1020	59 
1021	40 
1022	81 
1023	16 
1024	48 
1025	88 
1026	63 
1027	52 
1028	88 
1029	78 
1030	39 
1031	59 
1032	17 
1033	53 
1034	31 
1035	70 
1036	24 
1037	102 
1038	27 
1039	42 
1040	31 
1041	81 
1042	74 
1043	89 
1044	103 
1045	39 
1046	48 
1047	102 
1048	25 
1049	21 
1050	61 
1051	84 
1052	74 
1053	53 
1054	98 
1055	60 
1056	64 
1057	65 
1058	75 
1059	63 
1060	72 
1061	28 
1062	22 
1063	77 
1064	88 
1065	85 
1066	73 
1067	77 
1068	64 
1069	76 
1070	71 
1071	99 
1072	81 
1073	50 
1074	83 
1075	70 
1076	79 
1077	27 
1078	26 
1079	72 
1080	93 
1081	60 
1082	92 
1083	92 
1084	50 
1085	19 
1086	71 
1087	30 
1088	58 
1089	17 
1090	59 
1091	21 
1092	33 
1093	36 
1094	51 
1095	58 
1096	88 
1097	70 
1098	44 
1099	17 
1100	19 
1101	20 
1102	33 
1103	9 
1104	20 
1105	63 
1106	73 
1107	66 
1108	54 
1109	62 
1110	32 
1111	14 
1112	82 
1113	20 
1114	92 
1115	103 
1116	54 
1117	78 
1118	88 
1119	8 
1120	52 
1121	18 
1122	35 
1123	60 
1124	20 
1125	62 
1126	78 
1127	90 
1128	3 
1129	48 
1130	38 
1131	80 
1132	83 
1133	88 
1134	16 
1135	15 
1136	2 
1137	5 
1138	34 
1139	5 
1140	42 
1141	1 
1142	102 
1143	69 
1144	89 
1145	76 
1146	27 
1147	31 
1148	43 
1149	62 
1150	22 
1151	77 
1152	14 
1153	28 
1154	84 
1155	12 
1156	69 
1157	25 
1158	1 
1159	36 
1160	51 
1161	40 
1162	93 
1163	19 
1164	20 
1165	69 
1166	78 
1167	49 
1168	87 
1169	33 
1170	40 
1171	72 
1172	12 
1173	27 
1174	83 
1175	87 
1176	44 
1177	71 
1178	47 
1179	75 
1180	16 
1181	69 
1182	41 
1183	101 
1184	34 
1185	19 
1186	43 
1187	74 
1188	30 
1189	44 
1190	73 
1191	41 
1192	94 
1193	96 
1194	22 
1195	3 
1196	2 
1197	36 
1198	60 
1199	63 
1200	29 
1201	46 
1202	27 
1203	63 
1204	34 
1205	14 
1206	27 
1207	54 
1208	64 
1209	68 
1210	25 
1211	52 
1212	50 
1213	1 
1214	38 
1215	42 
1216	42 
1217	53 
1218	59 
1219	98 
1220	37 
1221	7 
1222	20 
1223	61 
1224	38 
1225	68 
1226	48 
1227	49 
1228	12 
1229	71 
1230	17 
1231	74 
1232	28 
1233	86 
1234	2 
1235	90 
1236	84 
1237	31 
1238	25 
1239	69 
1240	99 
1241	60 
1242	19 
1243	22 
1244	60 
1245	36 
1246	9 
1247	75 
1248	30 
1249	58 
1250	25 
1251	61 
1252	44 
1253	97 
1254	65 
1255	20 
1256	73 
1257	66 
1258	90 
1259	79 
1260	84 
1261	83 
1262	83 
1263	98 
1264	77 
1265	38 
1266	34 
1267	1 
1268	59 
1269	2 
1270	10 
1271	74 
1272	50 
1273	39 
1274	79 
1275	85 
1276	27 
1277	68 
1278	35 
1279	38 
1280	38 
1281	1 
1282	14 
1283	57 
1284	97 
1285	92 
1286	8 
1287	16 
1288	93 
1289	16 
1290	23 
1291	79 
1292	29 
1293	7 
1294	48 
1295	82 
1296	74 
1297	92 
1298	26 
1299	67 
1300	80 
1301	66 
1302	56 
1303	42 
1304	38 
1305	45 
1306	20 
1307	15 
1308	38 
1309	46 
1310	62 
1311	44 
1312	42 
1313	89 
1314	73 
1315	1 
1316	3 
1317	66 
1318	18 
1319	47 
1320	66 
1321	67 
1322	60 
1323	31 
1324	55 
1325	51 
1326	62 
1327	98 
1328	19 
1329	83 
1330	59 
1331	36 
1332	34 
1333	52 
1334	82 
1335	47 
1336	48 
1337	4 
1338	2 
1339	31 
1340	77 
1341	63 
1342	103 
1343	83 
1344	34 
1345	57 
1346	20 
1347	61 
1348	43 
1349	39 
1350	82 
1351	60 
1352	53 
1353	4 
1354	16 
1355	40 
1356	71 
1357	49 
1358	74 
1359	91 
1360	78 
1361	21 
1362	63 
1363	57 
1364	38 
1365	63 
1366	12 
1367	11 
1368	40 
1369	27 
1370	98 
1371	10 
1372	52 
1373	11 
1374	40 
1375	56 
1376	59 
1377	21 
1378	88 
1379	30 
1380	46 
1381	44 
1382	14 
1383	96 
1384	99 
1385	27 
1386	70 
1387	66 
1388	86 
1389	31 
1390	10 
1391	27 
1392	22 
1393	4 
1394	40 
1395	28 
1396	15 
1397	67 
1398	9 
1399	35 
1400	55 
1401	1 
1402	99 
1403	9 
1404	81 
1405	42 
1406	84 
1407	92 
1408	8 
1409	31 
1410	98 
1411	9 
1412	88 
1413	12 
1414	12 
1415	33 
1416	12 
1417	12 
1418	4 
1419	42 
1420	26 
1421	16 
1422	72 
1423	96 
1424	98 
1425	15 
1426	27 
1427	15 
1428	44 
1429	59 
1430	43 
1431	88 
1432	19 
1433	84 
1434	16 
1435	20 
1436	32 
1437	27 
1438	99 
1439	59 
1440	89 
1441	97 
1442	97 
1443	6 
1444	65 
1445	30 
1446	92 
1447	38 
1448	32 
1449	59 
1450	74 
1451	89 
1452	34 
1453	40 
1454	20 
1455	79 
1456	72 
1457	62 
1458	42 
1459	15 
1460	6 
1461	33 
1462	98 
1463	61 
1464	62 
1465	4 
1466	63 
1467	59 
1468	97 
1469	32 
1470	1 
1471	43 
1472	9 
1473	75 
1474	20 
1475	36 
1476	11 
1477	81 
1478	52 
1479	73 
1480	42 
1481	33 
1482	43 
1483	6 
1484	8 
1485	52 
1486	80 
1487	72 
1488	72 
1489	66 
1490	62 
1491	27 
1492	9 
1493	26 
1494	25 
1495	31 
1496	4 
1497	63 
1498	73 
1499	97 
1500	65 
1501	36 
1502	60 
1503	24 
1504	29 
1505	6 
1506	43 
1507	42 
1508	38 
1509	64 
1510	4 
1511	40 
1512	27 
1513	10 
1514	26 
1515	63 
1516	6 
1517	38 
1518	72 
1519	84 
1520	40 
1521	69 
1522	36 
1523	77 
1524	33 
1525	11 
1526	40 
1527	70 
1528	40 
1529	88 
1530	59 
1531	9 
1532	40 
1533	68 
1534	38 
1535	57 
1536	86 
1537	83 
1538	99 
1539	47 
1540	49 
1541	96 
1542	51 
1543	1 
1544	71 
1545	87 
1546	33 
1547	47 
1548	16 
1549	62 
1550	33 
1551	40 
1552	2 
1553	90 
1554	1 
1555	38 
1556	99 
1557	53 
1558	26 
1559	67 
1560	89 
1561	65 
1562	59 
1563	36 
1564	1 
1565	15 
1566	88 
1567	79 
1568	52 
1569	39 
1570	91 
1571	49 
1572	27 
1573	58 
1574	75 
1575	33 
1576	43 
1577	83 
1578	74 
1579	40 
1580	15 
1581	60 
1582	72 
1583	47 
1584	94 
1585	59 
1586	16 
1587	79 
1588	29 
1589	44 
1590	71 
1591	29 
1592	56 
1593	9 
1594	74 
1595	98 
1596	60 
1597	45 
1598	68 
1599	79 
1600	14 
1601	65 
1602	86 
1603	74 
1604	71 
1605	57 
1606	72 
1607	64 
1608	26 
1609	65 
1610	71 
1611	88 
1612	3 
1613	70 
1614	3 
1615	70 
1616	76 
1617	38 
1618	32 
1619	55 
1620	31 
1621	72 
1622	69 
1623	8 
1624	14 
1625	29 
1626	87 
1627	21 
1628	19 
1629	83 
1630	61 
1631	66 
1632	83 
1633	60 
1634	22 
1635	19 
1636	24 
1637	62 
1638	27 
1639	79 
1640	60 
1641	101 
1642	54 
1643	70 
1644	78 
1645	86 
1646	19 
1647	100 
1648	90 
1649	81 
1650	61 
1651	17 
1652	7 
1653	41 
1654	65 
1655	90 
1656	82 
1657	61 
1658	28 
1659	79 
1660	26 
1661	92 
1662	31 
1663	86 
1664	50 
1665	26 
1666	76 
1667	43 
1668	96 
1669	96 
1670	53 
1671	83 
1672	91 
1673	60 
1674	69 
1675	54 
1676	48 
1677	102 
1678	15 
1679	71 
1680	9 
1681	28 
1682	53 
1683	38 
1684	33 
1685	35 
1686	82 
1687	1 
1688	30 
1689	42 
1690	27 
1691	55 
1692	53 
1693	9 
1694	86 
1695	7 
1696	48 
1697	7 
1698	19 
1699	102 
1700	22 
1701	40 
1702	39 
1703	79 
1704	51 
1705	95 
1706	50 
1707	39 
1708	61 
1709	17 
1710	56 
1711	6 
1712	88 
1713	95 
1714	62 
1715	78 
1716	45 
1717	76 
1718	21 
1719	45 
1720	94 
1721	71 
1722	13 
1723	32 
1724	3 
1725	31 
1726	77 
1727	63 
1728	42 
1729	78 
1730	44 
1731	85 
1732	33 
1733	81 
1734	83 
1735	36 
1736	26 
1737	60 
1738	14 
1739	77 
1740	95 
1741	2 
1742	74 
1743	64 
1744	38 
1745	26 
1746	45 
1747	81 
1748	27 
1749	28 
1750	62 
1751	31 
1752	66 
1753	15 
1754	8 
1755	72 
1756	89 
1757	50 
1758	13 
1759	15 
1760	41 
1761	65 
1762	72 
1763	70 
1764	14 
1765	42 
1766	71 
1767	84 
1768	74 
1769	61 
1770	50 
1771	49 
1772	34 
1773	93 
1774	81 
1775	60 
1776	23 
1777	58 
1778	59 
1779	34 
1780	93 
1781	67 
1782	52 
1783	62 
1784	76 
1785	38 
1786	100 
1787	83 
1788	81 
1789	89 
1790	1 
1791	16 
1792	14 
1793	12 
1794	99 
1795	45 
1796	33 
1797	63 
1798	52 
1799	52 
1800	33 
1801	41 
1802	56 
1803	52 
1804	9 
1805	99 
1806	91 
1807	95 
1808	12 
1809	75 
1810	41 
1811	61 
1812	43 
1813	37 
1814	61 
1815	63 
1816	46 
1817	21 
1818	90 
1819	60 
1820	52 
1821	54 
1822	65 
1823	97 
1824	33 
1825	4 
1826	17 
1827	101 
1828	37 
1829	1 
1830	77 
1831	65 
1832	91 
1833	42 
1834	103 
1835	9 
1836	34 
1837	84 
1838	34 
1839	40 
1840	11 
1841	71 
1842	52 
1843	6 
1844	2 
1845	27 
1846	11 
1847	55 
1848	29 
1849	82 
1850	98 
1851	50 
1852	66 
1853	13 
1854	30 
1855	58 
1856	47 
1857	87 
1858	64 
1859	84 
1860	79 
1861	58 
1862	24 
1863	60 
1864	79 
1865	26 
1866	40 
1867	48 
1868	16 
1869	12 
1870	93 
1871	11 
1872	90 
1873	61 
1874	17 
1875	10 
1876	95 
1877	97 
1878	1 
1879	79 
1880	81 
1881	4 
1882	92 
1883	42 
1884	1 
1885	21 
1886	75 
1887	55 
1888	12 
1889	60 
1890	83 
1891	42 
1892	50 
1893	9 
1894	85 
1895	1 
1896	100 
1897	60 
1898	30 
1899	56 
1900	75 
1901	88 
1902	60 
1903	20 
1904	59 
1905	56 
1906	30 
1907	77 
1908	67 
1909	76 
1910	55 
1911	36 
1912	44 
1913	67 
1914	25 
1915	38 
1916	1 
1917	4 
1918	60 
1919	1 
1920	98 
1921	96 
1922	12 
1923	57 
1924	62 
1925	49 
1926	31 
1927	18 
1928	97 
1929	89 
1930	74 
1931	75 
1932	52 
1933	80 
1934	20 
1935	85 
1936	38 
1937	62 
1938	55 
1939	60 
1940	53 
1941	38 
1942	1 
1943	46 
1944	72 
1945	75 
1946	3 
1947	56 
1948	27 
1949	40 
1950	44 
1951	100 
1952	79 
1953	90 
1954	80 
1955	52 
1956	31 
1957	57 
1958	2 
1959	42 
1960	85 
1961	31 
1962	5 
1963	73 
1964	42 
1965	63 
1966	69 
1967	75 
1968	42 
1969	82 
1970	97 
1971	95 
1972	58 
1973	92 
1974	87 
1975	94 
1976	61 
1977	33 
1978	58 
1979	83 
1980	1 
1981	30 
1982	71 
1983	12 
1984	65 
1985	85 
1986	40 
1987	46 
1988	74 
1989	48 
1990	84 
1991	42 
1992	4 
1993	77 
1994	65 
1995	102 
1996	54 
1997	44 
1998	51 
1999	59 
2000	44 
2001	29 
2002	34 
2003	52 
2004	12 
2005	29 
2006	58 
2007	14 
2008	15 
2009	25 
2010	19 
2011	31 
2012	61 
2013	64 
2014	81 
2015	59 
2016	92 
2017	60 
2018	69 
2019	34 
2020	78 
2021	87 
2022	8 
2023	90 
2024	90 
2025	38 
2026	26 
2027	59 
2028	84 
2029	27 
2030	1 
2031	102 
2032	103 
2033	18 
2034	9 
2035	78 
2036	65 
2037	78 
2038	30 
2039	44 
2040	1 
2041	15 
2042	23 
2043	86 
2044	68 
2045	51 
2046	9 
2047	77 
2048	87 
2049	74 
2050	81 
2051	67 
2052	82 
2053	93 
2054	63 
2055	49 
2056	101 
2057	27 
2058	14 
2059	93 
2060	19 
2061	9 
2062	94 
2063	49 
2064	76 
2065	38 
2066	79 
2067	55 
2068	34 
2069	81 
2070	33 
2071	92 
2072	96 
2073	79 
2074	6 
2075	64 
2076	29 
2077	38 
2078	64 
2079	33 
2080	83 
2081	31 
2082	82 
2083	35 
2084	102 
2085	73 
2086	95 
2087	56 
2088	79 
2089	8 
2090	62 
2091	42 
2092	35 
2093	36 
2094	52 
2095	89 
2096	25 
2097	5 
2098	72 
2099	86 
2100	57 
2101	12 
2102	30 
2103	72 
2104	55 
2105	101 
2106	61 
2107	43 
2108	81 
2109	93 
2110	84 
2111	86 
2112	88 
2113	4 
2114	87 
2115	71 
2116	2 
2117	19 
2118	72 
2119	24 
2120	70 
2121	11 
2122	40 
2123	102 
2124	102 
2125	83 
2126	42 
2127	79 
2128	54 
2129	81 
2130	30 
2131	47 
2132	1 
2133	74 
2134	47 
2135	66 
2136	89 
2137	16 
2138	76 
2139	93 
2140	31 
2141	27 
2142	1 
2143	12 
2144	22 
2145	86 
2146	84 
2147	77 
2148	31 
2149	95 
2150	55 
2151	42 
2152	20 
2153	14 
2154	8 
2155	67 
2156	79 
2157	6 
2158	50 
2159	19 
2160	32 
2161	42 
2162	82 
2163	74 
2164	55 
2165	81 
2166	94 
2167	10 
2168	41 
2169	55 
2170	40 
2171	40 
2172	1 
2173	63 
2174	15 
2175	84 
2176	12 
2177	94 
2178	66 
2179	12 
2180	102 
2181	1 
2182	26 
2183	18 
2184	14 
2185	50 
2186	83 
2187	79 
2188	17 
2189	85 
2190	37 
2191	80 
2192	36 
2193	13 
2194	16 
2195	50 
2196	25 
2197	77 
2198	69 
2199	36 
2200	46 
2201	96 
2202	19 
2203	46 
2204	36 
2205	30 
2206	16 
2207	34 
2208	81 
2209	88 
2210	62 
2211	12 
2212	5 
2213	42 
2214	45 
2215	54 
2216	60 
2217	8 
2218	54 
2219	9 
2220	103 
2221	35 
2222	27 
2223	33 
2224	61 
2225	79 
2226	38 
2227	9 
2228	12 
2229	47 
2230	6 
2231	19 
2232	36 
2233	19 
2234	8 
2235	58 
2236	88 
2237	58 
2238	39 
2239	15 
2240	6 
2241	1 
2242	102 
2243	72 
2244	45 
2245	11 
2246	27 
2247	15 
2248	74 
2249	84 
2250	46 
2251	85 
2252	86 
2253	88 
2254	79 
2255	61 
2256	35 
2257	15 
2258	35 
2259	78 
2260	40 
2261	90 
2262	87 
2263	78 
2264	79 
2265	47 
2266	68 
2267	85 
2268	51 
2269	83 
2270	19 
2271	81 
2272	47 
2273	10 
2274	86 
2275	51 
2276	33 
2277	69 
2278	9 
2279	15 
2280	82 
2281	86 
2282	58 
2283	3 
2284	82 
2285	26 
2286	89 
2287	63 
2288	46 
2289	3 
2290	83 
2291	96 
2292	100 
2293	12 
2294	17 
2295	54 
2296	62 
2297	15 
2298	69 
2299	94 
2300	41 
2301	63 
2302	26 
2303	55 
2304	12 
2305	102 
2306	50 
2307	64 
2308	24 
2309	75 
2310	9 
2311	4 
2312	35 
2313	72 
2314	60 
2315	81 
2316	89 
2317	83 
2318	8 
2319	70 
2320	68 
2321	103 
2322	9 
2323	73 
2324	17 
2325	39 
2326	6 
2327	63 
2328	32 
2329	72 
2330	66 
2331	98 
2332	31 
2333	97 
2334	48 
2335	1 
2336	94 
2337	51 
2338	26 
2339	93 
2340	34 
2341	70 
2342	38 
2343	33 
2344	5 
2345	5 
2346	66 
2347	31 
2348	12 
2349	60 
2350	37 
2351	75 
2352	6 
2353	103 
2354	59 
2355	99 
2356	64 
2357	84 
2358	86 
2359	13 
2360	48 
2361	50 
2362	40 
2363	25 
2364	51 
2365	50 
2366	58 
2367	54 
2368	46 
2369	30 
2370	26 
2371	77 
2372	30 
2373	63 
2374	17 
2375	46 
2376	40 
2377	8 
2378	26 
2379	23 
2380	70 
2381	73 
2382	88 
2383	93 
2384	38 
2385	96 
2386	42 
2387	65 
2388	30 
2389	33 
2390	7 
2391	8 
2392	28 
2393	99 
2394	71 
2395	9 
2396	34 
2397	79 
2398	84 
2399	38 
2400	71 
2401	42 
2402	89 
2403	63 
2404	58 
2405	72 
2406	9 
2407	3 
2408	52 
2409	69 
2410	31 
2411	57 
2412	26 
2413	27 
2414	52 
2415	99 
2416	97 
2417	27 
2418	66 
2419	30 
2420	41 
2421	70 
2422	75 
2423	27 
2424	44 
2425	19 
2426	97 
2427	76 
2428	35 
2429	26 
2430	59 
2431	61 
2432	68 
2433	50 
2434	102 
2435	91 
2436	69 
2437	11 
2438	86 
2439	51 
2440	99 
2441	18 
2442	30 
2443	63 
2444	63 
2445	92 
2446	3 
2447	100 
2448	61 
2449	52 
2450	15 
2451	14 
2452	14 
2453	42 
2454	86 
2455	50 
2456	93 
2457	1 
2458	30 
2459	30 
2460	57 
2461	81 
2462	93 
2463	3 
2464	43 
2465	53 
2466	38 
2467	18 
2468	100 
2469	86 
2470	57 
2471	52 
2472	18 
2473	6 
2474	81 
2475	26 
2476	35 
2477	38 
2478	5 
2479	74 
2480	30 
2481	89 
2482	13 
2483	25 
2484	48 
2485	42 
2486	52 
2487	49 
2488	52 
2489	27 
2490	21 
2491	37 
2492	78 
2493	33 
2494	2 
2495	20 
2496	23 
2497	2 
2498	79 
2499	17 
2500	75 
2501	22 
2502	101 
2503	36 
2504	51 
2505	77 
2506	22 
2507	82 
2508	73 
2509	89 
2510	48 
2511	7 
2512	82 
2513	88 
2514	88 
2515	97 
2516	19 
2517	4 
2518	58 
2519	47 
2520	47 
2521	83 
2522	40 
2523	15 
2524	50 
2525	78 
2526	79 
2527	23 
2528	38 
2529	98 
2530	77 
2531	68 
2532	14 
2533	28 
2534	84 
2535	47 
2536	57 
2537	16 
2538	10 
2539	26 
2540	89 
2541	87 
2542	59 
2543	45 
2544	22 
2545	71 
2546	15 
2547	11 
2548	52 
2549	62 
2550	55 
2551	98 
2552	52 
2553	68 
2554	31 
2555	60 
2556	7 
2557	59 
2558	29 
2559	64 
2560	21 
2561	36 
2562	7 
2563	75 
2564	38 
2565	62 
2566	60 
2567	31 
2568	69 
2569	52 
2570	65 
2571	33 
2572	8 
2573	4 
2574	93 
2575	22 
2576	66 
2577	33 
2578	27 
2579	72 
2580	32 
2581	13 
2582	84 
2583	77 
2584	5 
2585	97 
2586	25 
2587	16 
2588	12 
2589	32 
2590	19 
2591	31 
2592	46 
2593	32 
2594	5 
2595	78 
2596	100 
2597	17 
2598	89 
2599	13 
2600	86 
2601	79 
2602	11 
2603	64 
2604	39 
2605	23 
2606	73 
2607	69 
2608	15 
2609	70 
2610	69 
2611	38 
2612	19 
2613	52 
2614	48 
2615	75 
2616	69 
2617	58 
2618	15 
2619	5 
2620	40 
2621	14 
2622	71 
2623	1 
2624	96 
2625	35 
2626	91 
2627	34 
2628	31 
2629	14 
2630	91 
2631	87 
2632	74 
2633	4 
2634	51 
2635	38 
2636	21 
2637	103 
2638	22 
2639	83 
2640	57 
2641	6 
2642	28 
2643	89 
2644	17 
2645	37 
2646	20 
2647	44 
2648	59 
2649	2 
2650	7 
2651	1 
2652	24 
2653	44 
2654	61 
2655	77 
2656	41 
2657	27 
2658	49 
2659	92 
2660	66 
2661	79 
2662	57 
2663	97 
2664	97 
2665	89 
2666	31 
2667	33 
2668	42 
2669	43 
2670	30 
2671	15 
2672	57 
2673	3 
2674	87 
2675	50 
2676	12 
2677	54 
2678	83 
2679	81 
2680	35 
2681	71 
2682	101 
2683	9 
2684	23 
2685	74 
2686	47 
2687	84 
2688	28 
2689	32 
2690	92 
2691	86 
2692	17 
2693	50 
2694	58 
2695	19 
2696	71 
2697	88 
2698	60 
2699	97 
2700	7 
2701	70 
2702	64 
2703	19 
2704	91 
2705	46 
2706	83 
2707	12 
2708	27 
2709	50 
2710	42 
2711	27 
2712	38 
2713	52 
2714	1 
2715	82 
2716	22 
2717	45 
2718	101 
2719	50 
2720	81 
2721	56 
2722	78 
2723	23 
2724	62 
2725	25 
2726	51 
2727	84 
2728	36 
2729	38 
2730	6 
2731	10 
2732	38 
2733	89 
2734	52 
2735	19 
2736	66 
2737	96 
2738	81 
2739	1 
2740	103 
2741	25 
2742	1 
2743	96 
2744	44 
2745	40 
2746	38 
2747	30 
2748	25 
2749	83 
2750	15 
2751	93 
2752	50 
2753	86 
2754	38 
2755	88 
2756	7 
2757	63 
2758	61 
2759	35 
2760	24 
2761	28 
2762	19 
2763	93 
2764	103 
2765	37 
2766	4 
2767	96 
2768	12 
2769	59 
2770	32 
2771	23 
2772	70 
2773	13 
2774	32 
2775	95 
2776	49 
2777	81 
2778	62 
2779	61 
2780	70 
2781	70 
2782	61 
2783	1 
2784	96 
2785	27 
2786	69 
2787	55 
2788	78 
2789	73 
2790	6 
2791	48 
2792	93 
2793	58 
2794	62 
2795	34 
2796	81 
2797	18 
2798	40 
2799	43 
2800	59 
2801	99 
2802	28 
2803	52 
2804	40 
2805	60 
2806	9 
2807	23 
2808	50 
2809	84 
2810	15 
2811	14 
2812	96 
2813	52 
2814	47 
2815	25 
2816	43 
2817	14 
2818	98 
2819	87 
2820	26 
2821	54 
2822	60 
2823	66 
2824	20 
2825	6 
2826	9 
2827	67 
2828	3 
2829	44 
2830	75 
2831	39 
2832	25 
2833	93 
2834	15 
2835	36 
2836	94 
2837	71 
2838	59 
2839	72 
2840	101 
2841	1 
2842	19 
2843	36 
2844	71 
2845	2 
2846	98 
2847	22 
2848	65 
2849	34 
2850	14 
2851	5 
2852	40 
2853	78 
2854	38 
2855	45 
2856	65 
2857	40 
2858	97 
2859	54 
2860	2 
2861	27 
2862	49 
2863	80 
2864	71 
2865	66 
2866	30 
2867	92 
2868	90 
2869	83 
2870	90 
2871	20 
2872	28 
2873	17 
2874	38 
2875	95 
2876	57 
2877	34 
2878	83 
2879	16 
2880	51 
2881	63 
2882	26 
2883	40 
2884	79 
2885	93 
2886	12 
2887	63 
2888	79 
2889	98 
2890	67 
2891	14 
2892	19 
2893	58 
2894	27 
2895	46 
2896	1 
2897	15 
2898	1 
2899	103 
2900	46 
2901	82 
2902	88 
2903	15 
2904	92 
2905	76 
2906	84 
2907	33 
2908	50 
2909	64 
2910	16 
2911	30 
2912	86 
2913	19 
2914	63 
2915	22 
2916	44 
2917	30 
2918	85 
2919	39 
2920	92 
2921	23 
2922	7 
2923	72 
2924	25 
2925	47 
2926	84 
2927	60 
2928	59 
2929	14 
2930	17 
2931	9 
2932	100 
2933	17 
2934	15 
2935	102 
2936	28 
2937	50 
2938	72 
2939	23 
2940	90 
2941	76 
2942	34 
2943	23 
2944	95 
2945	86 
2946	59 
2947	68 
2948	6 
2949	57 
2950	84 
2951	77 
2952	70 
2953	79 
2954	6 
2955	12 
2956	1 
2957	2 
2958	72 
2959	19 
2960	60 
2961	72 
2962	76 
2963	62 
2964	96 
2965	15 
2966	67 
2967	19 
2968	38 
2969	84 
2970	52 
2971	33 
2972	47 
2973	63 
2974	15 
2975	47 
2976	21 
2977	51 
2978	77 
2979	59 
2980	19 
2981	23 
2982	9 
2983	80 
2984	81 
2985	10 
2986	79 
2987	27 
2988	15 
2989	32 
2990	49 
2991	15 
2992	12 
2993	1 
2994	91 
2995	9 
2996	62 
2997	17 
2998	68 
2999	1 
3000	60 
3001	34 
3002	64 
3003	100 
3004	82 
3005	5 
3006	80 
3007	7 
3008	69 
3009	101 
3010	15 
3011	69 
3012	86 
3013	86 
3014	7 
3015	89 
3016	70 
3017	64 
3018	69 
3019	38 
3020	40 
3021	54 
3022	93 
3023	19 
3024	59 
3025	9 
3026	4 
3027	15 
3028	9 
3029	73 
3030	20 
3031	33 
3032	31 
3033	24 
3034	62 
3035	71 
3036	42 
3037	33 
3038	71 
3039	68 
3040	71 
3041	73 
3042	44 
3043	64 
3044	92 
3045	82 
3046	48 
3047	69 
3048	59 
3049	83 
3050	60 
3051	42 
3052	38 
3053	83 
3054	56 
3055	50 
3056	17 
3057	9 
3058	88 
3059	74 
3060	95 
3061	95 
3062	15 
3063	18 
3064	36 
3065	72 
3066	98 
3067	90 
3068	97 
3069	12 
3070	19 
3071	25 
3072	67 
3073	95 
3074	17 
3075	47 
3076	14 
3077	51 
3078	56 
3079	87 
3080	92 
3081	9 
3082	95 
3083	90 
3084	31 
3085	64 
3086	48 
3087	20 
3088	17 
3089	4 
3090	53 
3091	92 
3092	30 
3093	37 
3094	61 
3095	14 
3096	26 
3097	27 
3098	73 
3099	18 
3100	14 
3101	59 
3102	31 
3103	87 
3104	20 
3105	57 
3106	81 
3107	93 
3108	43 
3109	30 
3110	62 
3111	33 
3112	99 
3113	61 
3114	25 
3115	28 
3116	102 
3117	40 
3118	12 
3119	6 
3120	12 
3121	50 
3122	82 
3123	103 
3124	65 
3125	60 
3126	41 
3127	24 
3128	23 
3129	18 
3130	28 
3131	10 
3132	69 
3133	87 
3134	89 
3135	79 
3136	36 
3137	17 
3138	82 
3139	84 
3140	40 
3141	33 
3142	86 
3143	57 
3144	88 
3145	12 
3146	55 
3147	60 
3148	9 
3149	88 
3150	50 
3151	26 
3152	20 
3153	37 
3154	70 
3155	31 
3156	16 
3157	97 
3158	17 
3159	14 
3160	29 
3161	61 
3162	7 
3163	47 
3164	85 
3165	100 
3166	67 
3167	85 
3168	75 
3169	88 
3170	8 
3171	35 
3172	52 
3173	76 
3174	11 
3175	102 
3176	83 
3177	16 
3178	31 
3179	84 
3180	18 
3181	61 
3182	81 
3183	69 
3184	26 
3185	15 
3186	78 
3187	66 
3188	101 
3189	50 
3190	35 
3191	42 
3192	82 
3193	62 
3194	62 
3195	92 
3196	31 
3197	94 
3198	83 
3199	85 
3200	50 
3201	25 
3202	73 
3203	63 
3204	61 
3205	69 
3206	24 
3207	17 
3208	57 
3209	42 
3210	63 
3211	26 
3212	12 
3213	81 
3214	52 
3215	48 
3216	19 
3217	31 
3218	11 
3219	51 
3220	53 
3221	33 
3222	7 
3223	52 
3224	42 
3225	77 
3226	28 
3227	1 
3228	103 
3229	32 
3230	38 
3231	87 
3232	30 
3233	45 
3234	26 
3235	9 
3236	74 
3237	50 
3238	6 
3239	67 
3240	75 
3241	30 
3242	76 
3243	19 
3244	56 
3245	92 
3246	70 
3247	48 
3248	24 
3249	35 
3250	68 
3251	38 
3252	15 
3253	40 
3254	31 
3255	59 
3256	102 
3257	11 
3258	79 
3259	15 
3260	41 
3261	60 
3262	88 
3263	44 
3264	1 
3265	85 
3266	64 
3267	42 
3268	19 
3269	80 
3270	62 
3271	88 
3272	95 
3273	33 
3274	30 
3275	34 
3276	81 
3277	43 
3278	40 
3279	83 
3280	79 
3281	75 
3282	74 
3283	101 
3284	71 
3285	66 
3286	1 
3287	38 
3288	65 
3289	7 
3290	35 
3291	65 
3292	78 
3293	60 
3294	12 
3295	98 
3296	1 
3297	83 
3298	85 
3299	39 
3300	44 
3301	15 
3302	80 
3303	34 
3304	77 
3305	61 
3306	62 
3307	71 
3308	94 
3309	35 
3310	1 
3311	60 
3312	96 
3313	20 
3314	59 
3315	28 
3316	46 
3317	51 
3318	84 
3319	69 
3320	22 
3321	84 
3322	64 
3323	79 
3324	42 
3325	1 
3326	23 
3327	55 
3328	49 
3329	66 
3330	31 
3331	76 
3332	101 
3333	92 
3334	27 
3335	32 
3336	33 
3337	30 
3338	71 
3339	28 
3340	78 
3341	35 
3342	90 
3343	25 
3344	66 
3345	46 
3346	53 
3347	86 
3348	15 
3349	54 
3350	14 
3351	67 
3352	17 
3353	28 
3354	90 
3355	54 
3356	28 
3357	77 
3358	35 
3359	94 
3360	82 
3361	100 
3362	34 
3363	44 
3364	18 
3365	85 
3366	3 
3367	36 
3368	55 
3369	38 
3370	27 
3371	83 
3372	28 
3373	89 
3374	19 
3375	48 
3376	98 
3377	78 
3378	84 
3379	73 
3380	81 
3381	63 
3382	27 
3383	83 
3384	31 
3385	40 
3386	50 
3387	49 
3388	39 
3389	10 
3390	37 
3391	84 
3392	92 
3393	92 
3394	59 
3395	57 
3396	42 
3397	28 
3398	61 
3399	59 
3400	38 
3401	16 
3402	57 
3403	1 
3404	25 
3405	51 
3406	53 
3407	61 
3408	36 
3409	36 
3410	14 
3411	69 
3412	47 
3413	47 
3414	84 
3415	49 
3416	61 
3417	1 
3418	19 
3419	44 
3420	60 
3421	96 
3422	22 
3423	12 
3424	64 
3425	34 
3426	31 
3427	83 
3428	11 
3429	53 
3430	60 
3431	12 
3432	61 
3433	42 
3434	19 
3435	83 
3436	24 
3437	79 
3438	37 
3439	69 
3440	21 
3441	40 
3442	57 
3443	38 
3444	18 
3445	99 
3446	55 
3447	75 
3448	88 
3449	86 
3450	29 
3451	38 
3452	1 
3453	36 
3454	89 
3455	79 
3456	21 
3457	89 
3458	75 
3459	92 
3460	96 
3461	9 
3462	32 
3463	84 
3464	44 
3465	13 
3466	62 
3467	61 
3468	9 
3469	96 
3470	17 
3471	58 
3472	98 
3473	35 
3474	62 
3475	59 
3476	69 
3477	69 
3478	86 
3479	52 
3480	96 
3481	62 
3482	98 
3483	56 
3484	73 
3485	25 
3486	24 
3487	103 
3488	48 
3489	89 
3490	15 
3491	50 
3492	73 
3493	83 
3494	30 
3495	31 
3496	27 
3497	68 
3498	57 
3499	103 
3500	91 
3501	75 
3502	81 
3503	77 
3504	40 
3505	69 
3506	62 
3507	80 
3508	84 
3509	9 
3510	55 
3511	87 
3512	32 
3513	75 
3514	46 
3515	50 
3516	57 
3517	88 
3518	36 
3519	76 
3520	35 
3521	56 
3522	4 
3523	84 
3524	102 
3525	13 
3526	61 
3527	69 
3528	81 
3529	87 
3530	11 
3531	50 
3532	86 
3533	71 
3534	37 
3535	30 
3536	57 
3537	61 
3538	1 
3539	38 
3540	60 
3541	58 
3542	34 
3543	6 
3544	36 
3545	19 
3546	47 
3547	26 
3548	32 
3549	78 
3550	91 
3551	36 
3552	46 
3553	61 
3554	66 
3555	74 
3556	27 
3557	21 
3558	35 
3559	19 
3560	90 
3561	70 
3562	19 
3563	41 
3564	33 
3565	19 
3566	6 
3567	90 
3568	35 
3569	35 
3570	71 
3571	88 
3572	52 
3573	20 
3574	37 
3575	86 
3576	40 
3577	3 
3578	52 
3579	57 
3580	19 
3581	2 
3582	64 
3583	26 
3584	92 
3585	94 
3586	55 
3587	50 
3588	98 
3589	36 
3590	38 
3591	35 
3592	58 
3593	50 
3594	63 
3595	74 
3596	83 
3597	22 
3598	90 
3599	97 
3600	69 
3601	10 
3602	100 
3603	83 
3604	44 
3605	19 
3606	9 
3607	65 
3608	94 
3609	87 
3610	64 
3611	36 
3612	15 
3613	42 
3614	84 
3615	14 
3616	52 
3617	42 
3618	31 
3619	35 
3620	55 
3621	18 
3622	83 
3623	103 
3624	59 
3625	93 
3626	81 
3627	53 
3628	82 
3629	92 
3630	76 
3631	99 
3632	21 
3633	15 
3634	85 
3635	82 
3636	99 
3637	44 
3638	11 
3639	9 
3640	28 
3641	75 
3642	9 
3643	75 
3644	94 
3645	48 
3646	4 
3647	81 
3648	80 
3649	13 
3650	42 
3651	34 
3652	83 
3653	29 
3654	54 
3655	5 
3656	26 
3657	40 
3658	59 
3659	51 
3660	9 
3661	2 
3662	19 
3663	78 
3664	36 
3665	17 
3666	96 
3667	84 
3668	17 
3669	33 
3670	19 
3671	40 
3672	66 
3673	92 
3674	8 
3675	14 
3676	70 
3677	98 
3678	64 
3679	30 
3680	26 
3681	14 
3682	83 
3683	16 
3684	41 
3685	22 
3686	32 
3687	92 
3688	69 
3689	50 
3690	21 
3691	7 
3692	51 
3693	3 
3694	4 
3695	50 
3696	63 
3697	19 
3698	61 
3699	41 
3700	55 
3701	42 
3702	65 
3703	23 
3704	72 
3705	18 
3706	30 
3707	34 
3708	78 
3709	26 
3710	42 
3711	29 
3712	84 
3713	55 
3714	8 
3715	31 
3716	19 
3717	73 
3718	74 
3719	35 
3720	97 
3721	6 
3722	55 
3723	50 
3724	64 
3725	97 
3726	6 
3727	20 
3728	74 
3729	25 
3730	11 
3731	42 
3732	44 
3733	58 
3734	30 
3735	27 
3736	31 
3737	81 
3738	11 
3739	26 
3740	50 
3741	63 
3742	97 
3743	95 
3744	61 
3745	66 
3746	86 
3747	89 
3748	15 
3749	89 
3750	17 
3751	79 
3752	78 
3753	71 
3754	42 
3755	93 
3756	30 
3757	84 
3758	7 
3759	38 
3760	28 
3761	1 
3762	26 
3763	25 
3764	79 
3765	55 
3766	74 
3767	10 
3768	83 
3769	43 
3770	35 
3771	6 
3772	94 
3773	9 
3774	45 
3775	76 
3776	38 
3777	15 
3778	80 
3779	64 
3780	42 
3781	13 
3782	42 
3783	45 
3784	87 
3785	69 
3786	60 
3787	59 
3788	50 
3789	75 
3790	89 
3791	100 
3792	6 
3793	83 
3794	5 
3795	101 
3796	71 
3797	71 
3798	40 
3799	30 
3800	40 
3801	52 
3802	60 
3803	9 
3804	66 
3805	78 
3806	35 
3807	20 
3808	46 
3809	27 
3810	69 
3811	39 
3812	103 
3813	2 
3814	91 
3815	20 
3816	57 
3817	72 
3818	61 
3819	75 
3820	11 
3821	59 
3822	52 
3823	78 
3824	30 
3825	64 
3826	45 
3827	22 
3828	31 
3829	77 
3830	38 
3831	70 
3832	98 
3833	19 
3834	52 
3835	56 
3836	90 
3837	28 
3838	19 
3839	20 
3840	32 
3841	71 
3842	83 
3843	4 
3844	44 
3845	57 
3846	90 
3847	30 
3848	74 
3849	33 
3850	21 
3851	57 
3852	15 
3853	98 
3854	59 
3855	102 
3856	25 
3857	79 
3858	8 
3859	97 
3860	78 
3861	33 
3862	85 
3863	79 
3864	65 
3865	31 
3866	55 
3867	17 
3868	37 
3869	19 
3870	70 
3871	61 
3872	61 
3873	88 
3874	52 
3875	29 
3876	42 
3877	66 
3878	60 
3879	28 
3880	62 
3881	35 
3882	97 
3883	52 
3884	57 
3885	93 
3886	18 
3887	78 
3888	29 
3889	64 
3890	69 
3891	36 
3892	61 
3893	44 
3894	69 
3895	80 
3896	26 
3897	71 
3898	38 
3899	64 
3900	1 
3901	27 
3902	98 
3903	74 
3904	2 
3905	52 
3906	58 
3907	7 
3908	101 
3909	46 
3910	79 
3911	52 
3912	95 
3913	30 
3914	69 
3915	23 
3916	63 
3917	66 
3918	9 
3919	13 
3920	44 
3921	34 
3922	59 
3923	79 
3924	69 
3925	60 
3926	19 
3927	69 
3928	70 
3929	82 
3930	1 
3931	63 
3932	35 
3933	33 
3934	75 
3935	35 
3936	54 
3937	81 
3938	20 
3939	50 
3940	19 
3941	33 
3942	3 
3943	17 
3944	83 
3945	69 
3946	84 
3947	70 
3948	28 
3949	12 
3950	81 
3951	69 
3952	103 
3953	5 
3954	25 
3955	42 
3956	50 
3957	67 
3958	88 
3959	36 
3960	102 
3961	98 
3962	83 
3963	44 
3964	25 
3965	4 
3966	84 
3967	88 
3968	42 
3969	31 
3970	98 
3971	80 
3972	100 
3973	86 
3974	27 
3975	40 
3976	25 
3977	10 
3978	7 
3979	28 
3980	39 
3981	25 
3982	50 
3983	55 
3984	27 
3985	80 
3986	1 
3987	57 
3988	87 
3989	41 
3990	50 
3991	25 
3992	14 
3993	14 
3994	77 
3995	46 
3996	44 
3997	14 
3998	36 
3999	101 
4000	47 
4001	59 
4002	96 
4003	19 
4004	40 
4005	96 
4006	16 
4007	15 
4008	59 
4009	38 
4010	28 
4011	4 
4012	79 
4013	4 
4014	3 
4015	37 
4016	58 
4017	6 
4018	35 
4019	89 
4020	58 
4021	45 
4022	26 
4023	86 
4024	72 
4025	26 
4026	78 
4027	71 
4028	90 
4029	34 
4030	47 
4031	70 
4032	101 
4033	103 
4034	8 
4035	66 
4036	24 
4037	25 
4038	66 
4039	79 
4040	7 
4041	60 
4042	28 
4043	60 
4044	60 
4045	62 
4046	52 
4047	5 
4048	28 
4049	43 
4050	44 
4051	72 
4052	77 
4053	55 
4054	86 
4055	93 
4056	48 
4057	15 
4058	33 
4059	42 
4060	38 
4061	58 
4062	75 
4063	55 
4064	45 
4065	12 
4066	17 
4067	72 
4068	42 
4069	16 
4070	27 
4071	1 
4072	24 
4073	78 
4074	26 
4075	36 
4076	80 
4077	21 
4078	95 
4079	78 
4080	99 
4081	19 
4082	9 
4083	92 
4084	36 
4085	58 
4086	78 
4087	71 
4088	28 
4089	30 
4090	9 
4091	79 
4092	75 
4093	39 
4094	60 
4095	37 
4096	3 
4097	82 
4098	72 
4099	88 
4100	94 
4101	60 
4102	4 
4103	33 
4104	103 
4105	15 
4106	63 
4107	12 
4108	76 
4109	15 
4110	8 
4111	51 
4112	1 
4113	49 
4114	3 
4115	40 
4116	40 
4117	49 
4118	60 
4119	35 
4120	82 
4121	103 
4122	72 
4123	96 
4124	73 
4125	93 
4126	83 
4127	76 
4128	1 
4129	12 
4130	94 
4131	88 
4132	60 
4133	84 
4134	81 
4135	15 
4136	52 
4137	50 
4138	32 
4139	30 
4140	92 
4141	30 
4142	8 
4143	101 
4144	49 
4145	52 
4146	73 
4147	92 
4148	83 
4149	62 
4150	32 
4151	59 
4152	69 
4153	26 
4154	90 
4155	8 
4156	15 
4157	9 
4158	25 
4159	71 
4160	25 
4161	88 
4162	61 
4163	61 
4164	2 
4165	29 
4166	11 
4167	14 
4168	37 
4169	78 
4170	52 
4171	73 
4172	77 
4173	2 
4174	52 
4175	94 
4176	32 
4177	69 
4178	47 
4179	71 
4180	69 
4181	50 
4182	19 
4183	20 
4184	3 
4185	45 
4186	47 
4187	1 
4188	42 
4189	38 
4190	40 
4191	45 
4192	35 
4193	4 
4194	19 
4195	63 
4196	61 
4197	33 
4198	1 
4199	61 
4200	2 
4201	26 
4202	52 
4203	54 
4204	33 
4205	29 
4206	47 
4207	78 
4208	64 
4209	64 
4210	54 
4211	75 
4212	81 
4213	19 
4214	27 
4215	70 
4216	32 
4217	1 
4218	25 
4219	25 
4220	18 
4221	81 
4222	45 
4223	84 
4224	40 
4225	59 
4226	12 
4227	15 
4228	14 
4229	68 
4230	19 
4231	74 
4232	36 
4233	61 
4234	78 
4235	82 
4236	61 
4237	52 
4238	20 
4239	4 
4240	46 
4241	82 
4242	47 
4243	21 
4244	88 
4245	17 
4246	36 
4247	8 
4248	41 
4249	40 
4250	55 
4251	59 
4252	58 
4253	9 
4254	99 
4255	38 
4256	26 
4257	47 
4258	25 
4259	59 
4260	44 
4261	32 
4262	12 
4263	87 
4264	103 
4265	50 
4266	99 
4267	70 
4268	65 
4269	81 
4270	42 
4271	89 
4272	23 
4273	97 
4274	42 
4275	72 
4276	12 
4277	6 
4278	44 
4279	90 
4280	78 
4281	18 
4282	81 
4283	3 
4284	72 
4285	69 
4286	78 
4287	35 
4288	63 
4289	40 
4290	58 
4291	16 
4292	25 
4293	81 
4294	1 
4295	30 
4296	2 
4297	7 
4298	35 
4299	86 
4300	42 
4301	83 
4302	72 
4303	57 
4304	28 
4305	64 
4306	103 
4307	28 
4308	11 
4309	60 
4310	1 
4311	52 
4312	38 
4313	40 
4314	31 
4315	50 
4316	19 
4317	12 
4318	97 
4319	61 
4320	78 
4321	9 
4322	84 
4323	55 
4324	4 
4325	9 
4326	60 
4327	58 
4328	15 
4329	55 
4330	90 
4331	19 
4332	74 
4333	99 
4334	74 
4335	12 
4336	35 
4337	60 
4338	19 
4339	83 
4340	84 
4341	79 
4342	25 
4343	42 
4344	61 
4345	57 
4346	103 
4347	46 
4348	84 
4349	95 
4350	77 
4351	89 
4352	22 
4353	90 
4354	69 
4355	8 
4356	99 
4357	69 
4358	95 
4359	70 
4360	1 
4361	84 
4362	36 
4363	68 
4364	71 
4365	23 
4366	30 
4367	34 
4368	6 
4369	17 
4370	33 
4371	83 
4372	69 
4373	63 
4374	81 
4375	57 
4376	12 
4377	1 
4378	26 
4379	98 
4380	90 
4381	87 
4382	58 
4383	15 
4384	12 
4385	17 
4386	42 
4387	61 
4388	50 
4389	88 
4390	79 
4391	33 
4392	96 
4393	3 
4394	55 
4395	69 
4396	90 
4397	36 
4398	71 
4399	1 
4400	28 
4401	60 
4402	89 
4403	33 
4404	84 
4405	46 
4406	60 
4407	73 
4408	26 
4409	40 
4410	33 
4411	84 
4412	36 
4413	8 
4414	38 
4415	47 
4416	28 
4417	66 
4418	35 
4419	69 
4420	31 
4421	14 
4422	11 
4423	51 
4424	22 
4425	52 
4426	82 
4427	6 
4428	78 
4429	36 
4430	38 
4431	17 
4432	90 
4433	1 
4434	55 
4435	46 
4436	22 
4437	9 
4438	83 
4439	88 
4440	14 
4441	30 
4442	38 
4443	15 
4444	30 
4445	90 
4446	1 
4447	35 
4448	15 
4449	71 
4450	92 
4451	103 
4452	89 
4453	60 
4454	83 
4455	46 
4456	6 
4457	63 
4458	73 
4459	47 
4460	34 
4461	38 
4462	66 
4463	50 
4464	1 
4465	96 
4466	42 
4467	20 
4468	31 
4469	50 
4470	75 
4471	58 
4472	31 
4473	83 
4474	59 
4475	55 
4476	11 
4477	71 
4478	1 
4479	89 
4480	62 
4481	78 
4482	31 
4483	8 
4484	22 
4485	55 
4486	31 
4487	12 
4488	32 
4489	25 
4490	69 
4491	58 
4492	74 
4493	22 
4494	27 
4495	22 
4496	59 
4497	87 
4498	31 
4499	71 
4500	79 
4501	98 
4502	58 
4503	36 
4504	78 
4505	78 
4506	36 
4507	40 
4508	1 
4509	73 
4510	66 
4511	36 
4512	89 
4513	42 
4514	47 
4515	20 
4516	81 
4517	27 
4518	88 
4519	55 
4520	92 
4521	75 
4522	19 
4523	1 
4524	15 
4525	89 
4526	74 
4527	8 
4528	27 
4529	73 
4530	70 
4531	11 
4532	71 
4533	87 
4534	90 
4535	83 
4536	62 
4537	62 
4538	17 
4539	52 
4540	88 
4541	96 
4542	96 
4543	78 
4544	70 
4545	71 
4546	44 
4547	6 
4548	19 
4549	84 
4550	98 
4551	81 
4552	90 
4553	40 
4554	33 
4555	89 
4556	66 
4557	40 
4558	78 
4559	30 
4560	81 
4561	96 
4562	96 
4563	84 
4564	15 
4565	40 
4566	87 
4567	30 
4568	92 
4569	42 
4570	97 
4571	57 
4572	73 
4573	71 
4574	8 
4575	35 
4576	19 
4577	60 
4578	9 
4579	30 
4580	69 
4581	89 
4582	1 
4583	34 
4584	38 
4585	88 
4586	61 
4587	44 
4588	81 
4589	52 
4590	25 
4591	79 
4592	86 
4593	15 
4594	25 
4595	70 
4596	64 
4597	82 
4598	57 
4599	30 
4600	64 
4601	79 
4602	59 
4603	97 
4604	93 
4605	73 
4606	8 
4607	60 
4608	1 
4609	75 
4610	77 
4611	52 
4612	57 
4613	64 
4614	90 
4615	52 
4616	25 
4617	57 
4618	28 
4619	86 
4620	69 
4621	73 
4622	58 
4623	92 
4624	9 
4625	74 
4626	35 
4627	74 
4628	50 
4629	12 
4630	62 
4631	33 
4632	77 
4633	50 
4634	58 
4635	9 
4636	40 
4637	93 
4638	9 
4639	63 
4640	38 
4641	88 
4642	83 
4643	26 
4644	15 
4645	78 
4646	87 
4647	66 
4648	35 
4649	28 
4650	40 
4651	40 
4652	42 
4653	30 
4654	84 
4655	33 
4656	60 
4657	93 
4658	78 
4659	40 
4660	62 
4661	58 
4662	15 
4663	73 
4664	35 
4665	12 
4666	97 
4667	52 
4668	34 
4669	30 
4670	77 
4671	12 
4672	31 
4673	42 
4674	19 
4675	81 
4676	12 
4677	72 
4678	90 
4679	93 
4680	1 
4681	14 
4682	71 
4683	57 
4684	33 
4685	92 
4686	28 
4687	42 
4688	90 
4689	42 
4690	96 
4691	42 
4692	52 
4693	74 
4694	83 
4695	40 
4696	64 
4697	9 
4698	42 
4699	78 
4700	1 
4701	1 
4702	15 
4703	17 
4704	66 
4705	50 
4706	40 
4707	98 
4708	26 
4709	38 
4710	44 
4711	59 
4712	89 
4713	93 
4714	71 
4715	15 
4716	44 
4717	1 
4718	1 
4719	44 
4720	26 
4721	75 
4722	64 
4723	55 
4724	88 
4725	26 
4726	38 
4727	52 
4728	12 
4729	33 
4730	38 
4731	38 
4732	55 
4733	86 
4734	47 
4735	38 
4736	97 
4737	90 
4738	74 
4739	74 
4740	44 
4741	27 
4742	19 
4743	88 
4744	81 
4745	77 
4746	75 
4747	69 
4748	72 
4749	30 
4750	72 
4751	79 
4752	79 
4753	6 
4754	30 
4755	42 
4756	71 
4757	74 
4758	33 
4759	66 
4760	57 
4761	12 
4762	96 
4763	58 
4764	79 
4765	15 
4766	81 
4767	52 
4768	27 
4769	60 
4770	52 
4771	74 
4772	66 
4773	84 
4774	14 
4775	57 
4776	79 
4777	83 
4778	17 
4779	25 
4780	9 
4781	14 
4782	25 
4783	40 
4784	35 
4785	26 
4786	42 
4787	72 
4788	33 
4789	72 
4790	63 
4791	69 
4792	31 
4793	27 
4794	92 
4795	52 
4796	40 
4797	36 
4798	33 
4799	90 
4800	17 
4801	31 
4802	47 
4803	61 
4804	25 
4805	78 
4806	27 
4807	79 
4808	1 
4809	63 
4810	15 
4811	50 
4812	81 
4813	9 
4814	61 
4815	47 
4816	33 
4817	59 
4818	81 
4819	59 
4820	31 
4821	60 
4822	17 
4823	64 
4824	62 
4825	1 
4826	50 
4827	89 
4828	88 
4829	60 
4830	61 
4831	79 
4832	52 
4833	30 
4834	96 
4835	50 
4836	26 
4837	40 
4838	52 
4839	81 
4840	44 
4841	33 
4842	83 
4843	38 
4844	40 
4845	64 
4846	60 
4847	81 
4848	59 
4849	84 
4850	30 
4851	81 
4852	17 
4853	61 
4854	84 
4855	25 
4856	81 
4857	74 
4858	14 
4859	35 
4860	38 
4861	14 
4862	71 
4863	12 
4864	38 
4865	19 
4866	78 
4867	15 
4868	55 
4869	27 
4870	90 
4871	35 
4872	90 
4873	88 
4874	60 
4875	38 
4876	30 
4877	96 
4878	88 
4879	1 
4880	42 
4881	52 
4882	31 
4883	28 
4884	19 
4885	17 
4886	28 
4887	83 
4888	40 
4889	27 
4890	15 
4891	14 
4892	27 
4893	38 
4894	40 
4895	57 
4896	79 
4897	31 
4898	81 
4899	31 
4900	60 
4901	84 
4902	15 
4903	26 
4904	74 
4905	27 
4906	52 
4907	79 
4908	30 
4909	74 
4910	25 
4911	12 
4912	14 
4913	79 
4914	64 
4915	88 
4916	9 
4917	17 
4918	30 
4919	25 
4920	19 
4921	17 
4922	27 
4923	35 
4924	33 
4925	83 
4926	52 
4927	38 
4928	60 
4929	15 
4930	33 
4931	60 
4932	64 
4933	69 
4934	61 
4935	25 
4936	42 
4937	9 
4938	14 
4939	40 
4940	38 
4941	27 
4942	52 
4943	9 
4944	69 
4945	50 
4946	81 
4947	33 
4948	17 
4949	26 
4950	78 
4951	9 
4952	60 
4953	69 
4954	64 
4955	59 
4956	88 
4957	35 
4958	31 
4959	79 
4960	83 
4961	42 
4962	81 
4963	9 
4964	38 
4965	9 
4966	27 
4967	60 
4968	31 
4969	19 
4970	17 
4971	26 
4972	60 
4973	9 
4974	52 
4975	12 
4976	9 
4977	83 
4978	60 
4979	84 
4980	40 
4981	9 
4982	61 
4983	42 
4984	69 
4985	19 
4986	61 
4987	30 
4988	69 
4989	78 
4990	79 
4991	79 
4992	69 
4993	52 
4994	42 
4995	83 
4996	40 
4997	59 
4998	69 
4999	15 
5000	79 
