1	2 
2	33 
3	59 
4	67 
5	63 
6	103 
7	58 
8	77 
9	101 
10	5 
11	48 
12	2 
13	100 
14	92 
15	32 
16	54 
17	45 
18	95 
19	42 
20	71 
21	8 
22	43 
23	103 
24	54 
25	6 
26	62 
27	28 
28	14 
29	25 
30	3 
31	17 
32	63 
33	86 
34	21 
35	69 
36	62 
37	81 
38	17 
39	23 
40	58 
41	44 
42	68 
43	24 
44	101 
45	99 
46	77 
47	76 
48	3 
49	55 
50	95 
51	21 
52	43 
53	88 
54	79 
55	26 
56	11 
57	86 
58	19 
59	95 
60	35 
61	89 
62	102 
63	102 
64	20 
65	39 
66	51 
67	52 
68	50 
69	34 
70	23 
71	55 
72	82 
73	98 
74	27 
75	54 
76	55 
77	10 
78	18 
79	63 
80	70 
81	56 
82	12 
83	48 
84	69 
85	86 
86	60 
87	30 
88	100 
89	77 
90	74 
91	53 
92	43 
93	25 
94	10 
95	10 
96	70 
97	87 
98	60 
99	49 
100	52 
101	53 
102	78 
103	77 
104	61 
105	90 
106	76 
107	66 
108	37 
109	46 
110	3 
111	87 
112	5 
113	73 
114	28 
115	65 
116	38 
117	94 
118	88 
119	15 
120	52 
121	59 
122	83 
123	47 
124	65 
125	36 
126	62 
127	5 
128	78 
129	9 
130	52 
131	97 
132	95 
133	4 
134	4 
135	39 
136	2 
137	37 
138	63 
139	101 
140	19 
141	17 
142	92 
143	81 
144	2 
145	61 
146	67 
147	74 
148	60 
149	40 
150	32 
151	7 
152	2 
153	5 
154	85 
155	48 
156	79 
157	13 
158	88 
159	64 
160	67 
161	87 
162	28 
163	46 
164	28 
165	86 
166	98 
167	60 
168	13 
169	79 
170	73 
171	13 
172	101 
173	28 
174	75 
175	5 
176	74 
177	65 
178	8 
179	48 
180	65 
181	60 
182	24 
183	53 
184	75 
185	35 
186	62 
187	100 
188	90 
189	103 
190	25 
191	95 
192	10 
193	18 
194	33 
195	57 
196	43 
197	79 
198	25 
199	50 
200	48 
201	23 
202	87 
203	49 
204	73 
205	5 
206	75 
207	33 
208	61 
209	64 
210	39 
211	76 
212	100 
213	6 
214	57 
215	87 
216	82 
217	25 
218	35 
219	21 
220	82 
221	13 
222	43 
223	62 
224	79 
225	24 
226	101 
227	58 
228	75 
229	47 
230	81 
231	83 
232	22 
233	53 
234	6 
235	2 
236	19 
237	21 
238	5 
239	22 
240	13 
241	33 
242	90 
243	51 
244	19 
245	94 
246	45 
247	25 
248	60 
249	9 
250	19 
251	4 
252	86 
253	91 
254	32 
255	37 
256	26 
257	50 
258	70 
259	79 
260	3 
261	31 
262	7 
263	31 
264	41 
265	99 
266	87 
267	47 
268	9 
269	66 
270	91 
271	92 
272	8 
273	26 
274	13 
275	74 
276	73 
277	78 
278	74 
279	4 
280	48 
281	69 
282	12 
283	6 
284	55 
285	83 
286	78 
287	19 
288	31 
289	29 
290	65 
291	37 
292	7 
293	33 
294	6 
295	49 
296	19 
297	37 
298	45 
299	43 
300	25 
301	98 
302	23 
303	74 
304	23 
305	13 
306	54 
307	78 
308	61 
309	63 
310	99 
311	73 
312	75 
313	41 
314	5 
315	65 
316	21 
317	97 
318	104 
319	87 
320	22 
321	78 
322	47 
323	31 
324	83 
325	19 
326	16 
327	54 
328	47 
329	3 
330	7 
331	16 
332	8 
333	36 
334	2 
335	72 
336	3 
337	26 
338	8 
339	87 
340	68 
341	31 
342	69 
343	56 
344	65 
345	22 
346	68 
347	10 
348	86 
349	61 
350	101 
351	82 
352	77 
353	8 
354	49 
355	95 
356	63 
357	99 
358	61 
359	86 
360	53 
361	54 
362	96 
363	100 
364	78 
365	75 
366	19 
367	23 
368	75 
369	39 
370	8 
371	36 
372	91 
373	95 
374	90 
375	61 
376	53 
377	10 
378	6 
379	61 
380	47 
381	2 
382	74 
383	58 
384	63 
385	47 
386	70 
387	71 
388	41 
389	54 
390	98 
391	85 
392	48 
393	67 
394	63 
395	53 
396	40 
397	53 
398	17 
399	58 
400	73 
401	35 
402	102 
403	11 
404	62 
405	10 
406	73 
407	65 
408	28 
409	47 
410	29 
411	37 
412	102 
413	58 
414	52 
415	86 
416	78 
417	83 
418	65 
419	50 
420	67 
421	31 
422	30 
423	49 
424	16 
425	53 
426	64 
427	99 
428	18 
429	75 
430	43 
431	52 
432	10 
433	67 
434	19 
435	16 
436	24 
437	66 
438	48 
439	53 
440	15 
441	63 
442	64 
443	72 
444	101 
445	78 
446	52 
447	22 
448	51 
449	18 
450	43 
451	33 
452	10 
453	68 
454	13 
455	62 
456	2 
457	33 
458	74 
459	100 
460	30 
461	4 
462	36 
463	8 
464	76 
465	63 
466	24 
467	97 
468	50 
469	26 
470	87 
471	97 
472	87 
473	7 
474	33 
475	88 
476	33 
477	12 
478	32 
479	49 
480	48 
481	76 
482	19 
483	45 
484	60 
485	53 
486	6 
487	9 
488	10 
489	25 
490	55 
491	33 
492	71 
493	72 
494	54 
495	52 
496	13 
497	52 
498	101 
499	58 
500	64 
501	52 
502	98 
503	97 
504	6 
505	10 
506	55 
507	74 
508	35 
509	95 
510	56 
511	103 
512	63 
513	55 
514	13 
515	32 
516	1 
517	97 
518	53 
519	72 
520	48 
521	30 
522	104 
523	13 
524	28 
525	2 
526	3 
527	49 
528	8 
529	7 
530	87 
531	43 
532	33 
533	40 
534	17 
535	40 
536	60 
537	5 
538	104 
539	86 
540	55 
541	59 
542	30 
543	97 
544	6 
545	65 
546	102 
547	67 
548	93 
549	63 
550	11 
551	77 
552	99 
553	59 
554	46 
555	13 
556	23 
557	89 
558	102 
559	27 
560	23 
561	39 
562	19 
563	39 
564	63 
565	19 
566	43 
567	52 
568	76 
569	42 
570	50 
571	81 
572	86 
573	41 
574	13 
575	25 
576	67 
577	28 
578	98 
579	53 
580	70 
581	42 
582	25 
583	31 
584	30 
585	35 
586	24 
587	69 
588	26 
589	8 
590	97 
591	17 
592	66 
593	32 
594	37 
595	104 
596	63 
597	59 
598	54 
599	79 
600	29 
601	26 
602	99 
603	35 
604	28 
605	70 
606	103 
607	82 
608	46 
609	90 
610	43 
611	32 
612	94 
613	8 
614	37 
615	22 
616	88 
617	92 
618	4 
619	7 
620	86 
621	54 
622	2 
623	89 
624	96 
625	19 
626	94 
627	5 
628	49 
629	97 
630	27 
631	52 
632	10 
633	49 
634	48 
635	52 
636	83 
637	28 
638	77 
639	47 
640	22 
641	56 
642	27 
643	48 
644	85 
645	102 
646	74 
647	7 
648	34 
649	8 
650	10 
651	63 
652	49 
653	64 
654	55 
655	35 
656	16 
657	52 
658	60 
659	61 
660	6 
661	23 
662	30 
663	100 
664	19 
665	6 
666	48 
667	103 
668	76 
669	92 
670	14 
671	45 
672	47 
673	33 
674	48 
675	73 
676	19 
677	61 
678	23 
679	60 
680	61 
681	59 
682	80 
683	52 
684	99 
685	100 
686	48 
687	86 
688	19 
689	24 
690	39 
691	19 
692	64 
693	47 
694	33 
695	74 
696	23 
697	74 
698	13 
699	4 
700	94 
701	66 
702	1 
703	81 
704	3 
705	55 
706	98 
707	58 
708	64 
709	75 
710	25 
711	48 
712	50 
713	55 
714	6 
715	6 
716	59 
717	2 
718	40 
719	99 
720	68 
721	43 
722	64 
723	52 
724	86 
725	103 
726	100 
727	30 
728	73 
729	52 
730	58 
731	15 
732	55 
733	64 
734	28 
735	102 
736	33 
737	102 
738	100 
739	102 
740	96 
741	76 
742	12 
743	2 
744	55 
745	50 
746	77 
747	53 
748	10 
749	66 
750	9 
751	65 
752	90 
753	63 
754	69 
755	4 
756	67 
757	26 
758	56 
759	93 
760	12 
761	60 
762	8 
763	73 
764	104 
765	12 
766	18 
767	74 
768	82 
769	99 
770	19 
771	78 
772	35 
773	77 
774	20 
775	6 
776	48 
777	52 
778	80 
779	22 
780	97 
781	70 
782	86 
783	100 
784	66 
785	72 
786	98 
787	17 
788	82 
789	73 
790	49 
791	62 
792	53 
793	25 
794	65 
795	64 
796	60 
797	18 
798	39 
799	15 
800	55 
801	25 
802	33 
803	81 
804	5 
805	14 
806	15 
807	48 
808	64 
809	36 
810	5 
811	10 
812	75 
813	7 
814	55 
815	63 
816	42 
817	98 
818	75 
819	84 
820	23 
821	33 
822	52 
823	77 
824	52 
825	52 
826	90 
827	83 
828	25 
829	7 
830	76 
831	19 
832	28 
833	10 
834	37 
835	102 
836	24 
837	65 
838	24 
839	68 
840	73 
841	53 
842	64 
843	41 
844	66 
845	20 
846	67 
847	35 
848	49 
849	4 
850	63 
851	56 
852	59 
853	86 
854	93 
855	40 
856	55 
857	55 
858	21 
859	13 
860	77 
861	64 
862	35 
863	84 
864	102 
865	13 
866	59 
867	88 
868	70 
869	87 
870	30 
871	83 
872	30 
873	60 
874	34 
875	100 
876	30 
877	35 
878	32 
879	74 
880	68 
881	74 
882	71 
883	99 
884	70 
885	55 
886	24 
887	32 
888	98 
889	91 
890	60 
891	32 
892	29 
893	51 
894	28 
895	73 
896	30 
897	7 
898	28 
899	17 
900	52 
901	24 
902	56 
903	87 
904	55 
905	8 
906	93 
907	35 
908	25 
909	69 
910	45 
911	96 
912	103 
913	79 
914	56 
915	56 
916	54 
917	10 
918	100 
919	5 
920	69 
921	78 
922	65 
923	54 
924	51 
925	18 
926	63 
927	76 
928	82 
929	86 
930	51 
931	78 
932	25 
933	6 
934	21 
935	4 
936	19 
937	76 
938	60 
939	71 
940	11 
941	89 
942	60 
943	71 
944	23 
945	27 
946	2 
947	75 
948	96 
949	40 
950	79 
951	90 
952	63 
953	32 
954	103 
955	10 
956	35 
957	25 
958	14 
959	9 
960	8 
961	52 
962	87 
963	33 
964	2 
965	74 
966	79 
967	16 
968	56 
969	40 
970	53 
971	77 
972	37 
973	69 
974	77 
975	14 
976	73 
977	61 
978	4 
979	67 
980	20 
981	98 
982	71 
983	70 
984	5 
985	65 
986	23 
987	60 
988	23 
989	10 
990	77 
991	4 
992	33 
993	54 
994	35 
995	70 
996	30 
997	34 
998	1 
999	75 
1000	19 
1001	64 
1002	43 
1003	98 
1004	32 
1005	93 
1006	68 
1007	63 
1008	52 
1009	45 
1010	97 
1011	60 
1012	75 
1013	54 
1014	56 
1015	81 
1016	102 
1017	30 
1018	84 
1019	6 
1020	53 
1021	102 
1022	96 
1023	74 
1024	30 
1025	60 
1026	10 
1027	8 
1028	83 
1029	35 
1030	41 
1031	19 
1032	69 
1033	88 
1034	51 
1035	102 
1036	92 
1037	47 
1038	104 
1039	92 
1040	25 
1041	12 
1042	69 
1043	28 
1044	40 
1045	47 
1046	70 
1047	103 
1048	32 
1049	88 
1050	87 
1051	38 
1052	37 
1053	67 
1054	60 
1055	45 
1056	75 
1057	87 
1058	55 
1059	10 
1060	10 
1061	19 
1062	4 
1063	9 
1064	17 
1065	91 
1066	84 
1067	23 
1068	76 
1069	79 
1070	85 
1071	100 
1072	71 
1073	25 
1074	85 
1075	9 
1076	8 
1077	4 
1078	71 
1079	86 
1080	85 
1081	45 
1082	98 
1083	56 
1084	12 
1085	5 
1086	69 
1087	1 
1088	76 
1089	96 
1090	5 
1091	45 
1092	61 
1093	47 
1094	13 
1095	5 
1096	6 
1097	13 
1098	25 
1099	11 
1100	69 
1101	67 
1102	19 
1103	63 
1104	100 
1105	10 
1106	59 
1107	90 
1108	8 
1109	34 
1110	80 
1111	19 
1112	67 
1113	67 
1114	1 
1115	47 
1116	44 
1117	2 
1118	59 
1119	40 
1120	43 
1121	61 
1122	45 
1123	5 
1124	30 
1125	78 
1126	81 
1127	8 
1128	29 
1129	73 
1130	58 
1131	92 
1132	103 
1133	13 
1134	57 
1135	23 
1136	38 
1137	5 
1138	52 
1139	54 
1140	56 
1141	61 
1142	43 
1143	30 
1144	100 
1145	55 
1146	27 
1147	77 
1148	82 
1149	52 
1150	103 
1151	77 
1152	42 
1153	45 
1154	30 
1155	8 
1156	80 
1157	63 
1158	92 
1159	82 
1160	70 
1161	63 
1162	53 
1163	75 
1164	43 
1165	91 
1166	25 
1167	89 
1168	62 
1169	42 
1170	54 
1171	23 
1172	75 
1173	32 
1174	86 
1175	66 
1176	4 
1177	71 
1178	69 
1179	77 
1180	85 
1181	19 
1182	47 
1183	79 
1184	45 
1185	68 
1186	33 
1187	23 
1188	50 
1189	8 
1190	71 
1191	87 
1192	58 
1193	83 
1194	58 
1195	11 
1196	77 
1197	46 
1198	50 
1199	13 
1200	56 
1201	51 
1202	70 
1203	53 
1204	13 
1205	8 
1206	5 
1207	62 
1208	39 
1209	93 
1210	53 
1211	30 
1212	54 
1213	65 
1214	92 
1215	23 
1216	9 
1217	61 
1218	48 
1219	5 
1220	10 
1221	1 
1222	30 
1223	29 
1224	78 
1225	90 
1226	51 
1227	76 
1228	95 
1229	60 
1230	24 
1231	27 
1232	74 
1233	79 
1234	89 
1235	18 
1236	26 
1237	88 
1238	10 
1239	33 
1240	40 
1241	42 
1242	19 
1243	86 
1244	8 
1245	2 
1246	63 
1247	33 
1248	93 
1249	25 
1250	78 
1251	82 
1252	70 
1253	41 
1254	88 
1255	50 
1256	82 
1257	81 
1258	35 
1259	77 
1260	31 
1261	28 
1262	63 
1263	50 
1264	52 
1265	74 
1266	52 
1267	23 
1268	60 
1269	29 
1270	6 
1271	18 
1272	76 
1273	11 
1274	14 
1275	78 
1276	103 
1277	36 
1278	97 
1279	60 
1280	100 
1281	96 
1282	65 
1283	50 
1284	102 
1285	58 
1286	96 
1287	38 
1288	53 
1289	99 
1290	25 
1291	28 
1292	2 
1293	54 
1294	96 
1295	50 
1296	1 
1297	25 
1298	19 
1299	33 
1300	87 
1301	59 
1302	55 
1303	64 
1304	30 
1305	89 
1306	59 
1307	6 
1308	61 
1309	53 
1310	32 
1311	39 
1312	25 
1313	53 
1314	58 
1315	55 
1316	73 
1317	19 
1318	100 
1319	38 
1320	30 
1321	98 
1322	63 
1323	12 
1324	53 
1325	52 
1326	13 
1327	99 
1328	83 
1329	8 
1330	36 
1331	56 
1332	75 
1333	43 
1334	54 
1335	88 
1336	6 
1337	26 
1338	70 
1339	74 
1340	79 
1341	2 
1342	75 
1343	49 
1344	35 
1345	75 
1346	78 
1347	19 
1348	95 
1349	86 
1350	32 
1351	24 
1352	95 
1353	59 
1354	65 
1355	81 
1356	58 
1357	87 
1358	5 
1359	89 
1360	61 
1361	90 
1362	65 
1363	64 
1364	28 
1365	89 
1366	83 
1367	45 
1368	10 
1369	68 
1370	31 
1371	40 
1372	75 
1373	37 
1374	37 
1375	14 
1376	61 
1377	29 
1378	100 
1379	72 
1380	57 
1381	102 
1382	87 
1383	78 
1384	81 
1385	47 
1386	6 
1387	87 
1388	66 
1389	13 
1390	39 
1391	88 
1392	102 
1393	33 
1394	8 
1395	13 
1396	97 
1397	33 
1398	56 
1399	73 
1400	99 
1401	73 
1402	52 
1403	74 
1404	53 
1405	42 
1406	13 
1407	74 
1408	27 
1409	4 
1410	5 
1411	86 
1412	72 
1413	49 
1414	19 
1415	54 
1416	5 
1417	65 
1418	18 
1419	80 
1420	79 
1421	95 
1422	102 
1423	66 
1424	53 
1425	48 
1426	15 
1427	33 
1428	51 
1429	54 
1430	96 
1431	5 
1432	60 
1433	56 
1434	28 
1435	72 
1436	11 
1437	76 
1438	81 
1439	78 
1440	102 
1441	51 
1442	30 
1443	100 
1444	7 
1445	13 
1446	35 
1447	56 
1448	69 
1449	44 
1450	50 
1451	28 
1452	48 
1453	41 
1454	28 
1455	78 
1456	59 
1457	52 
1458	11 
1459	3 
1460	77 
1461	23 
1462	75 
1463	68 
1464	22 
1465	33 
1466	33 
1467	78 
1468	40 
1469	14 
1470	65 
1471	40 
1472	14 
1473	43 
1474	2 
1475	25 
1476	9 
1477	74 
1478	56 
1479	26 
1480	10 
1481	69 
1482	46 
1483	18 
1484	90 
1485	74 
1486	8 
1487	30 
1488	62 
1489	90 
1490	67 
1491	66 
1492	6 
1493	70 
1494	33 
1495	25 
1496	6 
1497	82 
1498	59 
1499	52 
1500	33 
1501	59 
1502	102 
1503	74 
1504	74 
1505	59 
1506	43 
1507	39 
1508	40 
1509	61 
1510	103 
1511	77 
1512	85 
1513	61 
1514	78 
1515	60 
1516	101 
1517	31 
1518	10 
1519	25 
1520	83 
1521	54 
1522	98 
1523	47 
1524	69 
1525	57 
1526	102 
1527	100 
1528	39 
1529	30 
1530	17 
1531	70 
1532	46 
1533	25 
1534	83 
1535	8 
1536	21 
1537	37 
1538	41 
1539	31 
1540	15 
1541	72 
1542	69 
1543	8 
1544	75 
1545	3 
1546	85 
1547	86 
1548	77 
1549	30 
1550	19 
1551	42 
1552	5 
1553	6 
1554	83 
1555	67 
1556	101 
1557	26 
1558	73 
1559	102 
1560	17 
1561	33 
1562	53 
1563	5 
1564	30 
1565	75 
1566	73 
1567	5 
1568	101 
1569	12 
1570	59 
1571	28 
1572	62 
1573	90 
1574	45 
1575	89 
1576	104 
1577	52 
1578	56 
1579	53 
1580	35 
1581	68 
1582	22 
1583	60 
1584	41 
1585	54 
1586	10 
1587	13 
1588	52 
1589	1 
1590	74 
1591	35 
1592	101 
1593	92 
1594	4 
1595	93 
1596	96 
1597	54 
1598	10 
1599	90 
1600	79 
1601	62 
1602	2 
1603	20 
1604	58 
1605	76 
1606	58 
1607	39 
1608	53 
1609	5 
1610	99 
1611	76 
1612	50 
1613	38 
1614	24 
1615	23 
1616	85 
1617	17 
1618	45 
1619	49 
1620	55 
1621	89 
1622	86 
1623	96 
1624	41 
1625	94 
1626	104 
1627	89 
1628	5 
1629	53 
1630	84 
1631	54 
1632	40 
1633	52 
1634	88 
1635	60 
1636	68 
1637	85 
1638	16 
1639	90 
1640	45 
1641	33 
1642	63 
1643	10 
1644	75 
1645	98 
1646	31 
1647	85 
1648	62 
1649	44 
1650	7 
1651	74 
1652	102 
1653	47 
1654	72 
1655	32 
1656	98 
1657	50 
1658	86 
1659	96 
1660	19 
1661	48 
1662	95 
1663	30 
1664	75 
1665	52 
1666	30 
1667	34 
1668	54 
1669	56 
1670	102 
1671	66 
1672	87 
1673	99 
1674	53 
1675	87 
1676	42 
1677	23 
1678	96 
1679	23 
1680	55 
1681	76 
1682	100 
1683	88 
1684	76 
1685	22 
1686	80 
1687	56 
1688	53 
1689	13 
1690	2 
1691	79 
1692	103 
1693	74 
1694	59 
1695	30 
1696	59 
1697	50 
1698	78 
1699	52 
1700	35 
1701	13 
1702	65 
1703	69 
1704	48 
1705	48 
1706	32 
1707	77 
1708	45 
1709	104 
1710	60 
1711	4 
1712	59 
1713	2 
1714	19 
1715	97 
1716	26 
1717	8 
1718	18 
1719	33 
1720	70 
1721	33 
1722	59 
1723	68 
1724	59 
1725	27 
1726	59 
1727	61 
1728	14 
1729	21 
1730	31 
1731	86 
1732	85 
1733	38 
1734	70 
1735	6 
1736	66 
1737	35 
1738	46 
1739	90 
1740	78 
1741	34 
1742	87 
1743	63 
1744	63 
1745	61 
1746	78 
1747	32 
1748	93 
1749	38 
1750	74 
1751	33 
1752	29 
1753	38 
1754	4 
1755	5 
1756	42 
1757	7 
1758	102 
1759	18 
1760	61 
1761	33 
1762	62 
1763	2 
1764	72 
1765	2 
1766	95 
1767	70 
1768	51 
1769	76 
1770	73 
1771	96 
1772	78 
1773	104 
1774	86 
1775	73 
1776	72 
1777	55 
1778	9 
1779	38 
1780	57 
1781	2 
1782	74 
1783	43 
1784	29 
1785	19 
1786	77 
1787	14 
1788	8 
1789	53 
1790	9 
1791	10 
1792	33 
1793	6 
1794	47 
1795	39 
1796	29 
1797	72 
1798	24 
1799	12 
1800	78 
1801	5 
1802	78 
1803	36 
1804	59 
1805	61 
1806	74 
1807	49 
1808	73 
1809	45 
1810	86 
1811	73 
1812	59 
1813	75 
1814	20 
1815	55 
1816	66 
1817	43 
1818	1 
1819	10 
1820	65 
1821	48 
1822	61 
1823	5 
1824	61 
1825	59 
1826	20 
1827	39 
1828	52 
1829	5 
1830	10 
1831	50 
1832	32 
1833	2 
1834	30 
1835	56 
1836	36 
1837	95 
1838	83 
1839	75 
1840	87 
1841	1 
1842	19 
1843	36 
1844	90 
1845	61 
1846	44 
1847	29 
1848	77 
1849	54 
1850	42 
1851	23 
1852	58 
1853	53 
1854	79 
1855	6 
1856	25 
1857	85 
1858	18 
1859	34 
1860	68 
1861	29 
1862	90 
1863	94 
1864	24 
1865	64 
1866	55 
1867	48 
1868	86 
1869	2 
1870	19 
1871	58 
1872	87 
1873	87 
1874	9 
1875	71 
1876	18 
1877	67 
1878	83 
1879	19 
1880	79 
1881	14 
1882	5 
1883	28 
1884	69 
1885	3 
1886	35 
1887	54 
1888	43 
1889	24 
1890	30 
1891	20 
1892	37 
1893	98 
1894	69 
1895	30 
1896	91 
1897	86 
1898	48 
1899	52 
1900	60 
1901	19 
1902	43 
1903	27 
1904	25 
1905	22 
1906	93 
1907	98 
1908	104 
1909	95 
1910	102 
1911	101 
1912	7 
1913	60 
1914	38 
1915	28 
1916	64 
1917	66 
1918	51 
1919	83 
1920	67 
1921	64 
1922	31 
1923	25 
1924	61 
1925	84 
1926	88 
1927	104 
1928	44 
1929	66 
1930	87 
1931	98 
1932	79 
1933	28 
1934	23 
1935	79 
1936	81 
1937	94 
1938	77 
1939	98 
1940	89 
1941	80 
1942	61 
1943	5 
1944	21 
1945	84 
1946	83 
1947	56 
1948	47 
1949	98 
1950	86 
1951	70 
1952	85 
1953	69 
1954	99 
1955	32 
1956	52 
1957	54 
1958	86 
1959	86 
1960	94 
1961	43 
1962	88 
1963	87 
1964	27 
1965	70 
1966	69 
1967	72 
1968	34 
1969	35 
1970	53 
1971	73 
1972	15 
1973	77 
1974	54 
1975	86 
1976	56 
1977	31 
1978	25 
1979	43 
1980	54 
1981	34 
1982	33 
1983	25 
1984	73 
1985	93 
1986	77 
1987	88 
1988	88 
1989	10 
1990	45 
1991	64 
1992	61 
1993	32 
1994	61 
1995	33 
1996	55 
1997	86 
1998	94 
1999	5 
2000	88 
2001	46 
2002	9 
2003	55 
2004	45 
2005	46 
2006	2 
2007	88 
2008	98 
2009	16 
2010	24 
2011	83 
2012	5 
2013	38 
2014	3 
2015	100 
2016	59 
2017	25 
2018	60 
2019	64 
2020	10 
2021	72 
2022	40 
2023	42 
2024	10 
2025	66 
2026	40 
2027	63 
2028	91 
2029	54 
2030	22 
2031	10 
2032	26 
2033	76 
2034	12 
2035	79 
2036	10 
2037	17 
2038	61 
2039	59 
2040	70 
2041	55 
2042	57 
2043	32 
2044	69 
2045	35 
2046	70 
2047	79 
2048	95 
2049	33 
2050	13 
2051	43 
2052	52 
2053	50 
2054	7 
2055	14 
2056	74 
2057	75 
2058	59 
2059	37 
2060	5 
2061	20 
2062	79 
2063	7 
2064	22 
2065	66 
2066	84 
2067	20 
2068	96 
2069	21 
2070	15 
2071	24 
2072	1 
2073	104 
2074	30 
2075	49 
2076	96 
2077	43 
2078	33 
2079	1 
2080	81 
2081	102 
2082	11 
2083	87 
2084	11 
2085	78 
2086	57 
2087	86 
2088	36 
2089	73 
2090	77 
2091	25 
2092	81 
2093	78 
2094	32 
2095	19 
2096	82 
2097	56 
2098	25 
2099	93 
2100	34 
2101	57 
2102	96 
2103	10 
2104	25 
2105	50 
2106	43 
2107	78 
2108	39 
2109	75 
2110	23 
2111	78 
2112	65 
2113	90 
2114	8 
2115	32 
2116	85 
2117	71 
2118	28 
2119	46 
2120	42 
2121	85 
2122	46 
2123	19 
2124	87 
2125	44 
2126	46 
2127	25 
2128	11 
2129	80 
2130	102 
2131	55 
2132	74 
2133	22 
2134	55 
2135	86 
2136	79 
2137	58 
2138	37 
2139	44 
2140	82 
2141	90 
2142	44 
2143	99 
2144	99 
2145	89 
2146	14 
2147	64 
2148	19 
2149	85 
2150	60 
2151	43 
2152	69 
2153	24 
2154	62 
2155	77 
2156	80 
2157	35 
2158	12 
2159	74 
2160	77 
2161	70 
2162	64 
2163	69 
2164	94 
2165	52 
2166	97 
2167	30 
2168	55 
2169	34 
2170	24 
2171	35 
2172	75 
2173	70 
2174	59 
2175	89 
2176	50 
2177	87 
2178	11 
2179	54 
2180	39 
2181	39 
2182	65 
2183	24 
2184	66 
2185	53 
2186	72 
2187	13 
2188	82 
2189	61 
2190	10 
2191	55 
2192	101 
2193	29 
2194	5 
2195	60 
2196	28 
2197	86 
2198	10 
2199	87 
2200	3 
2201	88 
2202	21 
2203	12 
2204	86 
2205	5 
2206	45 
2207	47 
2208	90 
2209	35 
2210	13 
2211	7 
2212	63 
2213	8 
2214	33 
2215	6 
2216	77 
2217	75 
2218	5 
2219	79 
2220	92 
2221	63 
2222	60 
2223	69 
2224	1 
2225	6 
2226	23 
2227	30 
2228	91 
2229	11 
2230	73 
2231	18 
2232	46 
2233	43 
2234	77 
2235	98 
2236	74 
2237	28 
2238	87 
2239	10 
2240	13 
2241	78 
2242	5 
2243	74 
2244	84 
2245	41 
2246	4 
2247	21 
2248	4 
2249	41 
2250	88 
2251	43 
2252	86 
2253	27 
2254	67 
2255	69 
2256	30 
2257	27 
2258	29 
2259	59 
2260	28 
2261	75 
2262	40 
2263	102 
2264	74 
2265	71 
2266	77 
2267	8 
2268	75 
2269	57 
2270	25 
2271	69 
2272	78 
2273	51 
2274	28 
2275	96 
2276	76 
2277	52 
2278	6 
2279	78 
2280	90 
2281	74 
2282	52 
2283	74 
2284	37 
2285	21 
2286	65 
2287	36 
2288	68 
2289	56 
2290	53 
2291	61 
2292	65 
2293	73 
2294	98 
2295	25 
2296	33 
2297	100 
2298	27 
2299	103 
2300	60 
2301	34 
2302	63 
2303	76 
2304	6 
2305	15 
2306	86 
2307	51 
2308	7 
2309	64 
2310	16 
2311	8 
2312	82 
2313	56 
2314	19 
2315	75 
2316	33 
2317	25 
2318	65 
2319	98 
2320	72 
2321	103 
2322	33 
2323	19 
2324	67 
2325	19 
2326	5 
2327	74 
2328	95 
2329	75 
2330	78 
2331	54 
2332	31 
2333	23 
2334	6 
2335	6 
2336	65 
2337	102 
2338	83 
2339	30 
2340	59 
2341	6 
2342	48 
2343	90 
2344	41 
2345	29 
2346	78 
2347	12 
2348	54 
2349	67 
2350	36 
2351	95 
2352	36 
2353	9 
2354	84 
2355	33 
2356	83 
2357	55 
2358	83 
2359	75 
2360	56 
2361	55 
2362	5 
2363	1 
2364	35 
2365	102 
2366	48 
2367	39 
2368	33 
2369	24 
2370	74 
2371	39 
2372	52 
2373	82 
2374	77 
2375	40 
2376	55 
2377	37 
2378	7 
2379	53 
2380	15 
2381	85 
2382	83 
2383	61 
2384	23 
2385	47 
2386	10 
2387	19 
2388	13 
2389	94 
2390	83 
2391	65 
2392	8 
2393	45 
2394	1 
2395	15 
2396	79 
2397	40 
2398	12 
2399	5 
2400	10 
2401	24 
2402	32 
2403	16 
2404	77 
2405	65 
2406	46 
2407	74 
2408	78 
2409	10 
2410	100 
2411	10 
2412	86 
2413	32 
2414	86 
2415	14 
2416	31 
2417	8 
2418	77 
2419	52 
2420	54 
2421	86 
2422	22 
2423	31 
2424	103 
2425	38 
2426	32 
2427	69 
2428	96 
2429	37 
2430	84 
2431	90 
2432	1 
2433	102 
2434	55 
2435	63 
2436	100 
2437	10 
2438	10 
2439	69 
2440	42 
2441	14 
2442	53 
2443	26 
2444	61 
2445	80 
2446	70 
2447	14 
2448	94 
2449	68 
2450	83 
2451	87 
2452	90 
2453	78 
2454	5 
2455	22 
2456	93 
2457	75 
2458	80 
2459	60 
2460	63 
2461	19 
2462	20 
2463	42 
2464	85 
2465	56 
2466	6 
2467	32 
2468	16 
2469	61 
2470	63 
2471	53 
2472	26 
2473	78 
2474	64 
2475	78 
2476	56 
2477	86 
2478	75 
2479	32 
2480	63 
2481	35 
2482	11 
2483	42 
2484	62 
2485	99 
2486	23 
2487	23 
2488	81 
2489	25 
2490	77 
2491	22 
2492	75 
2493	84 
2494	78 
2495	99 
2496	10 
2497	27 
2498	75 
2499	53 
2500	12 
2501	48 
2502	93 
2503	83 
2504	17 
2505	15 
2506	53 
2507	52 
2508	34 
2509	11 
2510	31 
2511	72 
2512	77 
2513	92 
2514	65 
2515	69 
2516	50 
2517	40 
2518	10 
2519	75 
2520	10 
2521	28 
2522	45 
2523	35 
2524	61 
2525	2 
2526	94 
2527	32 
2528	5 
2529	33 
2530	60 
2531	86 
2532	56 
2533	74 
2534	70 
2535	25 
2536	30 
2537	63 
2538	23 
2539	44 
2540	78 
2541	49 
2542	2 
2543	89 
2544	67 
2545	10 
2546	92 
2547	54 
2548	69 
2549	10 
2550	30 
2551	48 
2552	56 
2553	85 
2554	80 
2555	64 
2556	60 
2557	55 
2558	16 
2559	39 
2560	23 
2561	74 
2562	45 
2563	48 
2564	23 
2565	25 
2566	29 
2567	65 
2568	70 
2569	49 
2570	28 
2571	97 
2572	80 
2573	30 
2574	80 
2575	11 
2576	57 
2577	21 
2578	19 
2579	102 
2580	79 
2581	79 
2582	46 
2583	60 
2584	29 
2585	69 
2586	61 
2587	6 
2588	62 
2589	3 
2590	32 
2591	57 
2592	30 
2593	23 
2594	5 
2595	65 
2596	89 
2597	6 
2598	73 
2599	49 
2600	10 
2601	30 
2602	43 
2603	55 
2604	56 
2605	95 
2606	54 
2607	86 
2608	77 
2609	57 
2610	25 
2611	92 
2612	47 
2613	99 
2614	40 
2615	52 
2616	46 
2617	65 
2618	30 
2619	2 
2620	33 
2621	63 
2622	83 
2623	6 
2624	25 
2625	96 
2626	53 
2627	18 
2628	98 
2629	69 
2630	90 
2631	23 
2632	10 
2633	11 
2634	33 
2635	84 
2636	58 
2637	48 
2638	39 
2639	46 
2640	4 
2641	52 
2642	99 
2643	54 
2644	11 
2645	82 
2646	8 
2647	60 
2648	33 
2649	77 
2650	56 
2651	52 
2652	25 
2653	13 
2654	44 
2655	45 
2656	5 
2657	61 
2658	80 
2659	4 
2660	67 
2661	26 
2662	51 
2663	69 
2664	65 
2665	91 
2666	8 
2667	69 
2668	56 
2669	62 
2670	75 
2671	2 
2672	56 
2673	15 
2674	101 
2675	81 
2676	47 
2677	78 
2678	53 
2679	69 
2680	77 
2681	74 
2682	38 
2683	98 
2684	48 
2685	99 
2686	88 
2687	43 
2688	104 
2689	102 
2690	49 
2691	22 
2692	10 
2693	34 
2694	7 
2695	34 
2696	87 
2697	10 
2698	21 
2699	25 
2700	80 
2701	30 
2702	60 
2703	54 
2704	32 
2705	5 
2706	12 
2707	75 
2708	46 
2709	5 
2710	23 
2711	48 
2712	21 
2713	8 
2714	94 
2715	25 
2716	104 
2717	103 
2718	78 
2719	6 
2720	10 
2721	11 
2722	59 
2723	77 
2724	64 
2725	31 
2726	55 
2727	83 
2728	22 
2729	58 
2730	43 
2731	75 
2732	47 
2733	79 
2734	23 
2735	46 
2736	69 
2737	68 
2738	81 
2739	102 
2740	23 
2741	65 
2742	93 
2743	25 
2744	100 
2745	2 
2746	78 
2747	78 
2748	30 
2749	10 
2750	51 
2751	60 
2752	102 
2753	73 
2754	9 
2755	96 
2756	93 
2757	54 
2758	75 
2759	74 
2760	1 
2761	86 
2762	67 
2763	15 
2764	86 
2765	45 
2766	31 
2767	31 
2768	32 
2769	19 
2770	10 
2771	48 
2772	78 
2773	26 
2774	37 
2775	50 
2776	101 
2777	71 
2778	36 
2779	89 
2780	4 
2781	93 
2782	52 
2783	78 
2784	32 
2785	47 
2786	91 
2787	58 
2788	97 
2789	69 
2790	45 
2791	75 
2792	61 
2793	102 
2794	5 
2795	40 
2796	60 
2797	35 
2798	80 
2799	2 
2800	104 
2801	48 
2802	73 
2803	4 
2804	52 
2805	7 
2806	62 
2807	32 
2808	91 
2809	32 
2810	65 
2811	54 
2812	69 
2813	100 
2814	54 
2815	49 
2816	89 
2817	48 
2818	42 
2819	75 
2820	34 
2821	27 
2822	70 
2823	24 
2824	86 
2825	35 
2826	11 
2827	54 
2828	32 
2829	38 
2830	59 
2831	16 
2832	48 
2833	25 
2834	44 
2835	100 
2836	101 
2837	32 
2838	64 
2839	39 
2840	100 
2841	74 
2842	61 
2843	35 
2844	33 
2845	90 
2846	64 
2847	39 
2848	102 
2849	66 
2850	43 
2851	4 
2852	87 
2853	28 
2854	72 
2855	103 
2856	33 
2857	62 
2858	29 
2859	16 
2860	35 
2861	14 
2862	77 
2863	6 
2864	99 
2865	44 
2866	81 
2867	29 
2868	28 
2869	30 
2870	53 
2871	100 
2872	28 
2873	50 
2874	33 
2875	102 
2876	60 
2877	65 
2878	82 
2879	79 
2880	53 
2881	17 
2882	5 
2883	59 
2884	10 
2885	54 
2886	57 
2887	23 
2888	20 
2889	61 
2890	11 
2891	61 
2892	74 
2893	25 
2894	10 
2895	58 
2896	33 
2897	53 
2898	71 
2899	45 
2900	81 
2901	62 
2902	61 
2903	54 
2904	30 
2905	102 
2906	72 
2907	16 
2908	51 
2909	100 
2910	47 
2911	66 
2912	13 
2913	64 
2914	98 
2915	6 
2916	91 
2917	51 
2918	68 
2919	55 
2920	76 
2921	44 
2922	1 
2923	70 
2924	56 
2925	24 
2926	10 
2927	62 
2928	64 
2929	45 
2930	53 
2931	39 
2932	53 
2933	1 
2934	38 
2935	38 
2936	44 
2937	28 
2938	20 
2939	56 
2940	84 
2941	23 
2942	59 
2943	8 
2944	30 
2945	53 
2946	13 
2947	24 
2948	10 
2949	61 
2950	30 
2951	72 
2952	21 
2953	78 
2954	6 
2955	77 
2956	99 
2957	42 
2958	59 
2959	23 
2960	91 
2961	78 
2962	53 
2963	20 
2964	83 
2965	5 
2966	73 
2967	32 
2968	67 
2969	65 
2970	70 
2971	65 
2972	24 
2973	92 
2974	81 
2975	24 
2976	28 
2977	83 
2978	91 
2979	75 
2980	35 
2981	93 
2982	67 
2983	90 
2984	55 
2985	30 
2986	79 
2987	74 
2988	61 
2989	62 
2990	50 
2991	14 
2992	47 
2993	87 
2994	103 
2995	28 
2996	24 
2997	63 
2998	78 
2999	79 
3000	90 
3001	74 
3002	28 
3003	16 
3004	10 
3005	75 
3006	102 
3007	90 
3008	19 
3009	30 
3010	83 
3011	102 
3012	99 
3013	52 
3014	82 
3015	54 
3016	73 
3017	7 
3018	60 
3019	55 
3020	39 
3021	20 
3022	44 
3023	104 
3024	11 
3025	14 
3026	17 
3027	76 
3028	62 
3029	50 
3030	24 
3031	29 
3032	43 
3033	47 
3034	101 
3035	77 
3036	102 
3037	72 
3038	77 
3039	74 
3040	85 
3041	80 
3042	77 
3043	1 
3044	45 
3045	6 
3046	74 
3047	5 
3048	10 
3049	34 
3050	26 
3051	100 
3052	49 
3053	59 
3054	8 
3055	73 
3056	23 
3057	96 
3058	49 
3059	77 
3060	62 
3061	6 
3062	73 
3063	80 
3064	86 
3065	18 
3066	53 
3067	89 
3068	48 
3069	69 
3070	59 
3071	98 
3072	61 
3073	96 
3074	69 
3075	15 
3076	86 
3077	48 
3078	69 
3079	93 
3080	33 
3081	75 
3082	41 
3083	9 
3084	88 
3085	86 
3086	87 
3087	21 
3088	103 
3089	53 
3090	25 
3091	57 
3092	26 
3093	45 
3094	41 
3095	47 
3096	35 
3097	68 
3098	22 
3099	81 
3100	14 
3101	99 
3102	47 
3103	56 
3104	86 
3105	78 
3106	51 
3107	43 
3108	63 
3109	58 
3110	67 
3111	59 
3112	33 
3113	24 
3114	86 
3115	10 
3116	75 
3117	6 
3118	8 
3119	73 
3120	6 
3121	65 
3122	25 
3123	55 
3124	79 
3125	72 
3126	73 
3127	89 
3128	100 
3129	51 
3130	32 
3131	67 
3132	88 
3133	100 
3134	25 
3135	8 
3136	24 
3137	35 
3138	45 
3139	17 
3140	95 
3141	35 
3142	35 
3143	24 
3144	83 
3145	103 
3146	41 
3147	32 
3148	4 
3149	59 
3150	88 
3151	72 
3152	37 
3153	25 
3154	101 
3155	32 
3156	30 
3157	40 
3158	22 
3159	34 
3160	95 
3161	25 
3162	69 
3163	16 
3164	44 
3165	30 
3166	45 
3167	69 
3168	24 
3169	102 
3170	102 
3171	86 
3172	20 
3173	65 
3174	74 
3175	99 
3176	24 
3177	98 
3178	71 
3179	30 
3180	69 
3181	43 
3182	83 
3183	70 
3184	62 
3185	6 
3186	72 
3187	68 
3188	90 
3189	104 
3190	4 
3191	77 
3192	38 
3193	10 
3194	54 
3195	6 
3196	34 
3197	71 
3198	65 
3199	75 
3200	13 
3201	7 
3202	90 
3203	33 
3204	27 
3205	20 
3206	31 
3207	70 
3208	76 
3209	54 
3210	25 
3211	55 
3212	14 
3213	8 
3214	23 
3215	17 
3216	103 
3217	55 
3218	23 
3219	82 
3220	74 
3221	46 
3222	49 
3223	30 
3224	70 
3225	99 
3226	41 
3227	91 
3228	24 
3229	25 
3230	103 
3231	89 
3232	52 
3233	53 
3234	87 
3235	100 
3236	54 
3237	21 
3238	59 
3239	24 
3240	52 
3241	25 
3242	23 
3243	35 
3244	7 
3245	15 
3246	78 
3247	90 
3248	83 
3249	49 
3250	69 
3251	90 
3252	83 
3253	50 
3254	5 
3255	55 
3256	35 
3257	5 
3258	53 
3259	77 
3260	6 
3261	40 
3262	79 
3263	6 
3264	60 
3265	97 
3266	17 
3267	60 
3268	12 
3269	40 
3270	69 
3271	63 
3272	22 
3273	71 
3274	75 
3275	56 
3276	102 
3277	52 
3278	79 
3279	43 
3280	22 
3281	28 
3282	32 
3283	23 
3284	65 
3285	55 
3286	32 
3287	59 
3288	75 
3289	32 
3290	23 
3291	90 
3292	71 
3293	75 
3294	43 
3295	28 
3296	26 
3297	5 
3298	6 
3299	37 
3300	100 
3301	73 
3302	66 
3303	19 
3304	53 
3305	69 
3306	52 
3307	83 
3308	75 
3309	21 
3310	86 
3311	12 
3312	30 
3313	35 
3314	98 
3315	66 
3316	19 
3317	74 
3318	100 
3319	59 
3320	11 
3321	53 
3322	46 
3323	17 
3324	53 
3325	22 
3326	97 
3327	57 
3328	42 
3329	97 
3330	71 
3331	2 
3332	14 
3333	40 
3334	1 
3335	8 
3336	98 
3337	19 
3338	50 
3339	78 
3340	70 
3341	103 
3342	60 
3343	25 
3344	9 
3345	15 
3346	86 
3347	62 
3348	17 
3349	73 
3350	7 
3351	30 
3352	55 
3353	97 
3354	82 
3355	56 
3356	64 
3357	22 
3358	14 
3359	37 
3360	86 
3361	45 
3362	31 
3363	62 
3364	83 
3365	43 
3366	27 
3367	55 
3368	2 
3369	65 
3370	9 
3371	25 
3372	75 
3373	55 
3374	8 
3375	103 
3376	24 
3377	80 
3378	83 
3379	24 
3380	69 
3381	25 
3382	86 
3383	74 
3384	61 
3385	60 
3386	13 
3387	69 
3388	28 
3389	50 
3390	25 
3391	22 
3392	67 
3393	73 
3394	101 
3395	43 
3396	12 
3397	61 
3398	48 
3399	43 
3400	60 
3401	84 
3402	49 
3403	14 
3404	86 
3405	29 
3406	32 
3407	61 
3408	8 
3409	75 
3410	32 
3411	74 
3412	63 
3413	91 
3414	76 
3415	55 
3416	90 
3417	13 
3418	85 
3419	70 
3420	25 
3421	52 
3422	1 
3423	5 
3424	45 
3425	69 
3426	99 
3427	59 
3428	88 
3429	31 
3430	70 
3431	86 
3432	77 
3433	51 
3434	40 
3435	56 
3436	68 
3437	61 
3438	77 
3439	15 
3440	24 
3441	74 
3442	103 
3443	8 
3444	33 
3445	33 
3446	5 
3447	33 
3448	40 
3449	54 
3450	39 
3451	61 
3452	78 
3453	42 
3454	30 
3455	57 
3456	60 
3457	51 
3458	74 
3459	74 
3460	33 
3461	32 
3462	25 
3463	46 
3464	34 
3465	5 
3466	19 
3467	8 
3468	85 
3469	57 
3470	42 
3471	87 
3472	70 
3473	36 
3474	54 
3475	25 
3476	23 
3477	100 
3478	103 
3479	7 
3480	60 
3481	65 
3482	95 
3483	72 
3484	64 
3485	75 
3486	65 
3487	56 
3488	1 
3489	92 
3490	48 
3491	51 
3492	78 
3493	8 
3494	60 
3495	54 
3496	8 
3497	39 
3498	31 
3499	86 
3500	73 
3501	47 
3502	16 
3503	7 
3504	40 
3505	31 
3506	46 
3507	71 
3508	60 
3509	27 
3510	22 
3511	78 
3512	25 
3513	95 
3514	79 
3515	53 
3516	59 
3517	45 
3518	76 
3519	102 
3520	28 
3521	3 
3522	72 
3523	99 
3524	3 
3525	60 
3526	28 
3527	56 
3528	101 
3529	77 
3530	58 
3531	98 
3532	32 
3533	35 
3534	24 
3535	62 
3536	90 
3537	29 
3538	82 
3539	101 
3540	65 
3541	32 
3542	76 
3543	78 
3544	95 
3545	14 
3546	73 
3547	16 
3548	60 
3549	43 
3550	97 
3551	9 
3552	18 
3553	59 
3554	48 
3555	3 
3556	17 
3557	30 
3558	40 
3559	55 
3560	36 
3561	2 
3562	17 
3563	23 
3564	73 
3565	47 
3566	64 
3567	69 
3568	65 
3569	53 
3570	103 
3571	13 
3572	63 
3573	52 
3574	67 
3575	19 
3576	77 
3577	95 
3578	31 
3579	60 
3580	53 
3581	8 
3582	64 
3583	54 
3584	28 
3585	11 
3586	88 
3587	60 
3588	46 
3589	47 
3590	79 
3591	88 
3592	75 
3593	89 
3594	8 
3595	5 
3596	28 
3597	95 
3598	89 
3599	102 
3600	30 
3601	74 
3602	52 
3603	23 
3604	10 
3605	24 
3606	16 
3607	60 
3608	100 
3609	27 
3610	33 
3611	79 
3612	26 
3613	80 
3614	37 
3615	64 
3616	1 
3617	13 
3618	61 
3619	102 
3620	91 
3621	78 
3622	32 
3623	28 
3624	87 
3625	81 
3626	28 
3627	98 
3628	103 
3629	37 
3630	87 
3631	16 
3632	50 
3633	30 
3634	55 
3635	78 
3636	19 
3637	3 
3638	26 
3639	55 
3640	52 
3641	29 
3642	2 
3643	5 
3644	10 
3645	25 
3646	16 
3647	37 
3648	95 
3649	25 
3650	93 
3651	53 
3652	48 
3653	86 
3654	14 
3655	75 
3656	10 
3657	7 
3658	46 
3659	52 
3660	52 
3661	76 
3662	98 
3663	96 
3664	71 
3665	31 
3666	32 
3667	80 
3668	78 
3669	48 
3670	16 
3671	4 
3672	49 
3673	64 
3674	75 
3675	74 
3676	42 
3677	63 
3678	102 
3679	33 
3680	8 
3681	8 
3682	68 
3683	5 
3684	47 
3685	74 
3686	25 
3687	83 
3688	46 
3689	82 
3690	18 
3691	77 
3692	75 
3693	49 
3694	74 
3695	90 
3696	8 
3697	102 
3698	7 
3699	52 
3700	82 
3701	92 
3702	37 
3703	28 
3704	70 
3705	18 
3706	91 
3707	102 
3708	44 
3709	3 
3710	64 
3711	101 
3712	75 
3713	74 
3714	49 
3715	48 
3716	84 
3717	43 
3718	30 
3719	18 
3720	34 
3721	52 
3722	34 
3723	54 
3724	65 
3725	53 
3726	104 
3727	41 
3728	53 
3729	17 
3730	65 
3731	29 
3732	72 
3733	57 
3734	34 
3735	84 
3736	82 
3737	28 
3738	85 
3739	103 
3740	74 
3741	11 
3742	52 
3743	12 
3744	53 
3745	48 
3746	75 
3747	14 
3748	19 
3749	49 
3750	53 
3751	86 
3752	70 
3753	97 
3754	55 
3755	8 
3756	78 
3757	33 
3758	13 
3759	10 
3760	29 
3761	19 
3762	22 
3763	68 
3764	85 
3765	13 
3766	4 
3767	63 
3768	88 
3769	31 
3770	74 
3771	70 
3772	102 
3773	90 
3774	98 
3775	60 
3776	85 
3777	104 
3778	61 
3779	43 
3780	80 
3781	5 
3782	69 
3783	56 
3784	10 
3785	8 
3786	36 
3787	65 
3788	74 
3789	19 
3790	75 
3791	73 
3792	40 
3793	74 
3794	55 
3795	54 
3796	69 
3797	101 
3798	1 
3799	6 
3800	82 
3801	43 
3802	5 
3803	11 
3804	100 
3805	28 
3806	39 
3807	8 
3808	60 
3809	47 
3810	65 
3811	56 
3812	59 
3813	20 
3814	6 
3815	70 
3816	32 
3817	64 
3818	3 
3819	16 
3820	85 
3821	71 
3822	10 
3823	90 
3824	100 
3825	52 
3826	61 
3827	3 
3828	56 
3829	20 
3830	52 
3831	51 
3832	77 
3833	87 
3834	67 
3835	62 
3836	36 
3837	37 
3838	21 
3839	77 
3840	2 
3841	43 
3842	65 
3843	81 
3844	19 
3845	69 
3846	32 
3847	32 
3848	85 
3849	2 
3850	88 
3851	60 
3852	87 
3853	55 
3854	6 
3855	58 
3856	51 
3857	37 
3858	74 
3859	82 
3860	60 
3861	81 
3862	8 
3863	84 
3864	73 
3865	90 
3866	83 
3867	25 
3868	36 
3869	41 
3870	87 
3871	71 
3872	52 
3873	90 
3874	82 
3875	59 
3876	5 
3877	73 
3878	13 
3879	99 
3880	99 
3881	99 
3882	24 
3883	25 
3884	81 
3885	4 
3886	48 
3887	65 
3888	66 
3889	75 
3890	102 
3891	67 
3892	82 
3893	24 
3894	45 
3895	77 
3896	80 
3897	61 
3898	47 
3899	34 
3900	61 
3901	16 
3902	74 
3903	19 
3904	12 
3905	14 
3906	22 
3907	60 
3908	70 
3909	65 
3910	8 
3911	94 
3912	85 
3913	66 
3914	5 
3915	28 
3916	98 
3917	64 
3918	5 
3919	29 
3920	77 
3921	57 
3922	98 
3923	15 
3924	92 
3925	72 
3926	80 
3927	99 
3928	25 
3929	104 
3930	55 
3931	102 
3932	75 
3933	12 
3934	65 
3935	100 
3936	32 
3937	92 
3938	8 
3939	29 
3940	75 
3941	73 
3942	73 
3943	58 
3944	76 
3945	63 
3946	15 
3947	81 
3948	6 
3949	35 
3950	36 
3951	65 
3952	94 
3953	64 
3954	74 
3955	58 
3956	81 
3957	81 
3958	19 
3959	29 
3960	94 
3961	96 
3962	7 
3963	63 
3964	69 
3965	4 
3966	36 
3967	55 
3968	69 
3969	7 
3970	98 
3971	10 
3972	25 
3973	86 
3974	10 
3975	2 
3976	30 
3977	30 
3978	31 
3979	14 
3980	60 
3981	61 
3982	17 
3983	18 
3984	78 
3985	60 
3986	33 
3987	36 
3988	53 
3989	95 
3990	9 
3991	54 
3992	79 
3993	44 
3994	35 
3995	66 
3996	19 
3997	6 
3998	96 
3999	92 
4000	75 
4001	17 
4002	43 
4003	98 
4004	87 
4005	84 
4006	62 
4007	55 
4008	27 
4009	60 
4010	25 
4011	35 
4012	15 
4013	87 
4014	20 
4015	53 
4016	5 
4017	87 
4018	6 
4019	27 
4020	47 
4021	23 
4022	30 
4023	32 
4024	82 
4025	46 
4026	30 
4027	54 
4028	31 
4029	44 
4030	6 
4031	57 
4032	102 
4033	61 
4034	77 
4035	47 
4036	31 
4037	100 
4038	48 
4039	73 
4040	89 
4041	69 
4042	11 
4043	10 
4044	77 
4045	64 
4046	70 
4047	10 
4048	10 
4049	61 
4050	31 
4051	53 
4052	39 
4053	46 
4054	26 
4055	18 
4056	38 
4057	21 
4058	74 
4059	52 
4060	85 
4061	66 
4062	5 
4063	22 
4064	64 
4065	59 
4066	81 
4067	25 
4068	102 
4069	60 
4070	20 
4071	29 
4072	69 
4073	90 
4074	23 
4075	96 
4076	61 
4077	64 
4078	65 
4079	68 
4080	14 
4081	52 
4082	54 
4083	13 
4084	61 
4085	101 
4086	85 
4087	52 
4088	10 
4089	60 
4090	96 
4091	15 
4092	35 
4093	31 
4094	27 
4095	94 
4096	91 
4097	55 
4098	96 
4099	93 
4100	32 
4101	81 
4102	78 
4103	60 
4104	25 
4105	37 
4106	23 
4107	49 
4108	50 
4109	19 
4110	13 
4111	63 
4112	24 
4113	77 
4114	75 
4115	8 
4116	102 
4117	103 
4118	36 
4119	30 
4120	88 
4121	98 
4122	54 
4123	17 
4124	28 
4125	31 
4126	35 
4127	34 
4128	35 
4129	103 
4130	102 
4131	86 
4132	62 
4133	10 
4134	19 
4135	17 
4136	75 
4137	94 
4138	89 
4139	41 
4140	69 
4141	33 
4142	80 
4143	43 
4144	11 
4145	89 
4146	5 
4147	56 
4148	85 
4149	81 
4150	51 
4151	15 
4152	22 
4153	48 
4154	12 
4155	28 
4156	61 
4157	58 
4158	74 
4159	78 
4160	30 
4161	77 
4162	75 
4163	18 
4164	47 
4165	96 
4166	30 
4167	3 
4168	58 
4169	28 
4170	81 
4171	66 
4172	10 
4173	4 
4174	100 
4175	32 
4176	16 
4177	55 
4178	101 
4179	59 
4180	51 
4181	75 
4182	47 
4183	11 
4184	98 
4185	82 
4186	95 
4187	35 
4188	74 
4189	75 
4190	61 
4191	59 
4192	56 
4193	31 
4194	53 
4195	60 
4196	75 
4197	48 
4198	90 
4199	69 
4200	30 
4201	69 
4202	86 
4203	62 
4204	78 
4205	76 
4206	37 
4207	25 
4208	25 
4209	48 
4210	88 
4211	89 
4212	72 
4213	10 
4214	50 
4215	77 
4216	29 
4217	38 
4218	92 
4219	83 
4220	21 
4221	5 
4222	62 
4223	28 
4224	33 
4225	87 
4226	75 
4227	67 
4228	103 
4229	87 
4230	23 
4231	42 
4232	86 
4233	90 
4234	10 
4235	61 
4236	49 
4237	2 
4238	47 
4239	24 
4240	98 
4241	42 
4242	80 
4243	32 
4244	61 
4245	33 
4246	32 
4247	62 
4248	84 
4249	19 
4250	101 
4251	77 
4252	1 
4253	90 
4254	55 
4255	75 
4256	15 
4257	30 
4258	59 
4259	100 
4260	43 
4261	8 
4262	25 
4263	70 
4264	87 
4265	19 
4266	74 
4267	54 
4268	101 
4269	44 
4270	24 
4271	14 
4272	42 
4273	58 
4274	76 
4275	41 
4276	86 
4277	40 
4278	92 
4279	63 
4280	32 
4281	45 
4282	62 
4283	102 
4284	86 
4285	90 
4286	74 
4287	10 
4288	40 
4289	65 
4290	48 
4291	5 
4292	84 
4293	102 
4294	52 
4295	22 
4296	38 
4297	98 
4298	54 
4299	54 
4300	1 
4301	76 
4302	92 
4303	74 
4304	81 
4305	55 
4306	78 
4307	52 
4308	26 
4309	73 
4310	99 
4311	91 
4312	56 
4313	20 
4314	95 
4315	45 
4316	93 
4317	39 
4318	58 
4319	23 
4320	90 
4321	25 
4322	15 
4323	60 
4324	103 
4325	8 
4326	79 
4327	52 
4328	5 
4329	90 
4330	42 
4331	58 
4332	19 
4333	70 
4334	8 
4335	73 
4336	32 
4337	43 
4338	101 
4339	24 
4340	89 
4341	63 
4342	65 
4343	15 
4344	88 
4345	19 
4346	29 
4347	30 
4348	32 
4349	17 
4350	91 
4351	38 
4352	44 
4353	79 
4354	39 
4355	32 
4356	13 
4357	13 
4358	9 
4359	41 
4360	64 
4361	45 
4362	3 
4363	96 
4364	101 
4365	50 
4366	4 
4367	45 
4368	47 
4369	102 
4370	59 
4371	67 
4372	41 
4373	34 
4374	24 
4375	101 
4376	101 
4377	45 
4378	52 
4379	73 
4380	95 
4381	36 
4382	75 
4383	6 
4384	64 
4385	61 
4386	61 
4387	84 
4388	30 
4389	60 
4390	19 
4391	52 
4392	61 
4393	4 
4394	36 
4395	60 
4396	90 
4397	75 
4398	74 
4399	54 
4400	61 
4401	76 
4402	86 
4403	27 
4404	83 
4405	86 
4406	93 
4407	54 
4408	59 
4409	62 
4410	96 
4411	52 
4412	86 
4413	97 
4414	19 
4415	74 
4416	79 
4417	6 
4418	92 
4419	52 
4420	90 
4421	80 
4422	61 
4423	47 
4424	95 
4425	6 
4426	53 
4427	70 
4428	97 
4429	10 
4430	60 
4431	54 
4432	73 
4433	25 
4434	75 
4435	47 
4436	62 
4437	29 
4438	68 
4439	69 
4440	40 
4441	89 
4442	5 
4443	62 
4444	66 
4445	45 
4446	61 
4447	90 
4448	18 
4449	63 
4450	26 
4451	69 
4452	75 
4453	45 
4454	88 
4455	6 
4456	68 
4457	33 
4458	78 
4459	39 
4460	29 
4461	87 
4462	35 
4463	84 
4464	14 
4465	63 
4466	66 
4467	55 
4468	28 
4469	33 
4470	61 
4471	45 
4472	8 
4473	84 
4474	101 
4475	32 
4476	85 
4477	60 
4478	53 
4479	59 
4480	61 
4481	49 
4482	2 
4483	76 
4484	40 
4485	24 
4486	31 
4487	19 
4488	90 
4489	53 
4490	28 
4491	25 
4492	30 
4493	29 
4494	59 
4495	59 
4496	10 
4497	30 
4498	11 
4499	46 
4500	82 
4501	16 
4502	54 
4503	10 
4504	85 
4505	32 
4506	42 
4507	98 
4508	87 
4509	28 
4510	46 
4511	66 
4512	8 
4513	19 
4514	30 
4515	40 
4516	25 
4517	88 
4518	54 
4519	97 
4520	53 
4521	5 
4522	59 
4523	102 
4524	28 
4525	14 
4526	53 
4527	5 
4528	40 
4529	32 
4530	30 
4531	90 
4532	99 
4533	65 
4534	101 
4535	47 
4536	60 
4537	81 
4538	31 
4539	32 
4540	79 
4541	65 
4542	86 
4543	98 
4544	64 
4545	86 
4546	100 
4547	83 
4548	74 
4549	80 
4550	97 
4551	90 
4552	77 
4553	73 
4554	2 
4555	69 
4556	86 
4557	52 
4558	95 
4559	80 
4560	29 
4561	49 
4562	1 
4563	90 
4564	43 
4565	16 
4566	47 
4567	61 
4568	73 
4569	1 
4570	101 
4571	82 
4572	32 
4573	10 
4574	97 
4575	85 
4576	25 
4577	74 
4578	14 
4579	49 
4580	32 
4581	23 
4582	79 
4583	73 
4584	16 
4585	70 
4586	102 
4587	8 
4588	52 
4589	23 
4590	33 
4591	1 
4592	75 
4593	22 
4594	19 
4595	90 
4596	4 
4597	89 
4598	58 
4599	73 
4600	67 
4601	37 
4602	69 
4603	23 
4604	78 
4605	65 
4606	50 
4607	78 
4608	102 
4609	90 
4610	4 
4611	77 
4612	49 
4613	7 
4614	28 
4615	17 
4616	47 
4617	37 
4618	52 
4619	67 
4620	33 
4621	55 
4622	85 
4623	11 
4624	43 
4625	24 
4626	98 
4627	33 
4628	90 
4629	22 
4630	14 
4631	102 
4632	25 
4633	74 
4634	45 
4635	89 
4636	80 
4637	7 
4638	79 
4639	86 
4640	85 
4641	2 
4642	67 
4643	69 
4644	11 
4645	77 
4646	102 
4647	100 
4648	99 
4649	11 
4650	10 
4651	70 
4652	74 
4653	14 
4654	100 
4655	23 
4656	24 
4657	73 
4658	73 
4659	54 
4660	31 
4661	55 
4662	47 
4663	98 
4664	64 
4665	33 
4666	19 
4667	98 
4668	73 
4669	33 
4670	59 
4671	65 
4672	64 
4673	100 
4674	28 
4675	78 
4676	48 
4677	67 
4678	2 
4679	25 
4680	53 
4681	13 
4682	47 
4683	29 
4684	101 
4685	78 
4686	100 
4687	32 
4688	86 
4689	25 
4690	66 
4691	10 
4692	46 
4693	28 
4694	73 
4695	19 
4696	33 
4697	54 
4698	32 
4699	74 
4700	62 
4701	19 
4702	59 
4703	50 
4704	79 
4705	89 
4706	30 
4707	61 
4708	45 
4709	24 
4710	63 
4711	29 
4712	47 
4713	58 
4714	102 
4715	23 
4716	28 
4717	5 
4718	28 
4719	77 
4720	48 
4721	30 
4722	64 
4723	43 
4724	90 
4725	50 
4726	102 
4727	29 
4728	99 
4729	98 
4730	89 
4731	67 
4732	54 
4733	43 
4734	90 
4735	47 
4736	70 
4737	59 
4738	33 
4739	54 
4740	54 
4741	13 
4742	73 
4743	54 
4744	61 
4745	102 
4746	100 
4747	28 
4748	4 
4749	5 
4750	23 
4751	61 
4752	30 
4753	74 
4754	22 
4755	67 
4756	76 
4757	86 
4758	47 
4759	54 
4760	69 
4761	79 
4762	69 
4763	11 
4764	98 
4765	25 
4766	64 
4767	63 
4768	48 
4769	7 
4770	19 
4771	86 
4772	48 
4773	11 
4774	53 
4775	65 
4776	43 
4777	76 
4778	19 
4779	4 
4780	30 
4781	78 
4782	59 
4783	76 
4784	19 
4785	30 
4786	13 
4787	48 
4788	10 
4789	101 
4790	88 
4791	31 
4792	63 
4793	69 
4794	40 
4795	76 
4796	73 
4797	69 
4798	86 
4799	2 
4800	24 
4801	88 
4802	6 
4803	60 
4804	87 
4805	10 
4806	13 
4807	11 
4808	63 
4809	75 
4810	55 
4811	50 
4812	5 
4813	10 
4814	49 
4815	52 
4816	69 
4817	74 
4818	65 
4819	54 
4820	43 
4821	62 
4822	86 
4823	62 
4824	74 
4825	32 
4826	43 
4827	102 
4828	73 
4829	32 
4830	2 
4831	5 
4832	83 
4833	61 
4834	33 
4835	43 
4836	78 
4837	28 
4838	98 
4839	73 
4840	78 
4841	76 
4842	25 
4843	70 
4844	102 
4845	29 
4846	45 
4847	64 
4848	48 
4849	86 
4850	77 
4851	47 
4852	61 
4853	43 
4854	67 
4855	63 
4856	79 
4857	69 
4858	28 
4859	13 
4860	63 
4861	53 
4862	74 
4863	23 
4864	25 
4865	87 
4866	77 
4867	62 
4868	61 
4869	54 
4870	63 
4871	75 
4872	61 
4873	54 
4874	52 
4875	60 
4876	25 
4877	48 
4878	2 
4879	61 
4880	74 
4881	102 
4882	69 
4883	59 
4884	53 
4885	59 
4886	69 
4887	19 
4888	48 
4889	60 
4890	2 
4891	86 
4892	28 
4893	73 
4894	30 
4895	74 
4896	100 
4897	64 
4898	30 
4899	5 
4900	30 
4901	86 
4902	102 
4903	78 
4904	70 
4905	98 
4906	65 
4907	53 
4908	98 
4909	65 
4910	30 
4911	32 
4912	24 
4913	28 
4914	5 
4915	87 
4916	43 
4917	74 
4918	25 
4919	62 
4920	56 
4921	52 
4922	6 
4923	54 
4924	75 
4925	54 
4926	60 
4927	74 
4928	98 
4929	52 
4930	19 
4931	74 
4932	70 
4933	2 
4934	86 
4935	48 
4936	77 
4937	65 
4938	59 
4939	25 
4940	47 
4941	53 
4942	54 
4943	61 
4944	74 
4945	8 
4946	35 
4947	19 
4948	5 
4949	65 
4950	64 
4951	43 
4952	32 
4953	102 
4954	60 
4955	86 
4956	5 
4957	19 
4958	70 
4959	35 
4960	86 
4961	30 
4962	48 
4963	65 
4964	77 
4965	59 
4966	64 
4967	98 
4968	65 
4969	100 
4970	43 
4971	47 
4972	65 
4973	8 
4974	23 
4975	54 
4976	77 
4977	63 
4978	35 
4979	19 
4980	5 
4981	10 
4982	53 
4983	25 
4984	78 
4985	74 
4986	28 
4987	75 
4988	33 
4989	87 
4990	43 
4991	8 
4992	100 
4993	23 
4994	74 
4995	73 
4996	69 
4997	54 
4998	25 
4999	53 
5000	19 
