1	43 
2	26 
3	10 
4	7 
5	89 
6	49 
7	90 
8	15 
9	96 
10	85 
11	80 
12	60 
13	47 
14	91 
15	67 
16	85 
17	13 
18	9 
19	12 
20	84 
21	50 
22	84 
23	97 
24	72 
25	57 
26	20 
27	82 
28	82 
29	17 
30	69 
31	41 
32	36 
33	15 
34	9 
35	44 
36	24 
37	70 
38	69 
39	68 
40	50 
41	69 
42	31 
43	3 
44	47 
45	84 
46	83 
47	74 
48	27 
49	13 
50	3 
51	73 
52	13 
53	60 
54	69 
55	21 
56	77 
57	11 
58	86 
59	89 
60	54 
61	91 
62	35 
63	61 
64	71 
65	98 
66	5 
67	84 
68	68 
69	26 
70	5 
71	35 
72	77 
73	32 
74	58 
75	75 
76	70 
77	82 
78	27 
79	48 
80	51 
81	58 
82	68 
83	78 
84	30 
85	24 
86	94 
87	89 
88	53 
89	88 
90	85 
91	6 
92	14 
93	29 
94	3 
95	28 
96	6 
97	6 
98	58 
99	68 
100	83 
101	6 
102	7 
103	47 
104	47 
105	13 
106	64 
107	77 
108	38 
109	7 
110	90 
111	29 
112	66 
113	78 
114	52 
115	27 
116	45 
117	47 
118	37 
119	35 
120	46 
121	17 
122	82 
123	77 
124	3 
125	38 
126	67 
127	15 
128	14 
129	90 
130	94 
131	5 
132	70 
133	50 
134	89 
135	98 
136	82 
137	44 
138	85 
139	74 
140	82 
141	35 
142	6 
143	47 
144	90 
145	38 
146	29 
147	97 
148	16 
149	13 
150	58 
151	6 
152	78 
153	60 
154	18 
155	49 
156	66 
157	69 
158	49 
159	52 
160	90 
161	31 
162	35 
163	51 
164	69 
165	94 
166	73 
167	13 
168	2 
169	38 
170	73 
171	13 
172	97 
173	71 
174	58 
175	26 
176	21 
177	98 
178	58 
179	56 
180	62 
181	93 
182	35 
183	88 
184	20 
185	58 
186	32 
187	58 
188	90 
189	54 
190	44 
191	23 
192	24 
193	14 
194	1 
195	84 
196	2 
197	49 
198	44 
199	64 
200	22 
201	8 
202	78 
203	6 
204	1 
205	37 
206	67 
207	85 
208	68 
209	18 
210	21 
211	83 
212	88 
213	32 
214	63 
215	25 
216	89 
217	76 
218	9 
219	60 
220	78 
221	58 
222	67 
223	78 
224	4 
225	4 
226	48 
227	90 
228	15 
229	13 
230	7 
231	53 
232	91 
233	65 
234	62 
235	48 
236	44 
237	78 
238	49 
239	48 
240	3 
241	45 
242	51 
243	48 
244	43 
245	58 
246	18 
247	11 
248	51 
249	74 
250	67 
251	63 
252	35 
253	31 
254	3 
255	64 
256	77 
257	75 
258	47 
259	68 
260	60 
261	35 
262	40 
263	35 
264	91 
265	77 
266	62 
267	64 
268	83 
269	77 
270	27 
271	78 
272	37 
273	77 
274	13 
275	83 
276	51 
277	58 
278	23 
279	45 
280	35 
281	67 
282	93 
283	37 
284	29 
285	89 
286	30 
287	20 
288	61 
289	84 
290	51 
291	74 
292	38 
293	20 
294	61 
295	10 
296	32 
297	38 
298	83 
299	65 
300	13 
301	29 
302	58 
303	9 
304	21 
305	79 
306	15 
307	7 
308	91 
309	52 
310	35 
311	66 
312	86 
313	49 
314	43 
315	24 
316	87 
317	5 
318	68 
319	83 
320	59 
321	56 
322	23 
323	75 
324	78 
325	82 
326	43 
327	68 
328	5 
329	84 
330	48 
331	43 
332	29 
333	13 
334	85 
335	70 
336	79 
337	37 
338	23 
339	64 
340	90 
341	50 
342	89 
343	82 
344	3 
345	77 
346	6 
347	52 
348	66 
349	41 
350	56 
351	5 
352	14 
353	56 
354	27 
355	12 
356	30 
357	51 
358	89 
359	4 
360	44 
361	4 
362	47 
363	77 
364	23 
365	62 
366	13 
367	69 
368	58 
369	21 
370	31 
371	53 
372	21 
373	19 
374	60 
375	29 
376	72 
377	43 
378	77 
379	67 
380	49 
381	61 
382	70 
383	13 
384	84 
385	17 
386	77 
387	33 
388	82 
389	61 
390	84 
391	14 
392	17 
393	11 
394	10 
395	70 
396	85 
397	13 
398	94 
399	43 
400	11 
401	22 
402	59 
403	68 
404	80 
405	43 
406	56 
407	69 
408	8 
409	94 
410	47 
411	55 
412	3 
413	51 
414	94 
415	15 
416	15 
417	85 
418	48 
419	24 
420	88 
421	58 
422	37 
423	91 
424	86 
425	46 
426	21 
427	85 
428	41 
429	98 
430	26 
431	64 
432	26 
433	32 
434	82 
435	58 
436	91 
437	82 
438	2 
439	55 
440	57 
441	69 
442	66 
443	17 
444	46 
445	82 
446	62 
447	39 
448	74 
449	38 
450	68 
451	23 
452	93 
453	9 
454	25 
455	30 
456	67 
457	78 
458	15 
459	20 
460	7 
461	36 
462	90 
463	49 
464	68 
465	42 
466	24 
467	69 
468	88 
469	89 
470	26 
471	95 
472	89 
473	73 
474	82 
475	31 
476	73 
477	57 
478	43 
479	15 
480	71 
481	20 
482	13 
483	52 
484	16 
485	84 
486	52 
487	46 
488	26 
489	35 
490	42 
491	44 
492	24 
493	42 
494	48 
495	91 
496	30 
497	22 
498	58 
499	18 
500	65 
501	62 
502	47 
503	10 
504	77 
505	84 
506	66 
507	77 
508	46 
509	23 
510	98 
511	26 
512	60 
513	6 
514	52 
515	73 
516	37 
517	51 
518	12 
519	34 
520	17 
521	34 
522	97 
523	70 
524	66 
525	59 
526	41 
527	76 
528	16 
529	54 
530	47 
531	67 
532	3 
533	59 
534	92 
535	74 
536	95 
537	25 
538	44 
539	11 
540	78 
541	6 
542	98 
543	85 
544	12 
545	4 
546	37 
547	31 
548	89 
549	37 
550	26 
551	72 
552	89 
553	73 
554	86 
555	77 
556	19 
557	14 
558	35 
559	68 
560	3 
561	68 
562	75 
563	51 
564	20 
565	56 
566	34 
567	2 
568	24 
569	22 
570	22 
571	31 
572	15 
573	57 
574	64 
575	82 
576	21 
577	37 
578	96 
579	77 
580	23 
581	2 
582	47 
583	70 
584	17 
585	43 
586	11 
587	73 
588	23 
589	52 
590	58 
591	62 
592	67 
593	21 
594	29 
595	3 
596	40 
597	94 
598	11 
599	49 
600	62 
601	19 
602	5 
603	15 
604	88 
605	59 
606	3 
607	83 
608	49 
609	72 
610	11 
611	86 
612	31 
613	43 
614	43 
615	4 
616	30 
617	95 
618	87 
619	23 
620	52 
621	6 
622	29 
623	54 
624	3 
625	86 
626	39 
627	68 
628	78 
629	18 
630	76 
631	62 
632	92 
633	96 
634	29 
635	38 
636	50 
637	1 
638	13 
639	95 
640	56 
641	1 
642	88 
643	70 
644	80 
645	44 
646	20 
647	13 
648	63 
649	84 
650	94 
651	8 
652	47 
653	54 
654	44 
655	67 
656	64 
657	65 
658	91 
659	21 
660	89 
661	4 
662	32 
663	37 
664	78 
665	96 
666	94 
667	70 
668	20 
669	82 
670	13 
671	88 
672	29 
673	93 
674	36 
675	86 
676	89 
677	48 
678	45 
679	78 
680	4 
681	73 
682	89 
683	6 
684	43 
685	79 
686	10 
687	61 
688	80 
689	31 
690	52 
691	73 
692	51 
693	83 
694	16 
695	91 
696	20 
697	61 
698	73 
699	12 
700	35 
701	39 
702	37 
703	23 
704	70 
705	39 
706	20 
707	29 
708	25 
709	96 
710	68 
711	92 
712	24 
713	73 
714	26 
715	33 
716	21 
717	66 
718	51 
719	51 
720	29 
721	77 
722	38 
723	79 
724	48 
725	24 
726	15 
727	91 
728	19 
729	31 
730	78 
731	83 
732	77 
733	34 
734	83 
735	55 
736	24 
737	90 
738	25 
739	26 
740	43 
741	11 
742	14 
743	21 
744	97 
745	38 
746	24 
747	8 
748	13 
749	83 
750	70 
751	30 
752	33 
753	6 
754	49 
755	52 
756	40 
757	18 
758	37 
759	14 
760	6 
761	64 
762	19 
763	38 
764	89 
765	92 
766	11 
767	23 
768	82 
769	75 
770	18 
771	83 
772	11 
773	44 
774	5 
775	49 
776	58 
777	56 
778	42 
779	90 
780	61 
781	27 
782	65 
783	51 
784	32 
785	60 
786	3 
787	88 
788	81 
789	84 
790	62 
791	14 
792	91 
793	51 
794	82 
795	60 
796	19 
797	71 
798	46 
799	89 
800	11 
801	43 
802	21 
803	3 
804	56 
805	13 
806	38 
807	69 
808	79 
809	3 
810	59 
811	62 
812	98 
813	40 
814	34 
815	4 
816	29 
817	92 
818	72 
819	89 
820	6 
821	94 
822	31 
823	13 
824	74 
825	75 
826	4 
827	85 
828	29 
829	46 
830	35 
831	46 
832	83 
833	31 
834	32 
835	17 
836	82 
837	95 
838	16 
839	3 
840	12 
841	16 
842	51 
843	69 
844	43 
845	83 
846	85 
847	20 
848	26 
849	49 
850	5 
851	66 
852	16 
853	56 
854	46 
855	81 
856	49 
857	1 
858	49 
859	25 
860	68 
861	96 
862	62 
863	62 
864	44 
865	68 
866	69 
867	70 
868	79 
869	35 
870	47 
871	69 
872	88 
873	20 
874	71 
875	97 
876	69 
877	77 
878	33 
879	51 
880	48 
881	35 
882	82 
883	68 
884	91 
885	20 
886	71 
887	59 
888	13 
889	66 
890	80 
891	9 
892	44 
893	50 
894	38 
895	4 
896	88 
897	69 
898	62 
899	60 
900	73 
901	66 
902	44 
903	73 
904	66 
905	14 
906	68 
907	68 
908	93 
909	42 
910	31 
911	76 
912	48 
913	80 
914	54 
915	6 
916	89 
917	21 
918	14 
919	64 
920	11 
921	76 
922	44 
923	16 
924	29 
925	62 
926	7 
927	77 
928	56 
929	63 
930	38 
931	48 
932	20 
933	3 
934	6 
935	14 
936	31 
937	43 
938	10 
939	35 
940	82 
941	93 
942	18 
943	66 
944	98 
945	10 
946	93 
947	67 
948	35 
949	89 
950	28 
951	83 
952	37 
953	95 
954	89 
955	88 
956	95 
957	38 
958	90 
959	51 
960	57 
961	4 
962	73 
963	49 
964	15 
965	46 
966	96 
967	46 
968	82 
969	43 
970	62 
971	83 
972	38 
973	79 
974	1 
975	92 
976	89 
977	62 
978	47 
979	19 
980	12 
981	35 
982	18 
983	31 
984	27 
985	31 
986	27 
987	67 
988	27 
989	29 
990	62 
991	43 
992	2 
993	24 
994	75 
995	20 
996	89 
997	1 
998	5 
999	82 
1000	48 
1001	37 
1002	89 
1003	69 
1004	13 
1005	81 
1006	21 
1007	20 
1008	65 
1009	30 
1010	84 
1011	12 
1012	58 
1013	10 
1014	82 
1015	15 
1016	82 
1017	57 
1018	78 
1019	88 
1020	82 
1021	35 
1022	36 
1023	14 
1024	20 
1025	35 
1026	60 
1027	20 
1028	3 
1029	13 
1030	85 
1031	78 
1032	67 
1033	63 
1034	91 
1035	44 
1036	31 
1037	3 
1038	91 
1039	12 
1040	69 
1041	54 
1042	88 
1043	37 
1044	74 
1045	83 
1046	30 
1047	14 
1048	49 
1049	6 
1050	14 
1051	17 
1052	15 
1053	90 
1054	69 
1055	19 
1056	25 
1057	26 
1058	30 
1059	94 
1060	89 
1061	54 
1062	54 
1063	65 
1064	33 
1065	69 
1066	53 
1067	48 
1068	19 
1069	13 
1070	27 
1071	64 
1072	6 
1073	33 
1074	4 
1075	38 
1076	22 
1077	75 
1078	2 
1079	8 
1080	80 
1081	54 
1082	55 
1083	10 
1084	13 
1085	81 
1086	60 
1087	1 
1088	12 
1089	76 
1090	64 
1091	5 
1092	29 
1093	97 
1094	31 
1095	74 
1096	64 
1097	83 
1098	13 
1099	56 
1100	46 
1101	78 
1102	68 
1103	48 
1104	3 
1105	6 
1106	20 
1107	73 
1108	89 
1109	96 
1110	47 
1111	34 
1112	70 
1113	29 
1114	96 
1115	48 
1116	50 
1117	84 
1118	2 
1119	69 
1120	21 
1121	16 
1122	44 
1123	86 
1124	91 
1125	83 
1126	3 
1127	74 
1128	33 
1129	8 
1130	62 
1131	50 
1132	48 
1133	28 
1134	27 
1135	88 
1136	77 
1137	68 
1138	16 
1139	49 
1140	98 
1141	4 
1142	20 
1143	15 
1144	84 
1145	56 
1146	89 
1147	83 
1148	14 
1149	32 
1150	49 
1151	37 
1152	68 
1153	4 
1154	64 
1155	85 
1156	65 
1157	46 
1158	29 
1159	17 
1160	48 
1161	87 
1162	89 
1163	69 
1164	70 
1165	51 
1166	60 
1167	1 
1168	87 
1169	13 
1170	89 
1171	6 
1172	11 
1173	54 
1174	24 
1175	14 
1176	86 
1177	3 
1178	22 
1179	88 
1180	53 
1181	30 
1182	43 
1183	3 
1184	35 
1185	51 
1186	9 
1187	4 
1188	91 
1189	58 
1190	97 
1191	79 
1192	11 
1193	2 
1194	74 
1195	58 
1196	69 
1197	10 
1198	85 
1199	83 
1200	20 
1201	7 
1202	59 
1203	21 
1204	31 
1205	3 
1206	13 
1207	62 
1208	85 
1209	18 
1210	69 
1211	70 
1212	20 
1213	83 
1214	37 
1215	89 
1216	84 
1217	84 
1218	43 
1219	85 
1220	69 
1221	13 
1222	98 
1223	68 
1224	34 
1225	85 
1226	85 
1227	89 
1228	94 
1229	32 
1230	65 
1231	48 
1232	83 
1233	50 
1234	78 
1235	41 
1236	7 
1237	61 
1238	24 
1239	62 
1240	38 
1241	48 
1242	61 
1243	79 
1244	88 
1245	4 
1246	9 
1247	30 
1248	30 
1249	66 
1250	78 
1251	43 
1252	46 
1253	30 
1254	15 
1255	63 
1256	49 
1257	30 
1258	68 
1259	48 
1260	32 
1261	75 
1262	29 
1263	46 
1264	29 
1265	21 
1266	13 
1267	87 
1268	48 
1269	83 
1270	88 
1271	12 
1272	31 
1273	4 
1274	35 
1275	48 
1276	21 
1277	11 
1278	21 
1279	11 
1280	55 
1281	43 
1282	81 
1283	12 
1284	66 
1285	74 
1286	6 
1287	90 
1288	82 
1289	84 
1290	83 
1291	58 
1292	48 
1293	77 
1294	73 
1295	20 
1296	48 
1297	51 
1298	44 
1299	28 
1300	10 
1301	90 
1302	19 
1303	23 
1304	81 
1305	6 
1306	4 
1307	97 
1308	66 
1309	24 
1310	5 
1311	82 
1312	56 
1313	81 
1314	38 
1315	28 
1316	85 
1317	64 
1318	2 
1319	88 
1320	97 
1321	84 
1322	55 
1323	70 
1324	15 
1325	95 
1326	1 
1327	37 
1328	52 
1329	35 
1330	52 
1331	18 
1332	47 
1333	13 
1334	92 
1335	43 
1336	87 
1337	83 
1338	47 
1339	67 
1340	57 
1341	73 
1342	27 
1343	8 
1344	48 
1345	45 
1346	1 
1347	10 
1348	47 
1349	45 
1350	11 
1351	91 
1352	62 
1353	84 
1354	82 
1355	54 
1356	89 
1357	81 
1358	37 
1359	30 
1360	61 
1361	80 
1362	6 
1363	6 
1364	63 
1365	64 
1366	15 
1367	64 
1368	85 
1369	43 
1370	3 
1371	64 
1372	82 
1373	73 
1374	37 
1375	58 
1376	47 
1377	31 
1378	29 
1379	91 
1380	72 
1381	64 
1382	94 
1383	61 
1384	72 
1385	70 
1386	48 
1387	70 
1388	96 
1389	95 
1390	62 
1391	90 
1392	10 
1393	13 
1394	20 
1395	77 
1396	31 
1397	91 
1398	67 
1399	6 
1400	81 
1401	83 
1402	51 
1403	45 
1404	70 
1405	16 
1406	35 
1407	48 
1408	81 
1409	87 
1410	31 
1411	35 
1412	48 
1413	97 
1414	88 
1415	51 
1416	69 
1417	65 
1418	13 
1419	49 
1420	77 
1421	59 
1422	91 
1423	88 
1424	98 
1425	43 
1426	31 
1427	43 
1428	98 
1429	69 
1430	73 
1431	92 
1432	20 
1433	90 
1434	61 
1435	1 
1436	91 
1437	26 
1438	96 
1439	95 
1440	90 
1441	95 
1442	70 
1443	37 
1444	58 
1445	73 
1446	35 
1447	27 
1448	49 
1449	37 
1450	43 
1451	37 
1452	42 
1453	64 
1454	62 
1455	32 
1456	13 
1457	31 
1458	10 
1459	78 
1460	80 
1461	89 
1462	71 
1463	24 
1464	33 
1465	3 
1466	36 
1467	3 
1468	12 
1469	9 
1470	88 
1471	6 
1472	96 
1473	25 
1474	40 
1475	24 
1476	58 
1477	80 
1478	40 
1479	34 
1480	68 
1481	7 
1482	22 
1483	74 
1484	4 
1485	17 
1486	49 
1487	42 
1488	59 
1489	37 
1490	87 
1491	17 
1492	84 
1493	55 
1494	45 
1495	28 
1496	44 
1497	70 
1498	23 
1499	82 
1500	21 
1501	62 
1502	88 
1503	89 
1504	89 
1505	38 
1506	95 
1507	70 
1508	20 
1509	39 
1510	58 
1511	46 
1512	84 
1513	64 
1514	19 
1515	89 
1516	55 
1517	68 
1518	28 
1519	89 
1520	73 
1521	35 
1522	5 
1523	9 
1524	21 
1525	24 
1526	57 
1527	61 
1528	72 
1529	74 
1530	62 
1531	11 
1532	62 
1533	48 
1534	32 
1535	29 
1536	1 
1537	83 
1538	98 
1539	69 
1540	5 
1541	73 
1542	67 
1543	6 
1544	61 
1545	13 
1546	52 
1547	73 
1548	62 
1549	12 
1550	38 
1551	2 
1552	76 
1553	11 
1554	62 
1555	13 
1556	57 
1557	55 
1558	10 
1559	21 
1560	2 
1561	1 
1562	41 
1563	91 
1564	21 
1565	41 
1566	42 
1567	82 
1568	88 
1569	85 
1570	57 
1571	86 
1572	85 
1573	2 
1574	46 
1575	43 
1576	5 
1577	38 
1578	54 
1579	57 
1580	5 
1581	51 
1582	6 
1583	91 
1584	38 
1585	56 
1586	3 
1587	35 
1588	13 
1589	10 
1590	12 
1591	79 
1592	24 
1593	65 
1594	94 
1595	96 
1596	69 
1597	46 
1598	58 
1599	21 
1600	61 
1601	51 
1602	85 
1603	86 
1604	73 
1605	61 
1606	13 
1607	38 
1608	14 
1609	50 
1610	24 
1611	9 
1612	23 
1613	46 
1614	43 
1615	78 
1616	35 
1617	78 
1618	49 
1619	82 
1620	94 
1621	17 
1622	10 
1623	76 
1624	47 
1625	19 
1626	83 
1627	21 
1628	51 
1629	37 
1630	36 
1631	19 
1632	87 
1633	22 
1634	84 
1635	85 
1636	1 
1637	67 
1638	40 
1639	21 
1640	19 
1641	75 
1642	55 
1643	40 
1644	24 
1645	83 
1646	3 
1647	18 
1648	46 
1649	10 
1650	92 
1651	25 
1652	20 
1653	91 
1654	53 
1655	82 
1656	54 
1657	55 
1658	91 
1659	8 
1660	89 
1661	5 
1662	37 
1663	7 
1664	3 
1665	49 
1666	13 
1667	18 
1668	18 
1669	83 
1670	12 
1671	25 
1672	58 
1673	56 
1674	60 
1675	6 
1676	90 
1677	71 
1678	12 
1679	1 
1680	95 
1681	67 
1682	23 
1683	24 
1684	31 
1685	67 
1686	60 
1687	43 
1688	94 
1689	92 
1690	58 
1691	58 
1692	47 
1693	31 
1694	28 
1695	25 
1696	31 
1697	43 
1698	49 
1699	37 
1700	26 
1701	23 
1702	30 
1703	69 
1704	55 
1705	68 
1706	44 
1707	95 
1708	35 
1709	3 
1710	10 
1711	62 
1712	70 
1713	88 
1714	37 
1715	62 
1716	18 
1717	81 
1718	49 
1719	64 
1720	64 
1721	1 
1722	86 
1723	34 
1724	47 
1725	67 
1726	91 
1727	81 
1728	51 
1729	62 
1730	91 
1731	49 
1732	58 
1733	63 
1734	23 
1735	15 
1736	86 
1737	21 
1738	70 
1739	27 
1740	68 
1741	95 
1742	88 
1743	14 
1744	63 
1745	88 
1746	10 
1747	3 
1748	44 
1749	31 
1750	82 
1751	26 
1752	65 
1753	65 
1754	58 
1755	73 
1756	67 
1757	69 
1758	69 
1759	93 
1760	69 
1761	70 
1762	31 
1763	30 
1764	61 
1765	3 
1766	5 
1767	98 
1768	38 
1769	21 
1770	49 
1771	85 
1772	20 
1773	69 
1774	4 
1775	29 
1776	30 
1777	24 
1778	22 
1779	35 
1780	28 
1781	29 
1782	62 
1783	6 
1784	4 
1785	56 
1786	46 
1787	48 
1788	58 
1789	43 
1790	71 
1791	46 
1792	14 
1793	61 
1794	80 
1795	6 
1796	48 
1797	49 
1798	88 
1799	14 
1800	10 
1801	91 
1802	67 
1803	44 
1804	19 
1805	71 
1806	82 
1807	82 
1808	70 
1809	73 
1810	24 
1811	58 
1812	31 
1813	70 
1814	22 
1815	20 
1816	14 
1817	18 
1818	59 
1819	82 
1820	39 
1821	7 
1822	43 
1823	95 
1824	73 
1825	5 
1826	58 
1827	93 
1828	50 
1829	97 
1830	95 
1831	66 
1832	68 
1833	66 
1834	66 
1835	64 
1836	7 
1837	53 
1838	31 
1839	58 
1840	82 
1841	88 
1842	38 
1843	49 
1844	12 
1845	36 
1846	69 
1847	72 
1848	58 
1849	21 
1850	30 
1851	32 
1852	28 
1853	46 
1854	64 
1855	44 
1856	41 
1857	87 
1858	36 
1859	68 
1860	8 
1861	43 
1862	87 
1863	44 
1864	97 
1865	48 
1866	2 
1867	98 
1868	41 
1869	11 
1870	48 
1871	6 
1872	89 
1873	21 
1874	11 
1875	24 
1876	53 
1877	73 
1878	48 
1879	49 
1880	82 
1881	9 
1882	18 
1883	31 
1884	70 
1885	69 
1886	11 
1887	77 
1888	61 
1889	79 
1890	62 
1891	49 
1892	82 
1893	51 
1894	33 
1895	19 
1896	31 
1897	85 
1898	87 
1899	51 
1900	62 
1901	28 
1902	5 
1903	74 
1904	68 
1905	62 
1906	14 
1907	77 
1908	8 
1909	18 
1910	48 
1911	4 
1912	56 
1913	75 
1914	82 
1915	69 
1916	9 
1917	14 
1918	60 
1919	49 
1920	55 
1921	78 
1922	57 
1923	11 
1924	24 
1925	50 
1926	62 
1927	38 
1928	19 
1929	82 
1930	67 
1931	26 
1932	46 
1933	38 
1934	54 
1935	88 
1936	57 
1937	56 
1938	56 
1939	88 
1940	51 
1941	55 
1942	78 
1943	23 
1944	84 
1945	51 
1946	69 
1947	57 
1948	64 
1949	85 
1950	35 
1951	93 
1952	59 
1953	47 
1954	45 
1955	41 
1956	89 
1957	14 
1958	64 
1959	95 
1960	60 
1961	62 
1962	47 
1963	52 
1964	88 
1965	70 
1966	43 
1967	62 
1968	37 
1969	68 
1970	35 
1971	83 
1972	75 
1973	3 
1974	21 
1975	68 
1976	58 
1977	24 
1978	37 
1979	67 
1980	3 
1981	68 
1982	86 
1983	70 
1984	78 
1985	24 
1986	12 
1987	5 
1988	46 
1989	11 
1990	5 
1991	29 
1992	31 
1993	37 
1994	60 
1995	82 
1996	88 
1997	82 
1998	67 
1999	98 
2000	19 
2001	54 
2002	80 
2003	30 
2004	85 
2005	73 
2006	42 
2007	11 
2008	31 
2009	47 
2010	29 
2011	55 
2012	91 
2013	87 
2014	50 
2015	9 
2016	4 
2017	66 
2018	1 
2019	64 
2020	20 
2021	14 
2022	96 
2023	78 
2024	1 
2025	17 
2026	3 
2027	66 
2028	18 
2029	67 
2030	56 
2031	27 
2032	64 
2033	24 
2034	31 
2035	71 
2036	29 
2037	60 
2038	51 
2039	25 
2040	35 
2041	16 
2042	94 
2043	12 
2044	62 
2045	32 
2046	28 
2047	71 
2048	94 
2049	74 
2050	17 
2051	73 
2052	91 
2053	78 
2054	62 
2055	74 
2056	63 
2057	49 
2058	70 
2059	39 
2060	41 
2061	68 
2062	4 
2063	10 
2064	44 
2065	78 
2066	95 
2067	84 
2068	42 
2069	65 
2070	50 
2071	11 
2072	67 
2073	31 
2074	38 
2075	35 
2076	43 
2077	18 
2078	5 
2079	83 
2080	61 
2081	1 
2082	98 
2083	33 
2084	78 
2085	11 
2086	83 
2087	35 
2088	88 
2089	9 
2090	22 
2091	91 
2092	84 
2093	15 
2094	91 
2095	46 
2096	13 
2097	21 
2098	51 
2099	89 
2100	1 
2101	34 
2102	52 
2103	3 
2104	98 
2105	68 
2106	89 
2107	98 
2108	66 
2109	13 
2110	69 
2111	88 
2112	67 
2113	77 
2114	60 
2115	92 
2116	37 
2117	24 
2118	19 
2119	3 
2120	18 
2121	40 
2122	56 
2123	12 
2124	84 
2125	91 
2126	71 
2127	84 
2128	19 
2129	20 
2130	37 
2131	89 
2132	9 
2133	61 
2134	19 
2135	92 
2136	4 
2137	6 
2138	11 
2139	31 
2140	51 
2141	74 
2142	16 
2143	44 
2144	86 
2145	32 
2146	14 
2147	83 
2148	34 
2149	89 
2150	71 
2151	89 
2152	29 
2153	4 
2154	49 
2155	53 
2156	32 
2157	63 
2158	83 
2159	85 
2160	42 
2161	18 
2162	51 
2163	73 
2164	29 
2165	88 
2166	64 
2167	6 
2168	52 
2169	67 
2170	94 
2171	24 
2172	58 
2173	83 
2174	3 
2175	94 
2176	57 
2177	22 
2178	65 
2179	13 
2180	4 
2181	38 
2182	32 
2183	74 
2184	9 
2185	32 
2186	40 
2187	21 
2188	45 
2189	91 
2190	88 
2191	91 
2192	15 
2193	22 
2194	85 
2195	49 
2196	44 
2197	20 
2198	20 
2199	21 
2200	85 
2201	52 
2202	3 
2203	12 
2204	25 
2205	88 
2206	2 
2207	26 
2208	53 
2209	37 
2210	64 
2211	19 
2212	13 
2213	68 
2214	62 
2215	47 
2216	45 
2217	69 
2218	95 
2219	38 
2220	27 
2221	83 
2222	47 
2223	91 
2224	26 
2225	21 
2226	71 
2227	30 
2228	51 
2229	93 
2230	70 
2231	48 
2232	73 
2233	74 
2234	73 
2235	89 
2236	58 
2237	76 
2238	9 
2239	28 
2240	62 
2241	26 
2242	67 
2243	78 
2244	86 
2245	31 
2246	62 
2247	73 
2248	5 
2249	61 
2250	12 
2251	3 
2252	74 
2253	82 
2254	32 
2255	81 
2256	55 
2257	14 
2258	82 
2259	76 
2260	85 
2261	18 
2262	15 
2263	75 
2264	70 
2265	36 
2266	41 
2267	46 
2268	62 
2269	3 
2270	2 
2271	20 
2272	75 
2273	14 
2274	60 
2275	8 
2276	37 
2277	69 
2278	37 
2279	36 
2280	49 
2281	59 
2282	76 
2283	30 
2284	44 
2285	18 
2286	27 
2287	89 
2288	5 
2289	3 
2290	68 
2291	74 
2292	15 
2293	77 
2294	21 
2295	5 
2296	59 
2297	48 
2298	68 
2299	9 
2300	21 
2301	17 
2302	38 
2303	11 
2304	34 
2305	21 
2306	71 
2307	3 
2308	88 
2309	35 
2310	64 
2311	22 
2312	39 
2313	55 
2314	15 
2315	37 
2316	21 
2317	62 
2318	84 
2319	96 
2320	96 
2321	92 
2322	87 
2323	66 
2324	88 
2325	51 
2326	48 
2327	37 
2328	54 
2329	68 
2330	70 
2331	3 
2332	91 
2333	70 
2334	67 
2335	51 
2336	62 
2337	24 
2338	56 
2339	68 
2340	51 
2341	42 
2342	34 
2343	66 
2344	39 
2345	98 
2346	67 
2347	21 
2348	68 
2349	43 
2350	56 
2351	31 
2352	95 
2353	53 
2354	68 
2355	94 
2356	78 
2357	46 
2358	47 
2359	79 
2360	5 
2361	51 
2362	77 
2363	46 
2364	69 
2365	69 
2366	5 
2367	54 
2368	2 
2369	46 
2370	8 
2371	92 
2372	88 
2373	77 
2374	49 
2375	43 
2376	71 
2377	53 
2378	49 
2379	3 
2380	54 
2381	13 
2382	3 
2383	53 
2384	31 
2385	58 
2386	13 
2387	20 
2388	83 
2389	44 
2390	18 
2391	42 
2392	51 
2393	68 
2394	39 
2395	76 
2396	49 
2397	20 
2398	70 
2399	76 
2400	21 
2401	77 
2402	4 
2403	39 
2404	77 
2405	67 
2406	46 
2407	13 
2408	48 
2409	80 
2410	53 
2411	94 
2412	90 
2413	38 
2414	14 
2415	18 
2416	23 
2417	9 
2418	38 
2419	51 
2420	8 
2421	98 
2422	44 
2423	61 
2424	95 
2425	39 
2426	67 
2427	19 
2428	62 
2429	82 
2430	4 
2431	25 
2432	49 
2433	56 
2434	64 
2435	84 
2436	6 
2437	86 
2438	20 
2439	50 
2440	90 
2441	77 
2442	31 
2443	3 
2444	4 
2445	4 
2446	21 
2447	34 
2448	46 
2449	84 
2450	29 
2451	66 
2452	70 
2453	3 
2454	73 
2455	48 
2456	14 
2457	61 
2458	73 
2459	44 
2460	63 
2461	37 
2462	6 
2463	46 
2464	24 
2465	62 
2466	56 
2467	24 
2468	57 
2469	37 
2470	20 
2471	37 
2472	95 
2473	61 
2474	64 
2475	12 
2476	56 
2477	47 
2478	42 
2479	17 
2480	35 
2481	87 
2482	38 
2483	66 
2484	60 
2485	26 
2486	67 
2487	20 
2488	62 
2489	84 
2490	46 
2491	51 
2492	68 
2493	11 
2494	12 
2495	82 
2496	50 
2497	23 
2498	64 
2499	67 
2500	42 
2501	20 
2502	69 
2503	10 
2504	27 
2505	6 
2506	13 
2507	70 
2508	16 
2509	91 
2510	74 
2511	43 
2512	55 
2513	3 
2514	78 
2515	44 
2516	38 
2517	38 
2518	43 
2519	41 
2520	98 
2521	89 
2522	15 
2523	7 
2524	88 
2525	64 
2526	30 
2527	55 
2528	75 
2529	64 
2530	5 
2531	69 
2532	66 
2533	53 
2534	89 
2535	21 
2536	92 
2537	56 
2538	9 
2539	96 
2540	24 
2541	21 
2542	78 
2543	51 
2544	44 
2545	1 
2546	15 
2547	32 
2548	15 
2549	39 
2550	1 
2551	82 
2552	68 
2553	89 
2554	94 
2555	89 
2556	83 
2557	78 
2558	91 
2559	22 
2560	3 
2561	73 
2562	68 
2563	43 
2564	94 
2565	8 
2566	40 
2567	31 
2568	54 
2569	71 
2570	21 
2571	6 
2572	55 
2573	50 
2574	90 
2575	68 
2576	11 
2577	58 
2578	67 
2579	70 
2580	98 
2581	14 
2582	52 
2583	20 
2584	56 
2585	59 
2586	41 
2587	35 
2588	61 
2589	61 
2590	63 
2591	5 
2592	52 
2593	94 
2594	39 
2595	80 
2596	46 
2597	79 
2598	48 
2599	77 
2600	35 
2601	51 
2602	66 
2603	74 
2604	37 
2605	18 
2606	84 
2607	88 
2608	65 
2609	5 
2610	43 
2611	19 
2612	11 
2613	68 
2614	64 
2615	81 
2616	5 
2617	31 
2618	41 
2619	55 
2620	43 
2621	52 
2622	20 
2623	75 
2624	67 
2625	46 
2626	41 
2627	6 
2628	66 
2629	87 
2630	13 
2631	31 
2632	79 
2633	67 
2634	4 
2635	62 
2636	73 
2637	67 
2638	5 
2639	19 
2640	32 
2641	10 
2642	78 
2643	88 
2644	62 
2645	21 
2646	51 
2647	37 
2648	53 
2649	90 
2650	73 
2651	15 
2652	53 
2653	95 
2654	77 
2655	28 
2656	70 
2657	30 
2658	32 
2659	77 
2660	48 
2661	29 
2662	49 
2663	40 
2664	34 
2665	62 
2666	62 
2667	42 
2668	6 
2669	81 
2670	51 
2671	69 
2672	68 
2673	18 
2674	22 
2675	88 
2676	42 
2677	21 
2678	95 
2679	13 
2680	77 
2681	67 
2682	91 
2683	34 
2684	3 
2685	54 
2686	50 
2687	66 
2688	89 
2689	68 
2690	84 
2691	11 
2692	43 
2693	18 
2694	80 
2695	64 
2696	96 
2697	73 
2698	29 
2699	3 
2700	36 
2701	20 
2702	1 
2703	94 
2704	48 
2705	47 
2706	79 
2707	85 
2708	67 
2709	90 
2710	44 
2711	29 
2712	10 
2713	48 
2714	4 
2715	10 
2716	58 
2717	20 
2718	59 
2719	62 
2720	82 
2721	89 
2722	15 
2723	38 
2724	50 
2725	83 
2726	4 
2727	60 
2728	61 
2729	33 
2730	84 
2731	14 
2732	96 
2733	96 
2734	39 
2735	20 
2736	78 
2737	13 
2738	64 
2739	62 
2740	21 
2741	31 
2742	31 
2743	21 
2744	18 
2745	21 
2746	97 
2747	92 
2748	98 
2749	23 
2750	31 
2751	24 
2752	25 
2753	72 
2754	51 
2755	44 
2756	5 
2757	4 
2758	32 
2759	49 
2760	20 
2761	78 
2762	48 
2763	56 
2764	61 
2765	51 
2766	22 
2767	31 
2768	70 
2769	94 
2770	95 
2771	78 
2772	98 
2773	60 
2774	62 
2775	13 
2776	61 
2777	70 
2778	43 
2779	47 
2780	64 
2781	88 
2782	46 
2783	7 
2784	61 
2785	7 
2786	29 
2787	21 
2788	47 
2789	50 
2790	57 
2791	17 
2792	76 
2793	71 
2794	46 
2795	17 
2796	36 
2797	62 
2798	27 
2799	5 
2800	78 
2801	43 
2802	56 
2803	18 
2804	9 
2805	51 
2806	20 
2807	54 
2808	43 
2809	12 
2810	78 
2811	82 
2812	88 
2813	10 
2814	89 
2815	84 
2816	20 
2817	78 
2818	91 
2819	80 
2820	51 
2821	37 
2822	27 
2823	88 
2824	47 
2825	85 
2826	51 
2827	20 
2828	64 
2829	16 
2830	83 
2831	59 
2832	50 
2833	52 
2834	67 
2835	90 
2836	26 
2837	44 
2838	40 
2839	10 
2840	25 
2841	37 
2842	68 
2843	21 
2844	26 
2845	85 
2846	49 
2847	31 
2848	59 
2849	70 
2850	89 
2851	68 
2852	88 
2853	62 
2854	68 
2855	13 
2856	94 
2857	51 
2858	82 
2859	1 
2860	25 
2861	98 
2862	14 
2863	83 
2864	40 
2865	72 
2866	86 
2867	66 
2868	43 
2869	78 
2870	57 
2871	24 
2872	62 
2873	37 
2874	70 
2875	68 
2876	91 
2877	20 
2878	91 
2879	89 
2880	39 
2881	55 
2882	18 
2883	2 
2884	61 
2885	96 
2886	83 
2887	42 
2888	56 
2889	39 
2890	73 
2891	3 
2892	34 
2893	11 
2894	7 
2895	36 
2896	61 
2897	49 
2898	37 
2899	33 
2900	5 
2901	82 
2902	65 
2903	5 
2904	10 
2905	58 
2906	67 
2907	37 
2908	63 
2909	31 
2910	70 
2911	3 
2912	6 
2913	55 
2914	9 
2915	15 
2916	30 
2917	46 
2918	59 
2919	41 
2920	91 
2921	87 
2922	58 
2923	43 
2924	6 
2925	61 
2926	40 
2927	20 
2928	27 
2929	21 
2930	52 
2931	49 
2932	90 
2933	10 
2934	34 
2935	69 
2936	84 
2937	24 
2938	43 
2939	7 
2940	96 
2941	31 
2942	3 
2943	61 
2944	17 
2945	83 
2946	3 
2947	35 
2948	77 
2949	77 
2950	37 
2951	45 
2952	30 
2953	75 
2954	49 
2955	45 
2956	51 
2957	66 
2958	21 
2959	21 
2960	70 
2961	88 
2962	5 
2963	33 
2964	73 
2965	64 
2966	51 
2967	77 
2968	88 
2969	88 
2970	87 
2971	64 
2972	38 
2973	21 
2974	49 
2975	83 
2976	47 
2977	47 
2978	51 
2979	11 
2980	64 
2981	92 
2982	4 
2983	64 
2984	78 
2985	9 
2986	78 
2987	6 
2988	94 
2989	78 
2990	38 
2991	32 
2992	39 
2993	41 
2994	47 
2995	10 
2996	43 
2997	48 
2998	62 
2999	77 
3000	90 
3001	32 
3002	41 
3003	78 
3004	66 
3005	9 
3006	89 
3007	91 
3008	49 
3009	29 
3010	13 
3011	46 
3012	50 
3013	73 
3014	29 
3015	6 
3016	3 
3017	15 
3018	27 
3019	56 
3020	51 
3021	38 
3022	79 
3023	15 
3024	30 
3025	15 
3026	74 
3027	29 
3028	43 
3029	82 
3030	93 
3031	50 
3032	3 
3033	42 
3034	70 
3035	9 
3036	44 
3037	4 
3038	60 
3039	78 
3040	10 
3041	45 
3042	38 
3043	56 
3044	24 
3045	20 
3046	71 
3047	31 
3048	4 
3049	76 
3050	18 
3051	38 
3052	50 
3053	91 
3054	8 
3055	24 
3056	31 
3057	73 
3058	49 
3059	42 
3060	36 
3061	56 
3062	29 
3063	18 
3064	13 
3065	78 
3066	76 
3067	73 
3068	88 
3069	67 
3070	45 
3071	16 
3072	6 
3073	19 
3074	4 
3075	36 
3076	58 
3077	7 
3078	88 
3079	6 
3080	20 
3081	94 
3082	49 
3083	34 
3084	3 
3085	86 
3086	28 
3087	79 
3088	84 
3089	77 
3090	69 
3091	81 
3092	21 
3093	37 
3094	15 
3095	5 
3096	3 
3097	20 
3098	30 
3099	1 
3100	88 
3101	11 
3102	70 
3103	36 
3104	78 
3105	67 
3106	10 
3107	66 
3108	56 
3109	93 
3110	1 
3111	33 
3112	6 
3113	59 
3114	24 
3115	11 
3116	6 
3117	54 
3118	66 
3119	56 
3120	68 
3121	18 
3122	69 
3123	96 
3124	51 
3125	81 
3126	89 
3127	51 
3128	11 
3129	7 
3130	24 
3131	3 
3132	73 
3133	81 
3134	9 
3135	5 
3136	50 
3137	87 
3138	96 
3139	9 
3140	82 
3141	18 
3142	51 
3143	49 
3144	87 
3145	67 
3146	62 
3147	38 
3148	28 
3149	89 
3150	68 
3151	68 
3152	38 
3153	26 
3154	70 
3155	80 
3156	46 
3157	82 
3158	9 
3159	48 
3160	80 
3161	62 
3162	56 
3163	69 
3164	70 
3165	20 
3166	68 
3167	44 
3168	30 
3169	8 
3170	80 
3171	31 
3172	70 
3173	87 
3174	87 
3175	51 
3176	36 
3177	31 
3178	50 
3179	49 
3180	4 
3181	5 
3182	80 
3183	95 
3184	64 
3185	64 
3186	1 
3187	43 
3188	83 
3189	14 
3190	16 
3191	64 
3192	42 
3193	87 
3194	73 
3195	16 
3196	6 
3197	45 
3198	97 
3199	73 
3200	89 
3201	62 
3202	44 
3203	96 
3204	62 
3205	72 
3206	95 
3207	66 
3208	89 
3209	54 
3210	56 
3211	33 
3212	37 
3213	83 
3214	10 
3215	47 
3216	19 
3217	6 
3218	35 
3219	89 
3220	76 
3221	21 
3222	68 
3223	44 
3224	89 
3225	3 
3226	22 
3227	25 
3228	84 
3229	13 
3230	49 
3231	46 
3232	63 
3233	91 
3234	32 
3235	80 
3236	68 
3237	94 
3238	88 
3239	20 
3240	70 
3241	98 
3242	4 
3243	94 
3244	48 
3245	29 
3246	66 
3247	49 
3248	72 
3249	15 
3250	21 
3251	29 
3252	98 
3253	13 
3254	38 
3255	14 
3256	56 
3257	96 
3258	98 
3259	64 
3260	46 
3261	89 
3262	80 
3263	53 
3264	56 
3265	95 
3266	89 
3267	14 
3268	37 
3269	57 
3270	7 
3271	73 
3272	67 
3273	11 
3274	44 
3275	5 
3276	6 
3277	97 
3278	5 
3279	6 
3280	56 
3281	85 
3282	78 
3283	15 
3284	15 
3285	43 
3286	94 
3287	71 
3288	51 
3289	53 
3290	27 
3291	82 
3292	82 
3293	27 
3294	61 
3295	96 
3296	16 
3297	51 
3298	37 
3299	13 
3300	31 
3301	20 
3302	5 
3303	24 
3304	73 
3305	44 
3306	72 
3307	51 
3308	15 
3309	5 
3310	63 
3311	21 
3312	37 
3313	94 
3314	61 
3315	9 
3316	31 
3317	13 
3318	14 
3319	68 
3320	11 
3321	68 
3322	51 
3323	31 
3324	5 
3325	73 
3326	74 
3327	29 
3328	2 
3329	23 
3330	2 
3331	52 
3332	37 
3333	74 
3334	33 
3335	21 
3336	44 
3337	80 
3338	31 
3339	21 
3340	52 
3341	36 
3342	54 
3343	90 
3344	12 
3345	31 
3346	6 
3347	47 
3348	66 
3349	37 
3350	10 
3351	61 
3352	19 
3353	62 
3354	94 
3355	54 
3356	98 
3357	44 
3358	3 
3359	31 
3360	66 
3361	29 
3362	19 
3363	51 
3364	81 
3365	84 
3366	11 
3367	61 
3368	68 
3369	74 
3370	56 
3371	16 
3372	68 
3373	15 
3374	84 
3375	9 
3376	11 
3377	62 
3378	58 
3379	38 
3380	37 
3381	5 
3382	88 
3383	74 
3384	91 
3385	85 
3386	1 
3387	88 
3388	97 
3389	74 
3390	90 
3391	8 
3392	61 
3393	21 
3394	54 
3395	23 
3396	82 
3397	43 
3398	31 
3399	4 
3400	48 
3401	54 
3402	38 
3403	20 
3404	56 
3405	11 
3406	83 
3407	56 
3408	90 
3409	3 
3410	7 
3411	59 
3412	37 
3413	33 
3414	85 
3415	82 
3416	5 
3417	5 
3418	70 
3419	23 
3420	51 
3421	96 
3422	51 
3423	95 
3424	82 
3425	64 
3426	91 
3427	56 
3428	67 
3429	47 
3430	43 
3431	88 
3432	54 
3433	29 
3434	7 
3435	17 
3436	36 
3437	74 
3438	4 
3439	62 
3440	82 
3441	35 
3442	46 
3443	12 
3444	60 
3445	69 
3446	80 
3447	79 
3448	21 
3449	45 
3450	42 
3451	54 
3452	66 
3453	1 
3454	31 
3455	94 
3456	11 
3457	69 
3458	20 
3459	24 
3460	23 
3461	68 
3462	36 
3463	74 
3464	34 
3465	32 
3466	56 
3467	73 
3468	32 
3469	38 
3470	20 
3471	58 
3472	8 
3473	26 
3474	51 
3475	38 
3476	58 
3477	42 
3478	29 
3479	14 
3480	82 
3481	37 
3482	70 
3483	49 
3484	37 
3485	1 
3486	94 
3487	60 
3488	27 
3489	11 
3490	6 
3491	48 
3492	15 
3493	5 
3494	56 
3495	82 
3496	31 
3497	71 
3498	37 
3499	82 
3500	19 
3501	6 
3502	68 
3503	54 
3504	45 
3505	94 
3506	73 
3507	88 
3508	53 
3509	93 
3510	94 
3511	57 
3512	94 
3513	65 
3514	47 
3515	28 
3516	73 
3517	53 
3518	77 
3519	61 
3520	27 
3521	73 
3522	36 
3523	93 
3524	42 
3525	87 
3526	77 
3527	43 
3528	27 
3529	83 
3530	67 
3531	81 
3532	70 
3533	28 
3534	25 
3535	96 
3536	27 
3537	35 
3538	39 
3539	14 
3540	30 
3541	43 
3542	67 
3543	61 
3544	76 
3545	81 
3546	55 
3547	19 
3548	54 
3549	39 
3550	83 
3551	15 
3552	91 
3553	93 
3554	56 
3555	21 
3556	43 
3557	15 
3558	22 
3559	97 
3560	58 
3561	14 
3562	56 
3563	62 
3564	5 
3565	50 
3566	55 
3567	20 
3568	84 
3569	15 
3570	31 
3571	21 
3572	89 
3573	60 
3574	5 
3575	53 
3576	51 
3577	69 
3578	73 
3579	51 
3580	3 
3581	55 
3582	82 
3583	4 
3584	3 
3585	48 
3586	12 
3587	44 
3588	2 
3589	22 
3590	40 
3591	85 
3592	31 
3593	63 
3594	89 
3595	73 
3596	31 
3597	9 
3598	43 
3599	58 
3600	77 
3601	7 
3602	89 
3603	15 
3604	97 
3605	24 
3606	32 
3607	24 
3608	8 
3609	79 
3610	33 
3611	78 
3612	55 
3613	67 
3614	15 
3615	27 
3616	96 
3617	44 
3618	49 
3619	20 
3620	68 
3621	78 
3622	76 
3623	35 
3624	48 
3625	63 
3626	87 
3627	37 
3628	3 
3629	54 
3630	70 
3631	63 
3632	89 
3633	6 
3634	41 
3635	39 
3636	82 
3637	91 
3638	19 
3639	95 
3640	11 
3641	17 
3642	48 
3643	36 
3644	29 
3645	13 
3646	25 
3647	10 
3648	4 
3649	21 
3650	89 
3651	69 
3652	42 
3653	78 
3654	91 
3655	71 
3656	17 
3657	15 
3658	21 
3659	78 
3660	34 
3661	92 
3662	83 
3663	1 
3664	14 
3665	82 
3666	46 
3667	82 
3668	55 
3669	51 
3670	77 
3671	74 
3672	49 
3673	27 
3674	46 
3675	78 
3676	17 
3677	91 
3678	64 
3679	43 
3680	60 
3681	28 
3682	69 
3683	43 
3684	3 
3685	69 
3686	31 
3687	19 
3688	76 
3689	17 
3690	94 
3691	74 
3692	33 
3693	79 
3694	49 
3695	83 
3696	46 
3697	68 
3698	51 
3699	27 
3700	10 
3701	3 
3702	37 
3703	2 
3704	20 
3705	61 
3706	4 
3707	21 
3708	24 
3709	58 
3710	82 
3711	51 
3712	52 
3713	61 
3714	39 
3715	20 
3716	17 
3717	19 
3718	44 
3719	6 
3720	26 
3721	71 
3722	91 
3723	14 
3724	44 
3725	15 
3726	31 
3727	21 
3728	88 
3729	4 
3730	20 
3731	4 
3732	72 
3733	35 
3734	4 
3735	60 
3736	46 
3737	78 
3738	33 
3739	14 
3740	54 
3741	28 
3742	31 
3743	44 
3744	84 
3745	67 
3746	77 
3747	88 
3748	88 
3749	4 
3750	17 
3751	46 
3752	55 
3753	29 
3754	71 
3755	72 
3756	59 
3757	94 
3758	56 
3759	58 
3760	35 
3761	21 
3762	26 
3763	90 
3764	33 
3765	23 
3766	38 
3767	9 
3768	61 
3769	62 
3770	73 
3771	95 
3772	84 
3773	16 
3774	47 
3775	94 
3776	35 
3777	57 
3778	98 
3779	21 
3780	29 
3781	35 
3782	27 
3783	94 
3784	6 
3785	1 
3786	50 
3787	38 
3788	47 
3789	31 
3790	32 
3791	21 
3792	91 
3793	42 
3794	97 
3795	90 
3796	31 
3797	39 
3798	20 
3799	1 
3800	48 
3801	82 
3802	14 
3803	52 
3804	77 
3805	82 
3806	14 
3807	95 
3808	23 
3809	86 
3810	30 
3811	38 
3812	83 
3813	20 
3814	61 
3815	46 
3816	43 
3817	51 
3818	39 
3819	21 
3820	34 
3821	68 
3822	56 
3823	62 
3824	95 
3825	15 
3826	31 
3827	15 
3828	69 
3829	33 
3830	73 
3831	3 
3832	60 
3833	6 
3834	4 
3835	35 
3836	1 
3837	33 
3838	62 
3839	22 
3840	92 
3841	18 
3842	55 
3843	48 
3844	31 
3845	15 
3846	68 
3847	68 
3848	1 
3849	62 
3850	69 
3851	76 
3852	3 
3853	28 
3854	31 
3855	53 
3856	73 
3857	19 
3858	68 
3859	15 
3860	90 
3861	89 
3862	81 
3863	48 
3864	13 
3865	19 
3866	58 
3867	84 
3868	69 
3869	20 
3870	81 
3871	44 
3872	94 
3873	83 
3874	32 
3875	63 
3876	3 
3877	23 
3878	66 
3879	20 
3880	49 
3881	9 
3882	18 
3883	9 
3884	64 
3885	62 
3886	87 
3887	32 
3888	7 
3889	91 
3890	39 
3891	26 
3892	56 
3893	68 
3894	98 
3895	5 
3896	13 
3897	69 
3898	67 
3899	73 
3900	23 
3901	87 
3902	48 
3903	29 
3904	66 
3905	88 
3906	70 
3907	10 
3908	46 
3909	19 
3910	8 
3911	61 
3912	15 
3913	89 
3914	91 
3915	50 
3916	40 
3917	24 
3918	81 
3919	4 
3920	62 
3921	96 
3922	62 
3923	32 
3924	83 
3925	61 
3926	84 
3927	15 
3928	52 
3929	58 
3930	72 
3931	30 
3932	69 
3933	15 
3934	77 
3935	32 
3936	51 
3937	19 
3938	29 
3939	4 
3940	21 
3941	49 
3942	75 
3943	70 
3944	33 
3945	35 
3946	58 
3947	10 
3948	43 
3949	66 
3950	31 
3951	85 
3952	58 
3953	66 
3954	11 
3955	84 
3956	15 
3957	87 
3958	3 
3959	29 
3960	30 
3961	35 
3962	46 
3963	49 
3964	55 
3965	83 
3966	14 
3967	89 
3968	23 
3969	50 
3970	23 
3971	21 
3972	61 
3973	28 
3974	11 
3975	14 
3976	16 
3977	39 
3978	78 
3979	89 
3980	62 
3981	19 
3982	87 
3983	3 
3984	75 
3985	75 
3986	68 
3987	19 
3988	43 
3989	74 
3990	80 
3991	61 
3992	77 
3993	68 
3994	42 
3995	51 
3996	40 
3997	43 
3998	89 
3999	48 
4000	7 
4001	68 
4002	49 
4003	49 
4004	4 
4005	81 
4006	44 
4007	21 
4008	90 
4009	49 
4010	4 
4011	39 
4012	17 
4013	70 
4014	54 
4015	53 
4016	52 
4017	97 
4018	52 
4019	37 
4020	39 
4021	73 
4022	3 
4023	11 
4024	51 
4025	63 
4026	59 
4027	6 
4028	22 
4029	74 
4030	87 
4031	73 
4032	95 
4033	18 
4034	18 
4035	13 
4036	34 
4037	90 
4038	1 
4039	62 
4040	85 
4041	78 
4042	82 
4043	52 
4044	88 
4045	5 
4046	68 
4047	43 
4048	28 
4049	66 
4050	62 
4051	7 
4052	68 
4053	49 
4054	84 
4055	24 
4056	40 
4057	68 
4058	66 
4059	4 
4060	64 
4061	15 
4062	82 
4063	35 
4064	72 
4065	24 
4066	89 
4067	56 
4068	78 
4069	82 
4070	89 
4071	64 
4072	31 
4073	26 
4074	78 
4075	84 
4076	19 
4077	42 
4078	46 
4079	67 
4080	73 
4081	6 
4082	59 
4083	13 
4084	82 
4085	57 
4086	49 
4087	33 
4088	35 
4089	55 
4090	76 
4091	55 
4092	5 
4093	34 
4094	91 
4095	51 
4096	89 
4097	63 
4098	19 
4099	29 
4100	19 
4101	27 
4102	72 
4103	78 
4104	9 
4105	63 
4106	19 
4107	38 
4108	15 
4109	73 
4110	58 
4111	68 
4112	90 
4113	89 
4114	47 
4115	8 
4116	33 
4117	12 
4118	73 
4119	77 
4120	21 
4121	15 
4122	64 
4123	31 
4124	91 
4125	29 
4126	82 
4127	25 
4128	70 
4129	94 
4130	49 
4131	37 
4132	84 
4133	14 
4134	47 
4135	53 
4136	38 
4137	35 
4138	82 
4139	20 
4140	65 
4141	26 
4142	53 
4143	13 
4144	67 
4145	93 
4146	23 
4147	24 
4148	39 
4149	23 
4150	8 
4151	39 
4152	49 
4153	48 
4154	51 
4155	18 
4156	62 
4157	58 
4158	64 
4159	58 
4160	84 
4161	96 
4162	15 
4163	61 
4164	36 
4165	5 
4166	93 
4167	58 
4168	6 
4169	53 
4170	58 
4171	58 
4172	10 
4173	3 
4174	64 
4175	85 
4176	91 
4177	13 
4178	46 
4179	31 
4180	89 
4181	4 
4182	73 
4183	70 
4184	57 
4185	54 
4186	84 
4187	72 
4188	32 
4189	40 
4190	88 
4191	31 
4192	96 
4193	19 
4194	51 
4195	90 
4196	4 
4197	6 
4198	82 
4199	53 
4200	44 
4201	78 
4202	84 
4203	94 
4204	31 
4205	68 
4206	78 
4207	12 
4208	38 
4209	33 
4210	48 
4211	8 
4212	69 
4213	5 
4214	13 
4215	64 
4216	91 
4217	14 
4218	38 
4219	43 
4220	56 
4221	55 
4222	78 
4223	79 
4224	14 
4225	43 
4226	93 
4227	4 
4228	87 
4229	94 
4230	78 
4231	37 
4232	34 
4233	96 
4234	5 
4235	18 
4236	31 
4237	94 
4238	89 
4239	23 
4240	49 
4241	84 
4242	62 
4243	19 
4244	85 
4245	3 
4246	87 
4247	6 
4248	22 
4249	3 
4250	45 
4251	35 
4252	15 
4253	36 
4254	57 
4255	49 
4256	56 
4257	53 
4258	26 
4259	72 
4260	21 
4261	82 
4262	73 
4263	54 
4264	3 
4265	29 
4266	12 
4267	20 
4268	1 
4269	20 
4270	84 
4271	93 
4272	3 
4273	66 
4274	46 
4275	70 
4276	59 
4277	46 
4278	78 
4279	50 
4280	61 
4281	48 
4282	70 
4283	49 
4284	85 
4285	48 
4286	31 
4287	12 
4288	92 
4289	47 
4290	4 
4291	61 
4292	5 
4293	21 
4294	65 
4295	21 
4296	51 
4297	81 
4298	49 
4299	83 
4300	5 
4301	4 
4302	79 
4303	5 
4304	95 
4305	55 
4306	20 
4307	37 
4308	54 
4309	15 
4310	47 
4311	82 
4312	16 
4313	44 
4314	90 
4315	26 
4316	8 
4317	20 
4318	89 
4319	1 
4320	56 
4321	4 
4322	24 
4323	89 
4324	89 
4325	63 
4326	63 
4327	89 
4328	65 
4329	73 
4330	12 
4331	19 
4332	90 
4333	28 
4334	86 
4335	56 
4336	14 
4337	26 
4338	22 
4339	98 
4340	85 
4341	3 
4342	10 
4343	15 
4344	20 
4345	42 
4346	90 
4347	61 
4348	62 
4349	10 
4350	27 
4351	69 
4352	84 
4353	51 
4354	82 
4355	10 
4356	43 
4357	71 
4358	58 
4359	46 
4360	84 
4361	23 
4362	17 
4363	12 
4364	38 
4365	70 
4366	18 
4367	51 
4368	8 
4369	3 
4370	51 
4371	7 
4372	3 
4373	54 
4374	45 
4375	15 
4376	83 
4377	44 
4378	50 
4379	76 
4380	31 
4381	15 
4382	85 
4383	17 
4384	78 
4385	70 
4386	25 
4387	73 
4388	30 
4389	11 
4390	38 
4391	21 
4392	72 
4393	74 
4394	78 
4395	23 
4396	77 
4397	48 
4398	58 
4399	87 
4400	8 
4401	49 
4402	98 
4403	43 
4404	86 
4405	35 
4406	50 
4407	43 
4408	47 
4409	49 
4410	24 
4411	46 
4412	29 
4413	42 
4414	77 
4415	38 
4416	73 
4417	91 
4418	85 
4419	12 
4420	3 
4421	29 
4422	69 
4423	29 
4424	29 
4425	64 
4426	78 
4427	55 
4428	62 
4429	24 
4430	98 
4431	93 
4432	36 
4433	79 
4434	46 
4435	55 
4436	21 
4437	86 
4438	14 
4439	70 
4440	9 
4441	94 
4442	89 
4443	75 
4444	5 
4445	70 
4446	8 
4447	32 
4448	38 
4449	51 
4450	21 
4451	46 
4452	61 
4453	69 
4454	93 
4455	35 
4456	56 
4457	67 
4458	70 
4459	78 
4460	83 
4461	38 
4462	56 
4463	15 
4464	32 
4465	46 
4466	22 
4467	43 
4468	58 
4469	24 
4470	21 
4471	56 
4472	82 
4473	58 
4474	31 
4475	27 
4476	6 
4477	86 
4478	58 
4479	27 
4480	49 
4481	69 
4482	22 
4483	74 
4484	32 
4485	40 
4486	73 
4487	49 
4488	41 
4489	46 
4490	95 
4491	70 
4492	85 
4493	82 
4494	11 
4495	11 
4496	80 
4497	5 
4498	13 
4499	6 
4500	10 
4501	77 
4502	21 
4503	29 
4504	46 
4505	91 
4506	92 
4507	21 
4508	16 
4509	89 
4510	51 
4511	58 
4512	49 
4513	94 
4514	90 
4515	92 
4516	17 
4517	29 
4518	25 
4519	6 
4520	30 
4521	29 
4522	58 
4523	55 
4524	33 
4525	81 
4526	9 
4527	31 
4528	94 
4529	29 
4530	93 
4531	58 
4532	5 
4533	58 
4534	15 
4535	31 
4536	88 
4537	70 
4538	15 
4539	91 
4540	37 
4541	28 
4542	21 
4543	58 
4544	65 
4545	56 
4546	82 
4547	41 
4548	11 
4549	30 
4550	41 
4551	70 
4552	58 
4553	8 
4554	62 
4555	89 
4556	43 
4557	17 
4558	68 
4559	91 
4560	3 
4561	55 
4562	5 
4563	93 
4564	18 
4565	69 
4566	8 
4567	77 
4568	35 
4569	17 
4570	84 
4571	47 
4572	20 
4573	68 
4574	62 
4575	68 
4576	78 
4577	27 
4578	4 
4579	20 
4580	46 
4581	19 
4582	13 
4583	66 
4584	74 
4585	73 
4586	98 
4587	67 
4588	44 
4589	98 
4590	59 
4591	48 
4592	19 
4593	49 
4594	95 
4595	55 
4596	67 
4597	29 
4598	68 
4599	78 
4600	1 
4601	15 
4602	67 
4603	53 
4604	66 
4605	24 
4606	6 
4607	62 
4608	70 
4609	89 
4610	69 
4611	30 
4612	6 
4613	94 
4614	39 
4615	47 
4616	82 
4617	85 
4618	19 
4619	41 
4620	94 
4621	25 
4622	28 
4623	43 
4624	19 
4625	82 
4626	82 
4627	86 
4628	66 
4629	42 
4630	62 
4631	44 
4632	4 
4633	66 
4634	91 
4635	39 
4636	3 
4637	67 
4638	33 
4639	50 
4640	84 
4641	20 
4642	32 
4643	12 
4644	26 
4645	43 
4646	58 
4647	52 
4648	94 
4649	3 
4650	68 
4651	49 
4652	44 
4653	24 
4654	29 
4655	69 
4656	77 
4657	86 
4658	19 
4659	5 
4660	84 
4661	49 
4662	95 
4663	69 
4664	64 
4665	64 
4666	91 
4667	11 
4668	56 
4669	82 
4670	3 
4671	73 
4672	18 
4673	37 
4674	8 
4675	43 
4676	49 
4677	20 
4678	82 
4679	13 
4680	6 
4681	15 
4682	54 
4683	66 
4684	47 
4685	59 
4686	38 
4687	48 
4688	21 
4689	51 
4690	77 
4691	7 
4692	12 
4693	58 
4694	98 
4695	54 
4696	19 
4697	81 
4698	73 
4699	35 
4700	83 
4701	62 
4702	11 
4703	15 
4704	49 
4705	20 
4706	46 
4707	9 
4708	70 
4709	12 
4710	49 
4711	53 
4712	15 
4713	78 
4714	32 
4715	54 
4716	89 
4717	78 
4718	84 
4719	64 
4720	84 
4721	24 
4722	96 
4723	31 
4724	85 
4725	19 
4726	70 
4727	96 
4728	22 
4729	21 
4730	70 
4731	27 
4732	78 
4733	39 
4734	78 
4735	68 
4736	23 
4737	29 
4738	4 
4739	19 
4740	69 
4741	17 
4742	24 
4743	1 
4744	69 
4745	78 
4746	77 
4747	22 
4748	19 
4749	84 
4750	91 
4751	17 
4752	62 
4753	90 
4754	55 
4755	24 
4756	4 
4757	46 
4758	50 
4759	68 
4760	77 
4761	66 
4762	3 
4763	77 
4764	89 
4765	70 
4766	69 
4767	89 
4768	5 
4769	29 
4770	43 
4771	48 
4772	62 
4773	60 
4774	70 
4775	8 
4776	89 
4777	84 
4778	56 
4779	68 
4780	83 
4781	26 
4782	58 
4783	88 
4784	78 
4785	68 
4786	52 
4787	83 
4788	43 
4789	96 
4790	6 
4791	48 
4792	54 
4793	38 
4794	67 
4795	4 
4796	1 
4797	29 
4798	64 
4799	89 
4800	20 
4801	62 
4802	77 
4803	46 
4804	10 
4805	24 
4806	98 
4807	21 
4808	30 
4809	37 
4810	46 
4811	38 
4812	14 
4813	52 
4814	64 
4815	73 
4816	55 
4817	69 
4818	51 
4819	64 
4820	44 
4821	9 
4822	91 
4823	70 
4824	30 
4825	32 
4826	32 
4827	94 
4828	78 
4829	15 
4830	18 
4831	39 
4832	55 
4833	88 
4834	82 
4835	55 
4836	56 
4837	13 
4838	37 
4839	47 
4840	96 
4841	49 
4842	15 
4843	82 
4844	77 
4845	43 
4846	74 
4847	70 
4848	4 
4849	88 
4850	48 
4851	67 
4852	94 
4853	83 
4854	60 
4855	13 
4856	13 
4857	90 
4858	46 
4859	6 
4860	94 
4861	60 
4862	5 
4863	88 
4864	95 
4865	95 
4866	78 
4867	14 
4868	85 
4869	91 
4870	19 
4871	6 
4872	35 
4873	61 
4874	96 
4875	51 
4876	49 
4877	61 
4878	10 
4879	37 
4880	77 
4881	64 
4882	31 
4883	61 
4884	4 
4885	35 
4886	15 
4887	68 
4888	13 
4889	47 
4890	69 
4891	69 
4892	4 
4893	64 
4894	31 
4895	73 
4896	49 
4897	43 
4898	46 
4899	88 
4900	94 
4901	89 
4902	5 
4903	14 
4904	89 
4905	68 
4906	95 
4907	55 
4908	78 
4909	82 
4910	20 
4911	69 
4912	58 
4913	3 
4914	4 
4915	51 
4916	4 
4917	70 
4918	77 
4919	20 
4920	3 
4921	84 
4922	27 
4923	24 
4924	78 
4925	11 
4926	21 
4927	18 
4928	91 
4929	74 
4930	49 
4931	20 
4932	58 
4933	38 
4934	24 
4935	66 
4936	3 
4937	67 
4938	20 
4939	61 
4940	31 
4941	51 
4942	61 
4943	5 
4944	68 
4945	20 
4946	13 
4947	58 
4948	6 
4949	73 
4950	15 
4951	43 
4952	38 
4953	32 
4954	37 
4955	49 
4956	68 
4957	74 
4958	74 
4959	29 
4960	20 
4961	62 
4962	43 
4963	89 
4964	51 
4965	51 
4966	29 
4967	48 
4968	55 
4969	10 
4970	78 
4971	6 
4972	69 
4973	82 
4974	83 
4975	19 
4976	19 
4977	78 
4978	51 
4979	54 
4980	43 
4981	91 
4982	43 
4983	88 
4984	48 
4985	73 
4986	82 
4987	18 
4988	89 
4989	6 
4990	35 
4991	77 
4992	49 
4993	51 
4994	89 
4995	78 
4996	11 
4997	73 
4998	47 
4999	91 
5000	21 
