1	74 
2	83 
3	35 
4	78 
5	57 
6	78 
7	1 
8	21 
9	97 
10	36 
11	53 
12	11 
13	97 
14	40 
15	33 
16	31 
17	13 
18	13 
19	9 
20	71 
21	12 
22	46 
23	63 
24	68 
25	7 
26	36 
27	95 
28	20 
29	61 
30	78 
31	54 
32	93 
33	29 
34	29 
35	81 
36	71 
37	53 
38	12 
39	11 
40	12 
41	53 
42	101 
43	30 
44	16 
45	29 
46	32 
47	95 
48	73 
49	58 
50	93 
51	3 
52	25 
53	57 
54	8 
55	51 
56	93 
57	87 
58	71 
59	56 
60	5 
61	53 
62	43 
63	77 
64	56 
65	4 
66	88 
67	67 
68	7 
69	67 
70	35 
71	91 
72	101 
73	16 
74	85 
75	81 
76	11 
77	67 
78	36 
79	57 
80	86 
81	7 
82	47 
83	60 
84	74 
85	80 
86	11 
87	12 
88	55 
89	62 
90	44 
91	51 
92	45 
93	84 
94	52 
95	23 
96	53 
97	89 
98	78 
99	8 
100	6 
101	50 
102	21 
103	92 
104	24 
105	9 
106	96 
107	81 
108	58 
109	76 
110	9 
111	80 
112	28 
113	40 
114	12 
115	87 
116	9 
117	24 
118	81 
119	86 
120	27 
121	36 
122	85 
123	25 
124	47 
125	81 
126	60 
127	48 
128	13 
129	77 
130	101 
131	83 
132	28 
133	78 
134	2 
135	28 
136	10 
137	40 
138	32 
139	84 
140	63 
141	53 
142	64 
143	53 
144	10 
145	68 
146	102 
147	13 
148	9 
149	11 
150	11 
151	4 
152	47 
153	14 
154	83 
155	71 
156	23 
157	99 
158	36 
159	60 
160	62 
161	67 
162	36 
163	38 
164	1 
165	13 
166	52 
167	20 
168	36 
169	4 
170	14 
171	38 
172	60 
173	55 
174	37 
175	83 
176	74 
177	51 
178	102 
179	101 
180	18 
181	9 
182	87 
183	48 
184	12 
185	46 
186	12 
187	2 
188	6 
189	20 
190	67 
191	56 
192	19 
193	47 
194	48 
195	3 
196	62 
197	14 
198	67 
199	74 
200	67 
201	14 
202	101 
203	55 
204	13 
205	24 
206	56 
207	73 
208	60 
209	12 
210	26 
211	29 
212	73 
213	81 
214	43 
215	42 
216	20 
217	4 
218	97 
219	71 
220	31 
221	11 
222	39 
223	14 
224	30 
225	29 
226	99 
227	11 
228	48 
229	21 
230	4 
231	93 
232	9 
233	80 
234	67 
235	57 
236	40 
237	50 
238	68 
239	51 
240	100 
241	73 
242	56 
243	97 
244	53 
245	67 
246	83 
247	5 
248	42 
249	14 
250	25 
251	87 
252	81 
253	87 
254	8 
255	80 
256	32 
257	23 
258	9 
259	92 
260	76 
261	14 
262	67 
263	20 
264	33 
265	27 
266	38 
267	39 
268	80 
269	5 
270	42 
271	58 
272	2 
273	19 
274	67 
275	95 
276	101 
277	60 
278	7 
279	62 
280	33 
281	84 
282	96 
283	94 
284	48 
285	86 
286	94 
287	26 
288	62 
289	49 
290	13 
291	61 
292	18 
293	12 
294	84 
295	29 
296	102 
297	81 
298	102 
299	53 
300	36 
301	42 
302	67 
303	24 
304	50 
305	47 
306	10 
307	83 
308	97 
309	61 
310	86 
311	82 
312	55 
313	36 
314	78 
315	13 
316	20 
317	88 
318	42 
319	50 
320	52 
321	92 
322	42 
323	44 
324	94 
325	79 
326	83 
327	63 
328	16 
329	49 
330	48 
331	31 
332	5 
333	62 
334	102 
335	14 
336	70 
337	3 
338	15 
339	9 
340	36 
341	67 
342	46 
343	102 
344	84 
345	99 
346	8 
347	42 
348	67 
349	41 
350	92 
351	92 
352	34 
353	3 
354	79 
355	3 
356	98 
357	68 
358	2 
359	81 
360	89 
361	60 
362	83 
363	55 
364	102 
365	22 
366	11 
367	29 
368	21 
369	51 
370	86 
371	22 
372	31 
373	67 
374	43 
375	14 
376	76 
377	29 
378	74 
379	13 
380	99 
381	51 
382	81 
383	77 
384	50 
385	92 
386	43 
387	46 
388	9 
389	76 
390	101 
391	82 
392	20 
393	52 
394	15 
395	60 
396	16 
397	59 
398	91 
399	16 
400	70 
401	101 
402	74 
403	36 
404	83 
405	10 
406	53 
407	89 
408	78 
409	90 
410	71 
411	91 
412	75 
413	30 
414	22 
415	5 
416	14 
417	44 
418	73 
419	9 
420	53 
421	91 
422	60 
423	42 
424	34 
425	4 
426	64 
427	64 
428	93 
429	21 
430	68 
431	74 
432	64 
433	70 
434	42 
435	68 
436	71 
437	13 
438	99 
439	81 
440	47 
441	20 
442	83 
443	96 
444	39 
445	3 
446	13 
447	41 
448	61 
449	43 
450	98 
451	3 
452	73 
453	36 
454	2 
455	18 
456	34 
457	13 
458	55 
459	71 
460	84 
461	18 
462	16 
463	83 
464	15 
465	55 
466	68 
467	3 
468	90 
469	31 
470	28 
471	29 
472	20 
473	17 
474	14 
475	24 
476	101 
477	45 
478	25 
479	10 
480	99 
481	12 
482	16 
483	68 
484	78 
485	27 
486	59 
487	62 
488	3 
489	78 
490	99 
491	29 
492	36 
493	64 
494	10 
495	29 
496	79 
497	64 
498	54 
499	61 
500	14 
501	88 
502	60 
503	36 
504	36 
505	73 
506	95 
507	79 
508	34 
509	84 
510	50 
511	71 
512	65 
513	102 
514	83 
515	62 
516	9 
517	52 
518	15 
519	68 
520	80 
521	60 
522	20 
523	78 
524	50 
525	74 
526	78 
527	67 
528	18 
529	76 
530	38 
531	97 
532	75 
533	68 
534	52 
535	43 
536	36 
537	71 
538	82 
539	33 
540	89 
541	10 
542	99 
543	31 
544	21 
545	21 
546	46 
547	98 
548	3 
549	36 
550	68 
551	3 
552	53 
553	20 
554	97 
555	17 
556	47 
557	25 
558	84 
559	20 
560	21 
561	66 
562	63 
563	62 
564	95 
565	92 
566	53 
567	16 
568	63 
569	95 
570	33 
571	13 
572	42 
573	102 
574	91 
575	93 
576	67 
577	61 
578	41 
579	68 
580	43 
581	24 
582	99 
583	77 
584	28 
585	29 
586	73 
587	43 
588	95 
589	9 
590	17 
591	2 
592	64 
593	20 
594	73 
595	12 
596	46 
597	77 
598	76 
599	74 
600	1 
601	100 
602	78 
603	79 
604	34 
605	13 
606	62 
607	6 
608	80 
609	42 
610	13 
611	47 
612	25 
613	31 
614	102 
615	21 
616	74 
617	15 
618	79 
619	9 
620	12 
621	19 
622	65 
623	51 
624	83 
625	45 
626	17 
627	16 
628	93 
629	46 
630	36 
631	16 
632	91 
633	88 
634	38 
635	13 
636	12 
637	14 
638	31 
639	38 
640	92 
641	65 
642	73 
643	99 
644	21 
645	102 
646	78 
647	102 
648	29 
649	90 
650	23 
651	11 
652	6 
653	99 
654	15 
655	3 
656	8 
657	53 
658	24 
659	21 
660	80 
661	42 
662	39 
663	24 
664	18 
665	94 
666	26 
667	55 
668	80 
669	42 
670	46 
671	83 
672	73 
673	99 
674	38 
675	45 
676	46 
677	80 
678	68 
679	35 
680	73 
681	50 
682	5 
683	78 
684	55 
685	92 
686	13 
687	2 
688	48 
689	76 
690	15 
691	51 
692	88 
693	65 
694	84 
695	53 
696	13 
697	47 
698	67 
699	45 
700	7 
701	45 
702	63 
703	78 
704	22 
705	89 
706	95 
707	100 
708	99 
709	66 
710	38 
711	39 
712	36 
713	76 
714	81 
715	29 
716	21 
717	21 
718	21 
719	49 
720	14 
721	68 
722	92 
723	3 
724	10 
725	65 
726	35 
727	70 
728	13 
729	83 
730	52 
731	63 
732	8 
733	83 
734	91 
735	75 
736	81 
737	83 
738	55 
739	61 
740	77 
741	88 
742	54 
743	85 
744	42 
745	49 
746	21 
747	94 
748	12 
749	31 
750	3 
751	72 
752	93 
753	102 
754	68 
755	78 
756	89 
757	38 
758	102 
759	16 
760	80 
761	50 
762	89 
763	48 
764	20 
765	3 
766	89 
767	38 
768	43 
769	36 
770	14 
771	42 
772	87 
773	86 
774	84 
775	60 
776	72 
777	78 
778	36 
779	67 
780	8 
781	16 
782	74 
783	84 
784	87 
785	78 
786	85 
787	2 
788	81 
789	3 
790	51 
791	102 
792	27 
793	51 
794	21 
795	60 
796	68 
797	30 
798	98 
799	53 
800	62 
801	68 
802	21 
803	26 
804	102 
805	75 
806	4 
807	57 
808	62 
809	84 
810	89 
811	78 
812	1 
813	49 
814	64 
815	39 
816	28 
817	4 
818	68 
819	43 
820	45 
821	81 
822	10 
823	17 
824	51 
825	43 
826	98 
827	90 
828	83 
829	29 
830	29 
831	4 
832	30 
833	21 
834	72 
835	72 
836	91 
837	18 
838	79 
839	69 
840	42 
841	73 
842	74 
843	102 
844	12 
845	94 
846	99 
847	3 
848	61 
849	57 
850	15 
851	16 
852	86 
853	21 
854	14 
855	84 
856	81 
857	60 
858	1 
859	14 
860	14 
861	85 
862	80 
863	39 
864	75 
865	11 
866	92 
867	47 
868	52 
869	95 
870	11 
871	74 
872	46 
873	92 
874	11 
875	77 
876	54 
877	53 
878	52 
879	88 
880	100 
881	43 
882	79 
883	95 
884	76 
885	22 
886	66 
887	62 
888	36 
889	49 
890	58 
891	67 
892	23 
893	95 
894	33 
895	57 
896	74 
897	77 
898	29 
899	2 
900	90 
901	49 
902	12 
903	58 
904	81 
905	77 
906	6 
907	58 
908	47 
909	54 
910	46 
911	14 
912	8 
913	66 
914	90 
915	67 
916	7 
917	32 
918	59 
919	60 
920	46 
921	42 
922	11 
923	11 
924	67 
925	25 
926	84 
927	42 
928	6 
929	71 
930	9 
931	68 
932	88 
933	47 
934	97 
935	4 
936	37 
937	83 
938	26 
939	23 
940	101 
941	42 
942	38 
943	9 
944	11 
945	6 
946	16 
947	38 
948	56 
949	29 
950	4 
951	64 
952	16 
953	24 
954	42 
955	98 
956	43 
957	99 
958	43 
959	99 
960	100 
961	43 
962	82 
963	43 
964	81 
965	46 
966	42 
967	93 
968	3 
969	78 
970	80 
971	2 
972	84 
973	40 
974	101 
975	54 
976	67 
977	6 
978	79 
979	55 
980	83 
981	15 
982	14 
983	78 
984	26 
985	80 
986	87 
987	90 
988	97 
989	18 
990	77 
991	77 
992	33 
993	51 
994	2 
995	54 
996	57 
997	95 
998	94 
999	65 
1000	36 
1001	20 
1002	47 
1003	71 
1004	39 
1005	36 
1006	89 
1007	45 
1008	47 
1009	42 
1010	100 
1011	46 
1012	20 
1013	79 
1014	29 
1015	4 
1016	19 
1017	4 
1018	84 
1019	61 
1020	60 
1021	89 
1022	48 
1023	88 
1024	67 
1025	62 
1026	83 
1027	77 
1028	30 
1029	43 
1030	91 
1031	97 
1032	6 
1033	48 
1034	24 
1035	80 
1036	54 
1037	99 
1038	80 
1039	21 
1040	102 
1041	102 
1042	62 
1043	99 
1044	62 
1045	86 
1046	48 
1047	62 
1048	40 
1049	18 
1050	1 
1051	74 
1052	99 
1053	62 
1054	45 
1055	43 
1056	10 
1057	44 
1058	90 
1059	67 
1060	51 
1061	36 
1062	80 
1063	74 
1064	99 
1065	42 
1066	86 
1067	48 
1068	10 
1069	68 
1070	73 
1071	11 
1072	85 
1073	36 
1074	52 
1075	52 
1076	22 
1077	100 
1078	71 
1079	42 
1080	4 
1081	95 
1082	15 
1083	28 
1084	40 
1085	63 
1086	80 
1087	68 
1088	58 
1089	9 
1090	50 
1091	40 
1092	93 
1093	80 
1094	71 
1095	36 
1096	55 
1097	5 
1098	88 
1099	67 
1100	16 
1101	12 
1102	56 
1103	50 
1104	81 
1105	71 
1106	4 
1107	98 
1108	12 
1109	38 
1110	48 
1111	67 
1112	29 
1113	35 
1114	22 
1115	28 
1116	4 
1117	87 
1118	100 
1119	59 
1120	86 
1121	100 
1122	51 
1123	40 
1124	14 
1125	84 
1126	74 
1127	43 
1128	30 
1129	38 
1130	20 
1131	100 
1132	1 
1133	36 
1134	9 
1135	20 
1136	62 
1137	9 
1138	14 
1139	51 
1140	98 
1141	47 
1142	88 
1143	90 
1144	7 
1145	92 
1146	36 
1147	64 
1148	73 
1149	88 
1150	85 
1151	36 
1152	56 
1153	74 
1154	42 
1155	7 
1156	50 
1157	59 
1158	6 
1159	15 
1160	12 
1161	87 
1162	83 
1163	29 
1164	51 
1165	48 
1166	99 
1167	2 
1168	12 
1169	62 
1170	21 
1171	10 
1172	61 
1173	100 
1174	29 
1175	81 
1176	38 
1177	92 
1178	7 
1179	77 
1180	11 
1181	54 
1182	71 
1183	70 
1184	8 
1185	51 
1186	101 
1187	94 
1188	31 
1189	77 
1190	38 
1191	85 
1192	95 
1193	53 
1194	63 
1195	97 
1196	45 
1197	64 
1198	90 
1199	96 
1200	99 
1201	59 
1202	83 
1203	71 
1204	62 
1205	9 
1206	52 
1207	51 
1208	62 
1209	43 
1210	102 
1211	32 
1212	48 
1213	6 
1214	14 
1215	51 
1216	35 
1217	18 
1218	21 
1219	14 
1220	42 
1221	43 
1222	87 
1223	78 
1224	20 
1225	35 
1226	73 
1227	15 
1228	42 
1229	80 
1230	86 
1231	78 
1232	79 
1233	73 
1234	97 
1235	81 
1236	83 
1237	71 
1238	8 
1239	10 
1240	13 
1241	31 
1242	99 
1243	78 
1244	74 
1245	10 
1246	45 
1247	28 
1248	12 
1249	36 
1250	30 
1251	66 
1252	102 
1253	68 
1254	43 
1255	16 
1256	40 
1257	32 
1258	81 
1259	89 
1260	87 
1261	63 
1262	15 
1263	49 
1264	95 
1265	57 
1266	83 
1267	20 
1268	6 
1269	50 
1270	102 
1271	8 
1272	14 
1273	44 
1274	74 
1275	42 
1276	49 
1277	17 
1278	14 
1279	58 
1280	19 
1281	92 
1282	99 
1283	14 
1284	62 
1285	35 
1286	83 
1287	93 
1288	78 
1289	67 
1290	66 
1291	47 
1292	18 
1293	23 
1294	44 
1295	1 
1296	49 
1297	71 
1298	25 
1299	12 
1300	11 
1301	40 
1302	16 
1303	83 
1304	3 
1305	67 
1306	59 
1307	21 
1308	30 
1309	33 
1310	71 
1311	13 
1312	12 
1313	43 
1314	63 
1315	9 
1316	18 
1317	78 
1318	54 
1319	11 
1320	67 
1321	8 
1322	33 
1323	91 
1324	48 
1325	81 
1326	11 
1327	22 
1328	37 
1329	33 
1330	14 
1331	45 
1332	15 
1333	76 
1334	4 
1335	49 
1336	92 
1337	28 
1338	4 
1339	4 
1340	11 
1341	83 
1342	73 
1343	12 
1344	49 
1345	45 
1346	75 
1347	83 
1348	54 
1349	16 
1350	49 
1351	51 
1352	43 
1353	29 
1354	84 
1355	95 
1356	32 
1357	12 
1358	2 
1359	42 
1360	20 
1361	29 
1362	80 
1363	85 
1364	53 
1365	14 
1366	80 
1367	99 
1368	3 
1369	93 
1370	7 
1371	54 
1372	9 
1373	81 
1374	49 
1375	81 
1376	41 
1377	36 
1378	55 
1379	84 
1380	65 
1381	78 
1382	16 
1383	12 
1384	63 
1385	67 
1386	30 
1387	51 
1388	43 
1389	2 
1390	77 
1391	21 
1392	38 
1393	42 
1394	98 
1395	92 
1396	3 
1397	46 
1398	12 
1399	83 
1400	2 
1401	77 
1402	36 
1403	49 
1404	100 
1405	95 
1406	75 
1407	65 
1408	55 
1409	20 
1410	36 
1411	16 
1412	8 
1413	21 
1414	56 
1415	16 
1416	8 
1417	102 
1418	95 
1419	74 
1420	74 
1421	37 
1422	75 
1423	88 
1424	79 
1425	60 
1426	58 
1427	12 
1428	63 
1429	86 
1430	70 
1431	83 
1432	89 
1433	12 
1434	5 
1435	78 
1436	72 
1437	41 
1438	61 
1439	10 
1440	83 
1441	20 
1442	95 
1443	79 
1444	93 
1445	1 
1446	2 
1447	5 
1448	45 
1449	63 
1450	52 
1451	47 
1452	70 
1453	99 
1454	10 
1455	12 
1456	97 
1457	67 
1458	10 
1459	38 
1460	74 
1461	20 
1462	41 
1463	9 
1464	68 
1465	89 
1466	97 
1467	3 
1468	5 
1469	67 
1470	95 
1471	4 
1472	96 
1473	42 
1474	3 
1475	79 
1476	29 
1477	78 
1478	96 
1479	17 
1480	56 
1481	25 
1482	13 
1483	30 
1484	52 
1485	59 
1486	6 
1487	4 
1488	67 
1489	79 
1490	80 
1491	89 
1492	23 
1493	95 
1494	19 
1495	39 
1496	88 
1497	61 
1498	52 
1499	60 
1500	21 
1501	53 
1502	95 
1503	70 
1504	100 
1505	14 
1506	99 
1507	101 
1508	55 
1509	24 
1510	7 
1511	99 
1512	49 
1513	29 
1514	40 
1515	73 
1516	5 
1517	3 
1518	42 
1519	97 
1520	77 
1521	35 
1522	94 
1523	29 
1524	47 
1525	65 
1526	75 
1527	68 
1528	49 
1529	68 
1530	13 
1531	85 
1532	2 
1533	34 
1534	62 
1535	65 
1536	77 
1537	13 
1538	33 
1539	81 
1540	55 
1541	30 
1542	33 
1543	15 
1544	27 
1545	24 
1546	23 
1547	81 
1548	102 
1549	62 
1550	67 
1551	24 
1552	52 
1553	25 
1554	90 
1555	46 
1556	34 
1557	56 
1558	53 
1559	3 
1560	84 
1561	79 
1562	43 
1563	80 
1564	65 
1565	52 
1566	55 
1567	48 
1568	94 
1569	73 
1570	2 
1571	83 
1572	55 
1573	60 
1574	51 
1575	4 
1576	19 
1577	60 
1578	81 
1579	94 
1580	55 
1581	92 
1582	93 
1583	67 
1584	87 
1585	4 
1586	22 
1587	102 
1588	6 
1589	16 
1590	95 
1591	83 
1592	89 
1593	14 
1594	6 
1595	85 
1596	36 
1597	3 
1598	81 
1599	78 
1600	20 
1601	2 
1602	82 
1603	15 
1604	24 
1605	3 
1606	88 
1607	4 
1608	83 
1609	38 
1610	67 
1611	2 
1612	20 
1613	87 
1614	29 
1615	14 
1616	21 
1617	64 
1618	78 
1619	37 
1620	28 
1621	13 
1622	17 
1623	93 
1624	3 
1625	77 
1626	4 
1627	16 
1628	51 
1629	19 
1630	52 
1631	46 
1632	36 
1633	55 
1634	62 
1635	44 
1636	63 
1637	2 
1638	57 
1639	78 
1640	53 
1641	29 
1642	84 
1643	102 
1644	48 
1645	60 
1646	66 
1647	60 
1648	35 
1649	88 
1650	78 
1651	9 
1652	13 
1653	31 
1654	29 
1655	65 
1656	9 
1657	67 
1658	82 
1659	92 
1660	38 
1661	57 
1662	87 
1663	11 
1664	2 
1665	18 
1666	78 
1667	56 
1668	36 
1669	73 
1670	45 
1671	43 
1672	93 
1673	89 
1674	41 
1675	52 
1676	4 
1677	78 
1678	59 
1679	3 
1680	10 
1681	64 
1682	72 
1683	21 
1684	67 
1685	33 
1686	55 
1687	82 
1688	95 
1689	68 
1690	51 
1691	65 
1692	73 
1693	97 
1694	28 
1695	95 
1696	47 
1697	35 
1698	78 
1699	21 
1700	61 
1701	3 
1702	29 
1703	89 
1704	12 
1705	61 
1706	2 
1707	1 
1708	3 
1709	83 
1710	76 
1711	12 
1712	3 
1713	90 
1714	3 
1715	63 
1716	67 
1717	92 
1718	32 
1719	92 
1720	78 
1721	45 
1722	47 
1723	13 
1724	77 
1725	82 
1726	36 
1727	14 
1728	73 
1729	51 
1730	27 
1731	24 
1732	87 
1733	69 
1734	48 
1735	8 
1736	14 
1737	21 
1738	54 
1739	83 
1740	71 
1741	10 
1742	52 
1743	51 
1744	90 
1745	10 
1746	96 
1747	68 
1748	39 
1749	96 
1750	58 
1751	90 
1752	87 
1753	14 
1754	86 
1755	46 
1756	67 
1757	44 
1758	49 
1759	76 
1760	16 
1761	40 
1762	53 
1763	73 
1764	22 
1765	2 
1766	48 
1767	4 
1768	17 
1769	94 
1770	102 
1771	100 
1772	89 
1773	11 
1774	101 
1775	41 
1776	4 
1777	58 
1778	13 
1779	20 
1780	14 
1781	99 
1782	19 
1783	60 
1784	75 
1785	99 
1786	84 
1787	7 
1788	29 
1789	79 
1790	24 
1791	93 
1792	51 
1793	14 
1794	90 
1795	50 
1796	4 
1797	66 
1798	65 
1799	44 
1800	88 
1801	48 
1802	63 
1803	32 
1804	86 
1805	99 
1806	92 
1807	96 
1808	29 
1809	66 
1810	45 
1811	95 
1812	68 
1813	73 
1814	17 
1815	50 
1816	101 
1817	9 
1818	31 
1819	57 
1820	60 
1821	86 
1822	4 
1823	48 
1824	87 
1825	15 
1826	92 
1827	56 
1828	101 
1829	88 
1830	24 
1831	52 
1832	94 
1833	36 
1834	49 
1835	13 
1836	46 
1837	60 
1838	36 
1839	62 
1840	24 
1841	81 
1842	55 
1843	68 
1844	78 
1845	24 
1846	84 
1847	28 
1848	74 
1849	22 
1850	75 
1851	3 
1852	59 
1853	101 
1854	51 
1855	14 
1856	65 
1857	52 
1858	83 
1859	84 
1860	53 
1861	100 
1862	65 
1863	45 
1864	46 
1865	64 
1866	101 
1867	1 
1868	16 
1869	74 
1870	76 
1871	20 
1872	23 
1873	64 
1874	13 
1875	63 
1876	35 
1877	74 
1878	6 
1879	53 
1880	4 
1881	4 
1882	76 
1883	28 
1884	3 
1885	24 
1886	99 
1887	13 
1888	97 
1889	23 
1890	13 
1891	102 
1892	60 
1893	29 
1894	95 
1895	96 
1896	68 
1897	70 
1898	63 
1899	25 
1900	30 
1901	29 
1902	62 
1903	52 
1904	78 
1905	77 
1906	18 
1907	46 
1908	31 
1909	83 
1910	14 
1911	13 
1912	88 
1913	41 
1914	61 
1915	24 
1916	34 
1917	57 
1918	55 
1919	21 
1920	42 
1921	89 
1922	26 
1923	83 
1924	92 
1925	9 
1926	87 
1927	4 
1928	9 
1929	42 
1930	76 
1931	67 
1932	63 
1933	83 
1934	49 
1935	21 
1936	16 
1937	11 
1938	87 
1939	74 
1940	12 
1941	101 
1942	88 
1943	87 
1944	92 
1945	24 
1946	99 
1947	41 
1948	61 
1949	95 
1950	64 
1951	68 
1952	67 
1953	14 
1954	90 
1955	15 
1956	90 
1957	82 
1958	2 
1959	11 
1960	64 
1961	102 
1962	3 
1963	81 
1964	9 
1965	87 
1966	36 
1967	30 
1968	55 
1969	11 
1970	78 
1971	21 
1972	26 
1973	3 
1974	81 
1975	91 
1976	36 
1977	70 
1978	51 
1979	67 
1980	53 
1981	83 
1982	34 
1983	66 
1984	40 
1985	45 
1986	12 
1987	60 
1988	8 
1989	71 
1990	74 
1991	28 
1992	21 
1993	1 
1994	13 
1995	38 
1996	16 
1997	27 
1998	8 
1999	55 
2000	68 
2001	53 
2002	96 
2003	75 
2004	102 
2005	65 
2006	49 
2007	68 
2008	40 
2009	102 
2010	3 
2011	42 
2012	99 
2013	80 
2014	1 
2015	11 
2016	98 
2017	53 
2018	87 
2019	25 
2020	42 
2021	65 
2022	42 
2023	8 
2024	82 
2025	51 
2026	51 
2027	29 
2028	72 
2029	87 
2030	34 
2031	16 
2032	2 
2033	69 
2034	36 
2035	70 
2036	12 
2037	89 
2038	36 
2039	83 
2040	6 
2041	36 
2042	84 
2043	87 
2044	45 
2045	62 
2046	59 
2047	21 
2048	78 
2049	73 
2050	31 
2051	37 
2052	37 
2053	58 
2054	4 
2055	83 
2056	28 
2057	51 
2058	36 
2059	40 
2060	2 
2061	40 
2062	23 
2063	36 
2064	6 
2065	83 
2066	13 
2067	50 
2068	52 
2069	46 
2070	67 
2071	1 
2072	86 
2073	80 
2074	97 
2075	96 
2076	45 
2077	62 
2078	10 
2079	43 
2080	13 
2081	29 
2082	81 
2083	80 
2084	86 
2085	47 
2086	22 
2087	16 
2088	63 
2089	73 
2090	35 
2091	45 
2092	66 
2093	100 
2094	73 
2095	42 
2096	58 
2097	83 
2098	83 
2099	83 
2100	20 
2101	92 
2102	78 
2103	52 
2104	84 
2105	47 
2106	49 
2107	78 
2108	67 
2109	80 
2110	9 
2111	73 
2112	58 
2113	6 
2114	36 
2115	55 
2116	26 
2117	42 
2118	81 
2119	97 
2120	16 
2121	47 
2122	15 
2123	37 
2124	29 
2125	45 
2126	35 
2127	63 
2128	97 
2129	3 
2130	96 
2131	73 
2132	14 
2133	4 
2134	83 
2135	81 
2136	16 
2137	4 
2138	78 
2139	15 
2140	51 
2141	42 
2142	72 
2143	71 
2144	64 
2145	39 
2146	81 
2147	3 
2148	57 
2149	88 
2150	67 
2151	95 
2152	9 
2153	99 
2154	9 
2155	83 
2156	79 
2157	96 
2158	13 
2159	75 
2160	12 
2161	88 
2162	44 
2163	7 
2164	28 
2165	8 
2166	68 
2167	95 
2168	69 
2169	42 
2170	28 
2171	79 
2172	22 
2173	6 
2174	60 
2175	78 
2176	62 
2177	55 
2178	51 
2179	99 
2180	95 
2181	101 
2182	78 
2183	36 
2184	82 
2185	11 
2186	49 
2187	55 
2188	71 
2189	66 
2190	39 
2191	5 
2192	42 
2193	36 
2194	4 
2195	36 
2196	65 
2197	102 
2198	97 
2199	73 
2200	8 
2201	80 
2202	51 
2203	27 
2204	88 
2205	5 
2206	16 
2207	81 
2208	81 
2209	81 
2210	43 
2211	4 
2212	42 
2213	94 
2214	17 
2215	58 
2216	55 
2217	67 
2218	76 
2219	52 
2220	94 
2221	55 
2222	2 
2223	65 
2224	19 
2225	72 
2226	93 
2227	6 
2228	95 
2229	65 
2230	13 
2231	82 
2232	43 
2233	43 
2234	22 
2235	57 
2236	41 
2237	86 
2238	98 
2239	10 
2240	10 
2241	4 
2242	64 
2243	54 
2244	62 
2245	101 
2246	13 
2247	15 
2248	31 
2249	83 
2250	99 
2251	16 
2252	20 
2253	82 
2254	47 
2255	14 
2256	57 
2257	8 
2258	32 
2259	73 
2260	89 
2261	48 
2262	12 
2263	29 
2264	14 
2265	9 
2266	44 
2267	12 
2268	92 
2269	12 
2270	18 
2271	14 
2272	71 
2273	6 
2274	72 
2275	12 
2276	57 
2277	7 
2278	42 
2279	86 
2280	102 
2281	9 
2282	80 
2283	67 
2284	92 
2285	63 
2286	79 
2287	27 
2288	74 
2289	18 
2290	27 
2291	30 
2292	32 
2293	68 
2294	43 
2295	90 
2296	68 
2297	43 
2298	94 
2299	95 
2300	51 
2301	95 
2302	36 
2303	21 
2304	21 
2305	16 
2306	36 
2307	82 
2308	9 
2309	9 
2310	66 
2311	88 
2312	17 
2313	68 
2314	83 
2315	17 
2316	98 
2317	35 
2318	79 
2319	52 
2320	52 
2321	97 
2322	32 
2323	34 
2324	100 
2325	71 
2326	2 
2327	78 
2328	77 
2329	2 
2330	51 
2331	14 
2332	69 
2333	19 
2334	84 
2335	20 
2336	79 
2337	91 
2338	14 
2339	47 
2340	71 
2341	14 
2342	1 
2343	98 
2344	57 
2345	42 
2346	66 
2347	16 
2348	42 
2349	99 
2350	92 
2351	83 
2352	55 
2353	43 
2354	51 
2355	4 
2356	1 
2357	7 
2358	14 
2359	81 
2360	55 
2361	58 
2362	43 
2363	85 
2364	73 
2365	52 
2366	20 
2367	99 
2368	85 
2369	63 
2370	12 
2371	62 
2372	34 
2373	38 
2374	91 
2375	20 
2376	37 
2377	99 
2378	67 
2379	37 
2380	36 
2381	25 
2382	49 
2383	53 
2384	39 
2385	4 
2386	86 
2387	2 
2388	5 
2389	102 
2390	67 
2391	84 
2392	59 
2393	47 
2394	69 
2395	91 
2396	58 
2397	32 
2398	78 
2399	36 
2400	77 
2401	16 
2402	90 
2403	66 
2404	2 
2405	13 
2406	74 
2407	91 
2408	23 
2409	51 
2410	24 
2411	71 
2412	31 
2413	84 
2414	42 
2415	93 
2416	46 
2417	81 
2418	4 
2419	19 
2420	89 
2421	56 
2422	56 
2423	12 
2424	10 
2425	47 
2426	24 
2427	11 
2428	10 
2429	74 
2430	19 
2431	15 
2432	85 
2433	44 
2434	14 
2435	81 
2436	25 
2437	3 
2438	57 
2439	24 
2440	16 
2441	84 
2442	27 
2443	56 
2444	20 
2445	65 
2446	88 
2447	97 
2448	102 
2449	88 
2450	77 
2451	66 
2452	51 
2453	32 
2454	3 
2455	78 
2456	9 
2457	6 
2458	4 
2459	41 
2460	78 
2461	4 
2462	68 
2463	98 
2464	73 
2465	23 
2466	51 
2467	44 
2468	56 
2469	2 
2470	4 
2471	45 
2472	46 
2473	55 
2474	48 
2475	16 
2476	81 
2477	35 
2478	36 
2479	42 
2480	29 
2481	79 
2482	95 
2483	80 
2484	14 
2485	91 
2486	69 
2487	65 
2488	68 
2489	42 
2490	53 
2491	25 
2492	39 
2493	66 
2494	41 
2495	76 
2496	63 
2497	14 
2498	9 
2499	69 
2500	27 
2501	101 
2502	74 
2503	78 
2504	2 
2505	21 
2506	13 
2507	92 
2508	32 
2509	2 
2510	80 
2511	78 
2512	89 
2513	13 
2514	30 
2515	80 
2516	46 
2517	2 
2518	71 
2519	64 
2520	31 
2521	21 
2522	86 
2523	92 
2524	90 
2525	4 
2526	98 
2527	92 
2528	12 
2529	95 
2530	102 
2531	3 
2532	78 
2533	8 
2534	55 
2535	46 
2536	16 
2537	42 
2538	78 
2539	74 
2540	21 
2541	92 
2542	12 
2543	46 
2544	73 
2545	67 
2546	33 
2547	102 
2548	54 
2549	45 
2550	27 
2551	38 
2552	17 
2553	83 
2554	16 
2555	79 
2556	5 
2557	73 
2558	62 
2559	69 
2560	45 
2561	82 
2562	79 
2563	22 
2564	51 
2565	80 
2566	78 
2567	73 
2568	17 
2569	13 
2570	48 
2571	90 
2572	35 
2573	86 
2574	60 
2575	17 
2576	47 
2577	12 
2578	28 
2579	80 
2580	14 
2581	34 
2582	96 
2583	74 
2584	49 
2585	35 
2586	53 
2587	98 
2588	24 
2589	51 
2590	70 
2591	83 
2592	9 
2593	90 
2594	36 
2595	9 
2596	79 
2597	30 
2598	60 
2599	24 
2600	78 
2601	93 
2602	15 
2603	49 
2604	46 
2605	34 
2606	62 
2607	43 
2608	78 
2609	57 
2610	97 
2611	84 
2612	6 
2613	62 
2614	22 
2615	64 
2616	43 
2617	97 
2618	16 
2619	63 
2620	24 
2621	5 
2622	97 
2623	60 
2624	15 
2625	3 
2626	13 
2627	16 
2628	99 
2629	62 
2630	28 
2631	64 
2632	21 
2633	74 
2634	63 
2635	75 
2636	99 
2637	51 
2638	95 
2639	11 
2640	23 
2641	4 
2642	62 
2643	69 
2644	98 
2645	40 
2646	53 
2647	58 
2648	42 
2649	32 
2650	64 
2651	40 
2652	57 
2653	28 
2654	35 
2655	85 
2656	73 
2657	5 
2658	13 
2659	94 
2660	6 
2661	32 
2662	62 
2663	48 
2664	15 
2665	73 
2666	8 
2667	48 
2668	81 
2669	25 
2670	47 
2671	69 
2672	13 
2673	95 
2674	84 
2675	64 
2676	60 
2677	6 
2678	60 
2679	32 
2680	21 
2681	65 
2682	62 
2683	13 
2684	60 
2685	70 
2686	8 
2687	92 
2688	86 
2689	14 
2690	48 
2691	49 
2692	97 
2693	58 
2694	34 
2695	52 
2696	62 
2697	64 
2698	12 
2699	42 
2700	51 
2701	67 
2702	88 
2703	1 
2704	93 
2705	33 
2706	33 
2707	81 
2708	60 
2709	4 
2710	89 
2711	102 
2712	89 
2713	99 
2714	13 
2715	36 
2716	3 
2717	54 
2718	7 
2719	26 
2720	51 
2721	14 
2722	74 
2723	55 
2724	90 
2725	33 
2726	56 
2727	100 
2728	66 
2729	16 
2730	86 
2731	45 
2732	29 
2733	8 
2734	42 
2735	62 
2736	2 
2737	51 
2738	101 
2739	29 
2740	19 
2741	15 
2742	63 
2743	6 
2744	86 
2745	68 
2746	21 
2747	97 
2748	42 
2749	37 
2750	16 
2751	53 
2752	4 
2753	95 
2754	8 
2755	63 
2756	81 
2757	15 
2758	53 
2759	24 
2760	67 
2761	80 
2762	14 
2763	68 
2764	40 
2765	46 
2766	51 
2767	84 
2768	98 
2769	23 
2770	26 
2771	59 
2772	67 
2773	90 
2774	12 
2775	84 
2776	77 
2777	90 
2778	26 
2779	26 
2780	26 
2781	16 
2782	43 
2783	39 
2784	55 
2785	71 
2786	97 
2787	14 
2788	92 
2789	34 
2790	16 
2791	92 
2792	52 
2793	3 
2794	4 
2795	100 
2796	29 
2797	11 
2798	9 
2799	28 
2800	6 
2801	70 
2802	60 
2803	4 
2804	51 
2805	43 
2806	83 
2807	52 
2808	43 
2809	51 
2810	51 
2811	12 
2812	95 
2813	60 
2814	59 
2815	92 
2816	14 
2817	53 
2818	12 
2819	63 
2820	46 
2821	4 
2822	19 
2823	91 
2824	102 
2825	70 
2826	98 
2827	62 
2828	84 
2829	14 
2830	29 
2831	36 
2832	33 
2833	47 
2834	52 
2835	46 
2836	40 
2837	40 
2838	4 
2839	19 
2840	4 
2841	58 
2842	99 
2843	60 
2844	63 
2845	63 
2846	41 
2847	98 
2848	102 
2849	62 
2850	29 
2851	52 
2852	53 
2853	21 
2854	96 
2855	9 
2856	29 
2857	50 
2858	5 
2859	102 
2860	53 
2861	93 
2862	88 
2863	83 
2864	97 
2865	55 
2866	43 
2867	3 
2868	21 
2869	26 
2870	22 
2871	31 
2872	37 
2873	43 
2874	58 
2875	25 
2876	45 
2877	27 
2878	4 
2879	14 
2880	4 
2881	51 
2882	80 
2883	41 
2884	53 
2885	97 
2886	29 
2887	12 
2888	9 
2889	70 
2890	58 
2891	46 
2892	47 
2893	42 
2894	17 
2895	16 
2896	50 
2897	95 
2898	52 
2899	58 
2900	61 
2901	7 
2902	61 
2903	38 
2904	88 
2905	58 
2906	17 
2907	28 
2908	47 
2909	94 
2910	67 
2911	49 
2912	55 
2913	67 
2914	2 
2915	80 
2916	14 
2917	63 
2918	24 
2919	96 
2920	37 
2921	5 
2922	58 
2923	26 
2924	27 
2925	14 
2926	12 
2927	12 
2928	53 
2929	57 
2930	31 
2931	88 
2932	73 
2933	55 
2934	16 
2935	47 
2936	3 
2937	92 
2938	19 
2939	80 
2940	64 
2941	56 
2942	86 
2943	51 
2944	84 
2945	13 
2946	51 
2947	79 
2948	63 
2949	3 
2950	95 
2951	67 
2952	73 
2953	84 
2954	18 
2955	68 
2956	68 
2957	97 
2958	29 
2959	49 
2960	51 
2961	32 
2962	101 
2963	90 
2964	68 
2965	12 
2966	71 
2967	85 
2968	11 
2969	69 
2970	14 
2971	97 
2972	12 
2973	99 
2974	63 
2975	28 
2976	34 
2977	86 
2978	51 
2979	92 
2980	16 
2981	73 
2982	94 
2983	29 
2984	10 
2985	53 
2986	83 
2987	28 
2988	73 
2989	16 
2990	44 
2991	16 
2992	30 
2993	46 
2994	36 
2995	11 
2996	25 
2997	98 
2998	45 
2999	97 
3000	64 
3001	34 
3002	3 
3003	95 
3004	62 
3005	23 
3006	36 
3007	2 
3008	55 
3009	43 
3010	18 
3011	99 
3012	1 
3013	101 
3014	95 
3015	8 
3016	2 
3017	14 
3018	38 
3019	66 
3020	99 
3021	68 
3022	36 
3023	63 
3024	15 
3025	6 
3026	41 
3027	36 
3028	55 
3029	24 
3030	37 
3031	92 
3032	80 
3033	91 
3034	96 
3035	70 
3036	59 
3037	22 
3038	74 
3039	72 
3040	80 
3041	10 
3042	99 
3043	69 
3044	66 
3045	96 
3046	28 
3047	3 
3048	52 
3049	13 
3050	13 
3051	55 
3052	11 
3053	83 
3054	101 
3055	14 
3056	72 
3057	45 
3058	74 
3059	83 
3060	76 
3061	87 
3062	73 
3063	81 
3064	62 
3065	78 
3066	3 
3067	12 
3068	16 
3069	72 
3070	100 
3071	60 
3072	36 
3073	95 
3074	73 
3075	68 
3076	26 
3077	86 
3078	79 
3079	11 
3080	95 
3081	67 
3082	78 
3083	60 
3084	56 
3085	51 
3086	37 
3087	78 
3088	62 
3089	10 
3090	73 
3091	12 
3092	93 
3093	72 
3094	12 
3095	64 
3096	102 
3097	65 
3098	67 
3099	71 
3100	35 
3101	51 
3102	64 
3103	95 
3104	27 
3105	80 
3106	19 
3107	51 
3108	20 
3109	16 
3110	79 
3111	30 
3112	71 
3113	91 
3114	65 
3115	62 
3116	17 
3117	26 
3118	47 
3119	36 
3120	78 
3121	80 
3122	79 
3123	63 
3124	63 
3125	51 
3126	78 
3127	81 
3128	59 
3129	16 
3130	62 
3131	82 
3132	80 
3133	24 
3134	51 
3135	83 
3136	17 
3137	81 
3138	49 
3139	10 
3140	36 
3141	4 
3142	29 
3143	15 
3144	88 
3145	64 
3146	42 
3147	76 
3148	28 
3149	71 
3150	66 
3151	56 
3152	65 
3153	51 
3154	5 
3155	95 
3156	59 
3157	73 
3158	84 
3159	58 
3160	7 
3161	3 
3162	29 
3163	9 
3164	83 
3165	82 
3166	11 
3167	39 
3168	22 
3169	40 
3170	23 
3171	99 
3172	73 
3173	78 
3174	19 
3175	4 
3176	45 
3177	6 
3178	2 
3179	80 
3180	38 
3181	71 
3182	15 
3183	67 
3184	101 
3185	78 
3186	101 
3187	68 
3188	16 
3189	58 
3190	17 
3191	28 
3192	36 
3193	43 
3194	65 
3195	71 
3196	55 
3197	42 
3198	67 
3199	68 
3200	98 
3201	44 
3202	92 
3203	63 
3204	11 
3205	3 
3206	68 
3207	56 
3208	38 
3209	38 
3210	47 
3211	44 
3212	81 
3213	100 
3214	22 
3215	68 
3216	75 
3217	25 
3218	6 
3219	18 
3220	87 
3221	85 
3222	47 
3223	44 
3224	51 
3225	53 
3226	29 
3227	51 
3228	42 
3229	13 
3230	86 
3231	40 
3232	89 
3233	97 
3234	62 
3235	58 
3236	67 
3237	43 
3238	80 
3239	81 
3240	12 
3241	54 
3242	68 
3243	59 
3244	55 
3245	99 
3246	71 
3247	3 
3248	32 
3249	92 
3250	78 
3251	84 
3252	46 
3253	86 
3254	8 
3255	59 
3256	47 
3257	92 
3258	39 
3259	99 
3260	53 
3261	64 
3262	90 
3263	56 
3264	12 
3265	58 
3266	52 
3267	74 
3268	46 
3269	43 
3270	75 
3271	73 
3272	42 
3273	4 
3274	72 
3275	102 
3276	16 
3277	7 
3278	44 
3279	13 
3280	95 
3281	12 
3282	69 
3283	68 
3284	4 
3285	17 
3286	99 
3287	4 
3288	99 
3289	3 
3290	99 
3291	62 
3292	48 
3293	57 
3294	48 
3295	6 
3296	1 
3297	62 
3298	48 
3299	58 
3300	36 
3301	7 
3302	6 
3303	16 
3304	2 
3305	14 
3306	19 
3307	49 
3308	73 
3309	72 
3310	90 
3311	90 
3312	20 
3313	57 
3314	87 
3315	44 
3316	6 
3317	40 
3318	73 
3319	48 
3320	74 
3321	16 
3322	96 
3323	36 
3324	46 
3325	87 
3326	63 
3327	69 
3328	51 
3329	81 
3330	77 
3331	23 
3332	44 
3333	55 
3334	27 
3335	34 
3336	96 
3337	95 
3338	4 
3339	52 
3340	92 
3341	51 
3342	63 
3343	102 
3344	74 
3345	40 
3346	12 
3347	4 
3348	33 
3349	97 
3350	83 
3351	68 
3352	40 
3353	75 
3354	34 
3355	51 
3356	53 
3357	35 
3358	64 
3359	101 
3360	67 
3361	80 
3362	33 
3363	12 
3364	7 
3365	89 
3366	16 
3367	13 
3368	6 
3369	102 
3370	54 
3371	13 
3372	67 
3373	48 
3374	84 
3375	84 
3376	90 
3377	4 
3378	102 
3379	49 
3380	42 
3381	40 
3382	15 
3383	9 
3384	52 
3385	101 
3386	60 
3387	64 
3388	80 
3389	2 
3390	21 
3391	53 
3392	43 
3393	83 
3394	68 
3395	38 
3396	98 
3397	14 
3398	34 
3399	57 
3400	92 
3401	16 
3402	14 
3403	13 
3404	13 
3405	17 
3406	43 
3407	9 
3408	77 
3409	16 
3410	6 
3411	16 
3412	65 
3413	81 
3414	29 
3415	2 
3416	80 
3417	78 
3418	44 
3419	6 
3420	73 
3421	55 
3422	89 
3423	47 
3424	74 
3425	94 
3426	45 
3427	55 
3428	31 
3429	42 
3430	83 
3431	4 
3432	6 
3433	66 
3434	10 
3435	55 
3436	74 
3437	7 
3438	3 
3439	8 
3440	8 
3441	67 
3442	51 
3443	27 
3444	62 
3445	16 
3446	35 
3447	41 
3448	84 
3449	62 
3450	12 
3451	47 
3452	64 
3453	15 
3454	34 
3455	94 
3456	83 
3457	4 
3458	13 
3459	3 
3460	96 
3461	101 
3462	96 
3463	94 
3464	4 
3465	37 
3466	4 
3467	19 
3468	4 
3469	21 
3470	48 
3471	48 
3472	83 
3473	53 
3474	39 
3475	6 
3476	92 
3477	2 
3478	91 
3479	15 
3480	86 
3481	65 
3482	86 
3483	102 
3484	80 
3485	14 
3486	43 
3487	69 
3488	33 
3489	101 
3490	89 
3491	71 
3492	29 
3493	74 
3494	37 
3495	42 
3496	83 
3497	88 
3498	10 
3499	61 
3500	99 
3501	39 
3502	2 
3503	55 
3504	9 
3505	85 
3506	42 
3507	80 
3508	14 
3509	34 
3510	22 
3511	43 
3512	29 
3513	38 
3514	85 
3515	45 
3516	96 
3517	83 
3518	98 
3519	11 
3520	99 
3521	57 
3522	52 
3523	88 
3524	48 
3525	14 
3526	87 
3527	99 
3528	3 
3529	66 
3530	16 
3531	67 
3532	58 
3533	89 
3534	27 
3535	42 
3536	13 
3537	3 
3538	12 
3539	32 
3540	55 
3541	78 
3542	65 
3543	82 
3544	69 
3545	99 
3546	69 
3547	87 
3548	101 
3549	99 
3550	32 
3551	4 
3552	67 
3553	102 
3554	55 
3555	26 
3556	63 
3557	73 
3558	81 
3559	84 
3560	58 
3561	79 
3562	20 
3563	11 
3564	9 
3565	99 
3566	10 
3567	2 
3568	4 
3569	90 
3570	65 
3571	87 
3572	14 
3573	74 
3574	81 
3575	84 
3576	65 
3577	87 
3578	62 
3579	24 
3580	88 
3581	80 
3582	19 
3583	2 
3584	32 
3585	92 
3586	97 
3587	13 
3588	17 
3589	10 
3590	83 
3591	90 
3592	22 
3593	94 
3594	63 
3595	77 
3596	29 
3597	40 
3598	65 
3599	45 
3600	28 
3601	7 
3602	80 
3603	48 
3604	22 
3605	46 
3606	68 
3607	47 
3608	2 
3609	67 
3610	99 
3611	32 
3612	96 
3613	86 
3614	62 
3615	72 
3616	48 
3617	27 
3618	55 
3619	36 
3620	36 
3621	83 
3622	67 
3623	65 
3624	43 
3625	69 
3626	52 
3627	8 
3628	4 
3629	13 
3630	90 
3631	63 
3632	12 
3633	34 
3634	35 
3635	73 
3636	69 
3637	33 
3638	42 
3639	93 
3640	65 
3641	83 
3642	67 
3643	31 
3644	9 
3645	51 
3646	68 
3647	84 
3648	8 
3649	62 
3650	29 
3651	43 
3652	31 
3653	68 
3654	30 
3655	8 
3656	43 
3657	36 
3658	16 
3659	99 
3660	93 
3661	83 
3662	68 
3663	102 
3664	84 
3665	16 
3666	67 
3667	39 
3668	74 
3669	59 
3670	2 
3671	38 
3672	92 
3673	9 
3674	62 
3675	68 
3676	86 
3677	92 
3678	24 
3679	97 
3680	10 
3681	20 
3682	12 
3683	89 
3684	95 
3685	5 
3686	102 
3687	18 
3688	88 
3689	84 
3690	43 
3691	47 
3692	6 
3693	53 
3694	37 
3695	36 
3696	95 
3697	17 
3698	11 
3699	74 
3700	88 
3701	55 
3702	88 
3703	26 
3704	42 
3705	17 
3706	55 
3707	68 
3708	15 
3709	19 
3710	47 
3711	36 
3712	100 
3713	13 
3714	10 
3715	23 
3716	27 
3717	24 
3718	77 
3719	7 
3720	29 
3721	63 
3722	87 
3723	76 
3724	96 
3725	16 
3726	46 
3727	3 
3728	86 
3729	83 
3730	27 
3731	60 
3732	39 
3733	88 
3734	68 
3735	55 
3736	4 
3737	83 
3738	97 
3739	8 
3740	3 
3741	36 
3742	95 
3743	73 
3744	6 
3745	60 
3746	55 
3747	18 
3748	102 
3749	75 
3750	40 
3751	47 
3752	4 
3753	47 
3754	41 
3755	50 
3756	58 
3757	16 
3758	83 
3759	16 
3760	67 
3761	88 
3762	46 
3763	101 
3764	21 
3765	29 
3766	24 
3767	6 
3768	26 
3769	7 
3770	52 
3771	16 
3772	73 
3773	84 
3774	12 
3775	79 
3776	60 
3777	84 
3778	92 
3779	67 
3780	65 
3781	97 
3782	4 
3783	35 
3784	54 
3785	10 
3786	12 
3787	66 
3788	43 
3789	21 
3790	12 
3791	9 
3792	83 
3793	94 
3794	5 
3795	78 
3796	55 
3797	19 
3798	36 
3799	85 
3800	52 
3801	68 
3802	24 
3803	84 
3804	51 
3805	24 
3806	101 
3807	21 
3808	53 
3809	52 
3810	82 
3811	81 
3812	73 
3813	69 
3814	12 
3815	63 
3816	83 
3817	12 
3818	67 
3819	8 
3820	33 
3821	14 
3822	50 
3823	73 
3824	2 
3825	16 
3826	55 
3827	10 
3828	65 
3829	49 
3830	42 
3831	47 
3832	99 
3833	15 
3834	99 
3835	12 
3836	4 
3837	74 
3838	91 
3839	27 
3840	53 
3841	44 
3842	15 
3843	65 
3844	24 
3845	30 
3846	49 
3847	3 
3848	92 
3849	68 
3850	22 
3851	97 
3852	88 
3853	15 
3854	40 
3855	84 
3856	88 
3857	39 
3858	31 
3859	12 
3860	9 
3861	79 
3862	37 
3863	19 
3864	21 
3865	18 
3866	81 
3867	62 
3868	62 
3869	31 
3870	20 
3871	53 
3872	29 
3873	65 
3874	4 
3875	46 
3876	9 
3877	65 
3878	102 
3879	39 
3880	92 
3881	42 
3882	63 
3883	37 
3884	45 
3885	2 
3886	61 
3887	39 
3888	2 
3889	87 
3890	88 
3891	24 
3892	102 
3893	100 
3894	100 
3895	40 
3896	2 
3897	78 
3898	71 
3899	48 
3900	62 
3901	97 
3902	82 
3903	79 
3904	6 
3905	21 
3906	21 
3907	24 
3908	21 
3909	5 
3910	66 
3911	89 
3912	36 
3913	2 
3914	43 
3915	32 
3916	1 
3917	37 
3918	10 
3919	53 
3920	76 
3921	12 
3922	59 
3923	18 
3924	53 
3925	55 
3926	102 
3927	68 
3928	55 
3929	39 
3930	71 
3931	102 
3932	27 
3933	22 
3934	36 
3935	4 
3936	2 
3937	81 
3938	43 
3939	8 
3940	55 
3941	2 
3942	38 
3943	25 
3944	88 
3945	78 
3946	44 
3947	2 
3948	79 
3949	62 
3950	45 
3951	63 
3952	18 
3953	78 
3954	95 
3955	36 
3956	86 
3957	101 
3958	53 
3959	46 
3960	3 
3961	55 
3962	12 
3963	78 
3964	76 
3965	5 
3966	58 
3967	9 
3968	98 
3969	15 
3970	6 
3971	6 
3972	92 
3973	52 
3974	26 
3975	29 
3976	81 
3977	42 
3978	68 
3979	33 
3980	88 
3981	16 
3982	7 
3983	71 
3984	74 
3985	41 
3986	26 
3987	66 
3988	62 
3989	36 
3990	31 
3991	74 
3992	49 
3993	71 
3994	80 
3995	20 
3996	48 
3997	2 
3998	78 
3999	94 
4000	84 
4001	78 
4002	30 
4003	60 
4004	66 
4005	12 
4006	79 
4007	99 
4008	67 
4009	88 
4010	44 
4011	52 
4012	77 
4013	92 
4014	60 
4015	22 
4016	99 
4017	80 
4018	67 
4019	81 
4020	51 
4021	97 
4022	8 
4023	99 
4024	25 
4025	42 
4026	56 
4027	46 
4028	36 
4029	54 
4030	16 
4031	2 
4032	23 
4033	16 
4034	2 
4035	79 
4036	11 
4037	46 
4038	52 
4039	38 
4040	102 
4041	60 
4042	13 
4043	33 
4044	20 
4045	92 
4046	62 
4047	19 
4048	63 
4049	73 
4050	11 
4051	13 
4052	60 
4053	83 
4054	19 
4055	57 
4056	39 
4057	11 
4058	10 
4059	15 
4060	62 
4061	16 
4062	28 
4063	92 
4064	4 
4065	6 
4066	51 
4067	31 
4068	42 
4069	98 
4070	4 
4071	29 
4072	78 
4073	33 
4074	95 
4075	22 
4076	13 
4077	70 
4078	47 
4079	5 
4080	70 
4081	52 
4082	5 
4083	67 
4084	73 
4085	66 
4086	12 
4087	85 
4088	88 
4089	83 
4090	46 
4091	60 
4092	58 
4093	78 
4094	74 
4095	4 
4096	3 
4097	50 
4098	48 
4099	65 
4100	95 
4101	20 
4102	40 
4103	1 
4104	52 
4105	5 
4106	101 
4107	54 
4108	10 
4109	81 
4110	95 
4111	88 
4112	75 
4113	88 
4114	35 
4115	88 
4116	5 
4117	101 
4118	99 
4119	26 
4120	54 
4121	8 
4122	53 
4123	87 
4124	95 
4125	83 
4126	78 
4127	3 
4128	68 
4129	74 
4130	20 
4131	80 
4132	50 
4133	51 
4134	51 
4135	57 
4136	99 
4137	31 
4138	60 
4139	55 
4140	67 
4141	45 
4142	46 
4143	76 
4144	82 
4145	51 
4146	71 
4147	24 
4148	90 
4149	61 
4150	15 
4151	90 
4152	83 
4153	23 
4154	56 
4155	86 
4156	29 
4157	4 
4158	13 
4159	82 
4160	41 
4161	17 
4162	39 
4163	97 
4164	81 
4165	12 
4166	100 
4167	21 
4168	34 
4169	71 
4170	67 
4171	12 
4172	19 
4173	68 
4174	22 
4175	78 
4176	43 
4177	4 
4178	16 
4179	78 
4180	13 
4181	79 
4182	72 
4183	14 
4184	25 
4185	21 
4186	78 
4187	89 
4188	89 
4189	11 
4190	3 
4191	46 
4192	21 
4193	21 
4194	48 
4195	81 
4196	95 
4197	36 
4198	80 
4199	73 
4200	79 
4201	89 
4202	7 
4203	81 
4204	42 
4205	2 
4206	21 
4207	100 
4208	28 
4209	5 
4210	101 
4211	9 
4212	2 
4213	20 
4214	15 
4215	58 
4216	58 
4217	67 
4218	46 
4219	102 
4220	82 
4221	7 
4222	85 
4223	20 
4224	58 
4225	83 
4226	4 
4227	35 
4228	52 
4229	82 
4230	60 
4231	88 
4232	90 
4233	64 
4234	14 
4235	49 
4236	29 
4237	63 
4238	71 
4239	52 
4240	81 
4241	43 
4242	41 
4243	87 
4244	16 
4245	42 
4246	92 
4247	61 
4248	83 
4249	66 
4250	77 
4251	75 
4252	74 
4253	100 
4254	22 
4255	98 
4256	58 
4257	60 
4258	43 
4259	48 
4260	62 
4261	12 
4262	89 
4263	15 
4264	78 
4265	26 
4266	78 
4267	56 
4268	53 
4269	62 
4270	16 
4271	54 
4272	79 
4273	64 
4274	89 
4275	70 
4276	75 
4277	17 
4278	72 
4279	37 
4280	9 
4281	60 
4282	63 
4283	6 
4284	98 
4285	40 
4286	68 
4287	95 
4288	27 
4289	12 
4290	67 
4291	9 
4292	55 
4293	69 
4294	90 
4295	32 
4296	51 
4297	67 
4298	43 
4299	4 
4300	82 
4301	52 
4302	95 
4303	102 
4304	72 
4305	50 
4306	8 
4307	92 
4308	100 
4309	43 
4310	56 
4311	39 
4312	14 
4313	46 
4314	64 
4315	18 
4316	66 
4317	83 
4318	46 
4319	85 
4320	78 
4321	1 
4322	52 
4323	14 
4324	55 
4325	46 
4326	100 
4327	33 
4328	53 
4329	74 
4330	6 
4331	64 
4332	46 
4333	42 
4334	67 
4335	89 
4336	85 
4337	34 
4338	59 
4339	60 
4340	66 
4341	28 
4342	14 
4343	86 
4344	18 
4345	29 
4346	58 
4347	62 
4348	75 
4349	99 
4350	90 
4351	102 
4352	52 
4353	51 
4354	43 
4355	47 
4356	102 
4357	3 
4358	20 
4359	73 
4360	75 
4361	102 
4362	8 
4363	65 
4364	60 
4365	75 
4366	97 
4367	102 
4368	101 
4369	65 
4370	67 
4371	42 
4372	55 
4373	10 
4374	39 
4375	58 
4376	35 
4377	36 
4378	55 
4379	51 
4380	51 
4381	91 
4382	36 
4383	64 
4384	25 
4385	31 
4386	42 
4387	16 
4388	43 
4389	12 
4390	65 
4391	81 
4392	12 
4393	2 
4394	79 
4395	42 
4396	69 
4397	9 
4398	45 
4399	79 
4400	84 
4401	41 
4402	19 
4403	39 
4404	74 
4405	12 
4406	36 
4407	89 
4408	57 
4409	78 
4410	81 
4411	68 
4412	96 
4413	16 
4414	89 
4415	55 
4416	76 
4417	39 
4418	63 
4419	37 
4420	29 
4421	60 
4422	38 
4423	95 
4424	62 
4425	100 
4426	6 
4427	95 
4428	97 
4429	13 
4430	15 
4431	54 
4432	40 
4433	30 
4434	83 
4435	20 
4436	69 
4437	65 
4438	65 
4439	68 
4440	79 
4441	20 
4442	55 
4443	83 
4444	8 
4445	81 
4446	24 
4447	49 
4448	58 
4449	83 
4450	94 
4451	79 
4452	78 
4453	92 
4454	12 
4455	56 
4456	64 
4457	89 
4458	60 
4459	39 
4460	88 
4461	97 
4462	18 
4463	47 
4464	24 
4465	69 
4466	13 
4467	89 
4468	23 
4469	46 
4470	101 
4471	51 
4472	51 
4473	45 
4474	53 
4475	69 
4476	1 
4477	15 
4478	52 
4479	87 
4480	89 
4481	35 
4482	53 
4483	3 
4484	46 
4485	2 
4486	4 
4487	36 
4488	42 
4489	46 
4490	31 
4491	32 
4492	28 
4493	36 
4494	36 
4495	29 
4496	59 
4497	34 
4498	48 
4499	1 
4500	12 
4501	12 
4502	9 
4503	81 
4504	64 
4505	20 
4506	11 
4507	55 
4508	47 
4509	63 
4510	100 
4511	81 
4512	31 
4513	78 
4514	37 
4515	10 
4516	59 
4517	11 
4518	68 
4519	5 
4520	46 
4521	63 
4522	43 
4523	20 
4524	61 
4525	2 
4526	81 
4527	73 
4528	50 
4529	60 
4530	49 
4531	18 
4532	45 
4533	24 
4534	42 
4535	45 
4536	65 
4537	19 
4538	33 
4539	8 
4540	31 
4541	52 
4542	13 
4543	46 
4544	42 
4545	16 
4546	45 
4547	80 
4548	19 
4549	83 
4550	19 
4551	34 
4552	61 
4553	51 
4554	43 
4555	48 
4556	29 
4557	44 
4558	2 
4559	20 
4560	58 
4561	92 
4562	21 
4563	9 
4564	7 
4565	14 
4566	56 
4567	71 
4568	78 
4569	13 
4570	49 
4571	21 
4572	2 
4573	34 
4574	44 
4575	84 
4576	34 
4577	67 
4578	67 
4579	16 
4580	42 
4581	53 
4582	73 
4583	80 
4584	51 
4585	69 
4586	20 
4587	71 
4588	76 
4589	16 
4590	17 
4591	31 
4592	4 
4593	18 
4594	36 
4595	91 
4596	53 
4597	78 
4598	13 
4599	49 
4600	62 
4601	64 
4602	63 
4603	102 
4604	60 
4605	16 
4606	12 
4607	82 
4608	49 
4609	43 
4610	87 
4611	54 
4612	43 
4613	40 
4614	52 
4615	48 
4616	101 
4617	27 
4618	44 
4619	11 
4620	83 
4621	38 
4622	89 
4623	37 
4624	88 
4625	90 
4626	83 
4627	74 
4628	62 
4629	52 
4630	97 
4631	1 
4632	81 
4633	16 
4634	47 
4635	14 
4636	74 
4637	40 
4638	55 
4639	95 
4640	86 
4641	89 
4642	20 
4643	79 
4644	90 
4645	64 
4646	36 
4647	38 
4648	99 
4649	24 
4650	67 
4651	81 
4652	39 
4653	10 
4654	7 
4655	64 
4656	3 
4657	83 
4658	13 
4659	74 
4660	45 
4661	51 
4662	7 
4663	1 
4664	79 
4665	14 
4666	78 
4667	60 
4668	18 
4669	12 
4670	64 
4671	48 
4672	2 
4673	100 
4674	65 
4675	42 
4676	63 
4677	62 
4678	29 
4679	8 
4680	90 
4681	81 
4682	5 
4683	58 
4684	43 
4685	82 
4686	42 
4687	43 
4688	95 
4689	12 
4690	51 
4691	101 
4692	82 
4693	15 
4694	63 
4695	62 
4696	44 
4697	73 
4698	67 
4699	18 
4700	88 
4701	64 
4702	64 
4703	34 
4704	42 
4705	79 
4706	13 
4707	84 
4708	28 
4709	62 
4710	24 
4711	99 
4712	4 
4713	102 
4714	74 
4715	20 
4716	88 
4717	78 
4718	5 
4719	38 
4720	64 
4721	35 
4722	89 
4723	68 
4724	3 
4725	58 
4726	4 
4727	92 
4728	68 
4729	99 
4730	4 
4731	57 
4732	99 
4733	78 
4734	95 
4735	6 
4736	71 
4737	5 
4738	71 
4739	67 
4740	48 
4741	63 
4742	10 
4743	14 
4744	83 
4745	5 
4746	22 
4747	92 
4748	2 
4749	17 
4750	19 
4751	20 
4752	2 
4753	73 
4754	34 
4755	74 
4756	2 
4757	47 
4758	62 
4759	63 
4760	68 
4761	21 
4762	48 
4763	8 
4764	77 
4765	9 
4766	79 
4767	60 
4768	33 
4769	8 
4770	12 
4771	100 
4772	34 
4773	73 
4774	80 
4775	31 
4776	53 
4777	35 
4778	42 
4779	56 
4780	83 
4781	102 
4782	65 
4783	102 
4784	87 
4785	56 
4786	2 
4787	74 
4788	36 
4789	67 
4790	92 
4791	100 
4792	67 
4793	86 
4794	81 
4795	65 
4796	55 
4797	8 
4798	81 
4799	55 
4800	35 
4801	9 
4802	43 
4803	63 
4804	84 
4805	12 
4806	29 
4807	102 
4808	99 
4809	29 
4810	101 
4811	16 
4812	43 
4813	95 
4814	81 
4815	46 
4816	81 
4817	9 
4818	100 
4819	99 
4820	51 
4821	36 
4822	92 
4823	101 
4824	5 
4825	92 
4826	74 
4827	38 
4828	58 
4829	43 
4830	24 
4831	36 
4832	21 
4833	36 
4834	64 
4835	28 
4836	80 
4837	2 
4838	67 
4839	63 
4840	29 
4841	19 
4842	20 
4843	42 
4844	47 
4845	4 
4846	102 
4847	48 
4848	74 
4849	31 
4850	73 
4851	60 
4852	6 
4853	60 
4854	65 
4855	78 
4856	24 
4857	21 
4858	19 
4859	64 
4860	53 
4861	43 
4862	74 
4863	102 
4864	73 
4865	100 
4866	84 
4867	47 
4868	21 
4869	83 
4870	74 
4871	92 
4872	63 
4873	63 
4874	6 
4875	74 
4876	19 
4877	20 
4878	19 
4879	31 
4880	68 
4881	58 
4882	79 
4883	29 
4884	101 
4885	95 
4886	46 
4887	43 
4888	97 
4889	9 
4890	92 
4891	83 
4892	78 
4893	12 
4894	87 
4895	29 
4896	19 
4897	95 
4898	29 
4899	48 
4900	14 
4901	68 
4902	2 
4903	42 
4904	2 
4905	60 
4906	53 
4907	78 
4908	3 
4909	63 
4910	36 
4911	67 
4912	12 
4913	78 
4914	60 
4915	2 
4916	40 
4917	13 
4918	81 
4919	29 
4920	92 
4921	36 
4922	4 
4923	3 
4924	55 
4925	55 
4926	15 
4927	53 
4928	101 
4929	51 
4930	68 
4931	92 
4932	89 
4933	15 
4934	24 
4935	20 
4936	20 
4937	58 
4938	60 
4939	92 
4940	51 
4941	42 
4942	6 
4943	2 
4944	99 
4945	74 
4946	4 
4947	42 
4948	83 
4949	51 
4950	24 
4951	14 
4952	21 
4953	83 
4954	6 
4955	16 
4956	48 
4957	68 
4958	6 
4959	6 
4960	62 
4961	47 
4962	29 
4963	6 
4964	71 
4965	51 
4966	3 
4967	11 
4968	60 
4969	46 
4970	6 
4971	95 
4972	92 
4973	42 
4974	43 
4975	9 
4976	10 
4977	101 
4978	4 
4979	2 
4980	16 
4981	67 
4982	12 
4983	42 
4984	14 
4985	4 
4986	83 
4987	3 
4988	83 
4989	52 
4990	24 
4991	67 
4992	62 
4993	81 
4994	95 
4995	29 
4996	8 
4997	29 
4998	48 
4999	36 
5000	102 
