1	92 
2	61 
3	81 
4	99 
5	9 
6	45 
7	90 
8	9 
9	96 
10	72 
11	54 
12	50 
13	8 
14	94 
15	78 
16	7 
17	95 
18	26 
19	63 
20	80 
21	26 
22	33 
23	41 
24	68 
25	32 
26	42 
27	43 
28	95 
29	11 
30	45 
31	61 
32	19 
33	92 
34	90 
35	82 
36	62 
37	20 
38	37 
39	68 
40	32 
41	23 
42	20 
43	89 
44	46 
45	97 
46	98 
47	79 
48	34 
49	67 
50	19 
51	49 
52	90 
53	58 
54	57 
55	75 
56	46 
57	55 
58	26 
59	34 
60	82 
61	7 
62	52 
63	18 
64	71 
65	27 
66	42 
67	71 
68	42 
69	13 
70	69 
71	36 
72	58 
73	1 
74	58 
75	98 
76	28 
77	57 
78	26 
79	24 
80	85 
81	83 
82	15 
83	41 
84	77 
85	73 
86	27 
87	98 
88	30 
89	101 
90	71 
91	86 
92	68 
93	14 
94	33 
95	102 
96	30 
97	18 
98	69 
99	99 
100	45 
101	83 
102	33 
103	98 
104	14 
105	45 
106	89 
107	91 
108	35 
109	69 
110	102 
111	64 
112	17 
113	35 
114	19 
115	78 
116	64 
117	89 
118	53 
119	9 
120	46 
121	71 
122	15 
123	46 
124	70 
125	55 
126	75 
127	21 
128	7 
129	67 
130	90 
131	18 
132	18 
133	80 
134	10 
135	24 
136	27 
137	65 
138	18 
139	100 
140	75 
141	61 
142	3 
143	7 
144	20 
145	78 
146	37 
147	46 
148	22 
149	3 
150	1 
151	80 
152	68 
153	97 
154	28 
155	32 
156	1 
157	66 
158	84 
159	90 
160	44 
161	32 
162	91 
163	28 
164	1 
165	61 
166	42 
167	51 
168	93 
169	97 
170	90 
171	93 
172	80 
173	68 
174	64 
175	88 
176	82 
177	48 
178	41 
179	34 
180	8 
181	37 
182	46 
183	44 
184	61 
185	74 
186	3 
187	57 
188	95 
189	91 
190	88 
191	83 
192	82 
193	39 
194	10 
195	1 
196	64 
197	46 
198	65 
199	81 
200	48 
201	48 
202	60 
203	49 
204	69 
205	64 
206	13 
207	23 
208	64 
209	78 
210	38 
211	102 
212	95 
213	97 
214	96 
215	37 
216	90 
217	54 
218	33 
219	35 
220	15 
221	1 
222	95 
223	18 
224	17 
225	3 
226	42 
227	48 
228	64 
229	77 
230	83 
231	14 
232	1 
233	37 
234	35 
235	58 
236	55 
237	45 
238	49 
239	101 
240	42 
241	72 
242	88 
243	6 
244	48 
245	55 
246	32 
247	27 
248	97 
249	18 
250	62 
251	48 
252	48 
253	88 
254	94 
255	25 
256	78 
257	9 
258	68 
259	78 
260	27 
261	45 
262	86 
263	59 
264	78 
265	6 
266	56 
267	70 
268	63 
269	34 
270	63 
271	12 
272	75 
273	79 
274	7 
275	21 
276	61 
277	90 
278	95 
279	7 
280	47 
281	9 
282	47 
283	3 
284	55 
285	91 
286	42 
287	73 
288	78 
289	9 
290	71 
291	55 
292	16 
293	1 
294	88 
295	17 
296	15 
297	71 
298	91 
299	57 
300	85 
301	71 
302	10 
303	27 
304	52 
305	89 
306	54 
307	62 
308	36 
309	46 
310	31 
311	41 
312	27 
313	48 
314	86 
315	2 
316	64 
317	74 
318	12 
319	24 
320	78 
321	4 
322	86 
323	100 
324	77 
325	8 
326	40 
327	4 
328	60 
329	74 
330	29 
331	3 
332	34 
333	57 
334	88 
335	14 
336	72 
337	47 
338	64 
339	89 
340	23 
341	86 
342	15 
343	41 
344	85 
345	45 
346	70 
347	90 
348	58 
349	46 
350	43 
351	75 
352	27 
353	68 
354	67 
355	26 
356	39 
357	31 
358	73 
359	17 
360	88 
361	29 
362	28 
363	81 
364	55 
365	39 
366	70 
367	77 
368	62 
369	71 
370	100 
371	90 
372	90 
373	4 
374	64 
375	89 
376	93 
377	48 
378	13 
379	60 
380	67 
381	32 
382	89 
383	100 
384	24 
385	90 
386	26 
387	9 
388	72 
389	86 
390	77 
391	101 
392	63 
393	95 
394	43 
395	73 
396	31 
397	2 
398	97 
399	75 
400	50 
401	101 
402	45 
403	90 
404	81 
405	90 
406	57 
407	96 
408	33 
409	26 
410	30 
411	58 
412	82 
413	70 
414	94 
415	60 
416	27 
417	102 
418	79 
419	102 
420	26 
421	16 
422	26 
423	11 
424	19 
425	92 
426	66 
427	70 
428	47 
429	65 
430	96 
431	92 
432	13 
433	39 
434	102 
435	69 
436	42 
437	84 
438	95 
439	58 
440	38 
441	64 
442	13 
443	48 
444	59 
445	102 
446	8 
447	35 
448	1 
449	63 
450	70 
451	30 
452	31 
453	32 
454	18 
455	50 
456	58 
457	55 
458	45 
459	63 
460	57 
461	52 
462	8 
463	15 
464	85 
465	4 
466	74 
467	70 
468	8 
469	17 
470	90 
471	17 
472	28 
473	20 
474	52 
475	34 
476	49 
477	12 
478	27 
479	83 
480	89 
481	95 
482	66 
483	42 
484	15 
485	97 
486	71 
487	50 
488	18 
489	82 
490	15 
491	45 
492	75 
493	68 
494	102 
495	64 
496	30 
497	3 
498	80 
499	30 
500	2 
501	37 
502	85 
503	3 
504	95 
505	37 
506	78 
507	2 
508	23 
509	23 
510	42 
511	88 
512	4 
513	8 
514	77 
515	78 
516	37 
517	31 
518	40 
519	32 
520	55 
521	91 
522	23 
523	37 
524	48 
525	86 
526	102 
527	32 
528	62 
529	24 
530	81 
531	2 
532	89 
533	93 
534	70 
535	38 
536	92 
537	92 
538	37 
539	52 
540	99 
541	101 
542	16 
543	39 
544	92 
545	27 
546	61 
547	63 
548	88 
549	67 
550	20 
551	97 
552	90 
553	63 
554	45 
555	78 
556	84 
557	94 
558	97 
559	78 
560	75 
561	92 
562	23 
563	66 
564	32 
565	64 
566	98 
567	102 
568	51 
569	85 
570	24 
571	74 
572	8 
573	71 
574	16 
575	3 
576	101 
577	90 
578	32 
579	66 
580	7 
581	61 
582	73 
583	82 
584	48 
585	12 
586	79 
587	38 
588	58 
589	98 
590	20 
591	98 
592	62 
593	28 
594	100 
595	102 
596	46 
597	52 
598	24 
599	92 
600	67 
601	45 
602	45 
603	44 
604	90 
605	69 
606	67 
607	42 
608	80 
609	64 
610	6 
611	27 
612	98 
613	26 
614	91 
615	61 
616	48 
617	78 
618	88 
619	46 
620	83 
621	95 
622	22 
623	93 
624	102 
625	28 
626	92 
627	82 
628	31 
629	89 
630	38 
631	22 
632	84 
633	67 
634	57 
635	75 
636	75 
637	53 
638	61 
639	82 
640	1 
641	8 
642	63 
643	75 
644	100 
645	84 
646	71 
647	55 
648	63 
649	63 
650	44 
651	90 
652	85 
653	32 
654	6 
655	95 
656	3 
657	11 
658	48 
659	46 
660	74 
661	16 
662	32 
663	58 
664	18 
665	17 
666	77 
667	58 
668	30 
669	22 
670	25 
671	82 
672	73 
673	61 
674	11 
675	86 
676	58 
677	64 
678	89 
679	24 
680	27 
681	31 
682	8 
683	71 
684	88 
685	31 
686	98 
687	1 
688	80 
689	39 
690	79 
691	15 
692	67 
693	8 
694	62 
695	18 
696	99 
697	53 
698	51 
699	23 
700	73 
701	57 
702	46 
703	81 
704	68 
705	75 
706	2 
707	46 
708	2 
709	48 
710	67 
711	86 
712	50 
713	91 
714	32 
715	74 
716	8 
717	10 
718	98 
719	35 
720	46 
721	8 
722	91 
723	51 
724	89 
725	54 
726	73 
727	83 
728	92 
729	45 
730	36 
731	46 
732	31 
733	76 
734	36 
735	8 
736	57 
737	1 
738	71 
739	63 
740	78 
741	6 
742	13 
743	100 
744	32 
745	27 
746	41 
747	7 
748	61 
749	68 
750	97 
751	89 
752	84 
753	32 
754	85 
755	79 
756	2 
757	55 
758	4 
759	3 
760	27 
761	20 
762	75 
763	88 
764	37 
765	62 
766	3 
767	50 
768	74 
769	89 
770	75 
771	100 
772	98 
773	7 
774	95 
775	95 
776	15 
777	3 
778	48 
779	49 
780	89 
781	50 
782	23 
783	23 
784	42 
785	33 
786	91 
787	95 
788	34 
789	39 
790	5 
791	15 
792	30 
793	1 
794	41 
795	31 
796	54 
797	74 
798	76 
799	45 
800	8 
801	62 
802	91 
803	54 
804	93 
805	15 
806	81 
807	92 
808	97 
809	15 
810	21 
811	14 
812	31 
813	101 
814	70 
815	4 
816	70 
817	102 
818	89 
819	45 
820	45 
821	41 
822	70 
823	70 
824	4 
825	102 
826	91 
827	86 
828	6 
829	76 
830	68 
831	43 
832	18 
833	87 
834	24 
835	55 
836	24 
837	1 
838	100 
839	16 
840	90 
841	48 
842	74 
843	92 
844	37 
845	79 
846	79 
847	31 
848	6 
849	102 
850	62 
851	28 
852	62 
853	63 
854	48 
855	101 
856	45 
857	15 
858	29 
859	23 
860	77 
861	20 
862	71 
863	38 
864	74 
865	46 
866	33 
867	86 
868	53 
869	70 
870	48 
871	49 
872	92 
873	27 
874	35 
875	14 
876	81 
877	91 
878	97 
879	61 
880	6 
881	24 
882	73 
883	86 
884	8 
885	54 
886	3 
887	85 
888	14 
889	39 
890	62 
891	75 
892	4 
893	88 
894	51 
895	74 
896	26 
897	17 
898	37 
899	45 
900	62 
901	56 
902	52 
903	19 
904	27 
905	39 
906	84 
907	59 
908	64 
909	88 
910	4 
911	90 
912	97 
913	68 
914	102 
915	66 
916	43 
917	31 
918	55 
919	32 
920	28 
921	36 
922	89 
923	84 
924	91 
925	7 
926	102 
927	55 
928	70 
929	34 
930	96 
931	86 
932	1 
933	73 
934	71 
935	63 
936	28 
937	47 
938	64 
939	64 
940	70 
941	78 
942	4 
943	41 
944	19 
945	67 
946	12 
947	48 
948	34 
949	61 
950	87 
951	45 
952	82 
953	11 
954	30 
955	21 
956	97 
957	26 
958	7 
959	19 
960	51 
961	67 
962	78 
963	35 
964	55 
965	90 
966	43 
967	13 
968	65 
969	45 
970	61 
971	32 
972	23 
973	86 
974	27 
975	96 
976	86 
977	70 
978	88 
979	70 
980	91 
981	48 
982	89 
983	5 
984	78 
985	8 
986	70 
987	18 
988	39 
989	24 
990	89 
991	45 
992	63 
993	77 
994	23 
995	72 
996	10 
997	77 
998	92 
999	3 
1000	75 
1001	45 
1002	63 
1003	78 
1004	54 
1005	85 
1006	61 
1007	20 
1008	89 
1009	100 
1010	26 
1011	20 
1012	27 
1013	16 
1014	53 
1015	70 
1016	83 
1017	3 
1018	78 
1019	42 
1020	8 
1021	3 
1022	1 
1023	32 
1024	21 
1025	89 
1026	44 
1027	8 
1028	10 
1029	1 
1030	61 
1031	46 
1032	58 
1033	90 
1034	63 
1035	70 
1036	40 
1037	38 
1038	33 
1039	96 
1040	54 
1041	70 
1042	95 
1043	67 
1044	19 
1045	98 
1046	19 
1047	74 
1048	86 
1049	62 
1050	93 
1051	24 
1052	97 
1053	26 
1054	16 
1055	10 
1056	84 
1057	77 
1058	91 
1059	91 
1060	85 
1061	32 
1062	32 
1063	3 
1064	77 
1065	3 
1066	5 
1067	83 
1068	48 
1069	85 
1070	70 
1071	48 
1072	86 
1073	73 
1074	42 
1075	70 
1076	23 
1077	1 
1078	51 
1079	45 
1080	85 
1081	40 
1082	79 
1083	55 
1084	97 
1085	36 
1086	32 
1087	64 
1088	52 
1089	27 
1090	26 
1091	14 
1092	83 
1093	102 
1094	4 
1095	48 
1096	86 
1097	101 
1098	81 
1099	28 
1100	20 
1101	11 
1102	87 
1103	98 
1104	70 
1105	18 
1106	98 
1107	62 
1108	1 
1109	79 
1110	98 
1111	59 
1112	41 
1113	36 
1114	84 
1115	46 
1116	15 
1117	74 
1118	23 
1119	8 
1120	24 
1121	96 
1122	74 
1123	56 
1124	81 
1125	13 
1126	15 
1127	16 
1128	3 
1129	78 
1130	70 
1131	97 
1132	4 
1133	4 
1134	42 
1135	66 
1136	3 
1137	70 
1138	55 
1139	85 
1140	95 
1141	6 
1142	100 
1143	54 
1144	85 
1145	64 
1146	77 
1147	90 
1148	89 
1149	10 
1150	61 
1151	3 
1152	102 
1153	75 
1154	37 
1155	87 
1156	29 
1157	67 
1158	62 
1159	37 
1160	4 
1161	55 
1162	70 
1163	79 
1164	97 
1165	18 
1166	37 
1167	65 
1168	59 
1169	65 
1170	78 
1171	35 
1172	79 
1173	97 
1174	22 
1175	77 
1176	40 
1177	42 
1178	72 
1179	73 
1180	65 
1181	70 
1182	91 
1183	52 
1184	85 
1185	75 
1186	8 
1187	50 
1188	86 
1189	1 
1190	1 
1191	98 
1192	91 
1193	14 
1194	10 
1195	61 
1196	96 
1197	84 
1198	23 
1199	89 
1200	21 
1201	57 
1202	31 
1203	31 
1204	85 
1205	26 
1206	53 
1207	4 
1208	61 
1209	1 
1210	53 
1211	95 
1212	1 
1213	64 
1214	77 
1215	92 
1216	20 
1217	100 
1218	73 
1219	68 
1220	21 
1221	61 
1222	27 
1223	44 
1224	7 
1225	36 
1226	78 
1227	92 
1228	51 
1229	57 
1230	64 
1231	95 
1232	85 
1233	62 
1234	37 
1235	5 
1236	63 
1237	77 
1238	79 
1239	73 
1240	15 
1241	98 
1242	4 
1243	27 
1244	100 
1245	15 
1246	70 
1247	24 
1248	83 
1249	82 
1250	17 
1251	68 
1252	69 
1253	26 
1254	76 
1255	42 
1256	10 
1257	13 
1258	15 
1259	8 
1260	17 
1261	102 
1262	102 
1263	99 
1264	89 
1265	3 
1266	42 
1267	83 
1268	1 
1269	39 
1270	32 
1271	90 
1272	59 
1273	97 
1274	49 
1275	94 
1276	90 
1277	100 
1278	84 
1279	102 
1280	68 
1281	6 
1282	73 
1283	1 
1284	70 
1285	1 
1286	42 
1287	20 
1288	41 
1289	67 
1290	76 
1291	34 
1292	39 
1293	96 
1294	102 
1295	7 
1296	60 
1297	75 
1298	10 
1299	61 
1300	69 
1301	44 
1302	58 
1303	100 
1304	65 
1305	37 
1306	54 
1307	42 
1308	88 
1309	44 
1310	3 
1311	92 
1312	35 
1313	29 
1314	75 
1315	3 
1316	85 
1317	55 
1318	70 
1319	77 
1320	85 
1321	85 
1322	75 
1323	98 
1324	60 
1325	75 
1326	75 
1327	45 
1328	85 
1329	12 
1330	71 
1331	72 
1332	67 
1333	5 
1334	95 
1335	60 
1336	61 
1337	4 
1338	101 
1339	63 
1340	61 
1341	3 
1342	60 
1343	37 
1344	61 
1345	30 
1346	3 
1347	85 
1348	82 
1349	8 
1350	102 
1351	4 
1352	48 
1353	27 
1354	64 
1355	56 
1356	52 
1357	79 
1358	12 
1359	99 
1360	71 
1361	41 
1362	26 
1363	61 
1364	30 
1365	67 
1366	100 
1367	91 
1368	71 
1369	86 
1370	61 
1371	16 
1372	77 
1373	71 
1374	67 
1375	10 
1376	98 
1377	78 
1378	48 
1379	57 
1380	47 
1381	80 
1382	34 
1383	44 
1384	54 
1385	49 
1386	54 
1387	17 
1388	2 
1389	26 
1390	62 
1391	98 
1392	71 
1393	15 
1394	94 
1395	55 
1396	22 
1397	98 
1398	58 
1399	98 
1400	48 
1401	56 
1402	74 
1403	54 
1404	82 
1405	23 
1406	46 
1407	78 
1408	12 
1409	25 
1410	58 
1411	64 
1412	97 
1413	41 
1414	90 
1415	89 
1416	87 
1417	95 
1418	45 
1419	92 
1420	27 
1421	20 
1422	1 
1423	47 
1424	42 
1425	32 
1426	3 
1427	98 
1428	83 
1429	23 
1430	88 
1431	1 
1432	74 
1433	86 
1434	44 
1435	46 
1436	102 
1437	16 
1438	15 
1439	90 
1440	35 
1441	6 
1442	13 
1443	87 
1444	24 
1445	35 
1446	32 
1447	98 
1448	89 
1449	63 
1450	88 
1451	23 
1452	72 
1453	36 
1454	96 
1455	46 
1456	71 
1457	68 
1458	83 
1459	88 
1460	63 
1461	47 
1462	82 
1463	42 
1464	72 
1465	18 
1466	88 
1467	93 
1468	58 
1469	98 
1470	91 
1471	24 
1472	8 
1473	23 
1474	8 
1475	70 
1476	32 
1477	79 
1478	89 
1479	102 
1480	101 
1481	31 
1482	17 
1483	95 
1484	55 
1485	3 
1486	27 
1487	33 
1488	34 
1489	97 
1490	23 
1491	72 
1492	100 
1493	89 
1494	23 
1495	100 
1496	18 
1497	89 
1498	97 
1499	32 
1500	18 
1501	62 
1502	20 
1503	64 
1504	86 
1505	97 
1506	18 
1507	85 
1508	16 
1509	37 
1510	15 
1511	31 
1512	27 
1513	62 
1514	77 
1515	46 
1516	54 
1517	7 
1518	63 
1519	59 
1520	95 
1521	60 
1522	78 
1523	69 
1524	94 
1525	11 
1526	63 
1527	30 
1528	87 
1529	18 
1530	44 
1531	87 
1532	90 
1533	71 
1534	89 
1535	40 
1536	3 
1537	23 
1538	27 
1539	16 
1540	75 
1541	8 
1542	22 
1543	75 
1544	74 
1545	9 
1546	40 
1547	20 
1548	97 
1549	16 
1550	56 
1551	40 
1552	87 
1553	63 
1554	56 
1555	30 
1556	92 
1557	97 
1558	97 
1559	45 
1560	10 
1561	74 
1562	6 
1563	61 
1564	64 
1565	4 
1566	81 
1567	84 
1568	93 
1569	94 
1570	38 
1571	8 
1572	73 
1573	49 
1574	80 
1575	36 
1576	98 
1577	37 
1578	76 
1579	98 
1580	82 
1581	89 
1582	67 
1583	64 
1584	2 
1585	93 
1586	89 
1587	54 
1588	75 
1589	60 
1590	52 
1591	97 
1592	79 
1593	81 
1594	23 
1595	70 
1596	61 
1597	64 
1598	39 
1599	35 
1600	74 
1601	25 
1602	58 
1603	71 
1604	97 
1605	45 
1606	61 
1607	46 
1608	23 
1609	63 
1610	100 
1611	79 
1612	70 
1613	77 
1614	45 
1615	82 
1616	63 
1617	62 
1618	4 
1619	45 
1620	97 
1621	96 
1622	20 
1623	35 
1624	66 
1625	52 
1626	63 
1627	79 
1628	67 
1629	70 
1630	42 
1631	49 
1632	75 
1633	15 
1634	53 
1635	63 
1636	77 
1637	95 
1638	56 
1639	23 
1640	32 
1641	48 
1642	100 
1643	46 
1644	89 
1645	102 
1646	40 
1647	84 
1648	70 
1649	50 
1650	15 
1651	85 
1652	97 
1653	59 
1654	15 
1655	67 
1656	67 
1657	78 
1658	64 
1659	89 
1660	88 
1661	1 
1662	48 
1663	18 
1664	82 
1665	89 
1666	1 
1667	97 
1668	74 
1669	2 
1670	69 
1671	11 
1672	91 
1673	73 
1674	20 
1675	6 
1676	80 
1677	102 
1678	48 
1679	87 
1680	63 
1681	34 
1682	58 
1683	100 
1684	4 
1685	2 
1686	6 
1687	45 
1688	25 
1689	64 
1690	57 
1691	76 
1692	70 
1693	26 
1694	97 
1695	6 
1696	61 
1697	87 
1698	3 
1699	81 
1700	90 
1701	86 
1702	64 
1703	9 
1704	92 
1705	78 
1706	69 
1707	89 
1708	10 
1709	42 
1710	13 
1711	27 
1712	89 
1713	97 
1714	27 
1715	15 
1716	62 
1717	8 
1718	42 
1719	100 
1720	55 
1721	37 
1722	75 
1723	27 
1724	90 
1725	7 
1726	56 
1727	58 
1728	100 
1729	97 
1730	34 
1731	89 
1732	27 
1733	94 
1734	15 
1735	82 
1736	88 
1737	10 
1738	13 
1739	1 
1740	43 
1741	79 
1742	6 
1743	45 
1744	45 
1745	12 
1746	78 
1747	68 
1748	8 
1749	100 
1750	34 
1751	8 
1752	28 
1753	57 
1754	3 
1755	77 
1756	97 
1757	97 
1758	43 
1759	16 
1760	3 
1761	51 
1762	45 
1763	91 
1764	81 
1765	45 
1766	46 
1767	63 
1768	6 
1769	38 
1770	33 
1771	84 
1772	42 
1773	78 
1774	94 
1775	25 
1776	43 
1777	57 
1778	76 
1779	37 
1780	90 
1781	13 
1782	48 
1783	12 
1784	92 
1785	63 
1786	85 
1787	1 
1788	14 
1789	27 
1790	5 
1791	46 
1792	6 
1793	95 
1794	64 
1795	8 
1796	86 
1797	84 
1798	61 
1799	91 
1800	42 
1801	43 
1802	72 
1803	81 
1804	61 
1805	35 
1806	86 
1807	61 
1808	73 
1809	91 
1810	8 
1811	27 
1812	71 
1813	5 
1814	64 
1815	40 
1816	78 
1817	62 
1818	15 
1819	15 
1820	71 
1821	85 
1822	46 
1823	97 
1824	70 
1825	34 
1826	82 
1827	62 
1828	37 
1829	91 
1830	98 
1831	53 
1832	24 
1833	3 
1834	100 
1835	46 
1836	31 
1837	55 
1838	23 
1839	70 
1840	37 
1841	88 
1842	26 
1843	20 
1844	91 
1845	71 
1846	88 
1847	95 
1848	63 
1849	18 
1850	36 
1851	15 
1852	31 
1853	98 
1854	84 
1855	89 
1856	63 
1857	74 
1858	45 
1859	78 
1860	14 
1861	88 
1862	91 
1863	44 
1864	90 
1865	8 
1866	3 
1867	18 
1868	19 
1869	53 
1870	62 
1871	31 
1872	61 
1873	58 
1874	74 
1875	71 
1876	100 
1877	71 
1878	70 
1879	92 
1880	102 
1881	72 
1882	57 
1883	87 
1884	93 
1885	69 
1886	95 
1887	70 
1888	16 
1889	10 
1890	4 
1891	27 
1892	27 
1893	11 
1894	78 
1895	42 
1896	33 
1897	58 
1898	53 
1899	13 
1900	98 
1901	51 
1902	31 
1903	52 
1904	89 
1905	28 
1906	96 
1907	79 
1908	79 
1909	88 
1910	31 
1911	92 
1912	57 
1913	96 
1914	75 
1915	4 
1916	64 
1917	76 
1918	78 
1919	64 
1920	90 
1921	72 
1922	33 
1923	71 
1924	67 
1925	79 
1926	36 
1927	50 
1928	83 
1929	30 
1930	58 
1931	92 
1932	3 
1933	75 
1934	21 
1935	43 
1936	69 
1937	90 
1938	102 
1939	48 
1940	51 
1941	11 
1942	45 
1943	64 
1944	18 
1945	1 
1946	101 
1947	33 
1948	37 
1949	85 
1950	48 
1951	32 
1952	46 
1953	81 
1954	52 
1955	85 
1956	39 
1957	81 
1958	92 
1959	71 
1960	85 
1961	90 
1962	77 
1963	15 
1964	95 
1965	43 
1966	78 
1967	26 
1968	36 
1969	34 
1970	88 
1971	10 
1972	13 
1973	56 
1974	32 
1975	89 
1976	50 
1977	74 
1978	95 
1979	77 
1980	74 
1981	15 
1982	30 
1983	86 
1984	68 
1985	23 
1986	30 
1987	68 
1988	71 
1989	25 
1990	70 
1991	75 
1992	73 
1993	46 
1994	90 
1995	83 
1996	88 
1997	23 
1998	17 
1999	83 
2000	86 
2001	92 
2002	4 
2003	58 
2004	86 
2005	19 
2006	74 
2007	89 
2008	88 
2009	84 
2010	1 
2011	18 
2012	45 
2013	57 
2014	1 
2015	102 
2016	17 
2017	24 
2018	53 
2019	55 
2020	54 
2021	82 
2022	57 
2023	42 
2024	77 
2025	75 
2026	102 
2027	33 
2028	55 
2029	69 
2030	45 
2031	80 
2032	14 
2033	61 
2034	10 
2035	53 
2036	79 
2037	98 
2038	32 
2039	49 
2040	89 
2041	100 
2042	41 
2043	93 
2044	8 
2045	90 
2046	53 
2047	86 
2048	22 
2049	51 
2050	55 
2051	89 
2052	78 
2053	71 
2054	64 
2055	92 
2056	79 
2057	67 
2058	57 
2059	101 
2060	22 
2061	90 
2062	9 
2063	100 
2064	12 
2065	32 
2066	24 
2067	28 
2068	72 
2069	19 
2070	90 
2071	55 
2072	58 
2073	89 
2074	89 
2075	8 
2076	92 
2077	65 
2078	3 
2079	32 
2080	73 
2081	35 
2082	88 
2083	90 
2084	25 
2085	6 
2086	70 
2087	46 
2088	11 
2089	34 
2090	23 
2091	92 
2092	37 
2093	22 
2094	92 
2095	37 
2096	24 
2097	18 
2098	81 
2099	31 
2100	46 
2101	70 
2102	69 
2103	38 
2104	81 
2105	71 
2106	31 
2107	86 
2108	75 
2109	102 
2110	50 
2111	51 
2112	48 
2113	102 
2114	102 
2115	40 
2116	51 
2117	55 
2118	20 
2119	67 
2120	15 
2121	73 
2122	51 
2123	25 
2124	27 
2125	48 
2126	5 
2127	63 
2128	15 
2129	96 
2130	66 
2131	86 
2132	1 
2133	19 
2134	8 
2135	63 
2136	65 
2137	32 
2138	70 
2139	75 
2140	21 
2141	83 
2142	78 
2143	85 
2144	77 
2145	86 
2146	31 
2147	15 
2148	73 
2149	85 
2150	85 
2151	90 
2152	5 
2153	25 
2154	46 
2155	95 
2156	92 
2157	24 
2158	1 
2159	8 
2160	64 
2161	28 
2162	32 
2163	46 
2164	55 
2165	8 
2166	15 
2167	88 
2168	68 
2169	71 
2170	36 
2171	86 
2172	7 
2173	98 
2174	4 
2175	97 
2176	61 
2177	48 
2178	89 
2179	75 
2180	102 
2181	53 
2182	46 
2183	16 
2184	87 
2185	27 
2186	88 
2187	49 
2188	31 
2189	64 
2190	6 
2191	27 
2192	7 
2193	17 
2194	57 
2195	98 
2196	23 
2197	99 
2198	44 
2199	63 
2200	102 
2201	86 
2202	102 
2203	54 
2204	89 
2205	28 
2206	76 
2207	75 
2208	61 
2209	97 
2210	15 
2211	40 
2212	54 
2213	8 
2214	43 
2215	98 
2216	34 
2217	62 
2218	71 
2219	48 
2220	21 
2221	90 
2222	60 
2223	59 
2224	33 
2225	96 
2226	47 
2227	75 
2228	64 
2229	27 
2230	101 
2231	27 
2232	55 
2233	57 
2234	84 
2235	43 
2236	73 
2237	26 
2238	102 
2239	77 
2240	96 
2241	41 
2242	40 
2243	34 
2244	89 
2245	92 
2246	45 
2247	19 
2248	102 
2249	40 
2250	55 
2251	98 
2252	58 
2253	46 
2254	90 
2255	6 
2256	87 
2257	91 
2258	99 
2259	38 
2260	61 
2261	73 
2262	70 
2263	34 
2264	93 
2265	21 
2266	74 
2267	70 
2268	97 
2269	97 
2270	30 
2271	20 
2272	18 
2273	36 
2274	18 
2275	75 
2276	88 
2277	86 
2278	78 
2279	55 
2280	78 
2281	15 
2282	67 
2283	70 
2284	45 
2285	68 
2286	28 
2287	90 
2288	49 
2289	101 
2290	77 
2291	63 
2292	22 
2293	53 
2294	77 
2295	23 
2296	50 
2297	31 
2298	65 
2299	94 
2300	26 
2301	57 
2302	15 
2303	78 
2304	91 
2305	65 
2306	49 
2307	7 
2308	11 
2309	48 
2310	39 
2311	80 
2312	42 
2313	8 
2314	94 
2315	74 
2316	67 
2317	23 
2318	97 
2319	97 
2320	89 
2321	32 
2322	40 
2323	58 
2324	30 
2325	25 
2326	70 
2327	80 
2328	20 
2329	65 
2330	46 
2331	23 
2332	37 
2333	48 
2334	100 
2335	1 
2336	90 
2337	4 
2338	18 
2339	87 
2340	10 
2341	81 
2342	17 
2343	34 
2344	67 
2345	46 
2346	10 
2347	35 
2348	63 
2349	4 
2350	82 
2351	22 
2352	33 
2353	90 
2354	53 
2355	32 
2356	48 
2357	91 
2358	100 
2359	102 
2360	31 
2361	27 
2362	25 
2363	46 
2364	98 
2365	15 
2366	64 
2367	39 
2368	86 
2369	61 
2370	90 
2371	57 
2372	98 
2373	24 
2374	48 
2375	77 
2376	60 
2377	79 
2378	27 
2379	14 
2380	98 
2381	70 
2382	91 
2383	64 
2384	32 
2385	75 
2386	90 
2387	69 
2388	81 
2389	55 
2390	53 
2391	8 
2392	73 
2393	37 
2394	53 
2395	63 
2396	94 
2397	42 
2398	57 
2399	58 
2400	31 
2401	54 
2402	89 
2403	31 
2404	60 
2405	67 
2406	25 
2407	90 
2408	19 
2409	15 
2410	46 
2411	57 
2412	99 
2413	97 
2414	92 
2415	91 
2416	62 
2417	84 
2418	13 
2419	45 
2420	1 
2421	92 
2422	70 
2423	39 
2424	63 
2425	88 
2426	55 
2427	63 
2428	10 
2429	63 
2430	102 
2431	90 
2432	50 
2433	4 
2434	28 
2435	89 
2436	26 
2437	21 
2438	8 
2439	64 
2440	1 
2441	52 
2442	22 
2443	7 
2444	25 
2445	3 
2446	8 
2447	86 
2448	18 
2449	5 
2450	55 
2451	22 
2452	91 
2453	4 
2454	61 
2455	4 
2456	63 
2457	64 
2458	27 
2459	21 
2460	61 
2461	15 
2462	74 
2463	31 
2464	68 
2465	90 
2466	73 
2467	100 
2468	32 
2469	37 
2470	100 
2471	24 
2472	42 
2473	91 
2474	84 
2475	64 
2476	27 
2477	95 
2478	14 
2479	67 
2480	84 
2481	18 
2482	89 
2483	33 
2484	39 
2485	96 
2486	23 
2487	50 
2488	102 
2489	89 
2490	86 
2491	86 
2492	97 
2493	14 
2494	99 
2495	74 
2496	31 
2497	26 
2498	92 
2499	65 
2500	61 
2501	36 
2502	21 
2503	1 
2504	37 
2505	38 
2506	23 
2507	65 
2508	5 
2509	83 
2510	16 
2511	46 
2512	35 
2513	23 
2514	98 
2515	76 
2516	89 
2517	100 
2518	97 
2519	6 
2520	65 
2521	13 
2522	82 
2523	95 
2524	75 
2525	12 
2526	65 
2527	53 
2528	73 
2529	100 
2530	88 
2531	45 
2532	92 
2533	64 
2534	71 
2535	18 
2536	24 
2537	90 
2538	39 
2539	78 
2540	14 
2541	12 
2542	99 
2543	48 
2544	79 
2545	98 
2546	1 
2547	29 
2548	16 
2549	58 
2550	91 
2551	79 
2552	61 
2553	18 
2554	10 
2555	79 
2556	98 
2557	24 
2558	3 
2559	102 
2560	94 
2561	31 
2562	91 
2563	84 
2564	66 
2565	6 
2566	18 
2567	61 
2568	58 
2569	8 
2570	63 
2571	41 
2572	75 
2573	46 
2574	59 
2575	68 
2576	63 
2577	18 
2578	95 
2579	63 
2580	15 
2581	77 
2582	100 
2583	70 
2584	95 
2585	53 
2586	95 
2587	91 
2588	7 
2589	74 
2590	92 
2591	60 
2592	7 
2593	78 
2594	70 
2595	86 
2596	20 
2597	64 
2598	18 
2599	93 
2600	74 
2601	69 
2602	55 
2603	51 
2604	86 
2605	27 
2606	12 
2607	80 
2608	50 
2609	46 
2610	98 
2611	23 
2612	70 
2613	63 
2614	6 
2615	51 
2616	68 
2617	24 
2618	76 
2619	46 
2620	92 
2621	6 
2622	69 
2623	34 
2624	76 
2625	46 
2626	39 
2627	98 
2628	70 
2629	95 
2630	38 
2631	41 
2632	46 
2633	27 
2634	57 
2635	15 
2636	15 
2637	64 
2638	95 
2639	23 
2640	61 
2641	62 
2642	75 
2643	16 
2644	101 
2645	78 
2646	94 
2647	3 
2648	41 
2649	21 
2650	1 
2651	19 
2652	102 
2653	1 
2654	18 
2655	67 
2656	54 
2657	99 
2658	45 
2659	93 
2660	58 
2661	85 
2662	28 
2663	1 
2664	83 
2665	64 
2666	85 
2667	65 
2668	60 
2669	89 
2670	15 
2671	39 
2672	98 
2673	95 
2674	74 
2675	102 
2676	4 
2677	92 
2678	98 
2679	25 
2680	36 
2681	31 
2682	75 
2683	43 
2684	24 
2685	46 
2686	100 
2687	16 
2688	90 
2689	78 
2690	78 
2691	70 
2692	80 
2693	84 
2694	84 
2695	68 
2696	15 
2697	71 
2698	4 
2699	27 
2700	85 
2701	2 
2702	86 
2703	44 
2704	76 
2705	71 
2706	89 
2707	89 
2708	14 
2709	46 
2710	62 
2711	90 
2712	5 
2713	77 
2714	89 
2715	87 
2716	20 
2717	15 
2718	66 
2719	60 
2720	79 
2721	47 
2722	19 
2723	63 
2724	43 
2725	62 
2726	32 
2727	25 
2728	82 
2729	18 
2730	82 
2731	25 
2732	69 
2733	89 
2734	64 
2735	58 
2736	28 
2737	4 
2738	91 
2739	57 
2740	44 
2741	39 
2742	36 
2743	62 
2744	56 
2745	63 
2746	31 
2747	55 
2748	15 
2749	73 
2750	24 
2751	36 
2752	7 
2753	42 
2754	15 
2755	71 
2756	100 
2757	95 
2758	7 
2759	62 
2760	31 
2761	32 
2762	97 
2763	35 
2764	63 
2765	77 
2766	46 
2767	11 
2768	49 
2769	45 
2770	4 
2771	95 
2772	39 
2773	55 
2774	1 
2775	75 
2776	58 
2777	78 
2778	63 
2779	32 
2780	90 
2781	102 
2782	83 
2783	90 
2784	46 
2785	20 
2786	77 
2787	40 
2788	98 
2789	58 
2790	64 
2791	92 
2792	44 
2793	27 
2794	51 
2795	93 
2796	45 
2797	8 
2798	97 
2799	67 
2800	18 
2801	20 
2802	31 
2803	31 
2804	62 
2805	35 
2806	59 
2807	79 
2808	61 
2809	71 
2810	89 
2811	18 
2812	81 
2813	58 
2814	81 
2815	69 
2816	32 
2817	2 
2818	18 
2819	13 
2820	78 
2821	83 
2822	78 
2823	71 
2824	33 
2825	46 
2826	53 
2827	4 
2828	92 
2829	21 
2830	69 
2831	92 
2832	95 
2833	8 
2834	23 
2835	95 
2836	27 
2837	98 
2838	3 
2839	88 
2840	46 
2841	88 
2842	58 
2843	55 
2844	63 
2845	18 
2846	98 
2847	74 
2848	24 
2849	42 
2850	16 
2851	13 
2852	57 
2853	90 
2854	89 
2855	38 
2856	96 
2857	99 
2858	41 
2859	3 
2860	55 
2861	45 
2862	69 
2863	56 
2864	79 
2865	99 
2866	11 
2867	17 
2868	61 
2869	27 
2870	19 
2871	24 
2872	89 
2873	18 
2874	98 
2875	95 
2876	88 
2877	89 
2878	18 
2879	76 
2880	89 
2881	12 
2882	67 
2883	46 
2884	15 
2885	15 
2886	20 
2887	1 
2888	69 
2889	97 
2890	55 
2891	75 
2892	102 
2893	91 
2894	50 
2895	71 
2896	3 
2897	32 
2898	45 
2899	97 
2900	81 
2901	14 
2902	55 
2903	37 
2904	101 
2905	17 
2906	101 
2907	81 
2908	1 
2909	89 
2910	90 
2911	90 
2912	37 
2913	66 
2914	43 
2915	96 
2916	50 
2917	7 
2918	101 
2919	14 
2920	14 
2921	100 
2922	34 
2923	67 
2924	95 
2925	55 
2926	98 
2927	13 
2928	66 
2929	18 
2930	90 
2931	64 
2932	63 
2933	3 
2934	97 
2935	28 
2936	26 
2937	75 
2938	19 
2939	68 
2940	18 
2941	8 
2942	85 
2943	3 
2944	55 
2945	62 
2946	30 
2947	15 
2948	29 
2949	37 
2950	63 
2951	41 
2952	55 
2953	21 
2954	24 
2955	75 
2956	13 
2957	13 
2958	64 
2959	19 
2960	16 
2961	39 
2962	19 
2963	14 
2964	8 
2965	28 
2966	48 
2967	20 
2968	59 
2969	58 
2970	85 
2971	81 
2972	32 
2973	31 
2974	37 
2975	86 
2976	1 
2977	68 
2978	88 
2979	3 
2980	62 
2981	68 
2982	28 
2983	53 
2984	92 
2985	37 
2986	97 
2987	97 
2988	63 
2989	45 
2990	29 
2991	57 
2992	43 
2993	76 
2994	83 
2995	87 
2996	17 
2997	3 
2998	9 
2999	37 
3000	90 
3001	23 
3002	15 
3003	81 
3004	8 
3005	18 
3006	92 
3007	62 
3008	7 
3009	58 
3010	75 
3011	90 
3012	11 
3013	99 
3014	102 
3015	3 
3016	36 
3017	71 
3018	30 
3019	27 
3020	88 
3021	64 
3022	57 
3023	85 
3024	93 
3025	55 
3026	20 
3027	73 
3028	90 
3029	101 
3030	101 
3031	28 
3032	7 
3033	74 
3034	35 
3035	90 
3036	39 
3037	52 
3038	82 
3039	23 
3040	70 
3041	81 
3042	32 
3043	22 
3044	3 
3045	60 
3046	99 
3047	64 
3048	77 
3049	22 
3050	82 
3051	51 
3052	27 
3053	30 
3054	9 
3055	67 
3056	28 
3057	56 
3058	79 
3059	21 
3060	88 
3061	32 
3062	1 
3063	18 
3064	53 
3065	78 
3066	56 
3067	18 
3068	66 
3069	22 
3070	98 
3071	25 
3072	78 
3073	18 
3074	35 
3075	66 
3076	31 
3077	54 
3078	41 
3079	5 
3080	88 
3081	95 
3082	24 
3083	11 
3084	83 
3085	29 
3086	3 
3087	95 
3088	95 
3089	32 
3090	41 
3091	98 
3092	88 
3093	3 
3094	71 
3095	6 
3096	1 
3097	85 
3098	17 
3099	93 
3100	75 
3101	89 
3102	70 
3103	70 
3104	8 
3105	86 
3106	55 
3107	64 
3108	30 
3109	74 
3110	41 
3111	77 
3112	61 
3113	26 
3114	31 
3115	78 
3116	32 
3117	23 
3118	8 
3119	57 
3120	98 
3121	67 
3122	15 
3123	46 
3124	46 
3125	31 
3126	102 
3127	36 
3128	58 
3129	62 
3130	62 
3131	8 
3132	60 
3133	70 
3134	61 
3135	26 
3136	4 
3137	68 
3138	42 
3139	67 
3140	7 
3141	75 
3142	64 
3143	67 
3144	41 
3145	84 
3146	20 
3147	64 
3148	48 
3149	35 
3150	72 
3151	100 
3152	78 
3153	46 
3154	15 
3155	67 
3156	71 
3157	71 
3158	27 
3159	71 
3160	3 
3161	80 
3162	13 
3163	32 
3164	85 
3165	72 
3166	18 
3167	27 
3168	98 
3169	63 
3170	34 
3171	65 
3172	36 
3173	73 
3174	45 
3175	57 
3176	92 
3177	96 
3178	47 
3179	55 
3180	32 
3181	58 
3182	90 
3183	2 
3184	15 
3185	52 
3186	45 
3187	60 
3188	16 
3189	23 
3190	8 
3191	101 
3192	36 
3193	7 
3194	101 
3195	86 
3196	68 
3197	5 
3198	38 
3199	15 
3200	8 
3201	38 
3202	56 
3203	14 
3204	17 
3205	98 
3206	37 
3207	8 
3208	48 
3209	98 
3210	60 
3211	86 
3212	33 
3213	22 
3214	34 
3215	25 
3216	3 
3217	42 
3218	99 
3219	91 
3220	100 
3221	6 
3222	82 
3223	92 
3224	54 
3225	89 
3226	72 
3227	77 
3228	84 
3229	44 
3230	69 
3231	64 
3232	15 
3233	20 
3234	76 
3235	95 
3236	25 
3237	98 
3238	23 
3239	3 
3240	75 
3241	23 
3242	93 
3243	14 
3244	95 
3245	77 
3246	75 
3247	85 
3248	84 
3249	61 
3250	29 
3251	96 
3252	43 
3253	6 
3254	74 
3255	69 
3256	47 
3257	46 
3258	35 
3259	68 
3260	6 
3261	15 
3262	90 
3263	57 
3264	42 
3265	46 
3266	64 
3267	24 
3268	59 
3269	27 
3270	32 
3271	99 
3272	89 
3273	71 
3274	54 
3275	78 
3276	36 
3277	46 
3278	37 
3279	71 
3280	76 
3281	64 
3282	46 
3283	89 
3284	15 
3285	67 
3286	20 
3287	12 
3288	3 
3289	54 
3290	61 
3291	102 
3292	102 
3293	10 
3294	25 
3295	86 
3296	32 
3297	40 
3298	3 
3299	58 
3300	4 
3301	90 
3302	79 
3303	40 
3304	15 
3305	83 
3306	89 
3307	57 
3308	18 
3309	37 
3310	55 
3311	81 
3312	62 
3313	8 
3314	27 
3315	57 
3316	93 
3317	42 
3318	27 
3319	70 
3320	26 
3321	71 
3322	2 
3323	87 
3324	13 
3325	14 
3326	59 
3327	78 
3328	91 
3329	69 
3330	46 
3331	78 
3332	86 
3333	52 
3334	55 
3335	7 
3336	37 
3337	77 
3338	84 
3339	23 
3340	41 
3341	2 
3342	39 
3343	27 
3344	23 
3345	34 
3346	14 
3347	42 
3348	32 
3349	2 
3350	90 
3351	58 
3352	22 
3353	77 
3354	8 
3355	77 
3356	32 
3357	69 
3358	86 
3359	98 
3360	64 
3361	92 
3362	94 
3363	9 
3364	61 
3365	5 
3366	6 
3367	61 
3368	67 
3369	95 
3370	24 
3371	8 
3372	73 
3373	8 
3374	91 
3375	70 
3376	31 
3377	51 
3378	80 
3379	50 
3380	78 
3381	86 
3382	6 
3383	3 
3384	46 
3385	97 
3386	78 
3387	33 
3388	92 
3389	58 
3390	71 
3391	98 
3392	55 
3393	6 
3394	51 
3395	59 
3396	91 
3397	83 
3398	20 
3399	8 
3400	23 
3401	95 
3402	66 
3403	97 
3404	74 
3405	27 
3406	67 
3407	10 
3408	61 
3409	27 
3410	60 
3411	29 
3412	36 
3413	16 
3414	88 
3415	85 
3416	3 
3417	58 
3418	82 
3419	45 
3420	74 
3421	79 
3422	63 
3423	76 
3424	11 
3425	18 
3426	15 
3427	45 
3428	43 
3429	68 
3430	77 
3431	86 
3432	69 
3433	80 
3434	95 
3435	75 
3436	15 
3437	59 
3438	44 
3439	15 
3440	83 
3441	18 
3442	48 
3443	22 
3444	9 
3445	53 
3446	100 
3447	40 
3448	29 
3449	8 
3450	102 
3451	4 
3452	18 
3453	9 
3454	86 
3455	19 
3456	6 
3457	8 
3458	86 
3459	48 
3460	8 
3461	17 
3462	42 
3463	62 
3464	30 
3465	8 
3466	2 
3467	41 
3468	35 
3469	31 
3470	39 
3471	78 
3472	102 
3473	96 
3474	18 
3475	39 
3476	85 
3477	70 
3478	1 
3479	26 
3480	29 
3481	81 
3482	37 
3483	59 
3484	99 
3485	32 
3486	27 
3487	15 
3488	37 
3489	39 
3490	91 
3491	61 
3492	3 
3493	4 
3494	68 
3495	37 
3496	5 
3497	12 
3498	39 
3499	91 
3500	44 
3501	16 
3502	53 
3503	2 
3504	58 
3505	87 
3506	9 
3507	68 
3508	95 
3509	91 
3510	50 
3511	95 
3512	57 
3513	8 
3514	52 
3515	97 
3516	97 
3517	31 
3518	15 
3519	92 
3520	95 
3521	90 
3522	27 
3523	27 
3524	86 
3525	88 
3526	85 
3527	32 
3528	21 
3529	96 
3530	10 
3531	75 
3532	40 
3533	87 
3534	18 
3535	30 
3536	45 
3537	55 
3538	101 
3539	18 
3540	81 
3541	13 
3542	78 
3543	67 
3544	99 
3545	57 
3546	30 
3547	67 
3548	57 
3549	27 
3550	15 
3551	1 
3552	57 
3553	9 
3554	89 
3555	102 
3556	102 
3557	27 
3558	100 
3559	98 
3560	55 
3561	101 
3562	85 
3563	85 
3564	98 
3565	64 
3566	100 
3567	102 
3568	44 
3569	7 
3570	87 
3571	54 
3572	96 
3573	62 
3574	42 
3575	72 
3576	38 
3577	61 
3578	31 
3579	21 
3580	89 
3581	75 
3582	77 
3583	57 
3584	71 
3585	86 
3586	32 
3587	93 
3588	23 
3589	60 
3590	66 
3591	99 
3592	70 
3593	86 
3594	42 
3595	61 
3596	90 
3597	78 
3598	35 
3599	36 
3600	46 
3601	94 
3602	18 
3603	34 
3604	22 
3605	36 
3606	27 
3607	23 
3608	62 
3609	25 
3610	91 
3611	89 
3612	40 
3613	46 
3614	60 
3615	90 
3616	6 
3617	73 
3618	81 
3619	66 
3620	39 
3621	85 
3622	87 
3623	58 
3624	8 
3625	86 
3626	57 
3627	76 
3628	55 
3629	3 
3630	36 
3631	97 
3632	99 
3633	27 
3634	95 
3635	78 
3636	10 
3637	16 
3638	49 
3639	98 
3640	92 
3641	89 
3642	76 
3643	6 
3644	32 
3645	44 
3646	98 
3647	8 
3648	17 
3649	54 
3650	63 
3651	58 
3652	23 
3653	62 
3654	88 
3655	15 
3656	52 
3657	31 
3658	96 
3659	43 
3660	78 
3661	7 
3662	66 
3663	79 
3664	45 
3665	64 
3666	90 
3667	85 
3668	92 
3669	101 
3670	22 
3671	37 
3672	11 
3673	100 
3674	35 
3675	7 
3676	70 
3677	58 
3678	15 
3679	26 
3680	46 
3681	74 
3682	75 
3683	65 
3684	94 
3685	56 
3686	29 
3687	13 
3688	34 
3689	1 
3690	42 
3691	93 
3692	39 
3693	5 
3694	26 
3695	71 
3696	23 
3697	23 
3698	55 
3699	86 
3700	89 
3701	49 
3702	75 
3703	102 
3704	92 
3705	42 
3706	94 
3707	75 
3708	74 
3709	2 
3710	6 
3711	43 
3712	46 
3713	85 
3714	24 
3715	9 
3716	90 
3717	29 
3718	69 
3719	82 
3720	87 
3721	32 
3722	69 
3723	51 
3724	28 
3725	31 
3726	8 
3727	18 
3728	60 
3729	41 
3730	79 
3731	42 
3732	102 
3733	31 
3734	8 
3735	55 
3736	38 
3737	39 
3738	81 
3739	31 
3740	40 
3741	69 
3742	4 
3743	74 
3744	82 
3745	75 
3746	38 
3747	18 
3748	19 
3749	10 
3750	57 
3751	45 
3752	73 
3753	60 
3754	3 
3755	56 
3756	8 
3757	76 
3758	44 
3759	97 
3760	92 
3761	75 
3762	14 
3763	42 
3764	89 
3765	54 
3766	58 
3767	3 
3768	63 
3769	24 
3770	97 
3771	46 
3772	88 
3773	78 
3774	81 
3775	55 
3776	88 
3777	63 
3778	36 
3779	70 
3780	38 
3781	21 
3782	44 
3783	23 
3784	88 
3785	22 
3786	53 
3787	88 
3788	6 
3789	18 
3790	26 
3791	95 
3792	97 
3793	5 
3794	39 
3795	90 
3796	54 
3797	94 
3798	89 
3799	60 
3800	23 
3801	8 
3802	8 
3803	7 
3804	62 
3805	16 
3806	3 
3807	17 
3808	18 
3809	100 
3810	1 
3811	75 
3812	13 
3813	42 
3814	67 
3815	102 
3816	55 
3817	97 
3818	2 
3819	8 
3820	34 
3821	11 
3822	99 
3823	61 
3824	78 
3825	97 
3826	74 
3827	26 
3828	12 
3829	5 
3830	1 
3831	27 
3832	4 
3833	97 
3834	23 
3835	97 
3836	70 
3837	26 
3838	57 
3839	74 
3840	45 
3841	97 
3842	6 
3843	84 
3844	13 
3845	84 
3846	31 
3847	16 
3848	61 
3849	23 
3850	47 
3851	26 
3852	58 
3853	41 
3854	72 
3855	69 
3856	18 
3857	73 
3858	86 
3859	86 
3860	32 
3861	71 
3862	42 
3863	46 
3864	14 
3865	19 
3866	97 
3867	92 
3868	36 
3869	102 
3870	68 
3871	23 
3872	10 
3873	15 
3874	47 
3875	40 
3876	45 
3877	42 
3878	45 
3879	36 
3880	97 
3881	48 
3882	102 
3883	15 
3884	55 
3885	24 
3886	23 
3887	62 
3888	57 
3889	1 
3890	95 
3891	32 
3892	27 
3893	32 
3894	55 
3895	100 
3896	42 
3897	26 
3898	55 
3899	17 
3900	19 
3901	86 
3902	57 
3903	31 
3904	3 
3905	32 
3906	26 
3907	63 
3908	78 
3909	18 
3910	78 
3911	73 
3912	100 
3913	55 
3914	68 
3915	46 
3916	32 
3917	41 
3918	14 
3919	20 
3920	30 
3921	26 
3922	82 
3923	4 
3924	83 
3925	61 
3926	64 
3927	66 
3928	27 
3929	77 
3930	92 
3931	37 
3932	3 
3933	92 
3934	97 
3935	55 
3936	73 
3937	13 
3938	42 
3939	55 
3940	89 
3941	74 
3942	48 
3943	32 
3944	78 
3945	56 
3946	61 
3947	101 
3948	89 
3949	83 
3950	96 
3951	100 
3952	87 
3953	95 
3954	102 
3955	68 
3956	84 
3957	24 
3958	62 
3959	3 
3960	42 
3961	92 
3962	37 
3963	47 
3964	32 
3965	69 
3966	15 
3967	32 
3968	15 
3969	47 
3970	48 
3971	32 
3972	56 
3973	43 
3974	93 
3975	74 
3976	79 
3977	84 
3978	1 
3979	76 
3980	5 
3981	71 
3982	57 
3983	64 
3984	29 
3985	17 
3986	25 
3987	75 
3988	71 
3989	25 
3990	79 
3991	24 
3992	29 
3993	78 
3994	4 
3995	92 
3996	88 
3997	57 
3998	61 
3999	46 
4000	48 
4001	20 
4002	64 
4003	5 
4004	51 
4005	33 
4006	59 
4007	55 
4008	79 
4009	28 
4010	64 
4011	9 
4012	45 
4013	91 
4014	45 
4015	97 
4016	92 
4017	25 
4018	89 
4019	46 
4020	86 
4021	102 
4022	70 
4023	76 
4024	89 
4025	14 
4026	86 
4027	23 
4028	85 
4029	48 
4030	53 
4031	18 
4032	78 
4033	68 
4034	18 
4035	53 
4036	66 
4037	4 
4038	33 
4039	22 
4040	84 
4041	72 
4042	34 
4043	67 
4044	15 
4045	61 
4046	88 
4047	85 
4048	8 
4049	90 
4050	46 
4051	51 
4052	81 
4053	9 
4054	42 
4055	92 
4056	72 
4057	48 
4058	45 
4059	18 
4060	88 
4061	83 
4062	94 
4063	3 
4064	55 
4065	23 
4066	69 
4067	41 
4068	25 
4069	45 
4070	77 
4071	64 
4072	3 
4073	91 
4074	56 
4075	71 
4076	45 
4077	71 
4078	25 
4079	62 
4080	88 
4081	71 
4082	55 
4083	37 
4084	74 
4085	69 
4086	61 
4087	88 
4088	91 
4089	76 
4090	87 
4091	3 
4092	57 
4093	1 
4094	80 
4095	2 
4096	53 
4097	97 
4098	50 
4099	46 
4100	101 
4101	78 
4102	63 
4103	9 
4104	21 
4105	57 
4106	102 
4107	86 
4108	82 
4109	66 
4110	15 
4111	69 
4112	1 
4113	97 
4114	38 
4115	97 
4116	90 
4117	34 
4118	99 
4119	16 
4120	88 
4121	91 
4122	70 
4123	66 
4124	97 
4125	70 
4126	89 
4127	100 
4128	64 
4129	62 
4130	26 
4131	28 
4132	100 
4133	91 
4134	33 
4135	73 
4136	40 
4137	64 
4138	36 
4139	57 
4140	96 
4141	57 
4142	4 
4143	7 
4144	82 
4145	91 
4146	36 
4147	88 
4148	88 
4149	34 
4150	81 
4151	66 
4152	70 
4153	32 
4154	70 
4155	64 
4156	71 
4157	20 
4158	80 
4159	63 
4160	102 
4161	3 
4162	55 
4163	98 
4164	101 
4165	46 
4166	4 
4167	37 
4168	32 
4169	58 
4170	6 
4171	10 
4172	75 
4173	77 
4174	95 
4175	53 
4176	44 
4177	31 
4178	69 
4179	68 
4180	14 
4181	70 
4182	32 
4183	1 
4184	46 
4185	100 
4186	77 
4187	26 
4188	28 
4189	42 
4190	6 
4191	8 
4192	61 
4193	21 
4194	48 
4195	35 
4196	24 
4197	74 
4198	64 
4199	70 
4200	54 
4201	63 
4202	86 
4203	87 
4204	3 
4205	3 
4206	91 
4207	78 
4208	27 
4209	48 
4210	98 
4211	26 
4212	68 
4213	78 
4214	33 
4215	3 
4216	26 
4217	6 
4218	100 
4219	16 
4220	36 
4221	89 
4222	88 
4223	26 
4224	6 
4225	99 
4226	30 
4227	34 
4228	21 
4229	76 
4230	100 
4231	1 
4232	46 
4233	85 
4234	67 
4235	86 
4236	97 
4237	76 
4238	68 
4239	25 
4240	33 
4241	31 
4242	61 
4243	96 
4244	35 
4245	75 
4246	86 
4247	46 
4248	71 
4249	70 
4250	77 
4251	101 
4252	97 
4253	39 
4254	63 
4255	90 
4256	13 
4257	4 
4258	68 
4259	94 
4260	85 
4261	90 
4262	101 
4263	46 
4264	21 
4265	71 
4266	98 
4267	79 
4268	79 
4269	89 
4270	1 
4271	90 
4272	48 
4273	35 
4274	8 
4275	78 
4276	16 
4277	58 
4278	50 
4279	98 
4280	82 
4281	48 
4282	3 
4283	42 
4284	42 
4285	75 
4286	55 
4287	20 
4288	4 
4289	32 
4290	57 
4291	1 
4292	82 
4293	42 
4294	75 
4295	1 
4296	98 
4297	91 
4298	54 
4299	7 
4300	46 
4301	22 
4302	51 
4303	74 
4304	14 
4305	41 
4306	53 
4307	99 
4308	24 
4309	92 
4310	16 
4311	39 
4312	18 
4313	101 
4314	15 
4315	15 
4316	6 
4317	41 
4318	26 
4319	82 
4320	15 
4321	89 
4322	67 
4323	5 
4324	51 
4325	81 
4326	4 
4327	23 
4328	75 
4329	23 
4330	27 
4331	18 
4332	84 
4333	55 
4334	40 
4335	21 
4336	31 
4337	98 
4338	37 
4339	36 
4340	66 
4341	7 
4342	87 
4343	78 
4344	74 
4345	30 
4346	74 
4347	52 
4348	61 
4349	27 
4350	57 
4351	23 
4352	63 
4353	49 
4354	85 
4355	26 
4356	33 
4357	32 
4358	63 
4359	59 
4360	3 
4361	3 
4362	41 
4363	15 
4364	68 
4365	57 
4366	81 
4367	30 
4368	43 
4369	8 
4370	4 
4371	21 
4372	42 
4373	60 
4374	44 
4375	45 
4376	4 
4377	15 
4378	102 
4379	78 
4380	32 
4381	67 
4382	45 
4383	78 
4384	23 
4385	33 
4386	63 
4387	98 
4388	39 
4389	90 
4390	21 
4391	65 
4392	89 
4393	91 
4394	78 
4395	68 
4396	75 
4397	88 
4398	78 
4399	64 
4400	23 
4401	64 
4402	18 
4403	98 
4404	82 
4405	49 
4406	31 
4407	92 
4408	9 
4409	21 
4410	79 
4411	102 
4412	6 
4413	31 
4414	58 
4415	79 
4416	56 
4417	95 
4418	3 
4419	24 
4420	98 
4421	18 
4422	48 
4423	83 
4424	42 
4425	31 
4426	57 
4427	3 
4428	1 
4429	89 
4430	100 
4431	68 
4432	20 
4433	64 
4434	37 
4435	49 
4436	48 
4437	18 
4438	88 
4439	86 
4440	15 
4441	16 
4442	35 
4443	11 
4444	2 
4445	23 
4446	85 
4447	84 
4448	45 
4449	3 
4450	85 
4451	78 
4452	13 
4453	23 
4454	42 
4455	86 
4456	85 
4457	20 
4458	1 
4459	18 
4460	1 
4461	8 
4462	29 
4463	42 
4464	60 
4465	79 
4466	51 
4467	42 
4468	66 
4469	64 
4470	99 
4471	64 
4472	20 
4473	102 
4474	51 
4475	66 
4476	83 
4477	6 
4478	86 
4479	57 
4480	27 
4481	92 
4482	38 
4483	72 
4484	65 
4485	23 
4486	20 
4487	90 
4488	61 
4489	53 
4490	78 
4491	58 
4492	24 
4493	18 
4494	91 
4495	90 
4496	4 
4497	90 
4498	62 
4499	27 
4500	69 
4501	32 
4502	18 
4503	79 
4504	70 
4505	51 
4506	25 
4507	91 
4508	24 
4509	71 
4510	71 
4511	92 
4512	80 
4513	44 
4514	82 
4515	46 
4516	33 
4517	27 
4518	67 
4519	27 
4520	3 
4521	79 
4522	62 
4523	23 
4524	69 
4525	45 
4526	1 
4527	95 
4528	18 
4529	62 
4530	92 
4531	90 
4532	35 
4533	56 
4534	98 
4535	101 
4536	21 
4537	78 
4538	84 
4539	49 
4540	30 
4541	73 
4542	47 
4543	41 
4544	86 
4545	71 
4546	79 
4547	3 
4548	66 
4549	88 
4550	102 
4551	32 
4552	83 
4553	55 
4554	9 
4555	34 
4556	98 
4557	100 
4558	50 
4559	45 
4560	24 
4561	23 
4562	100 
4563	18 
4564	8 
4565	32 
4566	78 
4567	1 
4568	3 
4569	18 
4570	8 
4571	26 
4572	40 
4573	14 
4574	78 
4575	78 
4576	81 
4577	52 
4578	95 
4579	46 
4580	92 
4581	39 
4582	42 
4583	86 
4584	86 
4585	79 
4586	42 
4587	10 
4588	58 
4589	16 
4590	71 
4591	12 
4592	71 
4593	51 
4594	15 
4595	71 
4596	70 
4597	12 
4598	90 
4599	55 
4600	39 
4601	91 
4602	90 
4603	71 
4604	28 
4605	102 
4606	71 
4607	100 
4608	84 
4609	5 
4610	88 
4611	81 
4612	90 
4613	98 
4614	81 
4615	91 
4616	83 
4617	16 
4618	18 
4619	102 
4620	97 
4621	43 
4622	87 
4623	37 
4624	13 
4625	26 
4626	92 
4627	61 
4628	24 
4629	1 
4630	48 
4631	57 
4632	90 
4633	35 
4634	44 
4635	24 
4636	31 
4637	94 
4638	75 
4639	47 
4640	3 
4641	55 
4642	74 
4643	100 
4644	23 
4645	67 
4646	8 
4647	49 
4648	101 
4649	74 
4650	39 
4651	86 
4652	63 
4653	15 
4654	84 
4655	70 
4656	61 
4657	25 
4658	97 
4659	51 
4660	68 
4661	48 
4662	96 
4663	1 
4664	31 
4665	97 
4666	80 
4667	74 
4668	16 
4669	68 
4670	57 
4671	99 
4672	97 
4673	102 
4674	93 
4675	32 
4676	46 
4677	15 
4678	69 
4679	65 
4680	68 
4681	42 
4682	86 
4683	88 
4684	86 
4685	3 
4686	93 
4687	90 
4688	32 
4689	69 
4690	10 
4691	15 
4692	75 
4693	30 
4694	67 
4695	23 
4696	85 
4697	70 
4698	3 
4699	32 
4700	40 
4701	37 
4702	35 
4703	69 
4704	95 
4705	79 
4706	67 
4707	30 
4708	10 
4709	46 
4710	63 
4711	90 
4712	45 
4713	63 
4714	18 
4715	66 
4716	1 
4717	92 
4718	45 
4719	62 
4720	37 
4721	34 
4722	18 
4723	63 
4724	87 
4725	54 
4726	90 
4727	3 
4728	64 
4729	50 
4730	44 
4731	71 
4732	101 
4733	31 
4734	59 
4735	45 
4736	81 
4737	64 
4738	92 
4739	61 
4740	61 
4741	58 
4742	62 
4743	42 
4744	63 
4745	78 
4746	24 
4747	78 
4748	90 
4749	37 
4750	74 
4751	82 
4752	55 
4753	71 
4754	10 
4755	29 
4756	70 
4757	28 
4758	22 
4759	61 
4760	50 
4761	95 
4762	46 
4763	14 
4764	67 
4765	47 
4766	10 
4767	92 
4768	91 
4769	55 
4770	31 
4771	46 
4772	43 
4773	63 
4774	88 
4775	64 
4776	41 
4777	55 
4778	69 
4779	19 
4780	95 
4781	42 
4782	100 
4783	31 
4784	96 
4785	90 
4786	38 
4787	66 
4788	70 
4789	102 
4790	34 
4791	8 
4792	88 
4793	29 
4794	60 
4795	74 
4796	90 
4797	70 
4798	28 
4799	68 
4800	18 
4801	32 
4802	56 
4803	100 
4804	49 
4805	57 
4806	34 
4807	41 
4808	83 
4809	86 
4810	20 
4811	18 
4812	92 
4813	95 
4814	22 
4815	60 
4816	32 
4817	97 
4818	18 
4819	1 
4820	18 
4821	87 
4822	57 
4823	80 
4824	26 
4825	68 
4826	95 
4827	64 
4828	32 
4829	85 
4830	26 
4831	23 
4832	22 
4833	45 
4834	26 
4835	78 
4836	62 
4837	53 
4838	81 
4839	71 
4840	93 
4841	73 
4842	62 
4843	84 
4844	40 
4845	32 
4846	53 
4847	3 
4848	44 
4849	37 
4850	68 
4851	36 
4852	61 
4853	23 
4854	25 
4855	55 
4856	1 
4857	18 
4858	4 
4859	79 
4860	61 
4861	66 
4862	74 
4863	66 
4864	71 
4865	100 
4866	11 
4867	3 
4868	40 
4869	53 
4870	63 
4871	13 
4872	57 
4873	97 
4874	100 
4875	82 
4876	62 
4877	34 
4878	86 
4879	71 
4880	34 
4881	10 
4882	81 
4883	18 
4884	3 
4885	64 
4886	9 
4887	31 
4888	70 
4889	68 
4890	31 
4891	92 
4892	73 
4893	59 
4894	46 
4895	23 
4896	84 
4897	63 
4898	40 
4899	71 
4900	41 
4901	59 
4902	8 
4903	80 
4904	20 
4905	27 
4906	56 
4907	51 
4908	49 
4909	85 
4910	24 
4911	63 
4912	77 
4913	59 
4914	61 
4915	57 
4916	20 
4917	9 
4918	36 
4919	44 
4920	84 
4921	8 
4922	64 
4923	10 
4924	85 
4925	6 
4926	102 
4927	75 
4928	53 
4929	16 
4930	64 
4931	43 
4932	51 
4933	95 
4934	27 
4935	47 
4936	63 
4937	53 
4938	6 
4939	91 
4940	65 
4941	60 
4942	58 
4943	77 
4944	45 
4945	26 
4946	46 
4947	18 
4948	55 
4949	70 
4950	38 
4951	27 
4952	50 
4953	79 
4954	63 
4955	82 
4956	14 
4957	94 
4958	86 
4959	45 
4960	84 
4961	37 
4962	32 
4963	55 
4964	26 
4965	34 
4966	95 
4967	40 
4968	24 
4969	95 
4970	16 
4971	96 
4972	51 
4973	4 
4974	15 
4975	57 
4976	101 
4977	27 
4978	71 
4979	74 
4980	8 
4981	98 
4982	46 
4983	42 
4984	91 
4985	44 
4986	45 
4987	97 
4988	25 
4989	65 
4990	13 
4991	69 
4992	34 
4993	28 
4994	92 
4995	63 
4996	61 
4997	46 
4998	17 
4999	16 
5000	60 
