1	97 
2	11 
3	93 
4	9 
5	5 
6	93 
7	69 
8	61 
9	14 
10	55 
11	69 
12	55 
13	67 
14	83 
15	77 
16	57 
17	96 
18	23 
19	1 
20	20 
21	85 
22	20 
23	31 
24	28 
25	53 
26	82 
27	90 
28	30 
29	7 
30	1 
31	20 
32	49 
33	44 
34	40 
35	99 
36	86 
37	28 
38	44 
39	92 
40	56 
41	7 
42	13 
43	61 
44	74 
45	33 
46	47 
47	48 
48	56 
49	27 
50	63 
51	38 
52	39 
53	18 
54	63 
55	28 
56	97 
57	47 
58	87 
59	29 
60	1 
61	2 
62	47 
63	6 
64	81 
65	87 
66	93 
67	5 
68	1 
69	104 
70	26 
71	73 
72	83 
73	92 
74	45 
75	40 
76	74 
77	61 
78	93 
79	1 
80	62 
81	40 
82	100 
83	4 
84	85 
85	79 
86	67 
87	74 
88	25 
89	56 
90	71 
91	62 
92	24 
93	34 
94	37 
95	85 
96	70 
97	55 
98	92 
99	64 
100	95 
101	74 
102	90 
103	100 
104	93 
105	42 
106	5 
107	19 
108	54 
109	45 
110	66 
111	4 
112	95 
113	10 
114	102 
115	11 
116	5 
117	73 
118	5 
119	8 
120	68 
121	20 
122	100 
123	75 
124	33 
125	31 
126	78 
127	65 
128	25 
129	21 
130	32 
131	60 
132	99 
133	100 
134	58 
135	46 
136	18 
137	104 
138	71 
139	104 
140	9 
141	101 
142	51 
143	38 
144	18 
145	48 
146	26 
147	104 
148	65 
149	50 
150	76 
151	38 
152	22 
153	12 
154	5 
155	91 
156	13 
157	95 
158	25 
159	49 
160	30 
161	68 
162	19 
163	98 
164	88 
165	1 
166	19 
167	38 
168	11 
169	28 
170	41 
171	63 
172	3 
173	57 
174	22 
175	67 
176	93 
177	51 
178	45 
179	28 
180	5 
181	1 
182	43 
183	57 
184	99 
185	6 
186	15 
187	23 
188	47 
189	53 
190	32 
191	92 
192	21 
193	38 
194	78 
195	68 
196	29 
197	15 
198	22 
199	39 
200	77 
201	66 
202	28 
203	93 
204	78 
205	55 
206	26 
207	50 
208	101 
209	25 
210	92 
211	35 
212	97 
213	66 
214	37 
215	28 
216	52 
217	16 
218	22 
219	3 
220	22 
221	13 
222	62 
223	71 
224	94 
225	13 
226	10 
227	48 
228	104 
229	38 
230	36 
231	99 
232	72 
233	48 
234	87 
235	1 
236	15 
237	4 
238	22 
239	81 
240	99 
241	55 
242	4 
243	38 
244	21 
245	37 
246	88 
247	9 
248	59 
249	74 
250	28 
251	94 
252	9 
253	52 
254	6 
255	1 
256	57 
257	36 
258	73 
259	9 
260	102 
261	93 
262	83 
263	90 
264	73 
265	44 
266	45 
267	28 
268	77 
269	104 
270	48 
271	44 
272	72 
273	94 
274	76 
275	64 
276	83 
277	44 
278	79 
279	66 
280	15 
281	22 
282	84 
283	45 
284	62 
285	101 
286	52 
287	29 
288	28 
289	6 
290	62 
291	15 
292	49 
293	79 
294	69 
295	88 
296	20 
297	16 
298	45 
299	68 
300	2 
301	15 
302	54 
303	44 
304	52 
305	8 
306	97 
307	7 
308	33 
309	45 
310	77 
311	75 
312	93 
313	63 
314	48 
315	18 
316	18 
317	63 
318	18 
319	63 
320	30 
321	6 
322	61 
323	27 
324	86 
325	16 
326	97 
327	82 
328	2 
329	82 
330	92 
331	93 
332	23 
333	57 
334	101 
335	15 
336	9 
337	79 
338	84 
339	4 
340	103 
341	22 
342	19 
343	26 
344	38 
345	4 
346	99 
347	55 
348	57 
349	95 
350	88 
351	66 
352	85 
353	43 
354	19 
355	68 
356	27 
357	52 
358	22 
359	96 
360	74 
361	88 
362	102 
363	83 
364	55 
365	22 
366	20 
367	17 
368	54 
369	46 
370	20 
371	98 
372	66 
373	57 
374	6 
375	71 
376	17 
377	6 
378	97 
379	18 
380	38 
381	1 
382	24 
383	8 
384	26 
385	92 
386	34 
387	9 
388	51 
389	94 
390	91 
391	18 
392	101 
393	70 
394	29 
395	92 
396	67 
397	86 
398	66 
399	59 
400	90 
401	56 
402	38 
403	99 
404	91 
405	33 
406	81 
407	45 
408	94 
409	13 
410	93 
411	28 
412	45 
413	4 
414	1 
415	38 
416	13 
417	42 
418	19 
419	94 
420	86 
421	9 
422	75 
423	93 
424	93 
425	31 
426	35 
427	88 
428	39 
429	42 
430	48 
431	9 
432	28 
433	22 
434	27 
435	21 
436	43 
437	45 
438	22 
439	22 
440	53 
441	38 
442	29 
443	80 
444	10 
445	97 
446	41 
447	63 
448	27 
449	91 
450	98 
451	8 
452	3 
453	98 
454	32 
455	92 
456	66 
457	26 
458	15 
459	24 
460	102 
461	104 
462	75 
463	16 
464	67 
465	80 
466	69 
467	80 
468	80 
469	67 
470	22 
471	35 
472	56 
473	59 
474	80 
475	75 
476	19 
477	35 
478	62 
479	51 
480	46 
481	73 
482	45 
483	96 
484	54 
485	34 
486	50 
487	40 
488	57 
489	74 
490	13 
491	17 
492	74 
493	52 
494	93 
495	102 
496	88 
497	59 
498	63 
499	40 
500	65 
501	81 
502	93 
503	74 
504	10 
505	92 
506	50 
507	62 
508	26 
509	31 
510	82 
511	37 
512	56 
513	29 
514	29 
515	57 
516	33 
517	45 
518	42 
519	20 
520	14 
521	97 
522	57 
523	51 
524	23 
525	92 
526	83 
527	41 
528	45 
529	67 
530	72 
531	11 
532	45 
533	42 
534	79 
535	67 
536	43 
537	103 
538	7 
539	85 
540	90 
541	48 
542	10 
543	97 
544	11 
545	39 
546	89 
547	38 
548	45 
549	27 
550	75 
551	67 
552	81 
553	18 
554	33 
555	14 
556	29 
557	10 
558	19 
559	67 
560	23 
561	78 
562	5 
563	98 
564	23 
565	38 
566	22 
567	75 
568	79 
569	2 
570	46 
571	67 
572	71 
573	55 
574	63 
575	92 
576	104 
577	54 
578	81 
579	94 
580	48 
581	27 
582	104 
583	10 
584	8 
585	54 
586	65 
587	51 
588	34 
589	61 
590	27 
591	13 
592	36 
593	41 
594	22 
595	14 
596	45 
597	64 
598	93 
599	41 
600	84 
601	1 
602	54 
603	67 
604	80 
605	74 
606	29 
607	89 
608	10 
609	2 
610	25 
611	54 
612	29 
613	21 
614	61 
615	74 
616	74 
617	14 
618	18 
619	67 
620	48 
621	95 
622	52 
623	48 
624	4 
625	59 
626	16 
627	26 
628	5 
629	28 
630	22 
631	18 
632	55 
633	72 
634	10 
635	81 
636	58 
637	92 
638	25 
639	43 
640	95 
641	53 
642	22 
643	31 
644	86 
645	61 
646	16 
647	100 
648	77 
649	83 
650	57 
651	15 
652	31 
653	28 
654	40 
655	25 
656	95 
657	63 
658	9 
659	47 
660	102 
661	49 
662	33 
663	15 
664	51 
665	84 
666	76 
667	50 
668	50 
669	84 
670	59 
671	30 
672	10 
673	84 
674	1 
675	15 
676	27 
677	100 
678	51 
679	79 
680	33 
681	57 
682	38 
683	25 
684	24 
685	23 
686	100 
687	55 
688	28 
689	96 
690	35 
691	76 
692	97 
693	93 
694	85 
695	50 
696	94 
697	52 
698	40 
699	28 
700	69 
701	90 
702	69 
703	22 
704	4 
705	7 
706	9 
707	90 
708	4 
709	88 
710	45 
711	76 
712	65 
713	61 
714	17 
715	71 
716	10 
717	84 
718	73 
719	19 
720	22 
721	97 
722	67 
723	62 
724	18 
725	11 
726	61 
727	16 
728	45 
729	86 
730	10 
731	84 
732	50 
733	93 
734	31 
735	23 
736	61 
737	25 
738	3 
739	15 
740	55 
741	72 
742	14 
743	22 
744	4 
745	84 
746	55 
747	44 
748	19 
749	34 
750	20 
751	18 
752	68 
753	12 
754	70 
755	99 
756	21 
757	43 
758	45 
759	6 
760	78 
761	62 
762	98 
763	88 
764	74 
765	30 
766	66 
767	86 
768	90 
769	50 
770	74 
771	96 
772	61 
773	28 
774	96 
775	54 
776	43 
777	5 
778	82 
779	101 
780	10 
781	98 
782	33 
783	85 
784	10 
785	8 
786	71 
787	32 
788	52 
789	79 
790	97 
791	60 
792	102 
793	66 
794	27 
795	7 
796	87 
797	15 
798	29 
799	79 
800	45 
801	54 
802	75 
803	27 
804	48 
805	61 
806	54 
807	90 
808	63 
809	67 
810	43 
811	51 
812	85 
813	36 
814	71 
815	56 
816	104 
817	86 
818	85 
819	50 
820	90 
821	61 
822	46 
823	88 
824	39 
825	27 
826	11 
827	40 
828	54 
829	29 
830	58 
831	85 
832	39 
833	67 
834	5 
835	85 
836	64 
837	46 
838	82 
839	94 
840	101 
841	95 
842	1 
843	76 
844	45 
845	28 
846	28 
847	15 
848	17 
849	44 
850	67 
851	38 
852	94 
853	97 
854	78 
855	66 
856	28 
857	47 
858	25 
859	39 
860	79 
861	45 
862	81 
863	42 
864	48 
865	93 
866	78 
867	67 
868	15 
869	29 
870	48 
871	79 
872	48 
873	25 
874	61 
875	2 
876	66 
877	67 
878	102 
879	28 
880	65 
881	21 
882	93 
883	18 
884	1 
885	88 
886	80 
887	26 
888	48 
889	14 
890	86 
891	85 
892	59 
893	11 
894	48 
895	99 
896	102 
897	48 
898	87 
899	37 
900	70 
901	34 
902	94 
903	104 
904	42 
905	36 
906	104 
907	18 
908	55 
909	70 
910	32 
911	87 
912	45 
913	18 
914	5 
915	14 
916	2 
917	50 
918	80 
919	92 
920	54 
921	102 
922	43 
923	54 
924	22 
925	39 
926	54 
927	22 
928	64 
929	62 
930	78 
931	54 
932	101 
933	101 
934	89 
935	51 
936	63 
937	102 
938	39 
939	100 
940	22 
941	63 
942	27 
943	12 
944	33 
945	57 
946	22 
947	51 
948	93 
949	93 
950	10 
951	84 
952	61 
953	32 
954	97 
955	83 
956	26 
957	16 
958	64 
959	66 
960	19 
961	61 
962	93 
963	45 
964	38 
965	63 
966	55 
967	24 
968	70 
969	84 
970	4 
971	16 
972	2 
973	90 
974	102 
975	41 
976	10 
977	48 
978	19 
979	28 
980	14 
981	40 
982	83 
983	103 
984	101 
985	21 
986	1 
987	83 
988	1 
989	5 
990	93 
991	20 
992	9 
993	97 
994	73 
995	81 
996	54 
997	77 
998	10 
999	36 
1000	92 
1001	70 
1002	88 
1003	21 
1004	17 
1005	70 
1006	45 
1007	94 
1008	100 
1009	77 
1010	71 
1011	97 
1012	61 
1013	57 
1014	98 
1015	63 
1016	43 
1017	19 
1018	80 
1019	93 
1020	39 
1021	2 
1022	73 
1023	83 
1024	54 
1025	56 
1026	87 
1027	96 
1028	64 
1029	86 
1030	71 
1031	10 
1032	53 
1033	1 
1034	88 
1035	39 
1036	56 
1037	8 
1038	85 
1039	55 
1040	52 
1041	23 
1042	91 
1043	19 
1044	94 
1045	6 
1046	101 
1047	29 
1048	43 
1049	68 
1050	19 
1051	58 
1052	22 
1053	101 
1054	32 
1055	36 
1056	89 
1057	53 
1058	5 
1059	55 
1060	21 
1061	29 
1062	24 
1063	24 
1064	5 
1065	26 
1066	23 
1067	46 
1068	71 
1069	15 
1070	16 
1071	89 
1072	55 
1073	74 
1074	51 
1075	13 
1076	46 
1077	61 
1078	10 
1079	18 
1080	86 
1081	62 
1082	26 
1083	82 
1084	68 
1085	98 
1086	85 
1087	9 
1088	102 
1089	19 
1090	74 
1091	80 
1092	78 
1093	79 
1094	4 
1095	28 
1096	94 
1097	99 
1098	38 
1099	68 
1100	12 
1101	64 
1102	63 
1103	52 
1104	99 
1105	28 
1106	98 
1107	104 
1108	52 
1109	56 
1110	82 
1111	77 
1112	1 
1113	95 
1114	3 
1115	69 
1116	100 
1117	6 
1118	16 
1119	53 
1120	97 
1121	68 
1122	86 
1123	12 
1124	88 
1125	7 
1126	33 
1127	100 
1128	61 
1129	27 
1130	93 
1131	81 
1132	94 
1133	66 
1134	53 
1135	86 
1136	1 
1137	58 
1138	16 
1139	5 
1140	25 
1141	74 
1142	26 
1143	87 
1144	15 
1145	43 
1146	22 
1147	10 
1148	67 
1149	15 
1150	23 
1151	12 
1152	5 
1153	93 
1154	19 
1155	1 
1156	94 
1157	45 
1158	40 
1159	31 
1160	93 
1161	93 
1162	43 
1163	28 
1164	53 
1165	49 
1166	68 
1167	48 
1168	49 
1169	4 
1170	29 
1171	29 
1172	15 
1173	28 
1174	45 
1175	15 
1176	27 
1177	87 
1178	33 
1179	101 
1180	56 
1181	45 
1182	72 
1183	80 
1184	25 
1185	66 
1186	38 
1187	67 
1188	46 
1189	47 
1190	60 
1191	67 
1192	23 
1193	100 
1194	81 
1195	18 
1196	57 
1197	42 
1198	9 
1199	28 
1200	101 
1201	90 
1202	51 
1203	98 
1204	32 
1205	28 
1206	80 
1207	42 
1208	102 
1209	22 
1210	27 
1211	67 
1212	70 
1213	38 
1214	9 
1215	30 
1216	64 
1217	102 
1218	9 
1219	11 
1220	95 
1221	92 
1222	94 
1223	46 
1224	17 
1225	93 
1226	98 
1227	38 
1228	3 
1229	73 
1230	19 
1231	57 
1232	54 
1233	92 
1234	10 
1235	85 
1236	1 
1237	57 
1238	54 
1239	102 
1240	78 
1241	72 
1242	75 
1243	21 
1244	7 
1245	85 
1246	15 
1247	65 
1248	12 
1249	83 
1250	75 
1251	81 
1252	63 
1253	16 
1254	8 
1255	30 
1256	53 
1257	77 
1258	90 
1259	34 
1260	97 
1261	86 
1262	101 
1263	94 
1264	27 
1265	82 
1266	94 
1267	34 
1268	14 
1269	65 
1270	55 
1271	14 
1272	28 
1273	1 
1274	101 
1275	3 
1276	32 
1277	1 
1278	86 
1279	9 
1280	38 
1281	22 
1282	90 
1283	85 
1284	89 
1285	39 
1286	13 
1287	55 
1288	54 
1289	39 
1290	33 
1291	32 
1292	63 
1293	33 
1294	60 
1295	11 
1296	104 
1297	87 
1298	101 
1299	31 
1300	79 
1301	73 
1302	57 
1303	33 
1304	38 
1305	49 
1306	7 
1307	85 
1308	61 
1309	28 
1310	55 
1311	22 
1312	85 
1313	85 
1314	19 
1315	72 
1316	74 
1317	49 
1318	84 
1319	55 
1320	19 
1321	99 
1322	18 
1323	75 
1324	66 
1325	90 
1326	64 
1327	45 
1328	60 
1329	102 
1330	83 
1331	75 
1332	16 
1333	28 
1334	53 
1335	5 
1336	40 
1337	41 
1338	84 
1339	67 
1340	86 
1341	81 
1342	24 
1343	13 
1344	83 
1345	9 
1346	33 
1347	17 
1348	6 
1349	83 
1350	84 
1351	100 
1352	80 
1353	23 
1354	13 
1355	19 
1356	52 
1357	68 
1358	4 
1359	48 
1360	84 
1361	103 
1362	3 
1363	79 
1364	70 
1365	43 
1366	54 
1367	56 
1368	51 
1369	76 
1370	87 
1371	36 
1372	38 
1373	21 
1374	48 
1375	19 
1376	97 
1377	93 
1378	38 
1379	45 
1380	7 
1381	23 
1382	10 
1383	4 
1384	85 
1385	82 
1386	13 
1387	17 
1388	85 
1389	16 
1390	75 
1391	23 
1392	19 
1393	45 
1394	32 
1395	25 
1396	103 
1397	68 
1398	84 
1399	27 
1400	55 
1401	43 
1402	104 
1403	58 
1404	46 
1405	2 
1406	73 
1407	13 
1408	96 
1409	5 
1410	52 
1411	76 
1412	50 
1413	65 
1414	67 
1415	33 
1416	92 
1417	68 
1418	84 
1419	63 
1420	104 
1421	22 
1422	54 
1423	93 
1424	64 
1425	86 
1426	67 
1427	64 
1428	18 
1429	36 
1430	70 
1431	34 
1432	18 
1433	54 
1434	92 
1435	68 
1436	78 
1437	2 
1438	66 
1439	5 
1440	38 
1441	72 
1442	18 
1443	72 
1444	33 
1445	46 
1446	13 
1447	46 
1448	36 
1449	5 
1450	6 
1451	45 
1452	38 
1453	57 
1454	31 
1455	7 
1456	20 
1457	28 
1458	7 
1459	73 
1460	20 
1461	62 
1462	10 
1463	36 
1464	21 
1465	98 
1466	104 
1467	97 
1468	98 
1469	100 
1470	80 
1471	52 
1472	74 
1473	84 
1474	98 
1475	22 
1476	8 
1477	88 
1478	88 
1479	29 
1480	33 
1481	30 
1482	98 
1483	54 
1484	55 
1485	60 
1486	13 
1487	61 
1488	98 
1489	2 
1490	52 
1491	9 
1492	64 
1493	51 
1494	67 
1495	98 
1496	54 
1497	83 
1498	77 
1499	21 
1500	49 
1501	48 
1502	102 
1503	76 
1504	19 
1505	3 
1506	53 
1507	78 
1508	3 
1509	48 
1510	59 
1511	39 
1512	78 
1513	66 
1514	97 
1515	103 
1516	15 
1517	90 
1518	64 
1519	15 
1520	10 
1521	14 
1522	90 
1523	38 
1524	17 
1525	17 
1526	68 
1527	86 
1528	43 
1529	61 
1530	19 
1531	18 
1532	72 
1533	1 
1534	10 
1535	30 
1536	65 
1537	31 
1538	16 
1539	66 
1540	39 
1541	72 
1542	45 
1543	93 
1544	54 
1545	75 
1546	39 
1547	10 
1548	55 
1549	98 
1550	77 
1551	34 
1552	14 
1553	38 
1554	28 
1555	74 
1556	29 
1557	51 
1558	1 
1559	31 
1560	94 
1561	51 
1562	33 
1563	37 
1564	18 
1565	48 
1566	98 
1567	57 
1568	43 
1569	92 
1570	29 
1571	86 
1572	22 
1573	97 
1574	79 
1575	68 
1576	22 
1577	96 
1578	10 
1579	98 
1580	47 
1581	97 
1582	102 
1583	57 
1584	79 
1585	62 
1586	7 
1587	55 
1588	85 
1589	75 
1590	68 
1591	51 
1592	64 
1593	18 
1594	2 
1595	76 
1596	32 
1597	54 
1598	18 
1599	93 
1600	61 
1601	93 
1602	17 
1603	9 
1604	102 
1605	93 
1606	28 
1607	2 
1608	43 
1609	67 
1610	22 
1611	90 
1612	74 
1613	46 
1614	94 
1615	70 
1616	93 
1617	58 
1618	67 
1619	94 
1620	49 
1621	102 
1622	63 
1623	15 
1624	86 
1625	65 
1626	42 
1627	18 
1628	90 
1629	40 
1630	11 
1631	11 
1632	101 
1633	78 
1634	94 
1635	68 
1636	18 
1637	65 
1638	61 
1639	98 
1640	65 
1641	97 
1642	20 
1643	79 
1644	29 
1645	70 
1646	94 
1647	63 
1648	4 
1649	63 
1650	1 
1651	44 
1652	90 
1653	70 
1654	51 
1655	14 
1656	45 
1657	18 
1658	70 
1659	1 
1660	60 
1661	74 
1662	4 
1663	64 
1664	28 
1665	94 
1666	10 
1667	90 
1668	9 
1669	28 
1670	15 
1671	98 
1672	1 
1673	55 
1674	81 
1675	48 
1676	9 
1677	23 
1678	10 
1679	66 
1680	51 
1681	80 
1682	57 
1683	80 
1684	94 
1685	19 
1686	85 
1687	61 
1688	30 
1689	57 
1690	10 
1691	10 
1692	9 
1693	18 
1694	45 
1695	30 
1696	95 
1697	100 
1698	46 
1699	33 
1700	83 
1701	65 
1702	68 
1703	45 
1704	25 
1705	93 
1706	54 
1707	71 
1708	14 
1709	9 
1710	44 
1711	72 
1712	61 
1713	97 
1714	72 
1715	42 
1716	23 
1717	58 
1718	20 
1719	54 
1720	67 
1721	18 
1722	36 
1723	29 
1724	45 
1725	15 
1726	102 
1727	78 
1728	58 
1729	75 
1730	42 
1731	27 
1732	20 
1733	55 
1734	79 
1735	21 
1736	18 
1737	2 
1738	50 
1739	44 
1740	85 
1741	94 
1742	86 
1743	91 
1744	53 
1745	10 
1746	82 
1747	85 
1748	81 
1749	53 
1750	61 
1751	49 
1752	66 
1753	5 
1754	51 
1755	17 
1756	79 
1757	88 
1758	52 
1759	101 
1760	56 
1761	93 
1762	44 
1763	38 
1764	9 
1765	31 
1766	20 
1767	49 
1768	21 
1769	94 
1770	50 
1771	58 
1772	9 
1773	4 
1774	78 
1775	61 
1776	103 
1777	98 
1778	53 
1779	83 
1780	73 
1781	64 
1782	5 
1783	12 
1784	19 
1785	73 
1786	16 
1787	103 
1788	39 
1789	79 
1790	61 
1791	97 
1792	102 
1793	24 
1794	47 
1795	33 
1796	64 
1797	85 
1798	5 
1799	46 
1800	89 
1801	80 
1802	17 
1803	97 
1804	68 
1805	23 
1806	99 
1807	13 
1808	39 
1809	10 
1810	9 
1811	34 
1812	9 
1813	102 
1814	93 
1815	40 
1816	13 
1817	77 
1818	59 
1819	26 
1820	93 
1821	74 
1822	1 
1823	6 
1824	8 
1825	101 
1826	15 
1827	75 
1828	57 
1829	39 
1830	79 
1831	15 
1832	22 
1833	21 
1834	70 
1835	18 
1836	97 
1837	67 
1838	35 
1839	46 
1840	93 
1841	53 
1842	21 
1843	8 
1844	70 
1845	69 
1846	15 
1847	37 
1848	22 
1849	93 
1850	77 
1851	61 
1852	61 
1853	5 
1854	45 
1855	36 
1856	23 
1857	65 
1858	90 
1859	62 
1860	48 
1861	78 
1862	88 
1863	3 
1864	18 
1865	102 
1866	24 
1867	13 
1868	1 
1869	95 
1870	81 
1871	61 
1872	31 
1873	75 
1874	98 
1875	25 
1876	40 
1877	65 
1878	29 
1879	46 
1880	54 
1881	68 
1882	58 
1883	40 
1884	35 
1885	4 
1886	19 
1887	19 
1888	52 
1889	83 
1890	43 
1891	5 
1892	26 
1893	57 
1894	51 
1895	94 
1896	55 
1897	28 
1898	69 
1899	39 
1900	55 
1901	29 
1902	39 
1903	8 
1904	100 
1905	55 
1906	14 
1907	94 
1908	28 
1909	103 
1910	5 
1911	6 
1912	94 
1913	102 
1914	69 
1915	94 
1916	81 
1917	55 
1918	11 
1919	19 
1920	45 
1921	32 
1922	98 
1923	93 
1924	73 
1925	15 
1926	68 
1927	62 
1928	2 
1929	27 
1930	80 
1931	70 
1932	89 
1933	77 
1934	15 
1935	93 
1936	51 
1937	51 
1938	57 
1939	102 
1940	34 
1941	84 
1942	46 
1943	61 
1944	30 
1945	70 
1946	72 
1947	12 
1948	15 
1949	55 
1950	58 
1951	39 
1952	57 
1953	58 
1954	29 
1955	62 
1956	78 
1957	54 
1958	74 
1959	62 
1960	90 
1961	33 
1962	93 
1963	61 
1964	91 
1965	38 
1966	22 
1967	1 
1968	22 
1969	61 
1970	67 
1971	22 
1972	3 
1973	46 
1974	15 
1975	53 
1976	5 
1977	97 
1978	8 
1979	85 
1980	4 
1981	88 
1982	22 
1983	4 
1984	29 
1985	56 
1986	61 
1987	28 
1988	4 
1989	54 
1990	94 
1991	4 
1992	14 
1993	85 
1994	99 
1995	97 
1996	51 
1997	55 
1998	94 
1999	57 
2000	75 
2001	70 
2002	76 
2003	100 
2004	53 
2005	46 
2006	49 
2007	52 
2008	13 
2009	80 
2010	46 
2011	43 
2012	67 
2013	56 
2014	14 
2015	84 
2016	82 
2017	103 
2018	97 
2019	8 
2020	22 
2021	35 
2022	43 
2023	53 
2024	39 
2025	5 
2026	3 
2027	60 
2028	22 
2029	28 
2030	66 
2031	22 
2032	92 
2033	67 
2034	33 
2035	61 
2036	75 
2037	57 
2038	22 
2039	38 
2040	27 
2041	1 
2042	5 
2043	8 
2044	28 
2045	34 
2046	54 
2047	88 
2048	14 
2049	71 
2050	49 
2051	61 
2052	98 
2053	56 
2054	92 
2055	15 
2056	14 
2057	85 
2058	98 
2059	20 
2060	104 
2061	86 
2062	9 
2063	57 
2064	64 
2065	89 
2066	57 
2067	89 
2068	82 
2069	61 
2070	47 
2071	22 
2072	104 
2073	62 
2074	3 
2075	30 
2076	83 
2077	27 
2078	63 
2079	64 
2080	93 
2081	7 
2082	62 
2083	13 
2084	102 
2085	40 
2086	67 
2087	88 
2088	63 
2089	87 
2090	97 
2091	29 
2092	45 
2093	1 
2094	4 
2095	47 
2096	10 
2097	93 
2098	61 
2099	84 
2100	65 
2101	52 
2102	80 
2103	61 
2104	84 
2105	87 
2106	81 
2107	46 
2108	62 
2109	81 
2110	2 
2111	87 
2112	12 
2113	36 
2114	90 
2115	24 
2116	94 
2117	56 
2118	29 
2119	66 
2120	100 
2121	66 
2122	88 
2123	92 
2124	92 
2125	23 
2126	65 
2127	68 
2128	59 
2129	60 
2130	7 
2131	11 
2132	75 
2133	90 
2134	70 
2135	2 
2136	18 
2137	47 
2138	14 
2139	55 
2140	30 
2141	28 
2142	86 
2143	7 
2144	67 
2145	90 
2146	21 
2147	8 
2148	82 
2149	25 
2150	18 
2151	52 
2152	28 
2153	57 
2154	21 
2155	43 
2156	98 
2157	55 
2158	54 
2159	27 
2160	33 
2161	17 
2162	98 
2163	16 
2164	5 
2165	79 
2166	93 
2167	16 
2168	85 
2169	33 
2170	22 
2171	91 
2172	48 
2173	15 
2174	15 
2175	19 
2176	5 
2177	29 
2178	25 
2179	23 
2180	28 
2181	12 
2182	73 
2183	54 
2184	67 
2185	63 
2186	74 
2187	72 
2188	70 
2189	45 
2190	39 
2191	103 
2192	61 
2193	83 
2194	74 
2195	68 
2196	40 
2197	65 
2198	86 
2199	93 
2200	66 
2201	39 
2202	1 
2203	39 
2204	55 
2205	73 
2206	43 
2207	17 
2208	68 
2209	32 
2210	23 
2211	74 
2212	81 
2213	15 
2214	98 
2215	81 
2216	9 
2217	33 
2218	32 
2219	51 
2220	59 
2221	67 
2222	62 
2223	89 
2224	52 
2225	1 
2226	70 
2227	41 
2228	45 
2229	37 
2230	64 
2231	4 
2232	43 
2233	37 
2234	46 
2235	56 
2236	93 
2237	41 
2238	48 
2239	17 
2240	94 
2241	13 
2242	22 
2243	9 
2244	55 
2245	3 
2246	61 
2247	63 
2248	37 
2249	97 
2250	18 
2251	28 
2252	48 
2253	77 
2254	45 
2255	31 
2256	9 
2257	51 
2258	52 
2259	102 
2260	98 
2261	56 
2262	64 
2263	54 
2264	87 
2265	73 
2266	64 
2267	25 
2268	33 
2269	62 
2270	56 
2271	50 
2272	48 
2273	23 
2274	49 
2275	21 
2276	82 
2277	51 
2278	45 
2279	68 
2280	9 
2281	23 
2282	54 
2283	57 
2284	41 
2285	99 
2286	64 
2287	55 
2288	19 
2289	93 
2290	28 
2291	87 
2292	30 
2293	46 
2294	61 
2295	99 
2296	48 
2297	2 
2298	45 
2299	98 
2300	5 
2301	70 
2302	22 
2303	90 
2304	64 
2305	57 
2306	1 
2307	76 
2308	94 
2309	53 
2310	74 
2311	15 
2312	67 
2313	74 
2314	52 
2315	10 
2316	12 
2317	95 
2318	45 
2319	28 
2320	78 
2321	22 
2322	39 
2323	7 
2324	94 
2325	3 
2326	97 
2327	12 
2328	68 
2329	63 
2330	32 
2331	9 
2332	80 
2333	75 
2334	50 
2335	103 
2336	92 
2337	57 
2338	1 
2339	52 
2340	77 
2341	45 
2342	63 
2343	47 
2344	77 
2345	57 
2346	35 
2347	48 
2348	92 
2349	19 
2350	79 
2351	40 
2352	13 
2353	38 
2354	2 
2355	84 
2356	29 
2357	36 
2358	4 
2359	102 
2360	27 
2361	69 
2362	65 
2363	15 
2364	52 
2365	45 
2366	1 
2367	89 
2368	22 
2369	93 
2370	2 
2371	83 
2372	22 
2373	45 
2374	67 
2375	86 
2376	7 
2377	71 
2378	7 
2379	11 
2380	5 
2381	98 
2382	74 
2383	78 
2384	23 
2385	4 
2386	71 
2387	50 
2388	65 
2389	53 
2390	27 
2391	57 
2392	13 
2393	48 
2394	68 
2395	33 
2396	21 
2397	5 
2398	5 
2399	63 
2400	28 
2401	23 
2402	11 
2403	34 
2404	94 
2405	3 
2406	1 
2407	60 
2408	91 
2409	69 
2410	17 
2411	66 
2412	68 
2413	69 
2414	71 
2415	27 
2416	28 
2417	20 
2418	95 
2419	58 
2420	46 
2421	7 
2422	78 
2423	55 
2424	80 
2425	38 
2426	53 
2427	47 
2428	52 
2429	61 
2430	22 
2431	2 
2432	42 
2433	85 
2434	38 
2435	45 
2436	33 
2437	81 
2438	44 
2439	47 
2440	81 
2441	68 
2442	52 
2443	39 
2444	98 
2445	12 
2446	28 
2447	92 
2448	9 
2449	94 
2450	41 
2451	50 
2452	66 
2453	29 
2454	18 
2455	72 
2456	92 
2457	94 
2458	39 
2459	53 
2460	19 
2461	81 
2462	102 
2463	89 
2464	18 
2465	44 
2466	83 
2467	18 
2468	53 
2469	76 
2470	63 
2471	92 
2472	19 
2473	79 
2474	97 
2475	80 
2476	104 
2477	99 
2478	38 
2479	13 
2480	92 
2481	5 
2482	101 
2483	55 
2484	31 
2485	61 
2486	54 
2487	15 
2488	74 
2489	39 
2490	29 
2491	68 
2492	19 
2493	56 
2494	31 
2495	5 
2496	43 
2497	97 
2498	46 
2499	14 
2500	32 
2501	20 
2502	50 
2503	81 
2504	82 
2505	19 
2506	28 
2507	4 
2508	54 
2509	64 
2510	41 
2511	28 
2512	85 
2513	59 
2514	86 
2515	2 
2516	14 
2517	61 
2518	19 
2519	98 
2520	77 
2521	64 
2522	92 
2523	72 
2524	75 
2525	85 
2526	8 
2527	99 
2528	9 
2529	68 
2530	63 
2531	100 
2532	22 
2533	33 
2534	85 
2535	26 
2536	85 
2537	60 
2538	91 
2539	101 
2540	72 
2541	9 
2542	46 
2543	64 
2544	97 
2545	97 
2546	61 
2547	67 
2548	40 
2549	64 
2550	49 
2551	15 
2552	18 
2553	56 
2554	18 
2555	8 
2556	92 
2557	54 
2558	68 
2559	1 
2560	27 
2561	84 
2562	52 
2563	26 
2564	53 
2565	78 
2566	74 
2567	23 
2568	48 
2569	18 
2570	68 
2571	65 
2572	82 
2573	92 
2574	49 
2575	36 
2576	54 
2577	15 
2578	85 
2579	63 
2580	67 
2581	74 
2582	64 
2583	85 
2584	15 
2585	66 
2586	12 
2587	14 
2588	66 
2589	52 
2590	52 
2591	14 
2592	19 
2593	70 
2594	60 
2595	68 
2596	43 
2597	10 
2598	93 
2599	39 
2600	45 
2601	60 
2602	102 
2603	9 
2604	27 
2605	97 
2606	35 
2607	11 
2608	10 
2609	19 
2610	97 
2611	52 
2612	68 
2613	55 
2614	57 
2615	25 
2616	31 
2617	75 
2618	103 
2619	16 
2620	100 
2621	12 
2622	1 
2623	73 
2624	1 
2625	2 
2626	14 
2627	48 
2628	89 
2629	13 
2630	10 
2631	103 
2632	1 
2633	58 
2634	46 
2635	92 
2636	74 
2637	53 
2638	61 
2639	73 
2640	98 
2641	50 
2642	97 
2643	73 
2644	28 
2645	79 
2646	40 
2647	5 
2648	50 
2649	5 
2650	10 
2651	57 
2652	39 
2653	19 
2654	25 
2655	28 
2656	70 
2657	40 
2658	33 
2659	19 
2660	68 
2661	46 
2662	103 
2663	55 
2664	89 
2665	91 
2666	51 
2667	28 
2668	93 
2669	73 
2670	83 
2671	96 
2672	46 
2673	68 
2674	16 
2675	103 
2676	21 
2677	46 
2678	24 
2679	92 
2680	69 
2681	14 
2682	99 
2683	75 
2684	2 
2685	32 
2686	96 
2687	57 
2688	86 
2689	98 
2690	40 
2691	16 
2692	48 
2693	101 
2694	5 
2695	51 
2696	76 
2697	4 
2698	10 
2699	68 
2700	12 
2701	27 
2702	46 
2703	43 
2704	76 
2705	77 
2706	67 
2707	11 
2708	66 
2709	29 
2710	22 
2711	53 
2712	7 
2713	98 
2714	83 
2715	65 
2716	42 
2717	93 
2718	47 
2719	54 
2720	50 
2721	1 
2722	98 
2723	45 
2724	51 
2725	93 
2726	40 
2727	9 
2728	47 
2729	38 
2730	74 
2731	25 
2732	22 
2733	63 
2734	8 
2735	45 
2736	10 
2737	104 
2738	13 
2739	23 
2740	57 
2741	79 
2742	66 
2743	25 
2744	40 
2745	20 
2746	10 
2747	38 
2748	1 
2749	67 
2750	20 
2751	40 
2752	51 
2753	88 
2754	45 
2755	65 
2756	9 
2757	22 
2758	10 
2759	45 
2760	70 
2761	52 
2762	89 
2763	40 
2764	8 
2765	45 
2766	70 
2767	57 
2768	103 
2769	99 
2770	27 
2771	57 
2772	9 
2773	75 
2774	98 
2775	42 
2776	95 
2777	31 
2778	18 
2779	87 
2780	27 
2781	74 
2782	85 
2783	70 
2784	58 
2785	10 
2786	49 
2787	66 
2788	17 
2789	27 
2790	45 
2791	91 
2792	15 
2793	9 
2794	86 
2795	68 
2796	19 
2797	3 
2798	38 
2799	29 
2800	58 
2801	45 
2802	28 
2803	91 
2804	54 
2805	67 
2806	18 
2807	45 
2808	15 
2809	34 
2810	93 
2811	55 
2812	41 
2813	44 
2814	64 
2815	67 
2816	66 
2817	37 
2818	5 
2819	56 
2820	41 
2821	24 
2822	84 
2823	73 
2824	74 
2825	27 
2826	37 
2827	78 
2828	40 
2829	78 
2830	42 
2831	45 
2832	31 
2833	28 
2834	60 
2835	44 
2836	42 
2837	20 
2838	9 
2839	38 
2840	92 
2841	19 
2842	99 
2843	38 
2844	94 
2845	22 
2846	64 
2847	39 
2848	21 
2849	33 
2850	21 
2851	14 
2852	2 
2853	74 
2854	33 
2855	57 
2856	103 
2857	97 
2858	74 
2859	94 
2860	65 
2861	5 
2862	51 
2863	75 
2864	104 
2865	54 
2866	74 
2867	82 
2868	78 
2869	19 
2870	18 
2871	4 
2872	92 
2873	53 
2874	57 
2875	78 
2876	42 
2877	22 
2878	98 
2879	28 
2880	7 
2881	88 
2882	85 
2883	60 
2884	85 
2885	44 
2886	3 
2887	28 
2888	15 
2889	101 
2890	71 
2891	41 
2892	53 
2893	32 
2894	104 
2895	61 
2896	83 
2897	23 
2898	2 
2899	101 
2900	19 
2901	78 
2902	33 
2903	100 
2904	79 
2905	95 
2906	22 
2907	45 
2908	70 
2909	85 
2910	90 
2911	101 
2912	62 
2913	29 
2914	11 
2915	3 
2916	16 
2917	41 
2918	46 
2919	97 
2920	18 
2921	58 
2922	55 
2923	53 
2924	93 
2925	2 
2926	46 
2927	29 
2928	38 
2929	2 
2930	69 
2931	74 
2932	64 
2933	75 
2934	42 
2935	18 
2936	56 
2937	72 
2938	57 
2939	52 
2940	89 
2941	28 
2942	28 
2943	55 
2944	70 
2945	55 
2946	24 
2947	64 
2948	79 
2949	13 
2950	2 
2951	85 
2952	9 
2953	34 
2954	37 
2955	52 
2956	78 
2957	45 
2958	8 
2959	23 
2960	5 
2961	18 
2962	51 
2963	47 
2964	35 
2965	39 
2966	78 
2967	9 
2968	13 
2969	88 
2970	102 
2971	43 
2972	57 
2973	69 
2974	38 
2975	19 
2976	13 
2977	52 
2978	14 
2979	70 
2980	69 
2981	52 
2982	50 
2983	4 
2984	55 
2985	72 
2986	93 
2987	59 
2988	19 
2989	72 
2990	91 
2991	74 
2992	61 
2993	28 
2994	92 
2995	38 
2996	55 
2997	8 
2998	46 
2999	52 
3000	86 
3001	35 
3002	46 
3003	70 
3004	69 
3005	19 
3006	66 
3007	92 
3008	18 
3009	1 
3010	86 
3011	85 
3012	76 
3013	93 
3014	18 
3015	29 
3016	18 
3017	65 
3018	18 
3019	89 
3020	53 
3021	65 
3022	5 
3023	92 
3024	2 
3025	93 
3026	92 
3027	40 
3028	90 
3029	1 
3030	52 
3031	3 
3032	40 
3033	95 
3034	37 
3035	48 
3036	46 
3037	34 
3038	100 
3039	57 
3040	102 
3041	102 
3042	76 
3043	69 
3044	48 
3045	58 
3046	13 
3047	38 
3048	10 
3049	83 
3050	81 
3051	5 
3052	93 
3053	28 
3054	27 
3055	9 
3056	68 
3057	13 
3058	98 
3059	77 
3060	79 
3061	10 
3062	78 
3063	91 
3064	1 
3065	62 
3066	78 
3067	7 
3068	64 
3069	59 
3070	36 
3071	95 
3072	103 
3073	33 
3074	75 
3075	45 
3076	98 
3077	28 
3078	67 
3079	54 
3080	56 
3081	88 
3082	53 
3083	22 
3084	46 
3085	10 
3086	38 
3087	54 
3088	70 
3089	47 
3090	55 
3091	68 
3092	61 
3093	81 
3094	88 
3095	4 
3096	61 
3097	8 
3098	2 
3099	21 
3100	59 
3101	13 
3102	95 
3103	46 
3104	79 
3105	5 
3106	94 
3107	93 
3108	45 
3109	87 
3110	54 
3111	84 
3112	14 
3113	100 
3114	78 
3115	75 
3116	86 
3117	69 
3118	83 
3119	13 
3120	41 
3121	38 
3122	29 
3123	46 
3124	78 
3125	78 
3126	60 
3127	46 
3128	54 
3129	44 
3130	67 
3131	68 
3132	57 
3133	83 
3134	65 
3135	2 
3136	39 
3137	95 
3138	9 
3139	37 
3140	97 
3141	91 
3142	10 
3143	96 
3144	72 
3145	59 
3146	37 
3147	31 
3148	94 
3149	91 
3150	13 
3151	87 
3152	90 
3153	90 
3154	64 
3155	29 
3156	93 
3157	93 
3158	35 
3159	12 
3160	29 
3161	79 
3162	83 
3163	49 
3164	79 
3165	60 
3166	97 
3167	97 
3168	68 
3169	10 
3170	28 
3171	35 
3172	13 
3173	12 
3174	29 
3175	9 
3176	5 
3177	8 
3178	26 
3179	33 
3180	5 
3181	44 
3182	53 
3183	27 
3184	33 
3185	45 
3186	68 
3187	47 
3188	52 
3189	54 
3190	55 
3191	88 
3192	16 
3193	68 
3194	103 
3195	64 
3196	77 
3197	22 
3198	45 
3199	5 
3200	19 
3201	53 
3202	73 
3203	49 
3204	69 
3205	65 
3206	63 
3207	8 
3208	46 
3209	30 
3210	33 
3211	60 
3212	81 
3213	18 
3214	69 
3215	102 
3216	50 
3217	86 
3218	13 
3219	23 
3220	63 
3221	97 
3222	92 
3223	35 
3224	56 
3225	63 
3226	18 
3227	14 
3228	97 
3229	56 
3230	88 
3231	85 
3232	52 
3233	36 
3234	42 
3235	96 
3236	67 
3237	53 
3238	44 
3239	19 
3240	61 
3241	96 
3242	84 
3243	55 
3244	54 
3245	78 
3246	52 
3247	68 
3248	52 
3249	61 
3250	86 
3251	72 
3252	101 
3253	81 
3254	25 
3255	90 
3256	22 
3257	59 
3258	46 
3259	42 
3260	74 
3261	88 
3262	7 
3263	61 
3264	91 
3265	18 
3266	74 
3267	102 
3268	88 
3269	38 
3270	86 
3271	85 
3272	5 
3273	46 
3274	23 
3275	85 
3276	74 
3277	86 
3278	10 
3279	48 
3280	1 
3281	52 
3282	14 
3283	15 
3284	23 
3285	13 
3286	96 
3287	57 
3288	48 
3289	40 
3290	57 
3291	19 
3292	27 
3293	45 
3294	33 
3295	46 
3296	53 
3297	70 
3298	95 
3299	98 
3300	53 
3301	27 
3302	79 
3303	45 
3304	25 
3305	19 
3306	74 
3307	45 
3308	62 
3309	21 
3310	80 
3311	98 
3312	92 
3313	38 
3314	30 
3315	13 
3316	64 
3317	29 
3318	14 
3319	12 
3320	7 
3321	93 
3322	86 
3323	85 
3324	94 
3325	74 
3326	83 
3327	28 
3328	68 
3329	19 
3330	81 
3331	85 
3332	55 
3333	85 
3334	14 
3335	13 
3336	64 
3337	55 
3338	96 
3339	102 
3340	101 
3341	102 
3342	64 
3343	23 
3344	82 
3345	1 
3346	6 
3347	44 
3348	59 
3349	101 
3350	89 
3351	88 
3352	49 
3353	102 
3354	9 
3355	82 
3356	68 
3357	88 
3358	5 
3359	10 
3360	29 
3361	88 
3362	15 
3363	54 
3364	19 
3365	46 
3366	29 
3367	9 
3368	68 
3369	15 
3370	51 
3371	49 
3372	57 
3373	61 
3374	16 
3375	67 
3376	64 
3377	39 
3378	4 
3379	48 
3380	93 
3381	96 
3382	55 
3383	59 
3384	78 
3385	12 
3386	86 
3387	67 
3388	56 
3389	2 
3390	15 
3391	65 
3392	96 
3393	51 
3394	58 
3395	74 
3396	2 
3397	92 
3398	29 
3399	82 
3400	47 
3401	93 
3402	29 
3403	54 
3404	1 
3405	94 
3406	81 
3407	58 
3408	71 
3409	64 
3410	36 
3411	51 
3412	97 
3413	45 
3414	16 
3415	90 
3416	83 
3417	70 
3418	55 
3419	14 
3420	77 
3421	60 
3422	93 
3423	46 
3424	78 
3425	51 
3426	93 
3427	27 
3428	101 
3429	79 
3430	43 
3431	9 
3432	24 
3433	75 
3434	84 
3435	64 
3436	70 
3437	99 
3438	27 
3439	95 
3440	26 
3441	68 
3442	55 
3443	37 
3444	56 
3445	5 
3446	10 
3447	46 
3448	94 
3449	103 
3450	2 
3451	71 
3452	93 
3453	27 
3454	22 
3455	54 
3456	81 
3457	43 
3458	85 
3459	37 
3460	29 
3461	92 
3462	75 
3463	37 
3464	7 
3465	4 
3466	28 
3467	10 
3468	70 
3469	22 
3470	84 
3471	97 
3472	54 
3473	22 
3474	41 
3475	95 
3476	93 
3477	10 
3478	97 
3479	74 
3480	94 
3481	24 
3482	64 
3483	93 
3484	22 
3485	33 
3486	20 
3487	93 
3488	98 
3489	56 
3490	43 
3491	6 
3492	77 
3493	47 
3494	98 
3495	44 
3496	41 
3497	79 
3498	86 
3499	8 
3500	92 
3501	24 
3502	81 
3503	103 
3504	57 
3505	94 
3506	78 
3507	13 
3508	59 
3509	59 
3510	35 
3511	8 
3512	61 
3513	21 
3514	80 
3515	44 
3516	31 
3517	22 
3518	68 
3519	20 
3520	68 
3521	99 
3522	67 
3523	103 
3524	78 
3525	63 
3526	78 
3527	91 
3528	75 
3529	23 
3530	38 
3531	53 
3532	90 
3533	3 
3534	99 
3535	65 
3536	47 
3537	75 
3538	10 
3539	71 
3540	52 
3541	91 
3542	61 
3543	31 
3544	81 
3545	52 
3546	38 
3547	37 
3548	18 
3549	25 
3550	77 
3551	45 
3552	40 
3553	10 
3554	37 
3555	29 
3556	57 
3557	25 
3558	1 
3559	46 
3560	9 
3561	64 
3562	41 
3563	33 
3564	22 
3565	28 
3566	102 
3567	94 
3568	67 
3569	94 
3570	10 
3571	21 
3572	66 
3573	84 
3574	32 
3575	34 
3576	87 
3577	2 
3578	99 
3579	6 
3580	70 
3581	10 
3582	24 
3583	40 
3584	49 
3585	85 
3586	84 
3587	45 
3588	28 
3589	27 
3590	47 
3591	44 
3592	47 
3593	39 
3594	59 
3595	4 
3596	27 
3597	21 
3598	49 
3599	33 
3600	11 
3601	62 
3602	8 
3603	51 
3604	77 
3605	57 
3606	76 
3607	63 
3608	27 
3609	80 
3610	92 
3611	57 
3612	74 
3613	12 
3614	27 
3615	98 
3616	57 
3617	52 
3618	29 
3619	61 
3620	92 
3621	10 
3622	98 
3623	95 
3624	16 
3625	51 
3626	12 
3627	76 
3628	95 
3629	14 
3630	51 
3631	94 
3632	92 
3633	99 
3634	75 
3635	94 
3636	43 
3637	28 
3638	16 
3639	47 
3640	73 
3641	27 
3642	77 
3643	78 
3644	9 
3645	10 
3646	30 
3647	72 
3648	21 
3649	90 
3650	67 
3651	64 
3652	83 
3653	85 
3654	23 
3655	16 
3656	33 
3657	26 
3658	93 
3659	8 
3660	67 
3661	52 
3662	70 
3663	62 
3664	27 
3665	88 
3666	54 
3667	102 
3668	104 
3669	34 
3670	78 
3671	101 
3672	100 
3673	38 
3674	10 
3675	93 
3676	3 
3677	25 
3678	47 
3679	75 
3680	5 
3681	32 
3682	87 
3683	70 
3684	53 
3685	27 
3686	27 
3687	60 
3688	13 
3689	92 
3690	14 
3691	81 
3692	63 
3693	93 
3694	67 
3695	38 
3696	33 
3697	45 
3698	28 
3699	2 
3700	1 
3701	81 
3702	82 
3703	85 
3704	7 
3705	62 
3706	22 
3707	8 
3708	45 
3709	9 
3710	67 
3711	93 
3712	32 
3713	73 
3714	46 
3715	13 
3716	68 
3717	73 
3718	61 
3719	3 
3720	1 
3721	19 
3722	97 
3723	87 
3724	9 
3725	13 
3726	41 
3727	51 
3728	96 
3729	82 
3730	41 
3731	64 
3732	63 
3733	60 
3734	102 
3735	31 
3736	61 
3737	99 
3738	57 
3739	2 
3740	61 
3741	16 
3742	22 
3743	69 
3744	92 
3745	38 
3746	16 
3747	61 
3748	93 
3749	75 
3750	73 
3751	28 
3752	102 
3753	37 
3754	98 
3755	43 
3756	31 
3757	12 
3758	73 
3759	82 
3760	67 
3761	83 
3762	55 
3763	28 
3764	51 
3765	10 
3766	57 
3767	5 
3768	65 
3769	84 
3770	19 
3771	23 
3772	73 
3773	64 
3774	90 
3775	81 
3776	80 
3777	80 
3778	31 
3779	78 
3780	41 
3781	28 
3782	38 
3783	102 
3784	45 
3785	61 
3786	102 
3787	18 
3788	93 
3789	61 
3790	59 
3791	72 
3792	66 
3793	4 
3794	27 
3795	72 
3796	28 
3797	36 
3798	11 
3799	103 
3800	32 
3801	27 
3802	52 
3803	45 
3804	18 
3805	80 
3806	16 
3807	18 
3808	99 
3809	102 
3810	102 
3811	15 
3812	61 
3813	22 
3814	5 
3815	19 
3816	28 
3817	95 
3818	28 
3819	51 
3820	26 
3821	98 
3822	10 
3823	97 
3824	33 
3825	4 
3826	84 
3827	61 
3828	88 
3829	21 
3830	66 
3831	90 
3832	44 
3833	38 
3834	92 
3835	79 
3836	20 
3837	53 
3838	1 
3839	61 
3840	13 
3841	10 
3842	57 
3843	7 
3844	1 
3845	69 
3846	57 
3847	55 
3848	68 
3849	52 
3850	70 
3851	50 
3852	10 
3853	73 
3854	91 
3855	17 
3856	43 
3857	75 
3858	99 
3859	1 
3860	57 
3861	89 
3862	54 
3863	82 
3864	12 
3865	68 
3866	100 
3867	92 
3868	27 
3869	11 
3870	24 
3871	34 
3872	18 
3873	23 
3874	97 
3875	61 
3876	13 
3877	43 
3878	97 
3879	48 
3880	43 
3881	14 
3882	61 
3883	40 
3884	19 
3885	46 
3886	44 
3887	9 
3888	21 
3889	77 
3890	30 
3891	54 
3892	68 
3893	64 
3894	62 
3895	7 
3896	86 
3897	19 
3898	95 
3899	19 
3900	50 
3901	2 
3902	83 
3903	54 
3904	57 
3905	65 
3906	81 
3907	100 
3908	61 
3909	10 
3910	11 
3911	13 
3912	51 
3913	9 
3914	53 
3915	63 
3916	101 
3917	45 
3918	28 
3919	57 
3920	2 
3921	90 
3922	57 
3923	63 
3924	15 
3925	13 
3926	69 
3927	93 
3928	90 
3929	61 
3930	85 
3931	51 
3932	45 
3933	9 
3934	22 
3935	9 
3936	5 
3937	63 
3938	85 
3939	100 
3940	25 
3941	86 
3942	47 
3943	84 
3944	54 
3945	67 
3946	29 
3947	69 
3948	90 
3949	20 
3950	18 
3951	67 
3952	102 
3953	42 
3954	38 
3955	19 
3956	57 
3957	96 
3958	2 
3959	98 
3960	35 
3961	29 
3962	45 
3963	15 
3964	93 
3965	29 
3966	2 
3967	95 
3968	41 
3969	41 
3970	7 
3971	47 
3972	57 
3973	26 
3974	80 
3975	20 
3976	27 
3977	55 
3978	66 
3979	55 
3980	83 
3981	76 
3982	51 
3983	53 
3984	99 
3985	20 
3986	39 
3987	28 
3988	67 
3989	76 
3990	19 
3991	39 
3992	20 
3993	74 
3994	22 
3995	41 
3996	46 
3997	79 
3998	35 
3999	55 
4000	44 
4001	102 
4002	91 
4003	8 
4004	29 
4005	84 
4006	93 
4007	37 
4008	67 
4009	97 
4010	103 
4011	67 
4012	8 
4013	66 
4014	64 
4015	27 
4016	18 
4017	92 
4018	67 
4019	57 
4020	75 
4021	90 
4022	1 
4023	10 
4024	12 
4025	27 
4026	102 
4027	57 
4028	91 
4029	59 
4030	82 
4031	22 
4032	4 
4033	20 
4034	73 
4035	35 
4036	19 
4037	67 
4038	70 
4039	51 
4040	100 
4041	16 
4042	19 
4043	61 
4044	18 
4045	6 
4046	98 
4047	98 
4048	63 
4049	89 
4050	68 
4051	53 
4052	88 
4053	12 
4054	63 
4055	10 
4056	97 
4057	35 
4058	29 
4059	39 
4060	25 
4061	90 
4062	87 
4063	49 
4064	36 
4065	38 
4066	67 
4067	56 
4068	32 
4069	94 
4070	64 
4071	29 
4072	58 
4073	102 
4074	13 
4075	103 
4076	67 
4077	98 
4078	83 
4079	63 
4080	102 
4081	51 
4082	87 
4083	48 
4084	36 
4085	84 
4086	56 
4087	13 
4088	64 
4089	51 
4090	83 
4091	67 
4092	26 
4093	67 
4094	45 
4095	45 
4096	38 
4097	20 
4098	23 
4099	61 
4100	80 
4101	38 
4102	27 
4103	92 
4104	45 
4105	101 
4106	38 
4107	74 
4108	52 
4109	54 
4110	86 
4111	6 
4112	38 
4113	95 
4114	52 
4115	97 
4116	4 
4117	29 
4118	101 
4119	43 
4120	28 
4121	97 
4122	16 
4123	69 
4124	68 
4125	74 
4126	98 
4127	48 
4128	38 
4129	48 
4130	54 
4131	4 
4132	70 
4133	88 
4134	2 
4135	45 
4136	74 
4137	58 
4138	23 
4139	48 
4140	22 
4141	67 
4142	57 
4143	19 
4144	26 
4145	41 
4146	98 
4147	22 
4148	20 
4149	22 
4150	94 
4151	53 
4152	1 
4153	9 
4154	55 
4155	57 
4156	80 
4157	64 
4158	29 
4159	22 
4160	59 
4161	91 
4162	92 
4163	35 
4164	66 
4165	61 
4166	6 
4167	33 
4168	47 
4169	50 
4170	62 
4171	28 
4172	9 
4173	39 
4174	46 
4175	14 
4176	16 
4177	97 
4178	55 
4179	40 
4180	10 
4181	9 
4182	6 
4183	68 
4184	60 
4185	68 
4186	27 
4187	92 
4188	94 
4189	45 
4190	53 
4191	14 
4192	14 
4193	6 
4194	19 
4195	38 
4196	10 
4197	28 
4198	20 
4199	54 
4200	14 
4201	9 
4202	49 
4203	63 
4204	22 
4205	5 
4206	56 
4207	92 
4208	101 
4209	43 
4210	65 
4211	68 
4212	99 
4213	7 
4214	1 
4215	10 
4216	1 
4217	40 
4218	10 
4219	14 
4220	8 
4221	86 
4222	14 
4223	14 
4224	61 
4225	18 
4226	84 
4227	45 
4228	1 
4229	18 
4230	90 
4231	9 
4232	19 
4233	26 
4234	19 
4235	43 
4236	16 
4237	94 
4238	29 
4239	98 
4240	68 
4241	63 
4242	98 
4243	29 
4244	24 
4245	50 
4246	71 
4247	72 
4248	67 
4249	79 
4250	98 
4251	46 
4252	98 
4253	69 
4254	101 
4255	95 
4256	40 
4257	45 
4258	19 
4259	72 
4260	92 
4261	88 
4262	95 
4263	4 
4264	8 
4265	9 
4266	18 
4267	55 
4268	2 
4269	85 
4270	94 
4271	61 
4272	92 
4273	5 
4274	22 
4275	63 
4276	93 
4277	57 
4278	28 
4279	17 
4280	16 
4281	2 
4282	65 
4283	30 
4284	78 
4285	54 
4286	7 
4287	100 
4288	5 
4289	28 
4290	22 
4291	25 
4292	93 
4293	61 
4294	9 
4295	13 
4296	85 
4297	66 
4298	57 
4299	98 
4300	86 
4301	34 
4302	57 
4303	98 
4304	70 
4305	68 
4306	65 
4307	40 
4308	55 
4309	52 
4310	26 
4311	98 
4312	64 
4313	97 
4314	66 
4315	2 
4316	102 
4317	94 
4318	19 
4319	96 
4320	59 
4321	73 
4322	68 
4323	43 
4324	33 
4325	51 
4326	86 
4327	47 
4328	55 
4329	19 
4330	52 
4331	59 
4332	37 
4333	30 
4334	73 
4335	22 
4336	30 
4337	38 
4338	8 
4339	7 
4340	13 
4341	1 
4342	27 
4343	93 
4344	44 
4345	77 
4346	74 
4347	85 
4348	57 
4349	79 
4350	93 
4351	67 
4352	19 
4353	19 
4354	84 
4355	93 
4356	62 
4357	71 
4358	16 
4359	54 
4360	46 
4361	20 
4362	84 
4363	79 
4364	26 
4365	42 
4366	22 
4367	37 
4368	70 
4369	7 
4370	67 
4371	73 
4372	98 
4373	49 
4374	68 
4375	87 
4376	81 
4377	23 
4378	73 
4379	77 
4380	3 
4381	38 
4382	1 
4383	87 
4384	2 
4385	95 
4386	45 
4387	79 
4388	86 
4389	101 
4390	74 
4391	38 
4392	43 
4393	73 
4394	63 
4395	22 
4396	49 
4397	19 
4398	55 
4399	49 
4400	98 
4401	13 
4402	57 
4403	73 
4404	70 
4405	15 
4406	66 
4407	45 
4408	14 
4409	13 
4410	85 
4411	55 
4412	64 
4413	4 
4414	80 
4415	4 
4416	38 
4417	13 
4418	55 
4419	54 
4420	2 
4421	63 
4422	61 
4423	10 
4424	94 
4425	42 
4426	2 
4427	88 
4428	12 
4429	5 
4430	12 
4431	45 
4432	18 
4433	82 
4434	62 
4435	28 
4436	25 
4437	22 
4438	30 
4439	71 
4440	16 
4441	30 
4442	23 
4443	72 
4444	54 
4445	55 
4446	67 
4447	11 
4448	66 
4449	92 
4450	88 
4451	21 
4452	84 
4453	3 
4454	18 
4455	78 
4456	33 
4457	67 
4458	41 
4459	93 
4460	72 
4461	16 
4462	31 
4463	23 
4464	82 
4465	4 
4466	61 
4467	22 
4468	46 
4469	2 
4470	84 
4471	5 
4472	81 
4473	61 
4474	67 
4475	72 
4476	46 
4477	61 
4478	90 
4479	10 
4480	38 
4481	51 
4482	88 
4483	55 
4484	88 
4485	101 
4486	63 
4487	18 
4488	102 
4489	64 
4490	101 
4491	39 
4492	22 
4493	13 
4494	56 
4495	2 
4496	45 
4497	47 
4498	28 
4499	79 
4500	74 
4501	54 
4502	64 
4503	98 
4504	92 
4505	28 
4506	15 
4507	20 
4508	93 
4509	87 
4510	81 
4511	78 
4512	55 
4513	19 
4514	84 
4515	64 
4516	11 
4517	29 
4518	38 
4519	97 
4520	62 
4521	64 
4522	72 
4523	81 
4524	101 
4525	41 
4526	82 
4527	21 
4528	102 
4529	22 
4530	61 
4531	15 
4532	21 
4533	98 
4534	3 
4535	1 
4536	86 
4537	39 
4538	45 
4539	41 
4540	64 
4541	21 
4542	13 
4543	43 
4544	84 
4545	73 
4546	46 
4547	26 
4548	73 
4549	99 
4550	40 
4551	3 
4552	30 
4553	45 
4554	18 
4555	86 
4556	30 
4557	55 
4558	12 
4559	18 
4560	28 
4561	31 
4562	97 
4563	52 
4564	73 
4565	8 
4566	54 
4567	54 
4568	61 
4569	41 
4570	28 
4571	75 
4572	19 
4573	12 
4574	22 
4575	100 
4576	10 
4577	29 
4578	57 
4579	100 
4580	74 
4581	16 
4582	15 
4583	45 
4584	55 
4585	62 
4586	103 
4587	21 
4588	14 
4589	95 
4590	85 
4591	1 
4592	90 
4593	97 
4594	46 
4595	84 
4596	10 
4597	72 
4598	13 
4599	68 
4600	73 
4601	97 
4602	57 
4603	51 
4604	47 
4605	73 
4606	8 
4607	53 
4608	29 
4609	53 
4610	28 
4611	13 
4612	90 
4613	31 
4614	22 
4615	23 
4616	78 
4617	103 
4618	38 
4619	62 
4620	57 
4621	84 
4622	2 
4623	57 
4624	1 
4625	84 
4626	100 
4627	16 
4628	61 
4629	9 
4630	5 
4631	68 
4632	44 
4633	18 
4634	54 
4635	41 
4636	44 
4637	14 
4638	79 
4639	50 
4640	52 
4641	75 
4642	67 
4643	23 
4644	54 
4645	18 
4646	50 
4647	64 
4648	38 
4649	19 
4650	18 
4651	13 
4652	39 
4653	77 
4654	70 
4655	4 
4656	28 
4657	94 
4658	51 
4659	55 
4660	99 
4661	54 
4662	29 
4663	13 
4664	63 
4665	13 
4666	47 
4667	9 
4668	55 
4669	15 
4670	66 
4671	13 
4672	5 
4673	64 
4674	65 
4675	98 
4676	80 
4677	15 
4678	90 
4679	77 
4680	22 
4681	15 
4682	47 
4683	25 
4684	9 
4685	25 
4686	67 
4687	66 
4688	38 
4689	27 
4690	28 
4691	93 
4692	75 
4693	43 
4694	61 
4695	10 
4696	85 
4697	74 
4698	86 
4699	51 
4700	43 
4701	8 
4702	46 
4703	61 
4704	4 
4705	86 
4706	2 
4707	41 
4708	72 
4709	13 
4710	45 
4711	54 
4712	92 
4713	18 
4714	92 
4715	28 
4716	48 
4717	4 
4718	62 
4719	39 
4720	25 
4721	40 
4722	1 
4723	8 
4724	46 
4725	33 
4726	57 
4727	98 
4728	79 
4729	5 
4730	27 
4731	54 
4732	8 
4733	74 
4734	38 
4735	93 
4736	68 
4737	1 
4738	23 
4739	56 
4740	85 
4741	21 
4742	54 
4743	61 
4744	38 
4745	63 
4746	75 
4747	66 
4748	54 
4749	86 
4750	68 
4751	40 
4752	28 
4753	10 
4754	15 
4755	85 
4756	53 
4757	15 
4758	83 
4759	93 
4760	52 
4761	23 
4762	51 
4763	22 
4764	57 
4765	38 
4766	84 
4767	15 
4768	64 
4769	40 
4770	47 
4771	98 
4772	4 
4773	97 
4774	43 
4775	98 
4776	66 
4777	7 
4778	66 
4779	22 
4780	63 
4781	10 
4782	75 
4783	39 
4784	68 
4785	8 
4786	67 
4787	2 
4788	74 
4789	18 
4790	38 
4791	46 
4792	33 
4793	33 
4794	67 
4795	73 
4796	45 
4797	61 
4798	45 
4799	5 
4800	90 
4801	101 
4802	98 
4803	73 
4804	79 
4805	85 
4806	63 
4807	70 
4808	62 
4809	63 
4810	55 
4811	102 
4812	66 
4813	4 
4814	52 
4815	85 
4816	2 
4817	45 
4818	29 
4819	85 
4820	85 
4821	55 
4822	66 
4823	10 
4824	79 
4825	39 
4826	27 
4827	67 
4828	23 
4829	90 
4830	14 
4831	13 
4832	1 
4833	43 
4834	97 
4835	54 
4836	18 
4837	57 
4838	52 
4839	79 
4840	85 
4841	40 
4842	15 
4843	66 
4844	39 
4845	53 
4846	27 
4847	52 
4848	61 
4849	5 
4850	98 
4851	57 
4852	43 
4853	4 
4854	98 
4855	28 
4856	68 
4857	29 
4858	63 
4859	28 
4860	18 
4861	18 
4862	98 
4863	48 
4864	18 
4865	13 
4866	98 
4867	5 
4868	54 
4869	10 
4870	102 
4871	55 
4872	94 
4873	27 
4874	38 
4875	61 
4876	29 
4877	38 
4878	14 
4879	81 
4880	2 
4881	85 
4882	94 
4883	9 
4884	88 
4885	4 
4886	54 
4887	92 
4888	97 
4889	61 
4890	18 
4891	55 
4892	14 
4893	10 
4894	86 
4895	10 
4896	86 
4897	98 
4898	92 
4899	33 
4900	28 
4901	46 
4902	64 
4903	68 
4904	9 
4905	51 
4906	5 
4907	57 
4908	55 
4909	18 
4910	53 
4911	22 
4912	43 
4913	10 
4914	63 
4915	68 
4916	51 
4917	27 
4918	73 
4919	48 
4920	54 
4921	5 
4922	85 
4923	52 
4924	2 
4925	68 
4926	1 
4927	23 
4928	38 
4929	68 
4930	28 
4931	28 
4932	23 
4933	93 
4934	45 
4935	52 
4936	79 
4937	18 
4938	98 
4939	79 
4940	68 
4941	22 
4942	79 
4943	98 
4944	68 
4945	98 
4946	13 
4947	66 
4948	15 
4949	66 
4950	90 
4951	98 
4952	2 
4953	38 
4954	51 
4955	23 
4956	57 
4957	61 
4958	29 
4959	92 
4960	63 
4961	85 
4962	85 
4963	94 
4964	97 
4965	38 
4966	18 
4967	102 
4968	92 
4969	64 
4970	22 
4971	19 
4972	29 
4973	53 
4974	74 
4975	23 
4976	33 
4977	93 
4978	57 
4979	54 
4980	55 
4981	74 
4982	45 
4983	45 
4984	9 
4985	33 
4986	53 
4987	38 
4988	1 
4989	38 
4990	22 
4991	54 
4992	29 
4993	53 
4994	10 
4995	92 
4996	22 
4997	63 
4998	33 
4999	92 
5000	63 
