1	47 
2	65 
3	34 
4	47 
5	42 
6	17 
7	35 
8	19 
9	90 
10	43 
11	26 
12	66 
13	18 
14	65 
15	24 
16	48 
17	24 
18	30 
19	49 
20	93 
21	11 
22	88 
23	9 
24	20 
25	51 
26	88 
27	36 
28	29 
29	74 
30	73 
31	61 
32	65 
33	1 
34	96 
35	45 
36	54 
37	24 
38	46 
39	77 
40	94 
41	93 
42	40 
43	16 
44	26 
45	3 
46	90 
47	3 
48	6 
49	5 
50	50 
51	39 
52	61 
53	20 
54	38 
55	93 
56	13 
57	51 
58	54 
59	37 
60	16 
61	93 
62	37 
63	21 
64	87 
65	1 
66	66 
67	23 
68	84 
69	63 
70	96 
71	47 
72	70 
73	18 
74	14 
75	88 
76	49 
77	47 
78	35 
79	71 
80	63 
81	38 
82	67 
83	8 
84	59 
85	38 
86	90 
87	10 
88	18 
89	77 
90	89 
91	79 
92	1 
93	34 
94	22 
95	73 
96	70 
97	10 
98	66 
99	92 
100	88 
101	18 
102	52 
103	14 
104	12 
105	60 
106	63 
107	47 
108	93 
109	94 
110	73 
111	81 
112	85 
113	31 
114	74 
115	75 
116	14 
117	69 
118	29 
119	4 
120	46 
121	81 
122	14 
123	93 
124	30 
125	30 
126	47 
127	47 
128	96 
129	92 
130	42 
131	34 
132	16 
133	23 
134	59 
135	68 
136	53 
137	50 
138	42 
139	50 
140	74 
141	36 
142	16 
143	49 
144	74 
145	92 
146	52 
147	41 
148	13 
149	21 
150	62 
151	68 
152	25 
153	30 
154	30 
155	18 
156	74 
157	18 
158	92 
159	68 
160	95 
161	10 
162	88 
163	11 
164	31 
165	48 
166	23 
167	73 
168	23 
169	95 
170	58 
171	31 
172	21 
173	76 
174	8 
175	33 
176	59 
177	94 
178	49 
179	26 
180	56 
181	89 
182	4 
183	65 
184	1 
185	55 
186	63 
187	39 
188	86 
189	60 
190	30 
191	94 
192	34 
193	16 
194	71 
195	3 
196	73 
197	16 
198	64 
199	83 
200	2 
201	65 
202	45 
203	31 
204	33 
205	96 
206	69 
207	84 
208	35 
209	33 
210	54 
211	96 
212	54 
213	33 
214	68 
215	27 
216	66 
217	40 
218	79 
219	59 
220	95 
221	45 
222	17 
223	45 
224	43 
225	47 
226	42 
227	73 
228	58 
229	2 
230	39 
231	33 
232	38 
233	59 
234	11 
235	9 
236	34 
237	16 
238	74 
239	92 
240	30 
241	95 
242	47 
243	10 
244	31 
245	40 
246	29 
247	42 
248	52 
249	54 
250	65 
251	27 
252	71 
253	12 
254	64 
255	61 
256	38 
257	71 
258	39 
259	68 
260	16 
261	79 
262	22 
263	46 
264	69 
265	90 
266	40 
267	25 
268	13 
269	18 
270	96 
271	10 
272	68 
273	86 
274	10 
275	76 
276	16 
277	66 
278	64 
279	30 
280	30 
281	53 
282	35 
283	72 
284	46 
285	12 
286	65 
287	52 
288	93 
289	71 
290	43 
291	27 
292	46 
293	14 
294	57 
295	14 
296	79 
297	4 
298	68 
299	11 
300	28 
301	71 
302	45 
303	46 
304	32 
305	26 
306	90 
307	78 
308	66 
309	48 
310	45 
311	47 
312	79 
313	51 
314	51 
315	56 
316	84 
317	34 
318	38 
319	81 
320	69 
321	10 
322	74 
323	73 
324	94 
325	8 
326	88 
327	12 
328	46 
329	9 
330	77 
331	20 
332	29 
333	10 
334	53 
335	3 
336	77 
337	58 
338	93 
339	22 
340	66 
341	71 
342	92 
343	68 
344	3 
345	1 
346	29 
347	45 
348	74 
349	47 
350	64 
351	71 
352	24 
353	35 
354	61 
355	42 
356	61 
357	61 
358	39 
359	12 
360	54 
361	85 
362	93 
363	20 
364	47 
365	6 
366	55 
367	48 
368	26 
369	71 
370	61 
371	48 
372	32 
373	37 
374	83 
375	39 
376	63 
377	24 
378	83 
379	9 
380	49 
381	49 
382	96 
383	79 
384	67 
385	12 
386	3 
387	16 
388	73 
389	21 
390	57 
391	71 
392	33 
393	45 
394	9 
395	95 
396	94 
397	68 
398	11 
399	48 
400	13 
401	8 
402	80 
403	53 
404	30 
405	90 
406	69 
407	54 
408	18 
409	33 
410	46 
411	45 
412	1 
413	35 
414	48 
415	65 
416	10 
417	4 
418	85 
419	82 
420	3 
421	72 
422	64 
423	11 
424	33 
425	94 
426	12 
427	19 
428	30 
429	69 
430	57 
431	34 
432	40 
433	73 
434	16 
435	46 
436	64 
437	83 
438	89 
439	54 
440	86 
441	45 
442	87 
443	90 
444	82 
445	14 
446	46 
447	51 
448	94 
449	85 
450	63 
451	64 
452	33 
453	9 
454	94 
455	88 
456	21 
457	94 
458	38 
459	37 
460	14 
461	86 
462	80 
463	38 
464	48 
465	14 
466	27 
467	69 
468	49 
469	36 
470	15 
471	5 
472	8 
473	90 
474	68 
475	36 
476	93 
477	4 
478	90 
479	26 
480	71 
481	17 
482	41 
483	32 
484	80 
485	9 
486	51 
487	87 
488	47 
489	96 
490	18 
491	84 
492	16 
493	37 
494	60 
495	70 
496	25 
497	81 
498	82 
499	91 
500	61 
501	33 
502	14 
503	37 
504	71 
505	86 
506	41 
507	26 
508	89 
509	29 
510	68 
511	87 
512	39 
513	47 
514	73 
515	54 
516	14 
517	95 
518	52 
519	47 
520	94 
521	73 
522	88 
523	89 
524	39 
525	79 
526	8 
527	90 
528	92 
529	80 
530	30 
531	85 
532	95 
533	65 
534	46 
535	8 
536	14 
537	30 
538	37 
539	32 
540	16 
541	36 
542	4 
543	26 
544	55 
545	11 
546	69 
547	31 
548	54 
549	11 
550	11 
551	32 
552	64 
553	45 
554	10 
555	66 
556	54 
557	12 
558	40 
559	54 
560	81 
561	76 
562	88 
563	4 
564	92 
565	68 
566	72 
567	4 
568	66 
569	21 
570	3 
571	64 
572	6 
573	58 
574	39 
575	35 
576	69 
577	66 
578	56 
579	83 
580	81 
581	59 
582	48 
583	33 
584	41 
585	29 
586	12 
587	39 
588	81 
589	13 
590	38 
591	31 
592	78 
593	11 
594	73 
595	48 
596	83 
597	45 
598	6 
599	81 
600	96 
601	90 
602	72 
603	42 
604	6 
605	45 
606	16 
607	37 
608	78 
609	86 
610	63 
611	78 
612	35 
613	38 
614	39 
615	81 
616	32 
617	79 
618	58 
619	35 
620	90 
621	85 
622	32 
623	70 
624	48 
625	49 
626	60 
627	83 
628	43 
629	48 
630	96 
631	18 
632	88 
633	33 
634	73 
635	18 
636	6 
637	8 
638	91 
639	92 
640	81 
641	45 
642	71 
643	16 
644	75 
645	78 
646	70 
647	20 
648	93 
649	1 
650	45 
651	86 
652	18 
653	16 
654	75 
655	3 
656	66 
657	3 
658	14 
659	82 
660	61 
661	51 
662	73 
663	14 
664	77 
665	68 
666	81 
667	65 
668	39 
669	78 
670	95 
671	47 
672	37 
673	71 
674	15 
675	14 
676	7 
677	85 
678	81 
679	47 
680	20 
681	11 
682	13 
683	59 
684	52 
685	42 
686	50 
687	12 
688	86 
689	88 
690	76 
691	48 
692	42 
693	18 
694	35 
695	54 
696	84 
697	27 
698	12 
699	2 
700	25 
701	35 
702	27 
703	38 
704	13 
705	10 
706	61 
707	10 
708	57 
709	54 
710	33 
711	46 
712	83 
713	34 
714	49 
715	81 
716	60 
717	47 
718	94 
719	66 
720	34 
721	22 
722	39 
723	53 
724	39 
725	13 
726	55 
727	71 
728	67 
729	93 
730	31 
731	40 
732	3 
733	90 
734	48 
735	68 
736	62 
737	18 
738	50 
739	12 
740	35 
741	52 
742	38 
743	20 
744	35 
745	13 
746	1 
747	6 
748	48 
749	26 
750	6 
751	88 
752	3 
753	47 
754	76 
755	12 
756	68 
757	66 
758	15 
759	45 
760	85 
761	14 
762	45 
763	25 
764	91 
765	63 
766	16 
767	32 
768	69 
769	20 
770	45 
771	5 
772	40 
773	48 
774	83 
775	47 
776	18 
777	85 
778	61 
779	54 
780	88 
781	58 
782	38 
783	88 
784	63 
785	46 
786	64 
787	1 
788	86 
789	68 
790	39 
791	43 
792	96 
793	27 
794	27 
795	69 
796	33 
797	16 
798	94 
799	81 
800	27 
801	12 
802	10 
803	41 
804	59 
805	42 
806	46 
807	96 
808	79 
809	15 
810	75 
811	26 
812	47 
813	41 
814	96 
815	12 
816	70 
817	45 
818	27 
819	26 
820	38 
821	16 
822	66 
823	51 
824	42 
825	90 
826	13 
827	18 
828	26 
829	54 
830	60 
831	68 
832	90 
833	54 
834	13 
835	3 
836	47 
837	5 
838	25 
839	43 
840	71 
841	10 
842	5 
843	73 
844	74 
845	70 
846	84 
847	82 
848	5 
849	83 
850	11 
851	88 
852	59 
853	79 
854	64 
855	46 
856	94 
857	83 
858	70 
859	70 
860	58 
861	83 
862	92 
863	81 
864	53 
865	27 
866	51 
867	77 
868	37 
869	14 
870	5 
871	61 
872	28 
873	54 
874	9 
875	37 
876	55 
877	86 
878	3 
879	52 
880	96 
881	73 
882	33 
883	32 
884	71 
885	14 
886	18 
887	5 
888	16 
889	35 
890	67 
891	34 
892	96 
893	90 
894	61 
895	69 
896	64 
897	46 
898	40 
899	2 
900	8 
901	61 
902	31 
903	56 
904	86 
905	34 
906	32 
907	35 
908	8 
909	93 
910	80 
911	45 
912	61 
913	1 
914	37 
915	7 
916	47 
917	45 
918	45 
919	94 
920	96 
921	55 
922	76 
923	71 
924	51 
925	1 
926	81 
927	30 
928	16 
929	81 
930	35 
931	20 
932	28 
933	30 
934	24 
935	83 
936	71 
937	47 
938	57 
939	80 
940	68 
941	75 
942	12 
943	53 
944	94 
945	86 
946	31 
947	70 
948	55 
949	51 
950	92 
951	12 
952	48 
953	26 
954	16 
955	18 
956	92 
957	8 
958	79 
959	59 
960	8 
961	45 
962	12 
963	42 
964	15 
965	7 
966	59 
967	41 
968	45 
969	12 
970	85 
971	68 
972	1 
973	54 
974	70 
975	95 
976	39 
977	35 
978	40 
979	48 
980	12 
981	39 
982	19 
983	7 
984	27 
985	20 
986	65 
987	12 
988	64 
989	30 
990	71 
991	92 
992	45 
993	32 
994	10 
995	21 
996	80 
997	12 
998	33 
999	84 
1000	94 
1001	48 
1002	2 
1003	32 
1004	39 
1005	70 
1006	95 
1007	52 
1008	42 
1009	18 
1010	30 
1011	18 
1012	64 
1013	7 
1014	35 
1015	47 
1016	64 
1017	38 
1018	70 
1019	11 
1020	24 
1021	72 
1022	42 
1023	94 
1024	76 
1025	73 
1026	35 
1027	38 
1028	42 
1029	34 
1030	96 
1031	38 
1032	18 
1033	83 
1034	35 
1035	72 
1036	71 
1037	78 
1038	20 
1039	8 
1040	45 
1041	88 
1042	44 
1043	73 
1044	83 
1045	34 
1046	92 
1047	45 
1048	55 
1049	34 
1050	56 
1051	67 
1052	71 
1053	68 
1054	6 
1055	23 
1056	42 
1057	19 
1058	73 
1059	95 
1060	13 
1061	83 
1062	81 
1063	13 
1064	65 
1065	67 
1066	28 
1067	44 
1068	63 
1069	74 
1070	22 
1071	47 
1072	14 
1073	64 
1074	48 
1075	18 
1076	81 
1077	8 
1078	47 
1079	45 
1080	69 
1081	66 
1082	30 
1083	41 
1084	47 
1085	12 
1086	24 
1087	79 
1088	12 
1089	59 
1090	50 
1091	39 
1092	54 
1093	3 
1094	4 
1095	29 
1096	64 
1097	95 
1098	94 
1099	70 
1100	8 
1101	17 
1102	5 
1103	14 
1104	95 
1105	16 
1106	71 
1107	81 
1108	72 
1109	35 
1110	29 
1111	7 
1112	83 
1113	62 
1114	85 
1115	25 
1116	30 
1117	18 
1118	1 
1119	22 
1120	10 
1121	54 
1122	14 
1123	74 
1124	67 
1125	29 
1126	72 
1127	47 
1128	55 
1129	92 
1130	14 
1131	96 
1132	49 
1133	32 
1134	71 
1135	91 
1136	39 
1137	94 
1138	90 
1139	16 
1140	42 
1141	40 
1142	64 
1143	52 
1144	92 
1145	38 
1146	87 
1147	26 
1148	94 
1149	69 
1150	46 
1151	12 
1152	66 
1153	66 
1154	46 
1155	92 
1156	27 
1157	79 
1158	67 
1159	90 
1160	53 
1161	42 
1162	72 
1163	58 
1164	63 
1165	5 
1166	32 
1167	56 
1168	80 
1169	1 
1170	45 
1171	83 
1172	4 
1173	45 
1174	53 
1175	13 
1176	39 
1177	81 
1178	85 
1179	35 
1180	93 
1181	45 
1182	75 
1183	38 
1184	71 
1185	83 
1186	12 
1187	88 
1188	86 
1189	27 
1190	47 
1191	47 
1192	55 
1193	55 
1194	96 
1195	66 
1196	9 
1197	32 
1198	33 
1199	24 
1200	22 
1201	18 
1202	68 
1203	92 
1204	55 
1205	67 
1206	9 
1207	90 
1208	83 
1209	27 
1210	36 
1211	26 
1212	68 
1213	74 
1214	29 
1215	73 
1216	42 
1217	34 
1218	64 
1219	46 
1220	31 
1221	14 
1222	79 
1223	48 
1224	18 
1225	59 
1226	1 
1227	71 
1228	87 
1229	86 
1230	39 
1231	80 
1232	37 
1233	39 
1234	55 
1235	22 
1236	7 
1237	46 
1238	63 
1239	37 
1240	47 
1241	8 
1242	8 
1243	65 
1244	65 
1245	93 
1246	29 
1247	93 
1248	41 
1249	46 
1250	28 
1251	5 
1252	10 
1253	94 
1254	14 
1255	90 
1256	33 
1257	73 
1258	35 
1259	86 
1260	9 
1261	85 
1262	92 
1263	96 
1264	47 
1265	35 
1266	63 
1267	48 
1268	14 
1269	7 
1270	39 
1271	67 
1272	11 
1273	87 
1274	39 
1275	3 
1276	86 
1277	10 
1278	46 
1279	61 
1280	47 
1281	57 
1282	56 
1283	42 
1284	90 
1285	81 
1286	81 
1287	27 
1288	30 
1289	37 
1290	1 
1291	47 
1292	63 
1293	61 
1294	12 
1295	39 
1296	4 
1297	30 
1298	12 
1299	12 
1300	62 
1301	50 
1302	87 
1303	69 
1304	83 
1305	5 
1306	18 
1307	6 
1308	11 
1309	88 
1310	75 
1311	90 
1312	12 
1313	5 
1314	38 
1315	39 
1316	65 
1317	35 
1318	42 
1319	66 
1320	71 
1321	45 
1322	25 
1323	66 
1324	59 
1325	36 
1326	14 
1327	65 
1328	63 
1329	86 
1330	73 
1331	79 
1332	28 
1333	68 
1334	81 
1335	54 
1336	68 
1337	49 
1338	8 
1339	38 
1340	88 
1341	91 
1342	37 
1343	64 
1344	86 
1345	52 
1346	51 
1347	14 
1348	15 
1349	84 
1350	39 
1351	50 
1352	48 
1353	19 
1354	54 
1355	93 
1356	60 
1357	8 
1358	18 
1359	14 
1360	8 
1361	9 
1362	88 
1363	41 
1364	34 
1365	6 
1366	81 
1367	53 
1368	33 
1369	48 
1370	7 
1371	16 
1372	66 
1373	30 
1374	22 
1375	63 
1376	11 
1377	25 
1378	95 
1379	51 
1380	93 
1381	68 
1382	55 
1383	79 
1384	50 
1385	34 
1386	78 
1387	67 
1388	16 
1389	75 
1390	90 
1391	64 
1392	75 
1393	70 
1394	73 
1395	94 
1396	8 
1397	47 
1398	63 
1399	81 
1400	58 
1401	82 
1402	7 
1403	56 
1404	86 
1405	56 
1406	50 
1407	25 
1408	81 
1409	24 
1410	90 
1411	6 
1412	68 
1413	67 
1414	7 
1415	39 
1416	27 
1417	40 
1418	35 
1419	73 
1420	10 
1421	14 
1422	79 
1423	8 
1424	19 
1425	16 
1426	65 
1427	77 
1428	75 
1429	52 
1430	36 
1431	68 
1432	46 
1433	93 
1434	69 
1435	50 
1436	71 
1437	31 
1438	29 
1439	45 
1440	14 
1441	25 
1442	15 
1443	32 
1444	77 
1445	29 
1446	36 
1447	96 
1448	59 
1449	92 
1450	47 
1451	59 
1452	65 
1453	75 
1454	71 
1455	76 
1456	65 
1457	94 
1458	93 
1459	50 
1460	87 
1461	34 
1462	31 
1463	35 
1464	92 
1465	3 
1466	94 
1467	45 
1468	93 
1469	72 
1470	26 
1471	59 
1472	8 
1473	42 
1474	33 
1475	38 
1476	73 
1477	40 
1478	96 
1479	78 
1480	53 
1481	24 
1482	38 
1483	46 
1484	71 
1485	18 
1486	90 
1487	79 
1488	49 
1489	92 
1490	38 
1491	42 
1492	8 
1493	54 
1494	19 
1495	60 
1496	95 
1497	84 
1498	89 
1499	65 
1500	9 
1501	76 
1502	90 
1503	92 
1504	73 
1505	38 
1506	86 
1507	91 
1508	86 
1509	49 
1510	68 
1511	27 
1512	3 
1513	64 
1514	16 
1515	92 
1516	46 
1517	92 
1518	64 
1519	35 
1520	75 
1521	39 
1522	75 
1523	68 
1524	42 
1525	96 
1526	3 
1527	11 
1528	41 
1529	94 
1530	4 
1531	5 
1532	62 
1533	76 
1534	75 
1535	55 
1536	1 
1537	25 
1538	88 
1539	35 
1540	53 
1541	50 
1542	10 
1543	40 
1544	53 
1545	37 
1546	39 
1547	71 
1548	46 
1549	11 
1550	83 
1551	28 
1552	89 
1553	83 
1554	37 
1555	16 
1556	79 
1557	88 
1558	43 
1559	4 
1560	69 
1561	21 
1562	50 
1563	61 
1564	18 
1565	68 
1566	90 
1567	30 
1568	11 
1569	19 
1570	69 
1571	63 
1572	31 
1573	14 
1574	46 
1575	29 
1576	58 
1577	91 
1578	77 
1579	1 
1580	8 
1581	86 
1582	58 
1583	44 
1584	49 
1585	32 
1586	72 
1587	37 
1588	65 
1589	30 
1590	41 
1591	96 
1592	39 
1593	90 
1594	86 
1595	9 
1596	78 
1597	68 
1598	88 
1599	35 
1600	96 
1601	21 
1602	29 
1603	42 
1604	37 
1605	40 
1606	81 
1607	52 
1608	90 
1609	7 
1610	24 
1611	14 
1612	71 
1613	78 
1614	81 
1615	93 
1616	50 
1617	88 
1618	12 
1619	24 
1620	63 
1621	86 
1622	16 
1623	87 
1624	81 
1625	34 
1626	27 
1627	54 
1628	32 
1629	71 
1630	54 
1631	18 
1632	73 
1633	78 
1634	76 
1635	94 
1636	54 
1637	59 
1638	3 
1639	38 
1640	50 
1641	43 
1642	49 
1643	22 
1644	29 
1645	38 
1646	14 
1647	79 
1648	25 
1649	54 
1650	27 
1651	59 
1652	4 
1653	16 
1654	25 
1655	20 
1656	91 
1657	30 
1658	39 
1659	42 
1660	29 
1661	39 
1662	37 
1663	4 
1664	77 
1665	81 
1666	79 
1667	18 
1668	77 
1669	92 
1670	3 
1671	86 
1672	47 
1673	83 
1674	26 
1675	78 
1676	38 
1677	16 
1678	39 
1679	84 
1680	14 
1681	43 
1682	5 
1683	60 
1684	43 
1685	28 
1686	72 
1687	34 
1688	62 
1689	4 
1690	4 
1691	47 
1692	68 
1693	33 
1694	51 
1695	15 
1696	4 
1697	18 
1698	91 
1699	33 
1700	31 
1701	79 
1702	41 
1703	31 
1704	14 
1705	54 
1706	68 
1707	5 
1708	71 
1709	85 
1710	47 
1711	72 
1712	9 
1713	81 
1714	27 
1715	32 
1716	65 
1717	14 
1718	53 
1719	29 
1720	26 
1721	94 
1722	25 
1723	18 
1724	74 
1725	51 
1726	6 
1727	55 
1728	62 
1729	96 
1730	67 
1731	34 
1732	32 
1733	50 
1734	54 
1735	34 
1736	84 
1737	14 
1738	90 
1739	34 
1740	38 
1741	16 
1742	40 
1743	34 
1744	84 
1745	57 
1746	81 
1747	43 
1748	45 
1749	6 
1750	81 
1751	42 
1752	35 
1753	94 
1754	23 
1755	50 
1756	32 
1757	32 
1758	67 
1759	60 
1760	85 
1761	39 
1762	42 
1763	3 
1764	11 
1765	84 
1766	94 
1767	59 
1768	95 
1769	13 
1770	93 
1771	65 
1772	96 
1773	29 
1774	17 
1775	90 
1776	58 
1777	16 
1778	54 
1779	27 
1780	8 
1781	43 
1782	8 
1783	48 
1784	31 
1785	51 
1786	34 
1787	39 
1788	16 
1789	22 
1790	83 
1791	82 
1792	15 
1793	92 
1794	11 
1795	56 
1796	50 
1797	32 
1798	86 
1799	27 
1800	60 
1801	27 
1802	26 
1803	4 
1804	54 
1805	38 
1806	11 
1807	46 
1808	86 
1809	90 
1810	6 
1811	11 
1812	55 
1813	61 
1814	58 
1815	47 
1816	55 
1817	27 
1818	29 
1819	52 
1820	77 
1821	59 
1822	60 
1823	21 
1824	18 
1825	42 
1826	56 
1827	20 
1828	13 
1829	63 
1830	71 
1831	62 
1832	93 
1833	67 
1834	76 
1835	65 
1836	18 
1837	53 
1838	4 
1839	26 
1840	56 
1841	27 
1842	16 
1843	46 
1844	38 
1845	74 
1846	95 
1847	68 
1848	29 
1849	82 
1850	39 
1851	45 
1852	24 
1853	43 
1854	93 
1855	90 
1856	73 
1857	42 
1858	50 
1859	96 
1860	83 
1861	27 
1862	24 
1863	79 
1864	11 
1865	78 
1866	81 
1867	88 
1868	52 
1869	84 
1870	27 
1871	96 
1872	8 
1873	38 
1874	94 
1875	46 
1876	16 
1877	77 
1878	48 
1879	30 
1880	54 
1881	92 
1882	74 
1883	61 
1884	14 
1885	15 
1886	71 
1887	68 
1888	54 
1889	78 
1890	11 
1891	78 
1892	3 
1893	32 
1894	54 
1895	26 
1896	66 
1897	93 
1898	61 
1899	47 
1900	10 
1901	35 
1902	32 
1903	24 
1904	37 
1905	95 
1906	45 
1907	69 
1908	26 
1909	88 
1910	68 
1911	42 
1912	35 
1913	33 
1914	94 
1915	54 
1916	12 
1917	4 
1918	25 
1919	19 
1920	86 
1921	31 
1922	50 
1923	81 
1924	32 
1925	34 
1926	89 
1927	61 
1928	27 
1929	48 
1930	67 
1931	50 
1932	40 
1933	39 
1934	91 
1935	12 
1936	92 
1937	5 
1938	38 
1939	47 
1940	78 
1941	58 
1942	11 
1943	39 
1944	42 
1945	8 
1946	20 
1947	94 
1948	66 
1949	42 
1950	71 
1951	85 
1952	32 
1953	39 
1954	94 
1955	74 
1956	79 
1957	62 
1958	51 
1959	3 
1960	45 
1961	34 
1962	86 
1963	11 
1964	38 
1965	27 
1966	66 
1967	31 
1968	90 
1969	59 
1970	11 
1971	39 
1972	69 
1973	3 
1974	54 
1975	58 
1976	11 
1977	34 
1978	31 
1979	51 
1980	14 
1981	66 
1982	67 
1983	41 
1984	52 
1985	68 
1986	77 
1987	18 
1988	33 
1989	45 
1990	18 
1991	41 
1992	54 
1993	8 
1994	64 
1995	83 
1996	64 
1997	41 
1998	68 
1999	26 
2000	37 
2001	86 
2002	81 
2003	58 
2004	10 
2005	81 
2006	34 
2007	48 
2008	63 
2009	31 
2010	92 
2011	18 
2012	79 
2013	6 
2014	18 
2015	35 
2016	29 
2017	22 
2018	87 
2019	3 
2020	68 
2021	67 
2022	73 
2023	40 
2024	38 
2025	63 
2026	60 
2027	86 
2028	69 
2029	31 
2030	48 
2031	34 
2032	31 
2033	24 
2034	4 
2035	81 
2036	50 
2037	38 
2038	90 
2039	78 
2040	86 
2041	67 
2042	61 
2043	83 
2044	54 
2045	47 
2046	90 
2047	28 
2048	92 
2049	72 
2050	6 
2051	7 
2052	39 
2053	71 
2054	10 
2055	46 
2056	46 
2057	86 
2058	93 
2059	4 
2060	74 
2061	52 
2062	31 
2063	74 
2064	54 
2065	3 
2066	86 
2067	32 
2068	60 
2069	63 
2070	39 
2071	85 
2072	31 
2073	88 
2074	58 
2075	28 
2076	75 
2077	96 
2078	42 
2079	96 
2080	48 
2081	55 
2082	48 
2083	62 
2084	39 
2085	45 
2086	77 
2087	26 
2088	63 
2089	3 
2090	71 
2091	55 
2092	22 
2093	10 
2094	85 
2095	23 
2096	66 
2097	69 
2098	33 
2099	78 
2100	45 
2101	95 
2102	63 
2103	94 
2104	41 
2105	37 
2106	11 
2107	51 
2108	42 
2109	13 
2110	33 
2111	57 
2112	24 
2113	81 
2114	19 
2115	95 
2116	27 
2117	15 
2118	64 
2119	79 
2120	43 
2121	24 
2122	93 
2123	11 
2124	46 
2125	76 
2126	17 
2127	29 
2128	32 
2129	26 
2130	31 
2131	6 
2132	46 
2133	94 
2134	33 
2135	19 
2136	48 
2137	83 
2138	71 
2139	18 
2140	46 
2141	58 
2142	18 
2143	77 
2144	4 
2145	46 
2146	90 
2147	16 
2148	11 
2149	46 
2150	40 
2151	30 
2152	42 
2153	83 
2154	7 
2155	52 
2156	65 
2157	29 
2158	38 
2159	82 
2160	66 
2161	18 
2162	83 
2163	42 
2164	39 
2165	18 
2166	70 
2167	94 
2168	86 
2169	93 
2170	42 
2171	56 
2172	35 
2173	38 
2174	32 
2175	77 
2176	39 
2177	48 
2178	13 
2179	65 
2180	92 
2181	52 
2182	94 
2183	2 
2184	40 
2185	96 
2186	76 
2187	50 
2188	96 
2189	57 
2190	93 
2191	82 
2192	14 
2193	11 
2194	32 
2195	31 
2196	25 
2197	30 
2198	42 
2199	46 
2200	84 
2201	64 
2202	38 
2203	79 
2204	26 
2205	84 
2206	30 
2207	22 
2208	21 
2209	48 
2210	33 
2211	63 
2212	51 
2213	83 
2214	57 
2215	47 
2216	68 
2217	12 
2218	63 
2219	5 
2220	82 
2221	2 
2222	31 
2223	76 
2224	31 
2225	86 
2226	33 
2227	31 
2228	32 
2229	88 
2230	93 
2231	66 
2232	12 
2233	72 
2234	66 
2235	26 
2236	6 
2237	53 
2238	52 
2239	27 
2240	52 
2241	90 
2242	25 
2243	50 
2244	96 
2245	31 
2246	12 
2247	32 
2248	54 
2249	38 
2250	58 
2251	35 
2252	32 
2253	33 
2254	60 
2255	33 
2256	45 
2257	37 
2258	39 
2259	60 
2260	13 
2261	71 
2262	5 
2263	51 
2264	38 
2265	71 
2266	92 
2267	90 
2268	73 
2269	24 
2270	31 
2271	83 
2272	64 
2273	63 
2274	71 
2275	32 
2276	55 
2277	33 
2278	95 
2279	77 
2280	41 
2281	6 
2282	90 
2283	4 
2284	29 
2285	5 
2286	92 
2287	42 
2288	79 
2289	11 
2290	58 
2291	86 
2292	14 
2293	65 
2294	13 
2295	86 
2296	8 
2297	5 
2298	25 
2299	15 
2300	71 
2301	42 
2302	47 
2303	70 
2304	88 
2305	44 
2306	33 
2307	42 
2308	18 
2309	85 
2310	3 
2311	46 
2312	88 
2313	85 
2314	59 
2315	35 
2316	38 
2317	35 
2318	32 
2319	26 
2320	39 
2321	42 
2322	42 
2323	68 
2324	73 
2325	4 
2326	53 
2327	46 
2328	17 
2329	12 
2330	30 
2331	57 
2332	83 
2333	58 
2334	42 
2335	34 
2336	91 
2337	77 
2338	88 
2339	14 
2340	66 
2341	8 
2342	85 
2343	12 
2344	86 
2345	81 
2346	92 
2347	1 
2348	40 
2349	10 
2350	65 
2351	51 
2352	64 
2353	31 
2354	31 
2355	81 
2356	74 
2357	12 
2358	65 
2359	3 
2360	25 
2361	85 
2362	54 
2363	50 
2364	20 
2365	46 
2366	7 
2367	12 
2368	92 
2369	39 
2370	39 
2371	88 
2372	24 
2373	37 
2374	6 
2375	40 
2376	73 
2377	27 
2378	96 
2379	42 
2380	92 
2381	35 
2382	44 
2383	16 
2384	40 
2385	55 
2386	94 
2387	31 
2388	45 
2389	83 
2390	14 
2391	91 
2392	77 
2393	44 
2394	56 
2395	1 
2396	24 
2397	74 
2398	25 
2399	77 
2400	94 
2401	29 
2402	83 
2403	42 
2404	59 
2405	57 
2406	65 
2407	33 
2408	54 
2409	47 
2410	2 
2411	37 
2412	94 
2413	66 
2414	49 
2415	50 
2416	20 
2417	34 
2418	52 
2419	59 
2420	55 
2421	94 
2422	9 
2423	95 
2424	34 
2425	95 
2426	75 
2427	81 
2428	14 
2429	46 
2430	52 
2431	10 
2432	78 
2433	12 
2434	25 
2435	94 
2436	69 
2437	52 
2438	95 
2439	47 
2440	88 
2441	35 
2442	74 
2443	86 
2444	16 
2445	96 
2446	55 
2447	91 
2448	27 
2449	37 
2450	54 
2451	79 
2452	2 
2453	30 
2454	53 
2455	49 
2456	83 
2457	88 
2458	16 
2459	87 
2460	50 
2461	47 
2462	26 
2463	73 
2464	35 
2465	48 
2466	90 
2467	51 
2468	27 
2469	54 
2470	39 
2471	14 
2472	81 
2473	64 
2474	18 
2475	9 
2476	92 
2477	8 
2478	45 
2479	94 
2480	52 
2481	35 
2482	62 
2483	92 
2484	11 
2485	38 
2486	95 
2487	94 
2488	46 
2489	43 
2490	1 
2491	83 
2492	68 
2493	75 
2494	65 
2495	39 
2496	35 
2497	55 
2498	40 
2499	26 
2500	78 
2501	22 
2502	89 
2503	34 
2504	86 
2505	86 
2506	45 
2507	11 
2508	13 
2509	66 
2510	85 
2511	58 
2512	13 
2513	14 
2514	16 
2515	94 
2516	87 
2517	53 
2518	14 
2519	30 
2520	94 
2521	34 
2522	56 
2523	72 
2524	3 
2525	16 
2526	26 
2527	78 
2528	5 
2529	81 
2530	89 
2531	34 
2532	37 
2533	72 
2534	5 
2535	38 
2536	65 
2537	86 
2538	63 
2539	12 
2540	79 
2541	88 
2542	88 
2543	48 
2544	12 
2545	54 
2546	89 
2547	62 
2548	44 
2549	14 
2550	48 
2551	35 
2552	5 
2553	95 
2554	61 
2555	31 
2556	7 
2557	30 
2558	54 
2559	11 
2560	93 
2561	53 
2562	31 
2563	18 
2564	71 
2565	10 
2566	14 
2567	66 
2568	8 
2569	11 
2570	13 
2571	13 
2572	5 
2573	34 
2574	21 
2575	36 
2576	80 
2577	81 
2578	95 
2579	86 
2580	11 
2581	72 
2582	29 
2583	53 
2584	72 
2585	47 
2586	32 
2587	38 
2588	73 
2589	11 
2590	11 
2591	31 
2592	66 
2593	25 
2594	40 
2595	94 
2596	68 
2597	53 
2598	79 
2599	96 
2600	39 
2601	66 
2602	18 
2603	47 
2604	62 
2605	12 
2606	2 
2607	68 
2608	12 
2609	6 
2610	67 
2611	68 
2612	61 
2613	73 
2614	7 
2615	10 
2616	21 
2617	51 
2618	83 
2619	12 
2620	18 
2621	35 
2622	5 
2623	4 
2624	21 
2625	18 
2626	52 
2627	60 
2628	79 
2629	89 
2630	52 
2631	61 
2632	37 
2633	7 
2634	69 
2635	81 
2636	25 
2637	74 
2638	59 
2639	43 
2640	24 
2641	88 
2642	3 
2643	28 
2644	48 
2645	45 
2646	73 
2647	71 
2648	47 
2649	54 
2650	6 
2651	73 
2652	48 
2653	43 
2654	28 
2655	91 
2656	78 
2657	75 
2658	15 
2659	68 
2660	65 
2661	11 
2662	55 
2663	9 
2664	62 
2665	64 
2666	17 
2667	12 
2668	21 
2669	54 
2670	94 
2671	60 
2672	68 
2673	6 
2674	7 
2675	86 
2676	64 
2677	64 
2678	10 
2679	44 
2680	84 
2681	35 
2682	74 
2683	47 
2684	35 
2685	94 
2686	36 
2687	47 
2688	39 
2689	29 
2690	81 
2691	90 
2692	65 
2693	10 
2694	51 
2695	48 
2696	55 
2697	96 
2698	1 
2699	59 
2700	42 
2701	8 
2702	52 
2703	34 
2704	46 
2705	69 
2706	26 
2707	27 
2708	43 
2709	46 
2710	94 
2711	26 
2712	63 
2713	32 
2714	89 
2715	79 
2716	16 
2717	62 
2718	94 
2719	47 
2720	33 
2721	55 
2722	26 
2723	46 
2724	83 
2725	32 
2726	29 
2727	39 
2728	48 
2729	62 
2730	83 
2731	48 
2732	39 
2733	29 
2734	63 
2735	31 
2736	54 
2737	58 
2738	52 
2739	26 
2740	46 
2741	13 
2742	73 
2743	28 
2744	86 
2745	82 
2746	2 
2747	84 
2748	47 
2749	92 
2750	12 
2751	24 
2752	32 
2753	37 
2754	74 
2755	46 
2756	52 
2757	83 
2758	69 
2759	75 
2760	90 
2761	88 
2762	3 
2763	53 
2764	75 
2765	30 
2766	45 
2767	11 
2768	26 
2769	74 
2770	18 
2771	68 
2772	2 
2773	3 
2774	68 
2775	29 
2776	70 
2777	25 
2778	52 
2779	37 
2780	33 
2781	96 
2782	3 
2783	37 
2784	41 
2785	96 
2786	14 
2787	96 
2788	94 
2789	35 
2790	71 
2791	66 
2792	29 
2793	48 
2794	16 
2795	35 
2796	46 
2797	39 
2798	45 
2799	96 
2800	80 
2801	81 
2802	18 
2803	14 
2804	3 
2805	41 
2806	87 
2807	39 
2808	31 
2809	58 
2810	26 
2811	33 
2812	79 
2813	90 
2814	33 
2815	81 
2816	5 
2817	10 
2818	80 
2819	71 
2820	13 
2821	60 
2822	85 
2823	94 
2824	78 
2825	63 
2826	59 
2827	60 
2828	88 
2829	16 
2830	96 
2831	61 
2832	48 
2833	13 
2834	14 
2835	83 
2836	35 
2837	4 
2838	9 
2839	33 
2840	36 
2841	18 
2842	47 
2843	29 
2844	39 
2845	31 
2846	47 
2847	64 
2848	43 
2849	14 
2850	65 
2851	39 
2852	35 
2853	12 
2854	18 
2855	38 
2856	31 
2857	71 
2858	96 
2859	9 
2860	89 
2861	47 
2862	81 
2863	7 
2864	70 
2865	42 
2866	92 
2867	32 
2868	41 
2869	31 
2870	22 
2871	26 
2872	54 
2873	53 
2874	11 
2875	76 
2876	83 
2877	63 
2878	14 
2879	96 
2880	45 
2881	81 
2882	24 
2883	17 
2884	66 
2885	87 
2886	66 
2887	53 
2888	8 
2889	45 
2890	44 
2891	29 
2892	52 
2893	86 
2894	28 
2895	47 
2896	16 
2897	6 
2898	36 
2899	96 
2900	94 
2901	33 
2902	96 
2903	48 
2904	81 
2905	55 
2906	39 
2907	35 
2908	64 
2909	11 
2910	47 
2911	38 
2912	95 
2913	39 
2914	54 
2915	94 
2916	10 
2917	10 
2918	29 
2919	16 
2920	54 
2921	61 
2922	69 
2923	78 
2924	27 
2925	33 
2926	26 
2927	65 
2928	49 
2929	89 
2930	28 
2931	64 
2932	52 
2933	10 
2934	72 
2935	37 
2936	1 
2937	93 
2938	81 
2939	58 
2940	39 
2941	46 
2942	86 
2943	12 
2944	11 
2945	68 
2946	16 
2947	66 
2948	45 
2949	51 
2950	34 
2951	93 
2952	22 
2953	27 
2954	69 
2955	29 
2956	51 
2957	62 
2958	31 
2959	15 
2960	20 
2961	38 
2962	52 
2963	49 
2964	13 
2965	12 
2966	18 
2967	81 
2968	12 
2969	38 
2970	39 
2971	70 
2972	59 
2973	85 
2974	64 
2975	81 
2976	12 
2977	58 
2978	71 
2979	9 
2980	20 
2981	22 
2982	76 
2983	34 
2984	68 
2985	90 
2986	42 
2987	86 
2988	14 
2989	26 
2990	96 
2991	90 
2992	32 
2993	51 
2994	72 
2995	1 
2996	52 
2997	18 
2998	74 
2999	33 
3000	57 
3001	53 
3002	35 
3003	82 
3004	71 
3005	63 
3006	90 
3007	48 
3008	47 
3009	79 
3010	58 
3011	35 
3012	52 
3013	71 
3014	69 
3015	11 
3016	34 
3017	10 
3018	96 
3019	71 
3020	54 
3021	63 
3022	34 
3023	16 
3024	23 
3025	45 
3026	26 
3027	31 
3028	96 
3029	25 
3030	35 
3031	16 
3032	16 
3033	93 
3034	83 
3035	34 
3036	39 
3037	34 
3038	47 
3039	35 
3040	3 
3041	96 
3042	94 
3043	12 
3044	89 
3045	29 
3046	31 
3047	86 
3048	8 
3049	69 
3050	33 
3051	52 
3052	74 
3053	18 
3054	34 
3055	53 
3056	71 
3057	96 
3058	80 
3059	92 
3060	93 
3061	45 
3062	10 
3063	50 
3064	48 
3065	43 
3066	14 
3067	90 
3068	39 
3069	86 
3070	29 
3071	65 
3072	58 
3073	66 
3074	81 
3075	17 
3076	83 
3077	93 
3078	31 
3079	16 
3080	65 
3081	37 
3082	74 
3083	35 
3084	19 
3085	54 
3086	44 
3087	61 
3088	14 
3089	14 
3090	13 
3091	95 
3092	13 
3093	13 
3094	26 
3095	74 
3096	10 
3097	11 
3098	16 
3099	26 
3100	83 
3101	59 
3102	52 
3103	1 
3104	93 
3105	73 
3106	92 
3107	42 
3108	91 
3109	68 
3110	81 
3111	50 
3112	95 
3113	70 
3114	71 
3115	38 
3116	43 
3117	37 
3118	19 
3119	1 
3120	15 
3121	10 
3122	88 
3123	39 
3124	83 
3125	79 
3126	37 
3127	67 
3128	18 
3129	15 
3130	12 
3131	81 
3132	64 
3133	46 
3134	24 
3135	29 
3136	40 
3137	51 
3138	39 
3139	96 
3140	84 
3141	12 
3142	37 
3143	33 
3144	12 
3145	29 
3146	93 
3147	68 
3148	71 
3149	71 
3150	21 
3151	24 
3152	68 
3153	76 
3154	58 
3155	13 
3156	1 
3157	51 
3158	94 
3159	53 
3160	81 
3161	50 
3162	43 
3163	48 
3164	35 
3165	14 
3166	93 
3167	46 
3168	11 
3169	18 
3170	8 
3171	33 
3172	73 
3173	42 
3174	81 
3175	94 
3176	18 
3177	89 
3178	35 
3179	51 
3180	46 
3181	65 
3182	26 
3183	44 
3184	9 
3185	92 
3186	29 
3187	4 
3188	29 
3189	8 
3190	40 
3191	86 
3192	43 
3193	42 
3194	13 
3195	42 
3196	88 
3197	36 
3198	6 
3199	71 
3200	5 
3201	45 
3202	1 
3203	81 
3204	13 
3205	9 
3206	65 
3207	1 
3208	61 
3209	22 
3210	59 
3211	18 
3212	26 
3213	27 
3214	51 
3215	49 
3216	79 
3217	29 
3218	16 
3219	50 
3220	45 
3221	71 
3222	71 
3223	94 
3224	39 
3225	81 
3226	90 
3227	51 
3228	81 
3229	86 
3230	82 
3231	3 
3232	52 
3233	5 
3234	61 
3235	26 
3236	27 
3237	71 
3238	35 
3239	16 
3240	51 
3241	57 
3242	95 
3243	82 
3244	18 
3245	63 
3246	77 
3247	37 
3248	14 
3249	86 
3250	71 
3251	59 
3252	3 
3253	4 
3254	10 
3255	3 
3256	34 
3257	40 
3258	23 
3259	6 
3260	14 
3261	96 
3262	17 
3263	81 
3264	70 
3265	12 
3266	14 
3267	64 
3268	35 
3269	29 
3270	67 
3271	91 
3272	27 
3273	81 
3274	45 
3275	48 
3276	81 
3277	35 
3278	70 
3279	73 
3280	40 
3281	59 
3282	48 
3283	12 
3284	79 
3285	35 
3286	24 
3287	81 
3288	52 
3289	92 
3290	38 
3291	11 
3292	40 
3293	96 
3294	29 
3295	94 
3296	13 
3297	19 
3298	92 
3299	3 
3300	31 
3301	53 
3302	30 
3303	54 
3304	72 
3305	51 
3306	51 
3307	4 
3308	52 
3309	46 
3310	14 
3311	86 
3312	51 
3313	40 
3314	76 
3315	72 
3316	11 
3317	14 
3318	35 
3319	84 
3320	22 
3321	38 
3322	55 
3323	92 
3324	54 
3325	81 
3326	25 
3327	25 
3328	95 
3329	86 
3330	72 
3331	91 
3332	14 
3333	53 
3334	55 
3335	60 
3336	11 
3337	61 
3338	85 
3339	10 
3340	83 
3341	7 
3342	42 
3343	83 
3344	11 
3345	71 
3346	63 
3347	38 
3348	46 
3349	27 
3350	16 
3351	66 
3352	16 
3353	35 
3354	4 
3355	47 
3356	24 
3357	39 
3358	8 
3359	36 
3360	75 
3361	54 
3362	3 
3363	1 
3364	63 
3365	86 
3366	12 
3367	80 
3368	44 
3369	26 
3370	11 
3371	83 
3372	26 
3373	32 
3374	12 
3375	2 
3376	14 
3377	3 
3378	95 
3379	39 
3380	83 
3381	72 
3382	69 
3383	83 
3384	51 
3385	80 
3386	4 
3387	46 
3388	32 
3389	18 
3390	13 
3391	94 
3392	92 
3393	8 
3394	96 
3395	68 
3396	81 
3397	31 
3398	1 
3399	38 
3400	70 
3401	86 
3402	62 
3403	25 
3404	46 
3405	19 
3406	20 
3407	92 
3408	24 
3409	66 
3410	42 
3411	45 
3412	78 
3413	16 
3414	64 
3415	9 
3416	35 
3417	42 
3418	47 
3419	71 
3420	81 
3421	32 
3422	9 
3423	10 
3424	52 
3425	22 
3426	63 
3427	91 
3428	80 
3429	67 
3430	62 
3431	59 
3432	53 
3433	36 
3434	83 
3435	66 
3436	68 
3437	51 
3438	54 
3439	35 
3440	14 
3441	18 
3442	20 
3443	64 
3444	13 
3445	18 
3446	3 
3447	63 
3448	47 
3449	34 
3450	60 
3451	87 
3452	25 
3453	75 
3454	10 
3455	46 
3456	39 
3457	26 
3458	48 
3459	64 
3460	93 
3461	35 
3462	37 
3463	83 
3464	1 
3465	68 
3466	18 
3467	58 
3468	4 
3469	96 
3470	22 
3471	8 
3472	93 
3473	48 
3474	27 
3475	63 
3476	30 
3477	57 
3478	37 
3479	10 
3480	11 
3481	8 
3482	32 
3483	95 
3484	92 
3485	29 
3486	29 
3487	35 
3488	73 
3489	53 
3490	4 
3491	34 
3492	18 
3493	67 
3494	82 
3495	13 
3496	64 
3497	70 
3498	61 
3499	43 
3500	71 
3501	61 
3502	25 
3503	2 
3504	44 
3505	37 
3506	64 
3507	20 
3508	14 
3509	88 
3510	9 
3511	66 
3512	48 
3513	34 
3514	29 
3515	68 
3516	62 
3517	71 
3518	63 
3519	39 
3520	64 
3521	66 
3522	86 
3523	3 
3524	48 
3525	14 
3526	74 
3527	93 
3528	95 
3529	61 
3530	27 
3531	71 
3532	14 
3533	18 
3534	81 
3535	69 
3536	29 
3537	26 
3538	27 
3539	54 
3540	5 
3541	64 
3542	29 
3543	26 
3544	25 
3545	31 
3546	41 
3547	86 
3548	31 
3549	31 
3550	5 
3551	90 
3552	73 
3553	37 
3554	69 
3555	81 
3556	40 
3557	42 
3558	4 
3559	68 
3560	69 
3561	51 
3562	33 
3563	5 
3564	83 
3565	90 
3566	6 
3567	46 
3568	71 
3569	34 
3570	38 
3571	30 
3572	46 
3573	35 
3574	35 
3575	65 
3576	75 
3577	78 
3578	92 
3579	92 
3580	26 
3581	54 
3582	34 
3583	60 
3584	56 
3585	49 
3586	24 
3587	49 
3588	12 
3589	27 
3590	13 
3591	55 
3592	50 
3593	94 
3594	64 
3595	80 
3596	58 
3597	82 
3598	29 
3599	78 
3600	48 
3601	4 
3602	66 
3603	46 
3604	75 
3605	49 
3606	91 
3607	61 
3608	45 
3609	33 
3610	16 
3611	29 
3612	66 
3613	25 
3614	90 
3615	35 
3616	2 
3617	65 
3618	31 
3619	17 
3620	32 
3621	4 
3622	69 
3623	44 
3624	73 
3625	21 
3626	38 
3627	32 
3628	83 
3629	93 
3630	85 
3631	45 
3632	94 
3633	48 
3634	94 
3635	66 
3636	15 
3637	31 
3638	68 
3639	57 
3640	69 
3641	10 
3642	54 
3643	9 
3644	37 
3645	47 
3646	81 
3647	96 
3648	45 
3649	42 
3650	48 
3651	96 
3652	78 
3653	94 
3654	70 
3655	54 
3656	92 
3657	32 
3658	29 
3659	96 
3660	84 
3661	47 
3662	83 
3663	24 
3664	90 
3665	20 
3666	86 
3667	3 
3668	53 
3669	79 
3670	27 
3671	16 
3672	83 
3673	53 
3674	28 
3675	14 
3676	53 
3677	83 
3678	40 
3679	48 
3680	6 
3681	57 
3682	57 
3683	54 
3684	73 
3685	3 
3686	11 
3687	27 
3688	86 
3689	90 
3690	60 
3691	45 
3692	54 
3693	71 
3694	11 
3695	44 
3696	5 
3697	74 
3698	63 
3699	32 
3700	41 
3701	83 
3702	18 
3703	16 
3704	33 
3705	44 
3706	85 
3707	33 
3708	96 
3709	74 
3710	47 
3711	87 
3712	47 
3713	23 
3714	33 
3715	19 
3716	29 
3717	42 
3718	63 
3719	74 
3720	88 
3721	90 
3722	85 
3723	51 
3724	19 
3725	19 
3726	43 
3727	26 
3728	33 
3729	49 
3730	19 
3731	7 
3732	29 
3733	53 
3734	44 
3735	18 
3736	45 
3737	27 
3738	29 
3739	22 
3740	51 
3741	60 
3742	23 
3743	87 
3744	12 
3745	43 
3746	46 
3747	12 
3748	37 
3749	95 
3750	96 
3751	86 
3752	67 
3753	38 
3754	18 
3755	12 
3756	54 
3757	5 
3758	14 
3759	92 
3760	17 
3761	78 
3762	73 
3763	15 
3764	69 
3765	75 
3766	81 
3767	39 
3768	65 
3769	74 
3770	51 
3771	71 
3772	27 
3773	70 
3774	13 
3775	1 
3776	45 
3777	79 
3778	18 
3779	96 
3780	74 
3781	76 
3782	24 
3783	79 
3784	35 
3785	53 
3786	81 
3787	83 
3788	18 
3789	39 
3790	23 
3791	12 
3792	31 
3793	77 
3794	63 
3795	57 
3796	14 
3797	81 
3798	18 
3799	68 
3800	86 
3801	75 
3802	31 
3803	35 
3804	59 
3805	31 
3806	31 
3807	35 
3808	48 
3809	59 
3810	79 
3811	53 
3812	86 
3813	37 
3814	53 
3815	10 
3816	56 
3817	63 
3818	81 
3819	85 
3820	86 
3821	88 
3822	93 
3823	80 
3824	90 
3825	26 
3826	4 
3827	52 
3828	38 
3829	65 
3830	53 
3831	75 
3832	34 
3833	74 
3834	6 
3835	92 
3836	86 
3837	80 
3838	30 
3839	53 
3840	51 
3841	88 
3842	56 
3843	48 
3844	42 
3845	71 
3846	60 
3847	31 
3848	86 
3849	43 
3850	34 
3851	48 
3852	46 
3853	3 
3854	56 
3855	66 
3856	2 
3857	6 
3858	71 
3859	55 
3860	26 
3861	14 
3862	2 
3863	68 
3864	83 
3865	55 
3866	94 
3867	92 
3868	49 
3869	46 
3870	1 
3871	23 
3872	95 
3873	31 
3874	30 
3875	14 
3876	53 
3877	3 
3878	65 
3879	71 
3880	63 
3881	16 
3882	88 
3883	63 
3884	8 
3885	31 
3886	46 
3887	84 
3888	88 
3889	29 
3890	51 
3891	11 
3892	90 
3893	3 
3894	71 
3895	14 
3896	4 
3897	86 
3898	6 
3899	27 
3900	48 
3901	44 
3902	45 
3903	17 
3904	86 
3905	76 
3906	43 
3907	86 
3908	92 
3909	23 
3910	86 
3911	17 
3912	12 
3913	86 
3914	92 
3915	29 
3916	31 
3917	68 
3918	38 
3919	60 
3920	42 
3921	42 
3922	35 
3923	69 
3924	90 
3925	61 
3926	18 
3927	94 
3928	34 
3929	29 
3930	46 
3931	48 
3932	62 
3933	81 
3934	92 
3935	73 
3936	50 
3937	70 
3938	43 
3939	12 
3940	49 
3941	94 
3942	11 
3943	68 
3944	51 
3945	91 
3946	92 
3947	43 
3948	93 
3949	31 
3950	69 
3951	46 
3952	73 
3953	14 
3954	12 
3955	86 
3956	16 
3957	13 
3958	8 
3959	71 
3960	60 
3961	65 
3962	14 
3963	86 
3964	38 
3965	95 
3966	16 
3967	81 
3968	68 
3969	52 
3970	42 
3971	77 
3972	29 
3973	10 
3974	5 
3975	92 
3976	18 
3977	43 
3978	37 
3979	16 
3980	31 
3981	66 
3982	14 
3983	66 
3984	47 
3985	45 
3986	79 
3987	84 
3988	14 
3989	60 
3990	6 
3991	83 
3992	81 
3993	18 
3994	77 
3995	29 
3996	61 
3997	88 
3998	90 
3999	68 
4000	64 
4001	5 
4002	75 
4003	15 
4004	45 
4005	65 
4006	29 
4007	47 
4008	54 
4009	6 
4010	92 
4011	12 
4012	35 
4013	69 
4014	40 
4015	61 
4016	40 
4017	5 
4018	94 
4019	14 
4020	13 
4021	90 
4022	81 
4023	17 
4024	10 
4025	10 
4026	73 
4027	56 
4028	96 
4029	96 
4030	50 
4031	63 
4032	5 
4033	70 
4034	20 
4035	61 
4036	48 
4037	14 
4038	86 
4039	30 
4040	28 
4041	8 
4042	59 
4043	65 
4044	8 
4045	31 
4046	45 
4047	1 
4048	40 
4049	32 
4050	65 
4051	32 
4052	73 
4053	11 
4054	26 
4055	11 
4056	3 
4057	72 
4058	81 
4059	39 
4060	86 
4061	47 
4062	48 
4063	13 
4064	38 
4065	37 
4066	14 
4067	75 
4068	80 
4069	86 
4070	60 
4071	81 
4072	74 
4073	68 
4074	54 
4075	55 
4076	37 
4077	93 
4078	54 
4079	49 
4080	76 
4081	39 
4082	39 
4083	42 
4084	96 
4085	42 
4086	49 
4087	76 
4088	11 
4089	63 
4090	63 
4091	71 
4092	34 
4093	48 
4094	48 
4095	32 
4096	90 
4097	10 
4098	14 
4099	41 
4100	28 
4101	8 
4102	33 
4103	32 
4104	42 
4105	83 
4106	45 
4107	91 
4108	35 
4109	24 
4110	90 
4111	63 
4112	48 
4113	81 
4114	24 
4115	54 
4116	64 
4117	19 
4118	39 
4119	27 
4120	75 
4121	94 
4122	14 
4123	81 
4124	75 
4125	75 
4126	52 
4127	82 
4128	68 
4129	93 
4130	86 
4131	43 
4132	93 
4133	93 
4134	81 
4135	43 
4136	27 
4137	29 
4138	47 
4139	11 
4140	73 
4141	77 
4142	14 
4143	51 
4144	96 
4145	33 
4146	71 
4147	71 
4148	8 
4149	43 
4150	52 
4151	39 
4152	47 
4153	81 
4154	42 
4155	15 
4156	29 
4157	7 
4158	89 
4159	9 
4160	13 
4161	75 
4162	61 
4163	5 
4164	63 
4165	76 
4166	71 
4167	12 
4168	58 
4169	81 
4170	34 
4171	85 
4172	3 
4173	27 
4174	30 
4175	6 
4176	34 
4177	81 
4178	92 
4179	33 
4180	52 
4181	64 
4182	89 
4183	3 
4184	65 
4185	96 
4186	39 
4187	25 
4188	18 
4189	87 
4190	86 
4191	46 
4192	38 
4193	45 
4194	25 
4195	27 
4196	81 
4197	95 
4198	83 
4199	90 
4200	87 
4201	83 
4202	51 
4203	53 
4204	12 
4205	43 
4206	34 
4207	51 
4208	17 
4209	35 
4210	18 
4211	5 
4212	6 
4213	86 
4214	73 
4215	90 
4216	61 
4217	12 
4218	43 
4219	11 
4220	32 
4221	92 
4222	14 
4223	92 
4224	52 
4225	71 
4226	26 
4227	16 
4228	83 
4229	72 
4230	38 
4231	38 
4232	32 
4233	21 
4234	77 
4235	81 
4236	19 
4237	94 
4238	46 
4239	95 
4240	3 
4241	92 
4242	14 
4243	16 
4244	83 
4245	15 
4246	14 
4247	35 
4248	93 
4249	59 
4250	24 
4251	29 
4252	39 
4253	74 
4254	3 
4255	24 
4256	68 
4257	13 
4258	50 
4259	58 
4260	4 
4261	69 
4262	52 
4263	91 
4264	5 
4265	83 
4266	87 
4267	94 
4268	39 
4269	77 
4270	89 
4271	29 
4272	34 
4273	23 
4274	68 
4275	71 
4276	46 
4277	38 
4278	14 
4279	48 
4280	14 
4281	18 
4282	46 
4283	27 
4284	71 
4285	11 
4286	37 
4287	18 
4288	70 
4289	96 
4290	30 
4291	8 
4292	38 
4293	49 
4294	96 
4295	86 
4296	48 
4297	64 
4298	51 
4299	79 
4300	71 
4301	45 
4302	96 
4303	74 
4304	34 
4305	4 
4306	63 
4307	47 
4308	88 
4309	28 
4310	69 
4311	14 
4312	31 
4313	2 
4314	46 
4315	56 
4316	40 
4317	92 
4318	72 
4319	64 
4320	33 
4321	69 
4322	37 
4323	42 
4324	32 
4325	7 
4326	68 
4327	42 
4328	40 
4329	3 
4330	34 
4331	22 
4332	29 
4333	34 
4334	29 
4335	19 
4336	14 
4337	82 
4338	14 
4339	12 
4340	73 
4341	24 
4342	94 
4343	64 
4344	11 
4345	94 
4346	8 
4347	7 
4348	10 
4349	29 
4350	31 
4351	47 
4352	39 
4353	92 
4354	48 
4355	32 
4356	83 
4357	35 
4358	71 
4359	27 
4360	47 
4361	63 
4362	77 
4363	38 
4364	85 
4365	12 
4366	23 
4367	35 
4368	96 
4369	86 
4370	18 
4371	34 
4372	62 
4373	94 
4374	55 
4375	92 
4376	46 
4377	15 
4378	81 
4379	39 
4380	42 
4381	14 
4382	61 
4383	74 
4384	30 
4385	18 
4386	3 
4387	84 
4388	18 
4389	35 
4390	85 
4391	55 
4392	86 
4393	68 
4394	4 
4395	41 
4396	86 
4397	58 
4398	10 
4399	29 
4400	53 
4401	4 
4402	94 
4403	12 
4404	7 
4405	74 
4406	29 
4407	61 
4408	78 
4409	3 
4410	58 
4411	37 
4412	50 
4413	54 
4414	5 
4415	74 
4416	20 
4417	29 
4418	4 
4419	50 
4420	77 
4421	86 
4422	78 
4423	27 
4424	66 
4425	1 
4426	38 
4427	31 
4428	2 
4429	17 
4430	56 
4431	26 
4432	26 
4433	73 
4434	35 
4435	18 
4436	18 
4437	86 
4438	23 
4439	88 
4440	27 
4441	56 
4442	94 
4443	41 
4444	65 
4445	35 
4446	39 
4447	8 
4448	40 
4449	37 
4450	71 
4451	68 
4452	54 
4453	92 
4454	45 
4455	4 
4456	83 
4457	77 
4458	36 
4459	42 
4460	92 
4461	93 
4462	66 
4463	40 
4464	79 
4465	61 
4466	45 
4467	57 
4468	65 
4469	48 
4470	72 
4471	37 
4472	32 
4473	84 
4474	34 
4475	13 
4476	24 
4477	52 
4478	80 
4479	51 
4480	37 
4481	25 
4482	35 
4483	12 
4484	12 
4485	40 
4486	4 
4487	27 
4488	89 
4489	46 
4490	24 
4491	24 
4492	94 
4493	20 
4494	34 
4495	52 
4496	15 
4497	38 
4498	92 
4499	53 
4500	45 
4501	78 
4502	90 
4503	92 
4504	2 
4505	37 
4506	54 
4507	46 
4508	55 
4509	18 
4510	54 
4511	10 
4512	66 
4513	94 
4514	51 
4515	43 
4516	83 
4517	65 
4518	37 
4519	51 
4520	65 
4521	94 
4522	79 
4523	46 
4524	75 
4525	73 
4526	34 
4527	27 
4528	12 
4529	90 
4530	11 
4531	92 
4532	59 
4533	80 
4534	94 
4535	3 
4536	90 
4537	83 
4538	28 
4539	27 
4540	74 
4541	30 
4542	81 
4543	24 
4544	94 
4545	30 
4546	1 
4547	23 
4548	17 
4549	1 
4550	56 
4551	94 
4552	68 
4553	61 
4554	80 
4555	3 
4556	27 
4557	81 
4558	52 
4559	58 
4560	15 
4561	52 
4562	16 
4563	46 
4564	19 
4565	84 
4566	45 
4567	1 
4568	62 
4569	78 
4570	29 
4571	64 
4572	94 
4573	91 
4574	74 
4575	63 
4576	10 
4577	50 
4578	10 
4579	33 
4580	5 
4581	69 
4582	74 
4583	85 
4584	74 
4585	86 
4586	55 
4587	51 
4588	13 
4589	22 
4590	76 
4591	63 
4592	66 
4593	57 
4594	95 
4595	48 
4596	40 
4597	27 
4598	81 
4599	68 
4600	35 
4601	37 
4602	16 
4603	18 
4604	15 
4605	31 
4606	73 
4607	96 
4608	66 
4609	54 
4610	4 
4611	18 
4612	12 
4613	28 
4614	12 
4615	89 
4616	11 
4617	81 
4618	42 
4619	64 
4620	10 
4621	76 
4622	87 
4623	73 
4624	36 
4625	68 
4626	10 
4627	35 
4628	3 
4629	65 
4630	92 
4631	16 
4632	33 
4633	48 
4634	17 
4635	18 
4636	67 
4637	21 
4638	92 
4639	11 
4640	47 
4641	82 
4642	30 
4643	10 
4644	86 
4645	93 
4646	21 
4647	86 
4648	94 
4649	73 
4650	45 
4651	11 
4652	20 
4653	2 
4654	16 
4655	21 
4656	64 
4657	86 
4658	88 
4659	86 
4660	48 
4661	68 
4662	33 
4663	16 
4664	83 
4665	36 
4666	71 
4667	93 
4668	91 
4669	93 
4670	67 
4671	54 
4672	68 
4673	92 
4674	14 
4675	72 
4676	42 
4677	27 
4678	88 
4679	45 
4680	50 
4681	88 
4682	53 
4683	7 
4684	23 
4685	12 
4686	54 
4687	34 
4688	32 
4689	38 
4690	24 
4691	47 
4692	29 
4693	94 
4694	96 
4695	10 
4696	86 
4697	13 
4698	13 
4699	37 
4700	31 
4701	3 
4702	32 
4703	90 
4704	92 
4705	74 
4706	35 
4707	17 
4708	82 
4709	33 
4710	37 
4711	72 
4712	59 
4713	17 
4714	86 
4715	1 
4716	79 
4717	76 
4718	18 
4719	67 
4720	60 
4721	94 
4722	68 
4723	62 
4724	4 
4725	3 
4726	23 
4727	21 
4728	50 
4729	78 
4730	56 
4731	2 
4732	57 
4733	33 
4734	48 
4735	49 
4736	59 
4737	51 
4738	61 
4739	38 
4740	70 
4741	39 
4742	96 
4743	81 
4744	54 
4745	26 
4746	93 
4747	11 
4748	47 
4749	10 
4750	9 
4751	6 
4752	87 
4753	30 
4754	86 
4755	46 
4756	73 
4757	32 
4758	65 
4759	53 
4760	49 
4761	32 
4762	92 
4763	10 
4764	29 
4765	42 
4766	24 
4767	79 
4768	73 
4769	74 
4770	78 
4771	48 
4772	38 
4773	65 
4774	35 
4775	31 
4776	40 
4777	18 
4778	67 
4779	14 
4780	66 
4781	39 
4782	71 
4783	12 
4784	50 
4785	61 
4786	48 
4787	5 
4788	86 
4789	7 
4790	5 
4791	58 
4792	42 
4793	69 
4794	90 
4795	53 
4796	83 
4797	69 
4798	35 
4799	83 
4800	6 
4801	24 
4802	81 
4803	7 
4804	36 
4805	27 
4806	92 
4807	93 
4808	15 
4809	70 
4810	65 
4811	78 
4812	33 
4813	71 
4814	63 
4815	27 
4816	16 
4817	11 
4818	47 
4819	46 
4820	87 
4821	96 
4822	65 
4823	38 
4824	5 
4825	12 
4826	94 
4827	55 
4828	33 
4829	1 
4830	92 
4831	69 
4832	16 
4833	53 
4834	21 
4835	24 
4836	39 
4837	12 
4838	8 
4839	43 
4840	51 
4841	9 
4842	16 
4843	14 
4844	3 
4845	16 
4846	78 
4847	3 
4848	65 
4849	27 
4850	1 
4851	37 
4852	36 
4853	47 
4854	29 
4855	58 
4856	36 
4857	47 
4858	72 
4859	42 
4860	27 
4861	88 
4862	27 
4863	71 
4864	71 
4865	93 
4866	86 
4867	69 
4868	12 
4869	13 
4870	91 
4871	70 
4872	65 
4873	37 
4874	40 
4875	66 
4876	4 
4877	69 
4878	44 
4879	4 
4880	44 
4881	32 
4882	18 
4883	83 
4884	10 
4885	44 
4886	34 
4887	59 
4888	48 
4889	95 
4890	59 
4891	13 
4892	35 
4893	55 
4894	94 
4895	86 
4896	58 
4897	86 
4898	42 
4899	12 
4900	14 
4901	23 
4902	16 
4903	3 
4904	14 
4905	63 
4906	43 
4907	67 
4908	42 
4909	94 
4910	24 
4911	69 
4912	28 
4913	73 
4914	20 
4915	55 
4916	66 
4917	23 
4918	54 
4919	92 
4920	46 
4921	67 
4922	7 
4923	64 
4924	32 
4925	85 
4926	75 
4927	8 
4928	13 
4929	40 
4930	68 
4931	56 
4932	31 
4933	21 
4934	55 
4935	26 
4936	27 
4937	4 
4938	29 
4939	94 
4940	74 
4941	7 
4942	48 
4943	82 
4944	24 
4945	24 
4946	68 
4947	75 
4948	78 
4949	81 
4950	18 
4951	54 
4952	43 
4953	44 
4954	87 
4955	27 
4956	30 
4957	53 
4958	43 
4959	24 
4960	94 
4961	51 
4962	5 
4963	16 
4964	18 
4965	61 
4966	94 
4967	90 
4968	92 
4969	39 
4970	68 
4971	38 
4972	47 
4973	74 
4974	35 
4975	18 
4976	34 
4977	74 
4978	55 
4979	70 
4980	17 
4981	33 
4982	86 
4983	37 
4984	3 
4985	71 
4986	91 
4987	64 
4988	59 
4989	27 
4990	47 
4991	88 
4992	93 
4993	2 
4994	1 
4995	55 
4996	68 
4997	37 
4998	12 
4999	73 
5000	43 
