1	46 
2	84 
3	7 
4	31 
5	66 
6	13 
7	94 
8	76 
9	31 
10	92 
11	76 
12	18 
13	7 
14	96 
15	74 
16	21 
17	51 
18	92 
19	95 
20	57 
21	86 
22	28 
23	40 
24	20 
25	27 
26	47 
27	20 
28	76 
29	11 
30	28 
31	72 
32	44 
33	97 
34	95 
35	61 
36	98 
37	70 
38	69 
39	83 
40	59 
41	4 
42	100 
43	84 
44	10 
45	23 
46	56 
47	27 
48	19 
49	100 
50	86 
51	5 
52	59 
53	59 
54	40 
55	57 
56	94 
57	31 
58	53 
59	84 
60	23 
61	25 
62	37 
63	53 
64	69 
65	49 
66	56 
67	53 
68	17 
69	25 
70	100 
71	13 
72	23 
73	63 
74	67 
75	93 
76	97 
77	47 
78	4 
79	12 
80	55 
81	89 
82	36 
83	48 
84	32 
85	58 
86	45 
87	99 
88	18 
89	44 
90	1 
91	14 
92	67 
93	20 
94	54 
95	67 
96	3 
97	95 
98	57 
99	17 
100	40 
101	71 
102	49 
103	67 
104	97 
105	38 
106	22 
107	97 
108	41 
109	82 
110	74 
111	15 
112	49 
113	44 
114	89 
115	13 
116	31 
117	32 
118	79 
119	55 
120	13 
121	6 
122	11 
123	53 
124	66 
125	61 
126	72 
127	62 
128	29 
129	40 
130	90 
131	100 
132	36 
133	10 
134	67 
135	93 
136	3 
137	99 
138	37 
139	33 
140	77 
141	88 
142	14 
143	17 
144	48 
145	65 
146	67 
147	62 
148	42 
149	20 
150	82 
151	50 
152	33 
153	18 
154	93 
155	6 
156	42 
157	38 
158	77 
159	7 
160	26 
161	22 
162	89 
163	77 
164	62 
165	4 
166	76 
167	9 
168	28 
169	30 
170	67 
171	90 
172	63 
173	85 
174	47 
175	95 
176	16 
177	81 
178	44 
179	36 
180	41 
181	17 
182	47 
183	1 
184	40 
185	4 
186	86 
187	16 
188	84 
189	44 
190	90 
191	3 
192	24 
193	28 
194	82 
195	68 
196	65 
197	23 
198	82 
199	71 
200	66 
201	94 
202	15 
203	98 
204	64 
205	79 
206	76 
207	10 
208	28 
209	80 
210	83 
211	8 
212	62 
213	12 
214	38 
215	56 
216	4 
217	95 
218	15 
219	52 
220	68 
221	23 
222	58 
223	65 
224	28 
225	9 
226	95 
227	55 
228	45 
229	58 
230	76 
231	18 
232	35 
233	58 
234	74 
235	88 
236	4 
237	39 
238	63 
239	5 
240	37 
241	1 
242	87 
243	67 
244	24 
245	73 
246	27 
247	38 
248	84 
249	65 
250	76 
251	10 
252	18 
253	84 
254	100 
255	49 
256	65 
257	52 
258	54 
259	74 
260	100 
261	99 
262	25 
263	42 
264	77 
265	30 
266	84 
267	14 
268	4 
269	5 
270	9 
271	69 
272	15 
273	18 
274	15 
275	49 
276	84 
277	83 
278	88 
279	2 
280	61 
281	64 
282	9 
283	61 
284	69 
285	11 
286	65 
287	12 
288	28 
289	81 
290	21 
291	11 
292	69 
293	67 
294	85 
295	30 
296	62 
297	65 
298	52 
299	45 
300	69 
301	11 
302	73 
303	69 
304	63 
305	5 
306	85 
307	26 
308	77 
309	20 
310	18 
311	76 
312	87 
313	78 
314	87 
315	77 
316	2 
317	59 
318	32 
319	76 
320	30 
321	40 
322	2 
323	1 
324	26 
325	3 
326	37 
327	58 
328	13 
329	71 
330	91 
331	54 
332	61 
333	88 
334	40 
335	86 
336	4 
337	47 
338	80 
339	20 
340	92 
341	62 
342	1 
343	37 
344	53 
345	66 
346	12 
347	17 
348	67 
349	26 
350	47 
351	60 
352	10 
353	92 
354	57 
355	44 
356	74 
357	80 
358	40 
359	37 
360	95 
361	86 
362	65 
363	58 
364	19 
365	49 
366	47 
367	20 
368	26 
369	97 
370	57 
371	21 
372	5 
373	75 
374	97 
375	66 
376	57 
377	18 
378	70 
379	47 
380	10 
381	91 
382	63 
383	27 
384	10 
385	95 
386	53 
387	14 
388	3 
389	5 
390	32 
391	45 
392	93 
393	86 
394	28 
395	69 
396	5 
397	28 
398	30 
399	15 
400	96 
401	76 
402	100 
403	70 
404	40 
405	35 
406	31 
407	90 
408	15 
409	97 
410	89 
411	13 
412	98 
413	45 
414	14 
415	82 
416	3 
417	65 
418	4 
419	63 
420	79 
421	84 
422	19 
423	40 
424	60 
425	19 
426	4 
427	56 
428	63 
429	50 
430	12 
431	64 
432	5 
433	51 
434	29 
435	44 
436	11 
437	13 
438	25 
439	62 
440	40 
441	1 
442	40 
443	29 
444	78 
445	36 
446	39 
447	80 
448	62 
449	26 
450	33 
451	14 
452	15 
453	3 
454	57 
455	78 
456	46 
457	66 
458	21 
459	92 
460	35 
461	63 
462	25 
463	15 
464	22 
465	92 
466	58 
467	86 
468	67 
469	32 
470	100 
471	67 
472	52 
473	50 
474	27 
475	17 
476	23 
477	57 
478	40 
479	52 
480	60 
481	67 
482	13 
483	23 
484	70 
485	90 
486	1 
487	42 
488	95 
489	84 
490	41 
491	8 
492	11 
493	81 
494	8 
495	34 
496	17 
497	47 
498	50 
499	91 
500	40 
501	54 
502	59 
503	53 
504	40 
505	15 
506	100 
507	76 
508	25 
509	72 
510	40 
511	67 
512	7 
513	52 
514	13 
515	24 
516	82 
517	84 
518	16 
519	82 
520	67 
521	49 
522	27 
523	44 
524	4 
525	59 
526	78 
527	11 
528	81 
529	80 
530	4 
531	56 
532	10 
533	83 
534	63 
535	15 
536	93 
537	66 
538	11 
539	4 
540	90 
541	79 
542	82 
543	18 
544	25 
545	66 
546	91 
547	6 
548	62 
549	93 
550	64 
551	61 
552	83 
553	56 
554	25 
555	66 
556	15 
557	42 
558	89 
559	38 
560	20 
561	28 
562	23 
563	22 
564	6 
565	9 
566	2 
567	30 
568	40 
569	68 
570	33 
571	13 
572	28 
573	100 
574	28 
575	86 
576	95 
577	62 
578	58 
579	6 
580	6 
581	28 
582	39 
583	94 
584	18 
585	66 
586	29 
587	56 
588	10 
589	75 
590	22 
591	18 
592	69 
593	88 
594	15 
595	59 
596	40 
597	58 
598	28 
599	52 
600	69 
601	65 
602	63 
603	88 
604	13 
605	57 
606	66 
607	42 
608	49 
609	93 
610	51 
611	70 
612	10 
613	90 
614	39 
615	85 
616	25 
617	18 
618	79 
619	47 
620	47 
621	28 
622	95 
623	33 
624	80 
625	26 
626	41 
627	85 
628	39 
629	67 
630	36 
631	2 
632	66 
633	18 
634	75 
635	22 
636	12 
637	97 
638	82 
639	79 
640	82 
641	5 
642	15 
643	52 
644	88 
645	95 
646	43 
647	61 
648	46 
649	47 
650	77 
651	30 
652	56 
653	28 
654	57 
655	17 
656	28 
657	51 
658	60 
659	49 
660	60 
661	37 
662	66 
663	57 
664	80 
665	54 
666	18 
667	29 
668	64 
669	36 
670	68 
671	52 
672	24 
673	77 
674	56 
675	86 
676	73 
677	12 
678	76 
679	99 
680	2 
681	13 
682	22 
683	20 
684	75 
685	69 
686	96 
687	26 
688	21 
689	20 
690	66 
691	28 
692	67 
693	32 
694	11 
695	88 
696	11 
697	80 
698	45 
699	41 
700	76 
701	37 
702	11 
703	61 
704	54 
705	96 
706	56 
707	39 
708	4 
709	25 
710	52 
711	78 
712	49 
713	22 
714	68 
715	14 
716	24 
717	51 
718	67 
719	95 
720	62 
721	1 
722	63 
723	100 
724	15 
725	13 
726	14 
727	10 
728	55 
729	50 
730	12 
731	41 
732	90 
733	13 
734	20 
735	73 
736	15 
737	10 
738	84 
739	34 
740	95 
741	76 
742	54 
743	80 
744	59 
745	100 
746	96 
747	55 
748	11 
749	99 
750	51 
751	100 
752	25 
753	60 
754	63 
755	88 
756	57 
757	91 
758	15 
759	59 
760	73 
761	23 
762	90 
763	62 
764	83 
765	90 
766	88 
767	23 
768	27 
769	70 
770	17 
771	63 
772	100 
773	83 
774	20 
775	32 
776	100 
777	72 
778	15 
779	97 
780	28 
781	4 
782	64 
783	22 
784	45 
785	93 
786	22 
787	17 
788	35 
789	65 
790	22 
791	28 
792	28 
793	56 
794	8 
795	56 
796	84 
797	26 
798	54 
799	78 
800	80 
801	82 
802	44 
803	23 
804	29 
805	60 
806	87 
807	47 
808	60 
809	27 
810	35 
811	41 
812	79 
813	56 
814	55 
815	92 
816	34 
817	67 
818	49 
819	64 
820	98 
821	18 
822	66 
823	22 
824	60 
825	79 
826	29 
827	91 
828	64 
829	30 
830	53 
831	10 
832	23 
833	86 
834	49 
835	5 
836	86 
837	26 
838	29 
839	88 
840	16 
841	61 
842	29 
843	82 
844	71 
845	69 
846	57 
847	67 
848	77 
849	68 
850	33 
851	90 
852	24 
853	70 
854	66 
855	58 
856	86 
857	61 
858	57 
859	3 
860	52 
861	63 
862	23 
863	14 
864	56 
865	19 
866	54 
867	14 
868	15 
869	47 
870	97 
871	23 
872	26 
873	11 
874	61 
875	44 
876	61 
877	65 
878	82 
879	74 
880	29 
881	14 
882	30 
883	30 
884	43 
885	39 
886	27 
887	84 
888	92 
889	82 
890	50 
891	10 
892	52 
893	64 
894	14 
895	100 
896	63 
897	14 
898	86 
899	79 
900	4 
901	76 
902	25 
903	11 
904	23 
905	15 
906	7 
907	77 
908	52 
909	30 
910	44 
911	10 
912	100 
913	60 
914	35 
915	52 
916	66 
917	46 
918	8 
919	39 
920	42 
921	59 
922	100 
923	26 
924	96 
925	67 
926	69 
927	66 
928	31 
929	90 
930	55 
931	18 
932	88 
933	76 
934	80 
935	22 
936	18 
937	40 
938	61 
939	38 
940	51 
941	10 
942	100 
943	80 
944	57 
945	85 
946	28 
947	27 
948	46 
949	75 
950	20 
951	3 
952	84 
953	11 
954	84 
955	58 
956	21 
957	44 
958	20 
959	29 
960	15 
961	97 
962	19 
963	83 
964	28 
965	56 
966	13 
967	45 
968	2 
969	95 
970	27 
971	40 
972	82 
973	92 
974	74 
975	5 
976	17 
977	95 
978	62 
979	81 
980	45 
981	3 
982	2 
983	84 
984	96 
985	4 
986	67 
987	77 
988	81 
989	4 
990	26 
991	89 
992	94 
993	14 
994	65 
995	83 
996	74 
997	82 
998	45 
999	99 
1000	97 
1001	46 
1002	82 
1003	72 
1004	20 
1005	31 
1006	57 
1007	14 
1008	3 
1009	4 
1010	97 
1011	79 
1012	11 
1013	51 
1014	48 
1015	58 
1016	100 
1017	8 
1018	57 
1019	79 
1020	5 
1021	83 
1022	3 
1023	95 
1024	67 
1025	97 
1026	27 
1027	82 
1028	4 
1029	25 
1030	37 
1031	100 
1032	24 
1033	14 
1034	77 
1035	52 
1036	75 
1037	88 
1038	66 
1039	54 
1040	56 
1041	9 
1042	61 
1043	25 
1044	54 
1045	47 
1046	19 
1047	54 
1048	18 
1049	3 
1050	52 
1051	56 
1052	64 
1053	23 
1054	84 
1055	38 
1056	4 
1057	1 
1058	92 
1059	81 
1060	22 
1061	24 
1062	7 
1063	54 
1064	95 
1065	5 
1066	82 
1067	97 
1068	23 
1069	13 
1070	71 
1071	4 
1072	21 
1073	97 
1074	50 
1075	97 
1076	52 
1077	13 
1078	60 
1079	100 
1080	25 
1081	31 
1082	43 
1083	17 
1084	42 
1085	2 
1086	3 
1087	67 
1088	49 
1089	4 
1090	62 
1091	100 
1092	13 
1093	86 
1094	84 
1095	13 
1096	7 
1097	49 
1098	4 
1099	17 
1100	15 
1101	90 
1102	28 
1103	31 
1104	15 
1105	95 
1106	37 
1107	88 
1108	61 
1109	16 
1110	90 
1111	15 
1112	66 
1113	21 
1114	34 
1115	16 
1116	67 
1117	51 
1118	62 
1119	31 
1120	79 
1121	37 
1122	100 
1123	77 
1124	89 
1125	61 
1126	54 
1127	97 
1128	80 
1129	3 
1130	1 
1131	28 
1132	66 
1133	11 
1134	42 
1135	57 
1136	14 
1137	4 
1138	40 
1139	95 
1140	77 
1141	72 
1142	48 
1143	14 
1144	6 
1145	51 
1146	14 
1147	20 
1148	61 
1149	62 
1150	64 
1151	30 
1152	13 
1153	12 
1154	3 
1155	24 
1156	75 
1157	6 
1158	58 
1159	95 
1160	80 
1161	90 
1162	44 
1163	48 
1164	84 
1165	44 
1166	82 
1167	37 
1168	46 
1169	69 
1170	100 
1171	62 
1172	37 
1173	90 
1174	97 
1175	62 
1176	49 
1177	34 
1178	19 
1179	36 
1180	95 
1181	66 
1182	57 
1183	27 
1184	66 
1185	81 
1186	90 
1187	82 
1188	53 
1189	73 
1190	40 
1191	40 
1192	92 
1193	61 
1194	95 
1195	55 
1196	66 
1197	10 
1198	54 
1199	23 
1200	39 
1201	37 
1202	56 
1203	9 
1204	9 
1205	100 
1206	37 
1207	97 
1208	64 
1209	11 
1210	5 
1211	36 
1212	57 
1213	46 
1214	1 
1215	13 
1216	93 
1217	86 
1218	68 
1219	60 
1220	28 
1221	79 
1222	15 
1223	32 
1224	9 
1225	65 
1226	50 
1227	61 
1228	3 
1229	24 
1230	55 
1231	96 
1232	67 
1233	6 
1234	47 
1235	24 
1236	8 
1237	63 
1238	15 
1239	100 
1240	15 
1241	63 
1242	4 
1243	49 
1244	81 
1245	13 
1246	20 
1247	11 
1248	39 
1249	32 
1250	16 
1251	4 
1252	52 
1253	52 
1254	56 
1255	52 
1256	13 
1257	80 
1258	100 
1259	15 
1260	29 
1261	97 
1262	49 
1263	66 
1264	47 
1265	96 
1266	16 
1267	35 
1268	67 
1269	52 
1270	79 
1271	9 
1272	41 
1273	25 
1274	15 
1275	52 
1276	62 
1277	78 
1278	49 
1279	45 
1280	80 
1281	70 
1282	98 
1283	35 
1284	82 
1285	39 
1286	80 
1287	2 
1288	22 
1289	85 
1290	12 
1291	73 
1292	10 
1293	10 
1294	42 
1295	91 
1296	56 
1297	100 
1298	76 
1299	60 
1300	97 
1301	3 
1302	70 
1303	31 
1304	30 
1305	23 
1306	66 
1307	49 
1308	36 
1309	61 
1310	29 
1311	8 
1312	76 
1313	98 
1314	35 
1315	29 
1316	39 
1317	81 
1318	37 
1319	65 
1320	47 
1321	16 
1322	26 
1323	10 
1324	3 
1325	2 
1326	43 
1327	98 
1328	19 
1329	100 
1330	19 
1331	24 
1332	17 
1333	97 
1334	51 
1335	19 
1336	46 
1337	56 
1338	25 
1339	20 
1340	67 
1341	5 
1342	44 
1343	98 
1344	91 
1345	28 
1346	30 
1347	29 
1348	69 
1349	21 
1350	66 
1351	33 
1352	85 
1353	32 
1354	61 
1355	40 
1356	22 
1357	84 
1358	44 
1359	86 
1360	26 
1361	23 
1362	52 
1363	58 
1364	73 
1365	49 
1366	72 
1367	71 
1368	32 
1369	41 
1370	39 
1371	66 
1372	97 
1373	44 
1374	45 
1375	42 
1376	97 
1377	58 
1378	23 
1379	16 
1380	46 
1381	66 
1382	88 
1383	57 
1384	81 
1385	65 
1386	61 
1387	66 
1388	17 
1389	10 
1390	100 
1391	49 
1392	40 
1393	24 
1394	61 
1395	85 
1396	23 
1397	89 
1398	92 
1399	87 
1400	32 
1401	67 
1402	77 
1403	98 
1404	20 
1405	61 
1406	57 
1407	79 
1408	46 
1409	10 
1410	23 
1411	99 
1412	24 
1413	69 
1414	20 
1415	28 
1416	26 
1417	37 
1418	63 
1419	51 
1420	25 
1421	53 
1422	96 
1423	40 
1424	100 
1425	12 
1426	67 
1427	77 
1428	40 
1429	59 
1430	84 
1431	43 
1432	62 
1433	41 
1434	26 
1435	97 
1436	7 
1437	74 
1438	60 
1439	58 
1440	20 
1441	38 
1442	70 
1443	98 
1444	53 
1445	97 
1446	91 
1447	40 
1448	80 
1449	19 
1450	86 
1451	90 
1452	96 
1453	23 
1454	62 
1455	56 
1456	98 
1457	52 
1458	100 
1459	14 
1460	65 
1461	92 
1462	15 
1463	20 
1464	29 
1465	43 
1466	62 
1467	37 
1468	14 
1469	11 
1470	86 
1471	7 
1472	66 
1473	10 
1474	97 
1475	4 
1476	97 
1477	56 
1478	65 
1479	13 
1480	90 
1481	41 
1482	42 
1483	22 
1484	5 
1485	40 
1486	88 
1487	99 
1488	1 
1489	69 
1490	71 
1491	86 
1492	95 
1493	52 
1494	99 
1495	66 
1496	48 
1497	42 
1498	34 
1499	90 
1500	42 
1501	10 
1502	12 
1503	29 
1504	34 
1505	2 
1506	84 
1507	69 
1508	82 
1509	86 
1510	37 
1511	22 
1512	60 
1513	4 
1514	77 
1515	13 
1516	91 
1517	65 
1518	3 
1519	14 
1520	41 
1521	2 
1522	37 
1523	69 
1524	37 
1525	99 
1526	70 
1527	58 
1528	69 
1529	25 
1530	1 
1531	97 
1532	82 
1533	14 
1534	50 
1535	65 
1536	26 
1537	76 
1538	12 
1539	79 
1540	14 
1541	97 
1542	22 
1543	21 
1544	21 
1545	76 
1546	62 
1547	47 
1548	83 
1549	13 
1550	25 
1551	66 
1552	49 
1553	13 
1554	78 
1555	25 
1556	30 
1557	58 
1558	84 
1559	52 
1560	96 
1561	92 
1562	27 
1563	95 
1564	49 
1565	82 
1566	86 
1567	69 
1568	61 
1569	3 
1570	52 
1571	75 
1572	4 
1573	23 
1574	84 
1575	73 
1576	18 
1577	5 
1578	12 
1579	27 
1580	10 
1581	73 
1582	24 
1583	37 
1584	25 
1585	34 
1586	27 
1587	95 
1588	86 
1589	13 
1590	61 
1591	61 
1592	16 
1593	66 
1594	67 
1595	2 
1596	74 
1597	23 
1598	70 
1599	20 
1600	39 
1601	74 
1602	69 
1603	41 
1604	84 
1605	15 
1606	2 
1607	67 
1608	97 
1609	52 
1610	80 
1611	7 
1612	40 
1613	49 
1614	86 
1615	40 
1616	100 
1617	83 
1618	10 
1619	85 
1620	95 
1621	53 
1622	25 
1623	7 
1624	76 
1625	100 
1626	19 
1627	11 
1628	6 
1629	100 
1630	44 
1631	60 
1632	25 
1633	11 
1634	17 
1635	10 
1636	24 
1637	98 
1638	18 
1639	52 
1640	71 
1641	44 
1642	22 
1643	6 
1644	40 
1645	68 
1646	8 
1647	23 
1648	51 
1649	86 
1650	19 
1651	36 
1652	9 
1653	88 
1654	6 
1655	9 
1656	10 
1657	41 
1658	8 
1659	15 
1660	98 
1661	32 
1662	52 
1663	27 
1664	100 
1665	12 
1666	71 
1667	77 
1668	30 
1669	22 
1670	98 
1671	79 
1672	2 
1673	100 
1674	94 
1675	4 
1676	26 
1677	88 
1678	25 
1679	19 
1680	11 
1681	11 
1682	24 
1683	47 
1684	46 
1685	73 
1686	29 
1687	97 
1688	53 
1689	77 
1690	30 
1691	46 
1692	88 
1693	75 
1694	27 
1695	87 
1696	49 
1697	33 
1698	45 
1699	52 
1700	56 
1701	30 
1702	52 
1703	20 
1704	95 
1705	58 
1706	57 
1707	60 
1708	34 
1709	21 
1710	65 
1711	88 
1712	32 
1713	95 
1714	57 
1715	57 
1716	94 
1717	8 
1718	28 
1719	53 
1720	67 
1721	55 
1722	19 
1723	70 
1724	2 
1725	51 
1726	79 
1727	89 
1728	81 
1729	3 
1730	69 
1731	56 
1732	3 
1733	50 
1734	92 
1735	9 
1736	49 
1737	24 
1738	10 
1739	67 
1740	65 
1741	95 
1742	92 
1743	66 
1744	29 
1745	20 
1746	61 
1747	52 
1748	30 
1749	67 
1750	19 
1751	10 
1752	74 
1753	66 
1754	96 
1755	10 
1756	18 
1757	40 
1758	20 
1759	17 
1760	80 
1761	69 
1762	59 
1763	37 
1764	46 
1765	40 
1766	80 
1767	92 
1768	62 
1769	66 
1770	19 
1771	79 
1772	98 
1773	61 
1774	11 
1775	57 
1776	59 
1777	26 
1778	28 
1779	45 
1780	57 
1781	80 
1782	60 
1783	61 
1784	15 
1785	58 
1786	60 
1787	32 
1788	19 
1789	23 
1790	19 
1791	10 
1792	26 
1793	37 
1794	67 
1795	70 
1796	96 
1797	23 
1798	61 
1799	22 
1800	81 
1801	8 
1802	54 
1803	13 
1804	90 
1805	67 
1806	4 
1807	42 
1808	70 
1809	61 
1810	30 
1811	62 
1812	33 
1813	53 
1814	23 
1815	99 
1816	20 
1817	90 
1818	67 
1819	53 
1820	97 
1821	23 
1822	50 
1823	25 
1824	50 
1825	2 
1826	54 
1827	99 
1828	23 
1829	96 
1830	44 
1831	4 
1832	71 
1833	28 
1834	28 
1835	52 
1836	56 
1837	13 
1838	70 
1839	3 
1840	28 
1841	50 
1842	8 
1843	3 
1844	44 
1845	94 
1846	92 
1847	20 
1848	65 
1849	62 
1850	92 
1851	15 
1852	66 
1853	97 
1854	96 
1855	53 
1856	11 
1857	35 
1858	52 
1859	88 
1860	82 
1861	37 
1862	11 
1863	25 
1864	29 
1865	98 
1866	100 
1867	59 
1868	61 
1869	15 
1870	84 
1871	69 
1872	92 
1873	86 
1874	13 
1875	49 
1876	1 
1877	9 
1878	10 
1879	28 
1880	6 
1881	20 
1882	66 
1883	28 
1884	82 
1885	60 
1886	38 
1887	19 
1888	62 
1889	9 
1890	29 
1891	4 
1892	79 
1893	16 
1894	68 
1895	35 
1896	79 
1897	74 
1898	58 
1899	4 
1900	97 
1901	100 
1902	65 
1903	28 
1904	23 
1905	25 
1906	65 
1907	15 
1908	54 
1909	5 
1910	13 
1911	39 
1912	11 
1913	2 
1914	17 
1915	22 
1916	87 
1917	97 
1918	58 
1919	66 
1920	80 
1921	60 
1922	63 
1923	19 
1924	71 
1925	57 
1926	18 
1927	60 
1928	67 
1929	25 
1930	71 
1931	94 
1932	68 
1933	42 
1934	66 
1935	56 
1936	100 
1937	71 
1938	83 
1939	3 
1940	46 
1941	75 
1942	46 
1943	11 
1944	76 
1945	61 
1946	100 
1947	22 
1948	97 
1949	19 
1950	84 
1951	19 
1952	44 
1953	88 
1954	81 
1955	55 
1956	58 
1957	3 
1958	30 
1959	61 
1960	45 
1961	80 
1962	11 
1963	10 
1964	56 
1965	80 
1966	33 
1967	50 
1968	1 
1969	25 
1970	95 
1971	53 
1972	91 
1973	78 
1974	37 
1975	70 
1976	61 
1977	56 
1978	84 
1979	91 
1980	83 
1981	80 
1982	50 
1983	65 
1984	65 
1985	56 
1986	72 
1987	30 
1988	91 
1989	47 
1990	6 
1991	14 
1992	28 
1993	80 
1994	18 
1995	6 
1996	100 
1997	26 
1998	61 
1999	43 
2000	39 
2001	100 
2002	72 
2003	68 
2004	62 
2005	18 
2006	27 
2007	70 
2008	30 
2009	44 
2010	92 
2011	44 
2012	98 
2013	2 
2014	65 
2015	66 
2016	3 
2017	70 
2018	70 
2019	30 
2020	27 
2021	6 
2022	5 
2023	17 
2024	23 
2025	35 
2026	72 
2027	33 
2028	59 
2029	97 
2030	9 
2031	31 
2032	88 
2033	24 
2034	32 
2035	81 
2036	21 
2037	97 
2038	42 
2039	4 
2040	19 
2041	6 
2042	91 
2043	40 
2044	40 
2045	71 
2046	34 
2047	49 
2048	54 
2049	46 
2050	91 
2051	12 
2052	64 
2053	23 
2054	73 
2055	27 
2056	16 
2057	46 
2058	52 
2059	83 
2060	62 
2061	51 
2062	23 
2063	26 
2064	79 
2065	42 
2066	90 
2067	21 
2068	75 
2069	29 
2070	82 
2071	14 
2072	36 
2073	56 
2074	40 
2075	54 
2076	1 
2077	50 
2078	32 
2079	10 
2080	53 
2081	91 
2082	90 
2083	30 
2084	4 
2085	100 
2086	28 
2087	52 
2088	99 
2089	91 
2090	10 
2091	22 
2092	23 
2093	15 
2094	57 
2095	80 
2096	4 
2097	19 
2098	11 
2099	86 
2100	86 
2101	3 
2102	67 
2103	65 
2104	29 
2105	86 
2106	19 
2107	6 
2108	61 
2109	7 
2110	24 
2111	75 
2112	50 
2113	42 
2114	67 
2115	89 
2116	69 
2117	58 
2118	82 
2119	56 
2120	95 
2121	23 
2122	51 
2123	57 
2124	87 
2125	40 
2126	70 
2127	27 
2128	54 
2129	57 
2130	96 
2131	11 
2132	89 
2133	59 
2134	1 
2135	37 
2136	36 
2137	19 
2138	73 
2139	81 
2140	69 
2141	73 
2142	79 
2143	66 
2144	11 
2145	22 
2146	19 
2147	27 
2148	19 
2149	26 
2150	7 
2151	54 
2152	48 
2153	98 
2154	94 
2155	35 
2156	10 
2157	15 
2158	95 
2159	40 
2160	52 
2161	66 
2162	69 
2163	26 
2164	68 
2165	20 
2166	81 
2167	85 
2168	69 
2169	57 
2170	28 
2171	95 
2172	58 
2173	13 
2174	11 
2175	64 
2176	73 
2177	18 
2178	89 
2179	45 
2180	43 
2181	73 
2182	52 
2183	2 
2184	66 
2185	41 
2186	79 
2187	25 
2188	79 
2189	25 
2190	19 
2191	86 
2192	65 
2193	78 
2194	63 
2195	60 
2196	69 
2197	63 
2198	80 
2199	15 
2200	47 
2201	43 
2202	57 
2203	57 
2204	50 
2205	97 
2206	39 
2207	19 
2208	54 
2209	4 
2210	23 
2211	18 
2212	49 
2213	10 
2214	65 
2215	44 
2216	63 
2217	44 
2218	47 
2219	28 
2220	20 
2221	31 
2222	38 
2223	16 
2224	57 
2225	9 
2226	47 
2227	29 
2228	43 
2229	88 
2230	77 
2231	66 
2232	62 
2233	94 
2234	76 
2235	16 
2236	76 
2237	53 
2238	46 
2239	57 
2240	61 
2241	100 
2242	10 
2243	41 
2244	89 
2245	30 
2246	81 
2247	54 
2248	94 
2249	78 
2250	52 
2251	63 
2252	84 
2253	55 
2254	98 
2255	28 
2256	67 
2257	25 
2258	83 
2259	66 
2260	4 
2261	69 
2262	23 
2263	67 
2264	2 
2265	22 
2266	56 
2267	98 
2268	27 
2269	57 
2270	49 
2271	56 
2272	64 
2273	36 
2274	60 
2275	86 
2276	67 
2277	27 
2278	18 
2279	14 
2280	16 
2281	45 
2282	54 
2283	83 
2284	95 
2285	17 
2286	10 
2287	14 
2288	75 
2289	39 
2290	70 
2291	82 
2292	66 
2293	34 
2294	11 
2295	51 
2296	9 
2297	20 
2298	90 
2299	56 
2300	52 
2301	76 
2302	56 
2303	12 
2304	27 
2305	18 
2306	56 
2307	20 
2308	55 
2309	4 
2310	57 
2311	48 
2312	90 
2313	4 
2314	19 
2315	56 
2316	97 
2317	39 
2318	70 
2319	82 
2320	67 
2321	44 
2322	6 
2323	79 
2324	33 
2325	29 
2326	71 
2327	53 
2328	52 
2329	2 
2330	34 
2331	57 
2332	59 
2333	40 
2334	39 
2335	36 
2336	4 
2337	83 
2338	23 
2339	62 
2340	56 
2341	4 
2342	36 
2343	57 
2344	4 
2345	12 
2346	27 
2347	55 
2348	71 
2349	36 
2350	25 
2351	15 
2352	23 
2353	57 
2354	47 
2355	14 
2356	10 
2357	40 
2358	79 
2359	22 
2360	74 
2361	70 
2362	93 
2363	20 
2364	76 
2365	17 
2366	37 
2367	55 
2368	37 
2369	54 
2370	90 
2371	20 
2372	12 
2373	26 
2374	69 
2375	73 
2376	92 
2377	86 
2378	4 
2379	14 
2380	41 
2381	25 
2382	79 
2383	51 
2384	49 
2385	28 
2386	32 
2387	67 
2388	85 
2389	59 
2390	4 
2391	91 
2392	84 
2393	16 
2394	73 
2395	97 
2396	77 
2397	44 
2398	3 
2399	41 
2400	4 
2401	27 
2402	37 
2403	82 
2404	84 
2405	49 
2406	34 
2407	19 
2408	65 
2409	99 
2410	15 
2411	7 
2412	55 
2413	14 
2414	61 
2415	38 
2416	22 
2417	42 
2418	25 
2419	88 
2420	54 
2421	70 
2422	6 
2423	36 
2424	57 
2425	99 
2426	50 
2427	51 
2428	77 
2429	57 
2430	47 
2431	37 
2432	86 
2433	86 
2434	5 
2435	26 
2436	96 
2437	12 
2438	25 
2439	66 
2440	67 
2441	97 
2442	95 
2443	92 
2444	30 
2445	25 
2446	1 
2447	66 
2448	57 
2449	57 
2450	37 
2451	75 
2452	15 
2453	22 
2454	84 
2455	2 
2456	85 
2457	10 
2458	11 
2459	97 
2460	26 
2461	8 
2462	38 
2463	47 
2464	98 
2465	85 
2466	22 
2467	57 
2468	14 
2469	46 
2470	19 
2471	45 
2472	32 
2473	10 
2474	76 
2475	28 
2476	100 
2477	44 
2478	4 
2479	39 
2480	96 
2481	41 
2482	88 
2483	82 
2484	56 
2485	92 
2486	57 
2487	84 
2488	2 
2489	61 
2490	74 
2491	84 
2492	29 
2493	46 
2494	3 
2495	16 
2496	69 
2497	23 
2498	60 
2499	100 
2500	50 
2501	58 
2502	20 
2503	63 
2504	28 
2505	100 
2506	89 
2507	14 
2508	4 
2509	53 
2510	14 
2511	71 
2512	67 
2513	22 
2514	62 
2515	10 
2516	89 
2517	86 
2518	54 
2519	13 
2520	82 
2521	87 
2522	87 
2523	40 
2524	55 
2525	90 
2526	28 
2527	60 
2528	69 
2529	31 
2530	22 
2531	83 
2532	29 
2533	28 
2534	59 
2535	11 
2536	16 
2537	70 
2538	80 
2539	69 
2540	52 
2541	97 
2542	15 
2543	100 
2544	57 
2545	12 
2546	63 
2547	88 
2548	82 
2549	97 
2550	1 
2551	27 
2552	52 
2553	70 
2554	76 
2555	71 
2556	58 
2557	61 
2558	71 
2559	94 
2560	37 
2561	69 
2562	4 
2563	76 
2564	98 
2565	26 
2566	95 
2567	100 
2568	63 
2569	97 
2570	51 
2571	82 
2572	66 
2573	65 
2574	69 
2575	62 
2576	25 
2577	83 
2578	100 
2579	69 
2580	65 
2581	92 
2582	39 
2583	14 
2584	13 
2585	64 
2586	64 
2587	65 
2588	57 
2589	65 
2590	27 
2591	1 
2592	61 
2593	9 
2594	100 
2595	54 
2596	90 
2597	13 
2598	53 
2599	4 
2600	38 
2601	80 
2602	12 
2603	35 
2604	62 
2605	68 
2606	40 
2607	69 
2608	56 
2609	90 
2610	5 
2611	48 
2612	77 
2613	32 
2614	99 
2615	62 
2616	49 
2617	84 
2618	95 
2619	1 
2620	57 
2621	9 
2622	72 
2623	15 
2624	17 
2625	40 
2626	79 
2627	15 
2628	84 
2629	72 
2630	83 
2631	65 
2632	88 
2633	92 
2634	40 
2635	35 
2636	74 
2637	61 
2638	14 
2639	56 
2640	48 
2641	1 
2642	95 
2643	95 
2644	15 
2645	26 
2646	82 
2647	28 
2648	12 
2649	2 
2650	69 
2651	47 
2652	90 
2653	100 
2654	7 
2655	76 
2656	66 
2657	28 
2658	82 
2659	54 
2660	55 
2661	63 
2662	60 
2663	79 
2664	60 
2665	93 
2666	98 
2667	50 
2668	40 
2669	47 
2670	54 
2671	82 
2672	27 
2673	93 
2674	62 
2675	44 
2676	4 
2677	63 
2678	62 
2679	3 
2680	88 
2681	40 
2682	71 
2683	88 
2684	47 
2685	96 
2686	61 
2687	29 
2688	41 
2689	44 
2690	15 
2691	64 
2692	61 
2693	61 
2694	69 
2695	33 
2696	67 
2697	90 
2698	29 
2699	14 
2700	68 
2701	93 
2702	64 
2703	22 
2704	18 
2705	5 
2706	87 
2707	13 
2708	32 
2709	62 
2710	16 
2711	25 
2712	43 
2713	66 
2714	31 
2715	10 
2716	97 
2717	1 
2718	70 
2719	69 
2720	97 
2721	84 
2722	69 
2723	56 
2724	9 
2725	19 
2726	30 
2727	81 
2728	67 
2729	25 
2730	40 
2731	10 
2732	15 
2733	99 
2734	47 
2735	51 
2736	62 
2737	77 
2738	11 
2739	86 
2740	1 
2741	57 
2742	97 
2743	61 
2744	86 
2745	13 
2746	45 
2747	85 
2748	15 
2749	16 
2750	4 
2751	14 
2752	11 
2753	82 
2754	63 
2755	82 
2756	29 
2757	88 
2758	2 
2759	76 
2760	30 
2761	99 
2762	7 
2763	50 
2764	65 
2765	61 
2766	63 
2767	67 
2768	24 
2769	85 
2770	11 
2771	62 
2772	63 
2773	81 
2774	71 
2775	4 
2776	70 
2777	82 
2778	61 
2779	53 
2780	66 
2781	57 
2782	63 
2783	96 
2784	6 
2785	87 
2786	86 
2787	43 
2788	22 
2789	88 
2790	35 
2791	62 
2792	37 
2793	77 
2794	34 
2795	69 
2796	56 
2797	76 
2798	40 
2799	62 
2800	71 
2801	90 
2802	47 
2803	28 
2804	21 
2805	31 
2806	62 
2807	34 
2808	84 
2809	92 
2810	13 
2811	57 
2812	34 
2813	25 
2814	12 
2815	97 
2816	19 
2817	39 
2818	62 
2819	95 
2820	9 
2821	2 
2822	81 
2823	54 
2824	6 
2825	3 
2826	100 
2827	8 
2828	66 
2829	47 
2830	14 
2831	9 
2832	68 
2833	19 
2834	85 
2835	68 
2836	20 
2837	83 
2838	35 
2839	94 
2840	5 
2841	24 
2842	96 
2843	64 
2844	13 
2845	57 
2846	37 
2847	40 
2848	92 
2849	57 
2850	82 
2851	59 
2852	45 
2853	7 
2854	4 
2855	20 
2856	2 
2857	54 
2858	68 
2859	100 
2860	8 
2861	70 
2862	92 
2863	63 
2864	23 
2865	10 
2866	75 
2867	25 
2868	97 
2869	72 
2870	65 
2871	57 
2872	88 
2873	88 
2874	29 
2875	41 
2876	82 
2877	50 
2878	71 
2879	68 
2880	92 
2881	98 
2882	51 
2883	72 
2884	60 
2885	19 
2886	26 
2887	41 
2888	30 
2889	42 
2890	97 
2891	3 
2892	80 
2893	25 
2894	80 
2895	99 
2896	57 
2897	72 
2898	48 
2899	25 
2900	67 
2901	18 
2902	10 
2903	15 
2904	57 
2905	88 
2906	73 
2907	2 
2908	13 
2909	45 
2910	60 
2911	29 
2912	44 
2913	79 
2914	96 
2915	55 
2916	97 
2917	45 
2918	93 
2919	67 
2920	93 
2921	20 
2922	92 
2923	52 
2924	40 
2925	15 
2926	45 
2927	49 
2928	28 
2929	57 
2930	16 
2931	51 
2932	17 
2933	14 
2934	60 
2935	90 
2936	80 
2937	55 
2938	90 
2939	6 
2940	20 
2941	34 
2942	41 
2943	29 
2944	84 
2945	61 
2946	67 
2947	1 
2948	61 
2949	46 
2950	25 
2951	66 
2952	4 
2953	65 
2954	60 
2955	49 
2956	52 
2957	86 
2958	60 
2959	35 
2960	18 
2961	70 
2962	46 
2963	29 
2964	15 
2965	37 
2966	39 
2967	82 
2968	70 
2969	64 
2970	78 
2971	69 
2972	86 
2973	92 
2974	10 
2975	43 
2976	80 
2977	25 
2978	8 
2979	56 
2980	23 
2981	90 
2982	14 
2983	61 
2984	87 
2985	39 
2986	69 
2987	40 
2988	25 
2989	94 
2990	84 
2991	56 
2992	58 
2993	23 
2994	86 
2995	52 
2996	27 
2997	4 
2998	27 
2999	95 
3000	75 
3001	25 
3002	23 
3003	65 
3004	42 
3005	13 
3006	97 
3007	56 
3008	61 
3009	12 
3010	57 
3011	96 
3012	37 
3013	55 
3014	16 
3015	49 
3016	27 
3017	58 
3018	49 
3019	90 
3020	11 
3021	28 
3022	84 
3023	52 
3024	57 
3025	37 
3026	91 
3027	86 
3028	39 
3029	22 
3030	93 
3031	28 
3032	24 
3033	58 
3034	29 
3035	42 
3036	15 
3037	49 
3038	27 
3039	37 
3040	52 
3041	26 
3042	88 
3043	79 
3044	92 
3045	23 
3046	100 
3047	95 
3048	22 
3049	43 
3050	94 
3051	95 
3052	94 
3053	96 
3054	49 
3055	10 
3056	83 
3057	95 
3058	65 
3059	54 
3060	13 
3061	56 
3062	4 
3063	58 
3064	62 
3065	28 
3066	37 
3067	40 
3068	43 
3069	28 
3070	49 
3071	43 
3072	4 
3073	15 
3074	79 
3075	49 
3076	47 
3077	82 
3078	31 
3079	40 
3080	69 
3081	61 
3082	25 
3083	15 
3084	97 
3085	45 
3086	24 
3087	83 
3088	95 
3089	73 
3090	72 
3091	44 
3092	66 
3093	79 
3094	80 
3095	65 
3096	46 
3097	26 
3098	6 
3099	52 
3100	37 
3101	17 
3102	69 
3103	85 
3104	57 
3105	66 
3106	40 
3107	61 
3108	82 
3109	12 
3110	90 
3111	90 
3112	52 
3113	89 
3114	26 
3115	42 
3116	18 
3117	16 
3118	84 
3119	10 
3120	3 
3121	52 
3122	2 
3123	8 
3124	62 
3125	63 
3126	66 
3127	68 
3128	97 
3129	95 
3130	62 
3131	9 
3132	54 
3133	74 
3134	18 
3135	66 
3136	50 
3137	28 
3138	39 
3139	40 
3140	12 
3141	3 
3142	57 
3143	29 
3144	85 
3145	3 
3146	100 
3147	46 
3148	41 
3149	31 
3150	66 
3151	49 
3152	37 
3153	79 
3154	5 
3155	56 
3156	60 
3157	63 
3158	88 
3159	95 
3160	84 
3161	88 
3162	95 
3163	100 
3164	12 
3165	49 
3166	64 
3167	73 
3168	49 
3169	55 
3170	94 
3171	13 
3172	75 
3173	71 
3174	81 
3175	12 
3176	1 
3177	92 
3178	49 
3179	10 
3180	84 
3181	65 
3182	89 
3183	76 
3184	8 
3185	69 
3186	28 
3187	62 
3188	48 
3189	29 
3190	71 
3191	61 
3192	43 
3193	52 
3194	37 
3195	32 
3196	33 
3197	18 
3198	47 
3199	95 
3200	23 
3201	29 
3202	69 
3203	15 
3204	69 
3205	46 
3206	30 
3207	65 
3208	95 
3209	41 
3210	89 
3211	100 
3212	34 
3213	20 
3214	20 
3215	54 
3216	19 
3217	88 
3218	65 
3219	55 
3220	9 
3221	49 
3222	72 
3223	86 
3224	66 
3225	28 
3226	56 
3227	84 
3228	1 
3229	30 
3230	28 
3231	53 
3232	15 
3233	37 
3234	75 
3235	22 
3236	17 
3237	62 
3238	22 
3239	96 
3240	36 
3241	97 
3242	20 
3243	100 
3244	8 
3245	34 
3246	98 
3247	42 
3248	72 
3249	57 
3250	91 
3251	75 
3252	46 
3253	84 
3254	56 
3255	47 
3256	43 
3257	25 
3258	97 
3259	29 
3260	25 
3261	20 
3262	41 
3263	18 
3264	47 
3265	3 
3266	49 
3267	97 
3268	11 
3269	76 
3270	54 
3271	66 
3272	43 
3273	12 
3274	23 
3275	62 
3276	79 
3277	67 
3278	62 
3279	53 
3280	42 
3281	31 
3282	28 
3283	67 
3284	64 
3285	97 
3286	56 
3287	73 
3288	16 
3289	98 
3290	72 
3291	59 
3292	100 
3293	52 
3294	82 
3295	76 
3296	44 
3297	12 
3298	53 
3299	9 
3300	97 
3301	54 
3302	18 
3303	15 
3304	51 
3305	21 
3306	82 
3307	71 
3308	83 
3309	61 
3310	28 
3311	66 
3312	13 
3313	65 
3314	18 
3315	47 
3316	67 
3317	65 
3318	20 
3319	51 
3320	20 
3321	13 
3322	71 
3323	79 
3324	97 
3325	58 
3326	71 
3327	51 
3328	4 
3329	42 
3330	48 
3331	50 
3332	67 
3333	67 
3334	20 
3335	37 
3336	46 
3337	14 
3338	94 
3339	95 
3340	88 
3341	32 
3342	87 
3343	50 
3344	84 
3345	19 
3346	11 
3347	45 
3348	24 
3349	84 
3350	95 
3351	97 
3352	77 
3353	25 
3354	8 
3355	40 
3356	33 
3357	83 
3358	69 
3359	19 
3360	84 
3361	54 
3362	20 
3363	47 
3364	90 
3365	83 
3366	61 
3367	3 
3368	95 
3369	17 
3370	45 
3371	64 
3372	25 
3373	23 
3374	56 
3375	25 
3376	31 
3377	96 
3378	62 
3379	22 
3380	12 
3381	80 
3382	46 
3383	57 
3384	57 
3385	14 
3386	92 
3387	24 
3388	80 
3389	72 
3390	100 
3391	54 
3392	23 
3393	92 
3394	8 
3395	9 
3396	69 
3397	97 
3398	80 
3399	21 
3400	43 
3401	65 
3402	10 
3403	74 
3404	88 
3405	94 
3406	98 
3407	76 
3408	66 
3409	75 
3410	63 
3411	51 
3412	53 
3413	37 
3414	55 
3415	49 
3416	19 
3417	58 
3418	11 
3419	95 
3420	40 
3421	80 
3422	6 
3423	21 
3424	11 
3425	28 
3426	63 
3427	88 
3428	42 
3429	47 
3430	83 
3431	60 
3432	88 
3433	24 
3434	4 
3435	12 
3436	76 
3437	96 
3438	18 
3439	69 
3440	28 
3441	15 
3442	46 
3443	22 
3444	23 
3445	82 
3446	94 
3447	82 
3448	84 
3449	84 
3450	45 
3451	82 
3452	15 
3453	49 
3454	41 
3455	7 
3456	87 
3457	56 
3458	27 
3459	38 
3460	11 
3461	55 
3462	17 
3463	49 
3464	11 
3465	37 
3466	10 
3467	4 
3468	66 
3469	70 
3470	12 
3471	97 
3472	62 
3473	61 
3474	10 
3475	76 
3476	11 
3477	70 
3478	57 
3479	88 
3480	42 
3481	54 
3482	46 
3483	10 
3484	87 
3485	25 
3486	26 
3487	61 
3488	52 
3489	52 
3490	8 
3491	36 
3492	65 
3493	53 
3494	80 
3495	6 
3496	20 
3497	67 
3498	90 
3499	52 
3500	67 
3501	58 
3502	71 
3503	72 
3504	100 
3505	69 
3506	60 
3507	87 
3508	57 
3509	23 
3510	23 
3511	59 
3512	10 
3513	7 
3514	95 
3515	20 
3516	89 
3517	6 
3518	98 
3519	34 
3520	86 
3521	3 
3522	79 
3523	14 
3524	23 
3525	96 
3526	10 
3527	30 
3528	46 
3529	40 
3530	16 
3531	24 
3532	84 
3533	72 
3534	10 
3535	42 
3536	49 
3537	97 
3538	44 
3539	82 
3540	10 
3541	2 
3542	90 
3543	95 
3544	77 
3545	61 
3546	58 
3547	56 
3548	97 
3549	30 
3550	100 
3551	17 
3552	3 
3553	12 
3554	51 
3555	8 
3556	66 
3557	11 
3558	49 
3559	28 
3560	60 
3561	26 
3562	66 
3563	15 
3564	52 
3565	67 
3566	56 
3567	2 
3568	40 
3569	23 
3570	22 
3571	34 
3572	29 
3573	3 
3574	33 
3575	93 
3576	37 
3577	2 
3578	96 
3579	71 
3580	84 
3581	40 
3582	69 
3583	49 
3584	95 
3585	25 
3586	40 
3587	11 
3588	55 
3589	90 
3590	3 
3591	100 
3592	66 
3593	7 
3594	91 
3595	33 
3596	15 
3597	67 
3598	61 
3599	15 
3600	69 
3601	94 
3602	29 
3603	100 
3604	84 
3605	18 
3606	65 
3607	42 
3608	12 
3609	45 
3610	29 
3611	65 
3612	28 
3613	4 
3614	21 
3615	90 
3616	2 
3617	78 
3618	13 
3619	79 
3620	58 
3621	16 
3622	76 
3623	17 
3624	2 
3625	61 
3626	85 
3627	61 
3628	46 
3629	67 
3630	62 
3631	11 
3632	5 
3633	52 
3634	63 
3635	23 
3636	48 
3637	82 
3638	57 
3639	36 
3640	64 
3641	67 
3642	94 
3643	10 
3644	64 
3645	21 
3646	58 
3647	28 
3648	87 
3649	45 
3650	6 
3651	60 
3652	27 
3653	64 
3654	87 
3655	57 
3656	23 
3657	59 
3658	10 
3659	13 
3660	66 
3661	13 
3662	18 
3663	46 
3664	14 
3665	29 
3666	65 
3667	3 
3668	61 
3669	97 
3670	2 
3671	50 
3672	84 
3673	64 
3674	95 
3675	28 
3676	10 
3677	12 
3678	10 
3679	17 
3680	20 
3681	93 
3682	28 
3683	56 
3684	78 
3685	25 
3686	65 
3687	19 
3688	60 
3689	69 
3690	4 
3691	86 
3692	57 
3693	92 
3694	98 
3695	80 
3696	74 
3697	65 
3698	52 
3699	2 
3700	100 
3701	5 
3702	16 
3703	91 
3704	71 
3705	57 
3706	52 
3707	58 
3708	52 
3709	96 
3710	8 
3711	23 
3712	84 
3713	3 
3714	42 
3715	66 
3716	4 
3717	63 
3718	58 
3719	62 
3720	15 
3721	69 
3722	92 
3723	22 
3724	35 
3725	3 
3726	71 
3727	4 
3728	97 
3729	68 
3730	24 
3731	90 
3732	73 
3733	1 
3734	9 
3735	97 
3736	40 
3737	62 
3738	25 
3739	23 
3740	100 
3741	4 
3742	46 
3743	17 
3744	51 
3745	50 
3746	19 
3747	95 
3748	71 
3749	97 
3750	49 
3751	25 
3752	23 
3753	65 
3754	2 
3755	37 
3756	52 
3757	61 
3758	18 
3759	84 
3760	18 
3761	23 
3762	52 
3763	49 
3764	100 
3765	100 
3766	53 
3767	2 
3768	24 
3769	18 
3770	69 
3771	7 
3772	46 
3773	60 
3774	67 
3775	84 
3776	15 
3777	14 
3778	73 
3779	48 
3780	75 
3781	26 
3782	64 
3783	10 
3784	88 
3785	27 
3786	71 
3787	79 
3788	55 
3789	2 
3790	68 
3791	11 
3792	56 
3793	67 
3794	86 
3795	74 
3796	50 
3797	62 
3798	10 
3799	49 
3800	36 
3801	57 
3802	10 
3803	10 
3804	89 
3805	1 
3806	30 
3807	53 
3808	48 
3809	35 
3810	74 
3811	15 
3812	12 
3813	44 
3814	100 
3815	20 
3816	59 
3817	28 
3818	86 
3819	80 
3820	54 
3821	88 
3822	77 
3823	73 
3824	20 
3825	95 
3826	14 
3827	78 
3828	25 
3829	14 
3830	2 
3831	79 
3832	25 
3833	47 
3834	88 
3835	26 
3836	30 
3837	84 
3838	8 
3839	25 
3840	46 
3841	95 
3842	66 
3843	25 
3844	12 
3845	66 
3846	28 
3847	95 
3848	34 
3849	63 
3850	29 
3851	10 
3852	86 
3853	38 
3854	16 
3855	32 
3856	61 
3857	18 
3858	95 
3859	4 
3860	53 
3861	55 
3862	13 
3863	91 
3864	3 
3865	100 
3866	88 
3867	73 
3868	94 
3869	29 
3870	10 
3871	90 
3872	95 
3873	59 
3874	51 
3875	22 
3876	82 
3877	11 
3878	57 
3879	68 
3880	2 
3881	57 
3882	45 
3883	20 
3884	97 
3885	14 
3886	10 
3887	4 
3888	22 
3889	93 
3890	84 
3891	97 
3892	50 
3893	45 
3894	36 
3895	52 
3896	13 
3897	48 
3898	17 
3899	37 
3900	23 
3901	21 
3902	13 
3903	84 
3904	52 
3905	18 
3906	27 
3907	56 
3908	34 
3909	73 
3910	19 
3911	3 
3912	65 
3913	79 
3914	12 
3915	5 
3916	98 
3917	37 
3918	90 
3919	18 
3920	33 
3921	53 
3922	15 
3923	100 
3924	61 
3925	74 
3926	57 
3927	62 
3928	33 
3929	13 
3930	97 
3931	1 
3932	46 
3933	28 
3934	88 
3935	31 
3936	40 
3937	13 
3938	69 
3939	98 
3940	69 
3941	65 
3942	25 
3943	82 
3944	86 
3945	25 
3946	31 
3947	74 
3948	18 
3949	19 
3950	84 
3951	58 
3952	28 
3953	20 
3954	18 
3955	83 
3956	25 
3957	20 
3958	14 
3959	63 
3960	7 
3961	69 
3962	18 
3963	26 
3964	64 
3965	20 
3966	38 
3967	51 
3968	56 
3969	17 
3970	82 
3971	10 
3972	2 
3973	37 
3974	10 
3975	25 
3976	51 
3977	12 
3978	16 
3979	51 
3980	36 
3981	22 
3982	88 
3983	78 
3984	83 
3985	61 
3986	84 
3987	22 
3988	61 
3989	18 
3990	37 
3991	76 
3992	22 
3993	74 
3994	43 
3995	14 
3996	3 
3997	72 
3998	6 
3999	52 
4000	5 
4001	67 
4002	23 
4003	15 
4004	27 
4005	58 
4006	38 
4007	90 
4008	37 
4009	57 
4010	13 
4011	7 
4012	66 
4013	67 
4014	56 
4015	40 
4016	14 
4017	86 
4018	10 
4019	84 
4020	95 
4021	82 
4022	27 
4023	4 
4024	97 
4025	28 
4026	40 
4027	37 
4028	2 
4029	13 
4030	95 
4031	98 
4032	39 
4033	27 
4034	23 
4035	97 
4036	65 
4037	17 
4038	6 
4039	87 
4040	25 
4041	95 
4042	26 
4043	42 
4044	5 
4045	25 
4046	15 
4047	47 
4048	37 
4049	45 
4050	23 
4051	41 
4052	98 
4053	57 
4054	23 
4055	30 
4056	37 
4057	62 
4058	3 
4059	65 
4060	57 
4061	46 
4062	23 
4063	2 
4064	56 
4065	14 
4066	58 
4067	93 
4068	76 
4069	29 
4070	11 
4071	54 
4072	13 
4073	24 
4074	15 
4075	95 
4076	82 
4077	35 
4078	32 
4079	60 
4080	50 
4081	47 
4082	82 
4083	37 
4084	76 
4085	4 
4086	78 
4087	16 
4088	47 
4089	13 
4090	85 
4091	21 
4092	22 
4093	68 
4094	97 
4095	2 
4096	9 
4097	5 
4098	57 
4099	37 
4100	100 
4101	57 
4102	18 
4103	41 
4104	49 
4105	25 
4106	5 
4107	68 
4108	49 
4109	75 
4110	100 
4111	81 
4112	33 
4113	23 
4114	14 
4115	56 
4116	83 
4117	13 
4118	55 
4119	52 
4120	69 
4121	28 
4122	11 
4123	96 
4124	79 
4125	50 
4126	22 
4127	37 
4128	83 
4129	72 
4130	52 
4131	28 
4132	90 
4133	78 
4134	95 
4135	65 
4136	66 
4137	25 
4138	52 
4139	5 
4140	75 
4141	99 
4142	88 
4143	48 
4144	66 
4145	6 
4146	100 
4147	36 
4148	28 
4149	66 
4150	50 
4151	40 
4152	73 
4153	82 
4154	40 
4155	88 
4156	84 
4157	15 
4158	16 
4159	70 
4160	27 
4161	37 
4162	88 
4163	57 
4164	57 
4165	3 
4166	57 
4167	68 
4168	92 
4169	32 
4170	86 
4171	21 
4172	70 
4173	97 
4174	1 
4175	51 
4176	39 
4177	19 
4178	13 
4179	73 
4180	76 
4181	65 
4182	11 
4183	3 
4184	25 
4185	71 
4186	15 
4187	63 
4188	90 
4189	67 
4190	62 
4191	1 
4192	67 
4193	15 
4194	56 
4195	27 
4196	69 
4197	90 
4198	16 
4199	90 
4200	37 
4201	24 
4202	78 
4203	24 
4204	58 
4205	30 
4206	57 
4207	38 
4208	20 
4209	14 
4210	97 
4211	89 
4212	24 
4213	41 
4214	21 
4215	11 
4216	85 
4217	37 
4218	16 
4219	34 
4220	44 
4221	83 
4222	4 
4223	30 
4224	25 
4225	2 
4226	100 
4227	29 
4228	20 
4229	61 
4230	20 
4231	42 
4232	57 
4233	40 
4234	97 
4235	20 
4236	50 
4237	65 
4238	23 
4239	5 
4240	86 
4241	30 
4242	79 
4243	58 
4244	57 
4245	100 
4246	67 
4247	25 
4248	59 
4249	5 
4250	4 
4251	13 
4252	38 
4253	3 
4254	95 
4255	14 
4256	15 
4257	95 
4258	96 
4259	25 
4260	38 
4261	52 
4262	40 
4263	56 
4264	11 
4265	85 
4266	8 
4267	58 
4268	73 
4269	82 
4270	47 
4271	37 
4272	84 
4273	44 
4274	17 
4275	61 
4276	14 
4277	92 
4278	79 
4279	97 
4280	82 
4281	95 
4282	96 
4283	26 
4284	95 
4285	3 
4286	93 
4287	77 
4288	33 
4289	40 
4290	45 
4291	78 
4292	28 
4293	62 
4294	97 
4295	12 
4296	83 
4297	46 
4298	79 
4299	82 
4300	80 
4301	52 
4302	61 
4303	88 
4304	77 
4305	46 
4306	23 
4307	43 
4308	4 
4309	100 
4310	54 
4311	79 
4312	75 
4313	57 
4314	61 
4315	50 
4316	92 
4317	60 
4318	73 
4319	80 
4320	14 
4321	48 
4322	35 
4323	73 
4324	2 
4325	27 
4326	7 
4327	62 
4328	100 
4329	67 
4330	2 
4331	12 
4332	45 
4333	43 
4334	44 
4335	4 
4336	1 
4337	78 
4338	3 
4339	18 
4340	55 
4341	62 
4342	37 
4343	100 
4344	68 
4345	80 
4346	45 
4347	27 
4348	49 
4349	22 
4350	34 
4351	49 
4352	6 
4353	52 
4354	94 
4355	5 
4356	72 
4357	90 
4358	10 
4359	46 
4360	87 
4361	3 
4362	80 
4363	28 
4364	45 
4365	40 
4366	66 
4367	76 
4368	96 
4369	26 
4370	27 
4371	65 
4372	11 
4373	42 
4374	88 
4375	76 
4376	22 
4377	56 
4378	69 
4379	67 
4380	60 
4381	70 
4382	97 
4383	68 
4384	34 
4385	98 
4386	85 
4387	97 
4388	7 
4389	23 
4390	8 
4391	62 
4392	17 
4393	39 
4394	25 
4395	69 
4396	100 
4397	67 
4398	64 
4399	43 
4400	13 
4401	15 
4402	24 
4403	61 
4404	77 
4405	13 
4406	97 
4407	100 
4408	56 
4409	72 
4410	18 
4411	50 
4412	13 
4413	82 
4414	64 
4415	67 
4416	81 
4417	88 
4418	92 
4419	66 
4420	4 
4421	7 
4422	95 
4423	28 
4424	66 
4425	65 
4426	76 
4427	48 
4428	96 
4429	52 
4430	77 
4431	49 
4432	20 
4433	66 
4434	37 
4435	33 
4436	18 
4437	100 
4438	79 
4439	84 
4440	52 
4441	84 
4442	84 
4443	57 
4444	100 
4445	61 
4446	32 
4447	95 
4448	58 
4449	4 
4450	77 
4451	83 
4452	19 
4453	30 
4454	72 
4455	27 
4456	49 
4457	20 
4458	3 
4459	97 
4460	13 
4461	75 
4462	82 
4463	27 
4464	4 
4465	56 
4466	89 
4467	15 
4468	90 
4469	100 
4470	4 
4471	64 
4472	22 
4473	95 
4474	75 
4475	31 
4476	15 
4477	4 
4478	25 
4479	75 
4480	82 
4481	42 
4482	20 
4483	63 
4484	52 
4485	82 
4486	44 
4487	30 
4488	57 
4489	37 
4490	38 
4491	52 
4492	66 
4493	13 
4494	23 
4495	53 
4496	22 
4497	25 
4498	54 
4499	37 
4500	78 
4501	37 
4502	20 
4503	55 
4504	83 
4505	67 
4506	51 
4507	39 
4508	32 
4509	39 
4510	18 
4511	23 
4512	29 
4513	82 
4514	52 
4515	5 
4516	74 
4517	4 
4518	57 
4519	96 
4520	23 
4521	82 
4522	12 
4523	25 
4524	82 
4525	54 
4526	65 
4527	41 
4528	100 
4529	31 
4530	59 
4531	80 
4532	67 
4533	36 
4534	5 
4535	26 
4536	75 
4537	52 
4538	68 
4539	69 
4540	21 
4541	25 
4542	97 
4543	100 
4544	56 
4545	66 
4546	83 
4547	52 
4548	56 
4549	93 
4550	6 
4551	65 
4552	97 
4553	27 
4554	29 
4555	42 
4556	6 
4557	71 
4558	55 
4559	82 
4560	49 
4561	9 
4562	81 
4563	69 
4564	53 
4565	87 
4566	65 
4567	76 
4568	57 
4569	23 
4570	66 
4571	96 
4572	20 
4573	28 
4574	62 
4575	60 
4576	38 
4577	60 
4578	31 
4579	25 
4580	44 
4581	11 
4582	52 
4583	6 
4584	3 
4585	84 
4586	1 
4587	52 
4588	4 
4589	22 
4590	61 
4591	77 
4592	47 
4593	97 
4594	42 
4595	14 
4596	97 
4597	65 
4598	8 
4599	84 
4600	59 
4601	63 
4602	24 
4603	83 
4604	12 
4605	40 
4606	45 
4607	20 
4608	63 
4609	25 
4610	56 
4611	84 
4612	42 
4613	39 
4614	97 
4615	36 
4616	59 
4617	26 
4618	81 
4619	10 
4620	2 
4621	82 
4622	98 
4623	57 
4624	10 
4625	25 
4626	12 
4627	95 
4628	85 
4629	58 
4630	72 
4631	98 
4632	57 
4633	70 
4634	20 
4635	2 
4636	31 
4637	4 
4638	13 
4639	28 
4640	3 
4641	56 
4642	20 
4643	64 
4644	20 
4645	52 
4646	64 
4647	69 
4648	37 
4649	53 
4650	40 
4651	50 
4652	29 
4653	70 
4654	5 
4655	25 
4656	59 
4657	96 
4658	17 
4659	55 
4660	62 
4661	62 
4662	67 
4663	77 
4664	15 
4665	23 
4666	83 
4667	15 
4668	10 
4669	42 
4670	4 
4671	69 
4672	23 
4673	39 
4674	23 
4675	44 
4676	24 
4677	11 
4678	59 
4679	3 
4680	40 
4681	39 
4682	52 
4683	44 
4684	23 
4685	25 
4686	67 
4687	14 
4688	72 
4689	66 
4690	1 
4691	46 
4692	27 
4693	51 
4694	63 
4695	18 
4696	100 
4697	40 
4698	58 
4699	69 
4700	13 
4701	9 
4702	28 
4703	90 
4704	25 
4705	9 
4706	28 
4707	62 
4708	27 
4709	24 
4710	15 
4711	16 
4712	4 
4713	88 
4714	65 
4715	45 
4716	70 
4717	75 
4718	92 
4719	39 
4720	90 
4721	69 
4722	18 
4723	40 
4724	92 
4725	4 
4726	77 
4727	16 
4728	100 
4729	15 
4730	6 
4731	4 
4732	84 
4733	20 
4734	5 
4735	29 
4736	50 
4737	55 
4738	40 
4739	14 
4740	97 
4741	10 
4742	69 
4743	39 
4744	62 
4745	3 
4746	88 
4747	55 
4748	40 
4749	11 
4750	56 
4751	54 
4752	100 
4753	60 
4754	10 
4755	8 
4756	90 
4757	60 
4758	3 
4759	95 
4760	4 
4761	69 
4762	82 
4763	69 
4764	86 
4765	5 
4766	30 
4767	66 
4768	44 
4769	18 
4770	26 
4771	25 
4772	28 
4773	3 
4774	10 
4775	61 
4776	1 
4777	41 
4778	80 
4779	49 
4780	67 
4781	15 
4782	73 
4783	97 
4784	13 
4785	86 
4786	50 
4787	82 
4788	84 
4789	4 
4790	40 
4791	41 
4792	80 
4793	52 
4794	80 
4795	82 
4796	52 
4797	58 
4798	44 
4799	1 
4800	18 
4801	52 
4802	32 
4803	4 
4804	10 
4805	42 
4806	66 
4807	67 
4808	95 
4809	5 
4810	29 
4811	72 
4812	17 
4813	53 
4814	62 
4815	8 
4816	10 
4817	100 
4818	66 
4819	16 
4820	12 
4821	58 
4822	50 
4823	56 
4824	23 
4825	29 
4826	13 
4827	10 
4828	45 
4829	66 
4830	46 
4831	59 
4832	84 
4833	69 
4834	61 
4835	24 
4836	25 
4837	95 
4838	10 
4839	13 
4840	26 
4841	90 
4842	82 
4843	76 
4844	44 
4845	86 
4846	69 
4847	26 
4848	58 
4849	82 
4850	55 
4851	95 
4852	12 
4853	88 
4854	26 
4855	69 
4856	23 
4857	3 
4858	18 
4859	11 
4860	23 
4861	4 
4862	11 
4863	19 
4864	86 
4865	65 
4866	70 
4867	55 
4868	80 
4869	63 
4870	23 
4871	58 
4872	26 
4873	62 
4874	45 
4875	88 
4876	4 
4877	29 
4878	29 
4879	65 
4880	69 
4881	10 
4882	79 
4883	82 
4884	13 
4885	62 
4886	71 
4887	57 
4888	70 
4889	79 
4890	45 
4891	42 
4892	57 
4893	97 
4894	67 
4895	98 
4896	10 
4897	97 
4898	86 
4899	1 
4900	90 
4901	13 
4902	15 
4903	65 
4904	65 
4905	26 
4906	29 
4907	100 
4908	95 
4909	88 
4910	27 
4911	56 
4912	49 
4913	10 
4914	4 
4915	76 
4916	13 
4917	4 
4918	66 
4919	13 
4920	49 
4921	27 
4922	11 
4923	82 
4924	54 
4925	17 
4926	25 
4927	20 
4928	58 
4929	26 
4930	29 
4931	30 
4932	46 
4933	15 
4934	44 
4935	79 
4936	40 
4937	17 
4938	69 
4939	42 
4940	95 
4941	4 
4942	100 
4943	5 
4944	65 
4945	28 
4946	25 
4947	100 
4948	57 
4949	84 
4950	4 
4951	10 
4952	63 
4953	97 
4954	28 
4955	47 
4956	67 
4957	4 
4958	90 
4959	37 
4960	13 
4961	5 
4962	100 
4963	20 
4964	4 
4965	57 
4966	56 
4967	40 
4968	100 
4969	82 
4970	40 
4971	25 
4972	29 
4973	67 
4974	27 
4975	69 
4976	57 
4977	100 
4978	15 
4979	13 
4980	13 
4981	100 
4982	82 
4983	57 
4984	67 
4985	25 
4986	13 
4987	90 
4988	95 
4989	23 
4990	60 
4991	84 
4992	13 
4993	62 
4994	37 
4995	4 
4996	15 
4997	65 
4998	97 
4999	60 
5000	63 
