1	10 
2	36 
3	76 
4	13 
5	45 
6	103 
7	9 
8	50 
9	3 
10	72 
11	43 
12	87 
13	2 
14	44 
15	72 
16	101 
17	91 
18	25 
19	50 
20	1 
21	42 
22	103 
23	55 
24	44 
25	69 
26	94 
27	105 
28	93 
29	10 
30	85 
31	4 
32	27 
33	105 
34	22 
35	67 
36	31 
37	80 
38	67 
39	20 
40	12 
41	3 
42	108 
43	54 
44	105 
45	72 
46	78 
47	75 
48	95 
49	8 
50	60 
51	83 
52	81 
53	36 
54	98 
55	61 
56	51 
57	102 
58	20 
59	49 
60	8 
61	108 
62	58 
63	80 
64	89 
65	32 
66	55 
67	72 
68	28 
69	101 
70	24 
71	68 
72	66 
73	4 
74	54 
75	78 
76	74 
77	51 
78	44 
79	6 
80	4 
81	45 
82	50 
83	36 
84	107 
85	98 
86	59 
87	37 
88	98 
89	21 
90	108 
91	96 
92	96 
93	2 
94	109 
95	1 
96	60 
97	97 
98	93 
99	13 
100	76 
101	109 
102	75 
103	14 
104	11 
105	6 
106	87 
107	96 
108	43 
109	102 
110	49 
111	105 
112	94 
113	84 
114	74 
115	46 
116	102 
117	8 
118	43 
119	35 
120	106 
121	102 
122	16 
123	82 
124	38 
125	83 
126	106 
127	76 
128	72 
129	35 
130	101 
131	75 
132	9 
133	50 
134	66 
135	105 
136	31 
137	100 
138	23 
139	96 
140	28 
141	39 
142	59 
143	78 
144	37 
145	103 
146	53 
147	5 
148	52 
149	4 
150	11 
151	44 
152	72 
153	46 
154	7 
155	13 
156	105 
157	59 
158	31 
159	38 
160	60 
161	48 
162	57 
163	13 
164	90 
165	23 
166	17 
167	84 
168	40 
169	64 
170	1 
171	13 
172	43 
173	54 
174	46 
175	66 
176	34 
177	87 
178	18 
179	102 
180	96 
181	44 
182	103 
183	12 
184	6 
185	66 
186	91 
187	48 
188	74 
189	56 
190	43 
191	56 
192	57 
193	7 
194	80 
195	14 
196	4 
197	80 
198	36 
199	1 
200	48 
201	39 
202	87 
203	105 
204	47 
205	85 
206	105 
207	96 
208	83 
209	8 
210	17 
211	90 
212	12 
213	63 
214	75 
215	31 
216	54 
217	88 
218	52 
219	3 
220	8 
221	106 
222	31 
223	68 
224	10 
225	100 
226	17 
227	90 
228	17 
229	25 
230	80 
231	87 
232	25 
233	54 
234	29 
235	70 
236	85 
237	72 
238	27 
239	32 
240	31 
241	36 
242	37 
243	85 
244	13 
245	106 
246	36 
247	79 
248	67 
249	4 
250	90 
251	72 
252	64 
253	77 
254	53 
255	20 
256	93 
257	10 
258	72 
259	14 
260	1 
261	49 
262	32 
263	39 
264	82 
265	5 
266	99 
267	72 
268	38 
269	96 
270	74 
271	4 
272	40 
273	4 
274	76 
275	101 
276	10 
277	66 
278	81 
279	14 
280	79 
281	3 
282	77 
283	100 
284	17 
285	48 
286	34 
287	36 
288	93 
289	87 
290	89 
291	37 
292	8 
293	51 
294	68 
295	44 
296	3 
297	82 
298	5 
299	31 
300	41 
301	78 
302	57 
303	93 
304	22 
305	10 
306	39 
307	58 
308	86 
309	60 
310	98 
311	23 
312	33 
313	81 
314	72 
315	35 
316	24 
317	1 
318	20 
319	12 
320	96 
321	16 
322	26 
323	35 
324	94 
325	7 
326	17 
327	72 
328	80 
329	49 
330	104 
331	20 
332	8 
333	99 
334	82 
335	54 
336	15 
337	22 
338	54 
339	107 
340	24 
341	105 
342	16 
343	12 
344	45 
345	100 
346	84 
347	15 
348	47 
349	94 
350	54 
351	19 
352	21 
353	72 
354	31 
355	79 
356	57 
357	45 
358	92 
359	96 
360	84 
361	89 
362	29 
363	84 
364	56 
365	32 
366	38 
367	79 
368	1 
369	109 
370	35 
371	105 
372	43 
373	56 
374	53 
375	8 
376	85 
377	103 
378	35 
379	42 
380	83 
381	1 
382	88 
383	79 
384	88 
385	33 
386	86 
387	10 
388	63 
389	24 
390	72 
391	91 
392	103 
393	48 
394	45 
395	34 
396	59 
397	55 
398	48 
399	83 
400	5 
401	22 
402	33 
403	96 
404	74 
405	57 
406	95 
407	31 
408	8 
409	94 
410	3 
411	88 
412	32 
413	79 
414	80 
415	86 
416	32 
417	11 
418	82 
419	72 
420	36 
421	26 
422	85 
423	87 
424	76 
425	96 
426	56 
427	29 
428	96 
429	22 
430	47 
431	34 
432	72 
433	57 
434	20 
435	45 
436	55 
437	22 
438	4 
439	51 
440	31 
441	35 
442	60 
443	57 
444	8 
445	63 
446	66 
447	102 
448	108 
449	96 
450	87 
451	94 
452	31 
453	59 
454	84 
455	74 
456	81 
457	43 
458	80 
459	14 
460	49 
461	96 
462	65 
463	68 
464	54 
465	2 
466	104 
467	43 
468	17 
469	49 
470	21 
471	9 
472	81 
473	72 
474	71 
475	108 
476	89 
477	68 
478	67 
479	71 
480	27 
481	80 
482	96 
483	27 
484	83 
485	15 
486	75 
487	82 
488	72 
489	73 
490	79 
491	1 
492	12 
493	42 
494	76 
495	73 
496	69 
497	37 
498	36 
499	3 
500	61 
501	34 
502	76 
503	51 
504	48 
505	1 
506	72 
507	43 
508	7 
509	24 
510	105 
511	100 
512	90 
513	68 
514	87 
515	52 
516	43 
517	102 
518	28 
519	46 
520	86 
521	98 
522	79 
523	10 
524	74 
525	17 
526	12 
527	45 
528	17 
529	23 
530	68 
531	17 
532	60 
533	100 
534	17 
535	38 
536	90 
537	31 
538	61 
539	33 
540	64 
541	2 
542	43 
543	52 
544	103 
545	21 
546	36 
547	60 
548	4 
549	94 
550	82 
551	22 
552	84 
553	43 
554	100 
555	34 
556	26 
557	7 
558	12 
559	93 
560	40 
561	45 
562	47 
563	16 
564	31 
565	13 
566	22 
567	13 
568	76 
569	59 
570	105 
571	28 
572	36 
573	99 
574	14 
575	67 
576	40 
577	72 
578	86 
579	70 
580	93 
581	76 
582	66 
583	103 
584	64 
585	14 
586	42 
587	31 
588	17 
589	105 
590	25 
591	82 
592	87 
593	58 
594	32 
595	36 
596	17 
597	53 
598	32 
599	63 
600	67 
601	98 
602	4 
603	43 
604	95 
605	87 
606	35 
607	52 
608	80 
609	86 
610	32 
611	37 
612	5 
613	56 
614	102 
615	17 
616	36 
617	80 
618	91 
619	101 
620	1 
621	56 
622	22 
623	3 
624	1 
625	60 
626	47 
627	47 
628	74 
629	10 
630	12 
631	24 
632	75 
633	55 
634	72 
635	29 
636	43 
637	54 
638	17 
639	95 
640	35 
641	48 
642	86 
643	22 
644	72 
645	21 
646	86 
647	85 
648	23 
649	45 
650	85 
651	4 
652	8 
653	101 
654	80 
655	1 
656	65 
657	3 
658	8 
659	8 
660	7 
661	20 
662	97 
663	14 
664	102 
665	86 
666	12 
667	93 
668	37 
669	1 
670	5 
671	95 
672	24 
673	72 
674	10 
675	27 
676	31 
677	44 
678	91 
679	82 
680	6 
681	2 
682	106 
683	9 
684	14 
685	90 
686	32 
687	5 
688	54 
689	62 
690	32 
691	26 
692	86 
693	107 
694	97 
695	79 
696	105 
697	75 
698	87 
699	33 
700	5 
701	61 
702	33 
703	81 
704	84 
705	9 
706	64 
707	104 
708	66 
709	3 
710	53 
711	27 
712	102 
713	18 
714	81 
715	61 
716	60 
717	87 
718	96 
719	57 
720	57 
721	39 
722	94 
723	52 
724	14 
725	75 
726	53 
727	101 
728	37 
729	11 
730	22 
731	12 
732	55 
733	44 
734	7 
735	86 
736	48 
737	96 
738	83 
739	48 
740	59 
741	57 
742	35 
743	12 
744	100 
745	68 
746	96 
747	93 
748	56 
749	48 
750	71 
751	23 
752	63 
753	44 
754	72 
755	25 
756	95 
757	37 
758	105 
759	19 
760	8 
761	54 
762	87 
763	105 
764	103 
765	23 
766	75 
767	82 
768	68 
769	13 
770	96 
771	82 
772	11 
773	38 
774	57 
775	17 
776	82 
777	105 
778	22 
779	91 
780	22 
781	12 
782	56 
783	36 
784	22 
785	10 
786	102 
787	15 
788	79 
789	96 
790	109 
791	91 
792	73 
793	80 
794	8 
795	45 
796	95 
797	37 
798	8 
799	57 
800	32 
801	31 
802	55 
803	87 
804	8 
805	59 
806	43 
807	82 
808	106 
809	28 
810	22 
811	1 
812	68 
813	92 
814	45 
815	5 
816	32 
817	93 
818	23 
819	58 
820	8 
821	18 
822	32 
823	94 
824	57 
825	84 
826	49 
827	63 
828	54 
829	38 
830	17 
831	68 
832	63 
833	38 
834	44 
835	37 
836	45 
837	65 
838	70 
839	17 
840	41 
841	54 
842	79 
843	56 
844	75 
845	6 
846	71 
847	9 
848	82 
849	25 
850	72 
851	57 
852	11 
853	45 
854	93 
855	48 
856	54 
857	84 
858	73 
859	103 
860	61 
861	54 
862	18 
863	107 
864	76 
865	71 
866	95 
867	23 
868	77 
869	87 
870	85 
871	66 
872	73 
873	44 
874	104 
875	94 
876	45 
877	99 
878	20 
879	74 
880	61 
881	22 
882	41 
883	67 
884	58 
885	59 
886	93 
887	1 
888	36 
889	41 
890	90 
891	69 
892	108 
893	31 
894	11 
895	37 
896	48 
897	20 
898	31 
899	35 
900	34 
901	38 
902	27 
903	38 
904	76 
905	62 
906	55 
907	47 
908	61 
909	71 
910	85 
911	42 
912	77 
913	16 
914	80 
915	25 
916	3 
917	93 
918	76 
919	47 
920	19 
921	96 
922	57 
923	22 
924	31 
925	58 
926	95 
927	100 
928	93 
929	80 
930	85 
931	44 
932	36 
933	102 
934	102 
935	96 
936	36 
937	37 
938	83 
939	105 
940	41 
941	49 
942	53 
943	17 
944	75 
945	30 
946	58 
947	25 
948	95 
949	80 
950	63 
951	29 
952	4 
953	31 
954	79 
955	27 
956	27 
957	35 
958	51 
959	108 
960	105 
961	102 
962	22 
963	18 
964	87 
965	29 
966	74 
967	87 
968	30 
969	71 
970	40 
971	1 
972	4 
973	105 
974	97 
975	69 
976	26 
977	69 
978	89 
979	61 
980	98 
981	100 
982	84 
983	9 
984	24 
985	109 
986	49 
987	96 
988	57 
989	12 
990	49 
991	35 
992	26 
993	68 
994	85 
995	93 
996	47 
997	3 
998	12 
999	7 
1000	17 
1001	95 
1002	100 
1003	97 
1004	108 
1005	84 
1006	56 
1007	1 
1008	79 
1009	23 
1010	108 
1011	81 
1012	32 
1013	97 
1014	5 
1015	24 
1016	19 
1017	47 
1018	31 
1019	55 
1020	44 
1021	40 
1022	52 
1023	24 
1024	1 
1025	84 
1026	80 
1027	44 
1028	104 
1029	68 
1030	58 
1031	72 
1032	13 
1033	21 
1034	99 
1035	17 
1036	49 
1037	50 
1038	4 
1039	79 
1040	47 
1041	45 
1042	47 
1043	5 
1044	105 
1045	107 
1046	81 
1047	60 
1048	44 
1049	34 
1050	19 
1051	80 
1052	77 
1053	4 
1054	68 
1055	105 
1056	102 
1057	17 
1058	6 
1059	91 
1060	40 
1061	41 
1062	64 
1063	92 
1064	54 
1065	96 
1066	61 
1067	20 
1068	69 
1069	29 
1070	54 
1071	73 
1072	21 
1073	50 
1074	91 
1075	1 
1076	38 
1077	66 
1078	53 
1079	57 
1080	67 
1081	82 
1082	22 
1083	47 
1084	21 
1085	26 
1086	100 
1087	32 
1088	43 
1089	37 
1090	39 
1091	1 
1092	82 
1093	103 
1094	35 
1095	34 
1096	42 
1097	104 
1098	78 
1099	42 
1100	30 
1101	7 
1102	4 
1103	40 
1104	109 
1105	63 
1106	49 
1107	55 
1108	79 
1109	19 
1110	1 
1111	81 
1112	4 
1113	15 
1114	72 
1115	91 
1116	85 
1117	47 
1118	43 
1119	68 
1120	22 
1121	55 
1122	12 
1123	24 
1124	8 
1125	10 
1126	97 
1127	10 
1128	47 
1129	84 
1130	93 
1131	96 
1132	41 
1133	105 
1134	50 
1135	62 
1136	41 
1137	100 
1138	5 
1139	36 
1140	91 
1141	12 
1142	18 
1143	104 
1144	54 
1145	108 
1146	91 
1147	25 
1148	31 
1149	44 
1150	40 
1151	16 
1152	59 
1153	88 
1154	109 
1155	96 
1156	17 
1157	50 
1158	45 
1159	39 
1160	90 
1161	45 
1162	33 
1163	87 
1164	77 
1165	12 
1166	98 
1167	7 
1168	21 
1169	99 
1170	31 
1171	48 
1172	104 
1173	102 
1174	35 
1175	17 
1176	59 
1177	25 
1178	98 
1179	17 
1180	74 
1181	47 
1182	29 
1183	71 
1184	105 
1185	38 
1186	10 
1187	1 
1188	62 
1189	79 
1190	93 
1191	101 
1192	84 
1193	89 
1194	102 
1195	32 
1196	27 
1197	85 
1198	44 
1199	21 
1200	42 
1201	63 
1202	68 
1203	41 
1204	31 
1205	2 
1206	72 
1207	51 
1208	3 
1209	36 
1210	102 
1211	53 
1212	57 
1213	76 
1214	72 
1215	59 
1216	75 
1217	31 
1218	35 
1219	2 
1220	94 
1221	62 
1222	1 
1223	8 
1224	22 
1225	57 
1226	40 
1227	107 
1228	96 
1229	75 
1230	89 
1231	101 
1232	91 
1233	1 
1234	97 
1235	37 
1236	37 
1237	68 
1238	105 
1239	23 
1240	12 
1241	77 
1242	57 
1243	108 
1244	82 
1245	41 
1246	24 
1247	101 
1248	100 
1249	101 
1250	100 
1251	61 
1252	70 
1253	39 
1254	1 
1255	14 
1256	10 
1257	6 
1258	32 
1259	45 
1260	4 
1261	31 
1262	97 
1263	17 
1264	2 
1265	106 
1266	57 
1267	77 
1268	35 
1269	23 
1270	80 
1271	47 
1272	27 
1273	30 
1274	43 
1275	50 
1276	109 
1277	61 
1278	29 
1279	21 
1280	58 
1281	39 
1282	100 
1283	38 
1284	60 
1285	41 
1286	37 
1287	109 
1288	67 
1289	87 
1290	67 
1291	86 
1292	22 
1293	79 
1294	100 
1295	81 
1296	35 
1297	77 
1298	104 
1299	51 
1300	10 
1301	79 
1302	102 
1303	26 
1304	99 
1305	1 
1306	44 
1307	16 
1308	89 
1309	39 
1310	96 
1311	78 
1312	80 
1313	61 
1314	82 
1315	23 
1316	96 
1317	82 
1318	3 
1319	72 
1320	17 
1321	105 
1322	57 
1323	47 
1324	80 
1325	100 
1326	96 
1327	6 
1328	54 
1329	107 
1330	33 
1331	108 
1332	31 
1333	76 
1334	38 
1335	54 
1336	90 
1337	56 
1338	68 
1339	27 
1340	84 
1341	44 
1342	12 
1343	105 
1344	98 
1345	86 
1346	94 
1347	25 
1348	3 
1349	86 
1350	105 
1351	11 
1352	44 
1353	89 
1354	34 
1355	17 
1356	82 
1357	80 
1358	105 
1359	100 
1360	38 
1361	16 
1362	62 
1363	43 
1364	46 
1365	29 
1366	35 
1367	108 
1368	36 
1369	56 
1370	44 
1371	66 
1372	81 
1373	22 
1374	2 
1375	47 
1376	83 
1377	19 
1378	9 
1379	57 
1380	68 
1381	1 
1382	105 
1383	16 
1384	91 
1385	6 
1386	23 
1387	10 
1388	24 
1389	33 
1390	31 
1391	22 
1392	57 
1393	69 
1394	96 
1395	56 
1396	38 
1397	29 
1398	38 
1399	80 
1400	7 
1401	48 
1402	70 
1403	45 
1404	63 
1405	41 
1406	38 
1407	41 
1408	8 
1409	102 
1410	4 
1411	73 
1412	91 
1413	44 
1414	99 
1415	23 
1416	27 
1417	1 
1418	62 
1419	102 
1420	22 
1421	36 
1422	17 
1423	10 
1424	57 
1425	101 
1426	62 
1427	64 
1428	45 
1429	64 
1430	22 
1431	40 
1432	63 
1433	25 
1434	36 
1435	74 
1436	40 
1437	23 
1438	72 
1439	88 
1440	108 
1441	98 
1442	16 
1443	59 
1444	45 
1445	43 
1446	66 
1447	58 
1448	90 
1449	16 
1450	32 
1451	2 
1452	81 
1453	72 
1454	66 
1455	54 
1456	99 
1457	67 
1458	108 
1459	12 
1460	32 
1461	47 
1462	8 
1463	81 
1464	93 
1465	80 
1466	45 
1467	76 
1468	12 
1469	25 
1470	47 
1471	82 
1472	50 
1473	82 
1474	108 
1475	105 
1476	16 
1477	97 
1478	12 
1479	54 
1480	37 
1481	64 
1482	4 
1483	85 
1484	29 
1485	64 
1486	80 
1487	42 
1488	25 
1489	102 
1490	76 
1491	3 
1492	12 
1493	4 
1494	57 
1495	49 
1496	98 
1497	96 
1498	102 
1499	76 
1500	22 
1501	75 
1502	54 
1503	59 
1504	50 
1505	8 
1506	99 
1507	23 
1508	45 
1509	36 
1510	13 
1511	59 
1512	98 
1513	21 
1514	72 
1515	66 
1516	27 
1517	74 
1518	69 
1519	78 
1520	9 
1521	4 
1522	2 
1523	64 
1524	10 
1525	109 
1526	80 
1527	105 
1528	81 
1529	106 
1530	17 
1531	99 
1532	71 
1533	67 
1534	27 
1535	81 
1536	97 
1537	102 
1538	93 
1539	35 
1540	38 
1541	69 
1542	90 
1543	21 
1544	36 
1545	8 
1546	87 
1547	39 
1548	61 
1549	2 
1550	95 
1551	25 
1552	54 
1553	64 
1554	91 
1555	78 
1556	11 
1557	73 
1558	74 
1559	107 
1560	36 
1561	4 
1562	47 
1563	31 
1564	65 
1565	74 
1566	13 
1567	13 
1568	66 
1569	8 
1570	41 
1571	10 
1572	38 
1573	14 
1574	41 
1575	27 
1576	35 
1577	41 
1578	100 
1579	96 
1580	78 
1581	14 
1582	96 
1583	49 
1584	19 
1585	1 
1586	47 
1587	24 
1588	54 
1589	88 
1590	48 
1591	10 
1592	10 
1593	66 
1594	27 
1595	66 
1596	77 
1597	62 
1598	68 
1599	45 
1600	72 
1601	104 
1602	89 
1603	55 
1604	57 
1605	30 
1606	62 
1607	82 
1608	79 
1609	94 
1610	55 
1611	22 
1612	4 
1613	91 
1614	109 
1615	103 
1616	36 
1617	96 
1618	1 
1619	5 
1620	22 
1621	107 
1622	54 
1623	86 
1624	61 
1625	10 
1626	22 
1627	10 
1628	59 
1629	44 
1630	75 
1631	49 
1632	28 
1633	51 
1634	93 
1635	106 
1636	16 
1637	66 
1638	50 
1639	61 
1640	58 
1641	81 
1642	66 
1643	100 
1644	12 
1645	66 
1646	89 
1647	14 
1648	102 
1649	62 
1650	79 
1651	47 
1652	44 
1653	67 
1654	4 
1655	104 
1656	77 
1657	61 
1658	35 
1659	6 
1660	90 
1661	38 
1662	48 
1663	50 
1664	71 
1665	105 
1666	36 
1667	56 
1668	1 
1669	88 
1670	14 
1671	43 
1672	23 
1673	72 
1674	55 
1675	31 
1676	45 
1677	8 
1678	102 
1679	4 
1680	76 
1681	47 
1682	102 
1683	17 
1684	10 
1685	103 
1686	40 
1687	17 
1688	33 
1689	68 
1690	32 
1691	75 
1692	4 
1693	59 
1694	57 
1695	12 
1696	93 
1697	19 
1698	86 
1699	68 
1700	22 
1701	6 
1702	96 
1703	98 
1704	71 
1705	32 
1706	41 
1707	57 
1708	36 
1709	22 
1710	27 
1711	23 
1712	63 
1713	82 
1714	105 
1715	46 
1716	35 
1717	80 
1718	48 
1719	95 
1720	12 
1721	94 
1722	57 
1723	100 
1724	80 
1725	26 
1726	14 
1727	55 
1728	57 
1729	106 
1730	1 
1731	19 
1732	102 
1733	89 
1734	34 
1735	45 
1736	102 
1737	17 
1738	7 
1739	103 
1740	9 
1741	29 
1742	57 
1743	70 
1744	39 
1745	45 
1746	99 
1747	72 
1748	15 
1749	35 
1750	10 
1751	84 
1752	9 
1753	80 
1754	93 
1755	27 
1756	8 
1757	25 
1758	105 
1759	37 
1760	88 
1761	98 
1762	14 
1763	100 
1764	4 
1765	54 
1766	98 
1767	24 
1768	105 
1769	84 
1770	33 
1771	4 
1772	31 
1773	109 
1774	94 
1775	12 
1776	102 
1777	70 
1778	59 
1779	78 
1780	18 
1781	82 
1782	105 
1783	54 
1784	75 
1785	69 
1786	2 
1787	54 
1788	2 
1789	51 
1790	102 
1791	86 
1792	30 
1793	43 
1794	41 
1795	45 
1796	70 
1797	92 
1798	87 
1799	20 
1800	89 
1801	40 
1802	75 
1803	99 
1804	63 
1805	1 
1806	55 
1807	14 
1808	46 
1809	12 
1810	91 
1811	70 
1812	100 
1813	57 
1814	105 
1815	22 
1816	76 
1817	41 
1818	93 
1819	80 
1820	86 
1821	72 
1822	109 
1823	44 
1824	107 
1825	44 
1826	47 
1827	6 
1828	72 
1829	81 
1830	12 
1831	32 
1832	102 
1833	60 
1834	105 
1835	76 
1836	12 
1837	23 
1838	82 
1839	27 
1840	72 
1841	46 
1842	54 
1843	67 
1844	107 
1845	46 
1846	96 
1847	47 
1848	26 
1849	12 
1850	32 
1851	100 
1852	54 
1853	1 
1854	55 
1855	80 
1856	21 
1857	43 
1858	74 
1859	13 
1860	16 
1861	100 
1862	41 
1863	56 
1864	8 
1865	105 
1866	103 
1867	37 
1868	32 
1869	45 
1870	81 
1871	28 
1872	36 
1873	45 
1874	1 
1875	9 
1876	45 
1877	78 
1878	19 
1879	7 
1880	22 
1881	96 
1882	57 
1883	79 
1884	57 
1885	70 
1886	90 
1887	66 
1888	57 
1889	44 
1890	45 
1891	44 
1892	12 
1893	56 
1894	13 
1895	33 
1896	57 
1897	29 
1898	78 
1899	39 
1900	57 
1901	66 
1902	105 
1903	104 
1904	47 
1905	5 
1906	14 
1907	87 
1908	99 
1909	80 
1910	37 
1911	96 
1912	35 
1913	67 
1914	17 
1915	96 
1916	90 
1917	80 
1918	17 
1919	104 
1920	102 
1921	45 
1922	13 
1923	105 
1924	22 
1925	75 
1926	36 
1927	64 
1928	17 
1929	36 
1930	45 
1931	41 
1932	38 
1933	31 
1934	36 
1935	25 
1936	32 
1937	35 
1938	100 
1939	8 
1940	75 
1941	67 
1942	21 
1943	14 
1944	105 
1945	28 
1946	45 
1947	45 
1948	39 
1949	108 
1950	31 
1951	41 
1952	88 
1953	86 
1954	23 
1955	14 
1956	47 
1957	42 
1958	6 
1959	61 
1960	108 
1961	82 
1962	31 
1963	36 
1964	79 
1965	76 
1966	32 
1967	77 
1968	87 
1969	72 
1970	49 
1971	71 
1972	82 
1973	20 
1974	74 
1975	45 
1976	61 
1977	48 
1978	102 
1979	27 
1980	84 
1981	33 
1982	66 
1983	21 
1984	63 
1985	94 
1986	31 
1987	45 
1988	26 
1989	89 
1990	66 
1991	42 
1992	44 
1993	23 
1994	79 
1995	38 
1996	13 
1997	47 
1998	105 
1999	81 
2000	22 
2001	23 
2002	28 
2003	41 
2004	83 
2005	76 
2006	104 
2007	37 
2008	109 
2009	10 
2010	69 
2011	76 
2012	72 
2013	52 
2014	1 
2015	10 
2016	45 
2017	66 
2018	23 
2019	8 
2020	102 
2021	2 
2022	60 
2023	36 
2024	87 
2025	46 
2026	19 
2027	76 
2028	105 
2029	1 
2030	102 
2031	27 
2032	108 
2033	14 
2034	2 
2035	12 
2036	96 
2037	22 
2038	51 
2039	22 
2040	80 
2041	103 
2042	100 
2043	45 
2044	18 
2045	101 
2046	23 
2047	100 
2048	10 
2049	19 
2050	46 
2051	22 
2052	41 
2053	74 
2054	44 
2055	61 
2056	57 
2057	11 
2058	74 
2059	31 
2060	65 
2061	36 
2062	21 
2063	13 
2064	91 
2065	105 
2066	91 
2067	101 
2068	45 
2069	22 
2070	78 
2071	24 
2072	59 
2073	62 
2074	99 
2075	69 
2076	23 
2077	55 
2078	82 
2079	79 
2080	55 
2081	24 
2082	8 
2083	57 
2084	92 
2085	26 
2086	57 
2087	12 
2088	60 
2089	95 
2090	105 
2091	5 
2092	76 
2093	104 
2094	31 
2095	98 
2096	50 
2097	83 
2098	72 
2099	22 
2100	14 
2101	24 
2102	86 
2103	48 
2104	43 
2105	19 
2106	17 
2107	4 
2108	31 
2109	86 
2110	105 
2111	36 
2112	79 
2113	1 
2114	107 
2115	74 
2116	78 
2117	8 
2118	5 
2119	26 
2120	56 
2121	19 
2122	50 
2123	75 
2124	17 
2125	28 
2126	8 
2127	77 
2128	1 
2129	26 
2130	65 
2131	105 
2132	29 
2133	63 
2134	60 
2135	75 
2136	12 
2137	80 
2138	42 
2139	34 
2140	56 
2141	81 
2142	13 
2143	65 
2144	45 
2145	38 
2146	47 
2147	41 
2148	15 
2149	41 
2150	78 
2151	4 
2152	47 
2153	81 
2154	1 
2155	35 
2156	96 
2157	35 
2158	36 
2159	96 
2160	55 
2161	31 
2162	87 
2163	108 
2164	81 
2165	47 
2166	61 
2167	104 
2168	19 
2169	26 
2170	31 
2171	54 
2172	43 
2173	34 
2174	41 
2175	75 
2176	43 
2177	108 
2178	101 
2179	22 
2180	20 
2181	10 
2182	109 
2183	81 
2184	1 
2185	36 
2186	82 
2187	78 
2188	43 
2189	105 
2190	40 
2191	13 
2192	87 
2193	45 
2194	59 
2195	35 
2196	5 
2197	54 
2198	56 
2199	45 
2200	80 
2201	102 
2202	44 
2203	32 
2204	103 
2205	81 
2206	108 
2207	1 
2208	95 
2209	1 
2210	83 
2211	1 
2212	51 
2213	79 
2214	56 
2215	61 
2216	75 
2217	54 
2218	66 
2219	47 
2220	54 
2221	12 
2222	24 
2223	80 
2224	4 
2225	45 
2226	38 
2227	34 
2228	37 
2229	48 
2230	83 
2231	10 
2232	44 
2233	77 
2234	60 
2235	38 
2236	84 
2237	81 
2238	82 
2239	1 
2240	55 
2241	7 
2242	84 
2243	91 
2244	26 
2245	68 
2246	95 
2247	13 
2248	33 
2249	76 
2250	12 
2251	48 
2252	93 
2253	46 
2254	17 
2255	4 
2256	54 
2257	41 
2258	48 
2259	13 
2260	70 
2261	37 
2262	12 
2263	44 
2264	97 
2265	2 
2266	99 
2267	89 
2268	4 
2269	92 
2270	104 
2271	58 
2272	4 
2273	108 
2274	60 
2275	76 
2276	71 
2277	7 
2278	61 
2279	25 
2280	17 
2281	80 
2282	7 
2283	66 
2284	32 
2285	48 
2286	23 
2287	13 
2288	43 
2289	72 
2290	38 
2291	72 
2292	83 
2293	83 
2294	91 
2295	100 
2296	78 
2297	5 
2298	36 
2299	78 
2300	75 
2301	6 
2302	7 
2303	37 
2304	94 
2305	59 
2306	90 
2307	43 
2308	106 
2309	97 
2310	70 
2311	31 
2312	5 
2313	23 
2314	100 
2315	98 
2316	5 
2317	60 
2318	83 
2319	52 
2320	10 
2321	14 
2322	15 
2323	20 
2324	108 
2325	23 
2326	76 
2327	79 
2328	3 
2329	69 
2330	109 
2331	95 
2332	103 
2333	38 
2334	20 
2335	22 
2336	4 
2337	105 
2338	57 
2339	27 
2340	54 
2341	18 
2342	27 
2343	31 
2344	102 
2345	95 
2346	24 
2347	109 
2348	37 
2349	59 
2350	40 
2351	66 
2352	77 
2353	37 
2354	34 
2355	47 
2356	68 
2357	87 
2358	8 
2359	23 
2360	23 
2361	107 
2362	9 
2363	59 
2364	14 
2365	37 
2366	96 
2367	26 
2368	95 
2369	19 
2370	17 
2371	39 
2372	56 
2373	45 
2374	80 
2375	32 
2376	73 
2377	50 
2378	27 
2379	81 
2380	98 
2381	90 
2382	48 
2383	38 
2384	76 
2385	24 
2386	36 
2387	86 
2388	84 
2389	101 
2390	109 
2391	2 
2392	103 
2393	53 
2394	32 
2395	100 
2396	105 
2397	28 
2398	101 
2399	87 
2400	89 
2401	8 
2402	60 
2403	53 
2404	22 
2405	39 
2406	53 
2407	10 
2408	41 
2409	52 
2410	101 
2411	1 
2412	19 
2413	12 
2414	17 
2415	69 
2416	76 
2417	83 
2418	9 
2419	53 
2420	4 
2421	58 
2422	73 
2423	7 
2424	99 
2425	72 
2426	47 
2427	72 
2428	3 
2429	12 
2430	13 
2431	108 
2432	81 
2433	102 
2434	105 
2435	61 
2436	17 
2437	43 
2438	96 
2439	49 
2440	75 
2441	57 
2442	1 
2443	17 
2444	4 
2445	60 
2446	58 
2447	27 
2448	48 
2449	49 
2450	109 
2451	64 
2452	57 
2453	20 
2454	53 
2455	17 
2456	56 
2457	14 
2458	1 
2459	89 
2460	61 
2461	13 
2462	85 
2463	1 
2464	31 
2465	36 
2466	4 
2467	67 
2468	99 
2469	36 
2470	22 
2471	48 
2472	56 
2473	26 
2474	39 
2475	24 
2476	103 
2477	47 
2478	68 
2479	59 
2480	91 
2481	17 
2482	72 
2483	10 
2484	100 
2485	93 
2486	48 
2487	96 
2488	69 
2489	7 
2490	17 
2491	80 
2492	33 
2493	57 
2494	35 
2495	86 
2496	47 
2497	1 
2498	102 
2499	55 
2500	109 
2501	75 
2502	72 
2503	22 
2504	57 
2505	72 
2506	8 
2507	109 
2508	103 
2509	54 
2510	36 
2511	105 
2512	34 
2513	94 
2514	14 
2515	1 
2516	74 
2517	45 
2518	103 
2519	16 
2520	22 
2521	49 
2522	55 
2523	56 
2524	60 
2525	70 
2526	48 
2527	31 
2528	32 
2529	38 
2530	51 
2531	52 
2532	79 
2533	5 
2534	96 
2535	104 
2536	13 
2537	101 
2538	11 
2539	32 
2540	102 
2541	26 
2542	80 
2543	75 
2544	31 
2545	92 
2546	109 
2547	17 
2548	88 
2549	93 
2550	2 
2551	30 
2552	105 
2553	35 
2554	60 
2555	61 
2556	93 
2557	22 
2558	12 
2559	93 
2560	74 
2561	84 
2562	30 
2563	59 
2564	94 
2565	62 
2566	13 
2567	3 
2568	99 
2569	58 
2570	70 
2571	51 
2572	81 
2573	2 
2574	58 
2575	84 
2576	28 
2577	17 
2578	14 
2579	35 
2580	87 
2581	47 
2582	86 
2583	12 
2584	94 
2585	37 
2586	83 
2587	104 
2588	80 
2589	87 
2590	57 
2591	13 
2592	45 
2593	47 
2594	77 
2595	17 
2596	17 
2597	35 
2598	84 
2599	59 
2600	104 
2601	57 
2602	93 
2603	103 
2604	16 
2605	31 
2606	61 
2607	100 
2608	92 
2609	27 
2610	82 
2611	24 
2612	14 
2613	90 
2614	102 
2615	88 
2616	96 
2617	54 
2618	28 
2619	82 
2620	64 
2621	41 
2622	65 
2623	89 
2624	65 
2625	86 
2626	4 
2627	7 
2628	65 
2629	93 
2630	51 
2631	22 
2632	10 
2633	104 
2634	75 
2635	93 
2636	4 
2637	54 
2638	108 
2639	84 
2640	108 
2641	80 
2642	37 
2643	62 
2644	47 
2645	27 
2646	5 
2647	44 
2648	20 
2649	55 
2650	9 
2651	104 
2652	102 
2653	17 
2654	36 
2655	26 
2656	53 
2657	2 
2658	56 
2659	57 
2660	28 
2661	85 
2662	38 
2663	7 
2664	108 
2665	98 
2666	65 
2667	97 
2668	95 
2669	39 
2670	107 
2671	102 
2672	74 
2673	105 
2674	81 
2675	36 
2676	75 
2677	100 
2678	27 
2679	2 
2680	54 
2681	45 
2682	22 
2683	45 
2684	109 
2685	84 
2686	90 
2687	82 
2688	13 
2689	27 
2690	55 
2691	73 
2692	24 
2693	93 
2694	103 
2695	37 
2696	72 
2697	72 
2698	80 
2699	25 
2700	27 
2701	18 
2702	48 
2703	108 
2704	102 
2705	34 
2706	34 
2707	19 
2708	59 
2709	102 
2710	80 
2711	36 
2712	43 
2713	13 
2714	19 
2715	32 
2716	105 
2717	15 
2718	55 
2719	41 
2720	75 
2721	38 
2722	58 
2723	1 
2724	39 
2725	99 
2726	75 
2727	26 
2728	76 
2729	43 
2730	32 
2731	5 
2732	17 
2733	31 
2734	103 
2735	24 
2736	19 
2737	33 
2738	79 
2739	40 
2740	56 
2741	105 
2742	87 
2743	27 
2744	55 
2745	51 
2746	13 
2747	19 
2748	58 
2749	40 
2750	32 
2751	93 
2752	25 
2753	81 
2754	71 
2755	31 
2756	82 
2757	103 
2758	80 
2759	13 
2760	54 
2761	1 
2762	64 
2763	71 
2764	44 
2765	22 
2766	46 
2767	27 
2768	12 
2769	82 
2770	90 
2771	2 
2772	84 
2773	22 
2774	93 
2775	47 
2776	27 
2777	19 
2778	82 
2779	45 
2780	87 
2781	66 
2782	104 
2783	22 
2784	72 
2785	47 
2786	91 
2787	27 
2788	80 
2789	99 
2790	47 
2791	84 
2792	40 
2793	53 
2794	11 
2795	14 
2796	89 
2797	8 
2798	102 
2799	96 
2800	104 
2801	12 
2802	86 
2803	101 
2804	3 
2805	47 
2806	68 
2807	99 
2808	104 
2809	29 
2810	57 
2811	108 
2812	56 
2813	4 
2814	89 
2815	94 
2816	108 
2817	47 
2818	87 
2819	85 
2820	94 
2821	86 
2822	102 
2823	87 
2824	101 
2825	103 
2826	3 
2827	66 
2828	102 
2829	17 
2830	71 
2831	54 
2832	50 
2833	43 
2834	46 
2835	20 
2836	38 
2837	45 
2838	17 
2839	54 
2840	45 
2841	1 
2842	22 
2843	62 
2844	17 
2845	8 
2846	70 
2847	43 
2848	99 
2849	66 
2850	10 
2851	27 
2852	82 
2853	4 
2854	1 
2855	5 
2856	89 
2857	96 
2858	102 
2859	81 
2860	105 
2861	29 
2862	17 
2863	102 
2864	72 
2865	86 
2866	43 
2867	12 
2868	85 
2869	86 
2870	5 
2871	35 
2872	108 
2873	42 
2874	22 
2875	76 
2876	49 
2877	81 
2878	17 
2879	31 
2880	1 
2881	36 
2882	47 
2883	34 
2884	37 
2885	72 
2886	97 
2887	74 
2888	96 
2889	14 
2890	57 
2891	45 
2892	95 
2893	69 
2894	75 
2895	37 
2896	101 
2897	37 
2898	32 
2899	17 
2900	21 
2901	29 
2902	107 
2903	13 
2904	29 
2905	31 
2906	53 
2907	30 
2908	3 
2909	100 
2910	1 
2911	89 
2912	12 
2913	38 
2914	79 
2915	73 
2916	73 
2917	96 
2918	96 
2919	71 
2920	27 
2921	101 
2922	59 
2923	91 
2924	23 
2925	76 
2926	38 
2927	17 
2928	6 
2929	19 
2930	93 
2931	24 
2932	7 
2933	100 
2934	89 
2935	70 
2936	8 
2937	61 
2938	24 
2939	15 
2940	91 
2941	86 
2942	106 
2943	73 
2944	66 
2945	14 
2946	83 
2947	33 
2948	72 
2949	82 
2950	80 
2951	31 
2952	100 
2953	48 
2954	76 
2955	108 
2956	13 
2957	45 
2958	101 
2959	55 
2960	48 
2961	3 
2962	103 
2963	72 
2964	100 
2965	48 
2966	82 
2967	100 
2968	55 
2969	37 
2970	32 
2971	89 
2972	11 
2973	60 
2974	99 
2975	50 
2976	72 
2977	35 
2978	68 
2979	67 
2980	35 
2981	89 
2982	56 
2983	72 
2984	37 
2985	66 
2986	34 
2987	106 
2988	17 
2989	103 
2990	72 
2991	90 
2992	41 
2993	1 
2994	32 
2995	72 
2996	21 
2997	2 
2998	54 
2999	18 
3000	13 
3001	57 
3002	14 
3003	43 
3004	16 
3005	96 
3006	37 
3007	96 
3008	91 
3009	70 
3010	108 
3011	22 
3012	41 
3013	67 
3014	66 
3015	104 
3016	82 
3017	92 
3018	48 
3019	94 
3020	27 
3021	108 
3022	81 
3023	106 
3024	97 
3025	20 
3026	11 
3027	24 
3028	76 
3029	16 
3030	103 
3031	95 
3032	46 
3033	71 
3034	60 
3035	2 
3036	11 
3037	104 
3038	73 
3039	79 
3040	82 
3041	39 
3042	72 
3043	66 
3044	25 
3045	101 
3046	81 
3047	12 
3048	22 
3049	67 
3050	24 
3051	33 
3052	44 
3053	47 
3054	4 
3055	62 
3056	56 
3057	102 
3058	4 
3059	24 
3060	60 
3061	60 
3062	105 
3063	45 
3064	95 
3065	102 
3066	52 
3067	37 
3068	49 
3069	41 
3070	85 
3071	85 
3072	27 
3073	86 
3074	32 
3075	94 
3076	17 
3077	95 
3078	78 
3079	51 
3080	41 
3081	4 
3082	103 
3083	47 
3084	6 
3085	101 
3086	8 
3087	45 
3088	22 
3089	66 
3090	71 
3091	88 
3092	31 
3093	102 
3094	22 
3095	37 
3096	95 
3097	8 
3098	12 
3099	64 
3100	34 
3101	75 
3102	1 
3103	33 
3104	20 
3105	12 
3106	94 
3107	37 
3108	45 
3109	35 
3110	102 
3111	10 
3112	74 
3113	30 
3114	101 
3115	83 
3116	102 
3117	17 
3118	11 
3119	32 
3120	45 
3121	93 
3122	43 
3123	99 
3124	54 
3125	82 
3126	53 
3127	1 
3128	12 
3129	53 
3130	17 
3131	96 
3132	22 
3133	102 
3134	21 
3135	108 
3136	73 
3137	8 
3138	98 
3139	33 
3140	33 
3141	104 
3142	7 
3143	81 
3144	66 
3145	40 
3146	34 
3147	3 
3148	42 
3149	1 
3150	3 
3151	60 
3152	67 
3153	34 
3154	80 
3155	18 
3156	47 
3157	12 
3158	37 
3159	88 
3160	71 
3161	105 
3162	96 
3163	93 
3164	66 
3165	40 
3166	8 
3167	17 
3168	102 
3169	66 
3170	32 
3171	12 
3172	91 
3173	54 
3174	99 
3175	57 
3176	73 
3177	37 
3178	34 
3179	70 
3180	53 
3181	7 
3182	31 
3183	27 
3184	102 
3185	80 
3186	30 
3187	42 
3188	42 
3189	89 
3190	59 
3191	93 
3192	21 
3193	70 
3194	109 
3195	1 
3196	61 
3197	104 
3198	22 
3199	12 
3200	22 
3201	26 
3202	93 
3203	46 
3204	39 
3205	6 
3206	1 
3207	102 
3208	76 
3209	91 
3210	104 
3211	96 
3212	57 
3213	1 
3214	22 
3215	38 
3216	101 
3217	102 
3218	72 
3219	87 
3220	30 
3221	46 
3222	3 
3223	28 
3224	98 
3225	10 
3226	103 
3227	39 
3228	4 
3229	4 
3230	54 
3231	60 
3232	100 
3233	36 
3234	1 
3235	20 
3236	59 
3237	108 
3238	45 
3239	29 
3240	100 
3241	33 
3242	68 
3243	85 
3244	22 
3245	56 
3246	54 
3247	78 
3248	27 
3249	55 
3250	94 
3251	54 
3252	37 
3253	57 
3254	58 
3255	80 
3256	35 
3257	56 
3258	18 
3259	55 
3260	75 
3261	91 
3262	95 
3263	81 
3264	59 
3265	7 
3266	69 
3267	30 
3268	43 
3269	108 
3270	52 
3271	1 
3272	22 
3273	103 
3274	47 
3275	2 
3276	76 
3277	37 
3278	32 
3279	74 
3280	93 
3281	72 
3282	89 
3283	51 
3284	105 
3285	91 
3286	58 
3287	87 
3288	13 
3289	94 
3290	81 
3291	58 
3292	85 
3293	17 
3294	12 
3295	19 
3296	61 
3297	47 
3298	31 
3299	94 
3300	97 
3301	109 
3302	10 
3303	71 
3304	68 
3305	38 
3306	82 
3307	10 
3308	80 
3309	82 
3310	81 
3311	105 
3312	29 
3313	33 
3314	2 
3315	5 
3316	79 
3317	106 
3318	31 
3319	93 
3320	82 
3321	20 
3322	51 
3323	54 
3324	56 
3325	100 
3326	13 
3327	100 
3328	5 
3329	12 
3330	9 
3331	17 
3332	58 
3333	102 
3334	45 
3335	12 
3336	56 
3337	41 
3338	102 
3339	22 
3340	55 
3341	87 
3342	10 
3343	74 
3344	87 
3345	14 
3346	45 
3347	72 
3348	67 
3349	68 
3350	20 
3351	23 
3352	2 
3353	79 
3354	100 
3355	32 
3356	4 
3357	1 
3358	54 
3359	18 
3360	99 
3361	62 
3362	32 
3363	62 
3364	37 
3365	38 
3366	10 
3367	12 
3368	1 
3369	4 
3370	28 
3371	105 
3372	7 
3373	28 
3374	25 
3375	81 
3376	79 
3377	84 
3378	92 
3379	62 
3380	108 
3381	33 
3382	22 
3383	81 
3384	107 
3385	59 
3386	44 
3387	55 
3388	21 
3389	45 
3390	66 
3391	15 
3392	94 
3393	68 
3394	102 
3395	64 
3396	22 
3397	82 
3398	90 
3399	1 
3400	86 
3401	41 
3402	8 
3403	56 
3404	64 
3405	80 
3406	15 
3407	32 
3408	97 
3409	36 
3410	76 
3411	59 
3412	72 
3413	17 
3414	12 
3415	51 
3416	80 
3417	72 
3418	108 
3419	35 
3420	56 
3421	31 
3422	72 
3423	13 
3424	10 
3425	60 
3426	25 
3427	106 
3428	105 
3429	4 
3430	14 
3431	74 
3432	9 
3433	94 
3434	47 
3435	45 
3436	33 
3437	85 
3438	29 
3439	4 
3440	109 
3441	55 
3442	46 
3443	56 
3444	45 
3445	11 
3446	1 
3447	7 
3448	10 
3449	4 
3450	45 
3451	12 
3452	22 
3453	87 
3454	80 
3455	103 
3456	45 
3457	90 
3458	52 
3459	81 
3460	96 
3461	1 
3462	35 
3463	82 
3464	87 
3465	2 
3466	12 
3467	51 
3468	91 
3469	12 
3470	27 
3471	92 
3472	103 
3473	96 
3474	67 
3475	41 
3476	47 
3477	56 
3478	51 
3479	2 
3480	36 
3481	12 
3482	70 
3483	44 
3484	89 
3485	59 
3486	37 
3487	81 
3488	72 
3489	81 
3490	50 
3491	1 
3492	106 
3493	42 
3494	46 
3495	50 
3496	94 
3497	72 
3498	59 
3499	31 
3500	31 
3501	56 
3502	86 
3503	59 
3504	33 
3505	107 
3506	15 
3507	64 
3508	88 
3509	83 
3510	2 
3511	17 
3512	12 
3513	60 
3514	87 
3515	35 
3516	81 
3517	105 
3518	72 
3519	49 
3520	87 
3521	1 
3522	2 
3523	1 
3524	59 
3525	105 
3526	80 
3527	30 
3528	89 
3529	44 
3530	76 
3531	96 
3532	84 
3533	43 
3534	2 
3535	79 
3536	96 
3537	108 
3538	108 
3539	108 
3540	84 
3541	29 
3542	66 
3543	5 
3544	54 
3545	7 
3546	41 
3547	85 
3548	100 
3549	56 
3550	12 
3551	69 
3552	27 
3553	99 
3554	72 
3555	68 
3556	44 
3557	83 
3558	66 
3559	54 
3560	55 
3561	46 
3562	58 
3563	12 
3564	45 
3565	58 
3566	33 
3567	99 
3568	93 
3569	101 
3570	59 
3571	41 
3572	60 
3573	37 
3574	17 
3575	55 
3576	41 
3577	80 
3578	76 
3579	14 
3580	13 
3581	17 
3582	52 
3583	12 
3584	19 
3585	72 
3586	34 
3587	61 
3588	89 
3589	12 
3590	9 
3591	91 
3592	108 
3593	25 
3594	9 
3595	42 
3596	5 
3597	51 
3598	55 
3599	5 
3600	32 
3601	35 
3602	57 
3603	104 
3604	25 
3605	76 
3606	13 
3607	36 
3608	57 
3609	68 
3610	31 
3611	105 
3612	42 
3613	1 
3614	12 
3615	96 
3616	61 
3617	108 
3618	8 
3619	71 
3620	60 
3621	77 
3622	99 
3623	74 
3624	17 
3625	23 
3626	107 
3627	12 
3628	12 
3629	67 
3630	62 
3631	41 
3632	9 
3633	43 
3634	64 
3635	56 
3636	37 
3637	32 
3638	91 
3639	17 
3640	23 
3641	12 
3642	17 
3643	31 
3644	75 
3645	87 
3646	29 
3647	72 
3648	95 
3649	67 
3650	17 
3651	102 
3652	108 
3653	86 
3654	68 
3655	24 
3656	61 
3657	54 
3658	25 
3659	45 
3660	2 
3661	43 
3662	105 
3663	97 
3664	20 
3665	47 
3666	76 
3667	45 
3668	38 
3669	44 
3670	25 
3671	65 
3672	96 
3673	72 
3674	41 
3675	31 
3676	53 
3677	35 
3678	36 
3679	66 
3680	108 
3681	81 
3682	2 
3683	8 
3684	105 
3685	75 
3686	38 
3687	58 
3688	94 
3689	27 
3690	54 
3691	86 
3692	43 
3693	99 
3694	54 
3695	41 
3696	22 
3697	14 
3698	52 
3699	38 
3700	75 
3701	38 
3702	43 
3703	42 
3704	24 
3705	26 
3706	10 
3707	93 
3708	91 
3709	59 
3710	11 
3711	15 
3712	5 
3713	91 
3714	65 
3715	105 
3716	65 
3717	62 
3718	9 
3719	103 
3720	102 
3721	12 
3722	24 
3723	4 
3724	99 
3725	20 
3726	98 
3727	22 
3728	37 
3729	104 
3730	31 
3731	12 
3732	3 
3733	45 
3734	40 
3735	31 
3736	107 
3737	80 
3738	92 
3739	45 
3740	29 
3741	76 
3742	21 
3743	1 
3744	79 
3745	61 
3746	71 
3747	101 
3748	67 
3749	54 
3750	50 
3751	37 
3752	8 
3753	19 
3754	109 
3755	23 
3756	1 
3757	87 
3758	103 
3759	68 
3760	38 
3761	18 
3762	1 
3763	3 
3764	54 
3765	33 
3766	55 
3767	93 
3768	69 
3769	79 
3770	102 
3771	58 
3772	47 
3773	80 
3774	59 
3775	58 
3776	22 
3777	69 
3778	27 
3779	95 
3780	61 
3781	97 
3782	44 
3783	100 
3784	31 
3785	100 
3786	12 
3787	41 
3788	27 
3789	48 
3790	26 
3791	4 
3792	8 
3793	78 
3794	52 
3795	100 
3796	101 
3797	103 
3798	51 
3799	107 
3800	40 
3801	35 
3802	33 
3803	89 
3804	8 
3805	94 
3806	51 
3807	54 
3808	45 
3809	13 
3810	72 
3811	78 
3812	91 
3813	56 
3814	22 
3815	13 
3816	45 
3817	57 
3818	80 
3819	109 
3820	100 
3821	49 
3822	47 
3823	50 
3824	22 
3825	82 
3826	76 
3827	8 
3828	57 
3829	23 
3830	98 
3831	22 
3832	20 
3833	102 
3834	35 
3835	91 
3836	104 
3837	75 
3838	34 
3839	70 
3840	95 
3841	28 
3842	60 
3843	20 
3844	87 
3845	102 
3846	68 
3847	33 
3848	55 
3849	82 
3850	16 
3851	82 
3852	43 
3853	86 
3854	26 
3855	17 
3856	51 
3857	43 
3858	45 
3859	88 
3860	36 
3861	84 
3862	11 
3863	57 
3864	1 
3865	85 
3866	79 
3867	68 
3868	17 
3869	15 
3870	31 
3871	100 
3872	68 
3873	20 
3874	50 
3875	103 
3876	17 
3877	36 
3878	33 
3879	45 
3880	71 
3881	16 
3882	46 
3883	105 
3884	108 
3885	18 
3886	22 
3887	13 
3888	105 
3889	55 
3890	93 
3891	49 
3892	93 
3893	88 
3894	82 
3895	80 
3896	100 
3897	19 
3898	71 
3899	62 
3900	7 
3901	66 
3902	81 
3903	92 
3904	66 
3905	52 
3906	71 
3907	108 
3908	108 
3909	39 
3910	12 
3911	41 
3912	80 
3913	96 
3914	72 
3915	99 
3916	22 
3917	76 
3918	94 
3919	64 
3920	62 
3921	66 
3922	104 
3923	8 
3924	39 
3925	27 
3926	41 
3927	10 
3928	90 
3929	97 
3930	54 
3931	30 
3932	109 
3933	10 
3934	36 
3935	18 
3936	17 
3937	17 
3938	51 
3939	66 
3940	27 
3941	108 
3942	60 
3943	62 
3944	35 
3945	43 
3946	54 
3947	96 
3948	83 
3949	79 
3950	95 
3951	21 
3952	102 
3953	94 
3954	96 
3955	45 
3956	27 
3957	12 
3958	9 
3959	43 
3960	27 
3961	47 
3962	105 
3963	69 
3964	103 
3965	61 
3966	53 
3967	80 
3968	5 
3969	85 
3970	56 
3971	108 
3972	84 
3973	77 
3974	60 
3975	28 
3976	24 
3977	38 
3978	70 
3979	35 
3980	55 
3981	100 
3982	55 
3983	66 
3984	86 
3985	2 
3986	4 
3987	37 
3988	92 
3989	4 
3990	1 
3991	14 
3992	64 
3993	35 
3994	105 
3995	12 
3996	81 
3997	43 
3998	89 
3999	107 
4000	67 
4001	17 
4002	79 
4003	100 
4004	33 
4005	8 
4006	56 
4007	4 
4008	57 
4009	62 
4010	51 
4011	39 
4012	2 
4013	31 
4014	4 
4015	94 
4016	68 
4017	66 
4018	93 
4019	63 
4020	37 
4021	16 
4022	88 
4023	72 
4024	100 
4025	40 
4026	55 
4027	54 
4028	57 
4029	57 
4030	57 
4031	3 
4032	68 
4033	82 
4034	5 
4035	71 
4036	79 
4037	22 
4038	34 
4039	102 
4040	86 
4041	56 
4042	108 
4043	26 
4044	41 
4045	32 
4046	56 
4047	22 
4048	95 
4049	5 
4050	97 
4051	94 
4052	96 
4053	84 
4054	82 
4055	72 
4056	85 
4057	82 
4058	59 
4059	95 
4060	48 
4061	37 
4062	55 
4063	54 
4064	93 
4065	35 
4066	82 
4067	24 
4068	20 
4069	95 
4070	81 
4071	14 
4072	82 
4073	43 
4074	100 
4075	82 
4076	61 
4077	56 
4078	43 
4079	92 
4080	42 
4081	3 
4082	27 
4083	43 
4084	96 
4085	38 
4086	40 
4087	93 
4088	85 
4089	56 
4090	72 
4091	82 
4092	108 
4093	23 
4094	22 
4095	65 
4096	12 
4097	48 
4098	53 
4099	13 
4100	106 
4101	65 
4102	82 
4103	90 
4104	7 
4105	52 
4106	79 
4107	57 
4108	8 
4109	60 
4110	101 
4111	5 
4112	97 
4113	96 
4114	22 
4115	81 
4116	55 
4117	22 
4118	72 
4119	1 
4120	37 
4121	55 
4122	7 
4123	48 
4124	7 
4125	57 
4126	63 
4127	93 
4128	68 
4129	80 
4130	68 
4131	72 
4132	18 
4133	99 
4134	13 
4135	61 
4136	86 
4137	23 
4138	17 
4139	25 
4140	22 
4141	70 
4142	86 
4143	91 
4144	2 
4145	106 
4146	38 
4147	12 
4148	59 
4149	6 
4150	40 
4151	86 
4152	57 
4153	63 
4154	5 
4155	86 
4156	32 
4157	70 
4158	96 
4159	81 
4160	82 
4161	88 
4162	100 
4163	66 
4164	81 
4165	71 
4166	80 
4167	9 
4168	77 
4169	77 
4170	66 
4171	41 
4172	32 
4173	38 
4174	94 
4175	97 
4176	65 
4177	38 
4178	53 
4179	60 
4180	10 
4181	46 
4182	38 
4183	45 
4184	100 
4185	22 
4186	79 
4187	90 
4188	46 
4189	12 
4190	102 
4191	93 
4192	84 
4193	100 
4194	70 
4195	4 
4196	96 
4197	56 
4198	95 
4199	87 
4200	96 
4201	41 
4202	43 
4203	17 
4204	42 
4205	9 
4206	36 
4207	75 
4208	89 
4209	8 
4210	61 
4211	61 
4212	102 
4213	39 
4214	102 
4215	27 
4216	66 
4217	78 
4218	100 
4219	57 
4220	26 
4221	56 
4222	47 
4223	59 
4224	12 
4225	44 
4226	96 
4227	17 
4228	82 
4229	18 
4230	105 
4231	90 
4232	30 
4233	37 
4234	94 
4235	31 
4236	23 
4237	18 
4238	47 
4239	72 
4240	25 
4241	38 
4242	104 
4243	36 
4244	108 
4245	23 
4246	71 
4247	2 
4248	35 
4249	73 
4250	54 
4251	56 
4252	72 
4253	56 
4254	43 
4255	30 
4256	45 
4257	8 
4258	43 
4259	17 
4260	96 
4261	25 
4262	4 
4263	45 
4264	105 
4265	36 
4266	1 
4267	100 
4268	34 
4269	99 
4270	55 
4271	63 
4272	85 
4273	48 
4274	56 
4275	103 
4276	71 
4277	109 
4278	4 
4279	72 
4280	106 
4281	57 
4282	96 
4283	32 
4284	91 
4285	24 
4286	18 
4287	31 
4288	55 
4289	53 
4290	22 
4291	99 
4292	78 
4293	105 
4294	60 
4295	37 
4296	28 
4297	45 
4298	62 
4299	36 
4300	27 
4301	31 
4302	43 
4303	22 
4304	72 
4305	109 
4306	82 
4307	102 
4308	102 
4309	12 
4310	107 
4311	12 
4312	96 
4313	18 
4314	53 
4315	108 
4316	44 
4317	12 
4318	70 
4319	13 
4320	99 
4321	34 
4322	96 
4323	89 
4324	1 
4325	100 
4326	31 
4327	63 
4328	100 
4329	48 
4330	108 
4331	108 
4332	1 
4333	10 
4334	91 
4335	22 
4336	75 
4337	89 
4338	55 
4339	49 
4340	38 
4341	96 
4342	103 
4343	84 
4344	101 
4345	22 
4346	100 
4347	105 
4348	52 
4349	84 
4350	79 
4351	52 
4352	80 
4353	80 
4354	36 
4355	56 
4356	104 
4357	98 
4358	14 
4359	22 
4360	108 
4361	40 
4362	105 
4363	4 
4364	97 
4365	17 
4366	4 
4367	34 
4368	5 
4369	12 
4370	32 
4371	31 
4372	96 
4373	55 
4374	81 
4375	10 
4376	55 
4377	73 
4378	95 
4379	12 
4380	76 
4381	100 
4382	90 
4383	76 
4384	68 
4385	14 
4386	20 
4387	17 
4388	108 
4389	77 
4390	100 
4391	108 
4392	64 
4393	109 
4394	5 
4395	104 
4396	14 
4397	102 
4398	91 
4399	21 
4400	100 
4401	96 
4402	41 
4403	36 
4404	4 
4405	36 
4406	77 
4407	60 
4408	38 
4409	102 
4410	98 
4411	7 
4412	35 
4413	60 
4414	29 
4415	24 
4416	59 
4417	21 
4418	88 
4419	72 
4420	105 
4421	89 
4422	35 
4423	106 
4424	6 
4425	41 
4426	43 
4427	59 
4428	38 
4429	2 
4430	15 
4431	96 
4432	57 
4433	80 
4434	45 
4435	85 
4436	37 
4437	80 
4438	92 
4439	17 
4440	92 
4441	72 
4442	93 
4443	102 
4444	80 
4445	27 
4446	22 
4447	6 
4448	5 
4449	96 
4450	98 
4451	77 
4452	109 
4453	4 
4454	37 
4455	85 
4456	95 
4457	16 
4458	40 
4459	96 
4460	67 
4461	4 
4462	50 
4463	4 
4464	56 
4465	87 
4466	38 
4467	43 
4468	35 
4469	46 
4470	76 
4471	64 
4472	60 
4473	53 
4474	78 
4475	35 
4476	38 
4477	12 
4478	72 
4479	42 
4480	39 
4481	3 
4482	86 
4483	25 
4484	33 
4485	10 
4486	76 
4487	20 
4488	82 
4489	100 
4490	57 
4491	66 
4492	53 
4493	70 
4494	62 
4495	40 
4496	57 
4497	101 
4498	15 
4499	29 
4500	55 
4501	10 
4502	22 
4503	22 
4504	55 
4505	17 
4506	99 
4507	85 
4508	45 
4509	31 
4510	106 
4511	12 
4512	61 
4513	30 
4514	59 
4515	103 
4516	59 
4517	81 
4518	34 
4519	66 
4520	45 
4521	5 
4522	51 
4523	90 
4524	23 
4525	52 
4526	56 
4527	53 
4528	32 
4529	4 
4530	60 
4531	82 
4532	65 
4533	36 
4534	43 
4535	41 
4536	3 
4537	12 
4538	17 
4539	67 
4540	70 
4541	99 
4542	38 
4543	105 
4544	46 
4545	62 
4546	99 
4547	5 
4548	6 
4549	22 
4550	27 
4551	19 
4552	47 
4553	32 
4554	72 
4555	49 
4556	96 
4557	95 
4558	15 
4559	40 
4560	22 
4561	17 
4562	49 
4563	56 
4564	48 
4565	103 
4566	8 
4567	93 
4568	4 
4569	103 
4570	76 
4571	75 
4572	80 
4573	53 
4574	15 
4575	62 
4576	106 
4577	43 
4578	5 
4579	52 
4580	8 
4581	56 
4582	37 
4583	82 
4584	94 
4585	5 
4586	45 
4587	32 
4588	50 
4589	90 
4590	97 
4591	80 
4592	32 
4593	23 
4594	27 
4595	23 
4596	9 
4597	94 
4598	100 
4599	20 
4600	106 
4601	27 
4602	102 
4603	34 
4604	83 
4605	41 
4606	2 
4607	45 
4608	83 
4609	79 
4610	21 
4611	96 
4612	22 
4613	95 
4614	68 
4615	37 
4616	100 
4617	3 
4618	36 
4619	2 
4620	54 
4621	108 
4622	104 
4623	59 
4624	80 
4625	38 
4626	51 
4627	61 
4628	20 
4629	31 
4630	72 
4631	80 
4632	94 
4633	66 
4634	57 
4635	70 
4636	8 
4637	13 
4638	32 
4639	22 
4640	77 
4641	14 
4642	101 
4643	66 
4644	43 
4645	82 
4646	87 
4647	31 
4648	72 
4649	59 
4650	46 
4651	45 
4652	73 
4653	35 
4654	62 
4655	38 
4656	47 
4657	60 
4658	22 
4659	60 
4660	66 
4661	95 
4662	26 
4663	101 
4664	100 
4665	32 
4666	45 
4667	91 
4668	93 
4669	22 
4670	71 
4671	96 
4672	72 
4673	100 
4674	1 
4675	38 
4676	59 
4677	1 
4678	35 
4679	62 
4680	78 
4681	58 
4682	27 
4683	6 
4684	96 
4685	96 
4686	80 
4687	100 
4688	51 
4689	13 
4690	90 
4691	44 
4692	36 
4693	5 
4694	81 
4695	97 
4696	32 
4697	38 
4698	36 
4699	45 
4700	30 
4701	102 
4702	96 
4703	17 
4704	16 
4705	92 
4706	66 
4707	87 
4708	55 
4709	8 
4710	23 
4711	27 
4712	108 
4713	76 
4714	45 
4715	22 
4716	100 
4717	108 
4718	1 
4719	35 
4720	57 
4721	75 
4722	8 
4723	20 
4724	105 
4725	104 
4726	41 
4727	85 
4728	16 
4729	97 
4730	63 
4731	50 
4732	81 
4733	70 
4734	72 
4735	12 
4736	86 
4737	71 
4738	85 
4739	12 
4740	19 
4741	60 
4742	13 
4743	65 
4744	51 
4745	14 
4746	1 
4747	99 
4748	45 
4749	67 
4750	35 
4751	85 
4752	80 
4753	12 
4754	45 
4755	102 
4756	50 
4757	70 
4758	105 
4759	88 
4760	61 
4761	80 
4762	28 
4763	23 
4764	93 
4765	72 
4766	9 
4767	35 
4768	32 
4769	96 
4770	85 
4771	50 
4772	46 
4773	59 
4774	10 
4775	14 
4776	86 
4777	70 
4778	70 
4779	91 
4780	1 
4781	2 
4782	3 
4783	60 
4784	95 
4785	55 
4786	23 
4787	29 
4788	92 
4789	41 
4790	58 
4791	55 
4792	37 
4793	24 
4794	101 
4795	23 
4796	108 
4797	96 
4798	55 
4799	11 
4800	76 
4801	30 
4802	54 
4803	28 
4804	12 
4805	108 
4806	33 
4807	80 
4808	1 
4809	38 
4810	23 
4811	47 
4812	102 
4813	66 
4814	87 
4815	90 
4816	36 
4817	87 
4818	5 
4819	56 
4820	2 
4821	57 
4822	94 
4823	8 
4824	53 
4825	74 
4826	105 
4827	100 
4828	49 
4829	56 
4830	66 
4831	14 
4832	92 
4833	91 
4834	4 
4835	26 
4836	51 
4837	89 
4838	81 
4839	4 
4840	107 
4841	41 
4842	94 
4843	8 
4844	34 
4845	11 
4846	89 
4847	108 
4848	46 
4849	82 
4850	96 
4851	45 
4852	81 
4853	44 
4854	44 
4855	105 
4856	28 
4857	81 
4858	81 
4859	72 
4860	17 
4861	43 
4862	4 
4863	58 
4864	55 
4865	59 
4866	102 
4867	40 
4868	9 
4869	33 
4870	58 
4871	15 
4872	106 
4873	105 
4874	29 
4875	43 
4876	33 
4877	36 
4878	80 
4879	106 
4880	105 
4881	45 
4882	4 
4883	87 
4884	8 
4885	102 
4886	47 
4887	70 
4888	86 
4889	94 
4890	51 
4891	41 
4892	32 
4893	100 
4894	18 
4895	84 
4896	12 
4897	91 
4898	68 
4899	85 
4900	36 
4901	88 
4902	91 
4903	68 
4904	61 
4905	81 
4906	13 
4907	108 
4908	46 
4909	45 
4910	87 
4911	10 
4912	72 
4913	107 
4914	105 
4915	56 
4916	34 
4917	79 
4918	8 
4919	100 
4920	63 
4921	57 
4922	100 
4923	103 
4924	56 
4925	8 
4926	14 
4927	92 
4928	80 
4929	105 
4930	98 
4931	45 
4932	20 
4933	102 
4934	23 
4935	9 
4936	83 
4937	76 
4938	5 
4939	95 
4940	82 
4941	59 
4942	45 
4943	81 
4944	61 
4945	96 
4946	40 
4947	57 
4948	94 
4949	38 
4950	31 
4951	12 
4952	37 
4953	31 
4954	23 
4955	31 
4956	99 
4957	36 
4958	102 
4959	75 
4960	81 
4961	72 
4962	100 
4963	21 
4964	72 
4965	47 
4966	7 
4967	65 
4968	102 
4969	105 
4970	74 
4971	106 
4972	66 
4973	59 
4974	4 
4975	84 
4976	73 
4977	17 
4978	44 
4979	14 
4980	94 
4981	44 
4982	10 
4983	10 
4984	4 
4985	10 
4986	75 
4987	48 
4988	20 
4989	87 
4990	96 
4991	10 
4992	7 
4993	31 
4994	27 
4995	36 
4996	4 
4997	89 
4998	66 
4999	85 
5000	53 
