1	36 
2	18 
3	36 
4	66 
5	86 
6	12 
7	11 
8	74 
9	8 
10	59 
11	77 
12	15 
13	71 
14	87 
15	60 
16	21 
17	21 
18	58 
19	12 
20	46 
21	87 
22	84 
23	34 
24	27 
25	87 
26	16 
27	15 
28	51 
29	60 
30	76 
31	21 
32	7 
33	68 
34	76 
35	87 
36	46 
37	32 
38	87 
39	44 
40	39 
41	95 
42	76 
43	74 
44	95 
45	42 
46	34 
47	15 
48	32 
49	87 
50	13 
51	87 
52	73 
53	78 
54	87 
55	10 
56	67 
57	34 
58	73 
59	35 
60	5 
61	84 
62	5 
63	23 
64	13 
65	87 
66	34 
67	54 
68	46 
69	42 
70	93 
71	4 
72	47 
73	46 
74	15 
75	40 
76	21 
77	95 
78	13 
79	27 
80	4 
81	9 
82	58 
83	66 
84	56 
85	89 
86	1 
87	74 
88	63 
89	59 
90	83 
91	12 
92	83 
93	65 
94	48 
95	58 
96	24 
97	14 
98	68 
99	85 
100	77 
101	53 
102	69 
103	1 
104	93 
105	59 
106	66 
107	42 
108	80 
109	24 
110	65 
111	85 
112	74 
113	46 
114	65 
115	33 
116	46 
117	68 
118	44 
119	38 
120	24 
121	87 
122	56 
123	21 
124	90 
125	16 
126	46 
127	83 
128	58 
129	5 
130	35 
131	59 
132	75 
133	73 
134	42 
135	44 
136	6 
137	18 
138	61 
139	80 
140	57 
141	58 
142	88 
143	10 
144	74 
145	44 
146	95 
147	50 
148	80 
149	12 
150	40 
151	49 
152	83 
153	64 
154	92 
155	30 
156	41 
157	58 
158	87 
159	8 
160	66 
161	28 
162	33 
163	21 
164	87 
165	27 
166	10 
167	10 
168	87 
169	8 
170	6 
171	44 
172	10 
173	21 
174	80 
175	21 
176	27 
177	63 
178	43 
179	34 
180	40 
181	13 
182	27 
183	1 
184	71 
185	15 
186	80 
187	16 
188	66 
189	84 
190	39 
191	80 
192	5 
193	28 
194	29 
195	46 
196	85 
197	22 
198	76 
199	49 
200	10 
201	45 
202	12 
203	58 
204	25 
205	27 
206	29 
207	58 
208	22 
209	59 
210	32 
211	64 
212	67 
213	43 
214	43 
215	68 
216	27 
217	49 
218	30 
219	49 
220	26 
221	19 
222	91 
223	93 
224	59 
225	23 
226	46 
227	25 
228	60 
229	70 
230	92 
231	71 
232	81 
233	13 
234	11 
235	22 
236	52 
237	36 
238	14 
239	67 
240	1 
241	59 
242	50 
243	57 
244	45 
245	81 
246	48 
247	93 
248	92 
249	16 
250	80 
251	50 
252	6 
253	10 
254	49 
255	36 
256	31 
257	58 
258	28 
259	14 
260	8 
261	47 
262	74 
263	66 
264	81 
265	12 
266	64 
267	90 
268	42 
269	15 
270	19 
271	71 
272	15 
273	40 
274	81 
275	60 
276	24 
277	58 
278	38 
279	54 
280	85 
281	9 
282	77 
283	39 
284	24 
285	73 
286	63 
287	69 
288	12 
289	6 
290	85 
291	76 
292	79 
293	73 
294	6 
295	44 
296	16 
297	81 
298	51 
299	76 
300	49 
301	54 
302	25 
303	75 
304	55 
305	49 
306	42 
307	18 
308	26 
309	78 
310	49 
311	7 
312	91 
313	34 
314	72 
315	55 
316	38 
317	48 
318	6 
319	48 
320	35 
321	37 
322	14 
323	59 
324	45 
325	57 
326	81 
327	48 
328	21 
329	51 
330	32 
331	92 
332	74 
333	81 
334	57 
335	63 
336	25 
337	13 
338	53 
339	89 
340	44 
341	49 
342	88 
343	7 
344	78 
345	65 
346	12 
347	69 
348	74 
349	43 
350	1 
351	85 
352	39 
353	95 
354	32 
355	51 
356	91 
357	45 
358	16 
359	2 
360	18 
361	30 
362	74 
363	63 
364	32 
365	80 
366	13 
367	6 
368	73 
369	81 
370	47 
371	14 
372	40 
373	76 
374	24 
375	1 
376	39 
377	86 
378	80 
379	27 
380	17 
381	15 
382	83 
383	92 
384	36 
385	48 
386	41 
387	49 
388	58 
389	8 
390	18 
391	92 
392	24 
393	44 
394	34 
395	89 
396	6 
397	58 
398	67 
399	14 
400	26 
401	43 
402	53 
403	81 
404	73 
405	34 
406	84 
407	10 
408	63 
409	12 
410	39 
411	88 
412	10 
413	56 
414	82 
415	60 
416	29 
417	33 
418	96 
419	81 
420	7 
421	62 
422	58 
423	90 
424	61 
425	24 
426	14 
427	65 
428	12 
429	58 
430	28 
431	21 
432	59 
433	46 
434	81 
435	29 
436	85 
437	43 
438	12 
439	58 
440	70 
441	81 
442	55 
443	82 
444	49 
445	93 
446	60 
447	94 
448	88 
449	70 
450	37 
451	15 
452	47 
453	3 
454	35 
455	32 
456	50 
457	53 
458	81 
459	49 
460	89 
461	72 
462	12 
463	45 
464	58 
465	80 
466	10 
467	61 
468	1 
469	56 
470	36 
471	21 
472	10 
473	93 
474	61 
475	12 
476	50 
477	49 
478	5 
479	47 
480	15 
481	21 
482	20 
483	10 
484	36 
485	46 
486	59 
487	89 
488	30 
489	30 
490	86 
491	48 
492	79 
493	26 
494	16 
495	84 
496	42 
497	74 
498	27 
499	96 
500	78 
501	71 
502	1 
503	8 
504	63 
505	78 
506	33 
507	67 
508	5 
509	94 
510	28 
511	94 
512	22 
513	27 
514	92 
515	90 
516	67 
517	45 
518	81 
519	5 
520	57 
521	42 
522	58 
523	21 
524	4 
525	1 
526	16 
527	93 
528	27 
529	1 
530	36 
531	58 
532	62 
533	53 
534	34 
535	7 
536	42 
537	36 
538	41 
539	57 
540	87 
541	26 
542	36 
543	10 
544	81 
545	41 
546	71 
547	61 
548	80 
549	1 
550	78 
551	57 
552	28 
553	61 
554	76 
555	45 
556	36 
557	9 
558	13 
559	32 
560	74 
561	12 
562	53 
563	38 
564	16 
565	92 
566	48 
567	28 
568	57 
569	92 
570	69 
571	7 
572	50 
573	10 
574	80 
575	44 
576	41 
577	9 
578	81 
579	70 
580	7 
581	60 
582	21 
583	76 
584	5 
585	3 
586	32 
587	81 
588	26 
589	60 
590	5 
591	20 
592	40 
593	42 
594	3 
595	85 
596	68 
597	93 
598	95 
599	30 
600	92 
601	83 
602	54 
603	62 
604	80 
605	43 
606	12 
607	35 
608	91 
609	36 
610	19 
611	87 
612	37 
613	53 
614	55 
615	46 
616	20 
617	46 
618	81 
619	74 
620	17 
621	39 
622	81 
623	45 
624	47 
625	35 
626	82 
627	65 
628	12 
629	20 
630	15 
631	25 
632	65 
633	31 
634	8 
635	80 
636	84 
637	12 
638	31 
639	71 
640	49 
641	31 
642	47 
643	28 
644	45 
645	93 
646	39 
647	88 
648	86 
649	28 
650	82 
651	89 
652	21 
653	11 
654	78 
655	10 
656	3 
657	63 
658	36 
659	51 
660	15 
661	16 
662	42 
663	55 
664	39 
665	19 
666	60 
667	56 
668	57 
669	27 
670	82 
671	81 
672	29 
673	56 
674	1 
675	34 
676	91 
677	92 
678	26 
679	46 
680	46 
681	5 
682	84 
683	33 
684	10 
685	63 
686	85 
687	90 
688	59 
689	42 
690	50 
691	43 
692	23 
693	14 
694	8 
695	41 
696	26 
697	36 
698	30 
699	25 
700	60 
701	82 
702	40 
703	92 
704	15 
705	8 
706	18 
707	50 
708	55 
709	23 
710	22 
711	92 
712	68 
713	50 
714	53 
715	46 
716	68 
717	20 
718	25 
719	27 
720	6 
721	32 
722	89 
723	89 
724	31 
725	24 
726	78 
727	79 
728	6 
729	30 
730	45 
731	10 
732	25 
733	55 
734	29 
735	60 
736	61 
737	33 
738	16 
739	73 
740	26 
741	1 
742	92 
743	72 
744	3 
745	43 
746	87 
747	93 
748	10 
749	13 
750	61 
751	58 
752	92 
753	46 
754	43 
755	19 
756	18 
757	34 
758	19 
759	60 
760	8 
761	44 
762	19 
763	14 
764	59 
765	72 
766	80 
767	92 
768	61 
769	79 
770	89 
771	10 
772	53 
773	13 
774	58 
775	79 
776	59 
777	59 
778	76 
779	47 
780	13 
781	48 
782	36 
783	72 
784	21 
785	12 
786	7 
787	84 
788	63 
789	13 
790	85 
791	21 
792	66 
793	27 
794	78 
795	95 
796	79 
797	13 
798	77 
799	49 
800	76 
801	38 
802	54 
803	12 
804	16 
805	93 
806	55 
807	49 
808	47 
809	40 
810	55 
811	21 
812	80 
813	3 
814	84 
815	13 
816	14 
817	7 
818	25 
819	65 
820	29 
821	96 
822	21 
823	17 
824	77 
825	74 
826	76 
827	8 
828	15 
829	70 
830	6 
831	94 
832	75 
833	49 
834	61 
835	81 
836	30 
837	65 
838	80 
839	70 
840	91 
841	16 
842	45 
843	39 
844	70 
845	60 
846	85 
847	56 
848	87 
849	6 
850	8 
851	86 
852	46 
853	25 
854	45 
855	42 
856	75 
857	66 
858	75 
859	46 
860	57 
861	3 
862	34 
863	77 
864	50 
865	8 
866	80 
867	56 
868	14 
869	50 
870	94 
871	10 
872	47 
873	81 
874	15 
875	18 
876	46 
877	45 
878	16 
879	66 
880	61 
881	92 
882	8 
883	29 
884	71 
885	4 
886	60 
887	8 
888	46 
889	80 
890	54 
891	27 
892	26 
893	73 
894	92 
895	87 
896	58 
897	74 
898	19 
899	59 
900	61 
901	87 
902	70 
903	80 
904	70 
905	19 
906	39 
907	72 
908	14 
909	23 
910	10 
911	45 
912	75 
913	66 
914	59 
915	73 
916	82 
917	34 
918	84 
919	76 
920	16 
921	2 
922	12 
923	31 
924	30 
925	22 
926	7 
927	60 
928	76 
929	65 
930	79 
931	86 
932	23 
933	17 
934	54 
935	65 
936	71 
937	49 
938	72 
939	11 
940	48 
941	68 
942	84 
943	57 
944	49 
945	89 
946	87 
947	25 
948	8 
949	23 
950	32 
951	46 
952	92 
953	87 
954	30 
955	59 
956	24 
957	21 
958	27 
959	94 
960	78 
961	51 
962	17 
963	18 
964	94 
965	49 
966	25 
967	60 
968	96 
969	79 
970	39 
971	4 
972	93 
973	90 
974	19 
975	70 
976	21 
977	10 
978	1 
979	13 
980	46 
981	4 
982	50 
983	8 
984	60 
985	60 
986	68 
987	51 
988	36 
989	32 
990	61 
991	17 
992	49 
993	96 
994	53 
995	57 
996	78 
997	19 
998	34 
999	87 
1000	13 
1001	1 
1002	93 
1003	33 
1004	74 
1005	84 
1006	20 
1007	34 
1008	51 
1009	92 
1010	64 
1011	93 
1012	42 
1013	26 
1014	68 
1015	77 
1016	49 
1017	15 
1018	7 
1019	22 
1020	57 
1021	30 
1022	10 
1023	6 
1024	92 
1025	82 
1026	56 
1027	88 
1028	46 
1029	14 
1030	12 
1031	41 
1032	18 
1033	86 
1034	32 
1035	54 
1036	91 
1037	74 
1038	16 
1039	15 
1040	45 
1041	22 
1042	3 
1043	56 
1044	26 
1045	7 
1046	22 
1047	53 
1048	94 
1049	92 
1050	50 
1051	91 
1052	8 
1053	54 
1054	65 
1055	76 
1056	8 
1057	50 
1058	57 
1059	12 
1060	94 
1061	75 
1062	65 
1063	38 
1064	77 
1065	6 
1066	46 
1067	79 
1068	19 
1069	39 
1070	6 
1071	93 
1072	41 
1073	88 
1074	81 
1075	21 
1076	48 
1077	94 
1078	58 
1079	50 
1080	69 
1081	4 
1082	30 
1083	46 
1084	46 
1085	72 
1086	93 
1087	74 
1088	13 
1089	54 
1090	12 
1091	85 
1092	66 
1093	2 
1094	68 
1095	70 
1096	14 
1097	63 
1098	4 
1099	51 
1100	78 
1101	35 
1102	60 
1103	20 
1104	39 
1105	77 
1106	92 
1107	8 
1108	16 
1109	72 
1110	44 
1111	81 
1112	84 
1113	81 
1114	16 
1115	70 
1116	52 
1117	76 
1118	25 
1119	45 
1120	59 
1121	88 
1122	27 
1123	10 
1124	40 
1125	57 
1126	19 
1127	77 
1128	16 
1129	86 
1130	76 
1131	6 
1132	72 
1133	2 
1134	21 
1135	30 
1136	39 
1137	87 
1138	18 
1139	8 
1140	94 
1141	93 
1142	33 
1143	83 
1144	13 
1145	10 
1146	27 
1147	40 
1148	70 
1149	11 
1150	67 
1151	55 
1152	10 
1153	40 
1154	60 
1155	15 
1156	75 
1157	53 
1158	20 
1159	87 
1160	15 
1161	66 
1162	57 
1163	36 
1164	41 
1165	87 
1166	31 
1167	26 
1168	31 
1169	57 
1170	60 
1171	54 
1172	56 
1173	46 
1174	55 
1175	30 
1176	3 
1177	70 
1178	26 
1179	19 
1180	2 
1181	71 
1182	3 
1183	31 
1184	26 
1185	85 
1186	38 
1187	12 
1188	89 
1189	18 
1190	42 
1191	59 
1192	36 
1193	84 
1194	26 
1195	22 
1196	41 
1197	89 
1198	87 
1199	6 
1200	46 
1201	84 
1202	94 
1203	41 
1204	58 
1205	14 
1206	87 
1207	55 
1208	61 
1209	10 
1210	33 
1211	30 
1212	42 
1213	31 
1214	61 
1215	16 
1216	42 
1217	57 
1218	74 
1219	88 
1220	86 
1221	90 
1222	66 
1223	12 
1224	43 
1225	55 
1226	21 
1227	54 
1228	49 
1229	86 
1230	12 
1231	38 
1232	45 
1233	8 
1234	29 
1235	5 
1236	45 
1237	67 
1238	32 
1239	12 
1240	45 
1241	74 
1242	93 
1243	26 
1244	61 
1245	80 
1246	5 
1247	37 
1248	54 
1249	37 
1250	59 
1251	8 
1252	95 
1253	15 
1254	78 
1255	6 
1256	10 
1257	3 
1258	87 
1259	46 
1260	59 
1261	84 
1262	35 
1263	47 
1264	78 
1265	68 
1266	29 
1267	92 
1268	62 
1269	24 
1270	84 
1271	5 
1272	17 
1273	67 
1274	36 
1275	12 
1276	20 
1277	34 
1278	50 
1279	78 
1280	58 
1281	52 
1282	77 
1283	4 
1284	10 
1285	79 
1286	21 
1287	26 
1288	63 
1289	22 
1290	75 
1291	85 
1292	68 
1293	38 
1294	1 
1295	50 
1296	55 
1297	42 
1298	74 
1299	22 
1300	86 
1301	57 
1302	34 
1303	12 
1304	33 
1305	12 
1306	2 
1307	85 
1308	10 
1309	20 
1310	21 
1311	75 
1312	10 
1313	20 
1314	93 
1315	13 
1316	80 
1317	79 
1318	76 
1319	21 
1320	80 
1321	80 
1322	23 
1323	40 
1324	46 
1325	35 
1326	48 
1327	55 
1328	63 
1329	88 
1330	40 
1331	45 
1332	10 
1333	8 
1334	78 
1335	6 
1336	7 
1337	19 
1338	78 
1339	56 
1340	27 
1341	60 
1342	87 
1343	93 
1344	19 
1345	27 
1346	86 
1347	80 
1348	27 
1349	16 
1350	4 
1351	8 
1352	17 
1353	60 
1354	20 
1355	20 
1356	16 
1357	66 
1358	44 
1359	50 
1360	36 
1361	15 
1362	96 
1363	71 
1364	33 
1365	47 
1366	13 
1367	79 
1368	14 
1369	25 
1370	34 
1371	13 
1372	2 
1373	26 
1374	50 
1375	35 
1376	86 
1377	53 
1378	20 
1379	22 
1380	96 
1381	19 
1382	34 
1383	48 
1384	19 
1385	92 
1386	74 
1387	34 
1388	30 
1389	25 
1390	81 
1391	5 
1392	57 
1393	34 
1394	45 
1395	8 
1396	6 
1397	74 
1398	86 
1399	92 
1400	87 
1401	10 
1402	10 
1403	79 
1404	52 
1405	73 
1406	57 
1407	92 
1408	89 
1409	5 
1410	31 
1411	72 
1412	89 
1413	5 
1414	51 
1415	78 
1416	86 
1417	46 
1418	57 
1419	65 
1420	73 
1421	94 
1422	6 
1423	58 
1424	46 
1425	74 
1426	59 
1427	31 
1428	71 
1429	69 
1430	15 
1431	65 
1432	35 
1433	13 
1434	36 
1435	15 
1436	10 
1437	47 
1438	27 
1439	57 
1440	1 
1441	80 
1442	34 
1443	49 
1444	28 
1445	91 
1446	47 
1447	88 
1448	80 
1449	22 
1450	8 
1451	8 
1452	68 
1453	28 
1454	83 
1455	33 
1456	27 
1457	40 
1458	93 
1459	93 
1460	37 
1461	53 
1462	15 
1463	65 
1464	56 
1465	25 
1466	20 
1467	21 
1468	3 
1469	87 
1470	26 
1471	58 
1472	49 
1473	67 
1474	77 
1475	46 
1476	8 
1477	11 
1478	13 
1479	80 
1480	57 
1481	72 
1482	46 
1483	84 
1484	55 
1485	78 
1486	80 
1487	29 
1488	76 
1489	72 
1490	55 
1491	54 
1492	27 
1493	95 
1494	67 
1495	64 
1496	6 
1497	10 
1498	44 
1499	81 
1500	86 
1501	57 
1502	30 
1503	92 
1504	94 
1505	60 
1506	6 
1507	84 
1508	8 
1509	60 
1510	31 
1511	79 
1512	3 
1513	18 
1514	8 
1515	14 
1516	42 
1517	74 
1518	51 
1519	83 
1520	35 
1521	1 
1522	42 
1523	58 
1524	83 
1525	48 
1526	85 
1527	81 
1528	87 
1529	21 
1530	31 
1531	16 
1532	84 
1533	22 
1534	68 
1535	21 
1536	60 
1537	36 
1538	60 
1539	51 
1540	86 
1541	39 
1542	12 
1543	89 
1544	87 
1545	5 
1546	82 
1547	64 
1548	3 
1549	63 
1550	13 
1551	76 
1552	34 
1553	25 
1554	80 
1555	27 
1556	11 
1557	8 
1558	60 
1559	90 
1560	58 
1561	73 
1562	86 
1563	10 
1564	91 
1565	95 
1566	7 
1567	25 
1568	35 
1569	36 
1570	89 
1571	81 
1572	49 
1573	5 
1574	61 
1575	24 
1576	58 
1577	20 
1578	51 
1579	34 
1580	60 
1581	36 
1582	42 
1583	11 
1584	34 
1585	3 
1586	25 
1587	89 
1588	29 
1589	85 
1590	57 
1591	12 
1592	95 
1593	33 
1594	36 
1595	34 
1596	13 
1597	21 
1598	19 
1599	32 
1600	72 
1601	85 
1602	86 
1603	81 
1604	36 
1605	5 
1606	33 
1607	78 
1608	64 
1609	73 
1610	65 
1611	57 
1612	42 
1613	16 
1614	19 
1615	44 
1616	21 
1617	46 
1618	84 
1619	8 
1620	16 
1621	49 
1622	21 
1623	25 
1624	70 
1625	59 
1626	77 
1627	81 
1628	87 
1629	4 
1630	60 
1631	47 
1632	75 
1633	48 
1634	5 
1635	46 
1636	59 
1637	74 
1638	27 
1639	26 
1640	30 
1641	39 
1642	74 
1643	78 
1644	46 
1645	21 
1646	16 
1647	37 
1648	71 
1649	80 
1650	46 
1651	55 
1652	34 
1653	48 
1654	13 
1655	80 
1656	34 
1657	33 
1658	96 
1659	67 
1660	72 
1661	4 
1662	47 
1663	44 
1664	79 
1665	50 
1666	87 
1667	65 
1668	49 
1669	83 
1670	57 
1671	46 
1672	5 
1673	82 
1674	84 
1675	26 
1676	68 
1677	46 
1678	26 
1679	21 
1680	65 
1681	33 
1682	15 
1683	63 
1684	24 
1685	54 
1686	33 
1687	61 
1688	39 
1689	68 
1690	73 
1691	93 
1692	13 
1693	49 
1694	41 
1695	30 
1696	25 
1697	66 
1698	94 
1699	49 
1700	60 
1701	49 
1702	32 
1703	30 
1704	25 
1705	86 
1706	26 
1707	13 
1708	15 
1709	79 
1710	13 
1711	21 
1712	56 
1713	73 
1714	76 
1715	94 
1716	15 
1717	45 
1718	34 
1719	10 
1720	24 
1721	47 
1722	58 
1723	36 
1724	77 
1725	74 
1726	3 
1727	20 
1728	42 
1729	68 
1730	39 
1731	30 
1732	3 
1733	69 
1734	1 
1735	21 
1736	25 
1737	55 
1738	70 
1739	78 
1740	81 
1741	77 
1742	86 
1743	72 
1744	50 
1745	16 
1746	46 
1747	92 
1748	36 
1749	60 
1750	25 
1751	39 
1752	76 
1753	43 
1754	87 
1755	76 
1756	8 
1757	11 
1758	62 
1759	52 
1760	84 
1761	81 
1762	15 
1763	85 
1764	7 
1765	5 
1766	85 
1767	57 
1768	7 
1769	6 
1770	36 
1771	27 
1772	72 
1773	75 
1774	4 
1775	69 
1776	21 
1777	44 
1778	49 
1779	75 
1780	8 
1781	68 
1782	16 
1783	4 
1784	83 
1785	69 
1786	40 
1787	93 
1788	21 
1789	81 
1790	29 
1791	84 
1792	81 
1793	51 
1794	93 
1795	34 
1796	93 
1797	11 
1798	54 
1799	50 
1800	11 
1801	12 
1802	38 
1803	22 
1804	52 
1805	57 
1806	61 
1807	44 
1808	68 
1809	12 
1810	49 
1811	80 
1812	64 
1813	24 
1814	50 
1815	59 
1816	91 
1817	41 
1818	7 
1819	18 
1820	43 
1821	89 
1822	29 
1823	29 
1824	42 
1825	1 
1826	20 
1827	45 
1828	31 
1829	54 
1830	8 
1831	87 
1832	50 
1833	16 
1834	20 
1835	13 
1836	58 
1837	61 
1838	44 
1839	43 
1840	16 
1841	43 
1842	25 
1843	31 
1844	23 
1845	92 
1846	3 
1847	87 
1848	60 
1849	92 
1850	57 
1851	16 
1852	22 
1853	46 
1854	11 
1855	45 
1856	3 
1857	41 
1858	71 
1859	46 
1860	36 
1861	36 
1862	35 
1863	25 
1864	95 
1865	66 
1866	10 
1867	45 
1868	77 
1869	30 
1870	66 
1871	92 
1872	92 
1873	39 
1874	70 
1875	59 
1876	17 
1877	9 
1878	51 
1879	65 
1880	4 
1881	54 
1882	60 
1883	94 
1884	15 
1885	58 
1886	52 
1887	8 
1888	13 
1889	24 
1890	34 
1891	67 
1892	20 
1893	77 
1894	30 
1895	93 
1896	13 
1897	72 
1898	92 
1899	36 
1900	3 
1901	84 
1902	55 
1903	34 
1904	41 
1905	38 
1906	87 
1907	25 
1908	71 
1909	25 
1910	92 
1911	55 
1912	34 
1913	94 
1914	8 
1915	55 
1916	60 
1917	33 
1918	88 
1919	46 
1920	93 
1921	15 
1922	46 
1923	49 
1924	38 
1925	1 
1926	70 
1927	9 
1928	62 
1929	5 
1930	65 
1931	61 
1932	41 
1933	13 
1934	44 
1935	4 
1936	26 
1937	93 
1938	36 
1939	14 
1940	59 
1941	61 
1942	76 
1943	56 
1944	60 
1945	4 
1946	57 
1947	71 
1948	78 
1949	44 
1950	55 
1951	89 
1952	12 
1953	38 
1954	26 
1955	16 
1956	81 
1957	57 
1958	26 
1959	76 
1960	8 
1961	13 
1962	25 
1963	90 
1964	3 
1965	76 
1966	88 
1967	76 
1968	80 
1969	82 
1970	91 
1971	29 
1972	78 
1973	96 
1974	15 
1975	35 
1976	27 
1977	46 
1978	14 
1979	36 
1980	5 
1981	12 
1982	57 
1983	70 
1984	60 
1985	55 
1986	57 
1987	30 
1988	66 
1989	44 
1990	21 
1991	76 
1992	71 
1993	22 
1994	10 
1995	36 
1996	44 
1997	58 
1998	82 
1999	92 
2000	17 
2001	12 
2002	64 
2003	59 
2004	46 
2005	32 
2006	15 
2007	51 
2008	51 
2009	72 
2010	15 
2011	26 
2012	76 
2013	85 
2014	60 
2015	76 
2016	42 
2017	16 
2018	4 
2019	17 
2020	56 
2021	87 
2022	50 
2023	13 
2024	8 
2025	6 
2026	7 
2027	7 
2028	61 
2029	75 
2030	5 
2031	26 
2032	75 
2033	24 
2034	34 
2035	81 
2036	75 
2037	19 
2038	75 
2039	6 
2040	32 
2041	68 
2042	10 
2043	43 
2044	82 
2045	32 
2046	57 
2047	64 
2048	53 
2049	60 
2050	25 
2051	85 
2052	83 
2053	81 
2054	27 
2055	96 
2056	33 
2057	80 
2058	80 
2059	31 
2060	56 
2061	5 
2062	36 
2063	12 
2064	38 
2065	86 
2066	3 
2067	66 
2068	35 
2069	33 
2070	46 
2071	77 
2072	61 
2073	3 
2074	87 
2075	78 
2076	45 
2077	34 
2078	77 
2079	62 
2080	87 
2081	36 
2082	78 
2083	85 
2084	4 
2085	10 
2086	86 
2087	55 
2088	49 
2089	76 
2090	10 
2091	96 
2092	8 
2093	19 
2094	69 
2095	74 
2096	26 
2097	93 
2098	4 
2099	47 
2100	85 
2101	36 
2102	36 
2103	92 
2104	52 
2105	34 
2106	62 
2107	63 
2108	40 
2109	5 
2110	45 
2111	21 
2112	31 
2113	12 
2114	38 
2115	89 
2116	84 
2117	77 
2118	28 
2119	52 
2120	8 
2121	39 
2122	85 
2123	25 
2124	77 
2125	45 
2126	66 
2127	65 
2128	5 
2129	94 
2130	34 
2131	64 
2132	34 
2133	27 
2134	36 
2135	50 
2136	37 
2137	64 
2138	58 
2139	72 
2140	44 
2141	92 
2142	3 
2143	80 
2144	1 
2145	8 
2146	34 
2147	8 
2148	41 
2149	4 
2150	4 
2151	61 
2152	78 
2153	48 
2154	3 
2155	91 
2156	93 
2157	78 
2158	4 
2159	21 
2160	49 
2161	92 
2162	94 
2163	10 
2164	92 
2165	64 
2166	71 
2167	36 
2168	53 
2169	35 
2170	38 
2171	32 
2172	77 
2173	79 
2174	50 
2175	49 
2176	50 
2177	6 
2178	42 
2179	71 
2180	2 
2181	21 
2182	24 
2183	57 
2184	33 
2185	12 
2186	87 
2187	36 
2188	57 
2189	4 
2190	49 
2191	58 
2192	16 
2193	70 
2194	7 
2195	8 
2196	23 
2197	93 
2198	8 
2199	50 
2200	80 
2201	86 
2202	8 
2203	16 
2204	85 
2205	14 
2206	73 
2207	68 
2208	84 
2209	36 
2210	56 
2211	30 
2212	54 
2213	60 
2214	61 
2215	96 
2216	65 
2217	3 
2218	61 
2219	58 
2220	26 
2221	16 
2222	12 
2223	9 
2224	94 
2225	75 
2226	36 
2227	21 
2228	7 
2229	5 
2230	44 
2231	44 
2232	81 
2233	77 
2234	76 
2235	49 
2236	74 
2237	80 
2238	71 
2239	30 
2240	23 
2241	76 
2242	44 
2243	6 
2244	86 
2245	22 
2246	10 
2247	78 
2248	15 
2249	59 
2250	57 
2251	55 
2252	84 
2253	51 
2254	22 
2255	36 
2256	25 
2257	68 
2258	87 
2259	49 
2260	37 
2261	34 
2262	12 
2263	57 
2264	92 
2265	18 
2266	26 
2267	2 
2268	42 
2269	14 
2270	9 
2271	31 
2272	73 
2273	34 
2274	93 
2275	13 
2276	45 
2277	13 
2278	19 
2279	41 
2280	40 
2281	43 
2282	1 
2283	60 
2284	26 
2285	32 
2286	45 
2287	62 
2288	47 
2289	34 
2290	77 
2291	1 
2292	30 
2293	27 
2294	7 
2295	74 
2296	10 
2297	53 
2298	49 
2299	45 
2300	78 
2301	5 
2302	22 
2303	42 
2304	16 
2305	45 
2306	92 
2307	92 
2308	76 
2309	30 
2310	87 
2311	58 
2312	66 
2313	57 
2314	3 
2315	91 
2316	32 
2317	31 
2318	45 
2319	68 
2320	38 
2321	78 
2322	40 
2323	68 
2324	94 
2325	89 
2326	15 
2327	4 
2328	13 
2329	25 
2330	68 
2331	68 
2332	13 
2333	15 
2334	48 
2335	15 
2336	65 
2337	57 
2338	11 
2339	41 
2340	5 
2341	3 
2342	10 
2343	36 
2344	65 
2345	72 
2346	24 
2347	13 
2348	53 
2349	92 
2350	75 
2351	80 
2352	41 
2353	79 
2354	22 
2355	18 
2356	14 
2357	36 
2358	60 
2359	58 
2360	92 
2361	61 
2362	29 
2363	89 
2364	21 
2365	66 
2366	11 
2367	60 
2368	81 
2369	21 
2370	40 
2371	20 
2372	84 
2373	71 
2374	44 
2375	4 
2376	85 
2377	50 
2378	93 
2379	62 
2380	83 
2381	33 
2382	49 
2383	53 
2384	15 
2385	76 
2386	66 
2387	36 
2388	69 
2389	51 
2390	44 
2391	56 
2392	92 
2393	72 
2394	68 
2395	35 
2396	34 
2397	1 
2398	7 
2399	35 
2400	12 
2401	35 
2402	5 
2403	93 
2404	11 
2405	80 
2406	93 
2407	52 
2408	93 
2409	43 
2410	90 
2411	26 
2412	56 
2413	28 
2414	39 
2415	80 
2416	12 
2417	10 
2418	10 
2419	25 
2420	17 
2421	46 
2422	3 
2423	54 
2424	13 
2425	40 
2426	10 
2427	50 
2428	21 
2429	54 
2430	42 
2431	56 
2432	48 
2433	78 
2434	18 
2435	93 
2436	18 
2437	46 
2438	76 
2439	63 
2440	81 
2441	94 
2442	78 
2443	44 
2444	22 
2445	36 
2446	43 
2447	13 
2448	55 
2449	39 
2450	88 
2451	13 
2452	8 
2453	22 
2454	90 
2455	49 
2456	10 
2457	91 
2458	34 
2459	47 
2460	23 
2461	45 
2462	34 
2463	88 
2464	14 
2465	18 
2466	13 
2467	68 
2468	59 
2469	20 
2470	66 
2471	66 
2472	91 
2473	82 
2474	4 
2475	12 
2476	49 
2477	25 
2478	26 
2479	71 
2480	11 
2481	42 
2482	64 
2483	33 
2484	50 
2485	3 
2486	39 
2487	12 
2488	44 
2489	65 
2490	90 
2491	52 
2492	50 
2493	69 
2494	31 
2495	84 
2496	58 
2497	22 
2498	55 
2499	61 
2500	95 
2501	38 
2502	80 
2503	33 
2504	57 
2505	30 
2506	84 
2507	59 
2508	38 
2509	92 
2510	85 
2511	42 
2512	7 
2513	87 
2514	18 
2515	50 
2516	91 
2517	3 
2518	12 
2519	36 
2520	96 
2521	14 
2522	84 
2523	40 
2524	48 
2525	84 
2526	36 
2527	39 
2528	36 
2529	53 
2530	36 
2531	95 
2532	2 
2533	3 
2534	89 
2535	50 
2536	6 
2537	36 
2538	26 
2539	42 
2540	60 
2541	75 
2542	77 
2543	4 
2544	93 
2545	25 
2546	26 
2547	58 
2548	14 
2549	55 
2550	22 
2551	93 
2552	92 
2553	76 
2554	22 
2555	67 
2556	6 
2557	60 
2558	53 
2559	4 
2560	46 
2561	3 
2562	37 
2563	56 
2564	3 
2565	34 
2566	40 
2567	44 
2568	13 
2569	81 
2570	19 
2571	55 
2572	26 
2573	1 
2574	50 
2575	13 
2576	10 
2577	67 
2578	30 
2579	25 
2580	67 
2581	68 
2582	61 
2583	10 
2584	70 
2585	91 
2586	13 
2587	17 
2588	32 
2589	24 
2590	87 
2591	73 
2592	40 
2593	26 
2594	76 
2595	54 
2596	43 
2597	58 
2598	56 
2599	27 
2600	27 
2601	45 
2602	53 
2603	57 
2604	84 
2605	12 
2606	82 
2607	61 
2608	39 
2609	73 
2610	77 
2611	37 
2612	92 
2613	30 
2614	74 
2615	3 
2616	61 
2617	87 
2618	57 
2619	39 
2620	69 
2621	60 
2622	25 
2623	1 
2624	19 
2625	46 
2626	35 
2627	70 
2628	55 
2629	70 
2630	63 
2631	44 
2632	95 
2633	87 
2634	84 
2635	76 
2636	89 
2637	48 
2638	46 
2639	69 
2640	10 
2641	2 
2642	92 
2643	78 
2644	12 
2645	26 
2646	78 
2647	25 
2648	30 
2649	70 
2650	89 
2651	12 
2652	93 
2653	49 
2654	61 
2655	4 
2656	49 
2657	76 
2658	49 
2659	1 
2660	26 
2661	11 
2662	64 
2663	87 
2664	6 
2665	66 
2666	15 
2667	13 
2668	52 
2669	49 
2670	17 
2671	34 
2672	44 
2673	46 
2674	12 
2675	34 
2676	77 
2677	38 
2678	64 
2679	92 
2680	24 
2681	10 
2682	56 
2683	41 
2684	52 
2685	25 
2686	42 
2687	73 
2688	41 
2689	55 
2690	56 
2691	51 
2692	42 
2693	69 
2694	39 
2695	76 
2696	46 
2697	50 
2698	51 
2699	37 
2700	15 
2701	39 
2702	67 
2703	8 
2704	33 
2705	85 
2706	77 
2707	46 
2708	64 
2709	46 
2710	68 
2711	34 
2712	27 
2713	95 
2714	34 
2715	39 
2716	41 
2717	23 
2718	36 
2719	7 
2720	71 
2721	88 
2722	22 
2723	33 
2724	11 
2725	89 
2726	30 
2727	91 
2728	77 
2729	91 
2730	60 
2731	71 
2732	22 
2733	96 
2734	44 
2735	65 
2736	55 
2737	12 
2738	92 
2739	35 
2740	37 
2741	74 
2742	93 
2743	28 
2744	76 
2745	45 
2746	72 
2747	50 
2748	10 
2749	47 
2750	81 
2751	84 
2752	21 
2753	34 
2754	26 
2755	26 
2756	51 
2757	72 
2758	46 
2759	72 
2760	95 
2761	46 
2762	15 
2763	50 
2764	35 
2765	69 
2766	45 
2767	45 
2768	13 
2769	49 
2770	85 
2771	10 
2772	56 
2773	84 
2774	60 
2775	84 
2776	93 
2777	77 
2778	35 
2779	27 
2780	15 
2781	22 
2782	86 
2783	96 
2784	45 
2785	11 
2786	15 
2787	57 
2788	2 
2789	31 
2790	43 
2791	85 
2792	44 
2793	3 
2794	5 
2795	17 
2796	23 
2797	76 
2798	92 
2799	13 
2800	6 
2801	49 
2802	41 
2803	32 
2804	37 
2805	26 
2806	54 
2807	23 
2808	44 
2809	68 
2810	64 
2811	26 
2812	90 
2813	96 
2814	65 
2815	5 
2816	34 
2817	50 
2818	26 
2819	3 
2820	50 
2821	37 
2822	95 
2823	11 
2824	14 
2825	50 
2826	49 
2827	47 
2828	13 
2829	4 
2830	51 
2831	18 
2832	86 
2833	90 
2834	6 
2835	26 
2836	60 
2837	37 
2838	31 
2839	10 
2840	69 
2841	92 
2842	93 
2843	66 
2844	58 
2845	21 
2846	63 
2847	12 
2848	57 
2849	58 
2850	13 
2851	94 
2852	55 
2853	88 
2854	36 
2855	60 
2856	1 
2857	74 
2858	47 
2859	66 
2860	28 
2861	27 
2862	89 
2863	74 
2864	45 
2865	62 
2866	63 
2867	61 
2868	2 
2869	87 
2870	54 
2871	6 
2872	94 
2873	33 
2874	47 
2875	22 
2876	10 
2877	31 
2878	21 
2879	16 
2880	84 
2881	60 
2882	19 
2883	2 
2884	36 
2885	84 
2886	46 
2887	38 
2888	92 
2889	71 
2890	55 
2891	10 
2892	39 
2893	4 
2894	10 
2895	66 
2896	20 
2897	26 
2898	21 
2899	21 
2900	10 
2901	77 
2902	15 
2903	26 
2904	43 
2905	63 
2906	38 
2907	15 
2908	93 
2909	77 
2910	53 
2911	49 
2912	58 
2913	12 
2914	26 
2915	36 
2916	94 
2917	36 
2918	25 
2919	28 
2920	82 
2921	56 
2922	7 
2923	50 
2924	47 
2925	37 
2926	58 
2927	36 
2928	34 
2929	37 
2930	86 
2931	10 
2932	92 
2933	49 
2934	47 
2935	42 
2936	85 
2937	93 
2938	92 
2939	70 
2940	21 
2941	33 
2942	62 
2943	67 
2944	7 
2945	53 
2946	46 
2947	66 
2948	78 
2949	59 
2950	90 
2951	15 
2952	5 
2953	73 
2954	31 
2955	87 
2956	46 
2957	28 
2958	77 
2959	86 
2960	95 
2961	1 
2962	25 
2963	88 
2964	5 
2965	78 
2966	7 
2967	54 
2968	59 
2969	40 
2970	15 
2971	57 
2972	31 
2973	85 
2974	44 
2975	41 
2976	34 
2977	79 
2978	78 
2979	2 
2980	54 
2981	47 
2982	92 
2983	34 
2984	35 
2985	85 
2986	9 
2987	27 
2988	49 
2989	44 
2990	57 
2991	87 
2992	12 
2993	58 
2994	83 
2995	33 
2996	78 
2997	7 
2998	13 
2999	76 
3000	43 
3001	93 
3002	6 
3003	80 
3004	13 
3005	40 
3006	54 
3007	6 
3008	55 
3009	6 
3010	47 
3011	93 
3012	96 
3013	48 
3014	93 
3015	59 
3016	17 
3017	8 
3018	10 
3019	65 
3020	30 
3021	22 
3022	36 
3023	80 
3024	55 
3025	44 
3026	43 
3027	36 
3028	74 
3029	78 
3030	65 
3031	24 
3032	57 
3033	14 
3034	96 
3035	80 
3036	61 
3037	67 
3038	10 
3039	14 
3040	22 
3041	46 
3042	42 
3043	10 
3044	75 
3045	8 
3046	60 
3047	73 
3048	84 
3049	72 
3050	26 
3051	25 
3052	13 
3053	66 
3054	35 
3055	93 
3056	72 
3057	74 
3058	3 
3059	87 
3060	9 
3061	57 
3062	27 
3063	36 
3064	68 
3065	37 
3066	63 
3067	26 
3068	27 
3069	40 
3070	62 
3071	42 
3072	71 
3073	4 
3074	57 
3075	77 
3076	10 
3077	8 
3078	60 
3079	88 
3080	76 
3081	59 
3082	46 
3083	82 
3084	25 
3085	44 
3086	25 
3087	81 
3088	80 
3089	11 
3090	59 
3091	48 
3092	47 
3093	48 
3094	41 
3095	49 
3096	92 
3097	80 
3098	46 
3099	38 
3100	81 
3101	65 
3102	50 
3103	16 
3104	46 
3105	49 
3106	58 
3107	22 
3108	46 
3109	59 
3110	50 
3111	74 
3112	76 
3113	27 
3114	96 
3115	55 
3116	21 
3117	27 
3118	15 
3119	60 
3120	31 
3121	50 
3122	24 
3123	77 
3124	78 
3125	48 
3126	41 
3127	24 
3128	61 
3129	90 
3130	76 
3131	66 
3132	72 
3133	61 
3134	39 
3135	13 
3136	77 
3137	41 
3138	76 
3139	8 
3140	42 
3141	67 
3142	37 
3143	59 
3144	72 
3145	23 
3146	25 
3147	21 
3148	30 
3149	89 
3150	90 
3151	25 
3152	24 
3153	69 
3154	37 
3155	84 
3156	68 
3157	3 
3158	57 
3159	33 
3160	85 
3161	58 
3162	45 
3163	93 
3164	60 
3165	54 
3166	21 
3167	80 
3168	61 
3169	87 
3170	87 
3171	64 
3172	6 
3173	12 
3174	76 
3175	42 
3176	93 
3177	49 
3178	88 
3179	94 
3180	85 
3181	38 
3182	22 
3183	94 
3184	26 
3185	30 
3186	36 
3187	74 
3188	61 
3189	55 
3190	44 
3191	72 
3192	60 
3193	81 
3194	71 
3195	60 
3196	51 
3197	78 
3198	57 
3199	8 
3200	59 
3201	7 
3202	41 
3203	34 
3204	20 
3205	33 
3206	34 
3207	19 
3208	7 
3209	3 
3210	68 
3211	80 
3212	55 
3213	21 
3214	6 
3215	34 
3216	28 
3217	94 
3218	87 
3219	1 
3220	24 
3221	9 
3222	60 
3223	62 
3224	27 
3225	22 
3226	73 
3227	60 
3228	44 
3229	42 
3230	60 
3231	38 
3232	7 
3233	45 
3234	61 
3235	48 
3236	68 
3237	56 
3238	49 
3239	44 
3240	13 
3241	59 
3242	36 
3243	39 
3244	26 
3245	58 
3246	51 
3247	21 
3248	11 
3249	70 
3250	37 
3251	6 
3252	10 
3253	45 
3254	20 
3255	8 
3256	47 
3257	16 
3258	47 
3259	14 
3260	3 
3261	65 
3262	16 
3263	70 
3264	29 
3265	1 
3266	28 
3267	35 
3268	37 
3269	81 
3270	67 
3271	21 
3272	14 
3273	19 
3274	93 
3275	50 
3276	80 
3277	80 
3278	44 
3279	45 
3280	28 
3281	22 
3282	21 
3283	93 
3284	49 
3285	92 
3286	42 
3287	60 
3288	60 
3289	4 
3290	17 
3291	70 
3292	73 
3293	10 
3294	85 
3295	80 
3296	55 
3297	25 
3298	12 
3299	80 
3300	46 
3301	92 
3302	58 
3303	58 
3304	46 
3305	46 
3306	20 
3307	68 
3308	86 
3309	25 
3310	32 
3311	25 
3312	84 
3313	93 
3314	4 
3315	70 
3316	84 
3317	60 
3318	49 
3319	50 
3320	40 
3321	78 
3322	36 
3323	82 
3324	19 
3325	31 
3326	3 
3327	79 
3328	46 
3329	16 
3330	18 
3331	42 
3332	41 
3333	39 
3334	39 
3335	47 
3336	86 
3337	51 
3338	68 
3339	8 
3340	89 
3341	76 
3342	74 
3343	71 
3344	45 
3345	87 
3346	51 
3347	76 
3348	63 
3349	49 
3350	22 
3351	84 
3352	13 
3353	77 
3354	29 
3355	10 
3356	86 
3357	74 
3358	70 
3359	72 
3360	6 
3361	72 
3362	16 
3363	54 
3364	84 
3365	91 
3366	52 
3367	52 
3368	51 
3369	58 
3370	10 
3371	72 
3372	60 
3373	82 
3374	12 
3375	49 
3376	26 
3377	46 
3378	84 
3379	20 
3380	90 
3381	55 
3382	46 
3383	79 
3384	1 
3385	50 
3386	45 
3387	2 
3388	66 
3389	1 
3390	57 
3391	27 
3392	38 
3393	86 
3394	81 
3395	93 
3396	63 
3397	48 
3398	12 
3399	91 
3400	55 
3401	7 
3402	72 
3403	2 
3404	36 
3405	42 
3406	13 
3407	59 
3408	37 
3409	12 
3410	7 
3411	16 
3412	46 
3413	85 
3414	46 
3415	59 
3416	89 
3417	20 
3418	40 
3419	34 
3420	16 
3421	84 
3422	13 
3423	9 
3424	63 
3425	95 
3426	36 
3427	18 
3428	50 
3429	3 
3430	70 
3431	50 
3432	37 
3433	80 
3434	33 
3435	35 
3436	2 
3437	66 
3438	50 
3439	67 
3440	51 
3441	50 
3442	60 
3443	86 
3444	18 
3445	12 
3446	61 
3447	1 
3448	76 
3449	92 
3450	34 
3451	13 
3452	77 
3453	71 
3454	72 
3455	15 
3456	4 
3457	47 
3458	36 
3459	72 
3460	27 
3461	43 
3462	87 
3463	81 
3464	49 
3465	84 
3466	82 
3467	72 
3468	8 
3469	34 
3470	80 
3471	49 
3472	85 
3473	57 
3474	59 
3475	22 
3476	91 
3477	92 
3478	9 
3479	7 
3480	39 
3481	91 
3482	67 
3483	55 
3484	39 
3485	55 
3486	2 
3487	58 
3488	76 
3489	83 
3490	71 
3491	12 
3492	10 
3493	83 
3494	94 
3495	50 
3496	8 
3497	26 
3498	87 
3499	36 
3500	44 
3501	88 
3502	42 
3503	19 
3504	56 
3505	25 
3506	2 
3507	96 
3508	8 
3509	12 
3510	21 
3511	50 
3512	70 
3513	1 
3514	61 
3515	96 
3516	59 
3517	12 
3518	15 
3519	42 
3520	27 
3521	70 
3522	80 
3523	26 
3524	15 
3525	1 
3526	84 
3527	3 
3528	30 
3529	51 
3530	76 
3531	81 
3532	63 
3533	82 
3534	83 
3535	34 
3536	45 
3537	66 
3538	51 
3539	85 
3540	57 
3541	76 
3542	57 
3543	13 
3544	4 
3545	70 
3546	51 
3547	31 
3548	34 
3549	57 
3550	9 
3551	25 
3552	5 
3553	62 
3554	85 
3555	14 
3556	49 
3557	94 
3558	66 
3559	67 
3560	60 
3561	23 
3562	8 
3563	66 
3564	35 
3565	90 
3566	74 
3567	79 
3568	72 
3569	71 
3570	84 
3571	5 
3572	78 
3573	13 
3574	50 
3575	1 
3576	17 
3577	67 
3578	26 
3579	61 
3580	60 
3581	41 
3582	78 
3583	83 
3584	17 
3585	15 
3586	25 
3587	49 
3588	70 
3589	85 
3590	3 
3591	40 
3592	34 
3593	44 
3594	80 
3595	12 
3596	11 
3597	61 
3598	38 
3599	6 
3600	42 
3601	34 
3602	55 
3603	52 
3604	22 
3605	12 
3606	59 
3607	12 
3608	74 
3609	26 
3610	68 
3611	76 
3612	69 
3613	10 
3614	29 
3615	48 
3616	21 
3617	58 
3618	33 
3619	49 
3620	1 
3621	7 
3622	82 
3623	92 
3624	40 
3625	87 
3626	12 
3627	42 
3628	25 
3629	4 
3630	17 
3631	12 
3632	59 
3633	3 
3634	12 
3635	72 
3636	7 
3637	86 
3638	9 
3639	19 
3640	76 
3641	54 
3642	4 
3643	91 
3644	63 
3645	43 
3646	21 
3647	36 
3648	96 
3649	44 
3650	41 
3651	80 
3652	69 
3653	60 
3654	59 
3655	71 
3656	58 
3657	57 
3658	75 
3659	42 
3660	14 
3661	77 
3662	47 
3663	7 
3664	24 
3665	84 
3666	58 
3667	27 
3668	70 
3669	70 
3670	38 
3671	78 
3672	26 
3673	36 
3674	55 
3675	36 
3676	26 
3677	66 
3678	47 
3679	26 
3680	7 
3681	38 
3682	34 
3683	66 
3684	80 
3685	25 
3686	90 
3687	65 
3688	9 
3689	40 
3690	10 
3691	84 
3692	76 
3693	57 
3694	74 
3695	78 
3696	8 
3697	7 
3698	91 
3699	3 
3700	41 
3701	43 
3702	58 
3703	57 
3704	59 
3705	57 
3706	88 
3707	57 
3708	3 
3709	35 
3710	34 
3711	46 
3712	92 
3713	7 
3714	49 
3715	35 
3716	84 
3717	25 
3718	59 
3719	27 
3720	45 
3721	62 
3722	66 
3723	83 
3724	72 
3725	49 
3726	13 
3727	14 
3728	90 
3729	76 
3730	13 
3731	58 
3732	37 
3733	2 
3734	78 
3735	33 
3736	12 
3737	81 
3738	60 
3739	96 
3740	44 
3741	25 
3742	6 
3743	35 
3744	53 
3745	82 
3746	30 
3747	87 
3748	52 
3749	81 
3750	49 
3751	76 
3752	73 
3753	87 
3754	67 
3755	75 
3756	16 
3757	10 
3758	1 
3759	27 
3760	86 
3761	7 
3762	5 
3763	25 
3764	66 
3765	77 
3766	58 
3767	36 
3768	79 
3769	54 
3770	5 
3771	49 
3772	39 
3773	75 
3774	60 
3775	38 
3776	87 
3777	78 
3778	79 
3779	31 
3780	19 
3781	47 
3782	35 
3783	37 
3784	67 
3785	80 
3786	61 
3787	90 
3788	81 
3789	58 
3790	5 
3791	11 
3792	1 
3793	19 
3794	33 
3795	8 
3796	25 
3797	71 
3798	21 
3799	15 
3800	16 
3801	2 
3802	75 
3803	61 
3804	59 
3805	48 
3806	54 
3807	33 
3808	8 
3809	31 
3810	1 
3811	20 
3812	67 
3813	44 
3814	78 
3815	16 
3816	18 
3817	27 
3818	88 
3819	85 
3820	10 
3821	8 
3822	46 
3823	81 
3824	44 
3825	96 
3826	84 
3827	61 
3828	19 
3829	81 
3830	39 
3831	57 
3832	63 
3833	64 
3834	51 
3835	60 
3836	32 
3837	36 
3838	6 
3839	20 
3840	79 
3841	92 
3842	78 
3843	3 
3844	6 
3845	10 
3846	40 
3847	92 
3848	70 
3849	63 
3850	70 
3851	67 
3852	34 
3853	21 
3854	6 
3855	67 
3856	30 
3857	22 
3858	52 
3859	51 
3860	85 
3861	9 
3862	38 
3863	92 
3864	74 
3865	73 
3866	3 
3867	23 
3868	25 
3869	44 
3870	31 
3871	34 
3872	39 
3873	2 
3874	82 
3875	48 
3876	77 
3877	42 
3878	5 
3879	42 
3880	87 
3881	40 
3882	93 
3883	22 
3884	12 
3885	3 
3886	72 
3887	87 
3888	58 
3889	36 
3890	48 
3891	34 
3892	85 
3893	67 
3894	47 
3895	68 
3896	7 
3897	54 
3898	47 
3899	6 
3900	58 
3901	47 
3902	25 
3903	78 
3904	49 
3905	50 
3906	10 
3907	91 
3908	9 
3909	36 
3910	3 
3911	77 
3912	19 
3913	54 
3914	50 
3915	82 
3916	15 
3917	84 
3918	46 
3919	29 
3920	14 
3921	71 
3922	55 
3923	72 
3924	62 
3925	49 
3926	80 
3927	19 
3928	58 
3929	58 
3930	77 
3931	45 
3932	16 
3933	5 
3934	68 
3935	9 
3936	6 
3937	3 
3938	75 
3939	27 
3940	92 
3941	86 
3942	60 
3943	71 
3944	41 
3945	10 
3946	40 
3947	96 
3948	16 
3949	1 
3950	59 
3951	92 
3952	23 
3953	41 
3954	34 
3955	27 
3956	13 
3957	34 
3958	5 
3959	87 
3960	32 
3961	16 
3962	40 
3963	57 
3964	31 
3965	25 
3966	21 
3967	9 
3968	31 
3969	3 
3970	96 
3971	59 
3972	83 
3973	44 
3974	6 
3975	92 
3976	36 
3977	9 
3978	13 
3979	53 
3980	8 
3981	76 
3982	26 
3983	11 
3984	8 
3985	61 
3986	68 
3987	89 
3988	14 
3989	13 
3990	58 
3991	87 
3992	77 
3993	89 
3994	75 
3995	16 
3996	8 
3997	52 
3998	11 
3999	22 
4000	80 
4001	45 
4002	52 
4003	70 
4004	49 
4005	57 
4006	67 
4007	14 
4008	12 
4009	82 
4010	23 
4011	87 
4012	32 
4013	40 
4014	50 
4015	68 
4016	46 
4017	78 
4018	76 
4019	43 
4020	89 
4021	26 
4022	44 
4023	18 
4024	14 
4025	39 
4026	33 
4027	89 
4028	19 
4029	60 
4030	74 
4031	19 
4032	94 
4033	5 
4034	74 
4035	80 
4036	78 
4037	57 
4038	7 
4039	31 
4040	65 
4041	76 
4042	56 
4043	45 
4044	81 
4045	13 
4046	25 
4047	42 
4048	26 
4049	34 
4050	35 
4051	6 
4052	5 
4053	93 
4054	7 
4055	14 
4056	73 
4057	78 
4058	38 
4059	84 
4060	38 
4061	8 
4062	49 
4063	5 
4064	3 
4065	34 
4066	1 
4067	78 
4068	59 
4069	87 
4070	59 
4071	87 
4072	71 
4073	1 
4074	57 
4075	20 
4076	43 
4077	80 
4078	10 
4079	25 
4080	36 
4081	4 
4082	82 
4083	66 
4084	36 
4085	54 
4086	66 
4087	86 
4088	29 
4089	66 
4090	22 
4091	83 
4092	44 
4093	13 
4094	36 
4095	62 
4096	66 
4097	80 
4098	84 
4099	84 
4100	46 
4101	63 
4102	48 
4103	57 
4104	16 
4105	13 
4106	25 
4107	42 
4108	25 
4109	57 
4110	96 
4111	78 
4112	59 
4113	52 
4114	26 
4115	5 
4116	7 
4117	57 
4118	36 
4119	42 
4120	59 
4121	86 
4122	62 
4123	76 
4124	46 
4125	76 
4126	12 
4127	42 
4128	25 
4129	89 
4130	64 
4131	39 
4132	82 
4133	87 
4134	41 
4135	55 
4136	29 
4137	42 
4138	34 
4139	25 
4140	54 
4141	47 
4142	1 
4143	87 
4144	72 
4145	21 
4146	33 
4147	49 
4148	21 
4149	34 
4150	59 
4151	81 
4152	1 
4153	60 
4154	58 
4155	13 
4156	25 
4157	59 
4158	40 
4159	8 
4160	78 
4161	76 
4162	27 
4163	15 
4164	35 
4165	60 
4166	2 
4167	77 
4168	70 
4169	58 
4170	44 
4171	84 
4172	91 
4173	44 
4174	16 
4175	46 
4176	71 
4177	58 
4178	80 
4179	44 
4180	91 
4181	45 
4182	21 
4183	92 
4184	18 
4185	81 
4186	59 
4187	62 
4188	84 
4189	20 
4190	8 
4191	12 
4192	39 
4193	81 
4194	77 
4195	46 
4196	60 
4197	92 
4198	65 
4199	1 
4200	39 
4201	60 
4202	50 
4203	41 
4204	40 
4205	22 
4206	9 
4207	91 
4208	8 
4209	78 
4210	16 
4211	32 
4212	28 
4213	85 
4214	14 
4215	25 
4216	88 
4217	78 
4218	10 
4219	66 
4220	10 
4221	77 
4222	4 
4223	66 
4224	30 
4225	21 
4226	33 
4227	61 
4228	85 
4229	93 
4230	56 
4231	23 
4232	4 
4233	39 
4234	72 
4235	14 
4236	65 
4237	49 
4238	2 
4239	77 
4240	25 
4241	72 
4242	40 
4243	51 
4244	36 
4245	78 
4246	35 
4247	34 
4248	6 
4249	31 
4250	42 
4251	22 
4252	13 
4253	93 
4254	87 
4255	12 
4256	38 
4257	3 
4258	79 
4259	57 
4260	29 
4261	72 
4262	80 
4263	46 
4264	12 
4265	46 
4266	90 
4267	91 
4268	10 
4269	50 
4270	2 
4271	35 
4272	92 
4273	83 
4274	92 
4275	12 
4276	25 
4277	78 
4278	60 
4279	84 
4280	14 
4281	66 
4282	93 
4283	78 
4284	11 
4285	12 
4286	87 
4287	22 
4288	13 
4289	55 
4290	41 
4291	45 
4292	96 
4293	76 
4294	90 
4295	40 
4296	57 
4297	37 
4298	44 
4299	78 
4300	78 
4301	58 
4302	78 
4303	68 
4304	12 
4305	18 
4306	88 
4307	48 
4308	25 
4309	33 
4310	15 
4311	45 
4312	86 
4313	26 
4314	3 
4315	13 
4316	95 
4317	11 
4318	51 
4319	59 
4320	49 
4321	92 
4322	53 
4323	78 
4324	12 
4325	83 
4326	11 
4327	94 
4328	52 
4329	94 
4330	80 
4331	49 
4332	58 
4333	10 
4334	17 
4335	93 
4336	84 
4337	85 
4338	65 
4339	15 
4340	50 
4341	84 
4342	47 
4343	49 
4344	60 
4345	82 
4346	10 
4347	12 
4348	87 
4349	64 
4350	79 
4351	25 
4352	20 
4353	74 
4354	89 
4355	60 
4356	80 
4357	32 
4358	36 
4359	8 
4360	26 
4361	50 
4362	66 
4363	34 
4364	3 
4365	65 
4366	57 
4367	21 
4368	30 
4369	52 
4370	92 
4371	57 
4372	81 
4373	60 
4374	34 
4375	59 
4376	38 
4377	34 
4378	87 
4379	13 
4380	78 
4381	31 
4382	12 
4383	38 
4384	33 
4385	34 
4386	65 
4387	14 
4388	30 
4389	77 
4390	18 
4391	21 
4392	81 
4393	21 
4394	74 
4395	5 
4396	92 
4397	42 
4398	26 
4399	46 
4400	63 
4401	42 
4402	66 
4403	68 
4404	53 
4405	44 
4406	58 
4407	61 
4408	44 
4409	87 
4410	60 
4411	25 
4412	85 
4413	40 
4414	21 
4415	66 
4416	54 
4417	12 
4418	29 
4419	36 
4420	58 
4421	72 
4422	13 
4423	40 
4424	33 
4425	66 
4426	72 
4427	8 
4428	44 
4429	59 
4430	22 
4431	91 
4432	87 
4433	93 
4434	80 
4435	60 
4436	26 
4437	61 
4438	25 
4439	57 
4440	78 
4441	36 
4442	42 
4443	88 
4444	51 
4445	54 
4446	89 
4447	46 
4448	57 
4449	20 
4450	27 
4451	36 
4452	32 
4453	56 
4454	87 
4455	24 
4456	10 
4457	50 
4458	71 
4459	90 
4460	40 
4461	16 
4462	5 
4463	33 
4464	49 
4465	83 
4466	72 
4467	70 
4468	83 
4469	45 
4470	81 
4471	96 
4472	24 
4473	57 
4474	34 
4475	61 
4476	16 
4477	25 
4478	76 
4479	54 
4480	77 
4481	78 
4482	76 
4483	74 
4484	68 
4485	4 
4486	8 
4487	37 
4488	43 
4489	43 
4490	26 
4491	3 
4492	46 
4493	56 
4494	3 
4495	47 
4496	14 
4497	77 
4498	96 
4499	88 
4500	57 
4501	12 
4502	59 
4503	3 
4504	21 
4505	4 
4506	18 
4507	92 
4508	15 
4509	26 
4510	8 
4511	82 
4512	24 
4513	88 
4514	13 
4515	44 
4516	48 
4517	57 
4518	42 
4519	15 
4520	59 
4521	12 
4522	12 
4523	27 
4524	13 
4525	74 
4526	84 
4527	65 
4528	60 
4529	80 
4530	48 
4531	26 
4532	68 
4533	33 
4534	27 
4535	44 
4536	68 
4537	84 
4538	45 
4539	70 
4540	36 
4541	3 
4542	49 
4543	45 
4544	34 
4545	34 
4546	48 
4547	94 
4548	41 
4549	80 
4550	1 
4551	10 
4552	25 
4553	13 
4554	19 
4555	42 
4556	60 
4557	76 
4558	94 
4559	85 
4560	36 
4561	3 
4562	55 
4563	63 
4564	4 
4565	79 
4566	84 
4567	49 
4568	80 
4569	13 
4570	35 
4571	34 
4572	3 
4573	76 
4574	59 
4575	77 
4576	83 
4577	65 
4578	91 
4579	84 
4580	75 
4581	16 
4582	57 
4583	26 
4584	76 
4585	2 
4586	10 
4587	56 
4588	22 
4589	34 
4590	25 
4591	42 
4592	32 
4593	86 
4594	73 
4595	65 
4596	11 
4597	15 
4598	5 
4599	8 
4600	60 
4601	4 
4602	19 
4603	30 
4604	33 
4605	34 
4606	27 
4607	85 
4608	21 
4609	96 
4610	87 
4611	46 
4612	7 
4613	13 
4614	22 
4615	35 
4616	93 
4617	89 
4618	10 
4619	87 
4620	27 
4621	6 
4622	35 
4623	41 
4624	27 
4625	83 
4626	81 
4627	67 
4628	77 
4629	18 
4630	40 
4631	56 
4632	73 
4633	38 
4634	89 
4635	72 
4636	43 
4637	81 
4638	21 
4639	37 
4640	86 
4641	4 
4642	70 
4643	86 
4644	61 
4645	80 
4646	21 
4647	58 
4648	44 
4649	93 
4650	60 
4651	72 
4652	60 
4653	76 
4654	12 
4655	27 
4656	54 
4657	84 
4658	38 
4659	80 
4660	13 
4661	25 
4662	45 
4663	57 
4664	15 
4665	15 
4666	80 
4667	46 
4668	96 
4669	26 
4670	39 
4671	51 
4672	13 
4673	54 
4674	93 
4675	89 
4676	26 
4677	78 
4678	76 
4679	46 
4680	92 
4681	55 
4682	57 
4683	89 
4684	24 
4685	16 
4686	39 
4687	85 
4688	21 
4689	34 
4690	91 
4691	42 
4692	45 
4693	11 
4694	26 
4695	41 
4696	50 
4697	18 
4698	49 
4699	42 
4700	76 
4701	44 
4702	32 
4703	87 
4704	5 
4705	44 
4706	7 
4707	18 
4708	22 
4709	49 
4710	76 
4711	55 
4712	94 
4713	14 
4714	34 
4715	87 
4716	76 
4717	26 
4718	41 
4719	57 
4720	3 
4721	51 
4722	92 
4723	58 
4724	19 
4725	92 
4726	31 
4727	36 
4728	27 
4729	77 
4730	81 
4731	44 
4732	7 
4733	87 
4734	10 
4735	60 
4736	31 
4737	26 
4738	38 
4739	40 
4740	6 
4741	48 
4742	80 
4743	58 
4744	33 
4745	60 
4746	3 
4747	84 
4748	44 
4749	54 
4750	15 
4751	39 
4752	27 
4753	33 
4754	43 
4755	27 
4756	78 
4757	61 
4758	21 
4759	49 
4760	84 
4761	68 
4762	77 
4763	84 
4764	40 
4765	20 
4766	34 
4767	27 
4768	58 
4769	1 
4770	46 
4771	68 
4772	16 
4773	18 
4774	48 
4775	26 
4776	14 
4777	74 
4778	48 
4779	27 
4780	1 
4781	16 
4782	48 
4783	47 
4784	19 
4785	57 
4786	21 
4787	51 
4788	72 
4789	6 
4790	41 
4791	31 
4792	31 
4793	58 
4794	57 
4795	25 
4796	33 
4797	27 
4798	19 
4799	15 
4800	42 
4801	45 
4802	40 
4803	60 
4804	30 
4805	92 
4806	45 
4807	42 
4808	45 
4809	10 
4810	78 
4811	21 
4812	19 
4813	8 
4814	4 
4815	16 
4816	59 
4817	25 
4818	76 
4819	6 
4820	57 
4821	70 
4822	68 
4823	44 
4824	14 
4825	36 
4826	92 
4827	60 
4828	51 
4829	30 
4830	78 
4831	6 
4832	78 
4833	65 
4834	6 
4835	66 
4836	76 
4837	16 
4838	61 
4839	50 
4840	15 
4841	36 
4842	78 
4843	39 
4844	49 
4845	7 
4846	38 
4847	70 
4848	47 
4849	87 
4850	71 
4851	49 
4852	58 
4853	21 
4854	59 
4855	22 
4856	71 
4857	93 
4858	70 
4859	81 
4860	3 
4861	66 
4862	25 
4863	14 
4864	40 
4865	85 
4866	36 
4867	70 
4868	13 
4869	77 
4870	44 
4871	21 
4872	58 
4873	92 
4874	72 
4875	14 
4876	25 
4877	92 
4878	41 
4879	68 
4880	45 
4881	81 
4882	71 
4883	61 
4884	39 
4885	66 
4886	49 
4887	33 
4888	77 
4889	45 
4890	89 
4891	92 
4892	22 
4893	41 
4894	76 
4895	36 
4896	45 
4897	46 
4898	51 
4899	49 
4900	12 
4901	49 
4902	60 
4903	36 
4904	85 
4905	27 
4906	14 
4907	49 
4908	84 
4909	81 
4910	84 
4911	8 
4912	51 
4913	81 
4914	14 
4915	8 
4916	16 
4917	12 
4918	50 
4919	92 
4920	78 
4921	22 
4922	77 
4923	47 
4924	10 
4925	70 
4926	13 
4927	74 
4928	25 
4929	93 
4930	87 
4931	81 
4932	34 
4933	15 
4934	30 
4935	6 
4936	44 
4937	87 
4938	13 
4939	15 
4940	15 
4941	60 
4942	44 
4943	21 
4944	57 
4945	44 
4946	93 
4947	46 
4948	87 
4949	25 
4950	60 
4951	49 
4952	49 
4953	49 
4954	87 
4955	26 
4956	85 
4957	13 
4958	3 
4959	26 
4960	22 
4961	93 
4962	76 
4963	80 
4964	46 
4965	92 
4966	93 
4967	92 
4968	57 
4969	14 
4970	77 
4971	34 
4972	3 
4973	77 
4974	92 
4975	5 
4976	27 
4977	15 
4978	12 
4979	76 
4980	10 
4981	21 
4982	10 
4983	46 
4984	21 
4985	3 
4986	34 
4987	66 
4988	34 
4989	60 
4990	61 
4991	59 
4992	25 
4993	6 
4994	68 
4995	76 
4996	44 
4997	59 
4998	8 
4999	72 
5000	44 
