1	38 
2	38 
3	73 
4	65 
5	18 
6	84 
7	67 
8	35 
9	48 
10	58 
11	74 
12	30 
13	82 
14	81 
15	81 
16	35 
17	72 
18	35 
19	16 
20	24 
21	38 
22	64 
23	56 
24	20 
25	58 
26	20 
27	14 
28	43 
29	38 
30	69 
31	69 
32	16 
33	37 
34	59 
35	95 
36	8 
37	73 
38	7 
39	83 
40	14 
41	54 
42	51 
43	10 
44	63 
45	30 
46	88 
47	57 
48	56 
49	76 
50	86 
51	68 
52	3 
53	80 
54	92 
55	24 
56	86 
57	53 
58	90 
59	88 
60	41 
61	37 
62	66 
63	69 
64	73 
65	20 
66	53 
67	81 
68	46 
69	24 
70	59 
71	1 
72	69 
73	16 
74	79 
75	92 
76	21 
77	36 
78	16 
79	43 
80	64 
81	74 
82	50 
83	54 
84	16 
85	21 
86	74 
87	68 
88	95 
89	69 
90	48 
91	67 
92	40 
93	80 
94	51 
95	81 
96	69 
97	28 
98	54 
99	27 
100	37 
101	84 
102	79 
103	50 
104	60 
105	4 
106	93 
107	66 
108	9 
109	88 
110	74 
111	30 
112	16 
113	56 
114	13 
115	50 
116	19 
117	24 
118	93 
119	94 
120	30 
121	6 
122	81 
123	95 
124	21 
125	86 
126	22 
127	3 
128	68 
129	71 
130	43 
131	50 
132	41 
133	52 
134	90 
135	22 
136	75 
137	92 
138	21 
139	3 
140	93 
141	75 
142	39 
143	95 
144	47 
145	55 
146	30 
147	3 
148	95 
149	34 
150	74 
151	31 
152	93 
153	95 
154	81 
155	90 
156	76 
157	30 
158	2 
159	95 
160	81 
161	3 
162	35 
163	3 
164	14 
165	22 
166	88 
167	85 
168	16 
169	33 
170	75 
171	12 
172	13 
173	53 
174	33 
175	36 
176	40 
177	92 
178	32 
179	43 
180	73 
181	59 
182	27 
183	53 
184	22 
185	60 
186	31 
187	31 
188	95 
189	2 
190	96 
191	63 
192	43 
193	35 
194	54 
195	68 
196	68 
197	31 
198	59 
199	40 
200	34 
201	94 
202	78 
203	56 
204	36 
205	17 
206	46 
207	34 
208	36 
209	51 
210	11 
211	3 
212	38 
213	84 
214	46 
215	79 
216	20 
217	80 
218	27 
219	94 
220	59 
221	94 
222	34 
223	24 
224	70 
225	85 
226	54 
227	48 
228	75 
229	75 
230	22 
231	8 
232	69 
233	23 
234	37 
235	23 
236	38 
237	76 
238	13 
239	40 
240	45 
241	96 
242	10 
243	93 
244	35 
245	65 
246	4 
247	90 
248	16 
249	96 
250	95 
251	57 
252	18 
253	95 
254	43 
255	46 
256	34 
257	74 
258	5 
259	1 
260	61 
261	22 
262	2 
263	29 
264	1 
265	19 
266	16 
267	38 
268	96 
269	42 
270	11 
271	46 
272	9 
273	84 
274	16 
275	61 
276	36 
277	34 
278	47 
279	73 
280	22 
281	2 
282	51 
283	23 
284	91 
285	83 
286	15 
287	16 
288	76 
289	78 
290	87 
291	41 
292	9 
293	75 
294	73 
295	82 
296	66 
297	30 
298	14 
299	30 
300	22 
301	81 
302	35 
303	58 
304	92 
305	74 
306	37 
307	22 
308	54 
309	74 
310	80 
311	93 
312	88 
313	37 
314	70 
315	24 
316	96 
317	46 
318	69 
319	26 
320	70 
321	35 
322	19 
323	54 
324	14 
325	37 
326	88 
327	63 
328	74 
329	32 
330	5 
331	12 
332	59 
333	50 
334	89 
335	38 
336	48 
337	40 
338	76 
339	31 
340	10 
341	77 
342	85 
343	19 
344	81 
345	53 
346	78 
347	70 
348	48 
349	30 
350	92 
351	31 
352	16 
353	7 
354	43 
355	47 
356	46 
357	46 
358	36 
359	54 
360	43 
361	54 
362	71 
363	18 
364	77 
365	40 
366	92 
367	50 
368	35 
369	95 
370	13 
371	17 
372	75 
373	25 
374	81 
375	44 
376	48 
377	78 
378	84 
379	50 
380	65 
381	78 
382	76 
383	72 
384	66 
385	30 
386	38 
387	10 
388	34 
389	86 
390	67 
391	94 
392	72 
393	35 
394	39 
395	74 
396	82 
397	4 
398	75 
399	20 
400	54 
401	21 
402	30 
403	74 
404	90 
405	56 
406	96 
407	39 
408	74 
409	88 
410	51 
411	1 
412	34 
413	36 
414	88 
415	33 
416	30 
417	69 
418	53 
419	3 
420	2 
421	1 
422	58 
423	92 
424	51 
425	23 
426	52 
427	25 
428	61 
429	64 
430	59 
431	27 
432	89 
433	16 
434	75 
435	66 
436	76 
437	66 
438	30 
439	31 
440	93 
441	13 
442	10 
443	80 
444	3 
445	64 
446	62 
447	72 
448	38 
449	80 
450	24 
451	67 
452	74 
453	76 
454	61 
455	58 
456	40 
457	78 
458	92 
459	61 
460	46 
461	2 
462	81 
463	4 
464	90 
465	94 
466	10 
467	61 
468	43 
469	43 
470	64 
471	70 
472	79 
473	34 
474	93 
475	92 
476	17 
477	88 
478	73 
479	70 
480	95 
481	64 
482	7 
483	11 
484	48 
485	49 
486	35 
487	32 
488	41 
489	58 
490	11 
491	36 
492	82 
493	83 
494	4 
495	56 
496	37 
497	74 
498	56 
499	21 
500	6 
501	23 
502	29 
503	88 
504	69 
505	36 
506	16 
507	66 
508	68 
509	18 
510	89 
511	40 
512	30 
513	60 
514	72 
515	90 
516	10 
517	64 
518	61 
519	59 
520	50 
521	50 
522	73 
523	80 
524	77 
525	56 
526	80 
527	31 
528	43 
529	56 
530	68 
531	26 
532	16 
533	1 
534	50 
535	47 
536	53 
537	56 
538	92 
539	31 
540	69 
541	75 
542	58 
543	50 
544	1 
545	48 
546	23 
547	50 
548	69 
549	72 
550	93 
551	63 
552	28 
553	75 
554	14 
555	90 
556	30 
557	15 
558	88 
559	49 
560	64 
561	69 
562	12 
563	73 
564	10 
565	30 
566	79 
567	73 
568	44 
569	60 
570	67 
571	30 
572	23 
573	93 
574	9 
575	11 
576	3 
577	6 
578	73 
579	74 
580	47 
581	54 
582	12 
583	79 
584	41 
585	48 
586	35 
587	83 
588	30 
589	39 
590	66 
591	96 
592	26 
593	13 
594	85 
595	1 
596	53 
597	10 
598	68 
599	83 
600	66 
601	25 
602	66 
603	86 
604	96 
605	81 
606	1 
607	25 
608	9 
609	36 
610	82 
611	54 
612	30 
613	64 
614	31 
615	35 
616	86 
617	6 
618	73 
619	10 
620	66 
621	39 
622	49 
623	92 
624	94 
625	68 
626	29 
627	62 
628	95 
629	48 
630	69 
631	93 
632	52 
633	54 
634	24 
635	8 
636	30 
637	50 
638	58 
639	52 
640	3 
641	95 
642	55 
643	93 
644	37 
645	24 
646	65 
647	65 
648	95 
649	45 
650	84 
651	68 
652	33 
653	38 
654	38 
655	63 
656	64 
657	63 
658	57 
659	69 
660	4 
661	81 
662	78 
663	52 
664	31 
665	69 
666	35 
667	46 
668	12 
669	42 
670	67 
671	35 
672	74 
673	94 
674	24 
675	46 
676	51 
677	64 
678	77 
679	53 
680	56 
681	89 
682	6 
683	10 
684	66 
685	56 
686	84 
687	35 
688	16 
689	45 
690	31 
691	1 
692	74 
693	50 
694	95 
695	78 
696	16 
697	89 
698	65 
699	3 
700	25 
701	3 
702	30 
703	68 
704	35 
705	61 
706	6 
707	85 
708	15 
709	18 
710	76 
711	64 
712	37 
713	35 
714	21 
715	69 
716	50 
717	43 
718	23 
719	60 
720	14 
721	57 
722	96 
723	23 
724	38 
725	68 
726	64 
727	27 
728	47 
729	43 
730	80 
731	23 
732	74 
733	42 
734	74 
735	4 
736	38 
737	3 
738	47 
739	76 
740	53 
741	81 
742	92 
743	20 
744	35 
745	19 
746	64 
747	6 
748	66 
749	81 
750	48 
751	26 
752	94 
753	85 
754	33 
755	90 
756	19 
757	64 
758	69 
759	49 
760	11 
761	7 
762	85 
763	69 
764	59 
765	91 
766	43 
767	69 
768	23 
769	45 
770	95 
771	46 
772	76 
773	6 
774	54 
775	9 
776	47 
777	16 
778	56 
779	76 
780	89 
781	62 
782	81 
783	37 
784	56 
785	36 
786	88 
787	28 
788	1 
789	52 
790	78 
791	64 
792	38 
793	6 
794	81 
795	11 
796	4 
797	29 
798	64 
799	21 
800	38 
801	78 
802	85 
803	46 
804	1 
805	90 
806	15 
807	77 
808	47 
809	76 
810	36 
811	36 
812	73 
813	79 
814	1 
815	56 
816	89 
817	37 
818	28 
819	72 
820	3 
821	45 
822	32 
823	75 
824	82 
825	85 
826	89 
827	6 
828	96 
829	39 
830	63 
831	30 
832	3 
833	59 
834	65 
835	26 
836	52 
837	86 
838	43 
839	39 
840	25 
841	36 
842	14 
843	59 
844	10 
845	10 
846	95 
847	39 
848	67 
849	60 
850	56 
851	22 
852	56 
853	59 
854	3 
855	88 
856	78 
857	86 
858	23 
859	68 
860	92 
861	9 
862	95 
863	50 
864	81 
865	59 
866	10 
867	73 
868	83 
869	3 
870	92 
871	4 
872	52 
873	96 
874	96 
875	51 
876	10 
877	12 
878	59 
879	55 
880	88 
881	93 
882	69 
883	32 
884	6 
885	76 
886	80 
887	96 
888	50 
889	80 
890	84 
891	36 
892	30 
893	20 
894	39 
895	21 
896	88 
897	36 
898	21 
899	21 
900	4 
901	50 
902	73 
903	54 
904	72 
905	50 
906	21 
907	81 
908	54 
909	22 
910	46 
911	88 
912	53 
913	16 
914	10 
915	84 
916	29 
917	75 
918	83 
919	50 
920	31 
921	20 
922	45 
923	49 
924	55 
925	48 
926	57 
927	85 
928	38 
929	10 
930	35 
931	66 
932	90 
933	15 
934	93 
935	61 
936	10 
937	80 
938	54 
939	16 
940	57 
941	91 
942	6 
943	43 
944	3 
945	53 
946	74 
947	22 
948	6 
949	62 
950	29 
951	23 
952	10 
953	79 
954	68 
955	75 
956	29 
957	69 
958	66 
959	20 
960	41 
961	26 
962	15 
963	16 
964	60 
965	30 
966	25 
967	46 
968	72 
969	69 
970	78 
971	58 
972	74 
973	23 
974	42 
975	89 
976	49 
977	10 
978	23 
979	21 
980	73 
981	30 
982	32 
983	48 
984	26 
985	96 
986	20 
987	92 
988	26 
989	42 
990	96 
991	67 
992	18 
993	72 
994	65 
995	74 
996	54 
997	22 
998	47 
999	43 
1000	88 
1001	39 
1002	16 
1003	91 
1004	27 
1005	39 
1006	54 
1007	10 
1008	23 
1009	24 
1010	96 
1011	87 
1012	6 
1013	9 
1014	64 
1015	90 
1016	56 
1017	67 
1018	26 
1019	44 
1020	73 
1021	89 
1022	96 
1023	50 
1024	46 
1025	74 
1026	6 
1027	43 
1028	70 
1029	85 
1030	30 
1031	66 
1032	12 
1033	59 
1034	4 
1035	45 
1036	40 
1037	55 
1038	88 
1039	66 
1040	35 
1041	85 
1042	22 
1043	15 
1044	48 
1045	88 
1046	4 
1047	30 
1048	70 
1049	67 
1050	14 
1051	35 
1052	61 
1053	25 
1054	74 
1055	82 
1056	37 
1057	68 
1058	59 
1059	23 
1060	90 
1061	77 
1062	48 
1063	59 
1064	32 
1065	64 
1066	30 
1067	6 
1068	85 
1069	31 
1070	58 
1071	80 
1072	65 
1073	1 
1074	46 
1075	85 
1076	52 
1077	84 
1078	10 
1079	69 
1080	37 
1081	50 
1082	38 
1083	75 
1084	3 
1085	58 
1086	31 
1087	42 
1088	48 
1089	30 
1090	69 
1091	54 
1092	63 
1093	75 
1094	32 
1095	17 
1096	46 
1097	38 
1098	10 
1099	2 
1100	48 
1101	50 
1102	43 
1103	50 
1104	22 
1105	76 
1106	70 
1107	95 
1108	64 
1109	49 
1110	14 
1111	6 
1112	53 
1113	56 
1114	90 
1115	16 
1116	88 
1117	96 
1118	56 
1119	43 
1120	31 
1121	78 
1122	16 
1123	20 
1124	79 
1125	90 
1126	10 
1127	10 
1128	11 
1129	14 
1130	70 
1131	43 
1132	19 
1133	53 
1134	30 
1135	66 
1136	27 
1137	30 
1138	45 
1139	31 
1140	59 
1141	68 
1142	38 
1143	43 
1144	61 
1145	11 
1146	78 
1147	2 
1148	71 
1149	10 
1150	94 
1151	49 
1152	54 
1153	88 
1154	13 
1155	87 
1156	68 
1157	72 
1158	36 
1159	93 
1160	14 
1161	80 
1162	57 
1163	5 
1164	94 
1165	34 
1166	92 
1167	36 
1168	53 
1169	9 
1170	26 
1171	62 
1172	34 
1173	46 
1174	43 
1175	10 
1176	23 
1177	92 
1178	85 
1179	73 
1180	37 
1181	79 
1182	22 
1183	69 
1184	21 
1185	40 
1186	44 
1187	49 
1188	80 
1189	38 
1190	95 
1191	43 
1192	93 
1193	45 
1194	81 
1195	92 
1196	26 
1197	8 
1198	14 
1199	47 
1200	78 
1201	51 
1202	39 
1203	63 
1204	60 
1205	85 
1206	34 
1207	24 
1208	75 
1209	62 
1210	33 
1211	63 
1212	42 
1213	50 
1214	33 
1215	61 
1216	13 
1217	22 
1218	53 
1219	85 
1220	5 
1221	49 
1222	35 
1223	49 
1224	74 
1225	11 
1226	90 
1227	48 
1228	43 
1229	87 
1230	87 
1231	95 
1232	71 
1233	36 
1234	76 
1235	26 
1236	63 
1237	63 
1238	47 
1239	53 
1240	87 
1241	21 
1242	68 
1243	49 
1244	27 
1245	9 
1246	74 
1247	93 
1248	30 
1249	41 
1250	3 
1251	67 
1252	50 
1253	78 
1254	73 
1255	92 
1256	39 
1257	52 
1258	95 
1259	34 
1260	56 
1261	38 
1262	49 
1263	77 
1264	11 
1265	74 
1266	76 
1267	70 
1268	74 
1269	50 
1270	54 
1271	3 
1272	31 
1273	74 
1274	61 
1275	43 
1276	69 
1277	71 
1278	36 
1279	85 
1280	22 
1281	1 
1282	50 
1283	15 
1284	87 
1285	88 
1286	90 
1287	4 
1288	74 
1289	14 
1290	75 
1291	56 
1292	64 
1293	47 
1294	73 
1295	74 
1296	73 
1297	51 
1298	6 
1299	17 
1300	68 
1301	6 
1302	11 
1303	39 
1304	74 
1305	73 
1306	22 
1307	76 
1308	4 
1309	47 
1310	35 
1311	3 
1312	38 
1313	48 
1314	39 
1315	50 
1316	59 
1317	10 
1318	7 
1319	40 
1320	73 
1321	36 
1322	44 
1323	35 
1324	68 
1325	76 
1326	85 
1327	9 
1328	21 
1329	46 
1330	35 
1331	40 
1332	12 
1333	71 
1334	65 
1335	83 
1336	23 
1337	74 
1338	73 
1339	48 
1340	59 
1341	33 
1342	48 
1343	68 
1344	39 
1345	39 
1346	6 
1347	91 
1348	27 
1349	90 
1350	45 
1351	43 
1352	29 
1353	16 
1354	53 
1355	22 
1356	47 
1357	43 
1358	41 
1359	74 
1360	54 
1361	47 
1362	53 
1363	69 
1364	40 
1365	83 
1366	31 
1367	21 
1368	39 
1369	31 
1370	1 
1371	34 
1372	46 
1373	12 
1374	71 
1375	10 
1376	22 
1377	60 
1378	16 
1379	47 
1380	67 
1381	58 
1382	1 
1383	42 
1384	58 
1385	95 
1386	3 
1387	9 
1388	90 
1389	92 
1390	37 
1391	63 
1392	94 
1393	94 
1394	8 
1395	58 
1396	56 
1397	1 
1398	31 
1399	46 
1400	38 
1401	84 
1402	23 
1403	50 
1404	21 
1405	56 
1406	20 
1407	43 
1408	16 
1409	36 
1410	50 
1411	36 
1412	75 
1413	22 
1414	59 
1415	66 
1416	11 
1417	43 
1418	44 
1419	91 
1420	83 
1421	91 
1422	77 
1423	21 
1424	4 
1425	30 
1426	95 
1427	47 
1428	55 
1429	43 
1430	35 
1431	72 
1432	21 
1433	8 
1434	54 
1435	47 
1436	61 
1437	43 
1438	30 
1439	47 
1440	60 
1441	61 
1442	46 
1443	38 
1444	30 
1445	59 
1446	91 
1447	12 
1448	36 
1449	3 
1450	6 
1451	77 
1452	8 
1453	37 
1454	16 
1455	38 
1456	56 
1457	67 
1458	31 
1459	30 
1460	31 
1461	17 
1462	1 
1463	54 
1464	2 
1465	38 
1466	81 
1467	35 
1468	54 
1469	73 
1470	64 
1471	9 
1472	70 
1473	1 
1474	89 
1475	30 
1476	4 
1477	40 
1478	28 
1479	74 
1480	40 
1481	48 
1482	18 
1483	64 
1484	80 
1485	35 
1486	53 
1487	6 
1488	61 
1489	80 
1490	71 
1491	69 
1492	70 
1493	74 
1494	43 
1495	32 
1496	43 
1497	45 
1498	78 
1499	83 
1500	19 
1501	68 
1502	12 
1503	50 
1504	64 
1505	53 
1506	91 
1507	27 
1508	20 
1509	9 
1510	77 
1511	38 
1512	85 
1513	56 
1514	74 
1515	48 
1516	75 
1517	83 
1518	11 
1519	59 
1520	28 
1521	95 
1522	45 
1523	13 
1524	6 
1525	92 
1526	1 
1527	50 
1528	90 
1529	83 
1530	57 
1531	40 
1532	34 
1533	72 
1534	22 
1535	88 
1536	64 
1537	66 
1538	40 
1539	72 
1540	66 
1541	43 
1542	59 
1543	7 
1544	69 
1545	84 
1546	20 
1547	31 
1548	91 
1549	39 
1550	68 
1551	34 
1552	72 
1553	59 
1554	10 
1555	65 
1556	3 
1557	73 
1558	61 
1559	49 
1560	11 
1561	49 
1562	71 
1563	40 
1564	7 
1565	38 
1566	46 
1567	95 
1568	73 
1569	38 
1570	31 
1571	45 
1572	85 
1573	52 
1574	95 
1575	21 
1576	83 
1577	24 
1578	93 
1579	7 
1580	37 
1581	4 
1582	6 
1583	73 
1584	11 
1585	16 
1586	75 
1587	39 
1588	71 
1589	30 
1590	54 
1591	16 
1592	71 
1593	95 
1594	3 
1595	74 
1596	90 
1597	49 
1598	59 
1599	54 
1600	17 
1601	85 
1602	66 
1603	42 
1604	44 
1605	1 
1606	7 
1607	54 
1608	53 
1609	6 
1610	1 
1611	3 
1612	81 
1613	10 
1614	81 
1615	81 
1616	24 
1617	17 
1618	4 
1619	54 
1620	49 
1621	6 
1622	14 
1623	93 
1624	21 
1625	78 
1626	46 
1627	22 
1628	95 
1629	81 
1630	9 
1631	53 
1632	63 
1633	31 
1634	66 
1635	27 
1636	39 
1637	72 
1638	42 
1639	49 
1640	41 
1641	81 
1642	80 
1643	93 
1644	59 
1645	3 
1646	79 
1647	35 
1648	95 
1649	37 
1650	56 
1651	20 
1652	10 
1653	80 
1654	55 
1655	2 
1656	1 
1657	35 
1658	53 
1659	27 
1660	37 
1661	81 
1662	66 
1663	59 
1664	58 
1665	30 
1666	95 
1667	96 
1668	75 
1669	73 
1670	55 
1671	22 
1672	56 
1673	61 
1674	92 
1675	9 
1676	59 
1677	11 
1678	6 
1679	23 
1680	52 
1681	54 
1682	11 
1683	24 
1684	58 
1685	82 
1686	87 
1687	71 
1688	69 
1689	83 
1690	23 
1691	17 
1692	4 
1693	76 
1694	74 
1695	36 
1696	38 
1697	43 
1698	36 
1699	52 
1700	51 
1701	36 
1702	88 
1703	55 
1704	30 
1705	10 
1706	53 
1707	24 
1708	43 
1709	34 
1710	76 
1711	24 
1712	43 
1713	53 
1714	35 
1715	12 
1716	78 
1717	52 
1718	76 
1719	35 
1720	45 
1721	23 
1722	85 
1723	78 
1724	80 
1725	7 
1726	91 
1727	83 
1728	53 
1729	49 
1730	6 
1731	14 
1732	68 
1733	45 
1734	54 
1735	6 
1736	64 
1737	88 
1738	70 
1739	94 
1740	92 
1741	48 
1742	58 
1743	92 
1744	85 
1745	85 
1746	25 
1747	26 
1748	66 
1749	85 
1750	64 
1751	10 
1752	96 
1753	37 
1754	68 
1755	96 
1756	92 
1757	11 
1758	69 
1759	9 
1760	1 
1761	68 
1762	22 
1763	62 
1764	95 
1765	35 
1766	30 
1767	86 
1768	92 
1769	23 
1770	37 
1771	76 
1772	68 
1773	65 
1774	81 
1775	31 
1776	38 
1777	79 
1778	58 
1779	22 
1780	31 
1781	36 
1782	58 
1783	85 
1784	24 
1785	43 
1786	51 
1787	79 
1788	25 
1789	34 
1790	13 
1791	95 
1792	36 
1793	31 
1794	67 
1795	84 
1796	70 
1797	70 
1798	30 
1799	46 
1800	90 
1801	48 
1802	10 
1803	69 
1804	88 
1805	12 
1806	69 
1807	81 
1808	61 
1809	22 
1810	64 
1811	77 
1812	6 
1813	36 
1814	10 
1815	4 
1816	95 
1817	39 
1818	71 
1819	32 
1820	85 
1821	12 
1822	58 
1823	40 
1824	43 
1825	50 
1826	79 
1827	36 
1828	72 
1829	36 
1830	93 
1831	86 
1832	69 
1833	35 
1834	31 
1835	67 
1836	88 
1837	82 
1838	12 
1839	94 
1840	96 
1841	72 
1842	41 
1843	93 
1844	59 
1845	75 
1846	54 
1847	69 
1848	77 
1849	95 
1850	30 
1851	54 
1852	61 
1853	18 
1854	46 
1855	81 
1856	90 
1857	50 
1858	3 
1859	89 
1860	35 
1861	69 
1862	39 
1863	81 
1864	73 
1865	46 
1866	66 
1867	80 
1868	50 
1869	38 
1870	34 
1871	38 
1872	54 
1873	95 
1874	40 
1875	14 
1876	10 
1877	23 
1878	59 
1879	73 
1880	85 
1881	25 
1882	20 
1883	45 
1884	30 
1885	85 
1886	75 
1887	79 
1888	32 
1889	47 
1890	20 
1891	6 
1892	30 
1893	3 
1894	33 
1895	38 
1896	1 
1897	69 
1898	48 
1899	56 
1900	4 
1901	35 
1902	45 
1903	1 
1904	2 
1905	40 
1906	75 
1907	10 
1908	8 
1909	11 
1910	76 
1911	12 
1912	66 
1913	79 
1914	6 
1915	37 
1916	26 
1917	90 
1918	76 
1919	38 
1920	14 
1921	40 
1922	21 
1923	48 
1924	52 
1925	35 
1926	18 
1927	31 
1928	14 
1929	81 
1930	76 
1931	83 
1932	85 
1933	83 
1934	69 
1935	16 
1936	5 
1937	1 
1938	93 
1939	95 
1940	79 
1941	93 
1942	64 
1943	68 
1944	21 
1945	74 
1946	88 
1947	16 
1948	17 
1949	59 
1950	4 
1951	32 
1952	37 
1953	95 
1954	71 
1955	56 
1956	23 
1957	28 
1958	37 
1959	30 
1960	63 
1961	38 
1962	24 
1963	55 
1964	47 
1965	31 
1966	19 
1967	5 
1968	61 
1969	31 
1970	4 
1971	96 
1972	90 
1973	85 
1974	69 
1975	59 
1976	3 
1977	76 
1978	44 
1979	41 
1980	89 
1981	91 
1982	31 
1983	63 
1984	68 
1985	28 
1986	81 
1987	48 
1988	40 
1989	17 
1990	35 
1991	2 
1992	52 
1993	76 
1994	46 
1995	70 
1996	57 
1997	36 
1998	22 
1999	1 
2000	67 
2001	19 
2002	85 
2003	76 
2004	31 
2005	61 
2006	35 
2007	8 
2008	11 
2009	10 
2010	58 
2011	57 
2012	70 
2013	30 
2014	48 
2015	38 
2016	72 
2017	38 
2018	6 
2019	35 
2020	54 
2021	10 
2022	44 
2023	64 
2024	95 
2025	35 
2026	4 
2027	7 
2028	37 
2029	22 
2030	11 
2031	83 
2032	66 
2033	74 
2034	83 
2035	39 
2036	83 
2037	65 
2038	93 
2039	62 
2040	73 
2041	76 
2042	81 
2043	6 
2044	58 
2045	55 
2046	71 
2047	51 
2048	92 
2049	77 
2050	89 
2051	93 
2052	90 
2053	68 
2054	95 
2055	4 
2056	69 
2057	8 
2058	34 
2059	94 
2060	96 
2061	55 
2062	14 
2063	6 
2064	68 
2065	93 
2066	81 
2067	86 
2068	49 
2069	93 
2070	95 
2071	2 
2072	65 
2073	79 
2074	72 
2075	22 
2076	27 
2077	21 
2078	38 
2079	91 
2080	81 
2081	48 
2082	83 
2083	16 
2084	1 
2085	56 
2086	29 
2087	25 
2088	49 
2089	45 
2090	75 
2091	54 
2092	73 
2093	71 
2094	40 
2095	83 
2096	31 
2097	31 
2098	22 
2099	96 
2100	96 
2101	69 
2102	45 
2103	11 
2104	57 
2105	63 
2106	58 
2107	73 
2108	92 
2109	35 
2110	56 
2111	14 
2112	71 
2113	53 
2114	8 
2115	49 
2116	46 
2117	88 
2118	49 
2119	46 
2120	95 
2121	86 
2122	64 
2123	1 
2124	58 
2125	59 
2126	23 
2127	88 
2128	31 
2129	60 
2130	16 
2131	81 
2132	36 
2133	16 
2134	73 
2135	6 
2136	72 
2137	51 
2138	77 
2139	56 
2140	95 
2141	81 
2142	73 
2143	48 
2144	58 
2145	66 
2146	16 
2147	26 
2148	38 
2149	10 
2150	94 
2151	40 
2152	21 
2153	50 
2154	56 
2155	46 
2156	7 
2157	19 
2158	86 
2159	57 
2160	71 
2161	46 
2162	49 
2163	48 
2164	85 
2165	78 
2166	94 
2167	71 
2168	71 
2169	75 
2170	29 
2171	66 
2172	63 
2173	1 
2174	40 
2175	49 
2176	74 
2177	92 
2178	54 
2179	26 
2180	75 
2181	75 
2182	35 
2183	66 
2184	26 
2185	14 
2186	41 
2187	4 
2188	77 
2189	90 
2190	59 
2191	79 
2192	79 
2193	6 
2194	88 
2195	37 
2196	21 
2197	42 
2198	76 
2199	22 
2200	93 
2201	6 
2202	1 
2203	64 
2204	20 
2205	16 
2206	90 
2207	9 
2208	73 
2209	35 
2210	34 
2211	14 
2212	57 
2213	33 
2214	81 
2215	83 
2216	50 
2217	38 
2218	8 
2219	48 
2220	2 
2221	52 
2222	35 
2223	16 
2224	89 
2225	2 
2226	3 
2227	37 
2228	39 
2229	67 
2230	64 
2231	28 
2232	30 
2233	64 
2234	54 
2235	73 
2236	26 
2237	52 
2238	71 
2239	22 
2240	61 
2241	90 
2242	10 
2243	8 
2244	7 
2245	43 
2246	16 
2247	4 
2248	47 
2249	47 
2250	55 
2251	37 
2252	56 
2253	58 
2254	93 
2255	77 
2256	21 
2257	30 
2258	83 
2259	73 
2260	21 
2261	82 
2262	7 
2263	68 
2264	10 
2265	67 
2266	18 
2267	92 
2268	82 
2269	79 
2270	76 
2271	70 
2272	95 
2273	50 
2274	3 
2275	66 
2276	68 
2277	6 
2278	35 
2279	28 
2280	68 
2281	24 
2282	91 
2283	96 
2284	45 
2285	85 
2286	93 
2287	21 
2288	17 
2289	49 
2290	69 
2291	50 
2292	36 
2293	48 
2294	88 
2295	16 
2296	11 
2297	95 
2298	11 
2299	53 
2300	85 
2301	59 
2302	54 
2303	51 
2304	30 
2305	10 
2306	5 
2307	64 
2308	6 
2309	26 
2310	31 
2311	35 
2312	89 
2313	54 
2314	7 
2315	79 
2316	86 
2317	37 
2318	6 
2319	67 
2320	30 
2321	21 
2322	5 
2323	4 
2324	35 
2325	12 
2326	20 
2327	31 
2328	73 
2329	19 
2330	74 
2331	89 
2332	26 
2333	83 
2334	59 
2335	64 
2336	70 
2337	50 
2338	32 
2339	17 
2340	46 
2341	42 
2342	96 
2343	7 
2344	59 
2345	50 
2346	38 
2347	86 
2348	66 
2349	1 
2350	32 
2351	70 
2352	35 
2353	46 
2354	85 
2355	9 
2356	9 
2357	64 
2358	3 
2359	14 
2360	43 
2361	25 
2362	95 
2363	90 
2364	54 
2365	75 
2366	63 
2367	53 
2368	40 
2369	69 
2370	70 
2371	72 
2372	16 
2373	76 
2374	30 
2375	90 
2376	52 
2377	63 
2378	63 
2379	36 
2380	70 
2381	92 
2382	73 
2383	39 
2384	54 
2385	68 
2386	30 
2387	4 
2388	32 
2389	92 
2390	71 
2391	37 
2392	23 
2393	34 
2394	80 
2395	6 
2396	88 
2397	90 
2398	76 
2399	73 
2400	86 
2401	1 
2402	37 
2403	66 
2404	77 
2405	96 
2406	88 
2407	16 
2408	8 
2409	85 
2410	18 
2411	96 
2412	18 
2413	22 
2414	35 
2415	28 
2416	3 
2417	22 
2418	42 
2419	85 
2420	22 
2421	3 
2422	79 
2423	14 
2424	3 
2425	34 
2426	75 
2427	88 
2428	77 
2429	21 
2430	63 
2431	10 
2432	74 
2433	45 
2434	66 
2435	36 
2436	23 
2437	95 
2438	25 
2439	20 
2440	42 
2441	15 
2442	74 
2443	90 
2444	40 
2445	47 
2446	2 
2447	83 
2448	14 
2449	53 
2450	10 
2451	9 
2452	17 
2453	44 
2454	72 
2455	3 
2456	14 
2457	36 
2458	73 
2459	63 
2460	6 
2461	95 
2462	93 
2463	79 
2464	37 
2465	31 
2466	27 
2467	96 
2468	47 
2469	63 
2470	95 
2471	4 
2472	11 
2473	93 
2474	73 
2475	26 
2476	33 
2477	47 
2478	84 
2479	64 
2480	81 
2481	56 
2482	84 
2483	55 
2484	90 
2485	48 
2486	56 
2487	10 
2488	4 
2489	39 
2490	42 
2491	64 
2492	10 
2493	92 
2494	54 
2495	22 
2496	18 
2497	64 
2498	91 
2499	93 
2500	45 
2501	31 
2502	73 
2503	29 
2504	74 
2505	95 
2506	42 
2507	70 
2508	71 
2509	21 
2510	2 
2511	65 
2512	29 
2513	80 
2514	72 
2515	16 
2516	88 
2517	52 
2518	32 
2519	61 
2520	34 
2521	10 
2522	35 
2523	40 
2524	48 
2525	31 
2526	11 
2527	59 
2528	79 
2529	35 
2530	54 
2531	1 
2532	54 
2533	93 
2534	73 
2535	70 
2536	47 
2537	10 
2538	77 
2539	48 
2540	11 
2541	40 
2542	25 
2543	79 
2544	58 
2545	9 
2546	4 
2547	51 
2548	28 
2549	58 
2550	5 
2551	86 
2552	63 
2553	1 
2554	36 
2555	12 
2556	32 
2557	53 
2558	74 
2559	55 
2560	34 
2561	6 
2562	17 
2563	58 
2564	79 
2565	8 
2566	42 
2567	56 
2568	41 
2569	30 
2570	47 
2571	48 
2572	80 
2573	37 
2574	51 
2575	95 
2576	22 
2577	50 
2578	20 
2579	61 
2580	77 
2581	36 
2582	36 
2583	61 
2584	10 
2585	58 
2586	85 
2587	46 
2588	18 
2589	70 
2590	95 
2591	37 
2592	10 
2593	85 
2594	94 
2595	11 
2596	3 
2597	36 
2598	5 
2599	88 
2600	74 
2601	36 
2602	16 
2603	56 
2604	21 
2605	66 
2606	10 
2607	83 
2608	59 
2609	93 
2610	10 
2611	43 
2612	3 
2613	94 
2614	60 
2615	30 
2616	92 
2617	10 
2618	3 
2619	61 
2620	88 
2621	22 
2622	26 
2623	58 
2624	76 
2625	22 
2626	47 
2627	59 
2628	11 
2629	64 
2630	80 
2631	89 
2632	31 
2633	48 
2634	23 
2635	10 
2636	40 
2637	12 
2638	51 
2639	6 
2640	63 
2641	66 
2642	24 
2643	14 
2644	16 
2645	31 
2646	52 
2647	94 
2648	37 
2649	48 
2650	11 
2651	64 
2652	30 
2653	1 
2654	35 
2655	29 
2656	73 
2657	10 
2658	59 
2659	69 
2660	16 
2661	23 
2662	82 
2663	12 
2664	37 
2665	43 
2666	21 
2667	69 
2668	70 
2669	84 
2670	17 
2671	85 
2672	64 
2673	92 
2674	85 
2675	69 
2676	59 
2677	93 
2678	56 
2679	66 
2680	66 
2681	39 
2682	13 
2683	80 
2684	44 
2685	40 
2686	14 
2687	90 
2688	10 
2689	54 
2690	30 
2691	26 
2692	22 
2693	29 
2694	47 
2695	93 
2696	35 
2697	3 
2698	48 
2699	26 
2700	56 
2701	35 
2702	61 
2703	69 
2704	68 
2705	6 
2706	68 
2707	46 
2708	21 
2709	64 
2710	61 
2711	6 
2712	7 
2713	53 
2714	75 
2715	82 
2716	81 
2717	25 
2718	25 
2719	28 
2720	21 
2721	2 
2722	76 
2723	10 
2724	92 
2725	73 
2726	9 
2727	1 
2728	95 
2729	12 
2730	36 
2731	36 
2732	10 
2733	7 
2734	79 
2735	6 
2736	36 
2737	85 
2738	61 
2739	47 
2740	20 
2741	36 
2742	73 
2743	31 
2744	35 
2745	11 
2746	88 
2747	95 
2748	69 
2749	61 
2750	48 
2751	75 
2752	82 
2753	87 
2754	30 
2755	8 
2756	68 
2757	5 
2758	24 
2759	21 
2760	63 
2761	3 
2762	66 
2763	49 
2764	22 
2765	18 
2766	16 
2767	69 
2768	75 
2769	58 
2770	47 
2771	11 
2772	50 
2773	42 
2774	75 
2775	39 
2776	1 
2777	50 
2778	75 
2779	42 
2780	42 
2781	68 
2782	20 
2783	4 
2784	77 
2785	45 
2786	56 
2787	7 
2788	35 
2789	79 
2790	46 
2791	10 
2792	73 
2793	67 
2794	22 
2795	69 
2796	7 
2797	5 
2798	84 
2799	49 
2800	12 
2801	34 
2802	84 
2803	57 
2804	13 
2805	80 
2806	36 
2807	64 
2808	72 
2809	80 
2810	88 
2811	46 
2812	78 
2813	22 
2814	79 
2815	46 
2816	16 
2817	7 
2818	3 
2819	43 
2820	76 
2821	6 
2822	89 
2823	50 
2824	65 
2825	66 
2826	73 
2827	21 
2828	75 
2829	44 
2830	64 
2831	10 
2832	17 
2833	53 
2834	80 
2835	7 
2836	10 
2837	75 
2838	92 
2839	56 
2840	50 
2841	61 
2842	64 
2843	88 
2844	79 
2845	59 
2846	39 
2847	26 
2848	43 
2849	57 
2850	59 
2851	8 
2852	64 
2853	60 
2854	56 
2855	54 
2856	36 
2857	25 
2858	61 
2859	83 
2860	76 
2861	16 
2862	6 
2863	11 
2864	23 
2865	31 
2866	44 
2867	29 
2868	86 
2869	4 
2870	4 
2871	84 
2872	31 
2873	64 
2874	27 
2875	4 
2876	35 
2877	32 
2878	90 
2879	55 
2880	22 
2881	36 
2882	53 
2883	14 
2884	12 
2885	1 
2886	86 
2887	52 
2888	86 
2889	48 
2890	85 
2891	10 
2892	82 
2893	95 
2894	21 
2895	69 
2896	45 
2897	54 
2898	48 
2899	92 
2900	22 
2901	3 
2902	1 
2903	53 
2904	89 
2905	66 
2906	38 
2907	57 
2908	58 
2909	64 
2910	95 
2911	81 
2912	65 
2913	3 
2914	27 
2915	85 
2916	2 
2917	36 
2918	72 
2919	86 
2920	22 
2921	69 
2922	49 
2923	66 
2924	63 
2925	71 
2926	35 
2927	48 
2928	96 
2929	46 
2930	93 
2931	48 
2932	29 
2933	24 
2934	15 
2935	43 
2936	92 
2937	11 
2938	4 
2939	22 
2940	35 
2941	23 
2942	3 
2943	78 
2944	64 
2945	58 
2946	74 
2947	3 
2948	85 
2949	63 
2950	84 
2951	50 
2952	75 
2953	63 
2954	78 
2955	12 
2956	7 
2957	14 
2958	93 
2959	64 
2960	89 
2961	85 
2962	59 
2963	66 
2964	1 
2965	45 
2966	69 
2967	73 
2968	87 
2969	39 
2970	59 
2971	82 
2972	56 
2973	9 
2974	81 
2975	16 
2976	21 
2977	4 
2978	90 
2979	69 
2980	77 
2981	26 
2982	39 
2983	35 
2984	22 
2985	89 
2986	44 
2987	58 
2988	73 
2989	64 
2990	49 
2991	11 
2992	4 
2993	47 
2994	58 
2995	74 
2996	1 
2997	61 
2998	73 
2999	69 
3000	82 
3001	6 
3002	6 
3003	82 
3004	54 
3005	69 
3006	29 
3007	56 
3008	83 
3009	64 
3010	31 
3011	27 
3012	37 
3013	69 
3014	13 
3015	93 
3016	34 
3017	3 
3018	10 
3019	38 
3020	10 
3021	64 
3022	89 
3023	23 
3024	14 
3025	92 
3026	49 
3027	59 
3028	64 
3029	53 
3030	31 
3031	58 
3032	6 
3033	51 
3034	76 
3035	9 
3036	95 
3037	50 
3038	25 
3039	25 
3040	64 
3041	39 
3042	61 
3043	91 
3044	13 
3045	48 
3046	24 
3047	61 
3048	75 
3049	86 
3050	47 
3051	84 
3052	88 
3053	95 
3054	64 
3055	16 
3056	74 
3057	83 
3058	59 
3059	6 
3060	53 
3061	81 
3062	50 
3063	56 
3064	21 
3065	27 
3066	61 
3067	74 
3068	50 
3069	1 
3070	72 
3071	9 
3072	61 
3073	44 
3074	81 
3075	18 
3076	44 
3077	37 
3078	81 
3079	3 
3080	76 
3081	5 
3082	54 
3083	86 
3084	71 
3085	73 
3086	66 
3087	61 
3088	89 
3089	20 
3090	39 
3091	15 
3092	16 
3093	29 
3094	11 
3095	41 
3096	9 
3097	79 
3098	42 
3099	46 
3100	48 
3101	10 
3102	7 
3103	4 
3104	76 
3105	53 
3106	79 
3107	96 
3108	65 
3109	41 
3110	30 
3111	62 
3112	22 
3113	93 
3114	47 
3115	95 
3116	35 
3117	83 
3118	34 
3119	59 
3120	71 
3121	61 
3122	80 
3123	43 
3124	25 
3125	56 
3126	6 
3127	81 
3128	90 
3129	93 
3130	65 
3131	47 
3132	22 
3133	72 
3134	7 
3135	21 
3136	3 
3137	64 
3138	5 
3139	31 
3140	67 
3141	42 
3142	1 
3143	90 
3144	37 
3145	36 
3146	34 
3147	3 
3148	12 
3149	41 
3150	9 
3151	13 
3152	68 
3153	24 
3154	43 
3155	51 
3156	10 
3157	76 
3158	3 
3159	39 
3160	47 
3161	35 
3162	64 
3163	76 
3164	75 
3165	24 
3166	75 
3167	11 
3168	55 
3169	43 
3170	35 
3171	20 
3172	93 
3173	78 
3174	1 
3175	71 
3176	6 
3177	76 
3178	85 
3179	48 
3180	6 
3181	66 
3182	10 
3183	63 
3184	17 
3185	71 
3186	90 
3187	27 
3188	32 
3189	1 
3190	48 
3191	30 
3192	38 
3193	1 
3194	38 
3195	21 
3196	31 
3197	76 
3198	73 
3199	3 
3200	70 
3201	90 
3202	10 
3203	35 
3204	76 
3205	80 
3206	34 
3207	84 
3208	9 
3209	53 
3210	14 
3211	16 
3212	38 
3213	57 
3214	87 
3215	65 
3216	19 
3217	15 
3218	3 
3219	64 
3220	68 
3221	64 
3222	10 
3223	28 
3224	4 
3225	89 
3226	50 
3227	59 
3228	10 
3229	5 
3230	57 
3231	96 
3232	29 
3233	48 
3234	74 
3235	11 
3236	90 
3237	62 
3238	69 
3239	50 
3240	51 
3241	71 
3242	30 
3243	11 
3244	93 
3245	86 
3246	48 
3247	30 
3248	31 
3249	93 
3250	39 
3251	19 
3252	31 
3253	59 
3254	93 
3255	74 
3256	72 
3257	24 
3258	18 
3259	5 
3260	92 
3261	47 
3262	65 
3263	69 
3264	38 
3265	41 
3266	16 
3267	86 
3268	59 
3269	73 
3270	54 
3271	7 
3272	48 
3273	14 
3274	81 
3275	72 
3276	64 
3277	57 
3278	35 
3279	94 
3280	69 
3281	22 
3282	47 
3283	82 
3284	71 
3285	36 
3286	70 
3287	69 
3288	50 
3289	33 
3290	92 
3291	66 
3292	50 
3293	39 
3294	86 
3295	74 
3296	56 
3297	74 
3298	87 
3299	24 
3300	63 
3301	76 
3302	47 
3303	69 
3304	46 
3305	20 
3306	49 
3307	89 
3308	43 
3309	6 
3310	20 
3311	11 
3312	79 
3313	10 
3314	48 
3315	48 
3316	31 
3317	70 
3318	35 
3319	4 
3320	72 
3321	85 
3322	14 
3323	5 
3324	96 
3325	43 
3326	16 
3327	39 
3328	1 
3329	76 
3330	71 
3331	44 
3332	31 
3333	85 
3334	47 
3335	39 
3336	78 
3337	8 
3338	69 
3339	93 
3340	18 
3341	81 
3342	81 
3343	11 
3344	68 
3345	49 
3346	9 
3347	22 
3348	68 
3349	1 
3350	38 
3351	36 
3352	12 
3353	28 
3354	93 
3355	90 
3356	43 
3357	64 
3358	35 
3359	14 
3360	10 
3361	65 
3362	38 
3363	13 
3364	96 
3365	81 
3366	92 
3367	24 
3368	16 
3369	75 
3370	42 
3371	95 
3372	3 
3373	56 
3374	6 
3375	39 
3376	13 
3377	50 
3378	39 
3379	81 
3380	82 
3381	70 
3382	91 
3383	22 
3384	44 
3385	53 
3386	68 
3387	59 
3388	89 
3389	92 
3390	36 
3391	93 
3392	70 
3393	50 
3394	38 
3395	20 
3396	50 
3397	71 
3398	44 
3399	92 
3400	66 
3401	16 
3402	42 
3403	67 
3404	92 
3405	40 
3406	3 
3407	11 
3408	40 
3409	35 
3410	37 
3411	48 
3412	71 
3413	31 
3414	61 
3415	17 
3416	2 
3417	80 
3418	48 
3419	6 
3420	54 
3421	1 
3422	73 
3423	50 
3424	57 
3425	11 
3426	12 
3427	28 
3428	25 
3429	90 
3430	13 
3431	58 
3432	69 
3433	56 
3434	43 
3435	35 
3436	56 
3437	35 
3438	22 
3439	59 
3440	64 
3441	59 
3442	64 
3443	85 
3444	13 
3445	76 
3446	55 
3447	24 
3448	67 
3449	35 
3450	21 
3451	79 
3452	42 
3453	58 
3454	3 
3455	36 
3456	54 
3457	4 
3458	9 
3459	27 
3460	22 
3461	45 
3462	30 
3463	59 
3464	7 
3465	53 
3466	16 
3467	91 
3468	74 
3469	36 
3470	30 
3471	3 
3472	39 
3473	30 
3474	68 
3475	61 
3476	22 
3477	57 
3478	21 
3479	96 
3480	68 
3481	50 
3482	50 
3483	20 
3484	64 
3485	48 
3486	30 
3487	7 
3488	71 
3489	41 
3490	26 
3491	74 
3492	48 
3493	38 
3494	30 
3495	73 
3496	47 
3497	38 
3498	96 
3499	17 
3500	85 
3501	72 
3502	76 
3503	50 
3504	54 
3505	23 
3506	15 
3507	46 
3508	5 
3509	10 
3510	58 
3511	30 
3512	38 
3513	56 
3514	95 
3515	96 
3516	79 
3517	34 
3518	50 
3519	48 
3520	82 
3521	50 
3522	30 
3523	10 
3524	17 
3525	65 
3526	74 
3527	33 
3528	35 
3529	4 
3530	74 
3531	74 
3532	6 
3533	47 
3534	47 
3535	68 
3536	3 
3537	31 
3538	3 
3539	89 
3540	62 
3541	58 
3542	52 
3543	18 
3544	23 
3545	76 
3546	21 
3547	50 
3548	52 
3549	6 
3550	58 
3551	41 
3552	1 
3553	27 
3554	23 
3555	44 
3556	92 
3557	62 
3558	22 
3559	5 
3560	76 
3561	78 
3562	89 
3563	89 
3564	68 
3565	35 
3566	50 
3567	21 
3568	14 
3569	35 
3570	71 
3571	26 
3572	62 
3573	22 
3574	35 
3575	65 
3576	69 
3577	35 
3578	63 
3579	66 
3580	95 
3581	65 
3582	30 
3583	20 
3584	50 
3585	9 
3586	36 
3587	47 
3588	76 
3589	5 
3590	39 
3591	6 
3592	62 
3593	39 
3594	79 
3595	91 
3596	9 
3597	53 
3598	38 
3599	85 
3600	11 
3601	82 
3602	96 
3603	81 
3604	6 
3605	74 
3606	45 
3607	36 
3608	42 
3609	31 
3610	41 
3611	49 
3612	42 
3613	66 
3614	87 
3615	46 
3616	54 
3617	83 
3618	21 
3619	69 
3620	31 
3621	76 
3622	57 
3623	59 
3624	95 
3625	85 
3626	71 
3627	53 
3628	58 
3629	81 
3630	21 
3631	93 
3632	24 
3633	48 
3634	60 
3635	70 
3636	85 
3637	90 
3638	23 
3639	73 
3640	8 
3641	64 
3642	75 
3643	11 
3644	36 
3645	91 
3646	55 
3647	43 
3648	88 
3649	48 
3650	79 
3651	47 
3652	73 
3653	49 
3654	59 
3655	23 
3656	75 
3657	61 
3658	89 
3659	44 
3660	2 
3661	20 
3662	30 
3663	66 
3664	92 
3665	18 
3666	56 
3667	58 
3668	15 
3669	7 
3670	22 
3671	16 
3672	90 
3673	88 
3674	7 
3675	85 
3676	2 
3677	95 
3678	20 
3679	95 
3680	44 
3681	12 
3682	6 
3683	54 
3684	17 
3685	80 
3686	42 
3687	61 
3688	21 
3689	14 
3690	39 
3691	18 
3692	66 
3693	83 
3694	21 
3695	22 
3696	63 
3697	41 
3698	96 
3699	59 
3700	93 
3701	90 
3702	93 
3703	6 
3704	44 
3705	16 
3706	88 
3707	41 
3708	6 
3709	37 
3710	61 
3711	58 
3712	68 
3713	23 
3714	31 
3715	52 
3716	77 
3717	43 
3718	94 
3719	63 
3720	74 
3721	95 
3722	49 
3723	3 
3724	54 
3725	88 
3726	96 
3727	58 
3728	5 
3729	34 
3730	16 
3731	61 
3732	85 
3733	90 
3734	3 
3735	86 
3736	26 
3737	49 
3738	81 
3739	76 
3740	36 
3741	23 
3742	83 
3743	33 
3744	66 
3745	95 
3746	3 
3747	88 
3748	78 
3749	85 
3750	1 
3751	3 
3752	80 
3753	91 
3754	96 
3755	63 
3756	32 
3757	60 
3758	75 
3759	95 
3760	11 
3761	87 
3762	33 
3763	36 
3764	10 
3765	6 
3766	93 
3767	6 
3768	29 
3769	11 
3770	36 
3771	15 
3772	16 
3773	86 
3774	4 
3775	7 
3776	93 
3777	64 
3778	1 
3779	46 
3780	30 
3781	31 
3782	10 
3783	24 
3784	8 
3785	73 
3786	90 
3787	45 
3788	68 
3789	4 
3790	7 
3791	71 
3792	75 
3793	72 
3794	95 
3795	50 
3796	36 
3797	39 
3798	68 
3799	66 
3800	89 
3801	24 
3802	95 
3803	31 
3804	63 
3805	16 
3806	57 
3807	56 
3808	93 
3809	24 
3810	82 
3811	12 
3812	19 
3813	30 
3814	61 
3815	75 
3816	59 
3817	6 
3818	4 
3819	96 
3820	27 
3821	22 
3822	7 
3823	50 
3824	66 
3825	77 
3826	83 
3827	61 
3828	42 
3829	1 
3830	39 
3831	26 
3832	43 
3833	37 
3834	95 
3835	43 
3836	90 
3837	73 
3838	38 
3839	1 
3840	38 
3841	24 
3842	73 
3843	41 
3844	30 
3845	75 
3846	44 
3847	79 
3848	48 
3849	73 
3850	95 
3851	38 
3852	85 
3853	74 
3854	61 
3855	35 
3856	77 
3857	45 
3858	51 
3859	20 
3860	72 
3861	90 
3862	3 
3863	84 
3864	33 
3865	79 
3866	25 
3867	39 
3868	82 
3869	61 
3870	51 
3871	88 
3872	50 
3873	17 
3874	93 
3875	75 
3876	23 
3877	32 
3878	48 
3879	38 
3880	63 
3881	16 
3882	72 
3883	9 
3884	69 
3885	1 
3886	71 
3887	94 
3888	24 
3889	14 
3890	36 
3891	59 
3892	2 
3893	24 
3894	15 
3895	64 
3896	87 
3897	54 
3898	75 
3899	77 
3900	9 
3901	53 
3902	28 
3903	1 
3904	48 
3905	3 
3906	33 
3907	62 
3908	29 
3909	7 
3910	59 
3911	47 
3912	48 
3913	1 
3914	60 
3915	58 
3916	6 
3917	26 
3918	74 
3919	64 
3920	17 
3921	27 
3922	96 
3923	61 
3924	24 
3925	73 
3926	21 
3927	25 
3928	39 
3929	73 
3930	18 
3931	95 
3932	56 
3933	80 
3934	68 
3935	34 
3936	51 
3937	43 
3938	13 
3939	86 
3940	95 
3941	77 
3942	73 
3943	62 
3944	85 
3945	63 
3946	31 
3947	50 
3948	34 
3949	73 
3950	3 
3951	53 
3952	35 
3953	4 
3954	85 
3955	14 
3956	11 
3957	59 
3958	73 
3959	50 
3960	7 
3961	65 
3962	72 
3963	77 
3964	50 
3965	50 
3966	43 
3967	92 
3968	19 
3969	95 
3970	83 
3971	74 
3972	13 
3973	64 
3974	6 
3975	38 
3976	9 
3977	16 
3978	64 
3979	64 
3980	24 
3981	96 
3982	16 
3983	32 
3984	20 
3985	16 
3986	1 
3987	76 
3988	44 
3989	66 
3990	61 
3991	64 
3992	10 
3993	9 
3994	1 
3995	66 
3996	64 
3997	17 
3998	76 
3999	6 
4000	57 
4001	63 
4002	61 
4003	85 
4004	59 
4005	81 
4006	96 
4007	70 
4008	30 
4009	65 
4010	59 
4011	69 
4012	89 
4013	95 
4014	74 
4015	6 
4016	50 
4017	9 
4018	35 
4019	43 
4020	59 
4021	96 
4022	84 
4023	69 
4024	68 
4025	12 
4026	80 
4027	36 
4028	85 
4029	49 
4030	74 
4031	93 
4032	79 
4033	96 
4034	6 
4035	48 
4036	11 
4037	21 
4038	50 
4039	46 
4040	83 
4041	59 
4042	95 
4043	12 
4044	1 
4045	68 
4046	61 
4047	70 
4048	4 
4049	79 
4050	26 
4051	65 
4052	22 
4053	3 
4054	56 
4055	3 
4056	90 
4057	18 
4058	40 
4059	23 
4060	45 
4061	31 
4062	48 
4063	78 
4064	21 
4065	90 
4066	64 
4067	54 
4068	77 
4069	1 
4070	44 
4071	3 
4072	50 
4073	16 
4074	14 
4075	3 
4076	87 
4077	37 
4078	74 
4079	74 
4080	36 
4081	44 
4082	85 
4083	74 
4084	74 
4085	31 
4086	70 
4087	43 
4088	81 
4089	27 
4090	7 
4091	22 
4092	22 
4093	90 
4094	79 
4095	68 
4096	51 
4097	14 
4098	93 
4099	92 
4100	43 
4101	5 
4102	73 
4103	27 
4104	50 
4105	37 
4106	92 
4107	80 
4108	93 
4109	85 
4110	16 
4111	1 
4112	16 
4113	89 
4114	30 
4115	45 
4116	30 
4117	66 
4118	48 
4119	12 
4120	66 
4121	72 
4122	60 
4123	16 
4124	48 
4125	4 
4126	16 
4127	79 
4128	63 
4129	22 
4130	14 
4131	48 
4132	43 
4133	47 
4134	83 
4135	64 
4136	19 
4137	49 
4138	86 
4139	95 
4140	30 
4141	50 
4142	65 
4143	48 
4144	38 
4145	51 
4146	18 
4147	85 
4148	1 
4149	37 
4150	81 
4151	24 
4152	67 
4153	50 
4154	52 
4155	69 
4156	35 
4157	30 
4158	78 
4159	3 
4160	68 
4161	6 
4162	10 
4163	85 
4164	10 
4165	96 
4166	22 
4167	49 
4168	95 
4169	12 
4170	55 
4171	51 
4172	39 
4173	94 
4174	41 
4175	85 
4176	86 
4177	48 
4178	11 
4179	81 
4180	37 
4181	46 
4182	76 
4183	56 
4184	50 
4185	20 
4186	21 
4187	26 
4188	22 
4189	78 
4190	31 
4191	34 
4192	69 
4193	50 
4194	62 
4195	9 
4196	75 
4197	42 
4198	4 
4199	81 
4200	83 
4201	2 
4202	78 
4203	4 
4204	62 
4205	79 
4206	18 
4207	82 
4208	63 
4209	2 
4210	64 
4211	87 
4212	88 
4213	30 
4214	85 
4215	78 
4216	95 
4217	10 
4218	75 
4219	84 
4220	59 
4221	90 
4222	61 
4223	8 
4224	18 
4225	32 
4226	91 
4227	27 
4228	59 
4229	3 
4230	15 
4231	21 
4232	31 
4233	88 
4234	72 
4235	38 
4236	18 
4237	58 
4238	80 
4239	23 
4240	51 
4241	76 
4242	65 
4243	34 
4244	81 
4245	5 
4246	88 
4247	77 
4248	62 
4249	54 
4250	89 
4251	95 
4252	39 
4253	49 
4254	79 
4255	48 
4256	9 
4257	83 
4258	85 
4259	4 
4260	48 
4261	32 
4262	27 
4263	74 
4264	13 
4265	20 
4266	38 
4267	41 
4268	53 
4269	88 
4270	78 
4271	63 
4272	14 
4273	36 
4274	48 
4275	50 
4276	85 
4277	4 
4278	93 
4279	96 
4280	30 
4281	22 
4282	68 
4283	39 
4284	89 
4285	46 
4286	39 
4287	64 
4288	14 
4289	30 
4290	90 
4291	25 
4292	68 
4293	83 
4294	33 
4295	8 
4296	3 
4297	91 
4298	37 
4299	42 
4300	53 
4301	3 
4302	47 
4303	70 
4304	70 
4305	52 
4306	22 
4307	84 
4308	54 
4309	62 
4310	9 
4311	92 
4312	75 
4313	12 
4314	59 
4315	94 
4316	6 
4317	36 
4318	18 
4319	13 
4320	37 
4321	40 
4322	73 
4323	93 
4324	79 
4325	43 
4326	48 
4327	1 
4328	15 
4329	49 
4330	61 
4331	69 
4332	54 
4333	30 
4334	27 
4335	74 
4336	79 
4337	54 
4338	88 
4339	15 
4340	64 
4341	36 
4342	41 
4343	22 
4344	93 
4345	36 
4346	3 
4347	57 
4348	16 
4349	79 
4350	95 
4351	91 
4352	14 
4353	43 
4354	95 
4355	93 
4356	46 
4357	45 
4358	14 
4359	15 
4360	14 
4361	30 
4362	25 
4363	48 
4364	22 
4365	6 
4366	78 
4367	65 
4368	3 
4369	1 
4370	75 
4371	69 
4372	68 
4373	10 
4374	41 
4375	22 
4376	27 
4377	20 
4378	49 
4379	39 
4380	6 
4381	59 
4382	88 
4383	66 
4384	95 
4385	76 
4386	22 
4387	93 
4388	79 
4389	50 
4390	4 
4391	96 
4392	31 
4393	20 
4394	25 
4395	87 
4396	56 
4397	9 
4398	85 
4399	90 
4400	21 
4401	11 
4402	1 
4403	90 
4404	81 
4405	67 
4406	38 
4407	39 
4408	66 
4409	54 
4410	94 
4411	14 
4412	64 
4413	8 
4414	96 
4415	54 
4416	63 
4417	50 
4418	48 
4419	66 
4420	31 
4421	33 
4422	75 
4423	7 
4424	42 
4425	69 
4426	1 
4427	76 
4428	3 
4429	31 
4430	81 
4431	67 
4432	8 
4433	53 
4434	53 
4435	91 
4436	58 
4437	80 
4438	3 
4439	48 
4440	73 
4441	81 
4442	22 
4443	86 
4444	79 
4445	58 
4446	66 
4447	47 
4448	68 
4449	76 
4450	36 
4451	73 
4452	58 
4453	83 
4454	16 
4455	56 
4456	6 
4457	59 
4458	22 
4459	36 
4460	81 
4461	44 
4462	61 
4463	32 
4464	58 
4465	46 
4466	33 
4467	3 
4468	84 
4469	80 
4470	78 
4471	23 
4472	17 
4473	13 
4474	57 
4475	62 
4476	47 
4477	61 
4478	14 
4479	80 
4480	71 
4481	50 
4482	20 
4483	22 
4484	5 
4485	7 
4486	10 
4487	59 
4488	76 
4489	28 
4490	81 
4491	95 
4492	48 
4493	92 
4494	36 
4495	44 
4496	12 
4497	69 
4498	74 
4499	76 
4500	9 
4501	93 
4502	80 
4503	3 
4504	51 
4505	37 
4506	35 
4507	48 
4508	95 
4509	53 
4510	30 
4511	73 
4512	2 
4513	69 
4514	93 
4515	74 
4516	70 
4517	7 
4518	16 
4519	31 
4520	24 
4521	64 
4522	55 
4523	10 
4524	72 
4525	69 
4526	6 
4527	70 
4528	48 
4529	6 
4530	49 
4531	66 
4532	23 
4533	95 
4534	74 
4535	75 
4536	31 
4537	60 
4538	58 
4539	38 
4540	22 
4541	67 
4542	39 
4543	88 
4544	27 
4545	13 
4546	40 
4547	52 
4548	27 
4549	60 
4550	95 
4551	42 
4552	36 
4553	30 
4554	70 
4555	38 
4556	30 
4557	85 
4558	69 
4559	53 
4560	66 
4561	93 
4562	92 
4563	59 
4564	64 
4565	47 
4566	35 
4567	6 
4568	92 
4569	54 
4570	85 
4571	79 
4572	68 
4573	14 
4574	94 
4575	92 
4576	1 
4577	53 
4578	23 
4579	20 
4580	21 
4581	74 
4582	20 
4583	68 
4584	16 
4585	70 
4586	89 
4587	17 
4588	58 
4589	61 
4590	80 
4591	1 
4592	40 
4593	39 
4594	88 
4595	2 
4596	81 
4597	50 
4598	52 
4599	22 
4600	91 
4601	14 
4602	53 
4603	70 
4604	64 
4605	39 
4606	74 
4607	73 
4608	93 
4609	45 
4610	95 
4611	25 
4612	28 
4613	10 
4614	47 
4615	92 
4616	39 
4617	83 
4618	20 
4619	82 
4620	6 
4621	43 
4622	95 
4623	71 
4624	76 
4625	6 
4626	81 
4627	2 
4628	64 
4629	35 
4630	49 
4631	60 
4632	48 
4633	78 
4634	78 
4635	59 
4636	8 
4637	66 
4638	14 
4639	44 
4640	96 
4641	75 
4642	24 
4643	49 
4644	75 
4645	21 
4646	23 
4647	87 
4648	24 
4649	87 
4650	24 
4651	36 
4652	43 
4653	80 
4654	56 
4655	43 
4656	24 
4657	35 
4658	61 
4659	3 
4660	93 
4661	80 
4662	36 
4663	11 
4664	36 
4665	75 
4666	13 
4667	42 
4668	75 
4669	19 
4670	68 
4671	92 
4672	66 
4673	30 
4674	48 
4675	49 
4676	46 
4677	39 
4678	87 
4679	92 
4680	68 
4681	40 
4682	2 
4683	64 
4684	93 
4685	15 
4686	21 
4687	8 
4688	39 
4689	49 
4690	47 
4691	5 
4692	3 
4693	61 
4694	5 
4695	91 
4696	74 
4697	30 
4698	81 
4699	42 
4700	61 
4701	72 
4702	83 
4703	74 
4704	6 
4705	5 
4706	47 
4707	49 
4708	64 
4709	50 
4710	79 
4711	31 
4712	35 
4713	50 
4714	21 
4715	59 
4716	34 
4717	47 
4718	48 
4719	44 
4720	58 
4721	74 
4722	92 
4723	65 
4724	91 
4725	58 
4726	74 
4727	59 
4728	91 
4729	88 
4730	48 
4731	9 
4732	28 
4733	3 
4734	29 
4735	93 
4736	96 
4737	23 
4738	69 
4739	38 
4740	23 
4741	95 
4742	76 
4743	38 
4744	95 
4745	8 
4746	52 
4747	20 
4748	74 
4749	59 
4750	42 
4751	50 
4752	9 
4753	15 
4754	90 
4755	27 
4756	19 
4757	31 
4758	9 
4759	80 
4760	25 
4761	85 
4762	43 
4763	9 
4764	84 
4765	37 
4766	30 
4767	54 
4768	66 
4769	30 
4770	80 
4771	60 
4772	82 
4773	56 
4774	52 
4775	47 
4776	60 
4777	25 
4778	45 
4779	47 
4780	95 
4781	1 
4782	57 
4783	30 
4784	21 
4785	95 
4786	86 
4787	61 
4788	76 
4789	4 
4790	79 
4791	59 
4792	37 
4793	36 
4794	85 
4795	82 
4796	49 
4797	18 
4798	23 
4799	90 
4800	19 
4801	96 
4802	48 
4803	66 
4804	79 
4805	42 
4806	10 
4807	28 
4808	6 
4809	85 
4810	96 
4811	68 
4812	54 
4813	92 
4814	27 
4815	81 
4816	88 
4817	81 
4818	68 
4819	16 
4820	51 
4821	64 
4822	31 
4823	10 
4824	1 
4825	6 
4826	71 
4827	35 
4828	89 
4829	16 
4830	55 
4831	1 
4832	35 
4833	58 
4834	30 
4835	26 
4836	30 
4837	64 
4838	62 
4839	64 
4840	17 
4841	19 
4842	77 
4843	53 
4844	1 
4845	22 
4846	59 
4847	4 
4848	65 
4849	18 
4850	61 
4851	90 
4852	59 
4853	35 
4854	92 
4855	1 
4856	67 
4857	38 
4858	69 
4859	17 
4860	72 
4861	40 
4862	40 
4863	23 
4864	74 
4865	2 
4866	25 
4867	10 
4868	92 
4869	80 
4870	95 
4871	59 
4872	59 
4873	85 
4874	35 
4875	34 
4876	38 
4877	25 
4878	59 
4879	43 
4880	3 
4881	3 
4882	67 
4883	7 
4884	26 
4885	96 
4886	71 
4887	37 
4888	10 
4889	86 
4890	23 
4891	40 
4892	95 
4893	5 
4894	85 
4895	23 
4896	39 
4897	92 
4898	50 
4899	43 
4900	47 
4901	64 
4902	74 
4903	47 
4904	20 
4905	51 
4906	96 
4907	80 
4908	79 
4909	85 
4910	6 
4911	59 
4912	11 
4913	53 
4914	79 
4915	1 
4916	54 
4917	35 
4918	95 
4919	52 
4920	96 
4921	56 
4922	8 
4923	34 
4924	96 
4925	90 
4926	93 
4927	20 
4928	63 
4929	66 
4930	2 
4931	36 
4932	69 
4933	50 
4934	66 
4935	6 
4936	43 
4937	82 
4938	10 
4939	19 
4940	76 
4941	59 
4942	35 
4943	55 
4944	8 
4945	11 
4946	95 
4947	95 
4948	64 
4949	84 
4950	79 
4951	21 
4952	84 
4953	81 
4954	5 
4955	69 
4956	15 
4957	88 
4958	71 
4959	48 
4960	27 
4961	46 
4962	21 
4963	34 
4964	18 
4965	16 
4966	5 
4967	40 
4968	10 
4969	57 
4970	46 
4971	87 
4972	24 
4973	4 
4974	2 
4975	52 
4976	59 
4977	80 
4978	66 
4979	41 
4980	50 
4981	88 
4982	73 
4983	58 
4984	40 
4985	66 
4986	83 
4987	90 
4988	7 
4989	5 
4990	36 
4991	90 
4992	14 
4993	12 
4994	93 
4995	25 
4996	76 
4997	76 
4998	66 
4999	46 
5000	50 
