1	51 
2	102 
3	7 
4	27 
5	94 
6	23 
7	68 
8	51 
9	99 
10	28 
11	100 
12	78 
13	21 
14	100 
15	10 
16	25 
17	80 
18	95 
19	31 
20	100 
21	45 
22	49 
23	104 
24	28 
25	97 
26	23 
27	88 
28	86 
29	78 
30	5 
31	107 
32	17 
33	1 
34	45 
35	9 
36	25 
37	10 
38	20 
39	86 
40	61 
41	50 
42	65 
43	74 
44	60 
45	74 
46	28 
47	96 
48	60 
49	4 
50	86 
51	102 
52	98 
53	68 
54	15 
55	42 
56	85 
57	83 
58	107 
59	42 
60	34 
61	34 
62	96 
63	61 
64	85 
65	78 
66	62 
67	54 
68	54 
69	77 
70	100 
71	33 
72	26 
73	6 
74	41 
75	81 
76	12 
77	18 
78	82 
79	65 
80	60 
81	86 
82	72 
83	93 
84	44 
85	82 
86	69 
87	32 
88	89 
89	93 
90	68 
91	67 
92	50 
93	68 
94	30 
95	75 
96	49 
97	42 
98	108 
99	4 
100	24 
101	105 
102	102 
103	52 
104	53 
105	100 
106	80 
107	9 
108	48 
109	98 
110	37 
111	10 
112	107 
113	69 
114	78 
115	43 
116	24 
117	48 
118	43 
119	97 
120	35 
121	87 
122	48 
123	42 
124	46 
125	26 
126	36 
127	74 
128	61 
129	32 
130	89 
131	105 
132	10 
133	51 
134	98 
135	33 
136	100 
137	35 
138	65 
139	48 
140	43 
141	59 
142	42 
143	63 
144	86 
145	83 
146	68 
147	29 
148	100 
149	31 
150	3 
151	69 
152	82 
153	24 
154	59 
155	40 
156	41 
157	7 
158	67 
159	50 
160	60 
161	44 
162	69 
163	14 
164	61 
165	77 
166	81 
167	60 
168	31 
169	12 
170	89 
171	23 
172	20 
173	9 
174	104 
175	107 
176	54 
177	85 
178	17 
179	103 
180	82 
181	107 
182	10 
183	23 
184	94 
185	83 
186	88 
187	65 
188	31 
189	94 
190	10 
191	81 
192	96 
193	30 
194	45 
195	10 
196	19 
197	7 
198	28 
199	74 
200	40 
201	98 
202	50 
203	100 
204	68 
205	33 
206	102 
207	51 
208	35 
209	84 
210	57 
211	100 
212	18 
213	11 
214	77 
215	77 
216	100 
217	66 
218	11 
219	16 
220	65 
221	105 
222	56 
223	90 
224	100 
225	17 
226	23 
227	61 
228	54 
229	96 
230	43 
231	97 
232	34 
233	86 
234	89 
235	23 
236	31 
237	35 
238	28 
239	60 
240	90 
241	66 
242	76 
243	35 
244	107 
245	94 
246	42 
247	53 
248	65 
249	93 
250	93 
251	80 
252	54 
253	100 
254	98 
255	33 
256	77 
257	53 
258	100 
259	69 
260	29 
261	48 
262	94 
263	96 
264	92 
265	85 
266	91 
267	13 
268	18 
269	105 
270	85 
271	75 
272	101 
273	65 
274	3 
275	99 
276	25 
277	94 
278	82 
279	94 
280	24 
281	82 
282	33 
283	13 
284	77 
285	32 
286	68 
287	85 
288	82 
289	62 
290	86 
291	67 
292	94 
293	55 
294	47 
295	4 
296	63 
297	50 
298	51 
299	32 
300	46 
301	3 
302	104 
303	51 
304	21 
305	103 
306	86 
307	23 
308	42 
309	28 
310	58 
311	11 
312	47 
313	23 
314	15 
315	35 
316	53 
317	9 
318	99 
319	10 
320	69 
321	85 
322	24 
323	59 
324	69 
325	50 
326	61 
327	74 
328	94 
329	19 
330	73 
331	23 
332	46 
333	33 
334	3 
335	12 
336	48 
337	23 
338	88 
339	102 
340	98 
341	5 
342	98 
343	96 
344	4 
345	19 
346	25 
347	78 
348	69 
349	45 
350	32 
351	31 
352	45 
353	80 
354	41 
355	94 
356	22 
357	96 
358	10 
359	29 
360	102 
361	67 
362	79 
363	8 
364	105 
365	71 
366	44 
367	94 
368	22 
369	104 
370	44 
371	86 
372	14 
373	85 
374	44 
375	25 
376	52 
377	80 
378	28 
379	4 
380	92 
381	10 
382	94 
383	57 
384	94 
385	54 
386	89 
387	58 
388	103 
389	1 
390	49 
391	107 
392	36 
393	23 
394	98 
395	21 
396	31 
397	96 
398	12 
399	50 
400	95 
401	25 
402	75 
403	86 
404	50 
405	97 
406	78 
407	74 
408	12 
409	11 
410	30 
411	3 
412	13 
413	54 
414	36 
415	84 
416	86 
417	74 
418	20 
419	106 
420	49 
421	53 
422	65 
423	28 
424	76 
425	107 
426	72 
427	13 
428	94 
429	44 
430	77 
431	6 
432	89 
433	74 
434	19 
435	100 
436	44 
437	23 
438	81 
439	90 
440	66 
441	99 
442	59 
443	45 
444	28 
445	79 
446	40 
447	89 
448	28 
449	96 
450	23 
451	70 
452	88 
453	3 
454	57 
455	18 
456	31 
457	82 
458	57 
459	69 
460	17 
461	59 
462	103 
463	53 
464	8 
465	42 
466	96 
467	21 
468	103 
469	4 
470	92 
471	17 
472	97 
473	15 
474	9 
475	97 
476	64 
477	96 
478	4 
479	33 
480	14 
481	24 
482	41 
483	80 
484	36 
485	29 
486	49 
487	90 
488	34 
489	25 
490	28 
491	3 
492	35 
493	74 
494	46 
495	47 
496	58 
497	48 
498	7 
499	39 
500	50 
501	50 
502	97 
503	47 
504	57 
505	19 
506	13 
507	77 
508	106 
509	94 
510	4 
511	49 
512	81 
513	94 
514	82 
515	91 
516	98 
517	19 
518	98 
519	89 
520	102 
521	18 
522	73 
523	9 
524	38 
525	58 
526	78 
527	98 
528	65 
529	61 
530	30 
531	48 
532	47 
533	15 
534	31 
535	86 
536	50 
537	8 
538	52 
539	71 
540	13 
541	54 
542	33 
543	43 
544	44 
545	76 
546	8 
547	48 
548	97 
549	107 
550	25 
551	77 
552	35 
553	52 
554	51 
555	36 
556	71 
557	50 
558	10 
559	82 
560	94 
561	94 
562	23 
563	49 
564	24 
565	62 
566	94 
567	83 
568	82 
569	33 
570	10 
571	23 
572	76 
573	2 
574	69 
575	54 
576	95 
577	58 
578	13 
579	39 
580	94 
581	43 
582	15 
583	102 
584	2 
585	5 
586	28 
587	52 
588	56 
589	82 
590	81 
591	89 
592	3 
593	59 
594	5 
595	30 
596	49 
597	48 
598	67 
599	62 
600	3 
601	19 
602	54 
603	16 
604	53 
605	47 
606	68 
607	16 
608	75 
609	6 
610	48 
611	62 
612	108 
613	53 
614	61 
615	10 
616	2 
617	51 
618	98 
619	88 
620	45 
621	98 
622	106 
623	63 
624	59 
625	56 
626	76 
627	46 
628	35 
629	101 
630	12 
631	13 
632	42 
633	68 
634	8 
635	82 
636	24 
637	25 
638	8 
639	24 
640	40 
641	73 
642	6 
643	40 
644	48 
645	89 
646	100 
647	51 
648	69 
649	102 
650	39 
651	78 
652	12 
653	46 
654	66 
655	14 
656	81 
657	19 
658	1 
659	83 
660	74 
661	3 
662	18 
663	38 
664	37 
665	33 
666	15 
667	43 
668	39 
669	74 
670	13 
671	46 
672	30 
673	108 
674	39 
675	50 
676	107 
677	102 
678	41 
679	68 
680	95 
681	94 
682	89 
683	61 
684	94 
685	95 
686	30 
687	28 
688	53 
689	50 
690	81 
691	63 
692	65 
693	57 
694	54 
695	51 
696	26 
697	86 
698	24 
699	94 
700	41 
701	69 
702	43 
703	25 
704	74 
705	77 
706	102 
707	39 
708	76 
709	47 
710	69 
711	100 
712	81 
713	36 
714	68 
715	82 
716	37 
717	44 
718	65 
719	36 
720	84 
721	50 
722	44 
723	71 
724	96 
725	35 
726	57 
727	37 
728	13 
729	89 
730	86 
731	4 
732	107 
733	3 
734	51 
735	23 
736	88 
737	69 
738	25 
739	51 
740	23 
741	51 
742	78 
743	34 
744	73 
745	23 
746	46 
747	44 
748	13 
749	76 
750	90 
751	80 
752	91 
753	16 
754	61 
755	96 
756	34 
757	66 
758	85 
759	28 
760	94 
761	61 
762	10 
763	74 
764	11 
765	66 
766	4 
767	39 
768	61 
769	44 
770	46 
771	38 
772	95 
773	83 
774	6 
775	82 
776	77 
777	48 
778	55 
779	50 
780	88 
781	17 
782	28 
783	94 
784	94 
785	85 
786	36 
787	45 
788	23 
789	44 
790	22 
791	67 
792	16 
793	61 
794	34 
795	57 
796	9 
797	35 
798	18 
799	6 
800	6 
801	34 
802	105 
803	8 
804	98 
805	106 
806	43 
807	50 
808	97 
809	42 
810	48 
811	28 
812	96 
813	36 
814	54 
815	100 
816	41 
817	15 
818	18 
819	96 
820	91 
821	47 
822	100 
823	105 
824	61 
825	68 
826	52 
827	82 
828	3 
829	44 
830	77 
831	77 
832	11 
833	97 
834	47 
835	22 
836	87 
837	44 
838	67 
839	94 
840	96 
841	94 
842	77 
843	48 
844	85 
845	69 
846	15 
847	102 
848	66 
849	66 
850	51 
851	1 
852	68 
853	28 
854	50 
855	39 
856	88 
857	34 
858	96 
859	55 
860	25 
861	71 
862	88 
863	61 
864	47 
865	10 
866	81 
867	43 
868	65 
869	53 
870	68 
871	4 
872	96 
873	72 
874	14 
875	43 
876	27 
877	46 
878	28 
879	16 
880	54 
881	14 
882	27 
883	40 
884	86 
885	50 
886	39 
887	11 
888	69 
889	47 
890	20 
891	78 
892	25 
893	103 
894	30 
895	81 
896	94 
897	89 
898	14 
899	81 
900	94 
901	73 
902	60 
903	100 
904	69 
905	14 
906	1 
907	25 
908	73 
909	107 
910	15 
911	76 
912	52 
913	95 
914	41 
915	39 
916	41 
917	28 
918	90 
919	2 
920	43 
921	94 
922	25 
923	44 
924	50 
925	86 
926	86 
927	34 
928	106 
929	86 
930	24 
931	57 
932	50 
933	83 
934	18 
935	63 
936	99 
937	47 
938	85 
939	86 
940	100 
941	16 
942	88 
943	41 
944	60 
945	96 
946	79 
947	89 
948	45 
949	65 
950	55 
951	21 
952	6 
953	15 
954	33 
955	89 
956	51 
957	15 
958	15 
959	47 
960	48 
961	21 
962	102 
963	42 
964	28 
965	39 
966	6 
967	74 
968	78 
969	88 
970	25 
971	4 
972	22 
973	100 
974	77 
975	66 
976	107 
977	62 
978	4 
979	42 
980	98 
981	24 
982	96 
983	96 
984	66 
985	95 
986	65 
987	14 
988	88 
989	74 
990	87 
991	8 
992	92 
993	101 
994	30 
995	32 
996	50 
997	53 
998	35 
999	105 
1000	105 
1001	69 
1002	84 
1003	53 
1004	43 
1005	96 
1006	51 
1007	77 
1008	48 
1009	101 
1010	94 
1011	82 
1012	44 
1013	19 
1014	29 
1015	94 
1016	48 
1017	66 
1018	93 
1019	68 
1020	13 
1021	28 
1022	22 
1023	102 
1024	33 
1025	83 
1026	88 
1027	67 
1028	41 
1029	56 
1030	77 
1031	51 
1032	3 
1033	10 
1034	37 
1035	100 
1036	81 
1037	103 
1038	71 
1039	56 
1040	10 
1041	77 
1042	24 
1043	96 
1044	46 
1045	86 
1046	86 
1047	51 
1048	64 
1049	94 
1050	98 
1051	42 
1052	107 
1053	94 
1054	65 
1055	78 
1056	44 
1057	96 
1058	52 
1059	82 
1060	29 
1061	22 
1062	19 
1063	3 
1064	31 
1065	81 
1066	6 
1067	100 
1068	93 
1069	24 
1070	55 
1071	7 
1072	24 
1073	31 
1074	27 
1075	49 
1076	50 
1077	34 
1078	27 
1079	61 
1080	92 
1081	68 
1082	47 
1083	101 
1084	16 
1085	67 
1086	35 
1087	102 
1088	34 
1089	50 
1090	13 
1091	91 
1092	92 
1093	83 
1094	14 
1095	8 
1096	96 
1097	18 
1098	99 
1099	67 
1100	56 
1101	68 
1102	10 
1103	71 
1104	43 
1105	92 
1106	48 
1107	96 
1108	91 
1109	43 
1110	24 
1111	51 
1112	15 
1113	75 
1114	46 
1115	45 
1116	59 
1117	21 
1118	14 
1119	101 
1120	64 
1121	8 
1122	88 
1123	51 
1124	37 
1125	19 
1126	74 
1127	51 
1128	41 
1129	25 
1130	16 
1131	30 
1132	69 
1133	82 
1134	48 
1135	77 
1136	102 
1137	23 
1138	46 
1139	2 
1140	16 
1141	82 
1142	42 
1143	20 
1144	105 
1145	99 
1146	45 
1147	51 
1148	68 
1149	19 
1150	88 
1151	21 
1152	45 
1153	96 
1154	6 
1155	91 
1156	2 
1157	103 
1158	77 
1159	61 
1160	100 
1161	33 
1162	34 
1163	27 
1164	10 
1165	60 
1166	27 
1167	52 
1168	68 
1169	44 
1170	6 
1171	40 
1172	69 
1173	26 
1174	24 
1175	100 
1176	31 
1177	43 
1178	34 
1179	106 
1180	18 
1181	96 
1182	92 
1183	74 
1184	78 
1185	87 
1186	26 
1187	73 
1188	91 
1189	55 
1190	54 
1191	41 
1192	2 
1193	63 
1194	48 
1195	8 
1196	13 
1197	44 
1198	36 
1199	40 
1200	61 
1201	101 
1202	35 
1203	48 
1204	34 
1205	28 
1206	48 
1207	16 
1208	34 
1209	76 
1210	76 
1211	54 
1212	67 
1213	78 
1214	41 
1215	94 
1216	71 
1217	62 
1218	14 
1219	23 
1220	28 
1221	53 
1222	9 
1223	39 
1224	54 
1225	83 
1226	72 
1227	38 
1228	13 
1229	69 
1230	63 
1231	81 
1232	4 
1233	34 
1234	18 
1235	74 
1236	35 
1237	66 
1238	84 
1239	74 
1240	50 
1241	96 
1242	85 
1243	89 
1244	69 
1245	61 
1246	14 
1247	31 
1248	38 
1249	20 
1250	57 
1251	51 
1252	39 
1253	34 
1254	57 
1255	23 
1256	54 
1257	47 
1258	21 
1259	74 
1260	83 
1261	30 
1262	37 
1263	2 
1264	83 
1265	65 
1266	85 
1267	69 
1268	26 
1269	29 
1270	3 
1271	81 
1272	70 
1273	100 
1274	30 
1275	68 
1276	43 
1277	1 
1278	79 
1279	15 
1280	39 
1281	7 
1282	96 
1283	67 
1284	35 
1285	86 
1286	31 
1287	96 
1288	6 
1289	73 
1290	30 
1291	59 
1292	11 
1293	48 
1294	58 
1295	25 
1296	18 
1297	104 
1298	74 
1299	68 
1300	107 
1301	74 
1302	108 
1303	43 
1304	74 
1305	24 
1306	54 
1307	97 
1308	54 
1309	68 
1310	69 
1311	3 
1312	107 
1313	98 
1314	23 
1315	77 
1316	102 
1317	63 
1318	48 
1319	24 
1320	67 
1321	26 
1322	102 
1323	24 
1324	83 
1325	100 
1326	43 
1327	78 
1328	70 
1329	76 
1330	69 
1331	96 
1332	78 
1333	53 
1334	89 
1335	86 
1336	100 
1337	59 
1338	28 
1339	98 
1340	42 
1341	14 
1342	37 
1343	86 
1344	78 
1345	12 
1346	85 
1347	96 
1348	71 
1349	70 
1350	57 
1351	9 
1352	42 
1353	2 
1354	43 
1355	59 
1356	66 
1357	48 
1358	42 
1359	37 
1360	57 
1361	47 
1362	47 
1363	96 
1364	15 
1365	75 
1366	28 
1367	67 
1368	94 
1369	94 
1370	54 
1371	72 
1372	99 
1373	51 
1374	106 
1375	9 
1376	77 
1377	49 
1378	59 
1379	78 
1380	48 
1381	103 
1382	49 
1383	107 
1384	72 
1385	69 
1386	54 
1387	100 
1388	84 
1389	6 
1390	24 
1391	74 
1392	71 
1393	28 
1394	4 
1395	83 
1396	16 
1397	68 
1398	83 
1399	86 
1400	22 
1401	65 
1402	105 
1403	40 
1404	107 
1405	6 
1406	4 
1407	23 
1408	101 
1409	59 
1410	30 
1411	94 
1412	25 
1413	74 
1414	42 
1415	13 
1416	19 
1417	7 
1418	81 
1419	59 
1420	53 
1421	9 
1422	9 
1423	23 
1424	40 
1425	69 
1426	47 
1427	48 
1428	81 
1429	32 
1430	35 
1431	72 
1432	2 
1433	31 
1434	44 
1435	19 
1436	50 
1437	46 
1438	15 
1439	89 
1440	80 
1441	44 
1442	74 
1443	55 
1444	47 
1445	30 
1446	24 
1447	14 
1448	90 
1449	47 
1450	94 
1451	19 
1452	47 
1453	69 
1454	27 
1455	47 
1456	76 
1457	46 
1458	61 
1459	77 
1460	89 
1461	50 
1462	48 
1463	57 
1464	67 
1465	100 
1466	106 
1467	65 
1468	47 
1469	39 
1470	75 
1471	45 
1472	37 
1473	94 
1474	10 
1475	15 
1476	68 
1477	43 
1478	46 
1479	90 
1480	76 
1481	85 
1482	30 
1483	76 
1484	30 
1485	34 
1486	7 
1487	48 
1488	8 
1489	54 
1490	94 
1491	65 
1492	50 
1493	52 
1494	16 
1495	69 
1496	48 
1497	86 
1498	89 
1499	80 
1500	26 
1501	54 
1502	83 
1503	64 
1504	3 
1505	63 
1506	86 
1507	13 
1508	14 
1509	47 
1510	74 
1511	54 
1512	99 
1513	24 
1514	73 
1515	88 
1516	69 
1517	76 
1518	61 
1519	15 
1520	51 
1521	48 
1522	59 
1523	23 
1524	17 
1525	23 
1526	71 
1527	22 
1528	19 
1529	98 
1530	26 
1531	102 
1532	85 
1533	74 
1534	72 
1535	89 
1536	60 
1537	108 
1538	101 
1539	53 
1540	48 
1541	37 
1542	102 
1543	96 
1544	67 
1545	86 
1546	56 
1547	71 
1548	18 
1549	106 
1550	97 
1551	74 
1552	36 
1553	71 
1554	96 
1555	5 
1556	1 
1557	67 
1558	32 
1559	54 
1560	65 
1561	25 
1562	34 
1563	16 
1564	41 
1565	19 
1566	74 
1567	4 
1568	32 
1569	106 
1570	44 
1571	78 
1572	43 
1573	79 
1574	68 
1575	100 
1576	40 
1577	81 
1578	100 
1579	78 
1580	47 
1581	47 
1582	55 
1583	17 
1584	41 
1585	15 
1586	25 
1587	78 
1588	67 
1589	69 
1590	21 
1591	56 
1592	16 
1593	15 
1594	81 
1595	41 
1596	61 
1597	77 
1598	46 
1599	48 
1600	59 
1601	71 
1602	34 
1603	74 
1604	44 
1605	87 
1606	8 
1607	69 
1608	93 
1609	108 
1610	64 
1611	34 
1612	45 
1613	19 
1614	28 
1615	29 
1616	67 
1617	94 
1618	102 
1619	54 
1620	97 
1621	40 
1622	93 
1623	61 
1624	96 
1625	12 
1626	49 
1627	54 
1628	83 
1629	65 
1630	86 
1631	46 
1632	86 
1633	47 
1634	46 
1635	90 
1636	74 
1637	46 
1638	97 
1639	41 
1640	24 
1641	105 
1642	96 
1643	83 
1644	67 
1645	13 
1646	29 
1647	100 
1648	32 
1649	51 
1650	86 
1651	54 
1652	92 
1653	49 
1654	102 
1655	6 
1656	71 
1657	71 
1658	49 
1659	30 
1660	88 
1661	43 
1662	25 
1663	65 
1664	57 
1665	57 
1666	87 
1667	79 
1668	84 
1669	55 
1670	54 
1671	60 
1672	94 
1673	17 
1674	101 
1675	102 
1676	7 
1677	50 
1678	93 
1679	81 
1680	40 
1681	71 
1682	3 
1683	78 
1684	9 
1685	35 
1686	3 
1687	107 
1688	35 
1689	13 
1690	11 
1691	41 
1692	56 
1693	102 
1694	2 
1695	74 
1696	82 
1697	94 
1698	102 
1699	82 
1700	37 
1701	80 
1702	106 
1703	54 
1704	59 
1705	19 
1706	104 
1707	48 
1708	33 
1709	42 
1710	107 
1711	76 
1712	84 
1713	80 
1714	23 
1715	78 
1716	4 
1717	39 
1718	74 
1719	81 
1720	68 
1721	54 
1722	46 
1723	77 
1724	42 
1725	14 
1726	98 
1727	31 
1728	74 
1729	73 
1730	70 
1731	67 
1732	59 
1733	31 
1734	29 
1735	55 
1736	108 
1737	88 
1738	77 
1739	3 
1740	87 
1741	53 
1742	68 
1743	76 
1744	99 
1745	19 
1746	5 
1747	28 
1748	44 
1749	74 
1750	18 
1751	21 
1752	41 
1753	20 
1754	74 
1755	24 
1756	107 
1757	25 
1758	44 
1759	23 
1760	22 
1761	20 
1762	68 
1763	13 
1764	77 
1765	50 
1766	17 
1767	51 
1768	103 
1769	17 
1770	63 
1771	45 
1772	44 
1773	96 
1774	48 
1775	7 
1776	10 
1777	68 
1778	42 
1779	11 
1780	45 
1781	107 
1782	35 
1783	49 
1784	61 
1785	67 
1786	67 
1787	17 
1788	32 
1789	61 
1790	1 
1791	92 
1792	68 
1793	11 
1794	26 
1795	69 
1796	50 
1797	21 
1798	28 
1799	35 
1800	26 
1801	24 
1802	57 
1803	69 
1804	68 
1805	102 
1806	48 
1807	46 
1808	69 
1809	9 
1810	47 
1811	44 
1812	101 
1813	98 
1814	32 
1815	63 
1816	22 
1817	43 
1818	33 
1819	65 
1820	53 
1821	60 
1822	36 
1823	26 
1824	53 
1825	39 
1826	90 
1827	47 
1828	26 
1829	43 
1830	25 
1831	65 
1832	25 
1833	37 
1834	30 
1835	67 
1836	33 
1837	5 
1838	48 
1839	51 
1840	3 
1841	77 
1842	10 
1843	47 
1844	45 
1845	80 
1846	100 
1847	25 
1848	96 
1849	89 
1850	102 
1851	42 
1852	3 
1853	43 
1854	43 
1855	102 
1856	29 
1857	102 
1858	31 
1859	3 
1860	96 
1861	102 
1862	32 
1863	54 
1864	92 
1865	65 
1866	17 
1867	39 
1868	36 
1869	57 
1870	54 
1871	11 
1872	86 
1873	74 
1874	23 
1875	69 
1876	3 
1877	13 
1878	84 
1879	77 
1880	74 
1881	67 
1882	78 
1883	38 
1884	54 
1885	104 
1886	57 
1887	102 
1888	77 
1889	39 
1890	78 
1891	87 
1892	98 
1893	35 
1894	50 
1895	68 
1896	35 
1897	61 
1898	55 
1899	23 
1900	22 
1901	26 
1902	53 
1903	44 
1904	46 
1905	34 
1906	17 
1907	60 
1908	47 
1909	7 
1910	41 
1911	108 
1912	81 
1913	8 
1914	9 
1915	18 
1916	71 
1917	38 
1918	50 
1919	9 
1920	103 
1921	7 
1922	94 
1923	15 
1924	42 
1925	81 
1926	36 
1927	72 
1928	54 
1929	16 
1930	77 
1931	83 
1932	29 
1933	74 
1934	21 
1935	76 
1936	50 
1937	40 
1938	96 
1939	102 
1940	26 
1941	96 
1942	58 
1943	49 
1944	34 
1945	41 
1946	40 
1947	93 
1948	22 
1949	78 
1950	4 
1951	91 
1952	69 
1953	78 
1954	87 
1955	88 
1956	42 
1957	5 
1958	61 
1959	103 
1960	8 
1961	53 
1962	98 
1963	72 
1964	65 
1965	94 
1966	29 
1967	108 
1968	96 
1969	29 
1970	61 
1971	98 
1972	10 
1973	29 
1974	21 
1975	59 
1976	48 
1977	36 
1978	96 
1979	49 
1980	55 
1981	51 
1982	95 
1983	32 
1984	98 
1985	56 
1986	34 
1987	61 
1988	25 
1989	102 
1990	68 
1991	7 
1992	4 
1993	67 
1994	53 
1995	11 
1996	16 
1997	44 
1998	54 
1999	61 
2000	72 
2001	26 
2002	51 
2003	8 
2004	23 
2005	55 
2006	95 
2007	44 
2008	78 
2009	57 
2010	98 
2011	35 
2012	15 
2013	77 
2014	107 
2015	97 
2016	28 
2017	96 
2018	74 
2019	42 
2020	4 
2021	45 
2022	53 
2023	42 
2024	15 
2025	86 
2026	83 
2027	86 
2028	94 
2029	104 
2030	103 
2031	13 
2032	96 
2033	74 
2034	40 
2035	100 
2036	87 
2037	23 
2038	92 
2039	35 
2040	26 
2041	47 
2042	101 
2043	17 
2044	8 
2045	45 
2046	42 
2047	17 
2048	44 
2049	102 
2050	78 
2051	64 
2052	43 
2053	53 
2054	10 
2055	61 
2056	77 
2057	18 
2058	64 
2059	88 
2060	82 
2061	104 
2062	69 
2063	23 
2064	76 
2065	27 
2066	107 
2067	102 
2068	43 
2069	97 
2070	4 
2071	73 
2072	88 
2073	106 
2074	51 
2075	63 
2076	82 
2077	23 
2078	74 
2079	83 
2080	12 
2081	35 
2082	77 
2083	51 
2084	30 
2085	65 
2086	71 
2087	22 
2088	10 
2089	47 
2090	84 
2091	48 
2092	80 
2093	66 
2094	4 
2095	77 
2096	54 
2097	41 
2098	1 
2099	3 
2100	98 
2101	76 
2102	25 
2103	8 
2104	103 
2105	49 
2106	97 
2107	64 
2108	103 
2109	46 
2110	29 
2111	99 
2112	23 
2113	43 
2114	28 
2115	46 
2116	34 
2117	97 
2118	27 
2119	57 
2120	97 
2121	51 
2122	97 
2123	24 
2124	51 
2125	52 
2126	23 
2127	15 
2128	48 
2129	27 
2130	102 
2131	30 
2132	105 
2133	61 
2134	81 
2135	94 
2136	68 
2137	51 
2138	68 
2139	3 
2140	57 
2141	82 
2142	70 
2143	54 
2144	43 
2145	89 
2146	35 
2147	48 
2148	50 
2149	20 
2150	11 
2151	22 
2152	14 
2153	2 
2154	10 
2155	9 
2156	30 
2157	11 
2158	101 
2159	86 
2160	106 
2161	27 
2162	28 
2163	48 
2164	9 
2165	50 
2166	36 
2167	84 
2168	86 
2169	1 
2170	71 
2171	100 
2172	12 
2173	74 
2174	107 
2175	69 
2176	5 
2177	14 
2178	89 
2179	28 
2180	54 
2181	82 
2182	40 
2183	36 
2184	36 
2185	41 
2186	9 
2187	50 
2188	54 
2189	30 
2190	44 
2191	67 
2192	45 
2193	25 
2194	100 
2195	45 
2196	69 
2197	82 
2198	102 
2199	26 
2200	30 
2201	100 
2202	92 
2203	85 
2204	10 
2205	51 
2206	94 
2207	94 
2208	83 
2209	44 
2210	11 
2211	4 
2212	17 
2213	104 
2214	19 
2215	88 
2216	106 
2217	39 
2218	56 
2219	50 
2220	48 
2221	66 
2222	74 
2223	54 
2224	23 
2225	67 
2226	54 
2227	94 
2228	49 
2229	11 
2230	34 
2231	75 
2232	63 
2233	93 
2234	36 
2235	23 
2236	81 
2237	108 
2238	83 
2239	13 
2240	43 
2241	43 
2242	103 
2243	24 
2244	27 
2245	77 
2246	1 
2247	96 
2248	28 
2249	14 
2250	104 
2251	44 
2252	72 
2253	13 
2254	67 
2255	12 
2256	47 
2257	80 
2258	40 
2259	54 
2260	102 
2261	102 
2262	11 
2263	23 
2264	86 
2265	102 
2266	41 
2267	60 
2268	22 
2269	51 
2270	50 
2271	42 
2272	23 
2273	89 
2274	3 
2275	104 
2276	8 
2277	95 
2278	26 
2279	51 
2280	71 
2281	67 
2282	42 
2283	39 
2284	17 
2285	46 
2286	23 
2287	57 
2288	60 
2289	48 
2290	3 
2291	78 
2292	64 
2293	13 
2294	40 
2295	10 
2296	91 
2297	94 
2298	25 
2299	89 
2300	29 
2301	23 
2302	1 
2303	45 
2304	90 
2305	43 
2306	83 
2307	53 
2308	93 
2309	72 
2310	36 
2311	39 
2312	73 
2313	103 
2314	102 
2315	56 
2316	79 
2317	4 
2318	99 
2319	28 
2320	103 
2321	85 
2322	61 
2323	101 
2324	53 
2325	50 
2326	68 
2327	59 
2328	22 
2329	79 
2330	94 
2331	15 
2332	74 
2333	15 
2334	74 
2335	1 
2336	84 
2337	86 
2338	77 
2339	94 
2340	28 
2341	95 
2342	94 
2343	59 
2344	3 
2345	74 
2346	105 
2347	65 
2348	7 
2349	59 
2350	23 
2351	51 
2352	4 
2353	50 
2354	53 
2355	28 
2356	61 
2357	68 
2358	68 
2359	15 
2360	26 
2361	53 
2362	57 
2363	77 
2364	4 
2365	11 
2366	29 
2367	104 
2368	98 
2369	101 
2370	31 
2371	54 
2372	74 
2373	29 
2374	37 
2375	5 
2376	92 
2377	74 
2378	67 
2379	99 
2380	61 
2381	31 
2382	60 
2383	28 
2384	107 
2385	30 
2386	80 
2387	33 
2388	68 
2389	100 
2390	9 
2391	94 
2392	35 
2393	94 
2394	91 
2395	35 
2396	9 
2397	1 
2398	16 
2399	102 
2400	53 
2401	105 
2402	48 
2403	71 
2404	89 
2405	86 
2406	69 
2407	45 
2408	54 
2409	83 
2410	41 
2411	2 
2412	28 
2413	40 
2414	82 
2415	87 
2416	60 
2417	72 
2418	15 
2419	23 
2420	98 
2421	69 
2422	13 
2423	83 
2424	81 
2425	80 
2426	86 
2427	63 
2428	106 
2429	32 
2430	74 
2431	53 
2432	89 
2433	98 
2434	74 
2435	67 
2436	25 
2437	68 
2438	8 
2439	34 
2440	66 
2441	28 
2442	7 
2443	53 
2444	52 
2445	45 
2446	71 
2447	33 
2448	19 
2449	53 
2450	64 
2451	8 
2452	57 
2453	30 
2454	68 
2455	49 
2456	69 
2457	34 
2458	24 
2459	77 
2460	43 
2461	93 
2462	13 
2463	12 
2464	37 
2465	23 
2466	15 
2467	78 
2468	89 
2469	57 
2470	75 
2471	28 
2472	9 
2473	13 
2474	4 
2475	80 
2476	88 
2477	70 
2478	54 
2479	10 
2480	51 
2481	54 
2482	72 
2483	32 
2484	103 
2485	96 
2486	34 
2487	85 
2488	43 
2489	60 
2490	66 
2491	48 
2492	51 
2493	53 
2494	99 
2495	44 
2496	63 
2497	69 
2498	15 
2499	12 
2500	96 
2501	85 
2502	23 
2503	72 
2504	30 
2505	37 
2506	86 
2507	53 
2508	10 
2509	97 
2510	3 
2511	13 
2512	43 
2513	100 
2514	27 
2515	66 
2516	39 
2517	35 
2518	44 
2519	76 
2520	30 
2521	77 
2522	85 
2523	45 
2524	93 
2525	104 
2526	69 
2527	16 
2528	60 
2529	46 
2530	68 
2531	100 
2532	83 
2533	8 
2534	87 
2535	30 
2536	46 
2537	37 
2538	21 
2539	2 
2540	36 
2541	17 
2542	1 
2543	102 
2544	63 
2545	23 
2546	4 
2547	36 
2548	89 
2549	80 
2550	102 
2551	90 
2552	40 
2553	39 
2554	75 
2555	51 
2556	106 
2557	87 
2558	25 
2559	6 
2560	65 
2561	99 
2562	90 
2563	47 
2564	46 
2565	13 
2566	106 
2567	105 
2568	38 
2569	68 
2570	9 
2571	71 
2572	55 
2573	59 
2574	49 
2575	105 
2576	85 
2577	64 
2578	93 
2579	87 
2580	88 
2581	44 
2582	56 
2583	83 
2584	10 
2585	74 
2586	4 
2587	103 
2588	1 
2589	98 
2590	88 
2591	4 
2592	96 
2593	32 
2594	86 
2595	86 
2596	10 
2597	81 
2598	78 
2599	88 
2600	42 
2601	19 
2602	10 
2603	67 
2604	73 
2605	46 
2606	101 
2607	101 
2608	47 
2609	103 
2610	53 
2611	74 
2612	103 
2613	36 
2614	31 
2615	50 
2616	16 
2617	102 
2618	63 
2619	37 
2620	61 
2621	53 
2622	51 
2623	95 
2624	101 
2625	83 
2626	73 
2627	39 
2628	48 
2629	17 
2630	105 
2631	62 
2632	54 
2633	20 
2634	28 
2635	15 
2636	104 
2637	30 
2638	88 
2639	53 
2640	43 
2641	44 
2642	81 
2643	10 
2644	68 
2645	58 
2646	93 
2647	10 
2648	62 
2649	11 
2650	96 
2651	81 
2652	86 
2653	92 
2654	72 
2655	89 
2656	23 
2657	12 
2658	8 
2659	2 
2660	108 
2661	64 
2662	58 
2663	54 
2664	46 
2665	13 
2666	85 
2667	88 
2668	51 
2669	77 
2670	99 
2671	23 
2672	33 
2673	88 
2674	51 
2675	15 
2676	73 
2677	30 
2678	41 
2679	98 
2680	97 
2681	19 
2682	94 
2683	19 
2684	103 
2685	24 
2686	67 
2687	50 
2688	105 
2689	108 
2690	53 
2691	92 
2692	43 
2693	57 
2694	101 
2695	54 
2696	98 
2697	78 
2698	98 
2699	100 
2700	65 
2701	101 
2702	60 
2703	70 
2704	85 
2705	15 
2706	107 
2707	54 
2708	17 
2709	4 
2710	3 
2711	19 
2712	71 
2713	57 
2714	31 
2715	54 
2716	55 
2717	97 
2718	107 
2719	75 
2720	90 
2721	107 
2722	105 
2723	78 
2724	30 
2725	23 
2726	56 
2727	94 
2728	30 
2729	85 
2730	74 
2731	92 
2732	14 
2733	98 
2734	24 
2735	83 
2736	9 
2737	20 
2738	23 
2739	68 
2740	86 
2741	96 
2742	22 
2743	80 
2744	91 
2745	50 
2746	26 
2747	34 
2748	44 
2749	27 
2750	85 
2751	19 
2752	99 
2753	7 
2754	102 
2755	99 
2756	28 
2757	79 
2758	95 
2759	73 
2760	74 
2761	34 
2762	53 
2763	95 
2764	13 
2765	97 
2766	28 
2767	78 
2768	23 
2769	30 
2770	88 
2771	74 
2772	28 
2773	100 
2774	28 
2775	93 
2776	28 
2777	25 
2778	44 
2779	107 
2780	69 
2781	3 
2782	66 
2783	101 
2784	93 
2785	57 
2786	52 
2787	14 
2788	6 
2789	98 
2790	41 
2791	30 
2792	58 
2793	78 
2794	83 
2795	10 
2796	25 
2797	31 
2798	36 
2799	50 
2800	2 
2801	98 
2802	9 
2803	77 
2804	53 
2805	43 
2806	65 
2807	56 
2808	74 
2809	96 
2810	55 
2811	91 
2812	22 
2813	3 
2814	31 
2815	98 
2816	34 
2817	1 
2818	68 
2819	66 
2820	21 
2821	61 
2822	48 
2823	87 
2824	86 
2825	25 
2826	14 
2827	97 
2828	35 
2829	94 
2830	86 
2831	27 
2832	69 
2833	30 
2834	50 
2835	89 
2836	24 
2837	98 
2838	17 
2839	41 
2840	40 
2841	51 
2842	6 
2843	106 
2844	54 
2845	101 
2846	38 
2847	72 
2848	23 
2849	37 
2850	44 
2851	96 
2852	24 
2853	91 
2854	72 
2855	28 
2856	47 
2857	33 
2858	49 
2859	83 
2860	91 
2861	106 
2862	25 
2863	75 
2864	82 
2865	9 
2866	77 
2867	86 
2868	87 
2869	31 
2870	50 
2871	31 
2872	31 
2873	100 
2874	30 
2875	19 
2876	88 
2877	67 
2878	35 
2879	19 
2880	28 
2881	102 
2882	23 
2883	96 
2884	102 
2885	15 
2886	81 
2887	58 
2888	83 
2889	68 
2890	40 
2891	50 
2892	50 
2893	106 
2894	23 
2895	20 
2896	48 
2897	8 
2898	9 
2899	98 
2900	18 
2901	23 
2902	33 
2903	96 
2904	79 
2905	40 
2906	8 
2907	61 
2908	12 
2909	77 
2910	4 
2911	30 
2912	10 
2913	47 
2914	71 
2915	3 
2916	67 
2917	85 
2918	93 
2919	7 
2920	10 
2921	48 
2922	31 
2923	38 
2924	81 
2925	36 
2926	12 
2927	6 
2928	100 
2929	104 
2930	87 
2931	53 
2932	83 
2933	12 
2934	21 
2935	40 
2936	96 
2937	88 
2938	9 
2939	10 
2940	90 
2941	59 
2942	9 
2943	4 
2944	86 
2945	90 
2946	19 
2947	67 
2948	47 
2949	4 
2950	68 
2951	86 
2952	82 
2953	65 
2954	63 
2955	89 
2956	88 
2957	45 
2958	47 
2959	83 
2960	35 
2961	53 
2962	99 
2963	32 
2964	86 
2965	53 
2966	35 
2967	94 
2968	94 
2969	7 
2970	84 
2971	105 
2972	62 
2973	77 
2974	28 
2975	80 
2976	100 
2977	101 
2978	13 
2979	70 
2980	20 
2981	44 
2982	15 
2983	74 
2984	53 
2985	42 
2986	72 
2987	58 
2988	108 
2989	96 
2990	86 
2991	86 
2992	82 
2993	25 
2994	10 
2995	50 
2996	72 
2997	2 
2998	4 
2999	107 
3000	8 
3001	47 
3002	71 
3003	100 
3004	78 
3005	35 
3006	101 
3007	76 
3008	8 
3009	2 
3010	31 
3011	36 
3012	23 
3013	44 
3014	68 
3015	76 
3016	3 
3017	86 
3018	23 
3019	30 
3020	23 
3021	60 
3022	27 
3023	74 
3024	70 
3025	2 
3026	51 
3027	73 
3028	81 
3029	97 
3030	60 
3031	95 
3032	48 
3033	99 
3034	42 
3035	78 
3036	7 
3037	66 
3038	17 
3039	104 
3040	86 
3041	4 
3042	96 
3043	23 
3044	48 
3045	38 
3046	87 
3047	62 
3048	83 
3049	44 
3050	90 
3051	108 
3052	100 
3053	44 
3054	77 
3055	74 
3056	23 
3057	69 
3058	45 
3059	98 
3060	30 
3061	43 
3062	101 
3063	61 
3064	99 
3065	67 
3066	47 
3067	27 
3068	52 
3069	47 
3070	24 
3071	41 
3072	31 
3073	76 
3074	72 
3075	82 
3076	42 
3077	20 
3078	86 
3079	54 
3080	96 
3081	43 
3082	50 
3083	66 
3084	56 
3085	34 
3086	23 
3087	36 
3088	44 
3089	35 
3090	24 
3091	72 
3092	12 
3093	35 
3094	92 
3095	22 
3096	62 
3097	108 
3098	22 
3099	103 
3100	76 
3101	48 
3102	77 
3103	54 
3104	81 
3105	79 
3106	35 
3107	4 
3108	74 
3109	28 
3110	70 
3111	60 
3112	2 
3113	104 
3114	2 
3115	57 
3116	3 
3117	80 
3118	30 
3119	86 
3120	30 
3121	36 
3122	13 
3123	53 
3124	47 
3125	6 
3126	61 
3127	76 
3128	88 
3129	31 
3130	44 
3131	15 
3132	25 
3133	63 
3134	94 
3135	100 
3136	103 
3137	63 
3138	24 
3139	71 
3140	86 
3141	89 
3142	65 
3143	43 
3144	21 
3145	77 
3146	10 
3147	87 
3148	40 
3149	86 
3150	14 
3151	23 
3152	8 
3153	92 
3154	50 
3155	30 
3156	46 
3157	30 
3158	47 
3159	79 
3160	97 
3161	17 
3162	71 
3163	76 
3164	21 
3165	77 
3166	44 
3167	46 
3168	30 
3169	68 
3170	78 
3171	11 
3172	96 
3173	21 
3174	58 
3175	8 
3176	50 
3177	23 
3178	32 
3179	31 
3180	98 
3181	47 
3182	92 
3183	4 
3184	93 
3185	53 
3186	20 
3187	100 
3188	76 
3189	25 
3190	85 
3191	26 
3192	99 
3193	8 
3194	98 
3195	20 
3196	82 
3197	74 
3198	103 
3199	87 
3200	30 
3201	86 
3202	16 
3203	50 
3204	94 
3205	75 
3206	10 
3207	41 
3208	34 
3209	15 
3210	62 
3211	36 
3212	56 
3213	76 
3214	17 
3215	10 
3216	31 
3217	43 
3218	69 
3219	9 
3220	107 
3221	10 
3222	13 
3223	51 
3224	13 
3225	59 
3226	48 
3227	53 
3228	73 
3229	2 
3230	15 
3231	19 
3232	69 
3233	19 
3234	11 
3235	35 
3236	69 
3237	38 
3238	19 
3239	28 
3240	61 
3241	58 
3242	87 
3243	63 
3244	15 
3245	51 
3246	97 
3247	54 
3248	33 
3249	6 
3250	98 
3251	6 
3252	83 
3253	3 
3254	8 
3255	3 
3256	76 
3257	26 
3258	70 
3259	46 
3260	101 
3261	23 
3262	24 
3263	19 
3264	52 
3265	44 
3266	41 
3267	85 
3268	103 
3269	19 
3270	56 
3271	95 
3272	34 
3273	35 
3274	18 
3275	74 
3276	47 
3277	101 
3278	40 
3279	20 
3280	85 
3281	72 
3282	51 
3283	96 
3284	79 
3285	76 
3286	90 
3287	9 
3288	4 
3289	17 
3290	22 
3291	88 
3292	68 
3293	61 
3294	81 
3295	13 
3296	34 
3297	81 
3298	70 
3299	48 
3300	50 
3301	81 
3302	79 
3303	31 
3304	6 
3305	82 
3306	96 
3307	35 
3308	32 
3309	34 
3310	53 
3311	4 
3312	24 
3313	1 
3314	4 
3315	28 
3316	61 
3317	99 
3318	24 
3319	50 
3320	34 
3321	80 
3322	4 
3323	34 
3324	47 
3325	5 
3326	94 
3327	48 
3328	8 
3329	48 
3330	106 
3331	96 
3332	89 
3333	34 
3334	10 
3335	24 
3336	58 
3337	68 
3338	28 
3339	31 
3340	37 
3341	26 
3342	8 
3343	94 
3344	68 
3345	97 
3346	37 
3347	18 
3348	78 
3349	61 
3350	25 
3351	97 
3352	79 
3353	27 
3354	37 
3355	74 
3356	98 
3357	11 
3358	85 
3359	31 
3360	77 
3361	42 
3362	53 
3363	41 
3364	38 
3365	43 
3366	70 
3367	57 
3368	20 
3369	57 
3370	71 
3371	77 
3372	72 
3373	68 
3374	54 
3375	94 
3376	12 
3377	10 
3378	91 
3379	107 
3380	22 
3381	74 
3382	94 
3383	65 
3384	35 
3385	28 
3386	34 
3387	51 
3388	52 
3389	3 
3390	80 
3391	13 
3392	46 
3393	94 
3394	46 
3395	86 
3396	60 
3397	104 
3398	50 
3399	93 
3400	97 
3401	77 
3402	26 
3403	92 
3404	44 
3405	51 
3406	84 
3407	23 
3408	102 
3409	23 
3410	77 
3411	2 
3412	53 
3413	105 
3414	23 
3415	83 
3416	102 
3417	30 
3418	28 
3419	57 
3420	70 
3421	14 
3422	82 
3423	72 
3424	81 
3425	74 
3426	77 
3427	26 
3428	35 
3429	44 
3430	44 
3431	47 
3432	49 
3433	107 
3434	76 
3435	48 
3436	92 
3437	72 
3438	81 
3439	77 
3440	72 
3441	2 
3442	28 
3443	1 
3444	85 
3445	29 
3446	68 
3447	12 
3448	35 
3449	38 
3450	47 
3451	51 
3452	19 
3453	49 
3454	15 
3455	38 
3456	88 
3457	33 
3458	8 
3459	95 
3460	105 
3461	81 
3462	66 
3463	84 
3464	78 
3465	100 
3466	34 
3467	33 
3468	4 
3469	53 
3470	24 
3471	26 
3472	78 
3473	52 
3474	10 
3475	47 
3476	5 
3477	34 
3478	61 
3479	65 
3480	102 
3481	13 
3482	51 
3483	23 
3484	86 
3485	54 
3486	88 
3487	68 
3488	47 
3489	1 
3490	36 
3491	77 
3492	13 
3493	46 
3494	66 
3495	72 
3496	77 
3497	65 
3498	44 
3499	103 
3500	31 
3501	4 
3502	107 
3503	25 
3504	65 
3505	65 
3506	32 
3507	77 
3508	51 
3509	32 
3510	22 
3511	108 
3512	20 
3513	90 
3514	40 
3515	49 
3516	56 
3517	30 
3518	77 
3519	103 
3520	45 
3521	24 
3522	94 
3523	3 
3524	100 
3525	41 
3526	13 
3527	102 
3528	3 
3529	57 
3530	43 
3531	102 
3532	71 
3533	81 
3534	75 
3535	62 
3536	47 
3537	45 
3538	13 
3539	108 
3540	98 
3541	11 
3542	44 
3543	41 
3544	68 
3545	3 
3546	86 
3547	48 
3548	57 
3549	44 
3550	66 
3551	3 
3552	67 
3553	70 
3554	26 
3555	39 
3556	30 
3557	94 
3558	71 
3559	83 
3560	41 
3561	55 
3562	3 
3563	64 
3564	20 
3565	71 
3566	70 
3567	51 
3568	100 
3569	107 
3570	6 
3571	26 
3572	25 
3573	34 
3574	108 
3575	6 
3576	87 
3577	108 
3578	77 
3579	35 
3580	10 
3581	9 
3582	47 
3583	40 
3584	40 
3585	100 
3586	13 
3587	71 
3588	96 
3589	65 
3590	107 
3591	23 
3592	1 
3593	48 
3594	34 
3595	12 
3596	9 
3597	11 
3598	28 
3599	54 
3600	51 
3601	86 
3602	54 
3603	26 
3604	96 
3605	61 
3606	10 
3607	73 
3608	50 
3609	21 
3610	17 
3611	36 
3612	34 
3613	54 
3614	88 
3615	33 
3616	61 
3617	28 
3618	69 
3619	65 
3620	71 
3621	34 
3622	44 
3623	43 
3624	100 
3625	100 
3626	80 
3627	35 
3628	53 
3629	86 
3630	48 
3631	1 
3632	75 
3633	76 
3634	36 
3635	69 
3636	77 
3637	79 
3638	96 
3639	25 
3640	81 
3641	6 
3642	4 
3643	44 
3644	47 
3645	50 
3646	81 
3647	84 
3648	55 
3649	78 
3650	77 
3651	49 
3652	69 
3653	94 
3654	76 
3655	74 
3656	85 
3657	44 
3658	55 
3659	96 
3660	69 
3661	86 
3662	6 
3663	86 
3664	49 
3665	99 
3666	77 
3667	19 
3668	24 
3669	83 
3670	10 
3671	87 
3672	42 
3673	1 
3674	87 
3675	86 
3676	14 
3677	18 
3678	76 
3679	65 
3680	77 
3681	94 
3682	77 
3683	86 
3684	64 
3685	105 
3686	28 
3687	8 
3688	46 
3689	66 
3690	10 
3691	13 
3692	32 
3693	53 
3694	98 
3695	107 
3696	23 
3697	30 
3698	86 
3699	17 
3700	6 
3701	68 
3702	100 
3703	70 
3704	74 
3705	25 
3706	55 
3707	8 
3708	85 
3709	75 
3710	94 
3711	64 
3712	42 
3713	57 
3714	94 
3715	66 
3716	69 
3717	42 
3718	48 
3719	67 
3720	44 
3721	66 
3722	40 
3723	64 
3724	11 
3725	48 
3726	36 
3727	28 
3728	108 
3729	19 
3730	36 
3731	85 
3732	35 
3733	51 
3734	74 
3735	58 
3736	2 
3737	53 
3738	102 
3739	53 
3740	47 
3741	57 
3742	27 
3743	15 
3744	60 
3745	48 
3746	66 
3747	96 
3748	77 
3749	16 
3750	53 
3751	18 
3752	30 
3753	65 
3754	31 
3755	66 
3756	101 
3757	8 
3758	5 
3759	2 
3760	31 
3761	41 
3762	76 
3763	31 
3764	49 
3765	28 
3766	51 
3767	11 
3768	28 
3769	41 
3770	80 
3771	20 
3772	58 
3773	23 
3774	55 
3775	53 
3776	91 
3777	11 
3778	1 
3779	32 
3780	96 
3781	85 
3782	107 
3783	103 
3784	15 
3785	6 
3786	42 
3787	41 
3788	37 
3789	36 
3790	47 
3791	76 
3792	3 
3793	2 
3794	73 
3795	81 
3796	69 
3797	13 
3798	51 
3799	1 
3800	106 
3801	94 
3802	87 
3803	103 
3804	96 
3805	87 
3806	30 
3807	80 
3808	67 
3809	24 
3810	51 
3811	90 
3812	87 
3813	4 
3814	97 
3815	50 
3816	96 
3817	100 
3818	37 
3819	31 
3820	100 
3821	19 
3822	4 
3823	34 
3824	68 
3825	46 
3826	74 
3827	75 
3828	51 
3829	72 
3830	33 
3831	7 
3832	55 
3833	74 
3834	48 
3835	46 
3836	5 
3837	84 
3838	3 
3839	31 
3840	60 
3841	81 
3842	16 
3843	96 
3844	67 
3845	61 
3846	81 
3847	54 
3848	89 
3849	107 
3850	20 
3851	68 
3852	106 
3853	15 
3854	76 
3855	71 
3856	92 
3857	54 
3858	56 
3859	25 
3860	88 
3861	31 
3862	85 
3863	59 
3864	16 
3865	6 
3866	23 
3867	75 
3868	7 
3869	19 
3870	7 
3871	32 
3872	86 
3873	13 
3874	47 
3875	31 
3876	2 
3877	51 
3878	50 
3879	11 
3880	2 
3881	18 
3882	72 
3883	62 
3884	20 
3885	35 
3886	22 
3887	71 
3888	89 
3889	45 
3890	28 
3891	96 
3892	88 
3893	73 
3894	98 
3895	22 
3896	69 
3897	77 
3898	58 
3899	96 
3900	41 
3901	15 
3902	53 
3903	75 
3904	90 
3905	44 
3906	51 
3907	94 
3908	53 
3909	108 
3910	8 
3911	41 
3912	40 
3913	106 
3914	106 
3915	83 
3916	85 
3917	38 
3918	103 
3919	77 
3920	101 
3921	42 
3922	48 
3923	54 
3924	50 
3925	68 
3926	17 
3927	61 
3928	74 
3929	89 
3930	35 
3931	13 
3932	86 
3933	26 
3934	21 
3935	68 
3936	51 
3937	47 
3938	14 
3939	3 
3940	23 
3941	89 
3942	73 
3943	57 
3944	49 
3945	78 
3946	30 
3947	41 
3948	106 
3949	89 
3950	85 
3951	3 
3952	31 
3953	25 
3954	42 
3955	64 
3956	9 
3957	78 
3958	87 
3959	74 
3960	51 
3961	44 
3962	72 
3963	105 
3964	23 
3965	54 
3966	17 
3967	49 
3968	54 
3969	88 
3970	63 
3971	75 
3972	68 
3973	46 
3974	64 
3975	102 
3976	31 
3977	101 
3978	47 
3979	49 
3980	77 
3981	54 
3982	107 
3983	52 
3984	100 
3985	62 
3986	90 
3987	17 
3988	61 
3989	29 
3990	23 
3991	67 
3992	60 
3993	91 
3994	41 
3995	55 
3996	35 
3997	102 
3998	98 
3999	15 
4000	59 
4001	86 
4002	81 
4003	15 
4004	27 
4005	94 
4006	6 
4007	32 
4008	51 
4009	83 
4010	54 
4011	1 
4012	55 
4013	8 
4014	6 
4015	61 
4016	88 
4017	76 
4018	41 
4019	78 
4020	75 
4021	38 
4022	69 
4023	38 
4024	10 
4025	27 
4026	88 
4027	103 
4028	77 
4029	38 
4030	91 
4031	37 
4032	86 
4033	69 
4034	88 
4035	76 
4036	89 
4037	94 
4038	107 
4039	102 
4040	13 
4041	28 
4042	46 
4043	95 
4044	31 
4045	52 
4046	5 
4047	36 
4048	23 
4049	62 
4050	23 
4051	38 
4052	82 
4053	104 
4054	53 
4055	39 
4056	43 
4057	100 
4058	62 
4059	18 
4060	23 
4061	11 
4062	42 
4063	86 
4064	88 
4065	46 
4066	46 
4067	78 
4068	34 
4069	48 
4070	23 
4071	42 
4072	24 
4073	63 
4074	63 
4075	42 
4076	25 
4077	54 
4078	2 
4079	74 
4080	69 
4081	19 
4082	15 
4083	16 
4084	26 
4085	107 
4086	5 
4087	94 
4088	77 
4089	73 
4090	30 
4091	38 
4092	99 
4093	78 
4094	86 
4095	84 
4096	34 
4097	38 
4098	23 
4099	80 
4100	3 
4101	86 
4102	85 
4103	99 
4104	50 
4105	14 
4106	77 
4107	53 
4108	80 
4109	76 
4110	35 
4111	55 
4112	50 
4113	49 
4114	11 
4115	92 
4116	50 
4117	107 
4118	13 
4119	46 
4120	48 
4121	17 
4122	73 
4123	50 
4124	68 
4125	96 
4126	80 
4127	6 
4128	100 
4129	68 
4130	46 
4131	74 
4132	15 
4133	4 
4134	102 
4135	97 
4136	85 
4137	23 
4138	95 
4139	31 
4140	23 
4141	36 
4142	43 
4143	35 
4144	23 
4145	36 
4146	42 
4147	94 
4148	62 
4149	39 
4150	102 
4151	69 
4152	23 
4153	100 
4154	47 
4155	81 
4156	49 
4157	45 
4158	83 
4159	67 
4160	58 
4161	58 
4162	83 
4163	56 
4164	57 
4165	54 
4166	16 
4167	87 
4168	86 
4169	46 
4170	48 
4171	69 
4172	68 
4173	3 
4174	46 
4175	103 
4176	8 
4177	88 
4178	105 
4179	98 
4180	44 
4181	81 
4182	101 
4183	15 
4184	10 
4185	26 
4186	10 
4187	89 
4188	76 
4189	90 
4190	55 
4191	32 
4192	92 
4193	64 
4194	28 
4195	24 
4196	4 
4197	93 
4198	105 
4199	43 
4200	101 
4201	103 
4202	48 
4203	103 
4204	84 
4205	50 
4206	53 
4207	4 
4208	4 
4209	49 
4210	29 
4211	45 
4212	26 
4213	33 
4214	33 
4215	29 
4216	75 
4217	4 
4218	70 
4219	77 
4220	96 
4221	35 
4222	19 
4223	84 
4224	52 
4225	98 
4226	107 
4227	10 
4228	69 
4229	96 
4230	86 
4231	70 
4232	58 
4233	42 
4234	30 
4235	69 
4236	26 
4237	42 
4238	76 
4239	8 
4240	47 
4241	76 
4242	54 
4243	94 
4244	55 
4245	79 
4246	10 
4247	17 
4248	86 
4249	57 
4250	96 
4251	68 
4252	30 
4253	81 
4254	24 
4255	57 
4256	16 
4257	87 
4258	32 
4259	65 
4260	59 
4261	21 
4262	107 
4263	40 
4264	67 
4265	26 
4266	61 
4267	82 
4268	64 
4269	57 
4270	12 
4271	11 
4272	8 
4273	59 
4274	68 
4275	83 
4276	20 
4277	13 
4278	68 
4279	27 
4280	78 
4281	17 
4282	95 
4283	74 
4284	43 
4285	103 
4286	100 
4287	23 
4288	42 
4289	1 
4290	54 
4291	30 
4292	100 
4293	106 
4294	27 
4295	96 
4296	39 
4297	15 
4298	34 
4299	87 
4300	50 
4301	51 
4302	50 
4303	89 
4304	72 
4305	19 
4306	44 
4307	70 
4308	100 
4309	106 
4310	54 
4311	26 
4312	52 
4313	48 
4314	98 
4315	32 
4316	31 
4317	4 
4318	65 
4319	77 
4320	62 
4321	66 
4322	46 
4323	85 
4324	98 
4325	35 
4326	6 
4327	47 
4328	24 
4329	99 
4330	43 
4331	11 
4332	33 
4333	28 
4334	55 
4335	81 
4336	51 
4337	9 
4338	69 
4339	21 
4340	44 
4341	5 
4342	96 
4343	5 
4344	30 
4345	12 
4346	98 
4347	36 
4348	10 
4349	46 
4350	51 
4351	25 
4352	42 
4353	64 
4354	44 
4355	63 
4356	2 
4357	98 
4358	19 
4359	22 
4360	15 
4361	50 
4362	3 
4363	102 
4364	91 
4365	102 
4366	28 
4367	6 
4368	2 
4369	42 
4370	86 
4371	94 
4372	48 
4373	3 
4374	35 
4375	14 
4376	92 
4377	20 
4378	58 
4379	102 
4380	98 
4381	4 
4382	97 
4383	73 
4384	100 
4385	28 
4386	39 
4387	26 
4388	1 
4389	100 
4390	2 
4391	92 
4392	69 
4393	47 
4394	44 
4395	10 
4396	67 
4397	57 
4398	91 
4399	54 
4400	102 
4401	95 
4402	50 
4403	25 
4404	24 
4405	75 
4406	48 
4407	9 
4408	5 
4409	74 
4410	23 
4411	43 
4412	89 
4413	12 
4414	55 
4415	71 
4416	85 
4417	15 
4418	4 
4419	53 
4420	1 
4421	31 
4422	30 
4423	49 
4424	79 
4425	74 
4426	99 
4427	91 
4428	45 
4429	102 
4430	47 
4431	77 
4432	15 
4433	74 
4434	53 
4435	64 
4436	15 
4437	24 
4438	9 
4439	44 
4440	82 
4441	97 
4442	95 
4443	44 
4444	81 
4445	92 
4446	55 
4447	48 
4448	44 
4449	33 
4450	47 
4451	17 
4452	28 
4453	71 
4454	9 
4455	14 
4456	9 
4457	86 
4458	59 
4459	50 
4460	20 
4461	85 
4462	42 
4463	55 
4464	6 
4465	106 
4466	30 
4467	71 
4468	8 
4469	48 
4470	61 
4471	23 
4472	49 
4473	44 
4474	44 
4475	74 
4476	21 
4477	12 
4478	15 
4479	79 
4480	17 
4481	83 
4482	5 
4483	61 
4484	19 
4485	74 
4486	50 
4487	50 
4488	6 
4489	68 
4490	57 
4491	54 
4492	71 
4493	69 
4494	79 
4495	64 
4496	52 
4497	23 
4498	44 
4499	10 
4500	86 
4501	7 
4502	82 
4503	101 
4504	77 
4505	97 
4506	59 
4507	93 
4508	97 
4509	59 
4510	43 
4511	49 
4512	88 
4513	70 
4514	44 
4515	75 
4516	10 
4517	80 
4518	102 
4519	103 
4520	67 
4521	93 
4522	23 
4523	88 
4524	86 
4525	69 
4526	25 
4527	102 
4528	24 
4529	19 
4530	98 
4531	5 
4532	68 
4533	48 
4534	85 
4535	8 
4536	85 
4537	45 
4538	54 
4539	31 
4540	15 
4541	39 
4542	48 
4543	64 
4544	67 
4545	96 
4546	57 
4547	24 
4548	50 
4549	1 
4550	46 
4551	75 
4552	100 
4553	83 
4554	76 
4555	94 
4556	96 
4557	24 
4558	5 
4559	28 
4560	43 
4561	84 
4562	76 
4563	76 
4564	4 
4565	87 
4566	75 
4567	41 
4568	74 
4569	45 
4570	98 
4571	56 
4572	33 
4573	52 
4574	44 
4575	59 
4576	74 
4577	72 
4578	83 
4579	77 
4580	54 
4581	8 
4582	86 
4583	32 
4584	65 
4585	41 
4586	41 
4587	40 
4588	75 
4589	85 
4590	44 
4591	32 
4592	46 
4593	5 
4594	30 
4595	47 
4596	45 
4597	78 
4598	63 
4599	81 
4600	17 
4601	89 
4602	69 
4603	99 
4604	36 
4605	24 
4606	26 
4607	107 
4608	71 
4609	11 
4610	29 
4611	58 
4612	12 
4613	65 
4614	44 
4615	36 
4616	69 
4617	50 
4618	13 
4619	19 
4620	85 
4621	96 
4622	84 
4623	18 
4624	15 
4625	24 
4626	33 
4627	15 
4628	52 
4629	53 
4630	44 
4631	81 
4632	32 
4633	97 
4634	61 
4635	107 
4636	43 
4637	48 
4638	22 
4639	61 
4640	44 
4641	77 
4642	96 
4643	100 
4644	69 
4645	72 
4646	28 
4647	64 
4648	16 
4649	43 
4650	65 
4651	24 
4652	91 
4653	4 
4654	96 
4655	36 
4656	35 
4657	103 
4658	62 
4659	53 
4660	102 
4661	96 
4662	77 
4663	77 
4664	20 
4665	14 
4666	19 
4667	20 
4668	41 
4669	11 
4670	85 
4671	86 
4672	55 
4673	28 
4674	74 
4675	71 
4676	3 
4677	18 
4678	4 
4679	28 
4680	77 
4681	69 
4682	99 
4683	81 
4684	57 
4685	44 
4686	68 
4687	95 
4688	60 
4689	63 
4690	31 
4691	61 
4692	76 
4693	87 
4694	68 
4695	77 
4696	18 
4697	100 
4698	42 
4699	75 
4700	87 
4701	4 
4702	15 
4703	43 
4704	31 
4705	47 
4706	63 
4707	38 
4708	15 
4709	99 
4710	74 
4711	21 
4712	2 
4713	77 
4714	51 
4715	3 
4716	59 
4717	33 
4718	66 
4719	1 
4720	29 
4721	100 
4722	42 
4723	91 
4724	56 
4725	100 
4726	94 
4727	35 
4728	13 
4729	65 
4730	24 
4731	100 
4732	31 
4733	83 
4734	78 
4735	51 
4736	40 
4737	47 
4738	69 
4739	47 
4740	95 
4741	5 
4742	52 
4743	2 
4744	7 
4745	15 
4746	17 
4747	100 
4748	99 
4749	15 
4750	36 
4751	40 
4752	59 
4753	69 
4754	94 
4755	98 
4756	6 
4757	9 
4758	36 
4759	69 
4760	78 
4761	51 
4762	23 
4763	15 
4764	35 
4765	76 
4766	85 
4767	35 
4768	85 
4769	14 
4770	85 
4771	52 
4772	44 
4773	28 
4774	29 
4775	103 
4776	69 
4777	81 
4778	78 
4779	17 
4780	72 
4781	85 
4782	85 
4783	12 
4784	15 
4785	43 
4786	33 
4787	44 
4788	101 
4789	44 
4790	101 
4791	31 
4792	10 
4793	29 
4794	71 
4795	46 
4796	31 
4797	74 
4798	102 
4799	59 
4800	71 
4801	51 
4802	59 
4803	76 
4804	78 
4805	6 
4806	40 
4807	60 
4808	103 
4809	76 
4810	107 
4811	35 
4812	51 
4813	36 
4814	36 
4815	13 
4816	71 
4817	49 
4818	65 
4819	61 
4820	3 
4821	94 
4822	29 
4823	54 
4824	30 
4825	35 
4826	41 
4827	87 
4828	23 
4829	49 
4830	51 
4831	102 
4832	98 
4833	15 
4834	89 
4835	33 
4836	85 
4837	77 
4838	69 
4839	36 
4840	42 
4841	44 
4842	53 
4843	102 
4844	81 
4845	81 
4846	36 
4847	88 
4848	15 
4849	8 
4850	47 
4851	9 
4852	67 
4853	50 
4854	25 
4855	13 
4856	94 
4857	61 
4858	65 
4859	33 
4860	4 
4861	89 
4862	69 
4863	71 
4864	55 
4865	51 
4866	29 
4867	61 
4868	61 
4869	2 
4870	40 
4871	45 
4872	34 
4873	51 
4874	15 
4875	25 
4876	74 
4877	98 
4878	33 
4879	74 
4880	44 
4881	68 
4882	97 
4883	101 
4884	53 
4885	13 
4886	98 
4887	66 
4888	99 
4889	68 
4890	32 
4891	34 
4892	61 
4893	89 
4894	59 
4895	54 
4896	78 
4897	34 
4898	68 
4899	31 
4900	81 
4901	33 
4902	3 
4903	74 
4904	40 
4905	85 
4906	83 
4907	61 
4908	81 
4909	46 
4910	69 
4911	101 
4912	6 
4913	47 
4914	15 
4915	78 
4916	107 
4917	107 
4918	25 
4919	17 
4920	19 
4921	98 
4922	65 
4923	85 
4924	25 
4925	26 
4926	30 
4927	83 
4928	4 
4929	61 
4930	61 
4931	78 
4932	71 
4933	77 
4934	81 
4935	51 
4936	36 
4937	11 
4938	46 
4939	24 
4940	99 
4941	67 
4942	107 
4943	99 
4944	86 
4945	68 
4946	51 
4947	30 
4948	86 
4949	100 
4950	11 
4951	25 
4952	86 
4953	24 
4954	89 
4955	19 
4956	41 
4957	94 
4958	100 
4959	99 
4960	86 
4961	81 
4962	94 
4963	102 
4964	83 
4965	94 
4966	74 
4967	61 
4968	86 
4969	89 
4970	11 
4971	51 
4972	81 
4973	82 
4974	67 
4975	85 
4976	65 
4977	68 
4978	24 
4979	67 
4980	13 
4981	77 
4982	4 
4983	65 
4984	68 
4985	34 
4986	51 
4987	53 
4988	96 
4989	28 
4990	68 
4991	28 
4992	68 
4993	44 
4994	3 
4995	59 
4996	26 
4997	25 
4998	67 
4999	86 
5000	25 
