1	30 
2	61 
3	81 
4	17 
5	66 
6	24 
7	20 
8	43 
9	42 
10	14 
11	27 
12	27 
13	34 
14	87 
15	43 
16	88 
17	59 
18	68 
19	4 
20	86 
21	76 
22	43 
23	26 
24	39 
25	50 
26	42 
27	31 
28	88 
29	22 
30	76 
31	26 
32	79 
33	67 
34	26 
35	79 
36	80 
37	22 
38	55 
39	60 
40	45 
41	45 
42	62 
43	34 
44	35 
45	96 
46	58 
47	93 
48	71 
49	60 
50	18 
51	57 
52	10 
53	57 
54	14 
55	96 
56	36 
57	90 
58	68 
59	36 
60	20 
61	28 
62	59 
63	14 
64	74 
65	52 
66	71 
67	18 
68	5 
69	65 
70	26 
71	80 
72	62 
73	30 
74	18 
75	45 
76	43 
77	8 
78	31 
79	27 
80	95 
81	68 
82	33 
83	3 
84	2 
85	61 
86	52 
87	95 
88	38 
89	46 
90	28 
91	33 
92	19 
93	62 
94	55 
95	89 
96	73 
97	9 
98	88 
99	52 
100	20 
101	27 
102	72 
103	45 
104	2 
105	65 
106	57 
107	42 
108	63 
109	85 
110	72 
111	32 
112	73 
113	80 
114	17 
115	96 
116	59 
117	95 
118	88 
119	70 
120	52 
121	92 
122	64 
123	5 
124	95 
125	36 
126	96 
127	12 
128	51 
129	89 
130	57 
131	51 
132	44 
133	51 
134	94 
135	48 
136	58 
137	9 
138	51 
139	35 
140	63 
141	71 
142	54 
143	21 
144	9 
145	76 
146	13 
147	45 
148	76 
149	71 
150	20 
151	54 
152	96 
153	21 
154	3 
155	34 
156	85 
157	44 
158	76 
159	33 
160	57 
161	31 
162	61 
163	42 
164	52 
165	55 
166	65 
167	62 
168	79 
169	8 
170	75 
171	44 
172	88 
173	43 
174	54 
175	70 
176	24 
177	8 
178	8 
179	26 
180	29 
181	45 
182	88 
183	88 
184	90 
185	81 
186	61 
187	68 
188	94 
189	22 
190	91 
191	10 
192	39 
193	8 
194	21 
195	87 
196	71 
197	52 
198	8 
199	17 
200	81 
201	46 
202	70 
203	13 
204	54 
205	48 
206	8 
207	51 
208	6 
209	56 
210	41 
211	94 
212	19 
213	10 
214	47 
215	23 
216	58 
217	10 
218	94 
219	33 
220	54 
221	87 
222	76 
223	35 
224	33 
225	86 
226	17 
227	86 
228	80 
229	26 
230	34 
231	28 
232	91 
233	61 
234	67 
235	69 
236	78 
237	87 
238	15 
239	93 
240	72 
241	82 
242	3 
243	52 
244	35 
245	48 
246	21 
247	82 
248	51 
249	10 
250	80 
251	12 
252	95 
253	54 
254	9 
255	34 
256	46 
257	11 
258	44 
259	46 
260	83 
261	86 
262	30 
263	14 
264	81 
265	20 
266	60 
267	8 
268	81 
269	39 
270	55 
271	7 
272	34 
273	45 
274	23 
275	28 
276	66 
277	67 
278	21 
279	74 
280	24 
281	44 
282	51 
283	76 
284	75 
285	35 
286	66 
287	52 
288	65 
289	3 
290	95 
291	26 
292	96 
293	66 
294	43 
295	64 
296	84 
297	94 
298	19 
299	93 
300	92 
301	46 
302	43 
303	37 
304	63 
305	17 
306	28 
307	30 
308	88 
309	72 
310	17 
311	20 
312	6 
313	73 
314	5 
315	53 
316	64 
317	93 
318	82 
319	80 
320	51 
321	71 
322	81 
323	83 
324	12 
325	42 
326	93 
327	61 
328	43 
329	77 
330	21 
331	21 
332	41 
333	43 
334	24 
335	33 
336	79 
337	41 
338	62 
339	63 
340	78 
341	65 
342	25 
343	70 
344	94 
345	86 
346	15 
347	79 
348	43 
349	45 
350	77 
351	79 
352	22 
353	79 
354	27 
355	24 
356	21 
357	52 
358	92 
359	33 
360	26 
361	90 
362	52 
363	24 
364	94 
365	24 
366	9 
367	68 
368	94 
369	40 
370	65 
371	28 
372	93 
373	60 
374	43 
375	13 
376	65 
377	82 
378	81 
379	51 
380	51 
381	75 
382	8 
383	14 
384	96 
385	20 
386	6 
387	18 
388	76 
389	17 
390	45 
391	63 
392	13 
393	36 
394	37 
395	52 
396	19 
397	1 
398	92 
399	67 
400	48 
401	48 
402	16 
403	79 
404	58 
405	6 
406	20 
407	34 
408	43 
409	33 
410	20 
411	76 
412	18 
413	45 
414	38 
415	13 
416	85 
417	49 
418	22 
419	75 
420	50 
421	95 
422	27 
423	44 
424	53 
425	34 
426	76 
427	47 
428	79 
429	61 
430	10 
431	79 
432	68 
433	24 
434	60 
435	36 
436	85 
437	73 
438	55 
439	86 
440	8 
441	23 
442	80 
443	43 
444	21 
445	34 
446	61 
447	26 
448	28 
449	43 
450	38 
451	28 
452	3 
453	76 
454	41 
455	68 
456	96 
457	76 
458	5 
459	42 
460	93 
461	66 
462	67 
463	48 
464	63 
465	67 
466	64 
467	3 
468	19 
469	65 
470	67 
471	26 
472	8 
473	48 
474	1 
475	44 
476	34 
477	72 
478	20 
479	35 
480	33 
481	65 
482	47 
483	1 
484	27 
485	76 
486	61 
487	3 
488	48 
489	9 
490	57 
491	17 
492	25 
493	81 
494	74 
495	57 
496	20 
497	8 
498	69 
499	25 
500	45 
501	70 
502	61 
503	79 
504	76 
505	61 
506	34 
507	31 
508	21 
509	39 
510	33 
511	8 
512	15 
513	96 
514	71 
515	51 
516	57 
517	28 
518	65 
519	63 
520	24 
521	33 
522	65 
523	22 
524	26 
525	45 
526	62 
527	76 
528	57 
529	61 
530	33 
531	92 
532	77 
533	43 
534	24 
535	83 
536	39 
537	55 
538	26 
539	8 
540	33 
541	84 
542	84 
543	68 
544	94 
545	46 
546	63 
547	71 
548	51 
549	9 
550	16 
551	65 
552	24 
553	9 
554	83 
555	47 
556	50 
557	95 
558	13 
559	61 
560	80 
561	74 
562	51 
563	83 
564	6 
565	5 
566	13 
567	26 
568	65 
569	13 
570	26 
571	37 
572	55 
573	63 
574	65 
575	59 
576	47 
577	8 
578	77 
579	14 
580	94 
581	38 
582	34 
583	71 
584	45 
585	56 
586	80 
587	24 
588	95 
589	10 
590	90 
591	65 
592	88 
593	63 
594	44 
595	67 
596	57 
597	34 
598	45 
599	95 
600	63 
601	60 
602	96 
603	9 
604	51 
605	6 
606	85 
607	20 
608	76 
609	4 
610	14 
611	81 
612	20 
613	57 
614	39 
615	95 
616	33 
617	55 
618	76 
619	93 
620	69 
621	76 
622	19 
623	28 
624	3 
625	19 
626	61 
627	46 
628	45 
629	48 
630	1 
631	54 
632	55 
633	45 
634	75 
635	73 
636	73 
637	8 
638	39 
639	45 
640	43 
641	41 
642	71 
643	46 
644	84 
645	33 
646	6 
647	12 
648	16 
649	57 
650	13 
651	47 
652	32 
653	85 
654	30 
655	13 
656	81 
657	18 
658	81 
659	8 
660	34 
661	70 
662	94 
663	45 
664	95 
665	10 
666	96 
667	61 
668	18 
669	34 
670	95 
671	78 
672	8 
673	47 
674	27 
675	28 
676	94 
677	60 
678	12 
679	63 
680	95 
681	8 
682	16 
683	5 
684	96 
685	43 
686	80 
687	45 
688	43 
689	90 
690	31 
691	90 
692	74 
693	94 
694	14 
695	95 
696	94 
697	55 
698	13 
699	56 
700	94 
701	57 
702	10 
703	96 
704	17 
705	12 
706	24 
707	24 
708	24 
709	55 
710	25 
711	33 
712	14 
713	83 
714	48 
715	50 
716	68 
717	34 
718	39 
719	28 
720	57 
721	64 
722	82 
723	84 
724	47 
725	32 
726	47 
727	60 
728	82 
729	63 
730	61 
731	63 
732	47 
733	79 
734	21 
735	6 
736	65 
737	28 
738	42 
739	40 
740	7 
741	68 
742	57 
743	66 
744	19 
745	81 
746	79 
747	18 
748	68 
749	95 
750	69 
751	8 
752	31 
753	13 
754	65 
755	19 
756	60 
757	77 
758	10 
759	46 
760	45 
761	63 
762	68 
763	61 
764	68 
765	77 
766	35 
767	32 
768	7 
769	41 
770	8 
771	63 
772	11 
773	73 
774	88 
775	8 
776	72 
777	35 
778	8 
779	65 
780	32 
781	21 
782	34 
783	46 
784	6 
785	41 
786	32 
787	87 
788	83 
789	54 
790	95 
791	11 
792	88 
793	82 
794	7 
795	77 
796	8 
797	28 
798	61 
799	87 
800	73 
801	12 
802	26 
803	28 
804	95 
805	66 
806	34 
807	33 
808	89 
809	63 
810	45 
811	61 
812	39 
813	88 
814	20 
815	21 
816	90 
817	90 
818	57 
819	68 
820	61 
821	15 
822	76 
823	21 
824	81 
825	26 
826	79 
827	81 
828	87 
829	83 
830	46 
831	27 
832	3 
833	40 
834	95 
835	65 
836	77 
837	68 
838	87 
839	49 
840	35 
841	35 
842	3 
843	6 
844	66 
845	68 
846	51 
847	1 
848	82 
849	23 
850	21 
851	43 
852	94 
853	1 
854	31 
855	85 
856	90 
857	89 
858	72 
859	49 
860	21 
861	20 
862	30 
863	61 
864	54 
865	24 
866	22 
867	71 
868	36 
869	62 
870	34 
871	54 
872	30 
873	61 
874	69 
875	57 
876	84 
877	38 
878	32 
879	64 
880	93 
881	76 
882	78 
883	45 
884	21 
885	28 
886	95 
887	95 
888	52 
889	22 
890	68 
891	24 
892	30 
893	54 
894	45 
895	33 
896	52 
897	94 
898	37 
899	28 
900	68 
901	82 
902	89 
903	17 
904	23 
905	22 
906	92 
907	72 
908	13 
909	65 
910	60 
911	33 
912	70 
913	37 
914	32 
915	63 
916	48 
917	28 
918	24 
919	58 
920	44 
921	80 
922	54 
923	20 
924	94 
925	31 
926	25 
927	47 
928	91 
929	80 
930	2 
931	76 
932	93 
933	92 
934	20 
935	87 
936	63 
937	60 
938	47 
939	34 
940	28 
941	54 
942	89 
943	23 
944	73 
945	20 
946	52 
947	13 
948	87 
949	35 
950	83 
951	34 
952	82 
953	22 
954	9 
955	38 
956	48 
957	19 
958	31 
959	74 
960	78 
961	94 
962	59 
963	55 
964	38 
965	20 
966	46 
967	21 
968	58 
969	18 
970	85 
971	85 
972	71 
973	30 
974	90 
975	91 
976	83 
977	95 
978	21 
979	58 
980	96 
981	10 
982	51 
983	10 
984	52 
985	79 
986	26 
987	44 
988	65 
989	65 
990	94 
991	63 
992	26 
993	85 
994	51 
995	32 
996	1 
997	86 
998	50 
999	31 
1000	70 
1001	40 
1002	75 
1003	50 
1004	8 
1005	26 
1006	52 
1007	4 
1008	40 
1009	69 
1010	37 
1011	60 
1012	58 
1013	75 
1014	6 
1015	49 
1016	69 
1017	89 
1018	83 
1019	31 
1020	95 
1021	70 
1022	72 
1023	94 
1024	89 
1025	26 
1026	24 
1027	56 
1028	40 
1029	58 
1030	67 
1031	19 
1032	81 
1033	70 
1034	60 
1035	71 
1036	16 
1037	54 
1038	66 
1039	8 
1040	90 
1041	12 
1042	24 
1043	20 
1044	80 
1045	88 
1046	46 
1047	42 
1048	14 
1049	58 
1050	39 
1051	21 
1052	45 
1053	13 
1054	54 
1055	47 
1056	29 
1057	64 
1058	95 
1059	55 
1060	68 
1061	70 
1062	55 
1063	28 
1064	60 
1065	45 
1066	76 
1067	84 
1068	24 
1069	21 
1070	34 
1071	40 
1072	78 
1073	88 
1074	16 
1075	61 
1076	94 
1077	92 
1078	18 
1079	32 
1080	64 
1081	70 
1082	45 
1083	58 
1084	83 
1085	35 
1086	60 
1087	2 
1088	61 
1089	61 
1090	55 
1091	43 
1092	81 
1093	89 
1094	53 
1095	20 
1096	34 
1097	92 
1098	74 
1099	71 
1100	46 
1101	63 
1102	85 
1103	10 
1104	94 
1105	55 
1106	65 
1107	45 
1108	90 
1109	34 
1110	84 
1111	34 
1112	63 
1113	74 
1114	58 
1115	48 
1116	22 
1117	89 
1118	69 
1119	39 
1120	21 
1121	65 
1122	63 
1123	76 
1124	19 
1125	14 
1126	52 
1127	44 
1128	88 
1129	83 
1130	57 
1131	71 
1132	15 
1133	63 
1134	8 
1135	15 
1136	20 
1137	34 
1138	44 
1139	65 
1140	47 
1141	11 
1142	94 
1143	4 
1144	27 
1145	68 
1146	51 
1147	66 
1148	82 
1149	68 
1150	10 
1151	14 
1152	60 
1153	43 
1154	70 
1155	95 
1156	78 
1157	52 
1158	37 
1159	26 
1160	15 
1161	76 
1162	57 
1163	40 
1164	20 
1165	68 
1166	76 
1167	20 
1168	96 
1169	46 
1170	61 
1171	42 
1172	47 
1173	76 
1174	88 
1175	24 
1176	20 
1177	82 
1178	74 
1179	45 
1180	89 
1181	24 
1182	23 
1183	73 
1184	42 
1185	20 
1186	7 
1187	21 
1188	64 
1189	13 
1190	70 
1191	38 
1192	24 
1193	7 
1194	93 
1195	33 
1196	59 
1197	79 
1198	74 
1199	58 
1200	12 
1201	14 
1202	2 
1203	19 
1204	48 
1205	61 
1206	79 
1207	87 
1208	11 
1209	8 
1210	20 
1211	43 
1212	33 
1213	56 
1214	56 
1215	27 
1216	65 
1217	44 
1218	60 
1219	85 
1220	81 
1221	66 
1222	67 
1223	57 
1224	73 
1225	63 
1226	51 
1227	83 
1228	22 
1229	94 
1230	81 
1231	8 
1232	33 
1233	81 
1234	86 
1235	92 
1236	35 
1237	79 
1238	14 
1239	13 
1240	88 
1241	54 
1242	11 
1243	27 
1244	24 
1245	18 
1246	43 
1247	64 
1248	66 
1249	48 
1250	33 
1251	50 
1252	21 
1253	76 
1254	30 
1255	68 
1256	5 
1257	89 
1258	56 
1259	95 
1260	84 
1261	79 
1262	48 
1263	76 
1264	69 
1265	93 
1266	26 
1267	94 
1268	79 
1269	7 
1270	48 
1271	50 
1272	42 
1273	71 
1274	13 
1275	11 
1276	13 
1277	7 
1278	10 
1279	24 
1280	51 
1281	84 
1282	92 
1283	33 
1284	19 
1285	22 
1286	62 
1287	26 
1288	16 
1289	54 
1290	20 
1291	26 
1292	42 
1293	18 
1294	33 
1295	24 
1296	40 
1297	80 
1298	43 
1299	85 
1300	31 
1301	17 
1302	95 
1303	65 
1304	89 
1305	63 
1306	65 
1307	27 
1308	17 
1309	14 
1310	36 
1311	20 
1312	55 
1313	75 
1314	49 
1315	13 
1316	33 
1317	13 
1318	24 
1319	43 
1320	7 
1321	7 
1322	96 
1323	95 
1324	69 
1325	73 
1326	26 
1327	45 
1328	26 
1329	94 
1330	43 
1331	73 
1332	85 
1333	37 
1334	52 
1335	17 
1336	34 
1337	75 
1338	8 
1339	21 
1340	86 
1341	22 
1342	38 
1343	36 
1344	57 
1345	18 
1346	80 
1347	90 
1348	51 
1349	95 
1350	77 
1351	19 
1352	33 
1353	94 
1354	52 
1355	83 
1356	34 
1357	40 
1358	9 
1359	13 
1360	24 
1361	19 
1362	21 
1363	26 
1364	57 
1365	29 
1366	31 
1367	65 
1368	54 
1369	1 
1370	20 
1371	88 
1372	95 
1373	11 
1374	4 
1375	11 
1376	13 
1377	52 
1378	89 
1379	47 
1380	34 
1381	46 
1382	17 
1383	51 
1384	77 
1385	72 
1386	92 
1387	88 
1388	57 
1389	8 
1390	17 
1391	93 
1392	65 
1393	28 
1394	89 
1395	34 
1396	14 
1397	32 
1398	79 
1399	84 
1400	21 
1401	61 
1402	73 
1403	70 
1404	8 
1405	94 
1406	4 
1407	91 
1408	94 
1409	61 
1410	53 
1411	28 
1412	57 
1413	19 
1414	79 
1415	55 
1416	95 
1417	44 
1418	25 
1419	29 
1420	3 
1421	91 
1422	48 
1423	89 
1424	71 
1425	68 
1426	45 
1427	13 
1428	14 
1429	14 
1430	13 
1431	82 
1432	8 
1433	45 
1434	2 
1435	1 
1436	6 
1437	81 
1438	14 
1439	86 
1440	43 
1441	61 
1442	73 
1443	9 
1444	94 
1445	78 
1446	67 
1447	27 
1448	58 
1449	71 
1450	64 
1451	88 
1452	24 
1453	10 
1454	88 
1455	13 
1456	70 
1457	61 
1458	6 
1459	5 
1460	18 
1461	53 
1462	23 
1463	27 
1464	81 
1465	68 
1466	61 
1467	94 
1468	65 
1469	73 
1470	9 
1471	66 
1472	45 
1473	93 
1474	40 
1475	40 
1476	87 
1477	28 
1478	73 
1479	46 
1480	76 
1481	15 
1482	18 
1483	31 
1484	46 
1485	33 
1486	7 
1487	13 
1488	65 
1489	40 
1490	21 
1491	23 
1492	13 
1493	60 
1494	21 
1495	27 
1496	65 
1497	17 
1498	70 
1499	79 
1500	47 
1501	12 
1502	83 
1503	20 
1504	52 
1505	62 
1506	6 
1507	34 
1508	10 
1509	79 
1510	60 
1511	22 
1512	81 
1513	47 
1514	76 
1515	86 
1516	46 
1517	94 
1518	27 
1519	33 
1520	45 
1521	55 
1522	8 
1523	51 
1524	50 
1525	48 
1526	13 
1527	43 
1528	24 
1529	22 
1530	65 
1531	89 
1532	59 
1533	45 
1534	8 
1535	2 
1536	15 
1537	85 
1538	63 
1539	79 
1540	59 
1541	41 
1542	85 
1543	71 
1544	27 
1545	35 
1546	80 
1547	51 
1548	10 
1549	35 
1550	19 
1551	81 
1552	39 
1553	38 
1554	51 
1555	19 
1556	58 
1557	63 
1558	95 
1559	62 
1560	74 
1561	96 
1562	52 
1563	41 
1564	95 
1565	17 
1566	63 
1567	25 
1568	59 
1569	59 
1570	33 
1571	15 
1572	79 
1573	19 
1574	72 
1575	66 
1576	19 
1577	14 
1578	29 
1579	20 
1580	13 
1581	45 
1582	44 
1583	84 
1584	21 
1585	47 
1586	13 
1587	20 
1588	69 
1589	57 
1590	44 
1591	54 
1592	85 
1593	28 
1594	24 
1595	80 
1596	38 
1597	34 
1598	24 
1599	12 
1600	25 
1601	36 
1602	47 
1603	67 
1604	72 
1605	65 
1606	52 
1607	45 
1608	11 
1609	31 
1610	57 
1611	26 
1612	35 
1613	8 
1614	76 
1615	82 
1616	8 
1617	19 
1618	90 
1619	46 
1620	94 
1621	27 
1622	28 
1623	14 
1624	88 
1625	30 
1626	6 
1627	92 
1628	61 
1629	89 
1630	79 
1631	63 
1632	63 
1633	63 
1634	68 
1635	47 
1636	86 
1637	53 
1638	66 
1639	9 
1640	43 
1641	24 
1642	82 
1643	10 
1644	51 
1645	18 
1646	13 
1647	66 
1648	61 
1649	32 
1650	91 
1651	46 
1652	26 
1653	10 
1654	1 
1655	60 
1656	39 
1657	89 
1658	61 
1659	42 
1660	67 
1661	28 
1662	10 
1663	51 
1664	79 
1665	20 
1666	4 
1667	91 
1668	59 
1669	16 
1670	84 
1671	67 
1672	41 
1673	55 
1674	23 
1675	34 
1676	59 
1677	1 
1678	68 
1679	87 
1680	35 
1681	86 
1682	89 
1683	64 
1684	57 
1685	45 
1686	61 
1687	20 
1688	88 
1689	77 
1690	57 
1691	88 
1692	19 
1693	22 
1694	70 
1695	4 
1696	87 
1697	7 
1698	76 
1699	53 
1700	35 
1701	67 
1702	60 
1703	19 
1704	69 
1705	54 
1706	79 
1707	45 
1708	24 
1709	26 
1710	52 
1711	45 
1712	51 
1713	68 
1714	94 
1715	21 
1716	17 
1717	48 
1718	69 
1719	11 
1720	84 
1721	71 
1722	76 
1723	8 
1724	5 
1725	37 
1726	52 
1727	81 
1728	8 
1729	94 
1730	21 
1731	23 
1732	48 
1733	90 
1734	94 
1735	93 
1736	63 
1737	56 
1738	46 
1739	45 
1740	44 
1741	73 
1742	82 
1743	46 
1744	9 
1745	62 
1746	95 
1747	7 
1748	37 
1749	88 
1750	53 
1751	13 
1752	73 
1753	79 
1754	8 
1755	63 
1756	20 
1757	52 
1758	11 
1759	61 
1760	86 
1761	49 
1762	51 
1763	52 
1764	45 
1765	67 
1766	45 
1767	44 
1768	13 
1769	82 
1770	74 
1771	2 
1772	76 
1773	14 
1774	45 
1775	24 
1776	21 
1777	83 
1778	88 
1779	46 
1780	94 
1781	14 
1782	43 
1783	30 
1784	61 
1785	86 
1786	16 
1787	17 
1788	33 
1789	73 
1790	27 
1791	82 
1792	46 
1793	33 
1794	55 
1795	42 
1796	93 
1797	30 
1798	26 
1799	84 
1800	94 
1801	88 
1802	87 
1803	31 
1804	70 
1805	44 
1806	82 
1807	46 
1808	23 
1809	65 
1810	34 
1811	21 
1812	43 
1813	19 
1814	24 
1815	66 
1816	54 
1817	34 
1818	93 
1819	76 
1820	53 
1821	76 
1822	55 
1823	14 
1824	7 
1825	37 
1826	80 
1827	23 
1828	34 
1829	89 
1830	81 
1831	19 
1832	64 
1833	23 
1834	59 
1835	1 
1836	39 
1837	80 
1838	12 
1839	28 
1840	94 
1841	14 
1842	37 
1843	57 
1844	27 
1845	31 
1846	37 
1847	34 
1848	29 
1849	28 
1850	75 
1851	56 
1852	74 
1853	15 
1854	30 
1855	86 
1856	76 
1857	10 
1858	90 
1859	83 
1860	89 
1861	69 
1862	71 
1863	61 
1864	19 
1865	88 
1866	45 
1867	85 
1868	18 
1869	54 
1870	95 
1871	41 
1872	75 
1873	41 
1874	21 
1875	10 
1876	27 
1877	52 
1878	76 
1879	21 
1880	88 
1881	90 
1882	14 
1883	36 
1884	12 
1885	72 
1886	45 
1887	59 
1888	24 
1889	70 
1890	5 
1891	22 
1892	71 
1893	35 
1894	68 
1895	80 
1896	71 
1897	68 
1898	29 
1899	68 
1900	41 
1901	26 
1902	5 
1903	59 
1904	19 
1905	9 
1906	49 
1907	82 
1908	72 
1909	13 
1910	25 
1911	61 
1912	38 
1913	58 
1914	69 
1915	56 
1916	21 
1917	62 
1918	70 
1919	68 
1920	60 
1921	57 
1922	46 
1923	68 
1924	71 
1925	40 
1926	19 
1927	26 
1928	50 
1929	94 
1930	87 
1931	44 
1932	73 
1933	13 
1934	59 
1935	8 
1936	61 
1937	76 
1938	85 
1939	95 
1940	47 
1941	16 
1942	26 
1943	94 
1944	92 
1945	89 
1946	53 
1947	47 
1948	91 
1949	95 
1950	4 
1951	24 
1952	70 
1953	40 
1954	82 
1955	69 
1956	79 
1957	95 
1958	63 
1959	28 
1960	13 
1961	54 
1962	40 
1963	50 
1964	49 
1965	25 
1966	49 
1967	17 
1968	19 
1969	54 
1970	88 
1971	57 
1972	20 
1973	34 
1974	15 
1975	33 
1976	35 
1977	47 
1978	77 
1979	9 
1980	24 
1981	45 
1982	73 
1983	81 
1984	85 
1985	19 
1986	55 
1987	82 
1988	84 
1989	34 
1990	6 
1991	8 
1992	60 
1993	86 
1994	24 
1995	52 
1996	50 
1997	30 
1998	7 
1999	45 
2000	82 
2001	72 
2002	68 
2003	83 
2004	42 
2005	23 
2006	68 
2007	6 
2008	42 
2009	83 
2010	43 
2011	94 
2012	49 
2013	27 
2014	73 
2015	54 
2016	10 
2017	45 
2018	78 
2019	64 
2020	57 
2021	20 
2022	83 
2023	93 
2024	90 
2025	61 
2026	91 
2027	47 
2028	13 
2029	48 
2030	95 
2031	34 
2032	20 
2033	95 
2034	65 
2035	61 
2036	13 
2037	51 
2038	10 
2039	3 
2040	61 
2041	90 
2042	79 
2043	32 
2044	83 
2045	26 
2046	52 
2047	38 
2048	74 
2049	73 
2050	21 
2051	93 
2052	51 
2053	54 
2054	44 
2055	81 
2056	76 
2057	4 
2058	52 
2059	7 
2060	15 
2061	6 
2062	47 
2063	31 
2064	26 
2065	44 
2066	20 
2067	45 
2068	66 
2069	54 
2070	86 
2071	51 
2072	95 
2073	93 
2074	50 
2075	16 
2076	78 
2077	80 
2078	85 
2079	14 
2080	65 
2081	52 
2082	8 
2083	87 
2084	33 
2085	36 
2086	79 
2087	46 
2088	8 
2089	76 
2090	14 
2091	75 
2092	67 
2093	10 
2094	47 
2095	47 
2096	74 
2097	24 
2098	76 
2099	24 
2100	34 
2101	10 
2102	13 
2103	39 
2104	63 
2105	94 
2106	20 
2107	29 
2108	94 
2109	24 
2110	12 
2111	31 
2112	45 
2113	61 
2114	95 
2115	92 
2116	42 
2117	22 
2118	10 
2119	67 
2120	41 
2121	26 
2122	8 
2123	79 
2124	79 
2125	51 
2126	20 
2127	55 
2128	74 
2129	87 
2130	14 
2131	46 
2132	20 
2133	28 
2134	7 
2135	8 
2136	60 
2137	67 
2138	93 
2139	68 
2140	48 
2141	82 
2142	58 
2143	48 
2144	77 
2145	61 
2146	67 
2147	81 
2148	6 
2149	57 
2150	82 
2151	68 
2152	32 
2153	13 
2154	73 
2155	67 
2156	73 
2157	19 
2158	95 
2159	83 
2160	34 
2161	74 
2162	70 
2163	24 
2164	27 
2165	75 
2166	64 
2167	29 
2168	83 
2169	82 
2170	8 
2171	58 
2172	46 
2173	9 
2174	71 
2175	60 
2176	85 
2177	58 
2178	24 
2179	76 
2180	51 
2181	22 
2182	51 
2183	83 
2184	69 
2185	1 
2186	72 
2187	20 
2188	63 
2189	22 
2190	82 
2191	5 
2192	17 
2193	5 
2194	47 
2195	51 
2196	32 
2197	23 
2198	63 
2199	44 
2200	45 
2201	2 
2202	24 
2203	44 
2204	10 
2205	10 
2206	63 
2207	64 
2208	57 
2209	69 
2210	45 
2211	30 
2212	55 
2213	3 
2214	33 
2215	29 
2216	37 
2217	1 
2218	62 
2219	3 
2220	58 
2221	81 
2222	88 
2223	58 
2224	95 
2225	32 
2226	14 
2227	32 
2228	73 
2229	32 
2230	79 
2231	35 
2232	52 
2233	29 
2234	13 
2235	95 
2236	7 
2237	46 
2238	62 
2239	83 
2240	82 
2241	4 
2242	46 
2243	83 
2244	29 
2245	6 
2246	26 
2247	31 
2248	14 
2249	81 
2250	88 
2251	55 
2252	49 
2253	50 
2254	22 
2255	67 
2256	47 
2257	54 
2258	19 
2259	21 
2260	43 
2261	90 
2262	82 
2263	45 
2264	81 
2265	83 
2266	74 
2267	27 
2268	88 
2269	33 
2270	65 
2271	59 
2272	62 
2273	57 
2274	61 
2275	63 
2276	33 
2277	95 
2278	91 
2279	34 
2280	3 
2281	32 
2282	8 
2283	93 
2284	76 
2285	13 
2286	85 
2287	75 
2288	73 
2289	38 
2290	30 
2291	63 
2292	64 
2293	20 
2294	24 
2295	60 
2296	79 
2297	17 
2298	69 
2299	79 
2300	76 
2301	67 
2302	20 
2303	73 
2304	46 
2305	55 
2306	28 
2307	11 
2308	84 
2309	90 
2310	10 
2311	73 
2312	38 
2313	6 
2314	17 
2315	13 
2316	55 
2317	20 
2318	12 
2319	19 
2320	24 
2321	54 
2322	16 
2323	28 
2324	81 
2325	91 
2326	8 
2327	94 
2328	57 
2329	76 
2330	51 
2331	63 
2332	11 
2333	55 
2334	33 
2335	38 
2336	63 
2337	63 
2338	50 
2339	29 
2340	45 
2341	80 
2342	72 
2343	86 
2344	63 
2345	30 
2346	46 
2347	76 
2348	30 
2349	19 
2350	39 
2351	74 
2352	65 
2353	8 
2354	49 
2355	65 
2356	34 
2357	39 
2358	46 
2359	90 
2360	68 
2361	53 
2362	46 
2363	53 
2364	85 
2365	95 
2366	54 
2367	95 
2368	54 
2369	54 
2370	10 
2371	54 
2372	2 
2373	13 
2374	88 
2375	51 
2376	78 
2377	89 
2378	44 
2379	79 
2380	57 
2381	44 
2382	87 
2383	86 
2384	9 
2385	58 
2386	34 
2387	9 
2388	70 
2389	7 
2390	8 
2391	64 
2392	9 
2393	56 
2394	76 
2395	77 
2396	76 
2397	91 
2398	62 
2399	61 
2400	33 
2401	94 
2402	11 
2403	51 
2404	20 
2405	42 
2406	54 
2407	82 
2408	81 
2409	16 
2410	79 
2411	22 
2412	67 
2413	17 
2414	51 
2415	20 
2416	26 
2417	20 
2418	27 
2419	43 
2420	27 
2421	26 
2422	60 
2423	8 
2424	34 
2425	33 
2426	78 
2427	6 
2428	76 
2429	3 
2430	65 
2431	20 
2432	6 
2433	74 
2434	2 
2435	10 
2436	92 
2437	86 
2438	44 
2439	17 
2440	87 
2441	46 
2442	7 
2443	73 
2444	78 
2445	83 
2446	82 
2447	19 
2448	10 
2449	83 
2450	44 
2451	50 
2452	72 
2453	13 
2454	75 
2455	88 
2456	88 
2457	4 
2458	63 
2459	79 
2460	3 
2461	75 
2462	24 
2463	79 
2464	28 
2465	77 
2466	79 
2467	79 
2468	49 
2469	67 
2470	20 
2471	10 
2472	17 
2473	57 
2474	86 
2475	4 
2476	21 
2477	74 
2478	13 
2479	55 
2480	57 
2481	95 
2482	90 
2483	94 
2484	94 
2485	38 
2486	73 
2487	22 
2488	25 
2489	95 
2490	33 
2491	78 
2492	17 
2493	55 
2494	29 
2495	75 
2496	10 
2497	70 
2498	68 
2499	68 
2500	45 
2501	76 
2502	68 
2503	27 
2504	24 
2505	8 
2506	71 
2507	74 
2508	58 
2509	40 
2510	32 
2511	82 
2512	18 
2513	34 
2514	17 
2515	55 
2516	6 
2517	73 
2518	47 
2519	36 
2520	19 
2521	57 
2522	61 
2523	34 
2524	73 
2525	17 
2526	23 
2527	14 
2528	68 
2529	9 
2530	47 
2531	18 
2532	31 
2533	3 
2534	62 
2535	94 
2536	67 
2537	73 
2538	61 
2539	33 
2540	71 
2541	94 
2542	67 
2543	39 
2544	76 
2545	12 
2546	76 
2547	82 
2548	69 
2549	34 
2550	45 
2551	33 
2552	65 
2553	5 
2554	58 
2555	94 
2556	57 
2557	56 
2558	93 
2559	8 
2560	1 
2561	47 
2562	6 
2563	30 
2564	72 
2565	76 
2566	33 
2567	13 
2568	48 
2569	12 
2570	46 
2571	29 
2572	51 
2573	82 
2574	59 
2575	77 
2576	21 
2577	26 
2578	63 
2579	32 
2580	6 
2581	29 
2582	24 
2583	26 
2584	83 
2585	58 
2586	85 
2587	10 
2588	20 
2589	43 
2590	69 
2591	95 
2592	46 
2593	68 
2594	50 
2595	58 
2596	41 
2597	91 
2598	96 
2599	80 
2600	83 
2601	7 
2602	45 
2603	94 
2604	55 
2605	90 
2606	10 
2607	73 
2608	62 
2609	24 
2610	7 
2611	38 
2612	9 
2613	8 
2614	54 
2615	15 
2616	49 
2617	24 
2618	74 
2619	80 
2620	94 
2621	67 
2622	94 
2623	41 
2624	48 
2625	20 
2626	19 
2627	28 
2628	5 
2629	21 
2630	43 
2631	63 
2632	23 
2633	2 
2634	64 
2635	74 
2636	38 
2637	42 
2638	47 
2639	94 
2640	84 
2641	39 
2642	76 
2643	33 
2644	24 
2645	66 
2646	44 
2647	45 
2648	86 
2649	46 
2650	26 
2651	86 
2652	5 
2653	18 
2654	10 
2655	15 
2656	60 
2657	54 
2658	63 
2659	23 
2660	17 
2661	2 
2662	8 
2663	10 
2664	81 
2665	28 
2666	32 
2667	39 
2668	80 
2669	83 
2670	34 
2671	41 
2672	20 
2673	52 
2674	52 
2675	70 
2676	13 
2677	52 
2678	60 
2679	55 
2680	70 
2681	2 
2682	33 
2683	20 
2684	64 
2685	61 
2686	24 
2687	85 
2688	9 
2689	63 
2690	19 
2691	56 
2692	81 
2693	6 
2694	85 
2695	41 
2696	20 
2697	51 
2698	55 
2699	88 
2700	55 
2701	31 
2702	1 
2703	56 
2704	26 
2705	6 
2706	24 
2707	95 
2708	72 
2709	63 
2710	74 
2711	9 
2712	92 
2713	83 
2714	6 
2715	33 
2716	34 
2717	65 
2718	19 
2719	65 
2720	70 
2721	24 
2722	73 
2723	31 
2724	13 
2725	34 
2726	41 
2727	16 
2728	20 
2729	4 
2730	85 
2731	12 
2732	95 
2733	94 
2734	45 
2735	65 
2736	40 
2737	69 
2738	65 
2739	78 
2740	76 
2741	42 
2742	51 
2743	91 
2744	89 
2745	30 
2746	43 
2747	82 
2748	38 
2749	26 
2750	11 
2751	28 
2752	33 
2753	52 
2754	52 
2755	35 
2756	88 
2757	41 
2758	95 
2759	17 
2760	1 
2761	94 
2762	62 
2763	93 
2764	37 
2765	44 
2766	14 
2767	79 
2768	34 
2769	10 
2770	21 
2771	68 
2772	51 
2773	64 
2774	79 
2775	70 
2776	94 
2777	34 
2778	49 
2779	95 
2780	61 
2781	45 
2782	39 
2783	6 
2784	33 
2785	13 
2786	69 
2787	46 
2788	82 
2789	76 
2790	85 
2791	7 
2792	85 
2793	17 
2794	63 
2795	8 
2796	51 
2797	10 
2798	65 
2799	35 
2800	14 
2801	30 
2802	51 
2803	62 
2804	28 
2805	61 
2806	88 
2807	44 
2808	13 
2809	43 
2810	52 
2811	40 
2812	13 
2813	79 
2814	66 
2815	8 
2816	67 
2817	30 
2818	57 
2819	43 
2820	28 
2821	34 
2822	19 
2823	84 
2824	48 
2825	95 
2826	24 
2827	49 
2828	22 
2829	58 
2830	5 
2831	26 
2832	72 
2833	44 
2834	80 
2835	76 
2836	56 
2837	36 
2838	37 
2839	28 
2840	54 
2841	74 
2842	79 
2843	31 
2844	8 
2845	34 
2846	73 
2847	89 
2848	26 
2849	47 
2850	93 
2851	96 
2852	82 
2853	72 
2854	39 
2855	28 
2856	57 
2857	20 
2858	13 
2859	89 
2860	13 
2861	90 
2862	35 
2863	57 
2864	61 
2865	10 
2866	79 
2867	63 
2868	18 
2869	13 
2870	88 
2871	54 
2872	45 
2873	34 
2874	68 
2875	61 
2876	81 
2877	18 
2878	33 
2879	22 
2880	84 
2881	82 
2882	79 
2883	82 
2884	54 
2885	55 
2886	3 
2887	41 
2888	95 
2889	13 
2890	86 
2891	51 
2892	34 
2893	32 
2894	1 
2895	83 
2896	93 
2897	73 
2898	13 
2899	20 
2900	66 
2901	25 
2902	2 
2903	34 
2904	9 
2905	79 
2906	26 
2907	18 
2908	51 
2909	34 
2910	70 
2911	42 
2912	14 
2913	7 
2914	65 
2915	44 
2916	35 
2917	88 
2918	58 
2919	65 
2920	44 
2921	65 
2922	4 
2923	29 
2924	73 
2925	58 
2926	78 
2927	79 
2928	67 
2929	76 
2930	79 
2931	46 
2932	58 
2933	4 
2934	71 
2935	94 
2936	42 
2937	33 
2938	57 
2939	92 
2940	96 
2941	71 
2942	38 
2943	80 
2944	39 
2945	95 
2946	7 
2947	80 
2948	40 
2949	95 
2950	95 
2951	40 
2952	52 
2953	95 
2954	65 
2955	54 
2956	68 
2957	72 
2958	39 
2959	10 
2960	71 
2961	90 
2962	28 
2963	13 
2964	79 
2965	67 
2966	4 
2967	47 
2968	57 
2969	41 
2970	88 
2971	52 
2972	93 
2973	19 
2974	78 
2975	26 
2976	14 
2977	83 
2978	79 
2979	76 
2980	26 
2981	88 
2982	45 
2983	17 
2984	95 
2985	26 
2986	45 
2987	79 
2988	7 
2989	8 
2990	51 
2991	19 
2992	51 
2993	41 
2994	57 
2995	70 
2996	62 
2997	21 
2998	17 
2999	41 
3000	14 
3001	73 
3002	29 
3003	32 
3004	22 
3005	69 
3006	29 
3007	13 
3008	21 
3009	54 
3010	57 
3011	48 
3012	52 
3013	89 
3014	60 
3015	7 
3016	9 
3017	73 
3018	73 
3019	19 
3020	8 
3021	92 
3022	30 
3023	10 
3024	65 
3025	82 
3026	61 
3027	6 
3028	34 
3029	21 
3030	25 
3031	56 
3032	79 
3033	73 
3034	53 
3035	87 
3036	72 
3037	96 
3038	39 
3039	95 
3040	65 
3041	36 
3042	22 
3043	78 
3044	82 
3045	4 
3046	25 
3047	12 
3048	94 
3049	44 
3050	38 
3051	67 
3052	68 
3053	8 
3054	45 
3055	29 
3056	59 
3057	17 
3058	87 
3059	46 
3060	34 
3061	32 
3062	40 
3063	31 
3064	77 
3065	14 
3066	84 
3067	52 
3068	93 
3069	72 
3070	58 
3071	71 
3072	6 
3073	23 
3074	38 
3075	34 
3076	57 
3077	88 
3078	12 
3079	47 
3080	68 
3081	94 
3082	35 
3083	33 
3084	47 
3085	94 
3086	41 
3087	13 
3088	52 
3089	47 
3090	95 
3091	52 
3092	6 
3093	8 
3094	51 
3095	71 
3096	63 
3097	94 
3098	52 
3099	6 
3100	33 
3101	12 
3102	14 
3103	10 
3104	33 
3105	66 
3106	13 
3107	32 
3108	95 
3109	33 
3110	15 
3111	10 
3112	61 
3113	12 
3114	92 
3115	73 
3116	26 
3117	48 
3118	24 
3119	21 
3120	53 
3121	83 
3122	48 
3123	76 
3124	6 
3125	3 
3126	73 
3127	24 
3128	69 
3129	40 
3130	70 
3131	46 
3132	93 
3133	8 
3134	74 
3135	34 
3136	68 
3137	75 
3138	40 
3139	40 
3140	65 
3141	94 
3142	54 
3143	56 
3144	71 
3145	10 
3146	44 
3147	57 
3148	77 
3149	41 
3150	82 
3151	64 
3152	24 
3153	85 
3154	16 
3155	51 
3156	30 
3157	39 
3158	24 
3159	87 
3160	28 
3161	52 
3162	43 
3163	71 
3164	33 
3165	3 
3166	24 
3167	10 
3168	89 
3169	53 
3170	19 
3171	54 
3172	11 
3173	29 
3174	54 
3175	18 
3176	90 
3177	61 
3178	86 
3179	26 
3180	37 
3181	29 
3182	59 
3183	25 
3184	71 
3185	71 
3186	79 
3187	43 
3188	42 
3189	28 
3190	24 
3191	88 
3192	27 
3193	95 
3194	53 
3195	82 
3196	41 
3197	59 
3198	26 
3199	16 
3200	54 
3201	92 
3202	82 
3203	76 
3204	20 
3205	56 
3206	20 
3207	49 
3208	61 
3209	36 
3210	31 
3211	35 
3212	57 
3213	17 
3214	34 
3215	29 
3216	7 
3217	41 
3218	1 
3219	76 
3220	26 
3221	43 
3222	33 
3223	10 
3224	80 
3225	41 
3226	23 
3227	43 
3228	13 
3229	84 
3230	87 
3231	8 
3232	80 
3233	58 
3234	7 
3235	28 
3236	8 
3237	14 
3238	68 
3239	24 
3240	82 
3241	18 
3242	36 
3243	65 
3244	62 
3245	79 
3246	10 
3247	88 
3248	94 
3249	7 
3250	51 
3251	63 
3252	85 
3253	69 
3254	10 
3255	91 
3256	79 
3257	57 
3258	2 
3259	92 
3260	56 
3261	20 
3262	35 
3263	44 
3264	54 
3265	41 
3266	81 
3267	51 
3268	85 
3269	78 
3270	33 
3271	89 
3272	20 
3273	29 
3274	8 
3275	69 
3276	61 
3277	44 
3278	67 
3279	79 
3280	25 
3281	38 
3282	39 
3283	61 
3284	22 
3285	82 
3286	74 
3287	14 
3288	70 
3289	17 
3290	20 
3291	65 
3292	21 
3293	28 
3294	18 
3295	42 
3296	76 
3297	79 
3298	76 
3299	94 
3300	46 
3301	10 
3302	55 
3303	31 
3304	33 
3305	51 
3306	47 
3307	73 
3308	14 
3309	26 
3310	82 
3311	6 
3312	94 
3313	95 
3314	21 
3315	35 
3316	88 
3317	7 
3318	5 
3319	24 
3320	11 
3321	13 
3322	93 
3323	33 
3324	35 
3325	20 
3326	21 
3327	19 
3328	15 
3329	68 
3330	34 
3331	94 
3332	95 
3333	72 
3334	26 
3335	47 
3336	57 
3337	26 
3338	87 
3339	20 
3340	57 
3341	58 
3342	28 
3343	54 
3344	14 
3345	94 
3346	71 
3347	28 
3348	18 
3349	12 
3350	50 
3351	21 
3352	7 
3353	35 
3354	62 
3355	73 
3356	21 
3357	22 
3358	45 
3359	85 
3360	34 
3361	18 
3362	2 
3363	57 
3364	24 
3365	69 
3366	33 
3367	60 
3368	71 
3369	1 
3370	45 
3371	5 
3372	15 
3373	25 
3374	2 
3375	79 
3376	68 
3377	30 
3378	56 
3379	2 
3380	4 
3381	92 
3382	25 
3383	58 
3384	85 
3385	63 
3386	37 
3387	71 
3388	50 
3389	28 
3390	89 
3391	77 
3392	21 
3393	73 
3394	36 
3395	34 
3396	21 
3397	48 
3398	80 
3399	38 
3400	52 
3401	58 
3402	33 
3403	26 
3404	11 
3405	20 
3406	79 
3407	50 
3408	82 
3409	44 
3410	30 
3411	39 
3412	17 
3413	39 
3414	24 
3415	4 
3416	19 
3417	41 
3418	45 
3419	76 
3420	26 
3421	59 
3422	95 
3423	11 
3424	18 
3425	43 
3426	10 
3427	2 
3428	71 
3429	40 
3430	52 
3431	63 
3432	94 
3433	10 
3434	48 
3435	75 
3436	43 
3437	39 
3438	22 
3439	48 
3440	65 
3441	80 
3442	33 
3443	61 
3444	58 
3445	38 
3446	65 
3447	30 
3448	64 
3449	26 
3450	79 
3451	63 
3452	28 
3453	33 
3454	66 
3455	96 
3456	96 
3457	43 
3458	54 
3459	20 
3460	27 
3461	58 
3462	76 
3463	75 
3464	79 
3465	26 
3466	57 
3467	87 
3468	73 
3469	55 
3470	75 
3471	76 
3472	87 
3473	61 
3474	88 
3475	96 
3476	44 
3477	17 
3478	51 
3479	86 
3480	67 
3481	51 
3482	4 
3483	9 
3484	19 
3485	19 
3486	33 
3487	4 
3488	63 
3489	1 
3490	27 
3491	2 
3492	34 
3493	43 
3494	45 
3495	1 
3496	43 
3497	11 
3498	71 
3499	86 
3500	69 
3501	43 
3502	10 
3503	95 
3504	71 
3505	10 
3506	81 
3507	47 
3508	81 
3509	78 
3510	78 
3511	57 
3512	96 
3513	6 
3514	74 
3515	6 
3516	13 
3517	29 
3518	57 
3519	6 
3520	75 
3521	19 
3522	16 
3523	22 
3524	82 
3525	85 
3526	47 
3527	68 
3528	40 
3529	93 
3530	46 
3531	27 
3532	13 
3533	49 
3534	34 
3535	11 
3536	69 
3537	87 
3538	37 
3539	51 
3540	57 
3541	90 
3542	61 
3543	58 
3544	13 
3545	93 
3546	74 
3547	90 
3548	66 
3549	22 
3550	86 
3551	89 
3552	37 
3553	30 
3554	70 
3555	94 
3556	34 
3557	57 
3558	24 
3559	51 
3560	43 
3561	52 
3562	63 
3563	40 
3564	34 
3565	56 
3566	73 
3567	30 
3568	58 
3569	39 
3570	73 
3571	76 
3572	45 
3573	73 
3574	85 
3575	54 
3576	81 
3577	25 
3578	29 
3579	79 
3580	95 
3581	45 
3582	8 
3583	71 
3584	27 
3585	37 
3586	57 
3587	43 
3588	57 
3589	63 
3590	16 
3591	26 
3592	8 
3593	34 
3594	43 
3595	9 
3596	13 
3597	51 
3598	85 
3599	94 
3600	89 
3601	48 
3602	44 
3603	85 
3604	74 
3605	34 
3606	37 
3607	18 
3608	39 
3609	55 
3610	43 
3611	14 
3612	54 
3613	27 
3614	46 
3615	57 
3616	32 
3617	55 
3618	77 
3619	13 
3620	4 
3621	9 
3622	67 
3623	77 
3624	58 
3625	67 
3626	94 
3627	31 
3628	33 
3629	71 
3630	72 
3631	92 
3632	39 
3633	53 
3634	81 
3635	20 
3636	74 
3637	89 
3638	57 
3639	63 
3640	27 
3641	28 
3642	91 
3643	62 
3644	63 
3645	6 
3646	35 
3647	76 
3648	54 
3649	89 
3650	73 
3651	13 
3652	61 
3653	26 
3654	17 
3655	19 
3656	51 
3657	61 
3658	95 
3659	89 
3660	28 
3661	22 
3662	66 
3663	51 
3664	10 
3665	80 
3666	9 
3667	75 
3668	81 
3669	71 
3670	33 
3671	53 
3672	39 
3673	31 
3674	8 
3675	48 
3676	20 
3677	67 
3678	17 
3679	42 
3680	83 
3681	7 
3682	24 
3683	83 
3684	28 
3685	54 
3686	66 
3687	9 
3688	94 
3689	28 
3690	15 
3691	6 
3692	17 
3693	37 
3694	41 
3695	36 
3696	65 
3697	88 
3698	45 
3699	82 
3700	41 
3701	22 
3702	95 
3703	45 
3704	52 
3705	13 
3706	82 
3707	13 
3708	86 
3709	59 
3710	79 
3711	75 
3712	24 
3713	8 
3714	68 
3715	14 
3716	14 
3717	54 
3718	69 
3719	69 
3720	65 
3721	23 
3722	89 
3723	92 
3724	57 
3725	18 
3726	68 
3727	15 
3728	18 
3729	79 
3730	67 
3731	76 
3732	68 
3733	70 
3734	65 
3735	82 
3736	65 
3737	57 
3738	75 
3739	65 
3740	14 
3741	93 
3742	20 
3743	19 
3744	66 
3745	51 
3746	17 
3747	85 
3748	47 
3749	19 
3750	72 
3751	2 
3752	95 
3753	39 
3754	71 
3755	33 
3756	2 
3757	28 
3758	69 
3759	36 
3760	1 
3761	65 
3762	94 
3763	94 
3764	77 
3765	3 
3766	81 
3767	90 
3768	22 
3769	30 
3770	45 
3771	33 
3772	36 
3773	63 
3774	47 
3775	4 
3776	65 
3777	4 
3778	94 
3779	4 
3780	78 
3781	73 
3782	34 
3783	43 
3784	27 
3785	49 
3786	7 
3787	70 
3788	91 
3789	91 
3790	35 
3791	79 
3792	22 
3793	15 
3794	19 
3795	19 
3796	88 
3797	49 
3798	18 
3799	44 
3800	40 
3801	28 
3802	5 
3803	79 
3804	51 
3805	43 
3806	26 
3807	52 
3808	27 
3809	75 
3810	78 
3811	73 
3812	68 
3813	42 
3814	57 
3815	13 
3816	64 
3817	46 
3818	68 
3819	14 
3820	24 
3821	45 
3822	89 
3823	66 
3824	8 
3825	75 
3826	52 
3827	70 
3828	55 
3829	96 
3830	2 
3831	8 
3832	75 
3833	31 
3834	47 
3835	19 
3836	82 
3837	11 
3838	63 
3839	72 
3840	45 
3841	95 
3842	73 
3843	73 
3844	92 
3845	65 
3846	20 
3847	3 
3848	76 
3849	89 
3850	19 
3851	65 
3852	40 
3853	82 
3854	89 
3855	12 
3856	15 
3857	35 
3858	63 
3859	53 
3860	88 
3861	45 
3862	49 
3863	33 
3864	34 
3865	68 
3866	66 
3867	28 
3868	13 
3869	31 
3870	44 
3871	76 
3872	83 
3873	30 
3874	82 
3875	65 
3876	67 
3877	57 
3878	32 
3879	76 
3880	36 
3881	94 
3882	24 
3883	57 
3884	69 
3885	45 
3886	47 
3887	14 
3888	8 
3889	50 
3890	35 
3891	70 
3892	88 
3893	24 
3894	68 
3895	17 
3896	81 
3897	70 
3898	44 
3899	37 
3900	83 
3901	24 
3902	67 
3903	95 
3904	77 
3905	61 
3906	33 
3907	60 
3908	2 
3909	6 
3910	95 
3911	37 
3912	82 
3913	76 
3914	76 
3915	10 
3916	10 
3917	10 
3918	69 
3919	65 
3920	1 
3921	47 
3922	92 
3923	1 
3924	75 
3925	30 
3926	24 
3927	82 
3928	31 
3929	45 
3930	81 
3931	76 
3932	4 
3933	62 
3934	42 
3935	8 
3936	63 
3937	19 
3938	59 
3939	24 
3940	81 
3941	77 
3942	61 
3943	57 
3944	93 
3945	48 
3946	58 
3947	8 
3948	79 
3949	24 
3950	26 
3951	22 
3952	59 
3953	67 
3954	51 
3955	79 
3956	87 
3957	45 
3958	83 
3959	39 
3960	81 
3961	79 
3962	29 
3963	55 
3964	51 
3965	73 
3966	64 
3967	14 
3968	48 
3969	52 
3970	54 
3971	8 
3972	54 
3973	6 
3974	76 
3975	88 
3976	61 
3977	24 
3978	42 
3979	45 
3980	14 
3981	34 
3982	71 
3983	55 
3984	21 
3985	63 
3986	29 
3987	82 
3988	63 
3989	68 
3990	73 
3991	74 
3992	30 
3993	2 
3994	89 
3995	15 
3996	73 
3997	67 
3998	83 
3999	83 
4000	94 
4001	57 
4002	83 
4003	73 
4004	93 
4005	90 
4006	65 
4007	73 
4008	71 
4009	79 
4010	3 
4011	68 
4012	71 
4013	28 
4014	16 
4015	57 
4016	42 
4017	22 
4018	29 
4019	57 
4020	83 
4021	47 
4022	80 
4023	15 
4024	13 
4025	57 
4026	47 
4027	33 
4028	3 
4029	88 
4030	83 
4031	77 
4032	15 
4033	82 
4034	16 
4035	66 
4036	55 
4037	58 
4038	51 
4039	26 
4040	32 
4041	63 
4042	20 
4043	45 
4044	55 
4045	6 
4046	19 
4047	71 
4048	39 
4049	69 
4050	52 
4051	9 
4052	14 
4053	92 
4054	10 
4055	34 
4056	27 
4057	71 
4058	76 
4059	18 
4060	14 
4061	28 
4062	52 
4063	19 
4064	20 
4065	91 
4066	94 
4067	5 
4068	20 
4069	56 
4070	70 
4071	76 
4072	90 
4073	43 
4074	22 
4075	59 
4076	24 
4077	13 
4078	9 
4079	46 
4080	16 
4081	70 
4082	53 
4083	69 
4084	69 
4085	65 
4086	73 
4087	94 
4088	93 
4089	34 
4090	55 
4091	46 
4092	24 
4093	20 
4094	44 
4095	76 
4096	94 
4097	29 
4098	22 
4099	19 
4100	48 
4101	20 
4102	73 
4103	78 
4104	35 
4105	84 
4106	9 
4107	9 
4108	60 
4109	27 
4110	17 
4111	60 
4112	52 
4113	4 
4114	88 
4115	64 
4116	10 
4117	76 
4118	46 
4119	83 
4120	35 
4121	34 
4122	93 
4123	92 
4124	65 
4125	26 
4126	56 
4127	70 
4128	79 
4129	72 
4130	76 
4131	7 
4132	71 
4133	34 
4134	53 
4135	9 
4136	2 
4137	83 
4138	88 
4139	48 
4140	59 
4141	79 
4142	75 
4143	18 
4144	43 
4145	43 
4146	20 
4147	68 
4148	40 
4149	76 
4150	47 
4151	9 
4152	68 
4153	26 
4154	96 
4155	51 
4156	16 
4157	57 
4158	83 
4159	61 
4160	19 
4161	20 
4162	39 
4163	45 
4164	10 
4165	52 
4166	2 
4167	68 
4168	54 
4169	82 
4170	20 
4171	13 
4172	80 
4173	51 
4174	13 
4175	24 
4176	51 
4177	88 
4178	46 
4179	8 
4180	38 
4181	75 
4182	18 
4183	71 
4184	31 
4185	7 
4186	65 
4187	44 
4188	10 
4189	85 
4190	17 
4191	52 
4192	71 
4193	19 
4194	45 
4195	46 
4196	31 
4197	25 
4198	10 
4199	76 
4200	56 
4201	55 
4202	8 
4203	65 
4204	56 
4205	90 
4206	46 
4207	15 
4208	82 
4209	33 
4210	82 
4211	3 
4212	10 
4213	72 
4214	81 
4215	30 
4216	67 
4217	71 
4218	88 
4219	65 
4220	54 
4221	88 
4222	19 
4223	90 
4224	34 
4225	82 
4226	18 
4227	40 
4228	78 
4229	70 
4230	19 
4231	62 
4232	68 
4233	88 
4234	75 
4235	57 
4236	46 
4237	71 
4238	1 
4239	26 
4240	69 
4241	52 
4242	8 
4243	13 
4244	88 
4245	76 
4246	62 
4247	8 
4248	13 
4249	95 
4250	61 
4251	94 
4252	63 
4253	26 
4254	68 
4255	14 
4256	32 
4257	45 
4258	84 
4259	93 
4260	51 
4261	95 
4262	88 
4263	55 
4264	95 
4265	8 
4266	45 
4267	35 
4268	75 
4269	7 
4270	39 
4271	73 
4272	10 
4273	15 
4274	92 
4275	45 
4276	57 
4277	75 
4278	28 
4279	77 
4280	23 
4281	78 
4282	68 
4283	59 
4284	8 
4285	39 
4286	72 
4287	10 
4288	81 
4289	54 
4290	20 
4291	54 
4292	24 
4293	24 
4294	59 
4295	11 
4296	42 
4297	96 
4298	10 
4299	25 
4300	66 
4301	43 
4302	57 
4303	74 
4304	45 
4305	24 
4306	22 
4307	79 
4308	31 
4309	90 
4310	46 
4311	56 
4312	40 
4313	64 
4314	35 
4315	25 
4316	33 
4317	71 
4318	25 
4319	8 
4320	79 
4321	27 
4322	63 
4323	57 
4324	82 
4325	74 
4326	70 
4327	26 
4328	94 
4329	59 
4330	44 
4331	76 
4332	2 
4333	24 
4334	64 
4335	63 
4336	26 
4337	35 
4338	63 
4339	95 
4340	21 
4341	75 
4342	96 
4343	20 
4344	33 
4345	6 
4346	80 
4347	84 
4348	6 
4349	28 
4350	32 
4351	73 
4352	55 
4353	20 
4354	68 
4355	3 
4356	66 
4357	35 
4358	29 
4359	34 
4360	30 
4361	33 
4362	13 
4363	51 
4364	51 
4365	81 
4366	51 
4367	74 
4368	49 
4369	14 
4370	56 
4371	6 
4372	3 
4373	24 
4374	22 
4375	76 
4376	88 
4377	57 
4378	14 
4379	41 
4380	58 
4381	26 
4382	38 
4383	61 
4384	41 
4385	90 
4386	83 
4387	51 
4388	54 
4389	70 
4390	52 
4391	47 
4392	19 
4393	45 
4394	96 
4395	42 
4396	84 
4397	73 
4398	31 
4399	21 
4400	87 
4401	78 
4402	54 
4403	34 
4404	96 
4405	24 
4406	17 
4407	54 
4408	8 
4409	52 
4410	51 
4411	79 
4412	60 
4413	77 
4414	76 
4415	13 
4416	6 
4417	39 
4418	57 
4419	93 
4420	57 
4421	28 
4422	50 
4423	6 
4424	63 
4425	66 
4426	10 
4427	20 
4428	32 
4429	21 
4430	35 
4431	68 
4432	10 
4433	19 
4434	36 
4435	94 
4436	20 
4437	79 
4438	74 
4439	10 
4440	55 
4441	10 
4442	85 
4443	13 
4444	39 
4445	15 
4446	68 
4447	93 
4448	31 
4449	85 
4450	16 
4451	78 
4452	27 
4453	96 
4454	38 
4455	2 
4456	20 
4457	54 
4458	20 
4459	8 
4460	51 
4461	58 
4462	16 
4463	6 
4464	84 
4465	26 
4466	57 
4467	47 
4468	14 
4469	56 
4470	31 
4471	84 
4472	13 
4473	75 
4474	40 
4475	79 
4476	77 
4477	33 
4478	4 
4479	96 
4480	9 
4481	8 
4482	41 
4483	33 
4484	56 
4485	54 
4486	33 
4487	8 
4488	65 
4489	51 
4490	9 
4491	94 
4492	36 
4493	20 
4494	20 
4495	73 
4496	63 
4497	75 
4498	24 
4499	53 
4500	3 
4501	43 
4502	28 
4503	3 
4504	18 
4505	54 
4506	37 
4507	69 
4508	3 
4509	82 
4510	44 
4511	23 
4512	87 
4513	10 
4514	81 
4515	71 
4516	40 
4517	61 
4518	80 
4519	32 
4520	7 
4521	28 
4522	43 
4523	48 
4524	52 
4525	20 
4526	33 
4527	21 
4528	77 
4529	26 
4530	67 
4531	11 
4532	7 
4533	67 
4534	47 
4535	14 
4536	54 
4537	13 
4538	2 
4539	33 
4540	32 
4541	81 
4542	46 
4543	84 
4544	68 
4545	21 
4546	80 
4547	3 
4548	95 
4549	40 
4550	61 
4551	65 
4552	90 
4553	24 
4554	63 
4555	33 
4556	19 
4557	84 
4558	48 
4559	88 
4560	94 
4561	20 
4562	39 
4563	53 
4564	44 
4565	20 
4566	13 
4567	76 
4568	22 
4569	34 
4570	95 
4571	76 
4572	56 
4573	63 
4574	6 
4575	30 
4576	3 
4577	59 
4578	25 
4579	65 
4580	37 
4581	27 
4582	31 
4583	66 
4584	21 
4585	33 
4586	36 
4587	22 
4588	72 
4589	40 
4590	20 
4591	81 
4592	44 
4593	79 
4594	44 
4595	34 
4596	57 
4597	96 
4598	49 
4599	62 
4600	71 
4601	60 
4602	73 
4603	82 
4604	79 
4605	80 
4606	49 
4607	57 
4608	95 
4609	26 
4610	14 
4611	29 
4612	95 
4613	15 
4614	92 
4615	29 
4616	54 
4617	48 
4618	47 
4619	54 
4620	79 
4621	82 
4622	94 
4623	73 
4624	59 
4625	59 
4626	62 
4627	79 
4628	41 
4629	84 
4630	63 
4631	25 
4632	29 
4633	19 
4634	71 
4635	68 
4636	32 
4637	78 
4638	73 
4639	60 
4640	58 
4641	13 
4642	89 
4643	15 
4644	51 
4645	26 
4646	63 
4647	76 
4648	93 
4649	33 
4650	46 
4651	28 
4652	39 
4653	20 
4654	19 
4655	68 
4656	40 
4657	69 
4658	95 
4659	63 
4660	95 
4661	3 
4662	82 
4663	44 
4664	85 
4665	79 
4666	39 
4667	47 
4668	10 
4669	87 
4670	40 
4671	13 
4672	73 
4673	28 
4674	64 
4675	80 
4676	34 
4677	76 
4678	28 
4679	13 
4680	40 
4681	57 
4682	44 
4683	79 
4684	87 
4685	96 
4686	71 
4687	38 
4688	61 
4689	54 
4690	44 
4691	63 
4692	20 
4693	80 
4694	55 
4695	57 
4696	35 
4697	37 
4698	8 
4699	88 
4700	43 
4701	20 
4702	64 
4703	34 
4704	81 
4705	45 
4706	83 
4707	21 
4708	21 
4709	54 
4710	65 
4711	38 
4712	2 
4713	73 
4714	95 
4715	30 
4716	47 
4717	26 
4718	85 
4719	76 
4720	84 
4721	77 
4722	8 
4723	68 
4724	45 
4725	80 
4726	54 
4727	77 
4728	4 
4729	81 
4730	28 
4731	86 
4732	66 
4733	24 
4734	83 
4735	69 
4736	59 
4737	63 
4738	65 
4739	45 
4740	96 
4741	38 
4742	55 
4743	58 
4744	96 
4745	74 
4746	8 
4747	19 
4748	10 
4749	60 
4750	35 
4751	56 
4752	20 
4753	69 
4754	29 
4755	92 
4756	68 
4757	75 
4758	81 
4759	65 
4760	90 
4761	55 
4762	63 
4763	95 
4764	79 
4765	34 
4766	94 
4767	44 
4768	45 
4769	51 
4770	76 
4771	71 
4772	77 
4773	78 
4774	47 
4775	24 
4776	63 
4777	45 
4778	65 
4779	63 
4780	51 
4781	87 
4782	85 
4783	35 
4784	90 
4785	43 
4786	7 
4787	84 
4788	15 
4789	14 
4790	3 
4791	66 
4792	19 
4793	63 
4794	26 
4795	44 
4796	71 
4797	51 
4798	72 
4799	43 
4800	61 
4801	94 
4802	10 
4803	77 
4804	20 
4805	28 
4806	31 
4807	7 
4808	51 
4809	33 
4810	2 
4811	89 
4812	62 
4813	41 
4814	27 
4815	21 
4816	69 
4817	64 
4818	46 
4819	21 
4820	73 
4821	59 
4822	13 
4823	55 
4824	45 
4825	63 
4826	59 
4827	40 
4828	70 
4829	51 
4830	70 
4831	70 
4832	26 
4833	20 
4834	76 
4835	65 
4836	76 
4837	67 
4838	77 
4839	17 
4840	51 
4841	85 
4842	77 
4843	48 
4844	73 
4845	8 
4846	27 
4847	81 
4848	79 
4849	35 
4850	28 
4851	87 
4852	77 
4853	65 
4854	89 
4855	51 
4856	94 
4857	51 
4858	71 
4859	24 
4860	79 
4861	9 
4862	44 
4863	75 
4864	65 
4865	74 
4866	32 
4867	79 
4868	95 
4869	26 
4870	94 
4871	83 
4872	63 
4873	85 
4874	24 
4875	52 
4876	41 
4877	65 
4878	51 
4879	61 
4880	77 
4881	71 
4882	41 
4883	88 
4884	21 
4885	55 
4886	21 
4887	61 
4888	58 
4889	13 
4890	14 
4891	13 
4892	29 
4893	32 
4894	71 
4895	44 
4896	95 
4897	90 
4898	94 
4899	45 
4900	45 
4901	6 
4902	6 
4903	52 
4904	81 
4905	34 
4906	54 
4907	57 
4908	34 
4909	51 
4910	8 
4911	14 
4912	31 
4913	21 
4914	54 
4915	46 
4916	94 
4917	90 
4918	13 
4919	67 
4920	26 
4921	21 
4922	51 
4923	89 
4924	46 
4925	26 
4926	19 
4927	34 
4928	14 
4929	33 
4930	31 
4931	93 
4932	54 
4933	19 
4934	17 
4935	14 
4936	67 
4937	33 
4938	28 
4939	67 
4940	65 
4941	13 
4942	63 
4943	95 
4944	61 
4945	26 
4946	28 
4947	94 
4948	68 
4949	35 
4950	43 
4951	52 
4952	93 
4953	34 
4954	17 
4955	65 
4956	26 
4957	26 
4958	13 
4959	13 
4960	81 
4961	51 
4962	24 
4963	17 
4964	28 
4965	94 
4966	94 
4967	13 
4968	27 
4969	63 
4970	10 
4971	34 
4972	57 
4973	55 
4974	57 
4975	27 
4976	52 
4977	94 
4978	94 
4979	76 
4980	67 
4981	81 
4982	21 
4983	67 
4984	44 
4985	6 
4986	13 
4987	6 
4988	61 
4989	63 
4990	76 
4991	43 
4992	8 
4993	85 
4994	55 
4995	21 
4996	57 
4997	55 
4998	76 
4999	68 
5000	88 
