1	40 
2	89 
3	26 
4	53 
5	8 
6	57 
7	47 
8	29 
9	95 
10	16 
11	70 
12	17 
13	73 
14	40 
15	49 
16	81 
17	66 
18	24 
19	78 
20	87 
21	73 
22	22 
23	101 
24	96 
25	22 
26	99 
27	81 
28	37 
29	43 
30	70 
31	85 
32	53 
33	87 
34	14 
35	41 
36	29 
37	91 
38	13 
39	32 
40	61 
41	65 
42	101 
43	10 
44	16 
45	13 
46	29 
47	64 
48	24 
49	11 
50	52 
51	30 
52	75 
53	31 
54	61 
55	67 
56	92 
57	3 
58	86 
59	53 
60	51 
61	61 
62	57 
63	79 
64	37 
65	45 
66	48 
67	97 
68	10 
69	68 
70	7 
71	53 
72	36 
73	59 
74	85 
75	86 
76	56 
77	57 
78	43 
79	6 
80	59 
81	16 
82	31 
83	68 
84	70 
85	45 
86	22 
87	58 
88	13 
89	24 
90	59 
91	63 
92	16 
93	101 
94	53 
95	66 
96	47 
97	11 
98	10 
99	26 
100	33 
101	53 
102	22 
103	37 
104	68 
105	1 
106	39 
107	14 
108	39 
109	81 
110	5 
111	65 
112	66 
113	26 
114	85 
115	16 
116	87 
117	31 
118	5 
119	3 
120	61 
121	45 
122	70 
123	100 
124	31 
125	29 
126	17 
127	41 
128	75 
129	53 
130	70 
131	66 
132	22 
133	53 
134	10 
135	75 
136	53 
137	41 
138	78 
139	95 
140	58 
141	90 
142	33 
143	78 
144	90 
145	19 
146	37 
147	13 
148	22 
149	17 
150	14 
151	49 
152	29 
153	30 
154	14 
155	77 
156	24 
157	74 
158	67 
159	89 
160	57 
161	95 
162	82 
163	97 
164	77 
165	55 
166	6 
167	31 
168	58 
169	14 
170	11 
171	49 
172	87 
173	36 
174	45 
175	29 
176	35 
177	19 
178	36 
179	22 
180	10 
181	74 
182	5 
183	98 
184	101 
185	5 
186	65 
187	96 
188	88 
189	83 
190	52 
191	37 
192	61 
193	56 
194	86 
195	9 
196	86 
197	86 
198	95 
199	96 
200	57 
201	89 
202	53 
203	32 
204	17 
205	100 
206	32 
207	52 
208	66 
209	100 
210	36 
211	6 
212	100 
213	78 
214	68 
215	17 
216	98 
217	6 
218	102 
219	56 
220	53 
221	83 
222	61 
223	21 
224	46 
225	26 
226	85 
227	32 
228	61 
229	64 
230	47 
231	101 
232	1 
233	40 
234	15 
235	14 
236	49 
237	24 
238	31 
239	36 
240	85 
241	33 
242	22 
243	85 
244	28 
245	21 
246	7 
247	49 
248	38 
249	87 
250	29 
251	101 
252	69 
253	51 
254	3 
255	68 
256	51 
257	65 
258	68 
259	23 
260	23 
261	89 
262	89 
263	59 
264	96 
265	5 
266	95 
267	35 
268	50 
269	49 
270	7 
271	100 
272	67 
273	32 
274	18 
275	13 
276	32 
277	94 
278	7 
279	52 
280	7 
281	16 
282	73 
283	37 
284	42 
285	32 
286	5 
287	70 
288	88 
289	77 
290	7 
291	70 
292	25 
293	60 
294	86 
295	32 
296	13 
297	102 
298	62 
299	23 
300	53 
301	91 
302	10 
303	46 
304	56 
305	31 
306	78 
307	85 
308	49 
309	31 
310	43 
311	97 
312	19 
313	23 
314	17 
315	60 
316	27 
317	85 
318	3 
319	29 
320	7 
321	17 
322	22 
323	31 
324	37 
325	53 
326	7 
327	77 
328	49 
329	44 
330	88 
331	70 
332	5 
333	69 
334	16 
335	36 
336	16 
337	91 
338	24 
339	79 
340	88 
341	77 
342	6 
343	26 
344	69 
345	57 
346	91 
347	3 
348	38 
349	27 
350	57 
351	7 
352	96 
353	76 
354	85 
355	68 
356	41 
357	62 
358	6 
359	54 
360	92 
361	59 
362	64 
363	72 
364	70 
365	57 
366	41 
367	4 
368	89 
369	32 
370	91 
371	13 
372	99 
373	13 
374	29 
375	16 
376	26 
377	52 
378	37 
379	13 
380	74 
381	68 
382	64 
383	9 
384	6 
385	22 
386	50 
387	41 
388	55 
389	15 
390	10 
391	98 
392	71 
393	58 
394	43 
395	48 
396	56 
397	52 
398	43 
399	5 
400	46 
401	3 
402	91 
403	35 
404	4 
405	29 
406	32 
407	45 
408	25 
409	4 
410	57 
411	58 
412	18 
413	5 
414	6 
415	35 
416	12 
417	29 
418	2 
419	49 
420	14 
421	2 
422	58 
423	50 
424	41 
425	55 
426	8 
427	43 
428	2 
429	77 
430	29 
431	45 
432	14 
433	31 
434	80 
435	54 
436	21 
437	89 
438	31 
439	96 
440	61 
441	15 
442	73 
443	42 
444	42 
445	36 
446	30 
447	34 
448	9 
449	89 
450	49 
451	47 
452	40 
453	32 
454	2 
455	17 
456	23 
457	87 
458	97 
459	101 
460	38 
461	89 
462	58 
463	79 
464	81 
465	81 
466	27 
467	89 
468	24 
469	41 
470	7 
471	41 
472	59 
473	13 
474	33 
475	59 
476	6 
477	3 
478	1 
479	55 
480	79 
481	61 
482	75 
483	10 
484	88 
485	44 
486	75 
487	85 
488	64 
489	82 
490	70 
491	30 
492	29 
493	24 
494	71 
495	91 
496	77 
497	75 
498	100 
499	16 
500	69 
501	2 
502	36 
503	31 
504	85 
505	89 
506	66 
507	101 
508	60 
509	31 
510	43 
511	63 
512	16 
513	74 
514	7 
515	57 
516	102 
517	75 
518	92 
519	102 
520	33 
521	86 
522	62 
523	23 
524	43 
525	61 
526	68 
527	59 
528	39 
529	78 
530	67 
531	31 
532	47 
533	16 
534	42 
535	19 
536	32 
537	45 
538	45 
539	39 
540	98 
541	48 
542	86 
543	102 
544	38 
545	33 
546	59 
547	83 
548	70 
549	35 
550	58 
551	58 
552	35 
553	22 
554	37 
555	91 
556	16 
557	29 
558	26 
559	90 
560	91 
561	20 
562	43 
563	3 
564	65 
565	85 
566	66 
567	67 
568	60 
569	72 
570	28 
571	32 
572	79 
573	65 
574	60 
575	28 
576	102 
577	24 
578	87 
579	6 
580	85 
581	5 
582	24 
583	97 
584	26 
585	49 
586	29 
587	89 
588	14 
589	16 
590	75 
591	67 
592	63 
593	48 
594	14 
595	89 
596	101 
597	24 
598	29 
599	65 
600	49 
601	52 
602	14 
603	5 
604	86 
605	67 
606	40 
607	96 
608	81 
609	97 
610	54 
611	33 
612	32 
613	72 
614	16 
615	24 
616	56 
617	79 
618	98 
619	20 
620	16 
621	91 
622	87 
623	18 
624	74 
625	26 
626	64 
627	24 
628	89 
629	66 
630	42 
631	89 
632	57 
633	61 
634	29 
635	7 
636	54 
637	79 
638	101 
639	86 
640	33 
641	47 
642	74 
643	52 
644	57 
645	26 
646	71 
647	75 
648	85 
649	2 
650	66 
651	85 
652	21 
653	6 
654	6 
655	87 
656	61 
657	2 
658	52 
659	70 
660	65 
661	2 
662	79 
663	16 
664	8 
665	30 
666	52 
667	57 
668	56 
669	14 
670	33 
671	96 
672	32 
673	64 
674	43 
675	29 
676	75 
677	22 
678	31 
679	45 
680	19 
681	55 
682	47 
683	5 
684	13 
685	62 
686	64 
687	67 
688	4 
689	1 
690	58 
691	18 
692	69 
693	65 
694	68 
695	61 
696	43 
697	75 
698	53 
699	85 
700	77 
701	52 
702	81 
703	86 
704	7 
705	35 
706	68 
707	24 
708	83 
709	37 
710	98 
711	100 
712	39 
713	40 
714	67 
715	34 
716	53 
717	70 
718	85 
719	7 
720	10 
721	40 
722	29 
723	13 
724	6 
725	58 
726	49 
727	44 
728	59 
729	67 
730	101 
731	26 
732	8 
733	89 
734	91 
735	5 
736	32 
737	19 
738	29 
739	86 
740	32 
741	80 
742	89 
743	53 
744	71 
745	5 
746	81 
747	53 
748	75 
749	66 
750	68 
751	7 
752	13 
753	60 
754	59 
755	14 
756	72 
757	87 
758	21 
759	2 
760	10 
761	24 
762	42 
763	23 
764	46 
765	98 
766	37 
767	49 
768	4 
769	82 
770	58 
771	37 
772	28 
773	2 
774	5 
775	72 
776	41 
777	93 
778	85 
779	16 
780	99 
781	91 
782	31 
783	53 
784	96 
785	10 
786	36 
787	47 
788	52 
789	30 
790	50 
791	56 
792	50 
793	34 
794	68 
795	59 
796	59 
797	41 
798	25 
799	32 
800	42 
801	10 
802	22 
803	85 
804	37 
805	32 
806	37 
807	86 
808	77 
809	91 
810	37 
811	26 
812	3 
813	32 
814	29 
815	58 
816	34 
817	82 
818	100 
819	61 
820	3 
821	58 
822	101 
823	47 
824	24 
825	61 
826	95 
827	61 
828	97 
829	17 
830	75 
831	60 
832	91 
833	69 
834	77 
835	102 
836	46 
837	42 
838	42 
839	58 
840	12 
841	58 
842	58 
843	74 
844	40 
845	57 
846	84 
847	34 
848	32 
849	1 
850	48 
851	22 
852	79 
853	86 
854	29 
855	43 
856	75 
857	4 
858	27 
859	35 
860	57 
861	59 
862	16 
863	22 
864	2 
865	91 
866	2 
867	13 
868	7 
869	52 
870	91 
871	67 
872	9 
873	10 
874	63 
875	14 
876	40 
877	42 
878	96 
879	45 
880	40 
881	25 
882	70 
883	67 
884	78 
885	25 
886	91 
887	13 
888	88 
889	56 
890	3 
891	94 
892	12 
893	12 
894	101 
895	6 
896	94 
897	45 
898	75 
899	76 
900	74 
901	89 
902	91 
903	2 
904	13 
905	100 
906	31 
907	85 
908	65 
909	76 
910	71 
911	61 
912	77 
913	22 
914	24 
915	61 
916	7 
917	94 
918	32 
919	52 
920	31 
921	87 
922	16 
923	68 
924	14 
925	45 
926	45 
927	45 
928	59 
929	89 
930	101 
931	1 
932	86 
933	7 
934	58 
935	96 
936	80 
937	32 
938	67 
939	13 
940	77 
941	26 
942	94 
943	59 
944	77 
945	33 
946	49 
947	14 
948	67 
949	57 
950	59 
951	67 
952	7 
953	78 
954	89 
955	45 
956	86 
957	13 
958	45 
959	97 
960	70 
961	76 
962	66 
963	86 
964	85 
965	37 
966	79 
967	29 
968	29 
969	58 
970	61 
971	78 
972	68 
973	11 
974	95 
975	91 
976	91 
977	63 
978	10 
979	102 
980	59 
981	77 
982	56 
983	81 
984	50 
985	66 
986	68 
987	5 
988	64 
989	86 
990	45 
991	49 
992	29 
993	68 
994	70 
995	87 
996	81 
997	86 
998	98 
999	89 
1000	36 
1001	89 
1002	44 
1003	22 
1004	7 
1005	54 
1006	29 
1007	53 
1008	85 
1009	14 
1010	74 
1011	30 
1012	10 
1013	34 
1014	32 
1015	50 
1016	1 
1017	54 
1018	90 
1019	47 
1020	77 
1021	70 
1022	70 
1023	100 
1024	81 
1025	31 
1026	96 
1027	7 
1028	79 
1029	26 
1030	74 
1031	99 
1032	101 
1033	86 
1034	99 
1035	41 
1036	26 
1037	86 
1038	46 
1039	37 
1040	97 
1041	51 
1042	39 
1043	16 
1044	54 
1045	45 
1046	1 
1047	85 
1048	53 
1049	100 
1050	45 
1051	41 
1052	83 
1053	101 
1054	85 
1055	18 
1056	84 
1057	22 
1058	25 
1059	81 
1060	38 
1061	86 
1062	57 
1063	67 
1064	42 
1065	41 
1066	70 
1067	59 
1068	63 
1069	54 
1070	94 
1071	13 
1072	36 
1073	16 
1074	22 
1075	100 
1076	71 
1077	91 
1078	53 
1079	87 
1080	28 
1081	31 
1082	14 
1083	91 
1084	42 
1085	44 
1086	66 
1087	29 
1088	33 
1089	73 
1090	10 
1091	93 
1092	55 
1093	101 
1094	25 
1095	32 
1096	85 
1097	52 
1098	101 
1099	26 
1100	14 
1101	14 
1102	87 
1103	58 
1104	14 
1105	46 
1106	23 
1107	27 
1108	68 
1109	22 
1110	37 
1111	72 
1112	57 
1113	50 
1114	67 
1115	46 
1116	26 
1117	10 
1118	45 
1119	87 
1120	38 
1121	2 
1122	89 
1123	24 
1124	10 
1125	23 
1126	77 
1127	5 
1128	73 
1129	20 
1130	99 
1131	85 
1132	22 
1133	94 
1134	80 
1135	96 
1136	70 
1137	71 
1138	46 
1139	39 
1140	86 
1141	26 
1142	5 
1143	60 
1144	47 
1145	99 
1146	81 
1147	27 
1148	74 
1149	66 
1150	52 
1151	22 
1152	99 
1153	68 
1154	81 
1155	36 
1156	68 
1157	53 
1158	49 
1159	44 
1160	27 
1161	28 
1162	10 
1163	49 
1164	66 
1165	8 
1166	41 
1167	37 
1168	1 
1169	38 
1170	86 
1171	101 
1172	47 
1173	41 
1174	64 
1175	89 
1176	5 
1177	45 
1178	52 
1179	6 
1180	2 
1181	54 
1182	46 
1183	25 
1184	29 
1185	32 
1186	5 
1187	89 
1188	10 
1189	33 
1190	41 
1191	98 
1192	51 
1193	61 
1194	39 
1195	66 
1196	31 
1197	61 
1198	101 
1199	84 
1200	31 
1201	92 
1202	63 
1203	38 
1204	67 
1205	2 
1206	69 
1207	67 
1208	79 
1209	101 
1210	42 
1211	26 
1212	41 
1213	5 
1214	58 
1215	42 
1216	7 
1217	30 
1218	74 
1219	59 
1220	36 
1221	22 
1222	70 
1223	55 
1224	89 
1225	82 
1226	45 
1227	59 
1228	54 
1229	7 
1230	59 
1231	4 
1232	57 
1233	15 
1234	43 
1235	91 
1236	91 
1237	7 
1238	14 
1239	49 
1240	67 
1241	10 
1242	96 
1243	98 
1244	56 
1245	76 
1246	5 
1247	39 
1248	36 
1249	31 
1250	101 
1251	70 
1252	59 
1253	61 
1254	4 
1255	47 
1256	20 
1257	13 
1258	14 
1259	36 
1260	8 
1261	31 
1262	81 
1263	47 
1264	86 
1265	19 
1266	9 
1267	53 
1268	40 
1269	75 
1270	97 
1271	45 
1272	45 
1273	58 
1274	22 
1275	89 
1276	37 
1277	86 
1278	9 
1279	47 
1280	66 
1281	91 
1282	27 
1283	67 
1284	73 
1285	59 
1286	4 
1287	95 
1288	69 
1289	14 
1290	19 
1291	53 
1292	92 
1293	13 
1294	97 
1295	29 
1296	74 
1297	98 
1298	4 
1299	14 
1300	5 
1301	75 
1302	69 
1303	95 
1304	99 
1305	32 
1306	39 
1307	37 
1308	37 
1309	64 
1310	14 
1311	98 
1312	39 
1313	24 
1314	35 
1315	47 
1316	57 
1317	52 
1318	25 
1319	16 
1320	3 
1321	56 
1322	66 
1323	29 
1324	93 
1325	10 
1326	101 
1327	56 
1328	5 
1329	4 
1330	26 
1331	91 
1332	68 
1333	57 
1334	26 
1335	53 
1336	24 
1337	98 
1338	85 
1339	79 
1340	3 
1341	31 
1342	96 
1343	40 
1344	4 
1345	70 
1346	55 
1347	7 
1348	41 
1349	86 
1350	41 
1351	36 
1352	84 
1353	68 
1354	101 
1355	67 
1356	67 
1357	5 
1358	34 
1359	57 
1360	37 
1361	51 
1362	97 
1363	31 
1364	17 
1365	102 
1366	1 
1367	51 
1368	10 
1369	21 
1370	46 
1371	32 
1372	46 
1373	26 
1374	61 
1375	77 
1376	36 
1377	49 
1378	49 
1379	37 
1380	100 
1381	92 
1382	35 
1383	70 
1384	77 
1385	97 
1386	62 
1387	71 
1388	91 
1389	67 
1390	88 
1391	91 
1392	40 
1393	47 
1394	66 
1395	40 
1396	27 
1397	86 
1398	66 
1399	22 
1400	26 
1401	68 
1402	30 
1403	28 
1404	8 
1405	66 
1406	10 
1407	83 
1408	53 
1409	91 
1410	51 
1411	53 
1412	7 
1413	40 
1414	61 
1415	20 
1416	23 
1417	33 
1418	40 
1419	94 
1420	4 
1421	86 
1422	48 
1423	43 
1424	30 
1425	52 
1426	66 
1427	14 
1428	100 
1429	75 
1430	102 
1431	34 
1432	75 
1433	83 
1434	86 
1435	52 
1436	31 
1437	37 
1438	18 
1439	29 
1440	50 
1441	42 
1442	47 
1443	31 
1444	45 
1445	100 
1446	31 
1447	89 
1448	51 
1449	49 
1450	81 
1451	15 
1452	87 
1453	101 
1454	51 
1455	32 
1456	33 
1457	91 
1458	16 
1459	89 
1460	53 
1461	56 
1462	39 
1463	56 
1464	80 
1465	50 
1466	14 
1467	55 
1468	29 
1469	31 
1470	75 
1471	76 
1472	6 
1473	50 
1474	33 
1475	102 
1476	75 
1477	96 
1478	32 
1479	47 
1480	87 
1481	29 
1482	42 
1483	78 
1484	75 
1485	14 
1486	77 
1487	85 
1488	35 
1489	37 
1490	82 
1491	3 
1492	37 
1493	31 
1494	19 
1495	85 
1496	26 
1497	36 
1498	95 
1499	53 
1500	40 
1501	31 
1502	75 
1503	19 
1504	69 
1505	74 
1506	42 
1507	77 
1508	13 
1509	7 
1510	96 
1511	33 
1512	58 
1513	39 
1514	100 
1515	28 
1516	67 
1517	26 
1518	93 
1519	36 
1520	77 
1521	95 
1522	36 
1523	52 
1524	57 
1525	96 
1526	91 
1527	76 
1528	85 
1529	19 
1530	77 
1531	73 
1532	10 
1533	14 
1534	15 
1535	67 
1536	81 
1537	57 
1538	31 
1539	37 
1540	61 
1541	95 
1542	98 
1543	76 
1544	64 
1545	53 
1546	10 
1547	73 
1548	85 
1549	34 
1550	29 
1551	99 
1552	89 
1553	44 
1554	56 
1555	100 
1556	76 
1557	18 
1558	31 
1559	22 
1560	29 
1561	78 
1562	83 
1563	39 
1564	66 
1565	45 
1566	48 
1567	5 
1568	44 
1569	25 
1570	3 
1571	97 
1572	24 
1573	29 
1574	82 
1575	69 
1576	32 
1577	93 
1578	31 
1579	75 
1580	42 
1581	96 
1582	9 
1583	91 
1584	6 
1585	86 
1586	49 
1587	24 
1588	34 
1589	93 
1590	81 
1591	91 
1592	5 
1593	93 
1594	20 
1595	49 
1596	61 
1597	25 
1598	85 
1599	87 
1600	31 
1601	101 
1602	89 
1603	12 
1604	3 
1605	67 
1606	39 
1607	91 
1608	24 
1609	101 
1610	75 
1611	20 
1612	53 
1613	44 
1614	87 
1615	102 
1616	83 
1617	42 
1618	7 
1619	100 
1620	87 
1621	91 
1622	91 
1623	14 
1624	70 
1625	84 
1626	76 
1627	90 
1628	100 
1629	31 
1630	4 
1631	48 
1632	41 
1633	7 
1634	62 
1635	66 
1636	16 
1637	44 
1638	81 
1639	49 
1640	95 
1641	59 
1642	32 
1643	8 
1644	94 
1645	77 
1646	61 
1647	58 
1648	33 
1649	84 
1650	23 
1651	50 
1652	101 
1653	49 
1654	25 
1655	1 
1656	86 
1657	16 
1658	80 
1659	23 
1660	22 
1661	72 
1662	32 
1663	22 
1664	53 
1665	91 
1666	32 
1667	14 
1668	22 
1669	21 
1670	24 
1671	85 
1672	5 
1673	79 
1674	79 
1675	70 
1676	97 
1677	56 
1678	37 
1679	88 
1680	22 
1681	96 
1682	14 
1683	85 
1684	40 
1685	93 
1686	49 
1687	75 
1688	100 
1689	26 
1690	35 
1691	79 
1692	40 
1693	77 
1694	83 
1695	8 
1696	42 
1697	14 
1698	96 
1699	7 
1700	55 
1701	28 
1702	61 
1703	36 
1704	24 
1705	41 
1706	91 
1707	33 
1708	31 
1709	67 
1710	29 
1711	91 
1712	5 
1713	58 
1714	85 
1715	56 
1716	45 
1717	14 
1718	41 
1719	49 
1720	57 
1721	68 
1722	70 
1723	45 
1724	77 
1725	49 
1726	32 
1727	98 
1728	69 
1729	68 
1730	80 
1731	59 
1732	38 
1733	101 
1734	22 
1735	52 
1736	26 
1737	84 
1738	89 
1739	85 
1740	68 
1741	15 
1742	77 
1743	87 
1744	91 
1745	45 
1746	77 
1747	33 
1748	7 
1749	91 
1750	13 
1751	77 
1752	19 
1753	32 
1754	58 
1755	25 
1756	50 
1757	96 
1758	76 
1759	13 
1760	79 
1761	65 
1762	30 
1763	7 
1764	26 
1765	94 
1766	23 
1767	7 
1768	25 
1769	96 
1770	6 
1771	98 
1772	94 
1773	93 
1774	74 
1775	75 
1776	60 
1777	67 
1778	79 
1779	61 
1780	77 
1781	77 
1782	10 
1783	89 
1784	15 
1785	93 
1786	52 
1787	100 
1788	26 
1789	14 
1790	5 
1791	29 
1792	74 
1793	86 
1794	17 
1795	71 
1796	16 
1797	13 
1798	12 
1799	85 
1800	10 
1801	24 
1802	22 
1803	98 
1804	34 
1805	16 
1806	75 
1807	37 
1808	14 
1809	8 
1810	11 
1811	66 
1812	2 
1813	39 
1814	44 
1815	37 
1816	68 
1817	46 
1818	96 
1819	49 
1820	90 
1821	78 
1822	3 
1823	51 
1824	67 
1825	37 
1826	60 
1827	23 
1828	64 
1829	79 
1830	61 
1831	16 
1832	26 
1833	84 
1834	22 
1835	87 
1836	18 
1837	58 
1838	59 
1839	77 
1840	75 
1841	14 
1842	89 
1843	32 
1844	84 
1845	60 
1846	45 
1847	20 
1848	85 
1849	4 
1850	14 
1851	96 
1852	5 
1853	42 
1854	86 
1855	22 
1856	57 
1857	20 
1858	28 
1859	75 
1860	26 
1861	25 
1862	30 
1863	22 
1864	22 
1865	14 
1866	45 
1867	41 
1868	97 
1869	85 
1870	52 
1871	53 
1872	39 
1873	36 
1874	6 
1875	85 
1876	36 
1877	34 
1878	5 
1879	47 
1880	37 
1881	25 
1882	37 
1883	26 
1884	58 
1885	6 
1886	13 
1887	71 
1888	53 
1889	41 
1890	31 
1891	96 
1892	61 
1893	85 
1894	59 
1895	41 
1896	1 
1897	77 
1898	96 
1899	7 
1900	35 
1901	14 
1902	53 
1903	81 
1904	22 
1905	64 
1906	57 
1907	34 
1908	77 
1909	20 
1910	41 
1911	5 
1912	68 
1913	79 
1914	84 
1915	39 
1916	32 
1917	6 
1918	102 
1919	59 
1920	44 
1921	59 
1922	22 
1923	91 
1924	46 
1925	65 
1926	66 
1927	66 
1928	58 
1929	60 
1930	40 
1931	81 
1932	5 
1933	3 
1934	57 
1935	52 
1936	68 
1937	75 
1938	43 
1939	89 
1940	13 
1941	5 
1942	92 
1943	41 
1944	68 
1945	43 
1946	51 
1947	81 
1948	71 
1949	22 
1950	3 
1951	74 
1952	58 
1953	6 
1954	53 
1955	52 
1956	47 
1957	43 
1958	96 
1959	32 
1960	5 
1961	91 
1962	37 
1963	44 
1964	22 
1965	27 
1966	16 
1967	20 
1968	1 
1969	75 
1970	66 
1971	14 
1972	38 
1973	61 
1974	16 
1975	5 
1976	7 
1977	61 
1978	102 
1979	36 
1980	33 
1981	100 
1982	59 
1983	49 
1984	34 
1985	31 
1986	70 
1987	59 
1988	65 
1989	27 
1990	58 
1991	75 
1992	52 
1993	95 
1994	33 
1995	23 
1996	68 
1997	25 
1998	41 
1999	50 
2000	43 
2001	68 
2002	58 
2003	81 
2004	41 
2005	36 
2006	80 
2007	20 
2008	43 
2009	76 
2010	22 
2011	81 
2012	87 
2013	81 
2014	79 
2015	10 
2016	67 
2017	22 
2018	32 
2019	92 
2020	10 
2021	72 
2022	94 
2023	53 
2024	1 
2025	85 
2026	58 
2027	70 
2028	96 
2029	40 
2030	58 
2031	74 
2032	5 
2033	81 
2034	22 
2035	48 
2036	31 
2037	6 
2038	80 
2039	99 
2040	7 
2041	83 
2042	76 
2043	50 
2044	80 
2045	26 
2046	95 
2047	62 
2048	64 
2049	26 
2050	59 
2051	10 
2052	21 
2053	1 
2054	61 
2055	9 
2056	28 
2057	31 
2058	43 
2059	31 
2060	23 
2061	18 
2062	91 
2063	53 
2064	29 
2065	65 
2066	53 
2067	5 
2068	44 
2069	96 
2070	37 
2071	68 
2072	46 
2073	86 
2074	2 
2075	28 
2076	50 
2077	27 
2078	5 
2079	23 
2080	7 
2081	92 
2082	29 
2083	89 
2084	34 
2085	52 
2086	20 
2087	78 
2088	60 
2089	47 
2090	33 
2091	17 
2092	61 
2093	99 
2094	8 
2095	41 
2096	59 
2097	26 
2098	33 
2099	14 
2100	26 
2101	95 
2102	102 
2103	70 
2104	86 
2105	23 
2106	26 
2107	68 
2108	7 
2109	70 
2110	60 
2111	7 
2112	5 
2113	49 
2114	6 
2115	76 
2116	102 
2117	21 
2118	89 
2119	61 
2120	52 
2121	12 
2122	34 
2123	96 
2124	51 
2125	91 
2126	82 
2127	45 
2128	36 
2129	7 
2130	46 
2131	59 
2132	7 
2133	44 
2134	52 
2135	100 
2136	51 
2137	10 
2138	70 
2139	21 
2140	37 
2141	79 
2142	86 
2143	73 
2144	96 
2145	46 
2146	70 
2147	24 
2148	97 
2149	53 
2150	31 
2151	25 
2152	15 
2153	10 
2154	72 
2155	87 
2156	64 
2157	30 
2158	32 
2159	31 
2160	3 
2161	58 
2162	43 
2163	99 
2164	14 
2165	77 
2166	31 
2167	83 
2168	1 
2169	37 
2170	100 
2171	87 
2172	25 
2173	33 
2174	79 
2175	6 
2176	11 
2177	30 
2178	13 
2179	93 
2180	102 
2181	58 
2182	6 
2183	98 
2184	46 
2185	10 
2186	34 
2187	67 
2188	49 
2189	45 
2190	50 
2191	44 
2192	51 
2193	101 
2194	79 
2195	31 
2196	70 
2197	24 
2198	24 
2199	96 
2200	98 
2201	36 
2202	101 
2203	70 
2204	45 
2205	72 
2206	65 
2207	81 
2208	32 
2209	83 
2210	77 
2211	29 
2212	55 
2213	40 
2214	25 
2215	20 
2216	4 
2217	17 
2218	84 
2219	77 
2220	37 
2221	31 
2222	18 
2223	68 
2224	29 
2225	34 
2226	61 
2227	77 
2228	9 
2229	1 
2230	59 
2231	86 
2232	52 
2233	9 
2234	45 
2235	62 
2236	49 
2237	50 
2238	4 
2239	22 
2240	13 
2241	57 
2242	37 
2243	89 
2244	58 
2245	59 
2246	50 
2247	79 
2248	37 
2249	101 
2250	47 
2251	99 
2252	13 
2253	75 
2254	77 
2255	57 
2256	16 
2257	49 
2258	83 
2259	18 
2260	10 
2261	1 
2262	22 
2263	13 
2264	49 
2265	14 
2266	96 
2267	10 
2268	4 
2269	38 
2270	89 
2271	48 
2272	26 
2273	87 
2274	49 
2275	49 
2276	30 
2277	64 
2278	68 
2279	85 
2280	91 
2281	86 
2282	71 
2283	10 
2284	89 
2285	72 
2286	37 
2287	79 
2288	53 
2289	53 
2290	69 
2291	72 
2292	58 
2293	57 
2294	49 
2295	52 
2296	36 
2297	49 
2298	34 
2299	85 
2300	20 
2301	75 
2302	68 
2303	38 
2304	96 
2305	67 
2306	15 
2307	50 
2308	89 
2309	34 
2310	82 
2311	14 
2312	101 
2313	94 
2314	87 
2315	6 
2316	19 
2317	22 
2318	56 
2319	22 
2320	42 
2321	81 
2322	91 
2323	24 
2324	13 
2325	17 
2326	54 
2327	31 
2328	75 
2329	52 
2330	19 
2331	62 
2332	63 
2333	89 
2334	54 
2335	61 
2336	83 
2337	40 
2338	43 
2339	70 
2340	88 
2341	5 
2342	14 
2343	16 
2344	2 
2345	51 
2346	41 
2347	100 
2348	66 
2349	59 
2350	40 
2351	68 
2352	4 
2353	34 
2354	27 
2355	57 
2356	9 
2357	29 
2358	4 
2359	4 
2360	90 
2361	87 
2362	86 
2363	26 
2364	53 
2365	93 
2366	16 
2367	10 
2368	30 
2369	53 
2370	52 
2371	61 
2372	59 
2373	43 
2374	61 
2375	24 
2376	19 
2377	77 
2378	90 
2379	74 
2380	66 
2381	43 
2382	28 
2383	57 
2384	6 
2385	94 
2386	2 
2387	17 
2388	100 
2389	10 
2390	77 
2391	77 
2392	5 
2393	25 
2394	16 
2395	100 
2396	46 
2397	16 
2398	5 
2399	9 
2400	49 
2401	17 
2402	49 
2403	7 
2404	40 
2405	19 
2406	57 
2407	24 
2408	54 
2409	11 
2410	32 
2411	57 
2412	84 
2413	31 
2414	61 
2415	85 
2416	81 
2417	87 
2418	61 
2419	101 
2420	12 
2421	21 
2422	7 
2423	1 
2424	46 
2425	96 
2426	87 
2427	43 
2428	45 
2429	86 
2430	30 
2431	87 
2432	45 
2433	94 
2434	79 
2435	22 
2436	81 
2437	70 
2438	19 
2439	64 
2440	30 
2441	85 
2442	31 
2443	14 
2444	10 
2445	86 
2446	74 
2447	63 
2448	10 
2449	29 
2450	14 
2451	79 
2452	96 
2453	7 
2454	46 
2455	51 
2456	91 
2457	8 
2458	65 
2459	10 
2460	40 
2461	6 
2462	3 
2463	1 
2464	8 
2465	6 
2466	3 
2467	57 
2468	6 
2469	43 
2470	68 
2471	80 
2472	98 
2473	47 
2474	79 
2475	5 
2476	53 
2477	15 
2478	93 
2479	99 
2480	42 
2481	26 
2482	58 
2483	10 
2484	19 
2485	70 
2486	2 
2487	64 
2488	5 
2489	76 
2490	26 
2491	7 
2492	72 
2493	16 
2494	29 
2495	57 
2496	36 
2497	43 
2498	43 
2499	77 
2500	75 
2501	6 
2502	40 
2503	32 
2504	26 
2505	49 
2506	89 
2507	52 
2508	86 
2509	68 
2510	25 
2511	28 
2512	29 
2513	85 
2514	97 
2515	70 
2516	29 
2517	52 
2518	20 
2519	96 
2520	5 
2521	69 
2522	65 
2523	72 
2524	98 
2525	34 
2526	44 
2527	29 
2528	3 
2529	26 
2530	54 
2531	57 
2532	81 
2533	92 
2534	31 
2535	74 
2536	16 
2537	95 
2538	20 
2539	47 
2540	81 
2541	43 
2542	14 
2543	89 
2544	30 
2545	29 
2546	52 
2547	35 
2548	57 
2549	40 
2550	26 
2551	32 
2552	83 
2553	86 
2554	52 
2555	53 
2556	42 
2557	13 
2558	87 
2559	53 
2560	54 
2561	14 
2562	28 
2563	56 
2564	57 
2565	49 
2566	83 
2567	41 
2568	43 
2569	45 
2570	60 
2571	14 
2572	66 
2573	26 
2574	79 
2575	84 
2576	10 
2577	52 
2578	49 
2579	41 
2580	26 
2581	87 
2582	11 
2583	10 
2584	85 
2585	2 
2586	2 
2587	49 
2588	30 
2589	85 
2590	23 
2591	44 
2592	71 
2593	45 
2594	49 
2595	86 
2596	91 
2597	61 
2598	81 
2599	16 
2600	4 
2601	1 
2602	75 
2603	46 
2604	77 
2605	99 
2606	50 
2607	4 
2608	46 
2609	76 
2610	51 
2611	72 
2612	5 
2613	56 
2614	3 
2615	37 
2616	40 
2617	89 
2618	59 
2619	77 
2620	3 
2621	43 
2622	102 
2623	22 
2624	52 
2625	79 
2626	50 
2627	79 
2628	19 
2629	9 
2630	24 
2631	95 
2632	40 
2633	45 
2634	26 
2635	26 
2636	19 
2637	52 
2638	16 
2639	65 
2640	74 
2641	86 
2642	14 
2643	10 
2644	79 
2645	27 
2646	40 
2647	56 
2648	22 
2649	102 
2650	52 
2651	62 
2652	49 
2653	85 
2654	53 
2655	10 
2656	29 
2657	32 
2658	16 
2659	98 
2660	46 
2661	59 
2662	7 
2663	62 
2664	12 
2665	84 
2666	53 
2667	64 
2668	89 
2669	81 
2670	87 
2671	97 
2672	21 
2673	39 
2674	13 
2675	40 
2676	49 
2677	43 
2678	46 
2679	1 
2680	5 
2681	37 
2682	52 
2683	7 
2684	97 
2685	75 
2686	97 
2687	79 
2688	58 
2689	4 
2690	36 
2691	47 
2692	56 
2693	24 
2694	94 
2695	86 
2696	52 
2697	16 
2698	84 
2699	41 
2700	30 
2701	68 
2702	25 
2703	88 
2704	16 
2705	71 
2706	16 
2707	2 
2708	95 
2709	63 
2710	97 
2711	16 
2712	14 
2713	90 
2714	32 
2715	14 
2716	70 
2717	43 
2718	58 
2719	73 
2720	91 
2721	81 
2722	101 
2723	80 
2724	45 
2725	41 
2726	101 
2727	82 
2728	53 
2729	97 
2730	10 
2731	81 
2732	92 
2733	91 
2734	3 
2735	7 
2736	49 
2737	59 
2738	82 
2739	102 
2740	59 
2741	25 
2742	14 
2743	29 
2744	52 
2745	58 
2746	32 
2747	29 
2748	74 
2749	35 
2750	22 
2751	73 
2752	78 
2753	48 
2754	57 
2755	68 
2756	13 
2757	7 
2758	102 
2759	74 
2760	32 
2761	42 
2762	14 
2763	86 
2764	35 
2765	67 
2766	32 
2767	44 
2768	22 
2769	26 
2770	37 
2771	20 
2772	41 
2773	85 
2774	10 
2775	24 
2776	82 
2777	86 
2778	26 
2779	73 
2780	97 
2781	57 
2782	97 
2783	9 
2784	92 
2785	79 
2786	48 
2787	50 
2788	26 
2789	40 
2790	18 
2791	49 
2792	4 
2793	59 
2794	13 
2795	81 
2796	77 
2797	96 
2798	33 
2799	5 
2800	70 
2801	59 
2802	81 
2803	45 
2804	5 
2805	87 
2806	41 
2807	4 
2808	50 
2809	21 
2810	71 
2811	32 
2812	58 
2813	63 
2814	8 
2815	77 
2816	18 
2817	32 
2818	61 
2819	13 
2820	43 
2821	85 
2822	10 
2823	40 
2824	6 
2825	42 
2826	49 
2827	94 
2828	54 
2829	99 
2830	11 
2831	27 
2832	85 
2833	50 
2834	10 
2835	97 
2836	70 
2837	22 
2838	86 
2839	43 
2840	65 
2841	6 
2842	68 
2843	42 
2844	89 
2845	85 
2846	52 
2847	5 
2848	22 
2849	69 
2850	31 
2851	101 
2852	42 
2853	24 
2854	78 
2855	57 
2856	10 
2857	81 
2858	85 
2859	40 
2860	85 
2861	85 
2862	101 
2863	85 
2864	53 
2865	98 
2866	67 
2867	86 
2868	95 
2869	51 
2870	26 
2871	77 
2872	51 
2873	61 
2874	91 
2875	49 
2876	27 
2877	37 
2878	34 
2879	75 
2880	7 
2881	14 
2882	70 
2883	6 
2884	67 
2885	86 
2886	102 
2887	89 
2888	27 
2889	61 
2890	41 
2891	34 
2892	10 
2893	95 
2894	30 
2895	10 
2896	81 
2897	96 
2898	89 
2899	76 
2900	52 
2901	19 
2902	60 
2903	90 
2904	22 
2905	49 
2906	97 
2907	24 
2908	31 
2909	10 
2910	4 
2911	75 
2912	42 
2913	32 
2914	28 
2915	7 
2916	56 
2917	95 
2918	77 
2919	16 
2920	67 
2921	99 
2922	35 
2923	53 
2924	75 
2925	56 
2926	70 
2927	5 
2928	75 
2929	66 
2930	59 
2931	39 
2932	14 
2933	75 
2934	61 
2935	2 
2936	29 
2937	70 
2938	97 
2939	26 
2940	77 
2941	14 
2942	7 
2943	34 
2944	13 
2945	20 
2946	101 
2947	7 
2948	75 
2949	56 
2950	91 
2951	36 
2952	39 
2953	26 
2954	68 
2955	43 
2956	40 
2957	62 
2958	40 
2959	70 
2960	14 
2961	93 
2962	101 
2963	39 
2964	22 
2965	17 
2966	26 
2967	102 
2968	62 
2969	53 
2970	86 
2971	17 
2972	101 
2973	95 
2974	79 
2975	22 
2976	53 
2977	42 
2978	28 
2979	100 
2980	24 
2981	96 
2982	76 
2983	59 
2984	16 
2985	27 
2986	31 
2987	29 
2988	87 
2989	81 
2990	61 
2991	87 
2992	43 
2993	89 
2994	7 
2995	87 
2996	93 
2997	70 
2998	3 
2999	95 
3000	86 
3001	59 
3002	1 
3003	79 
3004	77 
3005	95 
3006	53 
3007	43 
3008	102 
3009	50 
3010	57 
3011	11 
3012	37 
3013	82 
3014	31 
3015	29 
3016	102 
3017	29 
3018	1 
3019	14 
3020	13 
3021	76 
3022	79 
3023	58 
3024	37 
3025	7 
3026	33 
3027	52 
3028	97 
3029	32 
3030	29 
3031	26 
3032	67 
3033	12 
3034	1 
3035	26 
3036	37 
3037	14 
3038	87 
3039	10 
3040	34 
3041	37 
3042	6 
3043	36 
3044	56 
3045	52 
3046	99 
3047	65 
3048	101 
3049	59 
3050	56 
3051	15 
3052	31 
3053	97 
3054	36 
3055	91 
3056	5 
3057	58 
3058	48 
3059	46 
3060	89 
3061	5 
3062	3 
3063	91 
3064	90 
3065	88 
3066	1 
3067	7 
3068	92 
3069	12 
3070	5 
3071	86 
3072	99 
3073	3 
3074	95 
3075	63 
3076	85 
3077	63 
3078	91 
3079	29 
3080	27 
3081	40 
3082	59 
3083	86 
3084	82 
3085	31 
3086	77 
3087	22 
3088	61 
3089	68 
3090	75 
3091	41 
3092	42 
3093	41 
3094	7 
3095	13 
3096	34 
3097	84 
3098	27 
3099	66 
3100	9 
3101	95 
3102	6 
3103	37 
3104	52 
3105	85 
3106	34 
3107	32 
3108	12 
3109	69 
3110	101 
3111	72 
3112	53 
3113	73 
3114	15 
3115	40 
3116	14 
3117	57 
3118	34 
3119	80 
3120	10 
3121	41 
3122	31 
3123	32 
3124	47 
3125	50 
3126	29 
3127	71 
3128	49 
3129	57 
3130	40 
3131	29 
3132	88 
3133	71 
3134	83 
3135	10 
3136	53 
3137	87 
3138	96 
3139	20 
3140	47 
3141	22 
3142	87 
3143	51 
3144	79 
3145	86 
3146	80 
3147	8 
3148	97 
3149	63 
3150	7 
3151	37 
3152	61 
3153	26 
3154	28 
3155	47 
3156	42 
3157	5 
3158	31 
3159	9 
3160	87 
3161	10 
3162	67 
3163	51 
3164	19 
3165	11 
3166	91 
3167	7 
3168	102 
3169	61 
3170	6 
3171	12 
3172	85 
3173	59 
3174	88 
3175	55 
3176	64 
3177	67 
3178	69 
3179	2 
3180	31 
3181	78 
3182	66 
3183	102 
3184	82 
3185	51 
3186	75 
3187	66 
3188	3 
3189	42 
3190	29 
3191	18 
3192	36 
3193	70 
3194	29 
3195	26 
3196	89 
3197	16 
3198	16 
3199	68 
3200	50 
3201	12 
3202	67 
3203	47 
3204	86 
3205	31 
3206	85 
3207	22 
3208	4 
3209	75 
3210	61 
3211	13 
3212	76 
3213	57 
3214	100 
3215	25 
3216	53 
3217	89 
3218	14 
3219	36 
3220	10 
3221	59 
3222	85 
3223	32 
3224	57 
3225	85 
3226	44 
3227	52 
3228	5 
3229	10 
3230	66 
3231	45 
3232	36 
3233	36 
3234	40 
3235	4 
3236	73 
3237	10 
3238	67 
3239	99 
3240	14 
3241	91 
3242	75 
3243	87 
3244	91 
3245	3 
3246	86 
3247	26 
3248	101 
3249	3 
3250	13 
3251	63 
3252	14 
3253	31 
3254	61 
3255	22 
3256	38 
3257	40 
3258	102 
3259	101 
3260	86 
3261	91 
3262	33 
3263	52 
3264	37 
3265	67 
3266	86 
3267	20 
3268	85 
3269	59 
3270	89 
3271	77 
3272	53 
3273	42 
3274	68 
3275	14 
3276	14 
3277	56 
3278	85 
3279	56 
3280	66 
3281	73 
3282	39 
3283	22 
3284	65 
3285	31 
3286	67 
3287	3 
3288	72 
3289	47 
3290	18 
3291	42 
3292	45 
3293	16 
3294	42 
3295	5 
3296	13 
3297	2 
3298	78 
3299	75 
3300	58 
3301	91 
3302	66 
3303	37 
3304	42 
3305	40 
3306	85 
3307	42 
3308	95 
3309	70 
3310	36 
3311	65 
3312	91 
3313	86 
3314	92 
3315	72 
3316	92 
3317	89 
3318	99 
3319	58 
3320	5 
3321	89 
3322	79 
3323	59 
3324	80 
3325	100 
3326	21 
3327	40 
3328	100 
3329	5 
3330	14 
3331	49 
3332	13 
3333	60 
3334	55 
3335	98 
3336	43 
3337	30 
3338	52 
3339	29 
3340	97 
3341	52 
3342	16 
3343	79 
3344	87 
3345	86 
3346	40 
3347	57 
3348	77 
3349	67 
3350	52 
3351	28 
3352	48 
3353	91 
3354	75 
3355	5 
3356	79 
3357	32 
3358	6 
3359	88 
3360	6 
3361	57 
3362	81 
3363	43 
3364	7 
3365	91 
3366	32 
3367	5 
3368	30 
3369	19 
3370	89 
3371	64 
3372	7 
3373	77 
3374	45 
3375	94 
3376	58 
3377	12 
3378	32 
3379	86 
3380	82 
3381	14 
3382	31 
3383	42 
3384	17 
3385	89 
3386	5 
3387	52 
3388	37 
3389	63 
3390	15 
3391	89 
3392	24 
3393	81 
3394	12 
3395	5 
3396	91 
3397	87 
3398	72 
3399	80 
3400	37 
3401	39 
3402	70 
3403	5 
3404	89 
3405	24 
3406	70 
3407	7 
3408	56 
3409	51 
3410	6 
3411	59 
3412	74 
3413	41 
3414	49 
3415	57 
3416	101 
3417	24 
3418	21 
3419	31 
3420	24 
3421	13 
3422	61 
3423	91 
3424	60 
3425	70 
3426	31 
3427	97 
3428	43 
3429	99 
3430	63 
3431	57 
3432	64 
3433	59 
3434	10 
3435	93 
3436	92 
3437	75 
3438	48 
3439	55 
3440	84 
3441	10 
3442	22 
3443	74 
3444	69 
3445	74 
3446	73 
3447	102 
3448	56 
3449	91 
3450	38 
3451	39 
3452	59 
3453	77 
3454	28 
3455	101 
3456	13 
3457	52 
3458	75 
3459	15 
3460	10 
3461	87 
3462	76 
3463	89 
3464	13 
3465	32 
3466	85 
3467	25 
3468	16 
3469	5 
3470	22 
3471	20 
3472	49 
3473	95 
3474	90 
3475	22 
3476	66 
3477	24 
3478	85 
3479	91 
3480	8 
3481	83 
3482	82 
3483	91 
3484	85 
3485	29 
3486	98 
3487	51 
3488	61 
3489	42 
3490	89 
3491	32 
3492	41 
3493	3 
3494	69 
3495	56 
3496	29 
3497	97 
3498	46 
3499	51 
3500	5 
3501	100 
3502	86 
3503	22 
3504	67 
3505	3 
3506	41 
3507	100 
3508	58 
3509	17 
3510	41 
3511	85 
3512	58 
3513	16 
3514	95 
3515	101 
3516	3 
3517	16 
3518	61 
3519	96 
3520	16 
3521	33 
3522	29 
3523	84 
3524	40 
3525	21 
3526	34 
3527	54 
3528	53 
3529	28 
3530	46 
3531	1 
3532	64 
3533	42 
3534	85 
3535	21 
3536	31 
3537	26 
3538	37 
3539	18 
3540	83 
3541	57 
3542	43 
3543	24 
3544	22 
3545	86 
3546	63 
3547	33 
3548	24 
3549	26 
3550	89 
3551	43 
3552	8 
3553	37 
3554	51 
3555	89 
3556	50 
3557	18 
3558	40 
3559	67 
3560	65 
3561	22 
3562	43 
3563	5 
3564	24 
3565	94 
3566	98 
3567	32 
3568	26 
3569	84 
3570	49 
3571	76 
3572	78 
3573	56 
3574	67 
3575	60 
3576	57 
3577	59 
3578	67 
3579	56 
3580	96 
3581	64 
3582	61 
3583	98 
3584	76 
3585	40 
3586	75 
3587	61 
3588	53 
3589	37 
3590	58 
3591	79 
3592	11 
3593	7 
3594	22 
3595	53 
3596	97 
3597	26 
3598	86 
3599	42 
3600	40 
3601	31 
3602	89 
3603	36 
3604	29 
3605	16 
3606	39 
3607	88 
3608	70 
3609	94 
3610	31 
3611	77 
3612	5 
3613	61 
3614	58 
3615	14 
3616	32 
3617	81 
3618	36 
3619	29 
3620	86 
3621	25 
3622	19 
3623	52 
3624	1 
3625	101 
3626	42 
3627	32 
3628	93 
3629	70 
3630	47 
3631	96 
3632	47 
3633	43 
3634	16 
3635	59 
3636	74 
3637	49 
3638	45 
3639	75 
3640	2 
3641	18 
3642	83 
3643	10 
3644	43 
3645	52 
3646	96 
3647	94 
3648	58 
3649	49 
3650	32 
3651	97 
3652	21 
3653	45 
3654	71 
3655	53 
3656	102 
3657	31 
3658	10 
3659	41 
3660	52 
3661	10 
3662	26 
3663	57 
3664	36 
3665	17 
3666	67 
3667	8 
3668	95 
3669	61 
3670	89 
3671	66 
3672	94 
3673	3 
3674	36 
3675	45 
3676	49 
3677	97 
3678	69 
3679	29 
3680	65 
3681	90 
3682	95 
3683	16 
3684	29 
3685	4 
3686	26 
3687	40 
3688	23 
3689	7 
3690	97 
3691	81 
3692	53 
3693	45 
3694	94 
3695	55 
3696	53 
3697	102 
3698	94 
3699	85 
3700	48 
3701	49 
3702	15 
3703	95 
3704	61 
3705	47 
3706	8 
3707	60 
3708	26 
3709	92 
3710	4 
3711	32 
3712	43 
3713	13 
3714	97 
3715	31 
3716	75 
3717	10 
3718	70 
3719	3 
3720	100 
3721	89 
3722	57 
3723	60 
3724	33 
3725	67 
3726	95 
3727	40 
3728	65 
3729	28 
3730	61 
3731	70 
3732	17 
3733	8 
3734	77 
3735	31 
3736	7 
3737	23 
3738	14 
3739	61 
3740	22 
3741	8 
3742	101 
3743	36 
3744	36 
3745	79 
3746	63 
3747	98 
3748	68 
3749	99 
3750	60 
3751	29 
3752	47 
3753	77 
3754	56 
3755	32 
3756	7 
3757	14 
3758	70 
3759	9 
3760	25 
3761	53 
3762	41 
3763	89 
3764	14 
3765	49 
3766	45 
3767	10 
3768	66 
3769	41 
3770	98 
3771	5 
3772	53 
3773	39 
3774	50 
3775	56 
3776	53 
3777	47 
3778	7 
3779	79 
3780	25 
3781	2 
3782	25 
3783	29 
3784	94 
3785	75 
3786	10 
3787	23 
3788	31 
3789	22 
3790	80 
3791	98 
3792	72 
3793	27 
3794	14 
3795	55 
3796	6 
3797	7 
3798	19 
3799	1 
3800	1 
3801	60 
3802	57 
3803	52 
3804	77 
3805	14 
3806	47 
3807	90 
3808	40 
3809	40 
3810	24 
3811	49 
3812	74 
3813	74 
3814	41 
3815	57 
3816	100 
3817	56 
3818	39 
3819	59 
3820	24 
3821	58 
3822	26 
3823	79 
3824	21 
3825	15 
3826	41 
3827	43 
3828	86 
3829	88 
3830	37 
3831	85 
3832	3 
3833	18 
3834	39 
3835	77 
3836	86 
3837	25 
3838	28 
3839	79 
3840	79 
3841	61 
3842	88 
3843	100 
3844	87 
3845	31 
3846	72 
3847	72 
3848	91 
3849	80 
3850	20 
3851	52 
3852	96 
3853	97 
3854	13 
3855	86 
3856	5 
3857	79 
3858	96 
3859	49 
3860	4 
3861	102 
3862	68 
3863	43 
3864	41 
3865	2 
3866	75 
3867	101 
3868	94 
3869	2 
3870	89 
3871	49 
3872	26 
3873	74 
3874	67 
3875	51 
3876	16 
3877	81 
3878	79 
3879	6 
3880	48 
3881	101 
3882	45 
3883	70 
3884	24 
3885	22 
3886	87 
3887	55 
3888	26 
3889	68 
3890	90 
3891	85 
3892	6 
3893	52 
3894	37 
3895	89 
3896	32 
3897	29 
3898	85 
3899	13 
3900	95 
3901	30 
3902	93 
3903	98 
3904	54 
3905	62 
3906	91 
3907	96 
3908	100 
3909	33 
3910	18 
3911	62 
3912	51 
3913	3 
3914	38 
3915	24 
3916	87 
3917	41 
3918	89 
3919	91 
3920	40 
3921	54 
3922	77 
3923	94 
3924	4 
3925	43 
3926	89 
3927	26 
3928	13 
3929	94 
3930	50 
3931	16 
3932	73 
3933	7 
3934	93 
3935	45 
3936	53 
3937	97 
3938	78 
3939	87 
3940	14 
3941	7 
3942	15 
3943	76 
3944	25 
3945	32 
3946	3 
3947	2 
3948	75 
3949	55 
3950	8 
3951	10 
3952	36 
3953	47 
3954	102 
3955	44 
3956	40 
3957	53 
3958	50 
3959	53 
3960	62 
3961	52 
3962	59 
3963	81 
3964	26 
3965	90 
3966	84 
3967	53 
3968	22 
3969	40 
3970	29 
3971	26 
3972	91 
3973	98 
3974	34 
3975	99 
3976	59 
3977	77 
3978	102 
3979	53 
3980	86 
3981	17 
3982	81 
3983	37 
3984	39 
3985	40 
3986	53 
3987	46 
3988	65 
3989	17 
3990	32 
3991	8 
3992	39 
3993	36 
3994	94 
3995	95 
3996	53 
3997	86 
3998	75 
3999	49 
4000	59 
4001	89 
4002	4 
4003	69 
4004	10 
4005	32 
4006	58 
4007	98 
4008	83 
4009	2 
4010	43 
4011	73 
4012	89 
4013	40 
4014	34 
4015	47 
4016	67 
4017	91 
4018	10 
4019	91 
4020	75 
4021	44 
4022	101 
4023	14 
4024	10 
4025	31 
4026	10 
4027	29 
4028	5 
4029	17 
4030	66 
4031	11 
4032	94 
4033	7 
4034	97 
4035	36 
4036	79 
4037	86 
4038	2 
4039	90 
4040	67 
4041	16 
4042	10 
4043	69 
4044	35 
4045	32 
4046	91 
4047	42 
4048	31 
4049	5 
4050	71 
4051	55 
4052	89 
4053	85 
4054	87 
4055	10 
4056	16 
4057	9 
4058	89 
4059	1 
4060	101 
4061	65 
4062	3 
4063	16 
4064	3 
4065	31 
4066	10 
4067	79 
4068	2 
4069	96 
4070	81 
4071	41 
4072	10 
4073	53 
4074	47 
4075	68 
4076	59 
4077	97 
4078	95 
4079	73 
4080	33 
4081	32 
4082	91 
4083	40 
4084	14 
4085	79 
4086	102 
4087	51 
4088	48 
4089	70 
4090	98 
4091	40 
4092	91 
4093	29 
4094	11 
4095	88 
4096	26 
4097	85 
4098	77 
4099	16 
4100	58 
4101	4 
4102	91 
4103	6 
4104	58 
4105	66 
4106	31 
4107	50 
4108	102 
4109	37 
4110	15 
4111	44 
4112	59 
4113	75 
4114	13 
4115	77 
4116	41 
4117	89 
4118	15 
4119	77 
4120	92 
4121	98 
4122	14 
4123	37 
4124	53 
4125	102 
4126	41 
4127	66 
4128	66 
4129	86 
4130	36 
4131	86 
4132	85 
4133	41 
4134	29 
4135	31 
4136	2 
4137	31 
4138	14 
4139	61 
4140	22 
4141	90 
4142	37 
4143	96 
4144	47 
4145	7 
4146	40 
4147	46 
4148	83 
4149	22 
4150	81 
4151	73 
4152	72 
4153	96 
4154	99 
4155	59 
4156	37 
4157	92 
4158	102 
4159	40 
4160	7 
4161	37 
4162	95 
4163	38 
4164	94 
4165	69 
4166	33 
4167	36 
4168	6 
4169	5 
4170	68 
4171	85 
4172	49 
4173	69 
4174	59 
4175	86 
4176	31 
4177	16 
4178	6 
4179	97 
4180	37 
4181	5 
4182	70 
4183	85 
4184	65 
4185	65 
4186	59 
4187	102 
4188	33 
4189	49 
4190	7 
4191	26 
4192	5 
4193	49 
4194	61 
4195	49 
4196	10 
4197	59 
4198	67 
4199	37 
4200	67 
4201	59 
4202	31 
4203	85 
4204	4 
4205	55 
4206	37 
4207	40 
4208	10 
4209	65 
4210	84 
4211	43 
4212	42 
4213	54 
4214	28 
4215	72 
4216	23 
4217	39 
4218	101 
4219	83 
4220	9 
4221	50 
4222	57 
4223	68 
4224	14 
4225	48 
4226	22 
4227	20 
4228	67 
4229	12 
4230	22 
4231	13 
4232	56 
4233	96 
4234	93 
4235	91 
4236	14 
4237	15 
4238	31 
4239	41 
4240	95 
4241	37 
4242	78 
4243	43 
4244	50 
4245	33 
4246	62 
4247	2 
4248	36 
4249	91 
4250	40 
4251	11 
4252	16 
4253	41 
4254	69 
4255	11 
4256	32 
4257	74 
4258	70 
4259	32 
4260	70 
4261	24 
4262	60 
4263	60 
4264	20 
4265	14 
4266	65 
4267	5 
4268	82 
4269	97 
4270	95 
4271	96 
4272	4 
4273	3 
4274	79 
4275	8 
4276	26 
4277	43 
4278	100 
4279	85 
4280	58 
4281	91 
4282	46 
4283	83 
4284	50 
4285	5 
4286	75 
4287	45 
4288	89 
4289	2 
4290	87 
4291	76 
4292	66 
4293	37 
4294	55 
4295	36 
4296	91 
4297	74 
4298	7 
4299	78 
4300	87 
4301	100 
4302	8 
4303	25 
4304	6 
4305	68 
4306	37 
4307	28 
4308	22 
4309	23 
4310	83 
4311	78 
4312	17 
4313	32 
4314	89 
4315	61 
4316	67 
4317	31 
4318	26 
4319	102 
4320	5 
4321	36 
4322	7 
4323	79 
4324	85 
4325	22 
4326	38 
4327	65 
4328	46 
4329	65 
4330	79 
4331	19 
4332	101 
4333	25 
4334	22 
4335	9 
4336	12 
4337	5 
4338	35 
4339	65 
4340	85 
4341	49 
4342	29 
4343	16 
4344	1 
4345	30 
4346	47 
4347	51 
4348	20 
4349	39 
4350	39 
4351	71 
4352	51 
4353	19 
4354	67 
4355	41 
4356	38 
4357	81 
4358	7 
4359	68 
4360	86 
4361	96 
4362	63 
4363	16 
4364	56 
4365	100 
4366	52 
4367	35 
4368	85 
4369	25 
4370	41 
4371	59 
4372	36 
4373	5 
4374	88 
4375	97 
4376	66 
4377	95 
4378	93 
4379	72 
4380	7 
4381	82 
4382	74 
4383	3 
4384	44 
4385	14 
4386	86 
4387	2 
4388	32 
4389	29 
4390	44 
4391	85 
4392	66 
4393	14 
4394	36 
4395	10 
4396	15 
4397	84 
4398	90 
4399	89 
4400	75 
4401	24 
4402	87 
4403	85 
4404	77 
4405	31 
4406	14 
4407	7 
4408	10 
4409	5 
4410	1 
4411	6 
4412	23 
4413	24 
4414	39 
4415	96 
4416	18 
4417	67 
4418	37 
4419	32 
4420	36 
4421	71 
4422	27 
4423	96 
4424	37 
4425	3 
4426	42 
4427	69 
4428	24 
4429	10 
4430	46 
4431	101 
4432	70 
4433	86 
4434	102 
4435	71 
4436	63 
4437	100 
4438	23 
4439	85 
4440	49 
4441	43 
4442	98 
4443	66 
4444	6 
4445	89 
4446	22 
4447	3 
4448	77 
4449	96 
4450	92 
4451	58 
4452	86 
4453	100 
4454	101 
4455	70 
4456	72 
4457	43 
4458	39 
4459	7 
4460	26 
4461	43 
4462	96 
4463	94 
4464	17 
4465	99 
4466	54 
4467	85 
4468	102 
4469	49 
4470	89 
4471	86 
4472	64 
4473	87 
4474	44 
4475	77 
4476	31 
4477	16 
4478	26 
4479	101 
4480	46 
4481	99 
4482	47 
4483	26 
4484	59 
4485	62 
4486	52 
4487	11 
4488	25 
4489	29 
4490	54 
4491	70 
4492	11 
4493	16 
4494	85 
4495	97 
4496	29 
4497	94 
4498	69 
4499	16 
4500	5 
4501	96 
4502	12 
4503	19 
4504	85 
4505	26 
4506	48 
4507	59 
4508	91 
4509	19 
4510	74 
4511	81 
4512	39 
4513	44 
4514	2 
4515	46 
4516	69 
4517	66 
4518	50 
4519	17 
4520	62 
4521	87 
4522	32 
4523	59 
4524	90 
4525	97 
4526	69 
4527	60 
4528	91 
4529	2 
4530	98 
4531	66 
4532	74 
4533	90 
4534	97 
4535	79 
4536	89 
4537	10 
4538	24 
4539	87 
4540	14 
4541	17 
4542	56 
4543	15 
4544	22 
4545	28 
4546	14 
4547	52 
4548	52 
4549	66 
4550	32 
4551	99 
4552	2 
4553	59 
4554	40 
4555	57 
4556	59 
4557	24 
4558	37 
4559	3 
4560	44 
4561	73 
4562	95 
4563	1 
4564	77 
4565	43 
4566	17 
4567	51 
4568	57 
4569	85 
4570	95 
4571	79 
4572	81 
4573	45 
4574	55 
4575	14 
4576	38 
4577	102 
4578	53 
4579	16 
4580	5 
4581	13 
4582	93 
4583	3 
4584	73 
4585	1 
4586	87 
4587	32 
4588	3 
4589	94 
4590	91 
4591	27 
4592	79 
4593	102 
4594	7 
4595	26 
4596	57 
4597	10 
4598	16 
4599	85 
4600	86 
4601	85 
4602	29 
4603	101 
4604	94 
4605	102 
4606	10 
4607	74 
4608	89 
4609	49 
4610	102 
4611	26 
4612	59 
4613	25 
4614	40 
4615	98 
4616	58 
4617	49 
4618	13 
4619	70 
4620	50 
4621	3 
4622	22 
4623	33 
4624	79 
4625	34 
4626	100 
4627	80 
4628	70 
4629	7 
4630	32 
4631	61 
4632	14 
4633	77 
4634	6 
4635	51 
4636	61 
4637	57 
4638	30 
4639	33 
4640	16 
4641	11 
4642	37 
4643	15 
4644	87 
4645	10 
4646	42 
4647	102 
4648	32 
4649	46 
4650	41 
4651	36 
4652	10 
4653	73 
4654	12 
4655	87 
4656	10 
4657	4 
4658	95 
4659	80 
4660	42 
4661	74 
4662	44 
4663	2 
4664	45 
4665	31 
4666	32 
4667	80 
4668	101 
4669	41 
4670	44 
4671	91 
4672	97 
4673	29 
4674	100 
4675	102 
4676	91 
4677	70 
4678	67 
4679	51 
4680	87 
4681	86 
4682	79 
4683	49 
4684	91 
4685	50 
4686	79 
4687	101 
4688	78 
4689	70 
4690	25 
4691	22 
4692	66 
4693	77 
4694	53 
4695	52 
4696	41 
4697	94 
4698	67 
4699	1 
4700	68 
4701	6 
4702	37 
4703	40 
4704	14 
4705	84 
4706	91 
4707	79 
4708	57 
4709	30 
4710	43 
4711	77 
4712	65 
4713	41 
4714	42 
4715	41 
4716	23 
4717	71 
4718	93 
4719	86 
4720	11 
4721	46 
4722	41 
4723	58 
4724	86 
4725	60 
4726	66 
4727	62 
4728	8 
4729	57 
4730	97 
4731	31 
4732	99 
4733	96 
4734	60 
4735	8 
4736	13 
4737	88 
4738	42 
4739	91 
4740	89 
4741	89 
4742	86 
4743	37 
4744	27 
4745	10 
4746	43 
4747	61 
4748	70 
4749	37 
4750	3 
4751	48 
4752	56 
4753	58 
4754	53 
4755	71 
4756	13 
4757	69 
4758	79 
4759	10 
4760	96 
4761	74 
4762	14 
4763	70 
4764	88 
4765	16 
4766	101 
4767	13 
4768	43 
4769	82 
4770	85 
4771	46 
4772	59 
4773	58 
4774	3 
4775	74 
4776	9 
4777	5 
4778	93 
4779	58 
4780	13 
4781	31 
4782	10 
4783	21 
4784	29 
4785	66 
4786	91 
4787	101 
4788	26 
4789	26 
4790	100 
4791	2 
4792	6 
4793	97 
4794	52 
4795	72 
4796	59 
4797	26 
4798	66 
4799	50 
4800	47 
4801	47 
4802	101 
4803	72 
4804	51 
4805	66 
4806	67 
4807	19 
4808	41 
4809	10 
4810	87 
4811	46 
4812	37 
4813	85 
4814	27 
4815	67 
4816	26 
4817	101 
4818	53 
4819	19 
4820	41 
4821	87 
4822	37 
4823	91 
4824	59 
4825	69 
4826	30 
4827	50 
4828	95 
4829	59 
4830	73 
4831	65 
4832	6 
4833	2 
4834	45 
4835	97 
4836	19 
4837	74 
4838	50 
4839	27 
4840	10 
4841	53 
4842	101 
4843	37 
4844	89 
4845	49 
4846	91 
4847	44 
4848	74 
4849	32 
4850	60 
4851	38 
4852	47 
4853	34 
4854	59 
4855	24 
4856	46 
4857	68 
4858	29 
4859	86 
4860	36 
4861	40 
4862	80 
4863	16 
4864	22 
4865	77 
4866	46 
4867	75 
4868	89 
4869	72 
4870	10 
4871	13 
4872	98 
4873	14 
4874	7 
4875	72 
4876	25 
4877	67 
4878	16 
4879	59 
4880	17 
4881	68 
4882	22 
4883	17 
4884	13 
4885	58 
4886	41 
4887	10 
4888	34 
4889	65 
4890	95 
4891	25 
4892	79 
4893	53 
4894	85 
4895	4 
4896	26 
4897	16 
4898	70 
4899	28 
4900	95 
4901	69 
4902	45 
4903	29 
4904	79 
4905	98 
4906	66 
4907	57 
4908	58 
4909	87 
4910	29 
4911	72 
4912	73 
4913	15 
4914	64 
4915	26 
4916	46 
4917	81 
4918	42 
4919	50 
4920	29 
4921	31 
4922	84 
4923	56 
4924	86 
4925	7 
4926	85 
4927	26 
4928	16 
4929	85 
4930	80 
4931	100 
4932	49 
4933	86 
4934	4 
4935	7 
4936	14 
4937	89 
4938	70 
4939	50 
4940	5 
4941	59 
4942	96 
4943	94 
4944	83 
4945	29 
4946	95 
4947	96 
4948	14 
4949	102 
4950	31 
4951	5 
4952	26 
4953	37 
4954	14 
4955	95 
4956	79 
4957	46 
4958	13 
4959	5 
4960	99 
4961	79 
4962	56 
4963	57 
4964	40 
4965	73 
4966	74 
4967	81 
4968	74 
4969	77 
4970	79 
4971	45 
4972	57 
4973	90 
4974	68 
4975	90 
4976	80 
4977	28 
4978	20 
4979	81 
4980	93 
4981	53 
4982	70 
4983	96 
4984	72 
4985	33 
4986	81 
4987	13 
4988	3 
4989	47 
4990	14 
4991	94 
4992	36 
4993	22 
4994	34 
4995	13 
4996	4 
4997	33 
4998	44 
4999	14 
5000	32 
