1	72 
2	20 
3	63 
4	10 
5	32 
6	58 
7	12 
8	100 
9	24 
10	36 
11	9 
12	75 
13	88 
14	91 
15	14 
16	14 
17	16 
18	81 
19	18 
20	67 
21	63 
22	19 
23	94 
24	33 
25	46 
26	17 
27	21 
28	87 
29	6 
30	61 
31	10 
32	70 
33	34 
34	49 
35	84 
36	2 
37	87 
38	4 
39	100 
40	17 
41	21 
42	44 
43	24 
44	40 
45	52 
46	63 
47	10 
48	67 
49	78 
50	24 
51	91 
52	43 
53	87 
54	76 
55	77 
56	49 
57	57 
58	27 
59	29 
60	60 
61	34 
62	8 
63	99 
64	41 
65	70 
66	95 
67	12 
68	18 
69	5 
70	26 
71	29 
72	8 
73	31 
74	59 
75	85 
76	93 
77	76 
78	72 
79	26 
80	101 
81	62 
82	43 
83	20 
84	1 
85	20 
86	24 
87	96 
88	54 
89	93 
90	79 
91	29 
92	30 
93	7 
94	13 
95	19 
96	67 
97	101 
98	76 
99	5 
100	31 
101	101 
102	40 
103	63 
104	101 
105	2 
106	32 
107	9 
108	37 
109	75 
110	70 
111	38 
112	82 
113	12 
114	63 
115	81 
116	85 
117	68 
118	34 
119	31 
120	13 
121	67 
122	43 
123	17 
124	87 
125	93 
126	62 
127	91 
128	23 
129	95 
130	96 
131	75 
132	27 
133	12 
134	74 
135	12 
136	95 
137	69 
138	43 
139	100 
140	71 
141	62 
142	88 
143	36 
144	24 
145	9 
146	97 
147	78 
148	19 
149	49 
150	17 
151	55 
152	98 
153	37 
154	60 
155	50 
156	91 
157	12 
158	89 
159	96 
160	2 
161	15 
162	100 
163	82 
164	27 
165	33 
166	61 
167	30 
168	7 
169	40 
170	63 
171	96 
172	101 
173	72 
174	76 
175	15 
176	63 
177	54 
178	3 
179	101 
180	4 
181	65 
182	53 
183	79 
184	98 
185	7 
186	13 
187	67 
188	11 
189	10 
190	48 
191	64 
192	14 
193	12 
194	87 
195	36 
196	95 
197	90 
198	96 
199	100 
200	66 
201	84 
202	13 
203	63 
204	55 
205	51 
206	38 
207	80 
208	36 
209	91 
210	2 
211	28 
212	13 
213	29 
214	48 
215	75 
216	60 
217	61 
218	12 
219	17 
220	21 
221	31 
222	52 
223	92 
224	7 
225	58 
226	88 
227	3 
228	49 
229	100 
230	98 
231	41 
232	81 
233	9 
234	52 
235	64 
236	34 
237	21 
238	27 
239	63 
240	38 
241	73 
242	43 
243	33 
244	27 
245	3 
246	2 
247	29 
248	29 
249	89 
250	86 
251	7 
252	47 
253	20 
254	65 
255	60 
256	14 
257	28 
258	87 
259	89 
260	90 
261	77 
262	92 
263	27 
264	84 
265	29 
266	52 
267	63 
268	30 
269	95 
270	54 
271	96 
272	3 
273	38 
274	29 
275	41 
276	29 
277	12 
278	13 
279	21 
280	98 
281	12 
282	31 
283	13 
284	60 
285	99 
286	71 
287	41 
288	32 
289	96 
290	84 
291	24 
292	37 
293	46 
294	47 
295	17 
296	61 
297	60 
298	52 
299	1 
300	100 
301	12 
302	6 
303	94 
304	38 
305	5 
306	75 
307	20 
308	52 
309	12 
310	9 
311	29 
312	100 
313	64 
314	17 
315	52 
316	31 
317	5 
318	15 
319	99 
320	100 
321	87 
322	62 
323	26 
324	92 
325	3 
326	97 
327	27 
328	69 
329	93 
330	77 
331	32 
332	48 
333	64 
334	52 
335	95 
336	62 
337	82 
338	75 
339	55 
340	76 
341	17 
342	94 
343	75 
344	12 
345	26 
346	89 
347	27 
348	16 
349	82 
350	48 
351	85 
352	12 
353	51 
354	98 
355	67 
356	55 
357	28 
358	70 
359	17 
360	68 
361	43 
362	69 
363	89 
364	5 
365	15 
366	62 
367	9 
368	12 
369	55 
370	57 
371	43 
372	53 
373	48 
374	12 
375	35 
376	34 
377	21 
378	12 
379	28 
380	17 
381	58 
382	76 
383	21 
384	27 
385	58 
386	101 
387	1 
388	80 
389	66 
390	31 
391	71 
392	19 
393	68 
394	30 
395	73 
396	20 
397	1 
398	31 
399	19 
400	71 
401	71 
402	40 
403	44 
404	55 
405	27 
406	39 
407	44 
408	27 
409	7 
410	20 
411	32 
412	15 
413	20 
414	63 
415	62 
416	69 
417	70 
418	27 
419	28 
420	43 
421	91 
422	33 
423	8 
424	74 
425	64 
426	101 
427	46 
428	41 
429	82 
430	28 
431	100 
432	75 
433	4 
434	8 
435	48 
436	52 
437	75 
438	5 
439	32 
440	35 
441	75 
442	3 
443	34 
444	2 
445	33 
446	57 
447	51 
448	42 
449	67 
450	40 
451	35 
452	23 
453	51 
454	32 
455	88 
456	41 
457	75 
458	42 
459	95 
460	6 
461	61 
462	62 
463	15 
464	59 
465	31 
466	59 
467	67 
468	101 
469	48 
470	92 
471	53 
472	80 
473	74 
474	9 
475	23 
476	60 
477	12 
478	93 
479	92 
480	54 
481	70 
482	15 
483	64 
484	93 
485	87 
486	83 
487	101 
488	10 
489	77 
490	67 
491	48 
492	84 
493	48 
494	23 
495	71 
496	72 
497	85 
498	55 
499	95 
500	99 
501	97 
502	72 
503	30 
504	58 
505	45 
506	18 
507	56 
508	2 
509	2 
510	72 
511	24 
512	21 
513	88 
514	53 
515	43 
516	67 
517	69 
518	43 
519	60 
520	100 
521	19 
522	34 
523	24 
524	17 
525	37 
526	67 
527	82 
528	49 
529	13 
530	93 
531	87 
532	63 
533	65 
534	61 
535	101 
536	6 
537	48 
538	52 
539	101 
540	12 
541	22 
542	52 
543	26 
544	75 
545	59 
546	82 
547	37 
548	34 
549	100 
550	26 
551	89 
552	28 
553	5 
554	62 
555	56 
556	82 
557	34 
558	57 
559	9 
560	36 
561	71 
562	46 
563	41 
564	48 
565	39 
566	63 
567	79 
568	101 
569	84 
570	23 
571	24 
572	7 
573	10 
574	43 
575	89 
576	34 
577	26 
578	60 
579	67 
580	63 
581	51 
582	15 
583	23 
584	41 
585	82 
586	76 
587	21 
588	86 
589	31 
590	50 
591	58 
592	43 
593	76 
594	32 
595	101 
596	60 
597	25 
598	71 
599	40 
600	72 
601	61 
602	34 
603	93 
604	77 
605	69 
606	39 
607	32 
608	26 
609	68 
610	17 
611	101 
612	51 
613	18 
614	82 
615	98 
616	41 
617	25 
618	52 
619	29 
620	55 
621	55 
622	41 
623	45 
624	29 
625	93 
626	27 
627	37 
628	24 
629	64 
630	4 
631	34 
632	30 
633	7 
634	48 
635	90 
636	59 
637	37 
638	71 
639	64 
640	29 
641	92 
642	17 
643	59 
644	48 
645	62 
646	68 
647	28 
648	43 
649	6 
650	49 
651	56 
652	9 
653	34 
654	100 
655	67 
656	71 
657	68 
658	17 
659	35 
660	4 
661	71 
662	19 
663	78 
664	48 
665	69 
666	101 
667	70 
668	27 
669	23 
670	2 
671	100 
672	62 
673	95 
674	65 
675	94 
676	21 
677	51 
678	97 
679	61 
680	15 
681	50 
682	33 
683	22 
684	33 
685	99 
686	49 
687	58 
688	79 
689	4 
690	29 
691	101 
692	19 
693	18 
694	98 
695	100 
696	73 
697	75 
698	87 
699	29 
700	63 
701	72 
702	89 
703	89 
704	21 
705	48 
706	54 
707	62 
708	17 
709	76 
710	18 
711	31 
712	56 
713	43 
714	84 
715	91 
716	63 
717	60 
718	43 
719	36 
720	67 
721	72 
722	52 
723	95 
724	18 
725	5 
726	81 
727	74 
728	75 
729	21 
730	6 
731	62 
732	40 
733	59 
734	29 
735	28 
736	49 
737	6 
738	41 
739	6 
740	83 
741	22 
742	28 
743	16 
744	87 
745	55 
746	52 
747	68 
748	91 
749	48 
750	62 
751	43 
752	43 
753	39 
754	67 
755	44 
756	25 
757	32 
758	44 
759	3 
760	94 
761	8 
762	29 
763	19 
764	72 
765	41 
766	95 
767	62 
768	4 
769	9 
770	68 
771	95 
772	15 
773	41 
774	75 
775	83 
776	19 
777	67 
778	21 
779	63 
780	95 
781	13 
782	27 
783	9 
784	12 
785	41 
786	7 
787	33 
788	19 
789	63 
790	71 
791	62 
792	24 
793	46 
794	31 
795	77 
796	41 
797	38 
798	68 
799	19 
800	42 
801	29 
802	33 
803	6 
804	83 
805	37 
806	93 
807	62 
808	75 
809	31 
810	85 
811	33 
812	68 
813	6 
814	91 
815	40 
816	39 
817	86 
818	70 
819	67 
820	90 
821	86 
822	65 
823	72 
824	89 
825	37 
826	65 
827	100 
828	75 
829	8 
830	93 
831	33 
832	38 
833	67 
834	91 
835	6 
836	12 
837	38 
838	36 
839	84 
840	12 
841	71 
842	67 
843	73 
844	69 
845	15 
846	49 
847	15 
848	36 
849	43 
850	51 
851	71 
852	55 
853	53 
854	12 
855	97 
856	91 
857	51 
858	17 
859	41 
860	81 
861	8 
862	27 
863	6 
864	44 
865	95 
866	72 
867	51 
868	59 
869	62 
870	100 
871	33 
872	36 
873	12 
874	3 
875	73 
876	60 
877	71 
878	89 
879	48 
880	34 
881	27 
882	69 
883	20 
884	97 
885	87 
886	58 
887	92 
888	13 
889	40 
890	27 
891	62 
892	6 
893	60 
894	47 
895	40 
896	59 
897	95 
898	85 
899	54 
900	48 
901	31 
902	60 
903	19 
904	45 
905	80 
906	7 
907	71 
908	17 
909	41 
910	5 
911	48 
912	101 
913	63 
914	30 
915	42 
916	84 
917	23 
918	74 
919	71 
920	29 
921	33 
922	40 
923	76 
924	6 
925	34 
926	67 
927	91 
928	39 
929	93 
930	55 
931	51 
932	51 
933	59 
934	11 
935	22 
936	98 
937	73 
938	87 
939	38 
940	52 
941	1 
942	89 
943	31 
944	78 
945	58 
946	33 
947	95 
948	29 
949	2 
950	19 
951	94 
952	28 
953	87 
954	25 
955	2 
956	71 
957	84 
958	10 
959	91 
960	28 
961	32 
962	51 
963	7 
964	93 
965	12 
966	20 
967	30 
968	28 
969	9 
970	46 
971	62 
972	88 
973	62 
974	59 
975	87 
976	10 
977	27 
978	12 
979	70 
980	55 
981	77 
982	6 
983	82 
984	34 
985	54 
986	6 
987	22 
988	40 
989	100 
990	64 
991	2 
992	45 
993	29 
994	88 
995	3 
996	2 
997	24 
998	51 
999	20 
1000	89 
1001	34 
1002	67 
1003	29 
1004	32 
1005	100 
1006	101 
1007	43 
1008	34 
1009	95 
1010	86 
1011	26 
1012	15 
1013	69 
1014	4 
1015	84 
1016	54 
1017	69 
1018	67 
1019	86 
1020	101 
1021	37 
1022	41 
1023	3 
1024	37 
1025	71 
1026	15 
1027	90 
1028	19 
1029	23 
1030	18 
1031	41 
1032	41 
1033	87 
1034	25 
1035	67 
1036	63 
1037	99 
1038	73 
1039	34 
1040	99 
1041	84 
1042	28 
1043	40 
1044	80 
1045	97 
1046	16 
1047	74 
1048	40 
1049	35 
1050	9 
1051	41 
1052	16 
1053	13 
1054	6 
1055	7 
1056	6 
1057	5 
1058	33 
1059	48 
1060	50 
1061	53 
1062	89 
1063	31 
1064	39 
1065	44 
1066	68 
1067	38 
1068	59 
1069	88 
1070	67 
1071	98 
1072	100 
1073	77 
1074	5 
1075	97 
1076	12 
1077	37 
1078	76 
1079	89 
1080	12 
1081	24 
1082	100 
1083	23 
1084	13 
1085	50 
1086	52 
1087	49 
1088	84 
1089	72 
1090	44 
1091	12 
1092	6 
1093	35 
1094	82 
1095	57 
1096	56 
1097	57 
1098	41 
1099	81 
1100	66 
1101	14 
1102	96 
1103	91 
1104	85 
1105	95 
1106	55 
1107	97 
1108	50 
1109	99 
1110	93 
1111	85 
1112	44 
1113	81 
1114	5 
1115	15 
1116	49 
1117	27 
1118	19 
1119	81 
1120	41 
1121	101 
1122	53 
1123	41 
1124	2 
1125	17 
1126	100 
1127	65 
1128	59 
1129	32 
1130	28 
1131	61 
1132	50 
1133	44 
1134	17 
1135	52 
1136	70 
1137	88 
1138	67 
1139	31 
1140	2 
1141	21 
1142	27 
1143	73 
1144	90 
1145	95 
1146	59 
1147	66 
1148	86 
1149	40 
1150	101 
1151	91 
1152	64 
1153	27 
1154	96 
1155	28 
1156	43 
1157	19 
1158	55 
1159	99 
1160	63 
1161	63 
1162	32 
1163	89 
1164	82 
1165	75 
1166	100 
1167	34 
1168	58 
1169	71 
1170	24 
1171	29 
1172	50 
1173	67 
1174	99 
1175	13 
1176	41 
1177	85 
1178	12 
1179	29 
1180	17 
1181	17 
1182	79 
1183	60 
1184	1 
1185	5 
1186	27 
1187	63 
1188	66 
1189	31 
1190	99 
1191	31 
1192	22 
1193	24 
1194	51 
1195	17 
1196	35 
1197	17 
1198	4 
1199	67 
1200	77 
1201	98 
1202	31 
1203	51 
1204	24 
1205	65 
1206	25 
1207	1 
1208	69 
1209	17 
1210	4 
1211	71 
1212	69 
1213	19 
1214	22 
1215	59 
1216	51 
1217	80 
1218	17 
1219	69 
1220	58 
1221	68 
1222	89 
1223	89 
1224	3 
1225	100 
1226	101 
1227	72 
1228	36 
1229	37 
1230	97 
1231	62 
1232	48 
1233	63 
1234	20 
1235	17 
1236	17 
1237	53 
1238	52 
1239	8 
1240	85 
1241	12 
1242	64 
1243	93 
1244	40 
1245	48 
1246	48 
1247	28 
1248	59 
1249	12 
1250	33 
1251	85 
1252	67 
1253	40 
1254	28 
1255	27 
1256	38 
1257	100 
1258	4 
1259	61 
1260	62 
1261	52 
1262	85 
1263	52 
1264	15 
1265	87 
1266	71 
1267	34 
1268	17 
1269	38 
1270	7 
1271	71 
1272	31 
1273	17 
1274	32 
1275	75 
1276	81 
1277	10 
1278	90 
1279	99 
1280	41 
1281	55 
1282	71 
1283	6 
1284	40 
1285	27 
1286	67 
1287	85 
1288	6 
1289	2 
1290	33 
1291	60 
1292	84 
1293	40 
1294	92 
1295	63 
1296	84 
1297	31 
1298	87 
1299	44 
1300	52 
1301	58 
1302	41 
1303	81 
1304	22 
1305	77 
1306	1 
1307	45 
1308	84 
1309	17 
1310	67 
1311	58 
1312	43 
1313	26 
1314	89 
1315	7 
1316	101 
1317	2 
1318	85 
1319	71 
1320	34 
1321	52 
1322	11 
1323	50 
1324	30 
1325	58 
1326	66 
1327	91 
1328	63 
1329	97 
1330	77 
1331	3 
1332	17 
1333	100 
1334	101 
1335	53 
1336	59 
1337	78 
1338	87 
1339	50 
1340	37 
1341	60 
1342	61 
1343	62 
1344	14 
1345	16 
1346	67 
1347	90 
1348	83 
1349	40 
1350	26 
1351	14 
1352	16 
1353	53 
1354	71 
1355	23 
1356	52 
1357	31 
1358	54 
1359	71 
1360	83 
1361	59 
1362	29 
1363	82 
1364	78 
1365	65 
1366	7 
1367	75 
1368	91 
1369	29 
1370	19 
1371	10 
1372	101 
1373	75 
1374	39 
1375	6 
1376	50 
1377	62 
1378	36 
1379	11 
1380	65 
1381	91 
1382	98 
1383	69 
1384	4 
1385	82 
1386	14 
1387	31 
1388	85 
1389	15 
1390	97 
1391	68 
1392	16 
1393	31 
1394	3 
1395	69 
1396	34 
1397	61 
1398	43 
1399	33 
1400	74 
1401	25 
1402	101 
1403	11 
1404	10 
1405	52 
1406	48 
1407	94 
1408	32 
1409	62 
1410	17 
1411	43 
1412	62 
1413	60 
1414	70 
1415	29 
1416	59 
1417	53 
1418	52 
1419	87 
1420	67 
1421	52 
1422	96 
1423	33 
1424	81 
1425	43 
1426	64 
1427	8 
1428	39 
1429	67 
1430	59 
1431	87 
1432	64 
1433	87 
1434	33 
1435	14 
1436	91 
1437	19 
1438	18 
1439	67 
1440	29 
1441	7 
1442	70 
1443	29 
1444	10 
1445	7 
1446	84 
1447	49 
1448	21 
1449	49 
1450	12 
1451	90 
1452	18 
1453	85 
1454	88 
1455	42 
1456	68 
1457	57 
1458	31 
1459	10 
1460	58 
1461	6 
1462	83 
1463	30 
1464	84 
1465	96 
1466	15 
1467	58 
1468	88 
1469	6 
1470	42 
1471	12 
1472	11 
1473	32 
1474	60 
1475	99 
1476	64 
1477	96 
1478	83 
1479	99 
1480	2 
1481	63 
1482	83 
1483	74 
1484	43 
1485	43 
1486	7 
1487	100 
1488	71 
1489	61 
1490	2 
1491	76 
1492	34 
1493	2 
1494	29 
1495	27 
1496	72 
1497	55 
1498	62 
1499	37 
1500	34 
1501	79 
1502	17 
1503	40 
1504	79 
1505	76 
1506	59 
1507	69 
1508	63 
1509	99 
1510	5 
1511	100 
1512	80 
1513	29 
1514	93 
1515	51 
1516	4 
1517	37 
1518	51 
1519	31 
1520	29 
1521	35 
1522	58 
1523	85 
1524	40 
1525	33 
1526	16 
1527	17 
1528	6 
1529	26 
1530	25 
1531	98 
1532	91 
1533	79 
1534	57 
1535	48 
1536	75 
1537	13 
1538	86 
1539	10 
1540	52 
1541	35 
1542	47 
1543	31 
1544	23 
1545	87 
1546	24 
1547	52 
1548	31 
1549	37 
1550	66 
1551	61 
1552	60 
1553	59 
1554	70 
1555	66 
1556	11 
1557	29 
1558	3 
1559	44 
1560	1 
1561	97 
1562	40 
1563	36 
1564	101 
1565	44 
1566	52 
1567	36 
1568	31 
1569	53 
1570	14 
1571	91 
1572	17 
1573	62 
1574	100 
1575	88 
1576	52 
1577	76 
1578	49 
1579	49 
1580	69 
1581	3 
1582	12 
1583	43 
1584	27 
1585	29 
1586	1 
1587	34 
1588	21 
1589	91 
1590	67 
1591	81 
1592	41 
1593	11 
1594	91 
1595	52 
1596	51 
1597	19 
1598	49 
1599	2 
1600	98 
1601	26 
1602	95 
1603	43 
1604	36 
1605	90 
1606	96 
1607	77 
1608	51 
1609	14 
1610	68 
1611	76 
1612	91 
1613	90 
1614	61 
1615	55 
1616	29 
1617	77 
1618	75 
1619	87 
1620	76 
1621	90 
1622	1 
1623	73 
1624	101 
1625	82 
1626	77 
1627	88 
1628	32 
1629	55 
1630	37 
1631	24 
1632	3 
1633	27 
1634	60 
1635	35 
1636	21 
1637	44 
1638	40 
1639	37 
1640	12 
1641	11 
1642	33 
1643	40 
1644	39 
1645	29 
1646	2 
1647	21 
1648	99 
1649	87 
1650	11 
1651	75 
1652	72 
1653	62 
1654	95 
1655	33 
1656	81 
1657	47 
1658	38 
1659	12 
1660	48 
1661	19 
1662	101 
1663	94 
1664	12 
1665	52 
1666	83 
1667	84 
1668	58 
1669	28 
1670	47 
1671	2 
1672	31 
1673	63 
1674	50 
1675	3 
1676	29 
1677	15 
1678	101 
1679	12 
1680	9 
1681	17 
1682	58 
1683	22 
1684	96 
1685	29 
1686	36 
1687	77 
1688	82 
1689	87 
1690	91 
1691	40 
1692	67 
1693	41 
1694	34 
1695	63 
1696	9 
1697	27 
1698	19 
1699	93 
1700	29 
1701	65 
1702	71 
1703	95 
1704	31 
1705	71 
1706	17 
1707	88 
1708	95 
1709	52 
1710	64 
1711	32 
1712	92 
1713	99 
1714	20 
1715	10 
1716	99 
1717	45 
1718	16 
1719	41 
1720	7 
1721	101 
1722	76 
1723	87 
1724	82 
1725	52 
1726	92 
1727	33 
1728	82 
1729	11 
1730	21 
1731	6 
1732	87 
1733	10 
1734	88 
1735	9 
1736	5 
1737	31 
1738	75 
1739	96 
1740	49 
1741	81 
1742	21 
1743	48 
1744	59 
1745	17 
1746	88 
1747	90 
1748	44 
1749	82 
1750	88 
1751	84 
1752	42 
1753	17 
1754	52 
1755	44 
1756	52 
1757	44 
1758	10 
1759	82 
1760	96 
1761	32 
1762	26 
1763	86 
1764	17 
1765	27 
1766	55 
1767	58 
1768	81 
1769	91 
1770	64 
1771	99 
1772	49 
1773	99 
1774	63 
1775	13 
1776	26 
1777	71 
1778	62 
1779	10 
1780	4 
1781	53 
1782	20 
1783	75 
1784	56 
1785	94 
1786	63 
1787	62 
1788	31 
1789	36 
1790	5 
1791	18 
1792	99 
1793	39 
1794	89 
1795	99 
1796	1 
1797	12 
1798	33 
1799	41 
1800	91 
1801	91 
1802	71 
1803	88 
1804	75 
1805	25 
1806	67 
1807	74 
1808	66 
1809	69 
1810	21 
1811	57 
1812	70 
1813	24 
1814	18 
1815	20 
1816	64 
1817	22 
1818	21 
1819	32 
1820	95 
1821	101 
1822	62 
1823	101 
1824	1 
1825	42 
1826	40 
1827	51 
1828	88 
1829	28 
1830	40 
1831	101 
1832	58 
1833	88 
1834	69 
1835	11 
1836	27 
1837	12 
1838	55 
1839	20 
1840	29 
1841	87 
1842	24 
1843	92 
1844	68 
1845	38 
1846	20 
1847	41 
1848	99 
1849	10 
1850	7 
1851	24 
1852	39 
1853	17 
1854	76 
1855	87 
1856	9 
1857	36 
1858	98 
1859	27 
1860	83 
1861	43 
1862	91 
1863	31 
1864	101 
1865	83 
1866	62 
1867	46 
1868	53 
1869	88 
1870	50 
1871	13 
1872	38 
1873	99 
1874	68 
1875	25 
1876	60 
1877	9 
1878	15 
1879	40 
1880	41 
1881	27 
1882	55 
1883	17 
1884	87 
1885	92 
1886	25 
1887	38 
1888	54 
1889	100 
1890	25 
1891	73 
1892	71 
1893	97 
1894	85 
1895	29 
1896	59 
1897	88 
1898	55 
1899	40 
1900	99 
1901	59 
1902	61 
1903	28 
1904	37 
1905	57 
1906	35 
1907	101 
1908	15 
1909	101 
1910	90 
1911	43 
1912	11 
1913	52 
1914	45 
1915	101 
1916	73 
1917	47 
1918	71 
1919	4 
1920	78 
1921	51 
1922	99 
1923	8 
1924	65 
1925	98 
1926	100 
1927	84 
1928	56 
1929	44 
1930	33 
1931	31 
1932	67 
1933	31 
1934	31 
1935	75 
1936	87 
1937	101 
1938	42 
1939	38 
1940	57 
1941	88 
1942	62 
1943	7 
1944	88 
1945	84 
1946	100 
1947	91 
1948	37 
1949	99 
1950	9 
1951	73 
1952	14 
1953	60 
1954	76 
1955	27 
1956	64 
1957	11 
1958	17 
1959	34 
1960	57 
1961	51 
1962	6 
1963	67 
1964	30 
1965	87 
1966	52 
1967	13 
1968	4 
1969	1 
1970	49 
1971	101 
1972	84 
1973	90 
1974	11 
1975	87 
1976	12 
1977	49 
1978	57 
1979	73 
1980	101 
1981	9 
1982	90 
1983	67 
1984	36 
1985	6 
1986	78 
1987	19 
1988	64 
1989	60 
1990	48 
1991	100 
1992	2 
1993	50 
1994	56 
1995	52 
1996	17 
1997	29 
1998	96 
1999	24 
2000	24 
2001	64 
2002	9 
2003	40 
2004	86 
2005	55 
2006	76 
2007	22 
2008	2 
2009	41 
2010	100 
2011	13 
2012	61 
2013	69 
2014	11 
2015	72 
2016	61 
2017	64 
2018	87 
2019	42 
2020	69 
2021	12 
2022	77 
2023	33 
2024	17 
2025	16 
2026	86 
2027	4 
2028	76 
2029	39 
2030	17 
2031	62 
2032	9 
2033	15 
2034	88 
2035	60 
2036	69 
2037	11 
2038	67 
2039	99 
2040	96 
2041	98 
2042	77 
2043	53 
2044	1 
2045	4 
2046	67 
2047	77 
2048	87 
2049	48 
2050	3 
2051	100 
2052	12 
2053	76 
2054	71 
2055	59 
2056	89 
2057	2 
2058	52 
2059	48 
2060	70 
2061	48 
2062	24 
2063	31 
2064	8 
2065	99 
2066	47 
2067	12 
2068	91 
2069	94 
2070	72 
2071	28 
2072	63 
2073	26 
2074	17 
2075	17 
2076	37 
2077	16 
2078	67 
2079	67 
2080	4 
2081	35 
2082	29 
2083	12 
2084	64 
2085	82 
2086	31 
2087	86 
2088	83 
2089	19 
2090	51 
2091	86 
2092	67 
2093	83 
2094	22 
2095	19 
2096	74 
2097	88 
2098	85 
2099	70 
2100	8 
2101	68 
2102	58 
2103	57 
2104	43 
2105	64 
2106	62 
2107	41 
2108	84 
2109	89 
2110	17 
2111	85 
2112	76 
2113	73 
2114	6 
2115	27 
2116	52 
2117	37 
2118	7 
2119	42 
2120	64 
2121	53 
2122	69 
2123	48 
2124	23 
2125	45 
2126	71 
2127	11 
2128	66 
2129	39 
2130	6 
2131	26 
2132	28 
2133	29 
2134	92 
2135	91 
2136	72 
2137	48 
2138	63 
2139	37 
2140	15 
2141	47 
2142	17 
2143	19 
2144	31 
2145	36 
2146	7 
2147	40 
2148	96 
2149	63 
2150	84 
2151	19 
2152	27 
2153	55 
2154	43 
2155	91 
2156	17 
2157	48 
2158	72 
2159	19 
2160	59 
2161	72 
2162	85 
2163	22 
2164	12 
2165	60 
2166	40 
2167	91 
2168	67 
2169	82 
2170	34 
2171	97 
2172	61 
2173	38 
2174	21 
2175	40 
2176	23 
2177	21 
2178	44 
2179	2 
2180	48 
2181	34 
2182	55 
2183	81 
2184	24 
2185	5 
2186	15 
2187	68 
2188	18 
2189	56 
2190	88 
2191	75 
2192	25 
2193	31 
2194	82 
2195	12 
2196	26 
2197	95 
2198	30 
2199	84 
2200	52 
2201	86 
2202	94 
2203	67 
2204	63 
2205	63 
2206	29 
2207	97 
2208	74 
2209	66 
2210	93 
2211	29 
2212	70 
2213	49 
2214	90 
2215	59 
2216	69 
2217	48 
2218	40 
2219	98 
2220	76 
2221	51 
2222	73 
2223	71 
2224	13 
2225	64 
2226	57 
2227	62 
2228	47 
2229	43 
2230	45 
2231	58 
2232	88 
2233	73 
2234	90 
2235	4 
2236	31 
2237	37 
2238	32 
2239	84 
2240	12 
2241	61 
2242	5 
2243	21 
2244	59 
2245	7 
2246	64 
2247	29 
2248	54 
2249	23 
2250	24 
2251	21 
2252	42 
2253	58 
2254	59 
2255	39 
2256	83 
2257	87 
2258	99 
2259	46 
2260	7 
2261	33 
2262	31 
2263	28 
2264	52 
2265	32 
2266	97 
2267	34 
2268	71 
2269	67 
2270	12 
2271	79 
2272	59 
2273	17 
2274	101 
2275	32 
2276	87 
2277	62 
2278	82 
2279	46 
2280	91 
2281	24 
2282	25 
2283	62 
2284	91 
2285	25 
2286	18 
2287	6 
2288	51 
2289	19 
2290	65 
2291	61 
2292	99 
2293	41 
2294	21 
2295	1 
2296	59 
2297	40 
2298	19 
2299	87 
2300	91 
2301	34 
2302	29 
2303	80 
2304	68 
2305	3 
2306	32 
2307	88 
2308	95 
2309	77 
2310	26 
2311	41 
2312	49 
2313	98 
2314	18 
2315	71 
2316	41 
2317	67 
2318	63 
2319	67 
2320	93 
2321	76 
2322	81 
2323	101 
2324	28 
2325	59 
2326	94 
2327	88 
2328	73 
2329	81 
2330	29 
2331	22 
2332	43 
2333	60 
2334	94 
2335	46 
2336	78 
2337	3 
2338	71 
2339	14 
2340	83 
2341	100 
2342	84 
2343	40 
2344	18 
2345	75 
2346	65 
2347	1 
2348	62 
2349	37 
2350	35 
2351	41 
2352	87 
2353	7 
2354	59 
2355	87 
2356	50 
2357	48 
2358	8 
2359	17 
2360	60 
2361	6 
2362	67 
2363	12 
2364	47 
2365	63 
2366	48 
2367	59 
2368	60 
2369	19 
2370	17 
2371	99 
2372	37 
2373	88 
2374	92 
2375	31 
2376	36 
2377	34 
2378	11 
2379	99 
2380	77 
2381	9 
2382	97 
2383	31 
2384	37 
2385	38 
2386	49 
2387	62 
2388	41 
2389	36 
2390	31 
2391	100 
2392	63 
2393	52 
2394	59 
2395	82 
2396	4 
2397	101 
2398	46 
2399	95 
2400	32 
2401	37 
2402	66 
2403	32 
2404	91 
2405	94 
2406	28 
2407	28 
2408	96 
2409	75 
2410	67 
2411	91 
2412	81 
2413	59 
2414	71 
2415	75 
2416	83 
2417	35 
2418	63 
2419	91 
2420	101 
2421	18 
2422	30 
2423	39 
2424	35 
2425	101 
2426	76 
2427	62 
2428	84 
2429	32 
2430	84 
2431	64 
2432	27 
2433	85 
2434	57 
2435	36 
2436	12 
2437	51 
2438	101 
2439	82 
2440	60 
2441	14 
2442	92 
2443	84 
2444	56 
2445	95 
2446	82 
2447	87 
2448	101 
2449	37 
2450	29 
2451	25 
2452	87 
2453	68 
2454	7 
2455	64 
2456	62 
2457	10 
2458	101 
2459	33 
2460	2 
2461	7 
2462	91 
2463	75 
2464	78 
2465	84 
2466	32 
2467	9 
2468	1 
2469	97 
2470	12 
2471	42 
2472	56 
2473	48 
2474	60 
2475	12 
2476	71 
2477	91 
2478	91 
2479	43 
2480	59 
2481	67 
2482	44 
2483	49 
2484	17 
2485	41 
2486	1 
2487	45 
2488	62 
2489	84 
2490	21 
2491	95 
2492	62 
2493	83 
2494	59 
2495	99 
2496	31 
2497	30 
2498	11 
2499	5 
2500	16 
2501	75 
2502	35 
2503	9 
2504	59 
2505	67 
2506	56 
2507	44 
2508	77 
2509	5 
2510	10 
2511	27 
2512	43 
2513	13 
2514	34 
2515	25 
2516	23 
2517	17 
2518	72 
2519	91 
2520	51 
2521	90 
2522	90 
2523	3 
2524	3 
2525	29 
2526	53 
2527	61 
2528	53 
2529	40 
2530	4 
2531	75 
2532	15 
2533	52 
2534	20 
2535	19 
2536	37 
2537	41 
2538	12 
2539	60 
2540	14 
2541	89 
2542	16 
2543	78 
2544	63 
2545	2 
2546	50 
2547	101 
2548	19 
2549	77 
2550	21 
2551	63 
2552	41 
2553	60 
2554	29 
2555	14 
2556	50 
2557	26 
2558	37 
2559	2 
2560	78 
2561	23 
2562	90 
2563	68 
2564	64 
2565	76 
2566	10 
2567	54 
2568	81 
2569	48 
2570	17 
2571	2 
2572	10 
2573	81 
2574	34 
2575	41 
2576	52 
2577	19 
2578	49 
2579	99 
2580	72 
2581	24 
2582	9 
2583	83 
2584	31 
2585	13 
2586	52 
2587	61 
2588	17 
2589	11 
2590	73 
2591	53 
2592	41 
2593	40 
2594	65 
2595	90 
2596	21 
2597	83 
2598	17 
2599	88 
2600	8 
2601	78 
2602	64 
2603	52 
2604	27 
2605	97 
2606	62 
2607	49 
2608	29 
2609	15 
2610	33 
2611	41 
2612	74 
2613	73 
2614	62 
2615	37 
2616	70 
2617	41 
2618	23 
2619	83 
2620	58 
2621	17 
2622	37 
2623	67 
2624	49 
2625	53 
2626	30 
2627	62 
2628	78 
2629	95 
2630	48 
2631	33 
2632	48 
2633	87 
2634	92 
2635	46 
2636	15 
2637	63 
2638	82 
2639	61 
2640	7 
2641	64 
2642	52 
2643	45 
2644	101 
2645	41 
2646	59 
2647	86 
2648	91 
2649	62 
2650	44 
2651	6 
2652	3 
2653	29 
2654	81 
2655	48 
2656	27 
2657	29 
2658	82 
2659	64 
2660	7 
2661	51 
2662	87 
2663	7 
2664	6 
2665	32 
2666	74 
2667	97 
2668	67 
2669	60 
2670	84 
2671	97 
2672	62 
2673	67 
2674	60 
2675	60 
2676	59 
2677	27 
2678	41 
2679	87 
2680	19 
2681	29 
2682	56 
2683	72 
2684	29 
2685	33 
2686	98 
2687	11 
2688	10 
2689	63 
2690	34 
2691	58 
2692	63 
2693	71 
2694	59 
2695	101 
2696	67 
2697	4 
2698	41 
2699	12 
2700	20 
2701	69 
2702	88 
2703	71 
2704	17 
2705	76 
2706	41 
2707	101 
2708	31 
2709	71 
2710	22 
2711	17 
2712	91 
2713	71 
2714	46 
2715	37 
2716	49 
2717	19 
2718	4 
2719	82 
2720	54 
2721	17 
2722	94 
2723	62 
2724	31 
2725	21 
2726	48 
2727	24 
2728	62 
2729	13 
2730	37 
2731	67 
2732	89 
2733	50 
2734	95 
2735	46 
2736	87 
2737	54 
2738	54 
2739	87 
2740	12 
2741	76 
2742	44 
2743	48 
2744	62 
2745	13 
2746	73 
2747	15 
2748	19 
2749	22 
2750	87 
2751	39 
2752	40 
2753	54 
2754	95 
2755	29 
2756	40 
2757	84 
2758	54 
2759	88 
2760	43 
2761	99 
2762	48 
2763	82 
2764	57 
2765	82 
2766	101 
2767	21 
2768	24 
2769	35 
2770	40 
2771	47 
2772	59 
2773	28 
2774	88 
2775	88 
2776	37 
2777	35 
2778	21 
2779	89 
2780	62 
2781	100 
2782	94 
2783	54 
2784	2 
2785	60 
2786	24 
2787	19 
2788	72 
2789	96 
2790	4 
2791	58 
2792	63 
2793	34 
2794	64 
2795	54 
2796	82 
2797	99 
2798	41 
2799	51 
2800	70 
2801	67 
2802	33 
2803	98 
2804	75 
2805	25 
2806	64 
2807	79 
2808	100 
2809	68 
2810	59 
2811	7 
2812	32 
2813	21 
2814	78 
2815	98 
2816	52 
2817	11 
2818	51 
2819	63 
2820	17 
2821	35 
2822	15 
2823	67 
2824	40 
2825	31 
2826	80 
2827	93 
2828	10 
2829	10 
2830	57 
2831	91 
2832	43 
2833	19 
2834	49 
2835	8 
2836	34 
2837	15 
2838	82 
2839	58 
2840	49 
2841	42 
2842	62 
2843	62 
2844	55 
2845	94 
2846	69 
2847	14 
2848	52 
2849	60 
2850	37 
2851	28 
2852	83 
2853	2 
2854	33 
2855	42 
2856	17 
2857	6 
2858	34 
2859	43 
2860	29 
2861	10 
2862	62 
2863	63 
2864	53 
2865	82 
2866	65 
2867	82 
2868	59 
2869	41 
2870	63 
2871	80 
2872	41 
2873	24 
2874	4 
2875	90 
2876	97 
2877	81 
2878	73 
2879	77 
2880	93 
2881	49 
2882	44 
2883	101 
2884	7 
2885	29 
2886	87 
2887	17 
2888	20 
2889	3 
2890	93 
2891	56 
2892	18 
2893	44 
2894	23 
2895	19 
2896	50 
2897	37 
2898	63 
2899	48 
2900	38 
2901	39 
2902	6 
2903	84 
2904	31 
2905	37 
2906	66 
2907	67 
2908	48 
2909	98 
2910	21 
2911	54 
2912	45 
2913	29 
2914	88 
2915	67 
2916	71 
2917	53 
2918	67 
2919	101 
2920	27 
2921	23 
2922	27 
2923	12 
2924	5 
2925	76 
2926	73 
2927	35 
2928	32 
2929	33 
2930	29 
2931	27 
2932	29 
2933	99 
2934	40 
2935	89 
2936	31 
2937	72 
2938	68 
2939	40 
2940	3 
2941	39 
2942	42 
2943	6 
2944	63 
2945	30 
2946	14 
2947	36 
2948	95 
2949	6 
2950	28 
2951	12 
2952	76 
2953	48 
2954	20 
2955	91 
2956	54 
2957	96 
2958	45 
2959	69 
2960	6 
2961	74 
2962	23 
2963	24 
2964	51 
2965	73 
2966	29 
2967	46 
2968	54 
2969	67 
2970	48 
2971	7 
2972	10 
2973	82 
2974	62 
2975	1 
2976	43 
2977	31 
2978	33 
2979	35 
2980	10 
2981	39 
2982	11 
2983	30 
2984	82 
2985	3 
2986	41 
2987	52 
2988	87 
2989	68 
2990	93 
2991	56 
2992	1 
2993	65 
2994	82 
2995	64 
2996	51 
2997	72 
2998	60 
2999	17 
3000	88 
3001	70 
3002	37 
3003	6 
3004	7 
3005	40 
3006	101 
3007	33 
3008	59 
3009	37 
3010	87 
3011	29 
3012	69 
3013	18 
3014	96 
3015	32 
3016	21 
3017	44 
3018	5 
3019	17 
3020	67 
3021	8 
3022	52 
3023	96 
3024	74 
3025	64 
3026	98 
3027	19 
3028	32 
3029	67 
3030	21 
3031	6 
3032	1 
3033	85 
3034	48 
3035	17 
3036	76 
3037	36 
3038	73 
3039	4 
3040	58 
3041	98 
3042	9 
3043	101 
3044	40 
3045	5 
3046	85 
3047	10 
3048	75 
3049	98 
3050	99 
3051	24 
3052	28 
3053	37 
3054	81 
3055	12 
3056	99 
3057	20 
3058	40 
3059	28 
3060	18 
3061	12 
3062	37 
3063	57 
3064	68 
3065	34 
3066	4 
3067	87 
3068	69 
3069	55 
3070	52 
3071	75 
3072	88 
3073	64 
3074	75 
3075	17 
3076	4 
3077	12 
3078	88 
3079	48 
3080	19 
3081	34 
3082	50 
3083	41 
3084	64 
3085	19 
3086	61 
3087	39 
3088	12 
3089	44 
3090	89 
3091	48 
3092	44 
3093	37 
3094	10 
3095	11 
3096	23 
3097	71 
3098	10 
3099	75 
3100	63 
3101	20 
3102	39 
3103	44 
3104	60 
3105	60 
3106	88 
3107	50 
3108	39 
3109	34 
3110	67 
3111	24 
3112	87 
3113	67 
3114	37 
3115	62 
3116	101 
3117	97 
3118	91 
3119	96 
3120	52 
3121	31 
3122	86 
3123	12 
3124	2 
3125	90 
3126	7 
3127	2 
3128	14 
3129	87 
3130	68 
3131	1 
3132	40 
3133	6 
3134	33 
3135	88 
3136	85 
3137	66 
3138	43 
3139	56 
3140	24 
3141	73 
3142	37 
3143	44 
3144	32 
3145	62 
3146	62 
3147	59 
3148	47 
3149	71 
3150	59 
3151	4 
3152	101 
3153	38 
3154	19 
3155	63 
3156	20 
3157	14 
3158	43 
3159	42 
3160	71 
3161	67 
3162	1 
3163	48 
3164	10 
3165	61 
3166	1 
3167	17 
3168	76 
3169	99 
3170	51 
3171	8 
3172	101 
3173	71 
3174	68 
3175	2 
3176	25 
3177	41 
3178	63 
3179	4 
3180	71 
3181	12 
3182	88 
3183	28 
3184	60 
3185	19 
3186	67 
3187	49 
3188	88 
3189	88 
3190	62 
3191	52 
3192	99 
3193	87 
3194	60 
3195	13 
3196	27 
3197	43 
3198	67 
3199	27 
3200	76 
3201	31 
3202	52 
3203	63 
3204	7 
3205	6 
3206	73 
3207	2 
3208	40 
3209	52 
3210	75 
3211	62 
3212	50 
3213	54 
3214	82 
3215	29 
3216	9 
3217	23 
3218	12 
3219	47 
3220	52 
3221	81 
3222	37 
3223	17 
3224	34 
3225	70 
3226	82 
3227	49 
3228	23 
3229	32 
3230	43 
3231	7 
3232	100 
3233	27 
3234	2 
3235	57 
3236	77 
3237	40 
3238	50 
3239	4 
3240	9 
3241	10 
3242	43 
3243	52 
3244	59 
3245	51 
3246	48 
3247	101 
3248	55 
3249	82 
3250	85 
3251	46 
3252	29 
3253	37 
3254	34 
3255	23 
3256	68 
3257	80 
3258	62 
3259	67 
3260	32 
3261	87 
3262	91 
3263	17 
3264	29 
3265	83 
3266	13 
3267	100 
3268	95 
3269	96 
3270	88 
3271	49 
3272	54 
3273	87 
3274	100 
3275	68 
3276	99 
3277	82 
3278	88 
3279	48 
3280	43 
3281	101 
3282	85 
3283	24 
3284	50 
3285	43 
3286	12 
3287	79 
3288	2 
3289	87 
3290	31 
3291	59 
3292	63 
3293	75 
3294	62 
3295	1 
3296	31 
3297	92 
3298	31 
3299	58 
3300	71 
3301	46 
3302	71 
3303	60 
3304	9 
3305	3 
3306	92 
3307	73 
3308	34 
3309	95 
3310	10 
3311	40 
3312	27 
3313	83 
3314	50 
3315	82 
3316	93 
3317	40 
3318	99 
3319	12 
3320	46 
3321	87 
3322	58 
3323	72 
3324	43 
3325	67 
3326	36 
3327	42 
3328	92 
3329	52 
3330	5 
3331	101 
3332	34 
3333	23 
3334	3 
3335	63 
3336	30 
3337	13 
3338	47 
3339	32 
3340	1 
3341	68 
3342	22 
3343	75 
3344	3 
3345	28 
3346	55 
3347	91 
3348	71 
3349	86 
3350	96 
3351	51 
3352	24 
3353	86 
3354	58 
3355	12 
3356	84 
3357	17 
3358	77 
3359	70 
3360	35 
3361	43 
3362	43 
3363	76 
3364	5 
3365	90 
3366	12 
3367	40 
3368	87 
3369	75 
3370	37 
3371	43 
3372	49 
3373	42 
3374	62 
3375	63 
3376	41 
3377	100 
3378	23 
3379	64 
3380	45 
3381	34 
3382	37 
3383	21 
3384	74 
3385	40 
3386	86 
3387	42 
3388	27 
3389	46 
3390	81 
3391	15 
3392	81 
3393	14 
3394	41 
3395	93 
3396	45 
3397	51 
3398	75 
3399	95 
3400	17 
3401	40 
3402	41 
3403	83 
3404	54 
3405	30 
3406	59 
3407	80 
3408	31 
3409	24 
3410	98 
3411	28 
3412	15 
3413	41 
3414	44 
3415	78 
3416	33 
3417	3 
3418	91 
3419	69 
3420	29 
3421	60 
3422	82 
3423	53 
3424	40 
3425	11 
3426	38 
3427	37 
3428	59 
3429	65 
3430	86 
3431	15 
3432	10 
3433	62 
3434	63 
3435	37 
3436	73 
3437	6 
3438	82 
3439	72 
3440	9 
3441	41 
3442	18 
3443	41 
3444	75 
3445	95 
3446	38 
3447	12 
3448	101 
3449	52 
3450	77 
3451	84 
3452	33 
3453	43 
3454	38 
3455	87 
3456	9 
3457	39 
3458	10 
3459	4 
3460	62 
3461	37 
3462	63 
3463	41 
3464	10 
3465	12 
3466	1 
3467	99 
3468	7 
3469	32 
3470	61 
3471	13 
3472	44 
3473	82 
3474	15 
3475	30 
3476	35 
3477	27 
3478	31 
3479	48 
3480	91 
3481	100 
3482	71 
3483	64 
3484	37 
3485	65 
3486	97 
3487	33 
3488	60 
3489	71 
3490	41 
3491	95 
3492	91 
3493	14 
3494	17 
3495	74 
3496	97 
3497	32 
3498	44 
3499	29 
3500	56 
3501	79 
3502	27 
3503	10 
3504	34 
3505	60 
3506	100 
3507	46 
3508	96 
3509	60 
3510	71 
3511	37 
3512	29 
3513	59 
3514	58 
3515	59 
3516	13 
3517	39 
3518	48 
3519	62 
3520	5 
3521	49 
3522	94 
3523	18 
3524	71 
3525	50 
3526	31 
3527	19 
3528	52 
3529	88 
3530	94 
3531	19 
3532	33 
3533	48 
3534	45 
3535	67 
3536	95 
3537	17 
3538	46 
3539	20 
3540	44 
3541	51 
3542	36 
3543	61 
3544	34 
3545	4 
3546	60 
3547	11 
3548	28 
3549	12 
3550	12 
3551	55 
3552	63 
3553	68 
3554	80 
3555	8 
3556	29 
3557	84 
3558	39 
3559	27 
3560	71 
3561	14 
3562	59 
3563	80 
3564	2 
3565	67 
3566	32 
3567	19 
3568	23 
3569	41 
3570	101 
3571	53 
3572	12 
3573	38 
3574	75 
3575	44 
3576	82 
3577	24 
3578	70 
3579	59 
3580	88 
3581	74 
3582	29 
3583	44 
3584	18 
3585	95 
3586	39 
3587	29 
3588	8 
3589	25 
3590	10 
3591	37 
3592	59 
3593	1 
3594	8 
3595	100 
3596	31 
3597	41 
3598	49 
3599	3 
3600	16 
3601	60 
3602	20 
3603	30 
3604	77 
3605	31 
3606	33 
3607	46 
3608	69 
3609	10 
3610	81 
3611	52 
3612	91 
3613	1 
3614	40 
3615	9 
3616	71 
3617	52 
3618	45 
3619	29 
3620	70 
3621	33 
3622	96 
3623	17 
3624	40 
3625	51 
3626	41 
3627	17 
3628	33 
3629	63 
3630	67 
3631	98 
3632	3 
3633	29 
3634	31 
3635	28 
3636	16 
3637	71 
3638	40 
3639	11 
3640	8 
3641	36 
3642	100 
3643	8 
3644	91 
3645	17 
3646	101 
3647	31 
3648	5 
3649	60 
3650	101 
3651	59 
3652	99 
3653	40 
3654	54 
3655	6 
3656	83 
3657	75 
3658	20 
3659	67 
3660	32 
3661	16 
3662	60 
3663	17 
3664	74 
3665	47 
3666	11 
3667	76 
3668	61 
3669	40 
3670	88 
3671	41 
3672	13 
3673	82 
3674	78 
3675	12 
3676	97 
3677	15 
3678	20 
3679	100 
3680	69 
3681	19 
3682	84 
3683	13 
3684	60 
3685	3 
3686	74 
3687	13 
3688	75 
3689	59 
3690	67 
3691	55 
3692	34 
3693	41 
3694	73 
3695	93 
3696	95 
3697	88 
3698	79 
3699	67 
3700	87 
3701	71 
3702	5 
3703	81 
3704	12 
3705	28 
3706	52 
3707	34 
3708	40 
3709	48 
3710	85 
3711	10 
3712	49 
3713	88 
3714	41 
3715	59 
3716	59 
3717	32 
3718	59 
3719	71 
3720	13 
3721	3 
3722	83 
3723	21 
3724	84 
3725	94 
3726	32 
3727	62 
3728	79 
3729	101 
3730	8 
3731	19 
3732	31 
3733	78 
3734	48 
3735	82 
3736	39 
3737	71 
3738	39 
3739	29 
3740	87 
3741	48 
3742	88 
3743	87 
3744	9 
3745	8 
3746	82 
3747	19 
3748	37 
3749	48 
3750	95 
3751	8 
3752	43 
3753	6 
3754	59 
3755	68 
3756	64 
3757	40 
3758	91 
3759	39 
3760	48 
3761	33 
3762	68 
3763	88 
3764	32 
3765	52 
3766	60 
3767	7 
3768	8 
3769	31 
3770	37 
3771	27 
3772	97 
3773	91 
3774	4 
3775	29 
3776	2 
3777	30 
3778	59 
3779	27 
3780	79 
3781	91 
3782	66 
3783	60 
3784	27 
3785	79 
3786	70 
3787	93 
3788	13 
3789	31 
3790	87 
3791	35 
3792	23 
3793	36 
3794	99 
3795	10 
3796	47 
3797	52 
3798	29 
3799	63 
3800	60 
3801	14 
3802	76 
3803	17 
3804	97 
3805	77 
3806	41 
3807	67 
3808	83 
3809	34 
3810	70 
3811	73 
3812	85 
3813	22 
3814	74 
3815	17 
3816	90 
3817	2 
3818	17 
3819	41 
3820	101 
3821	98 
3822	4 
3823	21 
3824	13 
3825	19 
3826	89 
3827	63 
3828	15 
3829	12 
3830	95 
3831	94 
3832	70 
3833	4 
3834	8 
3835	94 
3836	38 
3837	42 
3838	28 
3839	61 
3840	48 
3841	48 
3842	97 
3843	33 
3844	48 
3845	90 
3846	72 
3847	29 
3848	63 
3849	85 
3850	59 
3851	99 
3852	69 
3853	6 
3854	87 
3855	80 
3856	49 
3857	68 
3858	95 
3859	62 
3860	6 
3861	86 
3862	91 
3863	6 
3864	32 
3865	68 
3866	33 
3867	95 
3868	10 
3869	58 
3870	73 
3871	71 
3872	71 
3873	64 
3874	94 
3875	34 
3876	100 
3877	59 
3878	19 
3879	59 
3880	12 
3881	68 
3882	101 
3883	61 
3884	72 
3885	76 
3886	27 
3887	88 
3888	74 
3889	84 
3890	63 
3891	74 
3892	7 
3893	39 
3894	33 
3895	87 
3896	34 
3897	8 
3898	37 
3899	2 
3900	13 
3901	59 
3902	32 
3903	8 
3904	47 
3905	54 
3906	39 
3907	76 
3908	39 
3909	46 
3910	73 
3911	45 
3912	60 
3913	47 
3914	66 
3915	69 
3916	89 
3917	92 
3918	6 
3919	62 
3920	88 
3921	50 
3922	58 
3923	19 
3924	91 
3925	19 
3926	60 
3927	41 
3928	85 
3929	49 
3930	41 
3931	63 
3932	73 
3933	48 
3934	17 
3935	100 
3936	10 
3937	27 
3938	11 
3939	100 
3940	93 
3941	59 
3942	68 
3943	60 
3944	48 
3945	82 
3946	35 
3947	9 
3948	32 
3949	9 
3950	62 
3951	73 
3952	85 
3953	51 
3954	95 
3955	75 
3956	12 
3957	13 
3958	5 
3959	71 
3960	81 
3961	76 
3962	70 
3963	24 
3964	88 
3965	85 
3966	98 
3967	74 
3968	22 
3969	64 
3970	16 
3971	32 
3972	29 
3973	3 
3974	2 
3975	70 
3976	19 
3977	75 
3978	67 
3979	28 
3980	73 
3981	20 
3982	82 
3983	11 
3984	82 
3985	87 
3986	23 
3987	46 
3988	66 
3989	88 
3990	59 
3991	85 
3992	90 
3993	88 
3994	21 
3995	5 
3996	87 
3997	59 
3998	67 
3999	75 
4000	67 
4001	59 
4002	78 
4003	44 
4004	51 
4005	2 
4006	36 
4007	88 
4008	99 
4009	88 
4010	21 
4011	6 
4012	73 
4013	45 
4014	31 
4015	80 
4016	28 
4017	74 
4018	63 
4019	9 
4020	4 
4021	91 
4022	15 
4023	85 
4024	41 
4025	76 
4026	80 
4027	67 
4028	10 
4029	6 
4030	28 
4031	10 
4032	60 
4033	59 
4034	14 
4035	41 
4036	16 
4037	58 
4038	74 
4039	30 
4040	1 
4041	5 
4042	94 
4043	46 
4044	92 
4045	41 
4046	59 
4047	61 
4048	37 
4049	68 
4050	34 
4051	96 
4052	74 
4053	8 
4054	29 
4055	19 
4056	95 
4057	27 
4058	96 
4059	90 
4060	99 
4061	69 
4062	98 
4063	41 
4064	88 
4065	21 
4066	48 
4067	29 
4068	99 
4069	48 
4070	71 
4071	76 
4072	77 
4073	34 
4074	19 
4075	79 
4076	84 
4077	3 
4078	76 
4079	21 
4080	67 
4081	49 
4082	66 
4083	13 
4084	69 
4085	53 
4086	75 
4087	12 
4088	56 
4089	79 
4090	13 
4091	11 
4092	59 
4093	74 
4094	25 
4095	69 
4096	36 
4097	2 
4098	48 
4099	87 
4100	15 
4101	80 
4102	43 
4103	91 
4104	72 
4105	87 
4106	55 
4107	88 
4108	17 
4109	68 
4110	11 
4111	77 
4112	61 
4113	3 
4114	33 
4115	33 
4116	96 
4117	31 
4118	89 
4119	2 
4120	24 
4121	99 
4122	100 
4123	44 
4124	4 
4125	55 
4126	67 
4127	28 
4128	81 
4129	83 
4130	9 
4131	55 
4132	81 
4133	30 
4134	44 
4135	15 
4136	9 
4137	12 
4138	48 
4139	1 
4140	84 
4141	11 
4142	88 
4143	82 
4144	40 
4145	59 
4146	62 
4147	74 
4148	77 
4149	59 
4150	37 
4151	17 
4152	10 
4153	27 
4154	21 
4155	48 
4156	36 
4157	15 
4158	76 
4159	31 
4160	82 
4161	27 
4162	27 
4163	63 
4164	58 
4165	49 
4166	3 
4167	82 
4168	100 
4169	63 
4170	63 
4171	84 
4172	100 
4173	26 
4174	37 
4175	69 
4176	39 
4177	13 
4178	98 
4179	95 
4180	75 
4181	61 
4182	29 
4183	9 
4184	29 
4185	74 
4186	6 
4187	58 
4188	56 
4189	69 
4190	29 
4191	99 
4192	88 
4193	82 
4194	33 
4195	71 
4196	61 
4197	9 
4198	5 
4199	34 
4200	27 
4201	87 
4202	32 
4203	67 
4204	32 
4205	37 
4206	29 
4207	17 
4208	61 
4209	33 
4210	56 
4211	88 
4212	88 
4213	41 
4214	34 
4215	5 
4216	31 
4217	3 
4218	12 
4219	2 
4220	100 
4221	24 
4222	98 
4223	71 
4224	65 
4225	58 
4226	31 
4227	63 
4228	101 
4229	63 
4230	31 
4231	28 
4232	16 
4233	75 
4234	2 
4235	52 
4236	95 
4237	54 
4238	13 
4239	34 
4240	66 
4241	13 
4242	41 
4243	29 
4244	19 
4245	75 
4246	40 
4247	75 
4248	15 
4249	5 
4250	84 
4251	62 
4252	74 
4253	54 
4254	67 
4255	19 
4256	88 
4257	82 
4258	9 
4259	11 
4260	82 
4261	3 
4262	87 
4263	12 
4264	23 
4265	89 
4266	80 
4267	25 
4268	85 
4269	63 
4270	30 
4271	84 
4272	22 
4273	11 
4274	61 
4275	72 
4276	31 
4277	31 
4278	34 
4279	71 
4280	74 
4281	82 
4282	54 
4283	100 
4284	49 
4285	28 
4286	62 
4287	72 
4288	71 
4289	85 
4290	86 
4291	53 
4292	11 
4293	33 
4294	24 
4295	88 
4296	91 
4297	57 
4298	64 
4299	32 
4300	100 
4301	71 
4302	20 
4303	19 
4304	91 
4305	28 
4306	68 
4307	75 
4308	98 
4309	17 
4310	96 
4311	2 
4312	87 
4313	59 
4314	8 
4315	83 
4316	73 
4317	88 
4318	28 
4319	40 
4320	91 
4321	42 
4322	101 
4323	2 
4324	41 
4325	6 
4326	10 
4327	98 
4328	33 
4329	54 
4330	25 
4331	43 
4332	7 
4333	75 
4334	17 
4335	35 
4336	7 
4337	88 
4338	72 
4339	48 
4340	39 
4341	65 
4342	63 
4343	28 
4344	68 
4345	61 
4346	41 
4347	21 
4348	87 
4349	100 
4350	45 
4351	62 
4352	82 
4353	41 
4354	79 
4355	82 
4356	41 
4357	35 
4358	70 
4359	52 
4360	78 
4361	10 
4362	95 
4363	14 
4364	23 
4365	62 
4366	28 
4367	41 
4368	59 
4369	37 
4370	48 
4371	62 
4372	49 
4373	74 
4374	29 
4375	99 
4376	88 
4377	93 
4378	46 
4379	37 
4380	48 
4381	77 
4382	67 
4383	25 
4384	48 
4385	15 
4386	87 
4387	33 
4388	33 
4389	12 
4390	2 
4391	19 
4392	19 
4393	63 
4394	24 
4395	88 
4396	23 
4397	60 
4398	49 
4399	19 
4400	93 
4401	10 
4402	49 
4403	63 
4404	48 
4405	52 
4406	98 
4407	80 
4408	101 
4409	4 
4410	94 
4411	34 
4412	59 
4413	49 
4414	64 
4415	39 
4416	75 
4417	38 
4418	19 
4419	11 
4420	48 
4421	59 
4422	74 
4423	39 
4424	3 
4425	60 
4426	92 
4427	101 
4428	69 
4429	81 
4430	32 
4431	22 
4432	34 
4433	54 
4434	42 
4435	95 
4436	91 
4437	32 
4438	93 
4439	22 
4440	99 
4441	41 
4442	3 
4443	82 
4444	50 
4445	67 
4446	93 
4447	82 
4448	71 
4449	13 
4450	99 
4451	43 
4452	12 
4453	44 
4454	87 
4455	59 
4456	58 
4457	9 
4458	67 
4459	90 
4460	59 
4461	99 
4462	48 
4463	91 
4464	24 
4465	38 
4466	40 
4467	46 
4468	41 
4469	69 
4470	12 
4471	72 
4472	12 
4473	101 
4474	58 
4475	31 
4476	40 
4477	84 
4478	87 
4479	12 
4480	37 
4481	9 
4482	12 
4483	12 
4484	3 
4485	67 
4486	18 
4487	69 
4488	40 
4489	59 
4490	54 
4491	88 
4492	48 
4493	60 
4494	43 
4495	32 
4496	33 
4497	91 
4498	84 
4499	64 
4500	30 
4501	40 
4502	34 
4503	63 
4504	27 
4505	4 
4506	34 
4507	56 
4508	64 
4509	40 
4510	6 
4511	12 
4512	59 
4513	96 
4514	33 
4515	53 
4516	1 
4517	72 
4518	62 
4519	101 
4520	8 
4521	69 
4522	17 
4523	5 
4524	75 
4525	11 
4526	71 
4527	30 
4528	99 
4529	88 
4530	33 
4531	34 
4532	6 
4533	63 
4534	40 
4535	10 
4536	27 
4537	69 
4538	101 
4539	20 
4540	35 
4541	71 
4542	22 
4543	60 
4544	8 
4545	36 
4546	34 
4547	15 
4548	78 
4549	52 
4550	2 
4551	27 
4552	50 
4553	77 
4554	69 
4555	88 
4556	70 
4557	14 
4558	49 
4559	37 
4560	98 
4561	29 
4562	85 
4563	34 
4564	37 
4565	101 
4566	13 
4567	80 
4568	63 
4569	100 
4570	9 
4571	86 
4572	62 
4573	88 
4574	44 
4575	98 
4576	7 
4577	75 
4578	41 
4579	91 
4580	7 
4581	72 
4582	67 
4583	101 
4584	75 
4585	65 
4586	98 
4587	55 
4588	17 
4589	52 
4590	88 
4591	71 
4592	88 
4593	59 
4594	64 
4595	72 
4596	64 
4597	91 
4598	12 
4599	99 
4600	3 
4601	21 
4602	31 
4603	100 
4604	47 
4605	69 
4606	91 
4607	12 
4608	68 
4609	35 
4610	61 
4611	3 
4612	101 
4613	34 
4614	88 
4615	6 
4616	13 
4617	76 
4618	24 
4619	46 
4620	81 
4621	13 
4622	72 
4623	52 
4624	2 
4625	9 
4626	4 
4627	51 
4628	10 
4629	88 
4630	76 
4631	91 
4632	97 
4633	44 
4634	17 
4635	8 
4636	24 
4637	60 
4638	56 
4639	64 
4640	55 
4641	17 
4642	44 
4643	62 
4644	91 
4645	41 
4646	8 
4647	75 
4648	65 
4649	83 
4650	52 
4651	39 
4652	34 
4653	98 
4654	40 
4655	54 
4656	70 
4657	19 
4658	66 
4659	48 
4660	34 
4661	11 
4662	101 
4663	64 
4664	19 
4665	6 
4666	46 
4667	60 
4668	68 
4669	3 
4670	47 
4671	65 
4672	3 
4673	82 
4674	88 
4675	63 
4676	17 
4677	3 
4678	43 
4679	1 
4680	31 
4681	52 
4682	28 
4683	8 
4684	54 
4685	55 
4686	24 
4687	15 
4688	28 
4689	82 
4690	59 
4691	47 
4692	52 
4693	99 
4694	59 
4695	24 
4696	101 
4697	99 
4698	48 
4699	97 
4700	17 
4701	72 
4702	88 
4703	52 
4704	19 
4705	57 
4706	63 
4707	5 
4708	31 
4709	27 
4710	75 
4711	79 
4712	78 
4713	62 
4714	51 
4715	98 
4716	77 
4717	80 
4718	88 
4719	3 
4720	19 
4721	3 
4722	35 
4723	5 
4724	92 
4725	33 
4726	31 
4727	29 
4728	34 
4729	96 
4730	13 
4731	93 
4732	44 
4733	76 
4734	93 
4735	40 
4736	25 
4737	40 
4738	79 
4739	31 
4740	68 
4741	53 
4742	68 
4743	34 
4744	68 
4745	100 
4746	41 
4747	46 
4748	100 
4749	45 
4750	8 
4751	63 
4752	64 
4753	9 
4754	71 
4755	71 
4756	60 
4757	13 
4758	85 
4759	43 
4760	7 
4761	61 
4762	59 
4763	1 
4764	63 
4765	48 
4766	34 
4767	75 
4768	20 
4769	34 
4770	35 
4771	16 
4772	17 
4773	24 
4774	47 
4775	72 
4776	33 
4777	43 
4778	64 
4779	77 
4780	19 
4781	68 
4782	31 
4783	58 
4784	60 
4785	90 
4786	11 
4787	72 
4788	99 
4789	91 
4790	44 
4791	95 
4792	28 
4793	96 
4794	10 
4795	26 
4796	20 
4797	69 
4798	27 
4799	63 
4800	95 
4801	72 
4802	67 
4803	12 
4804	81 
4805	76 
4806	49 
4807	57 
4808	53 
4809	95 
4810	84 
4811	84 
4812	57 
4813	27 
4814	84 
4815	40 
4816	1 
4817	41 
4818	59 
4819	29 
4820	32 
4821	62 
4822	41 
4823	71 
4824	49 
4825	52 
4826	91 
4827	101 
4828	59 
4829	42 
4830	62 
4831	43 
4832	83 
4833	60 
4834	31 
4835	41 
4836	36 
4837	45 
4838	48 
4839	100 
4840	62 
4841	100 
4842	60 
4843	92 
4844	69 
4845	2 
4846	17 
4847	93 
4848	10 
4849	71 
4850	46 
4851	101 
4852	32 
4853	74 
4854	87 
4855	100 
4856	86 
4857	25 
4858	21 
4859	100 
4860	74 
4861	58 
4862	3 
4863	40 
4864	77 
4865	26 
4866	88 
4867	63 
4868	100 
4869	5 
4870	10 
4871	15 
4872	76 
4873	87 
4874	71 
4875	36 
4876	40 
4877	28 
4878	31 
4879	49 
4880	91 
4881	59 
4882	44 
4883	37 
4884	55 
4885	33 
4886	26 
4887	12 
4888	88 
4889	58 
4890	11 
4891	88 
4892	34 
4893	85 
4894	60 
4895	85 
4896	101 
4897	17 
4898	49 
4899	49 
4900	76 
4901	62 
4902	95 
4903	38 
4904	64 
4905	35 
4906	37 
4907	48 
4908	8 
4909	8 
4910	70 
4911	12 
4912	40 
4913	37 
4914	27 
4915	12 
4916	5 
4917	31 
4918	27 
4919	68 
4920	49 
4921	31 
4922	67 
4923	62 
4924	87 
4925	71 
4926	8 
4927	95 
4928	3 
4929	36 
4930	11 
4931	88 
4932	1 
4933	10 
4934	29 
4935	3 
4936	90 
4937	63 
4938	75 
4939	20 
4940	69 
4941	82 
4942	99 
4943	51 
4944	37 
4945	29 
4946	20 
4947	54 
4948	40 
4949	52 
4950	1 
4951	35 
4952	88 
4953	25 
4954	72 
4955	67 
4956	59 
4957	63 
4958	88 
4959	91 
4960	14 
4961	58 
4962	17 
4963	53 
4964	101 
4965	41 
4966	64 
4967	96 
4968	82 
4969	51 
4970	29 
4971	27 
4972	67 
4973	98 
4974	6 
4975	67 
4976	52 
4977	53 
4978	15 
4979	62 
4980	11 
4981	27 
4982	21 
4983	37 
4984	11 
4985	76 
4986	89 
4987	89 
4988	38 
4989	6 
4990	21 
4991	20 
4992	12 
4993	48 
4994	27 
4995	69 
4996	31 
4997	34 
4998	40 
4999	62 
5000	6 
