1	34 
2	16 
3	43 
4	15 
5	66 
6	30 
7	87 
8	83 
9	84 
10	2 
11	67 
12	55 
13	89 
14	17 
15	14 
16	91 
17	57 
18	11 
19	69 
20	15 
21	19 
22	74 
23	96 
24	78 
25	19 
26	75 
27	25 
28	21 
29	14 
30	34 
31	25 
32	96 
33	78 
34	16 
35	10 
36	43 
37	2 
38	96 
39	101 
40	97 
41	45 
42	99 
43	59 
44	95 
45	66 
46	12 
47	44 
48	4 
49	41 
50	77 
51	51 
52	104 
53	78 
54	51 
55	45 
56	65 
57	18 
58	20 
59	73 
60	78 
61	13 
62	70 
63	38 
64	57 
65	51 
66	48 
67	22 
68	12 
69	96 
70	51 
71	85 
72	104 
73	19 
74	33 
75	71 
76	104 
77	44 
78	33 
79	23 
80	69 
81	40 
82	14 
83	67 
84	84 
85	57 
86	57 
87	46 
88	40 
89	15 
90	101 
91	33 
92	10 
93	79 
94	80 
95	28 
96	93 
97	40 
98	52 
99	78 
100	36 
101	53 
102	2 
103	9 
104	101 
105	67 
106	41 
107	12 
108	50 
109	27 
110	51 
111	63 
112	82 
113	76 
114	24 
115	57 
116	67 
117	68 
118	10 
119	104 
120	82 
121	41 
122	1 
123	37 
124	48 
125	3 
126	37 
127	16 
128	47 
129	52 
130	92 
131	2 
132	70 
133	5 
134	58 
135	21 
136	80 
137	14 
138	7 
139	39 
140	42 
141	26 
142	101 
143	43 
144	32 
145	90 
146	77 
147	64 
148	67 
149	29 
150	66 
151	35 
152	94 
153	60 
154	5 
155	47 
156	12 
157	46 
158	50 
159	38 
160	46 
161	88 
162	99 
163	19 
164	3 
165	30 
166	40 
167	62 
168	18 
169	56 
170	19 
171	40 
172	58 
173	26 
174	79 
175	48 
176	101 
177	18 
178	38 
179	98 
180	14 
181	21 
182	31 
183	55 
184	82 
185	14 
186	51 
187	20 
188	34 
189	2 
190	69 
191	45 
192	50 
193	49 
194	91 
195	26 
196	23 
197	104 
198	53 
199	68 
200	48 
201	51 
202	103 
203	33 
204	12 
205	6 
206	59 
207	41 
208	34 
209	36 
210	45 
211	38 
212	42 
213	96 
214	42 
215	71 
216	6 
217	40 
218	1 
219	70 
220	19 
221	67 
222	15 
223	9 
224	5 
225	102 
226	29 
227	64 
228	10 
229	40 
230	1 
231	39 
232	50 
233	36 
234	45 
235	48 
236	43 
237	5 
238	18 
239	25 
240	87 
241	40 
242	1 
243	18 
244	25 
245	102 
246	97 
247	35 
248	35 
249	19 
250	72 
251	24 
252	23 
253	99 
254	46 
255	51 
256	21 
257	32 
258	15 
259	67 
260	4 
261	74 
262	54 
263	43 
264	46 
265	7 
266	93 
267	4 
268	51 
269	16 
270	10 
271	16 
272	39 
273	86 
274	9 
275	105 
276	51 
277	52 
278	47 
279	40 
280	103 
281	23 
282	3 
283	95 
284	37 
285	101 
286	88 
287	52 
288	56 
289	81 
290	38 
291	82 
292	54 
293	46 
294	88 
295	83 
296	84 
297	49 
298	57 
299	35 
300	71 
301	48 
302	67 
303	49 
304	41 
305	77 
306	48 
307	29 
308	18 
309	1 
310	58 
311	10 
312	19 
313	25 
314	78 
315	101 
316	91 
317	70 
318	48 
319	27 
320	34 
321	42 
322	101 
323	68 
324	18 
325	29 
326	78 
327	14 
328	77 
329	46 
330	11 
331	42 
332	89 
333	16 
334	47 
335	74 
336	20 
337	6 
338	38 
339	20 
340	31 
341	3 
342	15 
343	97 
344	90 
345	62 
346	63 
347	16 
348	47 
349	77 
350	64 
351	69 
352	26 
353	21 
354	80 
355	18 
356	74 
357	92 
358	11 
359	49 
360	37 
361	20 
362	20 
363	25 
364	21 
365	88 
366	67 
367	90 
368	42 
369	78 
370	67 
371	57 
372	20 
373	75 
374	24 
375	44 
376	30 
377	50 
378	103 
379	46 
380	39 
381	48 
382	5 
383	38 
384	39 
385	20 
386	6 
387	5 
388	49 
389	101 
390	82 
391	67 
392	51 
393	73 
394	39 
395	12 
396	78 
397	18 
398	30 
399	10 
400	31 
401	95 
402	78 
403	25 
404	16 
405	99 
406	1 
407	89 
408	82 
409	55 
410	14 
411	86 
412	49 
413	41 
414	73 
415	26 
416	103 
417	1 
418	38 
419	64 
420	57 
421	94 
422	105 
423	43 
424	38 
425	69 
426	34 
427	36 
428	51 
429	52 
430	6 
431	19 
432	88 
433	22 
434	7 
435	57 
436	42 
437	33 
438	33 
439	44 
440	41 
441	27 
442	10 
443	73 
444	72 
445	59 
446	7 
447	18 
448	91 
449	103 
450	18 
451	87 
452	33 
453	9 
454	88 
455	32 
456	52 
457	40 
458	26 
459	10 
460	95 
461	14 
462	95 
463	44 
464	85 
465	39 
466	100 
467	80 
468	16 
469	19 
470	66 
471	48 
472	70 
473	39 
474	39 
475	1 
476	15 
477	15 
478	96 
479	68 
480	26 
481	75 
482	40 
483	5 
484	25 
485	18 
486	24 
487	43 
488	10 
489	11 
490	35 
491	6 
492	73 
493	97 
494	83 
495	92 
496	3 
497	16 
498	40 
499	51 
500	69 
501	38 
502	10 
503	25 
504	32 
505	5 
506	7 
507	82 
508	5 
509	99 
510	38 
511	69 
512	5 
513	1 
514	15 
515	59 
516	91 
517	97 
518	9 
519	33 
520	61 
521	39 
522	101 
523	84 
524	15 
525	49 
526	49 
527	10 
528	97 
529	64 
530	25 
531	54 
532	29 
533	10 
534	44 
535	92 
536	48 
537	53 
538	67 
539	69 
540	88 
541	34 
542	72 
543	31 
544	75 
545	57 
546	26 
547	92 
548	18 
549	83 
550	30 
551	88 
552	40 
553	16 
554	2 
555	55 
556	22 
557	43 
558	33 
559	6 
560	54 
561	74 
562	35 
563	33 
564	59 
565	51 
566	104 
567	1 
568	26 
569	43 
570	10 
571	41 
572	9 
573	40 
574	12 
575	101 
576	37 
577	18 
578	51 
579	59 
580	79 
581	25 
582	46 
583	5 
584	38 
585	25 
586	19 
587	53 
588	49 
589	5 
590	66 
591	10 
592	72 
593	22 
594	44 
595	66 
596	84 
597	89 
598	67 
599	51 
600	82 
601	77 
602	25 
603	41 
604	51 
605	10 
606	94 
607	56 
608	4 
609	46 
610	73 
611	12 
612	20 
613	23 
614	19 
615	87 
616	49 
617	30 
618	23 
619	74 
620	32 
621	18 
622	25 
623	103 
624	96 
625	8 
626	30 
627	3 
628	105 
629	84 
630	76 
631	4 
632	11 
633	13 
634	87 
635	19 
636	54 
637	51 
638	66 
639	90 
640	85 
641	66 
642	76 
643	10 
644	44 
645	75 
646	51 
647	45 
648	19 
649	21 
650	99 
651	34 
652	73 
653	103 
654	20 
655	78 
656	94 
657	92 
658	21 
659	44 
660	97 
661	26 
662	102 
663	46 
664	41 
665	44 
666	60 
667	3 
668	43 
669	34 
670	26 
671	25 
672	33 
673	51 
674	67 
675	67 
676	44 
677	48 
678	58 
679	80 
680	62 
681	18 
682	6 
683	38 
684	103 
685	23 
686	73 
687	12 
688	75 
689	97 
690	105 
691	14 
692	36 
693	32 
694	38 
695	48 
696	19 
697	35 
698	58 
699	19 
700	14 
701	88 
702	57 
703	48 
704	29 
705	97 
706	62 
707	44 
708	18 
709	101 
710	17 
711	16 
712	22 
713	3 
714	12 
715	64 
716	80 
717	101 
718	51 
719	6 
720	44 
721	54 
722	51 
723	37 
724	62 
725	74 
726	17 
727	88 
728	43 
729	54 
730	18 
731	12 
732	69 
733	19 
734	54 
735	22 
736	45 
737	105 
738	36 
739	51 
740	57 
741	9 
742	75 
743	17 
744	42 
745	85 
746	29 
747	44 
748	76 
749	40 
750	99 
751	48 
752	9 
753	39 
754	29 
755	13 
756	96 
757	23 
758	73 
759	22 
760	104 
761	62 
762	20 
763	84 
764	55 
765	80 
766	55 
767	97 
768	40 
769	61 
770	53 
771	16 
772	44 
773	18 
774	30 
775	19 
776	1 
777	31 
778	46 
779	51 
780	26 
781	19 
782	18 
783	29 
784	18 
785	33 
786	51 
787	19 
788	11 
789	58 
790	44 
791	82 
792	50 
793	41 
794	8 
795	48 
796	44 
797	16 
798	22 
799	99 
800	100 
801	86 
802	84 
803	25 
804	38 
805	90 
806	43 
807	19 
808	48 
809	37 
810	19 
811	36 
812	94 
813	60 
814	19 
815	47 
816	9 
817	74 
818	22 
819	91 
820	48 
821	48 
822	33 
823	18 
824	17 
825	44 
826	71 
827	105 
828	82 
829	17 
830	89 
831	60 
832	12 
833	24 
834	70 
835	40 
836	57 
837	11 
838	48 
839	62 
840	91 
841	96 
842	105 
843	5 
844	41 
845	96 
846	1 
847	75 
848	7 
849	25 
850	78 
851	91 
852	27 
853	80 
854	37 
855	6 
856	88 
857	62 
858	3 
859	88 
860	7 
861	26 
862	25 
863	29 
864	11 
865	101 
866	68 
867	64 
868	38 
869	14 
870	92 
871	54 
872	16 
873	80 
874	14 
875	12 
876	70 
877	44 
878	28 
879	15 
880	80 
881	41 
882	47 
883	58 
884	53 
885	65 
886	56 
887	99 
888	5 
889	10 
890	50 
891	16 
892	14 
893	44 
894	78 
895	1 
896	32 
897	101 
898	26 
899	86 
900	40 
901	20 
902	29 
903	18 
904	17 
905	25 
906	101 
907	70 
908	42 
909	101 
910	78 
911	26 
912	103 
913	82 
914	93 
915	33 
916	103 
917	34 
918	105 
919	5 
920	25 
921	61 
922	84 
923	78 
924	2 
925	41 
926	90 
927	25 
928	80 
929	49 
930	79 
931	102 
932	20 
933	5 
934	54 
935	43 
936	33 
937	58 
938	99 
939	72 
940	48 
941	62 
942	78 
943	82 
944	60 
945	10 
946	85 
947	30 
948	19 
949	44 
950	5 
951	49 
952	50 
953	78 
954	70 
955	83 
956	22 
957	1 
958	29 
959	11 
960	10 
961	86 
962	101 
963	52 
964	56 
965	26 
966	16 
967	5 
968	88 
969	25 
970	50 
971	92 
972	88 
973	105 
974	49 
975	89 
976	10 
977	16 
978	70 
979	84 
980	71 
981	16 
982	15 
983	1 
984	4 
985	69 
986	23 
987	59 
988	51 
989	40 
990	50 
991	3 
992	52 
993	90 
994	38 
995	57 
996	48 
997	46 
998	94 
999	13 
1000	10 
1001	62 
1002	40 
1003	70 
1004	74 
1005	20 
1006	5 
1007	11 
1008	13 
1009	25 
1010	105 
1011	60 
1012	39 
1013	37 
1014	89 
1015	32 
1016	38 
1017	21 
1018	46 
1019	101 
1020	36 
1021	79 
1022	88 
1023	16 
1024	97 
1025	10 
1026	29 
1027	19 
1028	28 
1029	19 
1030	57 
1031	68 
1032	20 
1033	5 
1034	57 
1035	45 
1036	70 
1037	9 
1038	81 
1039	42 
1040	20 
1041	101 
1042	49 
1043	82 
1044	33 
1045	66 
1046	78 
1047	95 
1048	21 
1049	7 
1050	40 
1051	98 
1052	104 
1053	37 
1054	41 
1055	37 
1056	46 
1057	25 
1058	98 
1059	74 
1060	104 
1061	84 
1062	82 
1063	88 
1064	1 
1065	71 
1066	29 
1067	5 
1068	7 
1069	41 
1070	46 
1071	22 
1072	49 
1073	7 
1074	46 
1075	66 
1076	33 
1077	50 
1078	49 
1079	2 
1080	19 
1081	3 
1082	101 
1083	23 
1084	5 
1085	67 
1086	54 
1087	45 
1088	7 
1089	54 
1090	29 
1091	10 
1092	41 
1093	10 
1094	39 
1095	42 
1096	100 
1097	11 
1098	3 
1099	51 
1100	22 
1101	31 
1102	3 
1103	57 
1104	60 
1105	69 
1106	78 
1107	19 
1108	28 
1109	53 
1110	81 
1111	83 
1112	78 
1113	15 
1114	53 
1115	6 
1116	16 
1117	83 
1118	39 
1119	57 
1120	70 
1121	10 
1122	84 
1123	29 
1124	51 
1125	42 
1126	101 
1127	50 
1128	25 
1129	26 
1130	66 
1131	36 
1132	51 
1133	10 
1134	14 
1135	87 
1136	83 
1137	26 
1138	70 
1139	74 
1140	48 
1141	15 
1142	1 
1143	32 
1144	16 
1145	21 
1146	18 
1147	51 
1148	44 
1149	16 
1150	77 
1151	46 
1152	32 
1153	71 
1154	76 
1155	39 
1156	57 
1157	83 
1158	49 
1159	61 
1160	32 
1161	30 
1162	104 
1163	9 
1164	10 
1165	43 
1166	38 
1167	33 
1168	73 
1169	65 
1170	26 
1171	31 
1172	45 
1173	22 
1174	10 
1175	25 
1176	7 
1177	14 
1178	35 
1179	49 
1180	6 
1181	73 
1182	5 
1183	30 
1184	51 
1185	101 
1186	50 
1187	28 
1188	6 
1189	99 
1190	92 
1191	97 
1192	41 
1193	48 
1194	82 
1195	16 
1196	25 
1197	82 
1198	6 
1199	91 
1200	23 
1201	7 
1202	25 
1203	70 
1204	17 
1205	44 
1206	16 
1207	54 
1208	81 
1209	68 
1210	13 
1211	78 
1212	32 
1213	55 
1214	20 
1215	35 
1216	51 
1217	11 
1218	99 
1219	7 
1220	19 
1221	51 
1222	14 
1223	41 
1224	50 
1225	46 
1226	72 
1227	5 
1228	48 
1229	57 
1230	14 
1231	29 
1232	105 
1233	1 
1234	52 
1235	102 
1236	50 
1237	31 
1238	103 
1239	5 
1240	77 
1241	29 
1242	25 
1243	19 
1244	18 
1245	93 
1246	69 
1247	76 
1248	9 
1249	25 
1250	4 
1251	88 
1252	44 
1253	76 
1254	81 
1255	24 
1256	26 
1257	7 
1258	91 
1259	19 
1260	91 
1261	31 
1262	16 
1263	50 
1264	12 
1265	5 
1266	57 
1267	39 
1268	105 
1269	80 
1270	16 
1271	9 
1272	21 
1273	2 
1274	40 
1275	76 
1276	22 
1277	73 
1278	28 
1279	103 
1280	40 
1281	1 
1282	50 
1283	41 
1284	61 
1285	35 
1286	96 
1287	57 
1288	55 
1289	1 
1290	88 
1291	7 
1292	44 
1293	15 
1294	10 
1295	38 
1296	77 
1297	32 
1298	25 
1299	70 
1300	26 
1301	103 
1302	56 
1303	96 
1304	40 
1305	66 
1306	76 
1307	41 
1308	20 
1309	78 
1310	11 
1311	23 
1312	75 
1313	18 
1314	19 
1315	17 
1316	38 
1317	40 
1318	2 
1319	100 
1320	104 
1321	34 
1322	66 
1323	20 
1324	84 
1325	104 
1326	26 
1327	63 
1328	16 
1329	88 
1330	1 
1331	51 
1332	88 
1333	43 
1334	82 
1335	30 
1336	86 
1337	103 
1338	19 
1339	96 
1340	33 
1341	41 
1342	25 
1343	56 
1344	84 
1345	16 
1346	22 
1347	56 
1348	79 
1349	97 
1350	91 
1351	24 
1352	30 
1353	63 
1354	103 
1355	36 
1356	41 
1357	83 
1358	39 
1359	50 
1360	11 
1361	71 
1362	17 
1363	91 
1364	21 
1365	66 
1366	96 
1367	93 
1368	1 
1369	7 
1370	78 
1371	47 
1372	53 
1373	41 
1374	7 
1375	19 
1376	43 
1377	29 
1378	48 
1379	40 
1380	57 
1381	16 
1382	101 
1383	79 
1384	50 
1385	19 
1386	15 
1387	97 
1388	48 
1389	74 
1390	44 
1391	38 
1392	43 
1393	52 
1394	78 
1395	29 
1396	67 
1397	29 
1398	78 
1399	67 
1400	52 
1401	103 
1402	91 
1403	8 
1404	19 
1405	48 
1406	80 
1407	78 
1408	90 
1409	1 
1410	50 
1411	29 
1412	21 
1413	29 
1414	63 
1415	43 
1416	26 
1417	1 
1418	38 
1419	25 
1420	40 
1421	1 
1422	31 
1423	33 
1424	18 
1425	46 
1426	18 
1427	59 
1428	13 
1429	21 
1430	35 
1431	7 
1432	91 
1433	51 
1434	58 
1435	8 
1436	36 
1437	54 
1438	50 
1439	42 
1440	96 
1441	31 
1442	36 
1443	101 
1444	44 
1445	91 
1446	80 
1447	27 
1448	8 
1449	44 
1450	94 
1451	38 
1452	38 
1453	71 
1454	18 
1455	73 
1456	78 
1457	84 
1458	51 
1459	40 
1460	88 
1461	96 
1462	74 
1463	101 
1464	63 
1465	65 
1466	21 
1467	64 
1468	91 
1469	10 
1470	2 
1471	101 
1472	59 
1473	40 
1474	82 
1475	94 
1476	21 
1477	99 
1478	32 
1479	72 
1480	20 
1481	44 
1482	6 
1483	44 
1484	101 
1485	91 
1486	7 
1487	2 
1488	52 
1489	25 
1490	1 
1491	73 
1492	25 
1493	84 
1494	71 
1495	20 
1496	71 
1497	30 
1498	97 
1499	73 
1500	101 
1501	37 
1502	46 
1503	24 
1504	38 
1505	39 
1506	10 
1507	39 
1508	78 
1509	16 
1510	14 
1511	72 
1512	29 
1513	32 
1514	26 
1515	73 
1516	14 
1517	10 
1518	25 
1519	38 
1520	16 
1521	9 
1522	103 
1523	53 
1524	41 
1525	100 
1526	103 
1527	8 
1528	99 
1529	46 
1530	44 
1531	10 
1532	9 
1533	48 
1534	25 
1535	41 
1536	77 
1537	20 
1538	21 
1539	70 
1540	72 
1541	28 
1542	62 
1543	46 
1544	86 
1545	6 
1546	14 
1547	31 
1548	69 
1549	16 
1550	25 
1551	1 
1552	50 
1553	39 
1554	26 
1555	96 
1556	86 
1557	58 
1558	29 
1559	7 
1560	7 
1561	10 
1562	26 
1563	33 
1564	72 
1565	91 
1566	45 
1567	57 
1568	90 
1569	27 
1570	94 
1571	36 
1572	26 
1573	42 
1574	20 
1575	18 
1576	62 
1577	79 
1578	50 
1579	25 
1580	97 
1581	10 
1582	40 
1583	53 
1584	48 
1585	40 
1586	41 
1587	82 
1588	100 
1589	38 
1590	21 
1591	82 
1592	96 
1593	30 
1594	96 
1595	101 
1596	27 
1597	28 
1598	40 
1599	48 
1600	1 
1601	54 
1602	91 
1603	69 
1604	41 
1605	104 
1606	91 
1607	90 
1608	46 
1609	103 
1610	8 
1611	86 
1612	15 
1613	100 
1614	48 
1615	36 
1616	102 
1617	95 
1618	5 
1619	70 
1620	19 
1621	101 
1622	38 
1623	71 
1624	54 
1625	80 
1626	69 
1627	10 
1628	14 
1629	104 
1630	1 
1631	18 
1632	5 
1633	105 
1634	54 
1635	79 
1636	5 
1637	41 
1638	60 
1639	101 
1640	9 
1641	38 
1642	21 
1643	29 
1644	22 
1645	34 
1646	11 
1647	42 
1648	80 
1649	63 
1650	14 
1651	91 
1652	73 
1653	78 
1654	30 
1655	73 
1656	95 
1657	52 
1658	49 
1659	63 
1660	43 
1661	15 
1662	33 
1663	103 
1664	30 
1665	60 
1666	28 
1667	5 
1668	39 
1669	36 
1670	67 
1671	26 
1672	62 
1673	32 
1674	40 
1675	1 
1676	22 
1677	34 
1678	80 
1679	18 
1680	21 
1681	4 
1682	50 
1683	12 
1684	23 
1685	95 
1686	1 
1687	32 
1688	7 
1689	19 
1690	54 
1691	71 
1692	96 
1693	103 
1694	23 
1695	74 
1696	43 
1697	50 
1698	18 
1699	85 
1700	57 
1701	94 
1702	96 
1703	66 
1704	46 
1705	65 
1706	8 
1707	5 
1708	24 
1709	103 
1710	53 
1711	55 
1712	35 
1713	102 
1714	50 
1715	68 
1716	86 
1717	49 
1718	104 
1719	64 
1720	73 
1721	58 
1722	52 
1723	33 
1724	81 
1725	12 
1726	18 
1727	44 
1728	100 
1729	61 
1730	33 
1731	40 
1732	74 
1733	43 
1734	34 
1735	103 
1736	95 
1737	49 
1738	88 
1739	33 
1740	36 
1741	12 
1742	96 
1743	19 
1744	25 
1745	82 
1746	54 
1747	29 
1748	42 
1749	47 
1750	92 
1751	21 
1752	25 
1753	54 
1754	19 
1755	65 
1756	13 
1757	67 
1758	89 
1759	104 
1760	39 
1761	12 
1762	38 
1763	72 
1764	32 
1765	5 
1766	12 
1767	23 
1768	46 
1769	36 
1770	91 
1771	39 
1772	91 
1773	14 
1774	41 
1775	49 
1776	29 
1777	33 
1778	59 
1779	16 
1780	35 
1781	38 
1782	22 
1783	38 
1784	101 
1785	102 
1786	16 
1787	81 
1788	8 
1789	39 
1790	40 
1791	60 
1792	15 
1793	5 
1794	46 
1795	88 
1796	104 
1797	105 
1798	34 
1799	68 
1800	1 
1801	38 
1802	62 
1803	57 
1804	57 
1805	34 
1806	101 
1807	81 
1808	14 
1809	44 
1810	78 
1811	40 
1812	13 
1813	1 
1814	29 
1815	57 
1816	8 
1817	8 
1818	29 
1819	70 
1820	1 
1821	25 
1822	53 
1823	44 
1824	66 
1825	48 
1826	41 
1827	31 
1828	69 
1829	70 
1830	14 
1831	43 
1832	88 
1833	47 
1834	38 
1835	102 
1836	30 
1837	89 
1838	37 
1839	98 
1840	70 
1841	54 
1842	105 
1843	103 
1844	88 
1845	57 
1846	17 
1847	104 
1848	18 
1849	93 
1850	30 
1851	96 
1852	14 
1853	45 
1854	39 
1855	78 
1856	54 
1857	81 
1858	55 
1859	62 
1860	25 
1861	34 
1862	5 
1863	96 
1864	10 
1865	82 
1866	58 
1867	63 
1868	20 
1869	15 
1870	94 
1871	25 
1872	37 
1873	91 
1874	48 
1875	9 
1876	16 
1877	31 
1878	18 
1879	29 
1880	19 
1881	100 
1882	48 
1883	5 
1884	2 
1885	57 
1886	29 
1887	25 
1888	44 
1889	50 
1890	50 
1891	59 
1892	98 
1893	42 
1894	38 
1895	31 
1896	44 
1897	36 
1898	46 
1899	21 
1900	14 
1901	21 
1902	97 
1903	91 
1904	37 
1905	48 
1906	34 
1907	90 
1908	8 
1909	48 
1910	67 
1911	37 
1912	48 
1913	7 
1914	2 
1915	2 
1916	67 
1917	26 
1918	46 
1919	58 
1920	40 
1921	76 
1922	26 
1923	67 
1924	84 
1925	96 
1926	103 
1927	91 
1928	61 
1929	81 
1930	25 
1931	70 
1932	16 
1933	85 
1934	62 
1935	39 
1936	67 
1937	43 
1938	71 
1939	25 
1940	63 
1941	101 
1942	18 
1943	5 
1944	37 
1945	99 
1946	41 
1947	33 
1948	75 
1949	14 
1950	95 
1951	89 
1952	48 
1953	10 
1954	57 
1955	39 
1956	46 
1957	57 
1958	49 
1959	102 
1960	47 
1961	10 
1962	36 
1963	9 
1964	34 
1965	68 
1966	58 
1967	70 
1968	16 
1969	105 
1970	5 
1971	14 
1972	19 
1973	29 
1974	83 
1975	72 
1976	18 
1977	70 
1978	94 
1979	49 
1980	104 
1981	92 
1982	59 
1983	103 
1984	66 
1985	11 
1986	2 
1987	7 
1988	40 
1989	90 
1990	83 
1991	56 
1992	51 
1993	20 
1994	67 
1995	19 
1996	71 
1997	39 
1998	53 
1999	86 
2000	52 
2001	28 
2002	2 
2003	56 
2004	53 
2005	93 
2006	1 
2007	103 
2008	38 
2009	41 
2010	1 
2011	2 
2012	105 
2013	50 
2014	10 
2015	73 
2016	61 
2017	25 
2018	97 
2019	60 
2020	85 
2021	20 
2022	20 
2023	74 
2024	82 
2025	48 
2026	92 
2027	9 
2028	57 
2029	41 
2030	96 
2031	51 
2032	22 
2033	41 
2034	14 
2035	52 
2036	33 
2037	101 
2038	78 
2039	72 
2040	94 
2041	40 
2042	71 
2043	22 
2044	36 
2045	16 
2046	29 
2047	6 
2048	48 
2049	84 
2050	48 
2051	48 
2052	20 
2053	1 
2054	43 
2055	80 
2056	1 
2057	90 
2058	29 
2059	10 
2060	73 
2061	86 
2062	85 
2063	29 
2064	9 
2065	97 
2066	61 
2067	20 
2068	21 
2069	97 
2070	88 
2071	33 
2072	18 
2073	52 
2074	47 
2075	42 
2076	67 
2077	87 
2078	76 
2079	38 
2080	18 
2081	46 
2082	35 
2083	33 
2084	46 
2085	48 
2086	100 
2087	70 
2088	49 
2089	82 
2090	105 
2091	33 
2092	31 
2093	35 
2094	19 
2095	51 
2096	39 
2097	62 
2098	37 
2099	49 
2100	26 
2101	65 
2102	12 
2103	34 
2104	43 
2105	97 
2106	46 
2107	33 
2108	44 
2109	38 
2110	29 
2111	17 
2112	101 
2113	34 
2114	9 
2115	91 
2116	95 
2117	96 
2118	12 
2119	20 
2120	29 
2121	100 
2122	64 
2123	78 
2124	41 
2125	105 
2126	10 
2127	25 
2128	50 
2129	73 
2130	37 
2131	35 
2132	34 
2133	25 
2134	28 
2135	67 
2136	18 
2137	44 
2138	67 
2139	104 
2140	5 
2141	54 
2142	36 
2143	61 
2144	40 
2145	20 
2146	14 
2147	58 
2148	7 
2149	52 
2150	13 
2151	82 
2152	29 
2153	96 
2154	97 
2155	5 
2156	79 
2157	66 
2158	87 
2159	105 
2160	27 
2161	52 
2162	32 
2163	39 
2164	67 
2165	14 
2166	1 
2167	24 
2168	52 
2169	11 
2170	17 
2171	40 
2172	43 
2173	43 
2174	13 
2175	28 
2176	79 
2177	101 
2178	95 
2179	14 
2180	37 
2181	46 
2182	103 
2183	50 
2184	13 
2185	39 
2186	25 
2187	50 
2188	101 
2189	100 
2190	16 
2191	17 
2192	19 
2193	6 
2194	96 
2195	72 
2196	21 
2197	60 
2198	41 
2199	81 
2200	13 
2201	75 
2202	74 
2203	56 
2204	73 
2205	103 
2206	9 
2207	99 
2208	56 
2209	9 
2210	33 
2211	24 
2212	46 
2213	76 
2214	98 
2215	25 
2216	78 
2217	63 
2218	34 
2219	84 
2220	64 
2221	39 
2222	88 
2223	51 
2224	14 
2225	96 
2226	39 
2227	17 
2228	45 
2229	22 
2230	5 
2231	71 
2232	3 
2233	98 
2234	50 
2235	9 
2236	56 
2237	43 
2238	22 
2239	101 
2240	40 
2241	44 
2242	21 
2243	99 
2244	10 
2245	34 
2246	16 
2247	99 
2248	104 
2249	57 
2250	61 
2251	101 
2252	48 
2253	16 
2254	74 
2255	11 
2256	36 
2257	96 
2258	10 
2259	17 
2260	11 
2261	104 
2262	3 
2263	40 
2264	43 
2265	49 
2266	103 
2267	44 
2268	41 
2269	48 
2270	48 
2271	25 
2272	73 
2273	70 
2274	16 
2275	62 
2276	73 
2277	9 
2278	26 
2279	29 
2280	104 
2281	21 
2282	75 
2283	57 
2284	73 
2285	57 
2286	103 
2287	82 
2288	33 
2289	8 
2290	86 
2291	5 
2292	57 
2293	61 
2294	67 
2295	94 
2296	57 
2297	86 
2298	10 
2299	61 
2300	1 
2301	61 
2302	18 
2303	45 
2304	19 
2305	48 
2306	14 
2307	86 
2308	54 
2309	41 
2310	8 
2311	73 
2312	28 
2313	26 
2314	19 
2315	47 
2316	12 
2317	62 
2318	70 
2319	81 
2320	91 
2321	33 
2322	4 
2323	48 
2324	35 
2325	29 
2326	13 
2327	16 
2328	1 
2329	51 
2330	8 
2331	89 
2332	7 
2333	14 
2334	81 
2335	49 
2336	2 
2337	102 
2338	20 
2339	83 
2340	18 
2341	29 
2342	87 
2343	105 
2344	33 
2345	104 
2346	88 
2347	8 
2348	54 
2349	15 
2350	38 
2351	73 
2352	25 
2353	12 
2354	54 
2355	57 
2356	19 
2357	47 
2358	53 
2359	78 
2360	42 
2361	45 
2362	104 
2363	8 
2364	8 
2365	51 
2366	70 
2367	8 
2368	91 
2369	40 
2370	11 
2371	54 
2372	12 
2373	18 
2374	43 
2375	68 
2376	25 
2377	40 
2378	90 
2379	14 
2380	10 
2381	101 
2382	25 
2383	52 
2384	92 
2385	58 
2386	29 
2387	69 
2388	80 
2389	66 
2390	103 
2391	20 
2392	46 
2393	62 
2394	10 
2395	97 
2396	30 
2397	22 
2398	38 
2399	100 
2400	1 
2401	100 
2402	39 
2403	84 
2404	103 
2405	19 
2406	74 
2407	49 
2408	83 
2409	59 
2410	22 
2411	59 
2412	26 
2413	11 
2414	57 
2415	46 
2416	39 
2417	45 
2418	73 
2419	70 
2420	104 
2421	98 
2422	22 
2423	98 
2424	24 
2425	21 
2426	96 
2427	19 
2428	44 
2429	26 
2430	56 
2431	67 
2432	31 
2433	87 
2434	38 
2435	1 
2436	44 
2437	14 
2438	1 
2439	57 
2440	54 
2441	58 
2442	25 
2443	74 
2444	10 
2445	45 
2446	61 
2447	90 
2448	85 
2449	98 
2450	5 
2451	104 
2452	40 
2453	90 
2454	16 
2455	50 
2456	28 
2457	77 
2458	88 
2459	67 
2460	16 
2461	43 
2462	78 
2463	61 
2464	26 
2465	22 
2466	85 
2467	97 
2468	73 
2469	6 
2470	16 
2471	16 
2472	18 
2473	79 
2474	30 
2475	44 
2476	96 
2477	78 
2478	12 
2479	67 
2480	43 
2481	84 
2482	81 
2483	84 
2484	104 
2485	14 
2486	40 
2487	21 
2488	5 
2489	97 
2490	48 
2491	36 
2492	19 
2493	88 
2494	103 
2495	10 
2496	54 
2497	11 
2498	98 
2499	40 
2500	99 
2501	104 
2502	7 
2503	5 
2504	102 
2505	99 
2506	30 
2507	100 
2508	43 
2509	2 
2510	57 
2511	16 
2512	25 
2513	105 
2514	16 
2515	4 
2516	84 
2517	91 
2518	84 
2519	46 
2520	49 
2521	44 
2522	92 
2523	44 
2524	26 
2525	47 
2526	73 
2527	95 
2528	82 
2529	51 
2530	57 
2531	85 
2532	37 
2533	62 
2534	45 
2535	58 
2536	57 
2537	46 
2538	79 
2539	11 
2540	65 
2541	31 
2542	38 
2543	19 
2544	50 
2545	16 
2546	78 
2547	65 
2548	4 
2549	20 
2550	71 
2551	73 
2552	7 
2553	49 
2554	34 
2555	44 
2556	81 
2557	29 
2558	10 
2559	15 
2560	88 
2561	16 
2562	100 
2563	14 
2564	54 
2565	98 
2566	25 
2567	6 
2568	29 
2569	57 
2570	29 
2571	20 
2572	104 
2573	45 
2574	36 
2575	44 
2576	12 
2577	89 
2578	14 
2579	32 
2580	47 
2581	12 
2582	73 
2583	13 
2584	3 
2585	30 
2586	2 
2587	12 
2588	57 
2589	49 
2590	64 
2591	99 
2592	44 
2593	48 
2594	48 
2595	65 
2596	58 
2597	21 
2598	43 
2599	33 
2600	41 
2601	44 
2602	33 
2603	90 
2604	97 
2605	78 
2606	33 
2607	16 
2608	22 
2609	49 
2610	11 
2611	58 
2612	61 
2613	27 
2614	57 
2615	93 
2616	40 
2617	19 
2618	88 
2619	5 
2620	2 
2621	11 
2622	9 
2623	51 
2624	1 
2625	34 
2626	24 
2627	89 
2628	73 
2629	63 
2630	102 
2631	87 
2632	23 
2633	67 
2634	71 
2635	8 
2636	65 
2637	34 
2638	22 
2639	103 
2640	52 
2641	49 
2642	50 
2643	16 
2644	96 
2645	87 
2646	56 
2647	75 
2648	45 
2649	62 
2650	103 
2651	19 
2652	60 
2653	2 
2654	95 
2655	20 
2656	18 
2657	71 
2658	96 
2659	57 
2660	48 
2661	8 
2662	77 
2663	41 
2664	31 
2665	41 
2666	73 
2667	64 
2668	63 
2669	21 
2670	38 
2671	22 
2672	84 
2673	19 
2674	57 
2675	21 
2676	34 
2677	83 
2678	43 
2679	34 
2680	98 
2681	49 
2682	24 
2683	9 
2684	39 
2685	60 
2686	84 
2687	5 
2688	47 
2689	84 
2690	34 
2691	19 
2692	14 
2693	91 
2694	98 
2695	2 
2696	34 
2697	6 
2698	26 
2699	33 
2700	28 
2701	30 
2702	19 
2703	73 
2704	103 
2705	68 
2706	26 
2707	28 
2708	21 
2709	4 
2710	56 
2711	16 
2712	70 
2713	8 
2714	50 
2715	91 
2716	20 
2717	26 
2718	67 
2719	38 
2720	23 
2721	57 
2722	41 
2723	38 
2724	44 
2725	38 
2726	84 
2727	24 
2728	10 
2729	26 
2730	18 
2731	36 
2732	32 
2733	4 
2734	25 
2735	36 
2736	64 
2737	1 
2738	11 
2739	10 
2740	91 
2741	65 
2742	70 
2743	59 
2744	91 
2745	34 
2746	101 
2747	65 
2748	1 
2749	27 
2750	33 
2751	66 
2752	8 
2753	96 
2754	91 
2755	30 
2756	27 
2757	24 
2758	30 
2759	70 
2760	30 
2761	53 
2762	22 
2763	57 
2764	75 
2765	76 
2766	11 
2767	21 
2768	37 
2769	84 
2770	78 
2771	63 
2772	62 
2773	31 
2774	17 
2775	14 
2776	21 
2777	19 
2778	78 
2779	28 
2780	84 
2781	27 
2782	43 
2783	19 
2784	82 
2785	88 
2786	44 
2787	45 
2788	74 
2789	6 
2790	31 
2791	23 
2792	101 
2793	74 
2794	22 
2795	28 
2796	88 
2797	97 
2798	18 
2799	48 
2800	10 
2801	50 
2802	7 
2803	37 
2804	5 
2805	18 
2806	86 
2807	58 
2808	76 
2809	29 
2810	86 
2811	49 
2812	80 
2813	28 
2814	71 
2815	50 
2816	15 
2817	83 
2818	49 
2819	103 
2820	57 
2821	70 
2822	6 
2823	5 
2824	57 
2825	77 
2826	59 
2827	8 
2828	1 
2829	101 
2830	25 
2831	94 
2832	57 
2833	80 
2834	3 
2835	105 
2836	104 
2837	20 
2838	66 
2839	14 
2840	97 
2841	38 
2842	91 
2843	51 
2844	34 
2845	18 
2846	25 
2847	103 
2848	28 
2849	5 
2850	83 
2851	105 
2852	70 
2853	36 
2854	65 
2855	78 
2856	10 
2857	38 
2858	46 
2859	77 
2860	12 
2861	23 
2862	44 
2863	73 
2864	105 
2865	65 
2866	38 
2867	24 
2868	94 
2869	22 
2870	103 
2871	79 
2872	17 
2873	101 
2874	25 
2875	27 
2876	35 
2877	66 
2878	4 
2879	43 
2880	50 
2881	95 
2882	24 
2883	1 
2884	47 
2885	18 
2886	84 
2887	33 
2888	87 
2889	20 
2890	10 
2891	74 
2892	28 
2893	71 
2894	54 
2895	62 
2896	4 
2897	40 
2898	38 
2899	8 
2900	39 
2901	50 
2902	46 
2903	102 
2904	10 
2905	82 
2906	16 
2907	33 
2908	67 
2909	43 
2910	25 
2911	14 
2912	62 
2913	16 
2914	8 
2915	43 
2916	33 
2917	98 
2918	78 
2919	41 
2920	66 
2921	61 
2922	13 
2923	53 
2924	97 
2925	99 
2926	49 
2927	38 
2928	88 
2929	54 
2930	18 
2931	49 
2932	34 
2933	34 
2934	63 
2935	10 
2936	9 
2937	12 
2938	5 
2939	16 
2940	19 
2941	26 
2942	39 
2943	82 
2944	38 
2945	20 
2946	20 
2947	13 
2948	54 
2949	40 
2950	29 
2951	9 
2952	20 
2953	50 
2954	82 
2955	20 
2956	41 
2957	38 
2958	39 
2959	91 
2960	67 
2961	19 
2962	78 
2963	81 
2964	26 
2965	80 
2966	78 
2967	68 
2968	57 
2969	24 
2970	53 
2971	49 
2972	39 
2973	99 
2974	43 
2975	105 
2976	10 
2977	82 
2978	48 
2979	29 
2980	83 
2981	84 
2982	11 
2983	54 
2984	54 
2985	22 
2986	44 
2987	60 
2988	51 
2989	68 
2990	26 
2991	29 
2992	94 
2993	56 
2994	40 
2995	95 
2996	45 
2997	44 
2998	43 
2999	38 
3000	12 
3001	63 
3002	14 
3003	52 
3004	20 
3005	48 
3006	24 
3007	50 
3008	47 
3009	8 
3010	81 
3011	2 
3012	5 
3013	67 
3014	96 
3015	16 
3016	10 
3017	9 
3018	101 
3019	5 
3020	16 
3021	8 
3022	20 
3023	92 
3024	96 
3025	44 
3026	29 
3027	11 
3028	97 
3029	39 
3030	82 
3031	52 
3032	38 
3033	10 
3034	48 
3035	9 
3036	34 
3037	2 
3038	7 
3039	90 
3040	68 
3041	1 
3042	4 
3043	105 
3044	36 
3045	69 
3046	10 
3047	44 
3048	87 
3049	88 
3050	12 
3051	16 
3052	99 
3053	97 
3054	12 
3055	57 
3056	14 
3057	36 
3058	18 
3059	70 
3060	97 
3061	51 
3062	66 
3063	71 
3064	48 
3065	65 
3066	84 
3067	24 
3068	36 
3069	78 
3070	101 
3071	94 
3072	16 
3073	87 
3074	99 
3075	81 
3076	38 
3077	89 
3078	55 
3079	5 
3080	81 
3081	88 
3082	72 
3083	20 
3084	104 
3085	48 
3086	98 
3087	46 
3088	88 
3089	88 
3090	58 
3091	41 
3092	50 
3093	29 
3094	85 
3095	44 
3096	96 
3097	40 
3098	7 
3099	14 
3100	53 
3101	28 
3102	44 
3103	48 
3104	2 
3105	38 
3106	78 
3107	39 
3108	5 
3109	101 
3110	100 
3111	65 
3112	29 
3113	48 
3114	55 
3115	6 
3116	12 
3117	42 
3118	101 
3119	87 
3120	42 
3121	34 
3122	48 
3123	86 
3124	75 
3125	53 
3126	89 
3127	44 
3128	32 
3129	54 
3130	49 
3131	62 
3132	78 
3133	41 
3134	67 
3135	105 
3136	61 
3137	69 
3138	91 
3139	96 
3140	38 
3141	63 
3142	93 
3143	39 
3144	51 
3145	19 
3146	35 
3147	101 
3148	73 
3149	5 
3150	54 
3151	87 
3152	32 
3153	101 
3154	58 
3155	11 
3156	54 
3157	75 
3158	27 
3159	48 
3160	96 
3161	58 
3162	44 
3163	90 
3164	99 
3165	50 
3166	74 
3167	63 
3168	27 
3169	10 
3170	21 
3171	101 
3172	70 
3173	28 
3174	46 
3175	68 
3176	16 
3177	51 
3178	100 
3179	15 
3180	22 
3181	20 
3182	59 
3183	82 
3184	70 
3185	16 
3186	40 
3187	96 
3188	102 
3189	14 
3190	75 
3191	24 
3192	6 
3193	71 
3194	14 
3195	93 
3196	35 
3197	39 
3198	91 
3199	48 
3200	27 
3201	76 
3202	67 
3203	41 
3204	1 
3205	48 
3206	45 
3207	33 
3208	97 
3209	25 
3210	28 
3211	57 
3212	62 
3213	99 
3214	22 
3215	78 
3216	50 
3217	28 
3218	42 
3219	34 
3220	70 
3221	71 
3222	94 
3223	10 
3224	44 
3225	26 
3226	33 
3227	57 
3228	35 
3229	21 
3230	41 
3231	2 
3232	41 
3233	27 
3234	60 
3235	10 
3236	61 
3237	76 
3238	33 
3239	44 
3240	61 
3241	85 
3242	50 
3243	38 
3244	12 
3245	58 
3246	101 
3247	19 
3248	23 
3249	33 
3250	14 
3251	28 
3252	28 
3253	12 
3254	38 
3255	33 
3256	17 
3257	30 
3258	54 
3259	31 
3260	26 
3261	15 
3262	18 
3263	6 
3264	5 
3265	8 
3266	70 
3267	88 
3268	14 
3269	92 
3270	2 
3271	99 
3272	29 
3273	9 
3274	48 
3275	40 
3276	45 
3277	25 
3278	29 
3279	57 
3280	35 
3281	82 
3282	20 
3283	16 
3284	40 
3285	26 
3286	16 
3287	103 
3288	73 
3289	39 
3290	38 
3291	14 
3292	78 
3293	1 
3294	3 
3295	46 
3296	34 
3297	102 
3298	34 
3299	71 
3300	100 
3301	20 
3302	82 
3303	48 
3304	44 
3305	34 
3306	46 
3307	89 
3308	12 
3309	33 
3310	34 
3311	18 
3312	21 
3313	103 
3314	32 
3315	26 
3316	26 
3317	102 
3318	62 
3319	67 
3320	26 
3321	101 
3322	15 
3323	57 
3324	62 
3325	1 
3326	56 
3327	76 
3328	101 
3329	21 
3330	3 
3331	14 
3332	35 
3333	16 
3334	101 
3335	104 
3336	81 
3337	5 
3338	58 
3339	80 
3340	96 
3341	8 
3342	76 
3343	103 
3344	43 
3345	41 
3346	58 
3347	25 
3348	73 
3349	83 
3350	105 
3351	19 
3352	6 
3353	13 
3354	86 
3355	15 
3356	22 
3357	93 
3358	61 
3359	18 
3360	17 
3361	7 
3362	31 
3363	96 
3364	90 
3365	41 
3366	57 
3367	45 
3368	1 
3369	101 
3370	34 
3371	6 
3372	20 
3373	29 
3374	26 
3375	67 
3376	26 
3377	4 
3378	89 
3379	31 
3380	33 
3381	104 
3382	39 
3383	74 
3384	48 
3385	101 
3386	22 
3387	67 
3388	49 
3389	59 
3390	1 
3391	88 
3392	34 
3393	19 
3394	104 
3395	52 
3396	18 
3397	75 
3398	104 
3399	22 
3400	38 
3401	42 
3402	96 
3403	95 
3404	41 
3405	44 
3406	68 
3407	41 
3408	9 
3409	18 
3410	5 
3411	105 
3412	33 
3413	40 
3414	26 
3415	41 
3416	22 
3417	46 
3418	78 
3419	2 
3420	44 
3421	42 
3422	97 
3423	50 
3424	43 
3425	21 
3426	8 
3427	46 
3428	91 
3429	103 
3430	59 
3431	40 
3432	60 
3433	53 
3434	38 
3435	78 
3436	19 
3437	41 
3438	16 
3439	29 
3440	21 
3441	88 
3442	47 
3443	6 
3444	78 
3445	60 
3446	6 
3447	57 
3448	38 
3449	84 
3450	86 
3451	103 
3452	51 
3453	51 
3454	38 
3455	62 
3456	29 
3457	62 
3458	48 
3459	32 
3460	78 
3461	57 
3462	86 
3463	65 
3464	44 
3465	50 
3466	23 
3467	101 
3468	2 
3469	65 
3470	38 
3471	43 
3472	14 
3473	73 
3474	104 
3475	14 
3476	40 
3477	44 
3478	88 
3479	12 
3480	51 
3481	25 
3482	96 
3483	56 
3484	87 
3485	104 
3486	74 
3487	48 
3488	14 
3489	80 
3490	10 
3491	38 
3492	54 
3493	58 
3494	94 
3495	46 
3496	48 
3497	57 
3498	8 
3499	39 
3500	25 
3501	46 
3502	26 
3503	93 
3504	5 
3505	76 
3506	4 
3507	4 
3508	101 
3509	64 
3510	38 
3511	61 
3512	32 
3513	71 
3514	12 
3515	102 
3516	88 
3517	30 
3518	4 
3519	40 
3520	89 
3521	53 
3522	48 
3523	105 
3524	46 
3525	10 
3526	69 
3527	40 
3528	99 
3529	50 
3530	20 
3531	23 
3532	53 
3533	38 
3534	2 
3535	25 
3536	38 
3537	14 
3538	26 
3539	101 
3540	23 
3541	26 
3542	91 
3543	54 
3544	23 
3545	86 
3546	96 
3547	71 
3548	65 
3549	28 
3550	19 
3551	14 
3552	50 
3553	74 
3554	70 
3555	64 
3556	91 
3557	9 
3558	92 
3559	53 
3560	23 
3561	26 
3562	36 
3563	20 
3564	100 
3565	18 
3566	87 
3567	45 
3568	30 
3569	21 
3570	105 
3571	97 
3572	86 
3573	15 
3574	22 
3575	21 
3576	26 
3577	20 
3578	33 
3579	36 
3580	63 
3581	79 
3582	23 
3583	78 
3584	30 
3585	34 
3586	61 
3587	59 
3588	38 
3589	26 
3590	42 
3591	72 
3592	40 
3593	96 
3594	24 
3595	13 
3596	39 
3597	90 
3598	103 
3599	38 
3600	17 
3601	58 
3602	26 
3603	29 
3604	14 
3605	43 
3606	33 
3607	17 
3608	87 
3609	96 
3610	54 
3611	8 
3612	64 
3613	18 
3614	40 
3615	88 
3616	15 
3617	72 
3618	22 
3619	19 
3620	65 
3621	3 
3622	37 
3623	12 
3624	33 
3625	105 
3626	32 
3627	95 
3628	6 
3629	103 
3630	50 
3631	46 
3632	48 
3633	44 
3634	18 
3635	18 
3636	38 
3637	41 
3638	16 
3639	14 
3640	98 
3641	10 
3642	38 
3643	73 
3644	24 
3645	18 
3646	43 
3647	81 
3648	16 
3649	72 
3650	105 
3651	57 
3652	93 
3653	12 
3654	12 
3655	26 
3656	58 
3657	54 
3658	30 
3659	14 
3660	51 
3661	37 
3662	39 
3663	26 
3664	45 
3665	38 
3666	78 
3667	36 
3668	96 
3669	51 
3670	68 
3671	76 
3672	57 
3673	103 
3674	90 
3675	7 
3676	50 
3677	9 
3678	88 
3679	101 
3680	33 
3681	83 
3682	19 
3683	52 
3684	56 
3685	28 
3686	14 
3687	25 
3688	71 
3689	39 
3690	5 
3691	103 
3692	45 
3693	91 
3694	41 
3695	14 
3696	19 
3697	16 
3698	14 
3699	23 
3700	16 
3701	68 
3702	53 
3703	30 
3704	105 
3705	5 
3706	4 
3707	40 
3708	92 
3709	70 
3710	52 
3711	57 
3712	70 
3713	23 
3714	101 
3715	89 
3716	21 
3717	30 
3718	9 
3719	51 
3720	78 
3721	100 
3722	88 
3723	52 
3724	61 
3725	25 
3726	1 
3727	98 
3728	67 
3729	91 
3730	88 
3731	91 
3732	41 
3733	40 
3734	21 
3735	10 
3736	28 
3737	62 
3738	96 
3739	26 
3740	103 
3741	1 
3742	44 
3743	54 
3744	61 
3745	20 
3746	71 
3747	93 
3748	34 
3749	47 
3750	65 
3751	105 
3752	20 
3753	33 
3754	49 
3755	25 
3756	16 
3757	19 
3758	88 
3759	41 
3760	51 
3761	25 
3762	1 
3763	101 
3764	64 
3765	53 
3766	3 
3767	19 
3768	41 
3769	78 
3770	87 
3771	39 
3772	80 
3773	100 
3774	49 
3775	29 
3776	57 
3777	36 
3778	64 
3779	58 
3780	51 
3781	96 
3782	59 
3783	10 
3784	31 
3785	57 
3786	15 
3787	19 
3788	29 
3789	88 
3790	47 
3791	75 
3792	33 
3793	8 
3794	49 
3795	16 
3796	25 
3797	57 
3798	55 
3799	73 
3800	26 
3801	10 
3802	97 
3803	76 
3804	48 
3805	10 
3806	34 
3807	15 
3808	96 
3809	16 
3810	57 
3811	5 
3812	88 
3813	18 
3814	81 
3815	82 
3816	78 
3817	44 
3818	29 
3819	102 
3820	12 
3821	27 
3822	31 
3823	53 
3824	60 
3825	10 
3826	21 
3827	44 
3828	46 
3829	13 
3830	101 
3831	101 
3832	32 
3833	27 
3834	38 
3835	96 
3836	10 
3837	63 
3838	17 
3839	84 
3840	26 
3841	29 
3842	33 
3843	57 
3844	33 
3845	51 
3846	9 
3847	76 
3848	39 
3849	15 
3850	53 
3851	26 
3852	77 
3853	99 
3854	44 
3855	14 
3856	35 
3857	25 
3858	94 
3859	25 
3860	78 
3861	58 
3862	54 
3863	87 
3864	48 
3865	83 
3866	88 
3867	19 
3868	103 
3869	55 
3870	90 
3871	67 
3872	9 
3873	6 
3874	6 
3875	45 
3876	53 
3877	14 
3878	104 
3879	49 
3880	46 
3881	79 
3882	34 
3883	100 
3884	60 
3885	29 
3886	1 
3887	63 
3888	5 
3889	5 
3890	64 
3891	30 
3892	72 
3893	67 
3894	42 
3895	95 
3896	104 
3897	13 
3898	6 
3899	40 
3900	10 
3901	60 
3902	46 
3903	61 
3904	78 
3905	12 
3906	57 
3907	79 
3908	3 
3909	26 
3910	44 
3911	69 
3912	38 
3913	33 
3914	94 
3915	7 
3916	16 
3917	21 
3918	92 
3919	66 
3920	69 
3921	38 
3922	11 
3923	101 
3924	29 
3925	47 
3926	31 
3927	38 
3928	1 
3929	31 
3930	57 
3931	97 
3932	29 
3933	1 
3934	38 
3935	19 
3936	5 
3937	28 
3938	84 
3939	12 
3940	29 
3941	21 
3942	5 
3943	53 
3944	5 
3945	104 
3946	73 
3947	17 
3948	45 
3949	97 
3950	84 
3951	18 
3952	49 
3953	9 
3954	56 
3955	98 
3956	96 
3957	12 
3958	21 
3959	90 
3960	22 
3961	9 
3962	38 
3963	19 
3964	1 
3965	54 
3966	88 
3967	10 
3968	5 
3969	57 
3970	96 
3971	38 
3972	25 
3973	35 
3974	49 
3975	6 
3976	14 
3977	5 
3978	55 
3979	56 
3980	17 
3981	105 
3982	2 
3983	1 
3984	1 
3985	1 
3986	27 
3987	80 
3988	54 
3989	56 
3990	44 
3991	10 
3992	42 
3993	103 
3994	30 
3995	67 
3996	17 
3997	97 
3998	23 
3999	21 
4000	74 
4001	32 
4002	78 
4003	59 
4004	94 
4005	90 
4006	9 
4007	42 
4008	105 
4009	62 
4010	26 
4011	57 
4012	49 
4013	55 
4014	12 
4015	30 
4016	16 
4017	25 
4018	11 
4019	8 
4020	22 
4021	31 
4022	22 
4023	10 
4024	8 
4025	48 
4026	34 
4027	25 
4028	12 
4029	20 
4030	105 
4031	104 
4032	41 
4033	88 
4034	4 
4035	61 
4036	39 
4037	103 
4038	67 
4039	80 
4040	6 
4041	57 
4042	5 
4043	88 
4044	26 
4045	70 
4046	46 
4047	26 
4048	96 
4049	5 
4050	4 
4051	2 
4052	8 
4053	18 
4054	2 
4055	20 
4056	35 
4057	5 
4058	76 
4059	54 
4060	101 
4061	80 
4062	58 
4063	18 
4064	39 
4065	79 
4066	12 
4067	89 
4068	33 
4069	79 
4070	53 
4071	62 
4072	1 
4073	88 
4074	41 
4075	33 
4076	44 
4077	82 
4078	47 
4079	43 
4080	78 
4081	65 
4082	61 
4083	29 
4084	101 
4085	28 
4086	96 
4087	1 
4088	26 
4089	99 
4090	17 
4091	23 
4092	85 
4093	91 
4094	19 
4095	20 
4096	101 
4097	20 
4098	42 
4099	98 
4100	3 
4101	52 
4102	66 
4103	103 
4104	38 
4105	21 
4106	2 
4107	92 
4108	67 
4109	103 
4110	56 
4111	16 
4112	46 
4113	88 
4114	6 
4115	32 
4116	57 
4117	46 
4118	41 
4119	13 
4120	87 
4121	71 
4122	48 
4123	103 
4124	10 
4125	73 
4126	103 
4127	8 
4128	19 
4129	44 
4130	50 
4131	8 
4132	42 
4133	86 
4134	23 
4135	18 
4136	26 
4137	54 
4138	37 
4139	97 
4140	8 
4141	13 
4142	32 
4143	88 
4144	93 
4145	43 
4146	48 
4147	70 
4148	21 
4149	4 
4150	10 
4151	103 
4152	14 
4153	67 
4154	30 
4155	78 
4156	14 
4157	38 
4158	91 
4159	18 
4160	53 
4161	73 
4162	20 
4163	57 
4164	88 
4165	28 
4166	42 
4167	15 
4168	90 
4169	43 
4170	96 
4171	62 
4172	73 
4173	18 
4174	49 
4175	17 
4176	84 
4177	101 
4178	46 
4179	20 
4180	34 
4181	57 
4182	88 
4183	13 
4184	96 
4185	72 
4186	50 
4187	36 
4188	96 
4189	80 
4190	1 
4191	36 
4192	77 
4193	35 
4194	1 
4195	73 
4196	74 
4197	14 
4198	25 
4199	69 
4200	33 
4201	29 
4202	38 
4203	14 
4204	33 
4205	95 
4206	28 
4207	105 
4208	78 
4209	82 
4210	12 
4211	9 
4212	10 
4213	14 
4214	5 
4215	14 
4216	86 
4217	46 
4218	33 
4219	21 
4220	40 
4221	39 
4222	11 
4223	87 
4224	41 
4225	16 
4226	100 
4227	29 
4228	103 
4229	93 
4230	23 
4231	9 
4232	12 
4233	81 
4234	72 
4235	56 
4236	93 
4237	29 
4238	88 
4239	101 
4240	29 
4241	77 
4242	47 
4243	70 
4244	5 
4245	17 
4246	53 
4247	29 
4248	35 
4249	42 
4250	39 
4251	45 
4252	19 
4253	46 
4254	10 
4255	101 
4256	95 
4257	37 
4258	11 
4259	17 
4260	36 
4261	104 
4262	41 
4263	34 
4264	18 
4265	32 
4266	4 
4267	49 
4268	103 
4269	59 
4270	43 
4271	54 
4272	32 
4273	20 
4274	98 
4275	23 
4276	21 
4277	101 
4278	10 
4279	34 
4280	21 
4281	42 
4282	96 
4283	69 
4284	44 
4285	29 
4286	63 
4287	25 
4288	20 
4289	20 
4290	96 
4291	29 
4292	10 
4293	12 
4294	71 
4295	99 
4296	20 
4297	32 
4298	103 
4299	38 
4300	34 
4301	14 
4302	48 
4303	82 
4304	15 
4305	44 
4306	21 
4307	96 
4308	73 
4309	101 
4310	34 
4311	94 
4312	10 
4313	38 
4314	12 
4315	78 
4316	39 
4317	7 
4318	7 
4319	94 
4320	29 
4321	43 
4322	38 
4323	40 
4324	51 
4325	1 
4326	45 
4327	38 
4328	43 
4329	72 
4330	15 
4331	33 
4332	78 
4333	17 
4334	101 
4335	45 
4336	33 
4337	23 
4338	32 
4339	37 
4340	22 
4341	78 
4342	67 
4343	41 
4344	50 
4345	23 
4346	23 
4347	87 
4348	22 
4349	96 
4350	2 
4351	6 
4352	87 
4353	29 
4354	22 
4355	27 
4356	59 
4357	88 
4358	29 
4359	16 
4360	95 
4361	5 
4362	44 
4363	44 
4364	5 
4365	19 
4366	18 
4367	5 
4368	12 
4369	1 
4370	1 
4371	18 
4372	36 
4373	93 
4374	10 
4375	77 
4376	64 
4377	33 
4378	11 
4379	91 
4380	61 
4381	67 
4382	30 
4383	33 
4384	93 
4385	81 
4386	28 
4387	51 
4388	55 
4389	57 
4390	78 
4391	41 
4392	46 
4393	97 
4394	73 
4395	12 
4396	75 
4397	93 
4398	47 
4399	52 
4400	92 
4401	85 
4402	54 
4403	81 
4404	26 
4405	63 
4406	101 
4407	57 
4408	26 
4409	39 
4410	101 
4411	64 
4412	78 
4413	14 
4414	34 
4415	87 
4416	34 
4417	44 
4418	101 
4419	5 
4420	36 
4421	6 
4422	18 
4423	18 
4424	32 
4425	15 
4426	11 
4427	44 
4428	29 
4429	36 
4430	59 
4431	59 
4432	73 
4433	33 
4434	34 
4435	32 
4436	37 
4437	22 
4438	97 
4439	20 
4440	26 
4441	49 
4442	99 
4443	101 
4444	63 
4445	16 
4446	22 
4447	58 
4448	81 
4449	43 
4450	32 
4451	24 
4452	36 
4453	29 
4454	2 
4455	94 
4456	78 
4457	7 
4458	80 
4459	103 
4460	30 
4461	59 
4462	70 
4463	45 
4464	1 
4465	53 
4466	19 
4467	67 
4468	25 
4469	6 
4470	73 
4471	4 
4472	26 
4473	47 
4474	89 
4475	46 
4476	25 
4477	10 
4478	15 
4479	46 
4480	38 
4481	1 
4482	1 
4483	57 
4484	45 
4485	85 
4486	43 
4487	43 
4488	27 
4489	12 
4490	70 
4491	19 
4492	25 
4493	85 
4494	44 
4495	28 
4496	71 
4497	2 
4498	51 
4499	38 
4500	6 
4501	46 
4502	73 
4503	13 
4504	13 
4505	65 
4506	38 
4507	40 
4508	83 
4509	19 
4510	55 
4511	10 
4512	33 
4513	22 
4514	27 
4515	8 
4516	79 
4517	1 
4518	8 
4519	55 
4520	43 
4521	35 
4522	70 
4523	15 
4524	88 
4525	92 
4526	35 
4527	5 
4528	25 
4529	69 
4530	46 
4531	67 
4532	75 
4533	7 
4534	39 
4535	101 
4536	18 
4537	14 
4538	40 
4539	48 
4540	14 
4541	102 
4542	35 
4543	18 
4544	42 
4545	104 
4546	48 
4547	22 
4548	34 
4549	12 
4550	100 
4551	41 
4552	29 
4553	49 
4554	35 
4555	98 
4556	65 
4557	81 
4558	81 
4559	19 
4560	48 
4561	38 
4562	16 
4563	10 
4564	92 
4565	57 
4566	6 
4567	1 
4568	7 
4569	19 
4570	33 
4571	97 
4572	20 
4573	10 
4574	70 
4575	23 
4576	44 
4577	18 
4578	98 
4579	71 
4580	19 
4581	38 
4582	16 
4583	79 
4584	22 
4585	61 
4586	26 
4587	67 
4588	92 
4589	41 
4590	48 
4591	29 
4592	101 
4593	14 
4594	35 
4595	80 
4596	23 
4597	19 
4598	5 
4599	54 
4600	72 
4601	41 
4602	10 
4603	98 
4604	104 
4605	72 
4606	64 
4607	48 
4608	73 
4609	60 
4610	61 
4611	67 
4612	98 
4613	43 
4614	2 
4615	10 
4616	23 
4617	104 
4618	3 
4619	12 
4620	16 
4621	56 
4622	15 
4623	16 
4624	18 
4625	19 
4626	66 
4627	41 
4628	86 
4629	43 
4630	1 
4631	104 
4632	14 
4633	49 
4634	25 
4635	45 
4636	20 
4637	27 
4638	78 
4639	104 
4640	26 
4641	5 
4642	48 
4643	29 
4644	5 
4645	60 
4646	101 
4647	3 
4648	101 
4649	6 
4650	82 
4651	22 
4652	56 
4653	53 
4654	42 
4655	46 
4656	101 
4657	34 
4658	40 
4659	12 
4660	10 
4661	17 
4662	32 
4663	103 
4664	75 
4665	20 
4666	5 
4667	58 
4668	25 
4669	7 
4670	46 
4671	48 
4672	57 
4673	50 
4674	101 
4675	78 
4676	1 
4677	50 
4678	98 
4679	29 
4680	35 
4681	55 
4682	12 
4683	84 
4684	97 
4685	64 
4686	18 
4687	91 
4688	60 
4689	98 
4690	96 
4691	84 
4692	5 
4693	101 
4694	67 
4695	103 
4696	101 
4697	34 
4698	66 
4699	81 
4700	85 
4701	64 
4702	1 
4703	8 
4704	48 
4705	25 
4706	96 
4707	23 
4708	8 
4709	55 
4710	104 
4711	18 
4712	33 
4713	34 
4714	34 
4715	74 
4716	25 
4717	29 
4718	49 
4719	30 
4720	55 
4721	98 
4722	2 
4723	77 
4724	32 
4725	87 
4726	28 
4727	38 
4728	78 
4729	91 
4730	84 
4731	46 
4732	19 
4733	57 
4734	1 
4735	96 
4736	48 
4737	28 
4738	10 
4739	105 
4740	20 
4741	16 
4742	105 
4743	43 
4744	48 
4745	29 
4746	40 
4747	41 
4748	41 
4749	100 
4750	14 
4751	61 
4752	28 
4753	34 
4754	53 
4755	48 
4756	43 
4757	41 
4758	72 
4759	57 
4760	57 
4761	99 
4762	44 
4763	70 
4764	38 
4765	2 
4766	46 
4767	22 
4768	38 
4769	60 
4770	75 
4771	16 
4772	44 
4773	20 
4774	52 
4775	33 
4776	41 
4777	30 
4778	36 
4779	44 
4780	4 
4781	49 
4782	17 
4783	57 
4784	1 
4785	1 
4786	16 
4787	46 
4788	14 
4789	95 
4790	62 
4791	53 
4792	90 
4793	10 
4794	11 
4795	68 
4796	78 
4797	4 
4798	30 
4799	5 
4800	6 
4801	40 
4802	15 
4803	82 
4804	74 
4805	24 
4806	22 
4807	62 
4808	74 
4809	4 
4810	57 
4811	5 
4812	25 
4813	8 
4814	28 
4815	104 
4816	5 
4817	44 
4818	85 
4819	33 
4820	54 
4821	66 
4822	25 
4823	25 
4824	88 
4825	20 
4826	44 
4827	90 
4828	28 
4829	20 
4830	91 
4831	3 
4832	88 
4833	55 
4834	99 
4835	26 
4836	101 
4837	33 
4838	19 
4839	19 
4840	2 
4841	16 
4842	16 
4843	39 
4844	40 
4845	27 
4846	22 
4847	20 
4848	103 
4849	82 
4850	21 
4851	96 
4852	88 
4853	40 
4854	33 
4855	103 
4856	96 
4857	8 
4858	87 
4859	16 
4860	31 
4861	14 
4862	51 
4863	46 
4864	11 
4865	19 
4866	25 
4867	32 
4868	97 
4869	20 
4870	57 
4871	11 
4872	26 
4873	54 
4874	71 
4875	73 
4876	105 
4877	19 
4878	44 
4879	88 
4880	97 
4881	28 
4882	41 
4883	31 
4884	53 
4885	40 
4886	39 
4887	14 
4888	39 
4889	17 
4890	77 
4891	15 
4892	61 
4893	1 
4894	30 
4895	23 
4896	6 
4897	91 
4898	60 
4899	20 
4900	84 
4901	96 
4902	1 
4903	1 
4904	54 
4905	94 
4906	13 
4907	5 
4908	16 
4909	54 
4910	33 
4911	57 
4912	102 
4913	95 
4914	103 
4915	79 
4916	96 
4917	22 
4918	50 
4919	8 
4920	38 
4921	12 
4922	72 
4923	78 
4924	40 
4925	26 
4926	42 
4927	92 
4928	69 
4929	39 
4930	17 
4931	65 
4932	74 
4933	41 
4934	48 
4935	88 
4936	48 
4937	101 
4938	57 
4939	29 
4940	50 
4941	22 
4942	46 
4943	32 
4944	103 
4945	12 
4946	41 
4947	88 
4948	80 
4949	89 
4950	39 
4951	10 
4952	8 
4953	19 
4954	16 
4955	2 
4956	48 
4957	39 
4958	87 
4959	48 
4960	20 
4961	46 
4962	67 
4963	56 
4964	82 
4965	20 
4966	26 
4967	25 
4968	104 
4969	46 
4970	78 
4971	90 
4972	14 
4973	35 
4974	58 
4975	99 
4976	23 
4977	3 
4978	35 
4979	28 
4980	51 
4981	16 
4982	98 
4983	14 
4984	101 
4985	20 
4986	55 
4987	41 
4988	43 
4989	10 
4990	38 
4991	14 
4992	48 
4993	52 
4994	35 
4995	23 
4996	101 
4997	48 
4998	46 
4999	32 
5000	100 
