1	56 
2	4 
3	23 
4	69 
5	52 
6	43 
7	19 
8	34 
9	82 
10	33 
11	93 
12	66 
13	56 
14	48 
15	92 
16	82 
17	78 
18	33 
19	32 
20	71 
21	84 
22	22 
23	1 
24	29 
25	73 
26	82 
27	63 
28	25 
29	34 
30	22 
31	63 
32	87 
33	7 
34	34 
35	3 
36	74 
37	19 
38	34 
39	20 
40	37 
41	47 
42	89 
43	57 
44	67 
45	24 
46	74 
47	66 
48	13 
49	59 
50	7 
51	64 
52	54 
53	56 
54	23 
55	59 
56	25 
57	67 
58	61 
59	54 
60	81 
61	70 
62	87 
63	50 
64	42 
65	56 
66	33 
67	51 
68	41 
69	69 
70	59 
71	64 
72	33 
73	85 
74	31 
75	5 
76	54 
77	48 
78	8 
79	54 
80	71 
81	59 
82	5 
83	5 
84	3 
85	34 
86	6 
87	91 
88	2 
89	82 
90	84 
91	19 
92	48 
93	16 
94	17 
95	62 
96	16 
97	48 
98	46 
99	12 
100	85 
101	59 
102	76 
103	5 
104	41 
105	75 
106	2 
107	27 
108	11 
109	16 
110	40 
111	50 
112	5 
113	63 
114	46 
115	41 
116	11 
117	54 
118	4 
119	75 
120	88 
121	61 
122	29 
123	17 
124	83 
125	38 
126	75 
127	4 
128	13 
129	91 
130	9 
131	81 
132	86 
133	47 
134	53 
135	74 
136	28 
137	74 
138	59 
139	66 
140	71 
141	8 
142	87 
143	77 
144	95 
145	6 
146	46 
147	23 
148	53 
149	78 
150	43 
151	65 
152	38 
153	69 
154	34 
155	14 
156	47 
157	17 
158	39 
159	82 
160	78 
161	82 
162	45 
163	65 
164	9 
165	85 
166	53 
167	90 
168	50 
169	70 
170	17 
171	50 
172	96 
173	69 
174	88 
175	85 
176	38 
177	40 
178	68 
179	75 
180	89 
181	65 
182	63 
183	31 
184	64 
185	71 
186	53 
187	94 
188	43 
189	53 
190	42 
191	19 
192	19 
193	6 
194	84 
195	46 
196	16 
197	50 
198	56 
199	90 
200	28 
201	61 
202	56 
203	22 
204	37 
205	66 
206	38 
207	24 
208	39 
209	54 
210	34 
211	84 
212	71 
213	52 
214	79 
215	50 
216	74 
217	64 
218	3 
219	13 
220	47 
221	72 
222	8 
223	50 
224	88 
225	9 
226	73 
227	67 
228	77 
229	69 
230	64 
231	53 
232	56 
233	64 
234	23 
235	16 
236	52 
237	65 
238	33 
239	15 
240	80 
241	30 
242	29 
243	8 
244	39 
245	51 
246	92 
247	69 
248	67 
249	50 
250	33 
251	68 
252	28 
253	43 
254	17 
255	57 
256	12 
257	64 
258	75 
259	48 
260	59 
261	91 
262	36 
263	58 
264	11 
265	54 
266	26 
267	28 
268	67 
269	3 
270	34 
271	27 
272	81 
273	74 
274	49 
275	52 
276	88 
277	56 
278	5 
279	44 
280	68 
281	5 
282	81 
283	23 
284	35 
285	24 
286	82 
287	8 
288	35 
289	33 
290	51 
291	45 
292	42 
293	28 
294	38 
295	47 
296	79 
297	71 
298	17 
299	69 
300	52 
301	42 
302	55 
303	52 
304	56 
305	20 
306	17 
307	5 
308	44 
309	68 
310	52 
311	75 
312	87 
313	17 
314	43 
315	19 
316	89 
317	20 
318	59 
319	22 
320	8 
321	54 
322	17 
323	63 
324	43 
325	65 
326	67 
327	70 
328	65 
329	60 
330	23 
331	37 
332	42 
333	27 
334	54 
335	93 
336	44 
337	81 
338	11 
339	82 
340	36 
341	8 
342	8 
343	59 
344	65 
345	82 
346	71 
347	82 
348	8 
349	69 
350	42 
351	86 
352	15 
353	23 
354	40 
355	60 
356	43 
357	47 
358	30 
359	36 
360	9 
361	84 
362	59 
363	79 
364	63 
365	79 
366	15 
367	28 
368	79 
369	36 
370	27 
371	39 
372	86 
373	27 
374	24 
375	34 
376	45 
377	40 
378	17 
379	5 
380	38 
381	36 
382	42 
383	24 
384	37 
385	63 
386	47 
387	72 
388	40 
389	75 
390	88 
391	30 
392	92 
393	54 
394	71 
395	69 
396	75 
397	11 
398	13 
399	50 
400	11 
401	64 
402	65 
403	11 
404	36 
405	44 
406	62 
407	31 
408	84 
409	12 
410	5 
411	5 
412	25 
413	12 
414	93 
415	88 
416	71 
417	11 
418	52 
419	4 
420	16 
421	39 
422	40 
423	87 
424	1 
425	12 
426	25 
427	85 
428	75 
429	33 
430	17 
431	65 
432	64 
433	64 
434	40 
435	11 
436	92 
437	56 
438	69 
439	52 
440	88 
441	72 
442	45 
443	58 
444	80 
445	33 
446	22 
447	71 
448	25 
449	5 
450	75 
451	34 
452	48 
453	33 
454	8 
455	89 
456	16 
457	53 
458	33 
459	63 
460	12 
461	70 
462	66 
463	12 
464	88 
465	40 
466	18 
467	35 
468	84 
469	28 
470	11 
471	49 
472	63 
473	15 
474	24 
475	69 
476	34 
477	88 
478	1 
479	58 
480	85 
481	8 
482	94 
483	87 
484	1 
485	91 
486	44 
487	14 
488	60 
489	45 
490	22 
491	81 
492	80 
493	55 
494	29 
495	44 
496	52 
497	3 
498	79 
499	87 
500	37 
501	78 
502	9 
503	55 
504	91 
505	13 
506	81 
507	32 
508	64 
509	49 
510	23 
511	58 
512	52 
513	34 
514	34 
515	59 
516	26 
517	38 
518	7 
519	83 
520	51 
521	42 
522	16 
523	61 
524	10 
525	17 
526	53 
527	81 
528	20 
529	22 
530	53 
531	66 
532	50 
533	75 
534	6 
535	23 
536	84 
537	27 
538	24 
539	40 
540	74 
541	50 
542	52 
543	16 
544	32 
545	65 
546	13 
547	31 
548	81 
549	53 
550	34 
551	92 
552	70 
553	34 
554	8 
555	36 
556	96 
557	77 
558	52 
559	11 
560	3 
561	42 
562	5 
563	12 
564	2 
565	46 
566	22 
567	39 
568	37 
569	57 
570	43 
571	39 
572	76 
573	71 
574	68 
575	88 
576	81 
577	19 
578	65 
579	12 
580	54 
581	50 
582	3 
583	65 
584	7 
585	81 
586	53 
587	20 
588	11 
589	39 
590	65 
591	21 
592	4 
593	65 
594	50 
595	24 
596	64 
597	90 
598	3 
599	73 
600	8 
601	70 
602	52 
603	81 
604	81 
605	20 
606	34 
607	16 
608	7 
609	67 
610	34 
611	65 
612	66 
613	58 
614	54 
615	11 
616	11 
617	48 
618	53 
619	69 
620	40 
621	78 
622	11 
623	70 
624	3 
625	8 
626	31 
627	28 
628	42 
629	82 
630	90 
631	34 
632	81 
633	49 
634	82 
635	47 
636	83 
637	65 
638	6 
639	11 
640	33 
641	94 
642	16 
643	19 
644	8 
645	21 
646	11 
647	28 
648	20 
649	19 
650	86 
651	11 
652	40 
653	64 
654	69 
655	17 
656	45 
657	27 
658	52 
659	25 
660	71 
661	50 
662	81 
663	28 
664	46 
665	53 
666	64 
667	64 
668	11 
669	14 
670	17 
671	68 
672	56 
673	20 
674	11 
675	32 
676	60 
677	35 
678	43 
679	70 
680	84 
681	33 
682	24 
683	81 
684	16 
685	33 
686	54 
687	64 
688	65 
689	59 
690	16 
691	12 
692	85 
693	43 
694	80 
695	80 
696	53 
697	65 
698	20 
699	96 
700	44 
701	3 
702	81 
703	5 
704	12 
705	94 
706	25 
707	58 
708	19 
709	95 
710	12 
711	83 
712	88 
713	75 
714	58 
715	26 
716	52 
717	36 
718	79 
719	81 
720	59 
721	74 
722	64 
723	56 
724	42 
725	65 
726	44 
727	54 
728	89 
729	36 
730	12 
731	59 
732	70 
733	51 
734	74 
735	12 
736	31 
737	20 
738	20 
739	17 
740	1 
741	40 
742	59 
743	24 
744	8 
745	85 
746	5 
747	59 
748	61 
749	17 
750	40 
751	89 
752	65 
753	36 
754	32 
755	64 
756	5 
757	72 
758	52 
759	16 
760	66 
761	73 
762	1 
763	37 
764	54 
765	22 
766	7 
767	93 
768	75 
769	82 
770	25 
771	88 
772	94 
773	17 
774	6 
775	63 
776	3 
777	44 
778	64 
779	34 
780	2 
781	50 
782	23 
783	38 
784	81 
785	12 
786	61 
787	82 
788	34 
789	11 
790	62 
791	22 
792	55 
793	64 
794	25 
795	91 
796	25 
797	40 
798	15 
799	62 
800	17 
801	34 
802	39 
803	12 
804	17 
805	38 
806	82 
807	21 
808	8 
809	17 
810	15 
811	58 
812	80 
813	91 
814	11 
815	87 
816	33 
817	93 
818	88 
819	66 
820	50 
821	57 
822	65 
823	63 
824	50 
825	17 
826	85 
827	81 
828	30 
829	6 
830	79 
831	8 
832	75 
833	66 
834	36 
835	44 
836	64 
837	51 
838	33 
839	95 
840	35 
841	12 
842	33 
843	63 
844	12 
845	89 
846	40 
847	31 
848	7 
849	52 
850	32 
851	17 
852	76 
853	46 
854	76 
855	13 
856	67 
857	12 
858	81 
859	86 
860	50 
861	64 
862	62 
863	47 
864	69 
865	36 
866	38 
867	15 
868	24 
869	24 
870	36 
871	17 
872	79 
873	8 
874	82 
875	64 
876	72 
877	62 
878	34 
879	96 
880	28 
881	42 
882	54 
883	47 
884	67 
885	66 
886	75 
887	85 
888	87 
889	58 
890	88 
891	63 
892	23 
893	92 
894	88 
895	60 
896	58 
897	45 
898	87 
899	65 
900	25 
901	52 
902	52 
903	47 
904	24 
905	24 
906	36 
907	58 
908	68 
909	64 
910	49 
911	32 
912	68 
913	84 
914	63 
915	60 
916	82 
917	71 
918	25 
919	85 
920	52 
921	14 
922	58 
923	39 
924	19 
925	15 
926	27 
927	79 
928	11 
929	85 
930	53 
931	60 
932	34 
933	47 
934	26 
935	35 
936	30 
937	31 
938	62 
939	2 
940	91 
941	50 
942	9 
943	1 
944	28 
945	85 
946	39 
947	37 
948	12 
949	47 
950	53 
951	96 
952	30 
953	39 
954	9 
955	79 
956	94 
957	23 
958	39 
959	88 
960	69 
961	71 
962	43 
963	37 
964	4 
965	68 
966	63 
967	59 
968	23 
969	22 
970	50 
971	21 
972	56 
973	28 
974	66 
975	61 
976	16 
977	80 
978	45 
979	86 
980	4 
981	39 
982	83 
983	33 
984	52 
985	81 
986	64 
987	2 
988	20 
989	82 
990	41 
991	39 
992	14 
993	65 
994	84 
995	37 
996	46 
997	36 
998	91 
999	11 
1000	57 
1001	13 
1002	76 
1003	25 
1004	48 
1005	24 
1006	81 
1007	62 
1008	15 
1009	51 
1010	95 
1011	68 
1012	60 
1013	83 
1014	63 
1015	12 
1016	59 
1017	64 
1018	28 
1019	54 
1020	22 
1021	50 
1022	25 
1023	69 
1024	33 
1025	87 
1026	81 
1027	59 
1028	56 
1029	9 
1030	38 
1031	63 
1032	86 
1033	96 
1034	95 
1035	87 
1036	87 
1037	37 
1038	33 
1039	80 
1040	65 
1041	39 
1042	66 
1043	81 
1044	74 
1045	31 
1046	71 
1047	50 
1048	53 
1049	32 
1050	70 
1051	59 
1052	46 
1053	67 
1054	34 
1055	48 
1056	59 
1057	20 
1058	59 
1059	8 
1060	53 
1061	4 
1062	66 
1063	37 
1064	72 
1065	55 
1066	5 
1067	22 
1068	74 
1069	74 
1070	27 
1071	12 
1072	91 
1073	68 
1074	71 
1075	70 
1076	26 
1077	49 
1078	62 
1079	93 
1080	71 
1081	40 
1082	59 
1083	17 
1084	22 
1085	11 
1086	52 
1087	16 
1088	63 
1089	13 
1090	24 
1091	33 
1092	34 
1093	23 
1094	42 
1095	32 
1096	36 
1097	65 
1098	9 
1099	96 
1100	63 
1101	54 
1102	52 
1103	33 
1104	94 
1105	70 
1106	22 
1107	28 
1108	68 
1109	37 
1110	90 
1111	17 
1112	6 
1113	34 
1114	66 
1115	47 
1116	17 
1117	71 
1118	5 
1119	79 
1120	73 
1121	47 
1122	86 
1123	95 
1124	75 
1125	40 
1126	11 
1127	18 
1128	68 
1129	84 
1130	48 
1131	25 
1132	52 
1133	5 
1134	15 
1135	91 
1136	8 
1137	75 
1138	69 
1139	89 
1140	11 
1141	22 
1142	8 
1143	65 
1144	70 
1145	29 
1146	61 
1147	7 
1148	69 
1149	87 
1150	71 
1151	11 
1152	3 
1153	81 
1154	52 
1155	31 
1156	43 
1157	74 
1158	37 
1159	47 
1160	37 
1161	88 
1162	87 
1163	37 
1164	58 
1165	87 
1166	12 
1167	80 
1168	25 
1169	65 
1170	71 
1171	86 
1172	50 
1173	82 
1174	54 
1175	69 
1176	4 
1177	34 
1178	53 
1179	56 
1180	71 
1181	11 
1182	80 
1183	86 
1184	32 
1185	38 
1186	89 
1187	59 
1188	17 
1189	40 
1190	75 
1191	58 
1192	77 
1193	40 
1194	13 
1195	15 
1196	50 
1197	54 
1198	15 
1199	89 
1200	5 
1201	33 
1202	70 
1203	28 
1204	1 
1205	38 
1206	10 
1207	11 
1208	83 
1209	83 
1210	16 
1211	32 
1212	32 
1213	39 
1214	17 
1215	65 
1216	53 
1217	63 
1218	67 
1219	2 
1220	67 
1221	50 
1222	8 
1223	75 
1224	33 
1225	59 
1226	75 
1227	16 
1228	77 
1229	41 
1230	68 
1231	22 
1232	31 
1233	65 
1234	79 
1235	17 
1236	14 
1237	15 
1238	69 
1239	54 
1240	58 
1241	21 
1242	21 
1243	12 
1244	33 
1245	3 
1246	96 
1247	50 
1248	88 
1249	92 
1250	4 
1251	6 
1252	35 
1253	11 
1254	87 
1255	52 
1256	50 
1257	46 
1258	80 
1259	87 
1260	52 
1261	25 
1262	65 
1263	17 
1264	53 
1265	1 
1266	16 
1267	34 
1268	28 
1269	34 
1270	61 
1271	82 
1272	17 
1273	40 
1274	54 
1275	50 
1276	94 
1277	84 
1278	50 
1279	37 
1280	44 
1281	88 
1282	3 
1283	51 
1284	69 
1285	14 
1286	51 
1287	77 
1288	93 
1289	39 
1290	46 
1291	9 
1292	84 
1293	16 
1294	15 
1295	23 
1296	25 
1297	47 
1298	58 
1299	87 
1300	66 
1301	41 
1302	19 
1303	53 
1304	13 
1305	88 
1306	63 
1307	95 
1308	28 
1309	50 
1310	23 
1311	71 
1312	48 
1313	30 
1314	58 
1315	4 
1316	81 
1317	22 
1318	37 
1319	55 
1320	54 
1321	65 
1322	27 
1323	70 
1324	68 
1325	8 
1326	72 
1327	4 
1328	52 
1329	51 
1330	54 
1331	53 
1332	30 
1333	41 
1334	38 
1335	85 
1336	58 
1337	53 
1338	33 
1339	68 
1340	50 
1341	2 
1342	81 
1343	82 
1344	53 
1345	69 
1346	5 
1347	3 
1348	65 
1349	50 
1350	58 
1351	3 
1352	89 
1353	36 
1354	26 
1355	92 
1356	68 
1357	18 
1358	59 
1359	93 
1360	84 
1361	5 
1362	67 
1363	74 
1364	37 
1365	13 
1366	12 
1367	83 
1368	71 
1369	65 
1370	96 
1371	33 
1372	93 
1373	63 
1374	79 
1375	64 
1376	52 
1377	85 
1378	57 
1379	92 
1380	67 
1381	11 
1382	68 
1383	59 
1384	13 
1385	8 
1386	80 
1387	33 
1388	75 
1389	15 
1390	88 
1391	10 
1392	89 
1393	79 
1394	92 
1395	39 
1396	56 
1397	82 
1398	8 
1399	91 
1400	51 
1401	66 
1402	60 
1403	43 
1404	56 
1405	56 
1406	61 
1407	10 
1408	52 
1409	25 
1410	80 
1411	26 
1412	36 
1413	54 
1414	84 
1415	71 
1416	41 
1417	63 
1418	33 
1419	3 
1420	19 
1421	33 
1422	68 
1423	4 
1424	8 
1425	21 
1426	50 
1427	54 
1428	64 
1429	81 
1430	20 
1431	80 
1432	52 
1433	56 
1434	8 
1435	6 
1436	23 
1437	12 
1438	29 
1439	59 
1440	61 
1441	94 
1442	85 
1443	22 
1444	74 
1445	44 
1446	56 
1447	32 
1448	69 
1449	50 
1450	69 
1451	86 
1452	56 
1453	21 
1454	93 
1455	23 
1456	67 
1457	84 
1458	16 
1459	56 
1460	21 
1461	23 
1462	35 
1463	65 
1464	12 
1465	12 
1466	88 
1467	53 
1468	17 
1469	12 
1470	16 
1471	93 
1472	25 
1473	24 
1474	9 
1475	13 
1476	49 
1477	75 
1478	85 
1479	46 
1480	31 
1481	39 
1482	80 
1483	65 
1484	81 
1485	52 
1486	54 
1487	10 
1488	12 
1489	92 
1490	88 
1491	66 
1492	67 
1493	16 
1494	33 
1495	75 
1496	95 
1497	68 
1498	65 
1499	87 
1500	56 
1501	16 
1502	12 
1503	1 
1504	14 
1505	52 
1506	6 
1507	26 
1508	96 
1509	64 
1510	11 
1511	16 
1512	81 
1513	34 
1514	68 
1515	89 
1516	59 
1517	8 
1518	22 
1519	93 
1520	8 
1521	69 
1522	66 
1523	42 
1524	47 
1525	8 
1526	17 
1527	17 
1528	67 
1529	63 
1530	33 
1531	63 
1532	37 
1533	56 
1534	42 
1535	25 
1536	11 
1537	14 
1538	95 
1539	4 
1540	28 
1541	21 
1542	19 
1543	54 
1544	61 
1545	3 
1546	5 
1547	53 
1548	15 
1549	17 
1550	81 
1551	70 
1552	58 
1553	63 
1554	9 
1555	31 
1556	7 
1557	59 
1558	46 
1559	11 
1560	91 
1561	53 
1562	3 
1563	23 
1564	39 
1565	85 
1566	8 
1567	68 
1568	79 
1569	12 
1570	24 
1571	43 
1572	39 
1573	83 
1574	34 
1575	80 
1576	3 
1577	51 
1578	5 
1579	90 
1580	33 
1581	34 
1582	82 
1583	87 
1584	79 
1585	8 
1586	18 
1587	43 
1588	65 
1589	71 
1590	90 
1591	71 
1592	79 
1593	50 
1594	53 
1595	65 
1596	63 
1597	77 
1598	59 
1599	82 
1600	65 
1601	82 
1602	72 
1603	81 
1604	64 
1605	40 
1606	81 
1607	33 
1608	39 
1609	88 
1610	50 
1611	79 
1612	96 
1613	63 
1614	15 
1615	54 
1616	92 
1617	54 
1618	21 
1619	42 
1620	4 
1621	8 
1622	63 
1623	57 
1624	22 
1625	52 
1626	37 
1627	48 
1628	82 
1629	4 
1630	88 
1631	75 
1632	51 
1633	30 
1634	16 
1635	26 
1636	85 
1637	33 
1638	58 
1639	46 
1640	81 
1641	16 
1642	37 
1643	33 
1644	61 
1645	13 
1646	80 
1647	42 
1648	46 
1649	86 
1650	61 
1651	51 
1652	34 
1653	50 
1654	46 
1655	85 
1656	50 
1657	79 
1658	8 
1659	38 
1660	4 
1661	2 
1662	31 
1663	26 
1664	91 
1665	19 
1666	5 
1667	35 
1668	54 
1669	95 
1670	23 
1671	66 
1672	22 
1673	52 
1674	17 
1675	89 
1676	65 
1677	21 
1678	31 
1679	41 
1680	87 
1681	11 
1682	88 
1683	28 
1684	34 
1685	58 
1686	67 
1687	88 
1688	83 
1689	22 
1690	11 
1691	29 
1692	16 
1693	67 
1694	17 
1695	25 
1696	31 
1697	16 
1698	38 
1699	47 
1700	74 
1701	23 
1702	23 
1703	88 
1704	32 
1705	71 
1706	67 
1707	3 
1708	28 
1709	37 
1710	31 
1711	85 
1712	80 
1713	71 
1714	15 
1715	87 
1716	96 
1717	75 
1718	6 
1719	67 
1720	22 
1721	4 
1722	11 
1723	37 
1724	18 
1725	81 
1726	61 
1727	49 
1728	23 
1729	79 
1730	62 
1731	47 
1732	16 
1733	33 
1734	13 
1735	86 
1736	34 
1737	5 
1738	39 
1739	46 
1740	1 
1741	76 
1742	10 
1743	81 
1744	71 
1745	88 
1746	64 
1747	59 
1748	56 
1749	43 
1750	61 
1751	86 
1752	86 
1753	70 
1754	96 
1755	63 
1756	82 
1757	4 
1758	36 
1759	35 
1760	76 
1761	60 
1762	25 
1763	14 
1764	10 
1765	58 
1766	42 
1767	58 
1768	81 
1769	22 
1770	39 
1771	10 
1772	78 
1773	13 
1774	69 
1775	3 
1776	41 
1777	62 
1778	88 
1779	42 
1780	8 
1781	87 
1782	41 
1783	72 
1784	13 
1785	23 
1786	88 
1787	63 
1788	88 
1789	54 
1790	86 
1791	92 
1792	7 
1793	87 
1794	70 
1795	22 
1796	61 
1797	67 
1798	53 
1799	62 
1800	81 
1801	22 
1802	88 
1803	39 
1804	69 
1805	69 
1806	20 
1807	69 
1808	52 
1809	12 
1810	55 
1811	85 
1812	26 
1813	85 
1814	71 
1815	72 
1816	70 
1817	77 
1818	15 
1819	6 
1820	7 
1821	12 
1822	34 
1823	79 
1824	85 
1825	33 
1826	25 
1827	23 
1828	8 
1829	65 
1830	59 
1831	19 
1832	84 
1833	34 
1834	51 
1835	64 
1836	4 
1837	96 
1838	63 
1839	15 
1840	69 
1841	53 
1842	13 
1843	44 
1844	56 
1845	8 
1846	19 
1847	93 
1848	37 
1849	75 
1850	71 
1851	88 
1852	88 
1853	66 
1854	13 
1855	65 
1856	87 
1857	88 
1858	78 
1859	64 
1860	62 
1861	23 
1862	69 
1863	17 
1864	75 
1865	13 
1866	41 
1867	75 
1868	33 
1869	22 
1870	34 
1871	27 
1872	24 
1873	24 
1874	15 
1875	73 
1876	4 
1877	37 
1878	16 
1879	85 
1880	83 
1881	54 
1882	59 
1883	22 
1884	38 
1885	2 
1886	57 
1887	9 
1888	50 
1889	48 
1890	75 
1891	10 
1892	27 
1893	70 
1894	7 
1895	88 
1896	56 
1897	5 
1898	67 
1899	58 
1900	27 
1901	49 
1902	25 
1903	28 
1904	42 
1905	33 
1906	72 
1907	19 
1908	52 
1909	42 
1910	68 
1911	71 
1912	33 
1913	21 
1914	54 
1915	84 
1916	75 
1917	72 
1918	17 
1919	86 
1920	49 
1921	60 
1922	39 
1923	75 
1924	34 
1925	22 
1926	47 
1927	64 
1928	68 
1929	2 
1930	18 
1931	49 
1932	77 
1933	73 
1934	13 
1935	23 
1936	63 
1937	16 
1938	16 
1939	80 
1940	43 
1941	38 
1942	50 
1943	9 
1944	66 
1945	35 
1946	40 
1947	93 
1948	67 
1949	75 
1950	71 
1951	67 
1952	38 
1953	88 
1954	6 
1955	63 
1956	71 
1957	51 
1958	8 
1959	9 
1960	40 
1961	39 
1962	33 
1963	40 
1964	30 
1965	85 
1966	25 
1967	56 
1968	70 
1969	93 
1970	51 
1971	83 
1972	11 
1973	67 
1974	39 
1975	11 
1976	2 
1977	79 
1978	87 
1979	14 
1980	89 
1981	24 
1982	47 
1983	91 
1984	29 
1985	37 
1986	95 
1987	58 
1988	23 
1989	67 
1990	88 
1991	54 
1992	50 
1993	87 
1994	63 
1995	83 
1996	34 
1997	82 
1998	54 
1999	63 
2000	53 
2001	31 
2002	46 
2003	65 
2004	8 
2005	16 
2006	92 
2007	74 
2008	39 
2009	71 
2010	36 
2011	17 
2012	28 
2013	59 
2014	88 
2015	8 
2016	28 
2017	23 
2018	10 
2019	76 
2020	17 
2021	33 
2022	5 
2023	22 
2024	75 
2025	40 
2026	75 
2027	13 
2028	25 
2029	16 
2030	58 
2031	59 
2032	87 
2033	87 
2034	43 
2035	24 
2036	47 
2037	80 
2038	74 
2039	82 
2040	72 
2041	8 
2042	15 
2043	55 
2044	71 
2045	65 
2046	43 
2047	16 
2048	18 
2049	25 
2050	64 
2051	53 
2052	27 
2053	40 
2054	50 
2055	90 
2056	46 
2057	88 
2058	82 
2059	75 
2060	24 
2061	62 
2062	24 
2063	59 
2064	84 
2065	65 
2066	33 
2067	15 
2068	84 
2069	59 
2070	14 
2071	25 
2072	57 
2073	29 
2074	62 
2075	28 
2076	82 
2077	9 
2078	13 
2079	22 
2080	74 
2081	51 
2082	2 
2083	52 
2084	50 
2085	4 
2086	13 
2087	70 
2088	13 
2089	53 
2090	70 
2091	15 
2092	94 
2093	5 
2094	90 
2095	40 
2096	72 
2097	13 
2098	92 
2099	84 
2100	91 
2101	37 
2102	59 
2103	22 
2104	74 
2105	41 
2106	59 
2107	35 
2108	63 
2109	16 
2110	80 
2111	78 
2112	2 
2113	32 
2114	50 
2115	33 
2116	21 
2117	67 
2118	89 
2119	87 
2120	96 
2121	34 
2122	23 
2123	42 
2124	4 
2125	74 
2126	76 
2127	13 
2128	25 
2129	62 
2130	82 
2131	65 
2132	93 
2133	7 
2134	66 
2135	56 
2136	21 
2137	56 
2138	69 
2139	59 
2140	55 
2141	84 
2142	53 
2143	29 
2144	68 
2145	80 
2146	49 
2147	32 
2148	34 
2149	58 
2150	31 
2151	17 
2152	21 
2153	75 
2154	31 
2155	25 
2156	68 
2157	71 
2158	81 
2159	87 
2160	39 
2161	79 
2162	25 
2163	22 
2164	78 
2165	41 
2166	69 
2167	75 
2168	3 
2169	9 
2170	6 
2171	87 
2172	50 
2173	62 
2174	64 
2175	12 
2176	21 
2177	39 
2178	52 
2179	53 
2180	81 
2181	19 
2182	54 
2183	33 
2184	14 
2185	90 
2186	43 
2187	37 
2188	16 
2189	70 
2190	35 
2191	69 
2192	50 
2193	52 
2194	1 
2195	43 
2196	51 
2197	83 
2198	94 
2199	92 
2200	82 
2201	75 
2202	8 
2203	79 
2204	14 
2205	16 
2206	14 
2207	79 
2208	8 
2209	16 
2210	6 
2211	54 
2212	74 
2213	21 
2214	21 
2215	5 
2216	50 
2217	9 
2218	19 
2219	35 
2220	43 
2221	63 
2222	28 
2223	40 
2224	8 
2225	76 
2226	73 
2227	86 
2228	48 
2229	88 
2230	65 
2231	11 
2232	43 
2233	38 
2234	58 
2235	65 
2236	61 
2237	70 
2238	28 
2239	3 
2240	21 
2241	52 
2242	67 
2243	17 
2244	33 
2245	37 
2246	66 
2247	9 
2248	22 
2249	17 
2250	8 
2251	69 
2252	90 
2253	42 
2254	58 
2255	45 
2256	39 
2257	68 
2258	56 
2259	3 
2260	51 
2261	84 
2262	5 
2263	46 
2264	52 
2265	33 
2266	20 
2267	85 
2268	84 
2269	46 
2270	31 
2271	53 
2272	33 
2273	72 
2274	80 
2275	42 
2276	54 
2277	39 
2278	66 
2279	51 
2280	67 
2281	69 
2282	14 
2283	65 
2284	92 
2285	91 
2286	66 
2287	33 
2288	16 
2289	51 
2290	23 
2291	9 
2292	59 
2293	71 
2294	3 
2295	82 
2296	7 
2297	26 
2298	72 
2299	12 
2300	69 
2301	43 
2302	65 
2303	81 
2304	82 
2305	69 
2306	38 
2307	40 
2308	32 
2309	52 
2310	28 
2311	32 
2312	50 
2313	22 
2314	68 
2315	56 
2316	75 
2317	62 
2318	93 
2319	22 
2320	15 
2321	54 
2322	9 
2323	59 
2324	65 
2325	23 
2326	16 
2327	24 
2328	84 
2329	11 
2330	85 
2331	31 
2332	90 
2333	42 
2334	59 
2335	67 
2336	5 
2337	3 
2338	92 
2339	53 
2340	2 
2341	30 
2342	21 
2343	13 
2344	55 
2345	88 
2346	70 
2347	1 
2348	8 
2349	58 
2350	11 
2351	72 
2352	38 
2353	59 
2354	43 
2355	47 
2356	93 
2357	50 
2358	5 
2359	93 
2360	18 
2361	79 
2362	12 
2363	10 
2364	33 
2365	22 
2366	59 
2367	73 
2368	4 
2369	50 
2370	84 
2371	8 
2372	9 
2373	50 
2374	32 
2375	15 
2376	85 
2377	58 
2378	39 
2379	52 
2380	42 
2381	33 
2382	89 
2383	6 
2384	39 
2385	67 
2386	79 
2387	59 
2388	31 
2389	79 
2390	76 
2391	82 
2392	50 
2393	22 
2394	39 
2395	38 
2396	12 
2397	88 
2398	42 
2399	27 
2400	34 
2401	69 
2402	51 
2403	58 
2404	51 
2405	64 
2406	12 
2407	63 
2408	85 
2409	50 
2410	90 
2411	89 
2412	59 
2413	27 
2414	56 
2415	72 
2416	57 
2417	58 
2418	53 
2419	81 
2420	11 
2421	41 
2422	42 
2423	53 
2424	15 
2425	85 
2426	5 
2427	50 
2428	9 
2429	2 
2430	50 
2431	12 
2432	93 
2433	85 
2434	63 
2435	52 
2436	69 
2437	12 
2438	48 
2439	61 
2440	4 
2441	42 
2442	95 
2443	82 
2444	47 
2445	53 
2446	75 
2447	85 
2448	51 
2449	83 
2450	50 
2451	20 
2452	90 
2453	82 
2454	63 
2455	12 
2456	88 
2457	57 
2458	53 
2459	54 
2460	39 
2461	39 
2462	53 
2463	17 
2464	31 
2465	55 
2466	15 
2467	33 
2468	10 
2469	89 
2470	12 
2471	70 
2472	20 
2473	25 
2474	62 
2475	10 
2476	82 
2477	92 
2478	68 
2479	2 
2480	42 
2481	64 
2482	11 
2483	14 
2484	80 
2485	33 
2486	33 
2487	54 
2488	81 
2489	82 
2490	67 
2491	43 
2492	54 
2493	42 
2494	75 
2495	87 
2496	57 
2497	40 
2498	75 
2499	89 
2500	15 
2501	26 
2502	34 
2503	5 
2504	6 
2505	59 
2506	52 
2507	60 
2508	15 
2509	30 
2510	51 
2511	61 
2512	18 
2513	79 
2514	36 
2515	39 
2516	17 
2517	17 
2518	17 
2519	52 
2520	74 
2521	13 
2522	48 
2523	31 
2524	44 
2525	90 
2526	5 
2527	79 
2528	59 
2529	69 
2530	4 
2531	96 
2532	61 
2533	36 
2534	92 
2535	66 
2536	28 
2537	89 
2538	50 
2539	12 
2540	11 
2541	25 
2542	33 
2543	65 
2544	42 
2545	36 
2546	67 
2547	85 
2548	16 
2549	80 
2550	69 
2551	71 
2552	7 
2553	41 
2554	52 
2555	65 
2556	15 
2557	76 
2558	82 
2559	22 
2560	61 
2561	69 
2562	39 
2563	60 
2564	77 
2565	53 
2566	5 
2567	50 
2568	31 
2569	83 
2570	54 
2571	47 
2572	40 
2573	79 
2574	55 
2575	94 
2576	85 
2577	88 
2578	58 
2579	40 
2580	23 
2581	93 
2582	37 
2583	37 
2584	70 
2585	39 
2586	31 
2587	33 
2588	44 
2589	87 
2590	21 
2591	4 
2592	29 
2593	56 
2594	31 
2595	22 
2596	62 
2597	87 
2598	79 
2599	9 
2600	91 
2601	33 
2602	15 
2603	53 
2604	43 
2605	4 
2606	71 
2607	12 
2608	47 
2609	80 
2610	32 
2611	11 
2612	80 
2613	22 
2614	16 
2615	75 
2616	15 
2617	88 
2618	92 
2619	36 
2620	40 
2621	3 
2622	19 
2623	25 
2624	18 
2625	34 
2626	82 
2627	36 
2628	61 
2629	21 
2630	43 
2631	16 
2632	31 
2633	50 
2634	22 
2635	19 
2636	5 
2637	36 
2638	74 
2639	9 
2640	80 
2641	34 
2642	73 
2643	4 
2644	79 
2645	74 
2646	61 
2647	33 
2648	86 
2649	28 
2650	61 
2651	55 
2652	7 
2653	79 
2654	37 
2655	79 
2656	64 
2657	62 
2658	37 
2659	39 
2660	70 
2661	48 
2662	63 
2663	41 
2664	85 
2665	84 
2666	52 
2667	54 
2668	23 
2669	86 
2670	41 
2671	16 
2672	66 
2673	90 
2674	24 
2675	8 
2676	65 
2677	45 
2678	30 
2679	66 
2680	66 
2681	87 
2682	5 
2683	52 
2684	44 
2685	65 
2686	4 
2687	70 
2688	34 
2689	61 
2690	21 
2691	13 
2692	48 
2693	59 
2694	28 
2695	15 
2696	40 
2697	12 
2698	14 
2699	69 
2700	47 
2701	23 
2702	25 
2703	49 
2704	85 
2705	19 
2706	76 
2707	59 
2708	59 
2709	51 
2710	20 
2711	47 
2712	3 
2713	22 
2714	28 
2715	57 
2716	89 
2717	64 
2718	30 
2719	32 
2720	49 
2721	42 
2722	35 
2723	65 
2724	16 
2725	46 
2726	54 
2727	78 
2728	37 
2729	36 
2730	85 
2731	12 
2732	69 
2733	54 
2734	19 
2735	76 
2736	39 
2737	40 
2738	77 
2739	23 
2740	80 
2741	1 
2742	79 
2743	89 
2744	5 
2745	66 
2746	3 
2747	16 
2748	71 
2749	65 
2750	53 
2751	33 
2752	24 
2753	63 
2754	66 
2755	52 
2756	62 
2757	37 
2758	15 
2759	69 
2760	84 
2761	54 
2762	86 
2763	54 
2764	21 
2765	89 
2766	54 
2767	25 
2768	52 
2769	79 
2770	79 
2771	71 
2772	78 
2773	38 
2774	59 
2775	31 
2776	21 
2777	79 
2778	89 
2779	82 
2780	37 
2781	16 
2782	61 
2783	24 
2784	68 
2785	33 
2786	12 
2787	75 
2788	39 
2789	75 
2790	17 
2791	43 
2792	7 
2793	71 
2794	11 
2795	3 
2796	16 
2797	52 
2798	40 
2799	64 
2800	40 
2801	85 
2802	66 
2803	65 
2804	75 
2805	88 
2806	47 
2807	91 
2808	59 
2809	78 
2810	64 
2811	64 
2812	74 
2813	80 
2814	6 
2815	69 
2816	40 
2817	25 
2818	69 
2819	87 
2820	66 
2821	91 
2822	60 
2823	38 
2824	33 
2825	12 
2826	87 
2827	82 
2828	15 
2829	50 
2830	64 
2831	88 
2832	44 
2833	37 
2834	68 
2835	34 
2836	80 
2837	58 
2838	81 
2839	71 
2840	79 
2841	3 
2842	40 
2843	47 
2844	66 
2845	37 
2846	92 
2847	8 
2848	52 
2849	81 
2850	93 
2851	44 
2852	63 
2853	46 
2854	12 
2855	59 
2856	33 
2857	95 
2858	3 
2859	34 
2860	76 
2861	82 
2862	8 
2863	75 
2864	75 
2865	8 
2866	5 
2867	47 
2868	63 
2869	88 
2870	19 
2871	88 
2872	17 
2873	89 
2874	28 
2875	80 
2876	59 
2877	95 
2878	69 
2879	48 
2880	11 
2881	81 
2882	84 
2883	22 
2884	4 
2885	86 
2886	34 
2887	64 
2888	81 
2889	35 
2890	38 
2891	10 
2892	25 
2893	64 
2894	2 
2895	59 
2896	65 
2897	81 
2898	33 
2899	64 
2900	23 
2901	64 
2902	83 
2903	13 
2904	17 
2905	71 
2906	44 
2907	59 
2908	66 
2909	21 
2910	88 
2911	27 
2912	23 
2913	21 
2914	15 
2915	67 
2916	29 
2917	85 
2918	33 
2919	64 
2920	9 
2921	69 
2922	15 
2923	82 
2924	28 
2925	41 
2926	74 
2927	82 
2928	63 
2929	85 
2930	12 
2931	53 
2932	43 
2933	72 
2934	71 
2935	67 
2936	37 
2937	11 
2938	20 
2939	74 
2940	12 
2941	36 
2942	43 
2943	80 
2944	16 
2945	82 
2946	8 
2947	27 
2948	90 
2949	75 
2950	52 
2951	34 
2952	50 
2953	18 
2954	65 
2955	84 
2956	88 
2957	51 
2958	3 
2959	85 
2960	40 
2961	59 
2962	13 
2963	42 
2964	56 
2965	6 
2966	87 
2967	70 
2968	81 
2969	17 
2970	70 
2971	15 
2972	9 
2973	33 
2974	4 
2975	39 
2976	5 
2977	64 
2978	55 
2979	54 
2980	34 
2981	23 
2982	65 
2983	37 
2984	43 
2985	8 
2986	19 
2987	19 
2988	8 
2989	69 
2990	50 
2991	31 
2992	50 
2993	36 
2994	55 
2995	8 
2996	31 
2997	46 
2998	81 
2999	89 
3000	1 
3001	67 
3002	51 
3003	88 
3004	15 
3005	88 
3006	79 
3007	76 
3008	71 
3009	82 
3010	40 
3011	6 
3012	80 
3013	51 
3014	4 
3015	8 
3016	14 
3017	64 
3018	76 
3019	84 
3020	22 
3021	66 
3022	8 
3023	38 
3024	44 
3025	4 
3026	27 
3027	89 
3028	33 
3029	87 
3030	25 
3031	50 
3032	85 
3033	70 
3034	11 
3035	13 
3036	34 
3037	5 
3038	21 
3039	19 
3040	57 
3041	22 
3042	12 
3043	23 
3044	67 
3045	43 
3046	33 
3047	4 
3048	13 
3049	50 
3050	17 
3051	53 
3052	15 
3053	85 
3054	20 
3055	20 
3056	54 
3057	4 
3058	65 
3059	50 
3060	51 
3061	92 
3062	91 
3063	11 
3064	41 
3065	28 
3066	17 
3067	37 
3068	67 
3069	22 
3070	51 
3071	11 
3072	53 
3073	11 
3074	56 
3075	34 
3076	66 
3077	43 
3078	63 
3079	24 
3080	23 
3081	31 
3082	23 
3083	68 
3084	90 
3085	14 
3086	65 
3087	93 
3088	4 
3089	43 
3090	38 
3091	67 
3092	70 
3093	63 
3094	37 
3095	53 
3096	75 
3097	67 
3098	33 
3099	81 
3100	22 
3101	46 
3102	95 
3103	87 
3104	32 
3105	61 
3106	33 
3107	21 
3108	39 
3109	80 
3110	75 
3111	25 
3112	32 
3113	6 
3114	9 
3115	47 
3116	39 
3117	94 
3118	12 
3119	69 
3120	47 
3121	89 
3122	63 
3123	63 
3124	59 
3125	37 
3126	11 
3127	43 
3128	15 
3129	38 
3130	40 
3131	43 
3132	14 
3133	77 
3134	28 
3135	85 
3136	87 
3137	18 
3138	64 
3139	70 
3140	1 
3141	84 
3142	88 
3143	92 
3144	4 
3145	72 
3146	82 
3147	46 
3148	34 
3149	83 
3150	64 
3151	54 
3152	90 
3153	88 
3154	63 
3155	43 
3156	28 
3157	48 
3158	86 
3159	54 
3160	20 
3161	19 
3162	63 
3163	44 
3164	92 
3165	42 
3166	86 
3167	54 
3168	58 
3169	84 
3170	8 
3171	5 
3172	15 
3173	41 
3174	81 
3175	91 
3176	91 
3177	51 
3178	58 
3179	12 
3180	50 
3181	85 
3182	84 
3183	64 
3184	17 
3185	11 
3186	16 
3187	6 
3188	19 
3189	68 
3190	54 
3191	84 
3192	92 
3193	53 
3194	3 
3195	71 
3196	36 
3197	59 
3198	29 
3199	61 
3200	26 
3201	34 
3202	47 
3203	45 
3204	10 
3205	20 
3206	78 
3207	24 
3208	36 
3209	81 
3210	64 
3211	23 
3212	93 
3213	22 
3214	13 
3215	1 
3216	24 
3217	31 
3218	58 
3219	31 
3220	87 
3221	18 
3222	8 
3223	17 
3224	18 
3225	62 
3226	19 
3227	68 
3228	44 
3229	75 
3230	93 
3231	93 
3232	39 
3233	87 
3234	23 
3235	26 
3236	85 
3237	51 
3238	82 
3239	87 
3240	23 
3241	33 
3242	31 
3243	64 
3244	56 
3245	75 
3246	17 
3247	75 
3248	54 
3249	59 
3250	40 
3251	53 
3252	17 
3253	84 
3254	16 
3255	22 
3256	22 
3257	85 
3258	88 
3259	85 
3260	69 
3261	26 
3262	54 
3263	63 
3264	31 
3265	86 
3266	14 
3267	80 
3268	36 
3269	33 
3270	41 
3271	85 
3272	84 
3273	65 
3274	65 
3275	68 
3276	81 
3277	10 
3278	5 
3279	37 
3280	9 
3281	41 
3282	33 
3283	80 
3284	57 
3285	66 
3286	74 
3287	11 
3288	60 
3289	55 
3290	92 
3291	65 
3292	39 
3293	21 
3294	92 
3295	1 
3296	53 
3297	65 
3298	22 
3299	69 
3300	50 
3301	73 
3302	19 
3303	64 
3304	4 
3305	59 
3306	79 
3307	29 
3308	83 
3309	5 
3310	9 
3311	82 
3312	72 
3313	23 
3314	28 
3315	16 
3316	35 
3317	4 
3318	50 
3319	11 
3320	65 
3321	54 
3322	64 
3323	82 
3324	5 
3325	81 
3326	16 
3327	42 
3328	68 
3329	88 
3330	88 
3331	16 
3332	41 
3333	75 
3334	36 
3335	65 
3336	74 
3337	34 
3338	39 
3339	34 
3340	27 
3341	11 
3342	43 
3343	85 
3344	18 
3345	59 
3346	34 
3347	44 
3348	67 
3349	59 
3350	71 
3351	52 
3352	63 
3353	22 
3354	75 
3355	82 
3356	47 
3357	66 
3358	17 
3359	39 
3360	82 
3361	87 
3362	16 
3363	23 
3364	14 
3365	64 
3366	29 
3367	13 
3368	91 
3369	28 
3370	25 
3371	5 
3372	60 
3373	82 
3374	20 
3375	14 
3376	80 
3377	11 
3378	82 
3379	34 
3380	77 
3381	36 
3382	56 
3383	70 
3384	12 
3385	56 
3386	58 
3387	49 
3388	81 
3389	53 
3390	65 
3391	18 
3392	87 
3393	66 
3394	88 
3395	60 
3396	66 
3397	64 
3398	12 
3399	12 
3400	43 
3401	13 
3402	82 
3403	33 
3404	7 
3405	73 
3406	66 
3407	37 
3408	64 
3409	53 
3410	88 
3411	16 
3412	85 
3413	39 
3414	58 
3415	12 
3416	56 
3417	23 
3418	73 
3419	80 
3420	5 
3421	21 
3422	23 
3423	35 
3424	15 
3425	25 
3426	54 
3427	47 
3428	22 
3429	11 
3430	69 
3431	9 
3432	21 
3433	51 
3434	12 
3435	28 
3436	43 
3437	46 
3438	52 
3439	68 
3440	59 
3441	92 
3442	65 
3443	43 
3444	86 
3445	52 
3446	11 
3447	16 
3448	52 
3449	91 
3450	21 
3451	31 
3452	28 
3453	82 
3454	70 
3455	5 
3456	81 
3457	87 
3458	28 
3459	64 
3460	56 
3461	50 
3462	22 
3463	43 
3464	51 
3465	25 
3466	54 
3467	66 
3468	50 
3469	48 
3470	92 
3471	81 
3472	56 
3473	4 
3474	17 
3475	21 
3476	39 
3477	13 
3478	24 
3479	39 
3480	72 
3481	16 
3482	90 
3483	88 
3484	86 
3485	34 
3486	65 
3487	24 
3488	54 
3489	54 
3490	64 
3491	11 
3492	12 
3493	91 
3494	34 
3495	57 
3496	53 
3497	50 
3498	59 
3499	5 
3500	1 
3501	11 
3502	50 
3503	35 
3504	44 
3505	4 
3506	23 
3507	12 
3508	13 
3509	81 
3510	50 
3511	75 
3512	11 
3513	59 
3514	89 
3515	40 
3516	68 
3517	37 
3518	58 
3519	93 
3520	24 
3521	8 
3522	45 
3523	95 
3524	6 
3525	18 
3526	52 
3527	45 
3528	50 
3529	35 
3530	74 
3531	22 
3532	42 
3533	63 
3534	63 
3535	91 
3536	80 
3537	34 
3538	49 
3539	81 
3540	68 
3541	25 
3542	46 
3543	46 
3544	17 
3545	40 
3546	31 
3547	52 
3548	65 
3549	77 
3550	56 
3551	76 
3552	16 
3553	26 
3554	82 
3555	3 
3556	67 
3557	14 
3558	71 
3559	47 
3560	79 
3561	64 
3562	49 
3563	43 
3564	54 
3565	12 
3566	53 
3567	46 
3568	9 
3569	48 
3570	81 
3571	12 
3572	65 
3573	59 
3574	24 
3575	22 
3576	81 
3577	82 
3578	77 
3579	79 
3580	73 
3581	81 
3582	85 
3583	62 
3584	22 
3585	25 
3586	62 
3587	40 
3588	75 
3589	22 
3590	46 
3591	26 
3592	88 
3593	79 
3594	82 
3595	85 
3596	22 
3597	77 
3598	95 
3599	70 
3600	24 
3601	19 
3602	50 
3603	69 
3604	40 
3605	8 
3606	65 
3607	11 
3608	86 
3609	71 
3610	65 
3611	59 
3612	79 
3613	79 
3614	34 
3615	54 
3616	94 
3617	94 
3618	30 
3619	59 
3620	93 
3621	87 
3622	25 
3623	64 
3624	62 
3625	40 
3626	80 
3627	75 
3628	70 
3629	58 
3630	8 
3631	68 
3632	40 
3633	69 
3634	59 
3635	80 
3636	23 
3637	85 
3638	27 
3639	22 
3640	93 
3641	17 
3642	32 
3643	36 
3644	50 
3645	23 
3646	13 
3647	81 
3648	65 
3649	22 
3650	66 
3651	58 
3652	74 
3653	57 
3654	51 
3655	51 
3656	7 
3657	12 
3658	46 
3659	56 
3660	25 
3661	72 
3662	78 
3663	12 
3664	37 
3665	85 
3666	33 
3667	96 
3668	70 
3669	39 
3670	75 
3671	74 
3672	27 
3673	15 
3674	25 
3675	46 
3676	53 
3677	25 
3678	88 
3679	53 
3680	59 
3681	72 
3682	3 
3683	57 
3684	64 
3685	25 
3686	70 
3687	34 
3688	90 
3689	88 
3690	39 
3691	25 
3692	24 
3693	19 
3694	63 
3695	81 
3696	87 
3697	5 
3698	52 
3699	16 
3700	70 
3701	11 
3702	52 
3703	42 
3704	17 
3705	43 
3706	17 
3707	80 
3708	52 
3709	7 
3710	50 
3711	33 
3712	22 
3713	71 
3714	93 
3715	71 
3716	75 
3717	31 
3718	84 
3719	71 
3720	87 
3721	54 
3722	18 
3723	92 
3724	31 
3725	17 
3726	52 
3727	57 
3728	72 
3729	68 
3730	33 
3731	95 
3732	64 
3733	57 
3734	66 
3735	4 
3736	25 
3737	83 
3738	62 
3739	91 
3740	71 
3741	64 
3742	88 
3743	12 
3744	21 
3745	79 
3746	16 
3747	67 
3748	75 
3749	87 
3750	8 
3751	29 
3752	34 
3753	19 
3754	11 
3755	42 
3756	50 
3757	45 
3758	54 
3759	78 
3760	22 
3761	63 
3762	23 
3763	75 
3764	88 
3765	4 
3766	82 
3767	16 
3768	49 
3769	4 
3770	9 
3771	39 
3772	12 
3773	52 
3774	4 
3775	59 
3776	89 
3777	87 
3778	36 
3779	17 
3780	62 
3781	84 
3782	91 
3783	72 
3784	81 
3785	81 
3786	16 
3787	86 
3788	79 
3789	70 
3790	58 
3791	11 
3792	59 
3793	23 
3794	66 
3795	68 
3796	54 
3797	96 
3798	39 
3799	24 
3800	25 
3801	65 
3802	69 
3803	12 
3804	59 
3805	13 
3806	83 
3807	66 
3808	71 
3809	63 
3810	75 
3811	59 
3812	20 
3813	28 
3814	22 
3815	19 
3816	23 
3817	57 
3818	1 
3819	70 
3820	75 
3821	70 
3822	70 
3823	68 
3824	77 
3825	77 
3826	90 
3827	11 
3828	8 
3829	42 
3830	15 
3831	79 
3832	65 
3833	71 
3834	38 
3835	44 
3836	87 
3837	21 
3838	31 
3839	87 
3840	16 
3841	80 
3842	28 
3843	54 
3844	25 
3845	45 
3846	45 
3847	57 
3848	80 
3849	94 
3850	13 
3851	44 
3852	16 
3853	39 
3854	41 
3855	23 
3856	25 
3857	12 
3858	33 
3859	77 
3860	39 
3861	92 
3862	96 
3863	75 
3864	28 
3865	12 
3866	12 
3867	17 
3868	92 
3869	15 
3870	5 
3871	86 
3872	19 
3873	52 
3874	33 
3875	15 
3876	66 
3877	47 
3878	88 
3879	42 
3880	29 
3881	2 
3882	74 
3883	71 
3884	53 
3885	66 
3886	22 
3887	61 
3888	25 
3889	79 
3890	33 
3891	60 
3892	3 
3893	4 
3894	17 
3895	16 
3896	54 
3897	73 
3898	31 
3899	27 
3900	11 
3901	65 
3902	36 
3903	81 
3904	12 
3905	51 
3906	65 
3907	81 
3908	3 
3909	22 
3910	23 
3911	2 
3912	16 
3913	39 
3914	84 
3915	38 
3916	43 
3917	36 
3918	62 
3919	14 
3920	60 
3921	18 
3922	95 
3923	50 
3924	29 
3925	91 
3926	70 
3927	70 
3928	36 
3929	83 
3930	34 
3931	83 
3932	42 
3933	59 
3934	52 
3935	30 
3936	52 
3937	13 
3938	53 
3939	47 
3940	51 
3941	67 
3942	88 
3943	46 
3944	11 
3945	28 
3946	77 
3947	8 
3948	91 
3949	15 
3950	87 
3951	59 
3952	47 
3953	80 
3954	54 
3955	16 
3956	8 
3957	24 
3958	31 
3959	25 
3960	10 
3961	83 
3962	58 
3963	15 
3964	11 
3965	20 
3966	67 
3967	66 
3968	17 
3969	58 
3970	65 
3971	74 
3972	23 
3973	95 
3974	90 
3975	29 
3976	46 
3977	65 
3978	63 
3979	51 
3980	39 
3981	57 
3982	42 
3983	79 
3984	39 
3985	38 
3986	21 
3987	50 
3988	40 
3989	24 
3990	53 
3991	69 
3992	30 
3993	91 
3994	15 
3995	92 
3996	57 
3997	71 
3998	14 
3999	69 
4000	96 
4001	12 
4002	12 
4003	25 
4004	65 
4005	72 
4006	71 
4007	88 
4008	47 
4009	3 
4010	12 
4011	82 
4012	12 
4013	79 
4014	39 
4015	39 
4016	42 
4017	23 
4018	61 
4019	39 
4020	33 
4021	92 
4022	24 
4023	55 
4024	85 
4025	67 
4026	8 
4027	8 
4028	17 
4029	59 
4030	81 
4031	85 
4032	85 
4033	96 
4034	7 
4035	47 
4036	73 
4037	3 
4038	22 
4039	48 
4040	33 
4041	61 
4042	88 
4043	26 
4044	81 
4045	8 
4046	16 
4047	28 
4048	33 
4049	17 
4050	79 
4051	22 
4052	10 
4053	10 
4054	66 
4055	77 
4056	46 
4057	64 
4058	8 
4059	65 
4060	34 
4061	81 
4062	46 
4063	52 
4064	5 
4065	9 
4066	64 
4067	41 
4068	58 
4069	76 
4070	48 
4071	8 
4072	62 
4073	12 
4074	75 
4075	86 
4076	89 
4077	69 
4078	70 
4079	64 
4080	28 
4081	88 
4082	25 
4083	75 
4084	14 
4085	4 
4086	15 
4087	72 
4088	54 
4089	57 
4090	45 
4091	66 
4092	60 
4093	38 
4094	62 
4095	84 
4096	43 
4097	58 
4098	85 
4099	26 
4100	77 
4101	16 
4102	29 
4103	2 
4104	96 
4105	53 
4106	63 
4107	16 
4108	31 
4109	26 
4110	34 
4111	88 
4112	58 
4113	33 
4114	69 
4115	82 
4116	45 
4117	29 
4118	79 
4119	18 
4120	40 
4121	38 
4122	55 
4123	37 
4124	34 
4125	61 
4126	86 
4127	13 
4128	20 
4129	52 
4130	24 
4131	74 
4132	47 
4133	4 
4134	31 
4135	14 
4136	22 
4137	39 
4138	46 
4139	61 
4140	75 
4141	79 
4142	58 
4143	63 
4144	2 
4145	93 
4146	74 
4147	79 
4148	34 
4149	44 
4150	79 
4151	82 
4152	94 
4153	76 
4154	36 
4155	90 
4156	46 
4157	37 
4158	39 
4159	3 
4160	8 
4161	70 
4162	73 
4163	34 
4164	69 
4165	71 
4166	8 
4167	23 
4168	43 
4169	19 
4170	31 
4171	63 
4172	25 
4173	9 
4174	79 
4175	23 
4176	8 
4177	89 
4178	64 
4179	56 
4180	75 
4181	63 
4182	65 
4183	70 
4184	51 
4185	18 
4186	59 
4187	19 
4188	79 
4189	88 
4190	39 
4191	47 
4192	20 
4193	87 
4194	51 
4195	12 
4196	82 
4197	75 
4198	17 
4199	37 
4200	91 
4201	47 
4202	52 
4203	70 
4204	37 
4205	59 
4206	11 
4207	25 
4208	71 
4209	96 
4210	17 
4211	59 
4212	50 
4213	92 
4214	38 
4215	51 
4216	81 
4217	3 
4218	53 
4219	50 
4220	16 
4221	78 
4222	17 
4223	92 
4224	88 
4225	53 
4226	94 
4227	24 
4228	61 
4229	28 
4230	47 
4231	51 
4232	69 
4233	40 
4234	69 
4235	53 
4236	25 
4237	43 
4238	85 
4239	78 
4240	39 
4241	29 
4242	23 
4243	52 
4244	78 
4245	59 
4246	3 
4247	24 
4248	53 
4249	59 
4250	12 
4251	63 
4252	41 
4253	31 
4254	75 
4255	42 
4256	27 
4257	52 
4258	95 
4259	39 
4260	5 
4261	53 
4262	82 
4263	5 
4264	39 
4265	42 
4266	91 
4267	20 
4268	63 
4269	22 
4270	6 
4271	43 
4272	59 
4273	23 
4274	19 
4275	78 
4276	11 
4277	70 
4278	12 
4279	54 
4280	65 
4281	47 
4282	14 
4283	57 
4284	15 
4285	54 
4286	80 
4287	25 
4288	22 
4289	19 
4290	54 
4291	22 
4292	28 
4293	6 
4294	86 
4295	95 
4296	24 
4297	31 
4298	53 
4299	31 
4300	67 
4301	13 
4302	12 
4303	23 
4304	24 
4305	14 
4306	24 
4307	81 
4308	63 
4309	27 
4310	58 
4311	65 
4312	73 
4313	81 
4314	16 
4315	28 
4316	81 
4317	50 
4318	88 
4319	39 
4320	43 
4321	18 
4322	45 
4323	87 
4324	90 
4325	50 
4326	67 
4327	79 
4328	79 
4329	42 
4330	34 
4331	24 
4332	71 
4333	6 
4334	41 
4335	40 
4336	57 
4337	11 
4338	94 
4339	80 
4340	34 
4341	82 
4342	75 
4343	72 
4344	64 
4345	39 
4346	10 
4347	20 
4348	38 
4349	81 
4350	63 
4351	72 
4352	43 
4353	64 
4354	50 
4355	5 
4356	42 
4357	16 
4358	52 
4359	75 
4360	80 
4361	62 
4362	66 
4363	70 
4364	69 
4365	38 
4366	46 
4367	14 
4368	28 
4369	30 
4370	88 
4371	48 
4372	12 
4373	8 
4374	80 
4375	54 
4376	81 
4377	33 
4378	89 
4379	63 
4380	52 
4381	12 
4382	50 
4383	51 
4384	23 
4385	61 
4386	84 
4387	30 
4388	44 
4389	75 
4390	80 
4391	7 
4392	17 
4393	56 
4394	68 
4395	38 
4396	94 
4397	8 
4398	8 
4399	28 
4400	51 
4401	57 
4402	33 
4403	84 
4404	80 
4405	89 
4406	22 
4407	86 
4408	51 
4409	95 
4410	75 
4411	52 
4412	66 
4413	65 
4414	96 
4415	90 
4416	9 
4417	51 
4418	72 
4419	82 
4420	8 
4421	67 
4422	75 
4423	30 
4424	37 
4425	76 
4426	47 
4427	82 
4428	95 
4429	83 
4430	42 
4431	86 
4432	59 
4433	86 
4434	31 
4435	29 
4436	7 
4437	22 
4438	70 
4439	47 
4440	53 
4441	17 
4442	22 
4443	88 
4444	43 
4445	85 
4446	94 
4447	63 
4448	48 
4449	19 
4450	38 
4451	85 
4452	23 
4453	55 
4454	11 
4455	12 
4456	22 
4457	67 
4458	56 
4459	80 
4460	64 
4461	30 
4462	4 
4463	34 
4464	47 
4465	33 
4466	32 
4467	9 
4468	70 
4469	34 
4470	48 
4471	59 
4472	37 
4473	79 
4474	51 
4475	29 
4476	12 
4477	59 
4478	25 
4479	28 
4480	11 
4481	64 
4482	64 
4483	4 
4484	53 
4485	16 
4486	64 
4487	6 
4488	24 
4489	59 
4490	87 
4491	52 
4492	20 
4493	39 
4494	38 
4495	16 
4496	4 
4497	1 
4498	71 
4499	25 
4500	52 
4501	31 
4502	59 
4503	36 
4504	46 
4505	6 
4506	86 
4507	52 
4508	56 
4509	64 
4510	69 
4511	61 
4512	56 
4513	75 
4514	71 
4515	3 
4516	23 
4517	58 
4518	42 
4519	84 
4520	65 
4521	70 
4522	77 
4523	70 
4524	80 
4525	11 
4526	75 
4527	38 
4528	11 
4529	38 
4530	40 
4531	70 
4532	14 
4533	84 
4534	12 
4535	61 
4536	39 
4537	88 
4538	54 
4539	85 
4540	15 
4541	47 
4542	41 
4543	12 
4544	12 
4545	13 
4546	64 
4547	48 
4548	16 
4549	27 
4550	39 
4551	50 
4552	26 
4553	41 
4554	42 
4555	63 
4556	82 
4557	11 
4558	59 
4559	34 
4560	8 
4561	17 
4562	78 
4563	17 
4564	43 
4565	70 
4566	50 
4567	62 
4568	75 
4569	71 
4570	86 
4571	24 
4572	59 
4573	75 
4574	15 
4575	4 
4576	7 
4577	75 
4578	58 
4579	82 
4580	62 
4581	50 
4582	53 
4583	28 
4584	86 
4585	34 
4586	75 
4587	54 
4588	59 
4589	33 
4590	75 
4591	33 
4592	88 
4593	50 
4594	42 
4595	80 
4596	89 
4597	17 
4598	94 
4599	3 
4600	18 
4601	38 
4602	31 
4603	46 
4604	31 
4605	12 
4606	37 
4607	40 
4608	20 
4609	66 
4610	36 
4611	17 
4612	43 
4613	50 
4614	36 
4615	84 
4616	36 
4617	79 
4618	54 
4619	70 
4620	7 
4621	33 
4622	87 
4623	19 
4624	40 
4625	51 
4626	64 
4627	39 
4628	62 
4629	41 
4630	56 
4631	87 
4632	71 
4633	75 
4634	11 
4635	85 
4636	69 
4637	29 
4638	80 
4639	24 
4640	36 
4641	39 
4642	69 
4643	21 
4644	41 
4645	11 
4646	47 
4647	64 
4648	51 
4649	87 
4650	91 
4651	50 
4652	70 
4653	69 
4654	29 
4655	66 
4656	81 
4657	82 
4658	5 
4659	68 
4660	15 
4661	13 
4662	43 
4663	67 
4664	86 
4665	70 
4666	66 
4667	41 
4668	67 
4669	54 
4670	54 
4671	91 
4672	88 
4673	8 
4674	78 
4675	32 
4676	47 
4677	75 
4678	17 
4679	7 
4680	12 
4681	36 
4682	24 
4683	39 
4684	64 
4685	40 
4686	12 
4687	68 
4688	84 
4689	96 
4690	79 
4691	51 
4692	33 
4693	12 
4694	17 
4695	30 
4696	36 
4697	62 
4698	69 
4699	73 
4700	70 
4701	4 
4702	75 
4703	28 
4704	40 
4705	52 
4706	33 
4707	74 
4708	29 
4709	33 
4710	38 
4711	76 
4712	80 
4713	63 
4714	39 
4715	34 
4716	49 
4717	42 
4718	1 
4719	68 
4720	2 
4721	95 
4722	71 
4723	76 
4724	71 
4725	15 
4726	40 
4727	89 
4728	72 
4729	5 
4730	45 
4731	90 
4732	65 
4733	85 
4734	78 
4735	96 
4736	75 
4737	11 
4738	1 
4739	8 
4740	64 
4741	31 
4742	63 
4743	55 
4744	95 
4745	69 
4746	71 
4747	80 
4748	61 
4749	68 
4750	90 
4751	31 
4752	88 
4753	73 
4754	59 
4755	39 
4756	37 
4757	10 
4758	70 
4759	52 
4760	87 
4761	74 
4762	5 
4763	80 
4764	27 
4765	65 
4766	52 
4767	66 
4768	21 
4769	24 
4770	17 
4771	69 
4772	70 
4773	19 
4774	81 
4775	30 
4776	23 
4777	16 
4778	22 
4779	63 
4780	31 
4781	66 
4782	19 
4783	39 
4784	75 
4785	82 
4786	56 
4787	76 
4788	36 
4789	25 
4790	12 
4791	71 
4792	42 
4793	16 
4794	74 
4795	31 
4796	71 
4797	40 
4798	30 
4799	84 
4800	15 
4801	64 
4802	28 
4803	71 
4804	38 
4805	35 
4806	24 
4807	8 
4808	23 
4809	31 
4810	25 
4811	14 
4812	94 
4813	65 
4814	11 
4815	63 
4816	51 
4817	65 
4818	52 
4819	51 
4820	33 
4821	54 
4822	62 
4823	75 
4824	71 
4825	66 
4826	87 
4827	13 
4828	1 
4829	75 
4830	46 
4831	50 
4832	67 
4833	34 
4834	70 
4835	50 
4836	62 
4837	62 
4838	60 
4839	53 
4840	40 
4841	15 
4842	59 
4843	82 
4844	88 
4845	15 
4846	65 
4847	11 
4848	84 
4849	56 
4850	2 
4851	33 
4852	38 
4853	54 
4854	36 
4855	67 
4856	5 
4857	81 
4858	53 
4859	94 
4860	50 
4861	36 
4862	56 
4863	16 
4864	12 
4865	88 
4866	15 
4867	40 
4868	75 
4869	18 
4870	43 
4871	66 
4872	81 
4873	85 
4874	34 
4875	12 
4876	54 
4877	64 
4878	81 
4879	2 
4880	25 
4881	52 
4882	55 
4883	52 
4884	92 
4885	12 
4886	20 
4887	37 
4888	82 
4889	92 
4890	93 
4891	12 
4892	73 
4893	36 
4894	54 
4895	64 
4896	31 
4897	8 
4898	37 
4899	32 
4900	17 
4901	61 
4902	53 
4903	69 
4904	68 
4905	85 
4906	84 
4907	51 
4908	60 
4909	52 
4910	72 
4911	26 
4912	10 
4913	76 
4914	85 
4915	85 
4916	49 
4917	43 
4918	41 
4919	64 
4920	54 
4921	25 
4922	95 
4923	25 
4924	74 
4925	69 
4926	90 
4927	35 
4928	26 
4929	89 
4930	68 
4931	36 
4932	54 
4933	28 
4934	23 
4935	87 
4936	79 
4937	42 
4938	65 
4939	34 
4940	67 
4941	70 
4942	67 
4943	75 
4944	23 
4945	58 
4946	75 
4947	20 
4948	64 
4949	71 
4950	84 
4951	8 
4952	44 
4953	66 
4954	69 
4955	78 
4956	75 
4957	30 
4958	64 
4959	75 
4960	43 
4961	67 
4962	43 
4963	4 
4964	25 
4965	12 
4966	28 
4967	50 
4968	82 
4969	71 
4970	28 
4971	40 
4972	35 
4973	32 
4974	23 
4975	76 
4976	61 
4977	52 
4978	79 
4979	75 
4980	35 
4981	22 
4982	64 
4983	67 
4984	59 
4985	8 
4986	33 
4987	26 
4988	58 
4989	44 
4990	58 
4991	24 
4992	56 
4993	74 
4994	81 
4995	81 
4996	63 
4997	9 
4998	75 
4999	59 
5000	50 
