1	70 
2	24 
3	67 
4	92 
5	4 
6	63 
7	100 
8	101 
9	54 
10	58 
11	40 
12	11 
13	103 
14	97 
15	82 
16	58 
17	16 
18	21 
19	37 
20	56 
21	65 
22	94 
23	33 
24	81 
25	62 
26	31 
27	29 
28	15 
29	31 
30	23 
31	18 
32	102 
33	97 
34	58 
35	42 
36	93 
37	63 
38	61 
39	43 
40	38 
41	30 
42	42 
43	95 
44	93 
45	72 
46	23 
47	12 
48	88 
49	65 
50	87 
51	37 
52	93 
53	46 
54	81 
55	37 
56	29 
57	17 
58	43 
59	9 
60	19 
61	1 
62	92 
63	34 
64	74 
65	27 
66	17 
67	4 
68	48 
69	100 
70	100 
71	29 
72	11 
73	46 
74	68 
75	47 
76	69 
77	74 
78	17 
79	59 
80	92 
81	94 
82	12 
83	3 
84	93 
85	89 
86	40 
87	79 
88	32 
89	6 
90	80 
91	40 
92	97 
93	29 
94	65 
95	20 
96	86 
97	83 
98	21 
99	12 
100	2 
101	16 
102	18 
103	33 
104	92 
105	30 
106	23 
107	33 
108	41 
109	100 
110	33 
111	71 
112	45 
113	97 
114	47 
115	70 
116	82 
117	89 
118	43 
119	16 
120	69 
121	20 
122	8 
123	56 
124	17 
125	59 
126	78 
127	71 
128	89 
129	2 
130	56 
131	27 
132	71 
133	42 
134	37 
135	21 
136	3 
137	63 
138	56 
139	1 
140	20 
141	74 
142	49 
143	95 
144	7 
145	64 
146	34 
147	25 
148	97 
149	29 
150	83 
151	74 
152	20 
153	32 
154	58 
155	27 
156	42 
157	17 
158	27 
159	25 
160	56 
161	42 
162	101 
163	21 
164	53 
165	24 
166	51 
167	13 
168	33 
169	13 
170	100 
171	70 
172	85 
173	85 
174	46 
175	100 
176	40 
177	47 
178	90 
179	76 
180	11 
181	12 
182	28 
183	21 
184	15 
185	25 
186	96 
187	55 
188	65 
189	98 
190	24 
191	40 
192	79 
193	9 
194	100 
195	51 
196	4 
197	75 
198	25 
199	89 
200	9 
201	6 
202	82 
203	87 
204	41 
205	1 
206	6 
207	100 
208	98 
209	2 
210	33 
211	92 
212	43 
213	37 
214	71 
215	40 
216	31 
217	94 
218	5 
219	58 
220	61 
221	92 
222	6 
223	27 
224	100 
225	80 
226	97 
227	9 
228	62 
229	44 
230	81 
231	63 
232	14 
233	2 
234	84 
235	12 
236	12 
237	39 
238	29 
239	14 
240	90 
241	10 
242	71 
243	65 
244	70 
245	71 
246	46 
247	9 
248	98 
249	15 
250	73 
251	68 
252	46 
253	61 
254	21 
255	56 
256	22 
257	17 
258	95 
259	72 
260	82 
261	27 
262	25 
263	86 
264	81 
265	94 
266	3 
267	40 
268	34 
269	50 
270	16 
271	11 
272	59 
273	14 
274	4 
275	28 
276	73 
277	29 
278	37 
279	22 
280	9 
281	46 
282	33 
283	41 
284	41 
285	43 
286	41 
287	64 
288	97 
289	43 
290	11 
291	102 
292	48 
293	83 
294	59 
295	17 
296	88 
297	70 
298	83 
299	3 
300	96 
301	38 
302	102 
303	30 
304	39 
305	67 
306	37 
307	15 
308	35 
309	35 
310	51 
311	28 
312	40 
313	84 
314	48 
315	12 
316	78 
317	25 
318	69 
319	29 
320	12 
321	89 
322	33 
323	60 
324	48 
325	23 
326	40 
327	21 
328	81 
329	98 
330	20 
331	14 
332	100 
333	92 
334	40 
335	94 
336	36 
337	21 
338	15 
339	93 
340	68 
341	27 
342	8 
343	67 
344	48 
345	90 
346	67 
347	61 
348	103 
349	85 
350	83 
351	15 
352	42 
353	24 
354	28 
355	78 
356	83 
357	32 
358	71 
359	10 
360	32 
361	25 
362	98 
363	14 
364	22 
365	27 
366	93 
367	59 
368	45 
369	41 
370	83 
371	65 
372	18 
373	14 
374	58 
375	74 
376	70 
377	24 
378	29 
379	15 
380	42 
381	82 
382	94 
383	78 
384	24 
385	2 
386	25 
387	25 
388	97 
389	27 
390	74 
391	24 
392	27 
393	97 
394	74 
395	29 
396	96 
397	16 
398	37 
399	29 
400	74 
401	98 
402	92 
403	35 
404	88 
405	52 
406	27 
407	15 
408	92 
409	72 
410	77 
411	84 
412	101 
413	81 
414	46 
415	95 
416	25 
417	43 
418	30 
419	54 
420	30 
421	78 
422	40 
423	11 
424	86 
425	30 
426	1 
427	82 
428	81 
429	45 
430	47 
431	9 
432	88 
433	32 
434	103 
435	38 
436	82 
437	86 
438	70 
439	97 
440	83 
441	100 
442	12 
443	52 
444	17 
445	95 
446	67 
447	30 
448	45 
449	61 
450	71 
451	74 
452	10 
453	59 
454	51 
455	29 
456	56 
457	27 
458	98 
459	19 
460	84 
461	89 
462	50 
463	48 
464	41 
465	62 
466	86 
467	10 
468	54 
469	83 
470	89 
471	51 
472	43 
473	40 
474	82 
475	95 
476	30 
477	15 
478	49 
479	25 
480	74 
481	60 
482	97 
483	46 
484	80 
485	80 
486	42 
487	70 
488	64 
489	92 
490	74 
491	60 
492	65 
493	84 
494	70 
495	35 
496	97 
497	85 
498	7 
499	24 
500	11 
501	14 
502	76 
503	78 
504	67 
505	89 
506	3 
507	73 
508	27 
509	53 
510	103 
511	69 
512	52 
513	54 
514	26 
515	97 
516	97 
517	43 
518	42 
519	6 
520	44 
521	61 
522	10 
523	27 
524	25 
525	99 
526	4 
527	49 
528	20 
529	39 
530	22 
531	61 
532	48 
533	43 
534	81 
535	25 
536	15 
537	39 
538	46 
539	70 
540	91 
541	43 
542	9 
543	98 
544	57 
545	12 
546	10 
547	97 
548	73 
549	46 
550	33 
551	29 
552	39 
553	42 
554	8 
555	76 
556	34 
557	81 
558	58 
559	83 
560	26 
561	25 
562	48 
563	75 
564	14 
565	28 
566	99 
567	78 
568	97 
569	77 
570	17 
571	91 
572	89 
573	89 
574	47 
575	52 
576	61 
577	80 
578	84 
579	12 
580	89 
581	14 
582	69 
583	90 
584	74 
585	14 
586	66 
587	97 
588	12 
589	32 
590	89 
591	10 
592	101 
593	3 
594	20 
595	94 
596	18 
597	10 
598	70 
599	89 
600	100 
601	51 
602	88 
603	12 
604	86 
605	51 
606	58 
607	5 
608	20 
609	99 
610	8 
611	29 
612	78 
613	86 
614	45 
615	8 
616	34 
617	83 
618	60 
619	26 
620	39 
621	75 
622	96 
623	101 
624	32 
625	34 
626	88 
627	47 
628	12 
629	19 
630	46 
631	78 
632	82 
633	12 
634	33 
635	40 
636	72 
637	96 
638	40 
639	50 
640	79 
641	67 
642	15 
643	58 
644	8 
645	101 
646	58 
647	48 
648	78 
649	42 
650	89 
651	101 
652	23 
653	83 
654	12 
655	7 
656	17 
657	80 
658	9 
659	73 
660	51 
661	8 
662	37 
663	88 
664	2 
665	14 
666	58 
667	89 
668	23 
669	66 
670	12 
671	18 
672	40 
673	51 
674	89 
675	18 
676	49 
677	24 
678	83 
679	96 
680	4 
681	9 
682	20 
683	48 
684	27 
685	71 
686	8 
687	15 
688	61 
689	100 
690	40 
691	91 
692	52 
693	78 
694	85 
695	2 
696	82 
697	14 
698	40 
699	26 
700	88 
701	32 
702	75 
703	38 
704	69 
705	93 
706	32 
707	2 
708	100 
709	32 
710	12 
711	101 
712	101 
713	94 
714	2 
715	25 
716	41 
717	12 
718	71 
719	46 
720	84 
721	35 
722	15 
723	48 
724	11 
725	78 
726	99 
727	76 
728	89 
729	30 
730	14 
731	95 
732	56 
733	50 
734	31 
735	100 
736	90 
737	6 
738	79 
739	50 
740	86 
741	89 
742	43 
743	73 
744	52 
745	98 
746	17 
747	35 
748	17 
749	36 
750	93 
751	66 
752	67 
753	81 
754	13 
755	11 
756	33 
757	12 
758	10 
759	97 
760	22 
761	58 
762	55 
763	5 
764	7 
765	72 
766	99 
767	98 
768	49 
769	74 
770	47 
771	64 
772	53 
773	59 
774	68 
775	75 
776	4 
777	86 
778	37 
779	10 
780	90 
781	83 
782	38 
783	97 
784	5 
785	15 
786	94 
787	81 
788	32 
789	12 
790	34 
791	18 
792	75 
793	40 
794	42 
795	69 
796	69 
797	39 
798	46 
799	62 
800	75 
801	16 
802	82 
803	10 
804	10 
805	33 
806	40 
807	101 
808	82 
809	40 
810	15 
811	81 
812	48 
813	84 
814	31 
815	20 
816	43 
817	13 
818	47 
819	98 
820	33 
821	63 
822	94 
823	8 
824	30 
825	11 
826	43 
827	70 
828	42 
829	97 
830	18 
831	40 
832	37 
833	84 
834	32 
835	64 
836	89 
837	6 
838	49 
839	42 
840	31 
841	70 
842	22 
843	58 
844	20 
845	42 
846	79 
847	103 
848	34 
849	88 
850	22 
851	21 
852	28 
853	31 
854	46 
855	52 
856	17 
857	18 
858	90 
859	95 
860	33 
861	53 
862	14 
863	6 
864	27 
865	91 
866	71 
867	95 
868	3 
869	47 
870	74 
871	35 
872	48 
873	27 
874	102 
875	69 
876	8 
877	15 
878	102 
879	73 
880	12 
881	5 
882	60 
883	53 
884	29 
885	60 
886	90 
887	69 
888	4 
889	19 
890	33 
891	101 
892	16 
893	81 
894	59 
895	45 
896	103 
897	8 
898	38 
899	103 
900	89 
901	78 
902	40 
903	16 
904	102 
905	61 
906	25 
907	25 
908	55 
909	34 
910	12 
911	77 
912	74 
913	71 
914	83 
915	42 
916	62 
917	8 
918	20 
919	13 
920	47 
921	80 
922	98 
923	40 
924	72 
925	88 
926	34 
927	27 
928	20 
929	42 
930	39 
931	1 
932	71 
933	40 
934	61 
935	88 
936	67 
937	39 
938	58 
939	58 
940	33 
941	100 
942	11 
943	6 
944	33 
945	40 
946	49 
947	30 
948	14 
949	46 
950	37 
951	48 
952	16 
953	19 
954	85 
955	40 
956	42 
957	32 
958	53 
959	12 
960	44 
961	66 
962	82 
963	56 
964	19 
965	40 
966	46 
967	64 
968	8 
969	103 
970	52 
971	43 
972	92 
973	1 
974	86 
975	79 
976	34 
977	99 
978	48 
979	15 
980	61 
981	59 
982	26 
983	83 
984	31 
985	14 
986	20 
987	11 
988	54 
989	13 
990	46 
991	24 
992	73 
993	32 
994	14 
995	41 
996	27 
997	12 
998	42 
999	38 
1000	14 
1001	83 
1002	51 
1003	74 
1004	96 
1005	29 
1006	98 
1007	78 
1008	4 
1009	43 
1010	2 
1011	64 
1012	1 
1013	35 
1014	51 
1015	36 
1016	46 
1017	78 
1018	14 
1019	100 
1020	98 
1021	80 
1022	92 
1023	28 
1024	46 
1025	83 
1026	53 
1027	39 
1028	59 
1029	19 
1030	44 
1031	39 
1032	13 
1033	77 
1034	21 
1035	92 
1036	85 
1037	58 
1038	90 
1039	72 
1040	46 
1041	47 
1042	82 
1043	83 
1044	9 
1045	60 
1046	46 
1047	47 
1048	71 
1049	42 
1050	26 
1051	22 
1052	74 
1053	46 
1054	12 
1055	47 
1056	76 
1057	64 
1058	72 
1059	41 
1060	44 
1061	69 
1062	34 
1063	96 
1064	9 
1065	14 
1066	88 
1067	64 
1068	70 
1069	92 
1070	68 
1071	87 
1072	42 
1073	12 
1074	89 
1075	28 
1076	29 
1077	46 
1078	38 
1079	89 
1080	30 
1081	51 
1082	64 
1083	27 
1084	16 
1085	30 
1086	71 
1087	11 
1088	84 
1089	41 
1090	68 
1091	39 
1092	32 
1093	34 
1094	13 
1095	90 
1096	36 
1097	47 
1098	38 
1099	101 
1100	29 
1101	19 
1102	33 
1103	49 
1104	80 
1105	10 
1106	4 
1107	102 
1108	32 
1109	90 
1110	80 
1111	36 
1112	16 
1113	58 
1114	86 
1115	56 
1116	22 
1117	67 
1118	84 
1119	15 
1120	69 
1121	12 
1122	90 
1123	63 
1124	18 
1125	100 
1126	91 
1127	83 
1128	25 
1129	74 
1130	37 
1131	32 
1132	33 
1133	19 
1134	64 
1135	47 
1136	57 
1137	4 
1138	31 
1139	46 
1140	69 
1141	41 
1142	73 
1143	63 
1144	29 
1145	42 
1146	78 
1147	82 
1148	12 
1149	80 
1150	100 
1151	37 
1152	42 
1153	20 
1154	55 
1155	97 
1156	15 
1157	101 
1158	3 
1159	41 
1160	101 
1161	25 
1162	59 
1163	48 
1164	55 
1165	60 
1166	102 
1167	96 
1168	5 
1169	24 
1170	99 
1171	59 
1172	89 
1173	46 
1174	43 
1175	11 
1176	17 
1177	12 
1178	89 
1179	88 
1180	43 
1181	32 
1182	12 
1183	103 
1184	39 
1185	4 
1186	23 
1187	43 
1188	52 
1189	68 
1190	49 
1191	97 
1192	71 
1193	28 
1194	11 
1195	52 
1196	17 
1197	51 
1198	43 
1199	83 
1200	9 
1201	32 
1202	100 
1203	91 
1204	64 
1205	20 
1206	15 
1207	5 
1208	12 
1209	18 
1210	78 
1211	89 
1212	13 
1213	17 
1214	14 
1215	64 
1216	78 
1217	84 
1218	41 
1219	69 
1220	27 
1221	32 
1222	12 
1223	88 
1224	76 
1225	54 
1226	58 
1227	83 
1228	40 
1229	69 
1230	52 
1231	22 
1232	29 
1233	33 
1234	71 
1235	90 
1236	48 
1237	89 
1238	47 
1239	9 
1240	99 
1241	35 
1242	87 
1243	50 
1244	48 
1245	48 
1246	71 
1247	59 
1248	60 
1249	94 
1250	14 
1251	84 
1252	34 
1253	41 
1254	24 
1255	19 
1256	29 
1257	12 
1258	63 
1259	42 
1260	78 
1261	24 
1262	13 
1263	25 
1264	94 
1265	47 
1266	54 
1267	3 
1268	60 
1269	90 
1270	15 
1271	99 
1272	60 
1273	92 
1274	40 
1275	15 
1276	83 
1277	37 
1278	101 
1279	35 
1280	1 
1281	16 
1282	7 
1283	75 
1284	58 
1285	97 
1286	24 
1287	94 
1288	53 
1289	58 
1290	12 
1291	80 
1292	31 
1293	59 
1294	57 
1295	95 
1296	91 
1297	58 
1298	11 
1299	97 
1300	45 
1301	3 
1302	69 
1303	64 
1304	89 
1305	81 
1306	41 
1307	102 
1308	40 
1309	98 
1310	16 
1311	71 
1312	28 
1313	4 
1314	89 
1315	91 
1316	19 
1317	31 
1318	5 
1319	20 
1320	88 
1321	78 
1322	46 
1323	15 
1324	20 
1325	49 
1326	97 
1327	59 
1328	77 
1329	74 
1330	33 
1331	3 
1332	59 
1333	42 
1334	95 
1335	101 
1336	101 
1337	6 
1338	46 
1339	4 
1340	100 
1341	43 
1342	39 
1343	83 
1344	37 
1345	12 
1346	37 
1347	24 
1348	100 
1349	82 
1350	89 
1351	72 
1352	89 
1353	43 
1354	78 
1355	72 
1356	76 
1357	22 
1358	14 
1359	5 
1360	89 
1361	101 
1362	28 
1363	99 
1364	35 
1365	88 
1366	89 
1367	6 
1368	73 
1369	14 
1370	101 
1371	6 
1372	58 
1373	22 
1374	48 
1375	42 
1376	56 
1377	81 
1378	37 
1379	61 
1380	60 
1381	27 
1382	14 
1383	72 
1384	37 
1385	40 
1386	27 
1387	15 
1388	43 
1389	11 
1390	98 
1391	22 
1392	58 
1393	81 
1394	71 
1395	97 
1396	82 
1397	27 
1398	60 
1399	96 
1400	15 
1401	11 
1402	57 
1403	19 
1404	82 
1405	8 
1406	69 
1407	54 
1408	65 
1409	89 
1410	34 
1411	96 
1412	98 
1413	32 
1414	100 
1415	61 
1416	27 
1417	37 
1418	18 
1419	39 
1420	89 
1421	86 
1422	69 
1423	35 
1424	30 
1425	1 
1426	40 
1427	47 
1428	40 
1429	99 
1430	21 
1431	89 
1432	21 
1433	89 
1434	35 
1435	91 
1436	100 
1437	90 
1438	81 
1439	29 
1440	97 
1441	24 
1442	77 
1443	9 
1444	44 
1445	94 
1446	80 
1447	94 
1448	97 
1449	29 
1450	58 
1451	17 
1452	73 
1453	40 
1454	47 
1455	21 
1456	44 
1457	78 
1458	53 
1459	11 
1460	8 
1461	43 
1462	3 
1463	100 
1464	42 
1465	78 
1466	6 
1467	3 
1468	27 
1469	35 
1470	12 
1471	14 
1472	22 
1473	43 
1474	9 
1475	100 
1476	3 
1477	25 
1478	45 
1479	59 
1480	35 
1481	43 
1482	40 
1483	80 
1484	96 
1485	16 
1486	51 
1487	24 
1488	18 
1489	51 
1490	10 
1491	80 
1492	9 
1493	95 
1494	30 
1495	5 
1496	87 
1497	9 
1498	59 
1499	12 
1500	41 
1501	89 
1502	97 
1503	60 
1504	14 
1505	88 
1506	92 
1507	29 
1508	5 
1509	32 
1510	32 
1511	74 
1512	16 
1513	56 
1514	89 
1515	101 
1516	47 
1517	71 
1518	46 
1519	21 
1520	56 
1521	39 
1522	13 
1523	43 
1524	9 
1525	28 
1526	84 
1527	94 
1528	11 
1529	92 
1530	46 
1531	37 
1532	14 
1533	94 
1534	11 
1535	98 
1536	70 
1537	74 
1538	86 
1539	15 
1540	7 
1541	32 
1542	103 
1543	11 
1544	74 
1545	83 
1546	17 
1547	73 
1548	58 
1549	17 
1550	59 
1551	27 
1552	27 
1553	43 
1554	32 
1555	42 
1556	21 
1557	41 
1558	23 
1559	36 
1560	27 
1561	51 
1562	40 
1563	85 
1564	20 
1565	78 
1566	8 
1567	83 
1568	29 
1569	29 
1570	74 
1571	83 
1572	103 
1573	78 
1574	63 
1575	60 
1576	68 
1577	25 
1578	74 
1579	42 
1580	51 
1581	9 
1582	25 
1583	58 
1584	22 
1585	90 
1586	90 
1587	44 
1588	83 
1589	37 
1590	59 
1591	43 
1592	90 
1593	71 
1594	88 
1595	48 
1596	100 
1597	62 
1598	27 
1599	12 
1600	44 
1601	58 
1602	96 
1603	71 
1604	37 
1605	78 
1606	45 
1607	84 
1608	8 
1609	42 
1610	18 
1611	22 
1612	101 
1613	97 
1614	32 
1615	12 
1616	19 
1617	71 
1618	46 
1619	31 
1620	6 
1621	12 
1622	31 
1623	17 
1624	84 
1625	67 
1626	78 
1627	51 
1628	46 
1629	37 
1630	25 
1631	44 
1632	35 
1633	75 
1634	60 
1635	62 
1636	63 
1637	87 
1638	41 
1639	11 
1640	58 
1641	18 
1642	60 
1643	74 
1644	55 
1645	27 
1646	97 
1647	10 
1648	60 
1649	40 
1650	14 
1651	27 
1652	44 
1653	71 
1654	97 
1655	12 
1656	1 
1657	11 
1658	89 
1659	42 
1660	84 
1661	84 
1662	2 
1663	4 
1664	16 
1665	78 
1666	81 
1667	52 
1668	16 
1669	8 
1670	96 
1671	100 
1672	62 
1673	52 
1674	7 
1675	93 
1676	37 
1677	74 
1678	39 
1679	24 
1680	12 
1681	100 
1682	70 
1683	60 
1684	24 
1685	24 
1686	49 
1687	58 
1688	25 
1689	94 
1690	89 
1691	18 
1692	34 
1693	4 
1694	37 
1695	57 
1696	54 
1697	86 
1698	86 
1699	40 
1700	14 
1701	41 
1702	15 
1703	78 
1704	57 
1705	32 
1706	8 
1707	54 
1708	45 
1709	74 
1710	58 
1711	84 
1712	56 
1713	37 
1714	12 
1715	101 
1716	71 
1717	60 
1718	11 
1719	6 
1720	41 
1721	73 
1722	57 
1723	83 
1724	9 
1725	43 
1726	4 
1727	35 
1728	15 
1729	25 
1730	25 
1731	81 
1732	46 
1733	15 
1734	19 
1735	15 
1736	31 
1737	15 
1738	56 
1739	36 
1740	89 
1741	17 
1742	12 
1743	10 
1744	65 
1745	44 
1746	55 
1747	15 
1748	38 
1749	15 
1750	98 
1751	11 
1752	90 
1753	67 
1754	14 
1755	45 
1756	79 
1757	25 
1758	39 
1759	42 
1760	55 
1761	32 
1762	47 
1763	42 
1764	51 
1765	77 
1766	37 
1767	28 
1768	78 
1769	21 
1770	47 
1771	17 
1772	43 
1773	90 
1774	89 
1775	43 
1776	24 
1777	101 
1778	14 
1779	86 
1780	37 
1781	25 
1782	49 
1783	33 
1784	68 
1785	17 
1786	45 
1787	42 
1788	91 
1789	99 
1790	67 
1791	97 
1792	55 
1793	88 
1794	21 
1795	13 
1796	21 
1797	79 
1798	40 
1799	29 
1800	39 
1801	64 
1802	98 
1803	5 
1804	43 
1805	56 
1806	89 
1807	70 
1808	18 
1809	55 
1810	42 
1811	73 
1812	30 
1813	1 
1814	75 
1815	99 
1816	83 
1817	74 
1818	52 
1819	8 
1820	55 
1821	74 
1822	25 
1823	9 
1824	43 
1825	13 
1826	66 
1827	90 
1828	15 
1829	53 
1830	27 
1831	50 
1832	8 
1833	45 
1834	13 
1835	10 
1836	39 
1837	100 
1838	14 
1839	81 
1840	38 
1841	15 
1842	24 
1843	82 
1844	11 
1845	40 
1846	44 
1847	61 
1848	19 
1849	12 
1850	64 
1851	100 
1852	48 
1853	27 
1854	55 
1855	85 
1856	76 
1857	94 
1858	100 
1859	50 
1860	84 
1861	42 
1862	100 
1863	80 
1864	17 
1865	95 
1866	74 
1867	101 
1868	6 
1869	73 
1870	12 
1871	9 
1872	81 
1873	72 
1874	86 
1875	82 
1876	75 
1877	99 
1878	91 
1879	85 
1880	58 
1881	6 
1882	89 
1883	88 
1884	78 
1885	37 
1886	28 
1887	51 
1888	75 
1889	52 
1890	81 
1891	95 
1892	40 
1893	23 
1894	15 
1895	91 
1896	59 
1897	32 
1898	97 
1899	34 
1900	3 
1901	27 
1902	42 
1903	72 
1904	103 
1905	14 
1906	89 
1907	58 
1908	13 
1909	101 
1910	48 
1911	75 
1912	41 
1913	11 
1914	39 
1915	63 
1916	21 
1917	47 
1918	26 
1919	3 
1920	68 
1921	80 
1922	89 
1923	98 
1924	13 
1925	12 
1926	60 
1927	61 
1928	72 
1929	68 
1930	15 
1931	71 
1932	38 
1933	51 
1934	6 
1935	99 
1936	50 
1937	56 
1938	77 
1939	3 
1940	87 
1941	65 
1942	39 
1943	80 
1944	71 
1945	21 
1946	44 
1947	14 
1948	21 
1949	34 
1950	21 
1951	59 
1952	58 
1953	12 
1954	63 
1955	50 
1956	31 
1957	59 
1958	42 
1959	69 
1960	34 
1961	72 
1962	51 
1963	94 
1964	14 
1965	27 
1966	90 
1967	6 
1968	63 
1969	42 
1970	73 
1971	68 
1972	69 
1973	65 
1974	27 
1975	47 
1976	30 
1977	38 
1978	66 
1979	13 
1980	37 
1981	6 
1982	97 
1983	40 
1984	57 
1985	77 
1986	67 
1987	19 
1988	30 
1989	42 
1990	33 
1991	26 
1992	9 
1993	37 
1994	44 
1995	88 
1996	58 
1997	19 
1998	13 
1999	12 
2000	27 
2001	100 
2002	86 
2003	87 
2004	4 
2005	25 
2006	18 
2007	30 
2008	27 
2009	46 
2010	78 
2011	37 
2012	27 
2013	39 
2014	66 
2015	43 
2016	98 
2017	58 
2018	91 
2019	17 
2020	27 
2021	30 
2022	32 
2023	48 
2024	95 
2025	39 
2026	61 
2027	40 
2028	2 
2029	80 
2030	1 
2031	11 
2032	49 
2033	14 
2034	88 
2035	27 
2036	91 
2037	76 
2038	48 
2039	1 
2040	96 
2041	88 
2042	15 
2043	15 
2044	26 
2045	100 
2046	29 
2047	60 
2048	5 
2049	60 
2050	74 
2051	81 
2052	33 
2053	46 
2054	28 
2055	51 
2056	37 
2057	48 
2058	81 
2059	73 
2060	57 
2061	80 
2062	76 
2063	11 
2064	100 
2065	35 
2066	45 
2067	76 
2068	95 
2069	55 
2070	52 
2071	58 
2072	98 
2073	30 
2074	91 
2075	97 
2076	39 
2077	39 
2078	84 
2079	98 
2080	58 
2081	83 
2082	100 
2083	46 
2084	81 
2085	92 
2086	32 
2087	80 
2088	11 
2089	33 
2090	28 
2091	95 
2092	71 
2093	96 
2094	47 
2095	49 
2096	50 
2097	84 
2098	97 
2099	102 
2100	9 
2101	31 
2102	38 
2103	47 
2104	71 
2105	42 
2106	29 
2107	3 
2108	88 
2109	34 
2110	33 
2111	17 
2112	9 
2113	46 
2114	42 
2115	11 
2116	29 
2117	47 
2118	76 
2119	52 
2120	88 
2121	91 
2122	74 
2123	19 
2124	11 
2125	91 
2126	86 
2127	102 
2128	63 
2129	99 
2130	38 
2131	57 
2132	35 
2133	56 
2134	81 
2135	12 
2136	15 
2137	46 
2138	82 
2139	47 
2140	42 
2141	3 
2142	97 
2143	8 
2144	84 
2145	26 
2146	59 
2147	98 
2148	42 
2149	13 
2150	27 
2151	52 
2152	43 
2153	97 
2154	45 
2155	19 
2156	32 
2157	95 
2158	50 
2159	97 
2160	1 
2161	43 
2162	77 
2163	47 
2164	32 
2165	26 
2166	29 
2167	37 
2168	83 
2169	23 
2170	94 
2171	81 
2172	65 
2173	27 
2174	37 
2175	89 
2176	15 
2177	90 
2178	17 
2179	78 
2180	78 
2181	80 
2182	79 
2183	52 
2184	90 
2185	3 
2186	17 
2187	25 
2188	74 
2189	84 
2190	6 
2191	77 
2192	58 
2193	46 
2194	71 
2195	8 
2196	72 
2197	42 
2198	42 
2199	48 
2200	11 
2201	84 
2202	39 
2203	29 
2204	49 
2205	87 
2206	89 
2207	65 
2208	74 
2209	76 
2210	61 
2211	30 
2212	81 
2213	47 
2214	4 
2215	12 
2216	8 
2217	94 
2218	5 
2219	74 
2220	46 
2221	49 
2222	46 
2223	78 
2224	15 
2225	82 
2226	102 
2227	17 
2228	26 
2229	75 
2230	69 
2231	27 
2232	47 
2233	29 
2234	50 
2235	4 
2236	96 
2237	11 
2238	64 
2239	60 
2240	18 
2241	82 
2242	60 
2243	69 
2244	1 
2245	40 
2246	44 
2247	52 
2248	67 
2249	96 
2250	36 
2251	15 
2252	58 
2253	60 
2254	27 
2255	82 
2256	80 
2257	57 
2258	44 
2259	2 
2260	67 
2261	43 
2262	73 
2263	27 
2264	92 
2265	14 
2266	46 
2267	17 
2268	74 
2269	7 
2270	98 
2271	48 
2272	46 
2273	62 
2274	27 
2275	7 
2276	27 
2277	48 
2278	70 
2279	60 
2280	29 
2281	42 
2282	79 
2283	42 
2284	29 
2285	67 
2286	86 
2287	101 
2288	81 
2289	97 
2290	99 
2291	14 
2292	43 
2293	66 
2294	12 
2295	42 
2296	59 
2297	1 
2298	87 
2299	37 
2300	37 
2301	55 
2302	39 
2303	59 
2304	22 
2305	46 
2306	86 
2307	37 
2308	100 
2309	71 
2310	70 
2311	18 
2312	71 
2313	89 
2314	41 
2315	75 
2316	80 
2317	67 
2318	87 
2319	101 
2320	44 
2321	96 
2322	60 
2323	94 
2324	48 
2325	14 
2326	36 
2327	80 
2328	36 
2329	39 
2330	60 
2331	5 
2332	90 
2333	97 
2334	1 
2335	9 
2336	17 
2337	90 
2338	52 
2339	97 
2340	41 
2341	11 
2342	19 
2343	57 
2344	46 
2345	32 
2346	90 
2347	54 
2348	43 
2349	83 
2350	60 
2351	99 
2352	23 
2353	60 
2354	60 
2355	12 
2356	39 
2357	79 
2358	24 
2359	66 
2360	54 
2361	82 
2362	67 
2363	47 
2364	9 
2365	51 
2366	8 
2367	60 
2368	94 
2369	17 
2370	35 
2371	35 
2372	58 
2373	71 
2374	99 
2375	31 
2376	74 
2377	54 
2378	6 
2379	83 
2380	8 
2381	41 
2382	38 
2383	42 
2384	89 
2385	31 
2386	78 
2387	71 
2388	11 
2389	80 
2390	31 
2391	59 
2392	47 
2393	25 
2394	40 
2395	10 
2396	33 
2397	100 
2398	100 
2399	71 
2400	80 
2401	27 
2402	32 
2403	81 
2404	33 
2405	101 
2406	47 
2407	34 
2408	6 
2409	58 
2410	39 
2411	79 
2412	17 
2413	37 
2414	71 
2415	13 
2416	27 
2417	60 
2418	53 
2419	3 
2420	51 
2421	14 
2422	34 
2423	100 
2424	93 
2425	101 
2426	101 
2427	86 
2428	20 
2429	67 
2430	73 
2431	77 
2432	64 
2433	71 
2434	8 
2435	76 
2436	40 
2437	57 
2438	73 
2439	10 
2440	26 
2441	3 
2442	87 
2443	32 
2444	33 
2445	7 
2446	18 
2447	89 
2448	13 
2449	58 
2450	30 
2451	31 
2452	52 
2453	14 
2454	71 
2455	34 
2456	42 
2457	52 
2458	12 
2459	71 
2460	49 
2461	5 
2462	96 
2463	74 
2464	45 
2465	80 
2466	5 
2467	79 
2468	36 
2469	15 
2470	30 
2471	90 
2472	97 
2473	32 
2474	8 
2475	50 
2476	42 
2477	97 
2478	34 
2479	32 
2480	95 
2481	83 
2482	39 
2483	55 
2484	8 
2485	35 
2486	78 
2487	12 
2488	6 
2489	89 
2490	3 
2491	64 
2492	89 
2493	46 
2494	89 
2495	20 
2496	17 
2497	101 
2498	60 
2499	12 
2500	58 
2501	6 
2502	28 
2503	23 
2504	30 
2505	99 
2506	1 
2507	80 
2508	36 
2509	73 
2510	55 
2511	5 
2512	76 
2513	34 
2514	12 
2515	8 
2516	74 
2517	95 
2518	48 
2519	88 
2520	39 
2521	22 
2522	88 
2523	40 
2524	38 
2525	87 
2526	34 
2527	103 
2528	80 
2529	19 
2530	1 
2531	98 
2532	32 
2533	95 
2534	24 
2535	37 
2536	26 
2537	100 
2538	2 
2539	58 
2540	15 
2541	26 
2542	26 
2543	15 
2544	29 
2545	37 
2546	61 
2547	15 
2548	74 
2549	89 
2550	69 
2551	60 
2552	83 
2553	103 
2554	34 
2555	47 
2556	91 
2557	51 
2558	29 
2559	59 
2560	38 
2561	12 
2562	74 
2563	13 
2564	71 
2565	89 
2566	3 
2567	29 
2568	26 
2569	52 
2570	37 
2571	86 
2572	91 
2573	1 
2574	23 
2575	14 
2576	53 
2577	1 
2578	32 
2579	91 
2580	78 
2581	73 
2582	74 
2583	37 
2584	42 
2585	67 
2586	14 
2587	19 
2588	88 
2589	92 
2590	57 
2591	73 
2592	54 
2593	22 
2594	27 
2595	37 
2596	80 
2597	74 
2598	64 
2599	82 
2600	97 
2601	69 
2602	88 
2603	39 
2604	11 
2605	81 
2606	83 
2607	25 
2608	67 
2609	93 
2610	18 
2611	42 
2612	85 
2613	6 
2614	32 
2615	80 
2616	7 
2617	92 
2618	87 
2619	11 
2620	51 
2621	47 
2622	14 
2623	46 
2624	19 
2625	38 
2626	97 
2627	45 
2628	46 
2629	101 
2630	45 
2631	40 
2632	50 
2633	39 
2634	17 
2635	24 
2636	34 
2637	94 
2638	83 
2639	99 
2640	50 
2641	97 
2642	17 
2643	22 
2644	55 
2645	82 
2646	90 
2647	85 
2648	100 
2649	10 
2650	43 
2651	87 
2652	24 
2653	91 
2654	85 
2655	23 
2656	42 
2657	53 
2658	7 
2659	89 
2660	33 
2661	91 
2662	35 
2663	63 
2664	71 
2665	52 
2666	63 
2667	74 
2668	64 
2669	74 
2670	25 
2671	28 
2672	71 
2673	32 
2674	89 
2675	83 
2676	26 
2677	40 
2678	10 
2679	33 
2680	3 
2681	9 
2682	45 
2683	91 
2684	89 
2685	59 
2686	75 
2687	97 
2688	62 
2689	33 
2690	5 
2691	15 
2692	30 
2693	60 
2694	74 
2695	25 
2696	40 
2697	70 
2698	88 
2699	34 
2700	66 
2701	11 
2702	42 
2703	2 
2704	41 
2705	38 
2706	20 
2707	42 
2708	70 
2709	51 
2710	99 
2711	14 
2712	15 
2713	89 
2714	12 
2715	6 
2716	14 
2717	51 
2718	75 
2719	12 
2720	46 
2721	73 
2722	7 
2723	4 
2724	78 
2725	23 
2726	40 
2727	34 
2728	42 
2729	33 
2730	99 
2731	74 
2732	16 
2733	8 
2734	65 
2735	30 
2736	91 
2737	25 
2738	81 
2739	41 
2740	100 
2741	88 
2742	78 
2743	54 
2744	98 
2745	30 
2746	77 
2747	27 
2748	59 
2749	31 
2750	17 
2751	4 
2752	31 
2753	16 
2754	30 
2755	8 
2756	42 
2757	99 
2758	60 
2759	15 
2760	42 
2761	6 
2762	6 
2763	46 
2764	26 
2765	27 
2766	18 
2767	82 
2768	36 
2769	60 
2770	89 
2771	23 
2772	24 
2773	45 
2774	73 
2775	47 
2776	10 
2777	74 
2778	11 
2779	99 
2780	71 
2781	21 
2782	60 
2783	1 
2784	67 
2785	32 
2786	27 
2787	71 
2788	59 
2789	5 
2790	40 
2791	5 
2792	21 
2793	78 
2794	11 
2795	48 
2796	93 
2797	57 
2798	27 
2799	45 
2800	8 
2801	6 
2802	98 
2803	19 
2804	66 
2805	14 
2806	55 
2807	45 
2808	78 
2809	19 
2810	8 
2811	33 
2812	99 
2813	71 
2814	52 
2815	58 
2816	8 
2817	91 
2818	94 
2819	48 
2820	85 
2821	54 
2822	12 
2823	20 
2824	92 
2825	42 
2826	62 
2827	57 
2828	61 
2829	40 
2830	46 
2831	36 
2832	71 
2833	38 
2834	100 
2835	8 
2836	38 
2837	1 
2838	48 
2839	58 
2840	50 
2841	69 
2842	96 
2843	40 
2844	32 
2845	37 
2846	13 
2847	29 
2848	46 
2849	51 
2850	82 
2851	78 
2852	66 
2853	28 
2854	34 
2855	89 
2856	58 
2857	76 
2858	65 
2859	32 
2860	92 
2861	14 
2862	3 
2863	100 
2864	63 
2865	11 
2866	27 
2867	83 
2868	62 
2869	48 
2870	63 
2871	23 
2872	27 
2873	93 
2874	91 
2875	89 
2876	72 
2877	30 
2878	83 
2879	73 
2880	65 
2881	88 
2882	13 
2883	83 
2884	65 
2885	66 
2886	42 
2887	64 
2888	101 
2889	18 
2890	43 
2891	23 
2892	12 
2893	2 
2894	60 
2895	83 
2896	97 
2897	17 
2898	85 
2899	64 
2900	35 
2901	38 
2902	66 
2903	49 
2904	33 
2905	40 
2906	96 
2907	87 
2908	7 
2909	88 
2910	53 
2911	94 
2912	102 
2913	4 
2914	68 
2915	74 
2916	9 
2917	52 
2918	52 
2919	3 
2920	40 
2921	78 
2922	14 
2923	42 
2924	78 
2925	42 
2926	77 
2927	92 
2928	94 
2929	91 
2930	29 
2931	11 
2932	90 
2933	85 
2934	74 
2935	89 
2936	9 
2937	54 
2938	51 
2939	97 
2940	12 
2941	56 
2942	64 
2943	5 
2944	84 
2945	35 
2946	33 
2947	100 
2948	10 
2949	100 
2950	20 
2951	83 
2952	97 
2953	33 
2954	74 
2955	41 
2956	48 
2957	14 
2958	78 
2959	42 
2960	37 
2961	51 
2962	70 
2963	1 
2964	23 
2965	93 
2966	67 
2967	89 
2968	4 
2969	43 
2970	27 
2971	43 
2972	15 
2973	59 
2974	100 
2975	60 
2976	25 
2977	72 
2978	97 
2979	62 
2980	98 
2981	83 
2982	48 
2983	3 
2984	53 
2985	42 
2986	40 
2987	33 
2988	86 
2989	13 
2990	97 
2991	76 
2992	12 
2993	15 
2994	89 
2995	4 
2996	60 
2997	71 
2998	21 
2999	39 
3000	13 
3001	15 
3002	50 
3003	70 
3004	29 
3005	43 
3006	96 
3007	81 
3008	19 
3009	41 
3010	98 
3011	62 
3012	92 
3013	51 
3014	96 
3015	48 
3016	39 
3017	18 
3018	52 
3019	11 
3020	51 
3021	35 
3022	95 
3023	83 
3024	10 
3025	100 
3026	21 
3027	17 
3028	39 
3029	90 
3030	45 
3031	54 
3032	37 
3033	42 
3034	42 
3035	40 
3036	90 
3037	14 
3038	58 
3039	9 
3040	33 
3041	11 
3042	3 
3043	42 
3044	8 
3045	7 
3046	52 
3047	96 
3048	78 
3049	24 
3050	39 
3051	78 
3052	19 
3053	34 
3054	38 
3055	15 
3056	33 
3057	87 
3058	33 
3059	42 
3060	18 
3061	13 
3062	74 
3063	76 
3064	48 
3065	9 
3066	47 
3067	93 
3068	100 
3069	53 
3070	41 
3071	65 
3072	92 
3073	97 
3074	84 
3075	65 
3076	40 
3077	27 
3078	64 
3079	60 
3080	84 
3081	73 
3082	8 
3083	40 
3084	93 
3085	17 
3086	98 
3087	57 
3088	97 
3089	90 
3090	46 
3091	3 
3092	32 
3093	88 
3094	91 
3095	28 
3096	11 
3097	32 
3098	7 
3099	30 
3100	32 
3101	89 
3102	25 
3103	38 
3104	47 
3105	58 
3106	29 
3107	76 
3108	97 
3109	11 
3110	51 
3111	101 
3112	79 
3113	48 
3114	23 
3115	33 
3116	17 
3117	55 
3118	96 
3119	49 
3120	62 
3121	36 
3122	15 
3123	42 
3124	8 
3125	77 
3126	48 
3127	68 
3128	35 
3129	90 
3130	89 
3131	55 
3132	53 
3133	8 
3134	35 
3135	19 
3136	82 
3137	48 
3138	88 
3139	25 
3140	36 
3141	51 
3142	101 
3143	96 
3144	5 
3145	48 
3146	39 
3147	34 
3148	64 
3149	103 
3150	49 
3151	29 
3152	30 
3153	1 
3154	48 
3155	90 
3156	74 
3157	77 
3158	64 
3159	11 
3160	9 
3161	40 
3162	19 
3163	37 
3164	14 
3165	48 
3166	18 
3167	100 
3168	33 
3169	97 
3170	4 
3171	33 
3172	7 
3173	25 
3174	100 
3175	25 
3176	28 
3177	22 
3178	72 
3179	44 
3180	25 
3181	48 
3182	46 
3183	60 
3184	19 
3185	56 
3186	8 
3187	88 
3188	14 
3189	101 
3190	11 
3191	97 
3192	78 
3193	87 
3194	96 
3195	13 
3196	88 
3197	51 
3198	103 
3199	102 
3200	30 
3201	80 
3202	84 
3203	39 
3204	26 
3205	99 
3206	39 
3207	59 
3208	60 
3209	89 
3210	15 
3211	41 
3212	89 
3213	13 
3214	89 
3215	2 
3216	1 
3217	18 
3218	52 
3219	69 
3220	31 
3221	24 
3222	100 
3223	90 
3224	100 
3225	17 
3226	90 
3227	50 
3228	96 
3229	100 
3230	20 
3231	58 
3232	94 
3233	12 
3234	78 
3235	60 
3236	45 
3237	71 
3238	97 
3239	30 
3240	100 
3241	90 
3242	51 
3243	85 
3244	5 
3245	77 
3246	78 
3247	52 
3248	15 
3249	38 
3250	72 
3251	3 
3252	103 
3253	69 
3254	84 
3255	74 
3256	15 
3257	74 
3258	12 
3259	48 
3260	42 
3261	7 
3262	74 
3263	102 
3264	22 
3265	40 
3266	5 
3267	78 
3268	102 
3269	43 
3270	30 
3271	40 
3272	29 
3273	45 
3274	17 
3275	22 
3276	83 
3277	25 
3278	24 
3279	92 
3280	15 
3281	50 
3282	71 
3283	86 
3284	30 
3285	100 
3286	100 
3287	23 
3288	62 
3289	78 
3290	27 
3291	37 
3292	94 
3293	83 
3294	32 
3295	101 
3296	74 
3297	80 
3298	71 
3299	4 
3300	52 
3301	18 
3302	97 
3303	46 
3304	60 
3305	88 
3306	38 
3307	82 
3308	80 
3309	10 
3310	103 
3311	33 
3312	63 
3313	74 
3314	40 
3315	55 
3316	72 
3317	37 
3318	60 
3319	51 
3320	90 
3321	58 
3322	10 
3323	42 
3324	40 
3325	14 
3326	97 
3327	1 
3328	40 
3329	90 
3330	19 
3331	55 
3332	54 
3333	51 
3334	46 
3335	17 
3336	5 
3337	53 
3338	58 
3339	4 
3340	47 
3341	35 
3342	98 
3343	46 
3344	63 
3345	100 
3346	3 
3347	11 
3348	54 
3349	31 
3350	46 
3351	38 
3352	90 
3353	27 
3354	19 
3355	4 
3356	49 
3357	40 
3358	58 
3359	102 
3360	43 
3361	47 
3362	66 
3363	34 
3364	78 
3365	25 
3366	71 
3367	52 
3368	96 
3369	97 
3370	39 
3371	9 
3372	100 
3373	101 
3374	56 
3375	47 
3376	68 
3377	6 
3378	30 
3379	47 
3380	9 
3381	101 
3382	94 
3383	55 
3384	102 
3385	29 
3386	57 
3387	43 
3388	97 
3389	98 
3390	90 
3391	97 
3392	64 
3393	47 
3394	10 
3395	34 
3396	75 
3397	37 
3398	94 
3399	32 
3400	79 
3401	37 
3402	89 
3403	33 
3404	48 
3405	97 
3406	6 
3407	86 
3408	76 
3409	31 
3410	97 
3411	38 
3412	70 
3413	58 
3414	11 
3415	32 
3416	27 
3417	85 
3418	79 
3419	77 
3420	13 
3421	50 
3422	2 
3423	42 
3424	7 
3425	60 
3426	72 
3427	58 
3428	81 
3429	67 
3430	86 
3431	16 
3432	81 
3433	48 
3434	78 
3435	90 
3436	66 
3437	21 
3438	6 
3439	96 
3440	24 
3441	33 
3442	22 
3443	14 
3444	86 
3445	29 
3446	17 
3447	100 
3448	78 
3449	3 
3450	32 
3451	103 
3452	14 
3453	46 
3454	51 
3455	83 
3456	19 
3457	97 
3458	83 
3459	63 
3460	50 
3461	54 
3462	60 
3463	21 
3464	14 
3465	92 
3466	9 
3467	37 
3468	54 
3469	66 
3470	24 
3471	48 
3472	61 
3473	48 
3474	39 
3475	46 
3476	19 
3477	25 
3478	10 
3479	45 
3480	73 
3481	102 
3482	51 
3483	18 
3484	90 
3485	32 
3486	45 
3487	58 
3488	32 
3489	44 
3490	29 
3491	91 
3492	59 
3493	37 
3494	23 
3495	40 
3496	4 
3497	82 
3498	8 
3499	8 
3500	60 
3501	25 
3502	29 
3503	37 
3504	49 
3505	22 
3506	97 
3507	29 
3508	44 
3509	76 
3510	96 
3511	54 
3512	83 
3513	50 
3514	76 
3515	86 
3516	26 
3517	91 
3518	70 
3519	33 
3520	95 
3521	34 
3522	80 
3523	73 
3524	36 
3525	31 
3526	51 
3527	83 
3528	83 
3529	52 
3530	75 
3531	88 
3532	32 
3533	27 
3534	60 
3535	9 
3536	68 
3537	100 
3538	28 
3539	97 
3540	47 
3541	46 
3542	68 
3543	34 
3544	82 
3545	1 
3546	71 
3547	14 
3548	5 
3549	48 
3550	89 
3551	5 
3552	61 
3553	74 
3554	9 
3555	79 
3556	34 
3557	20 
3558	41 
3559	81 
3560	100 
3561	13 
3562	52 
3563	29 
3564	31 
3565	11 
3566	47 
3567	62 
3568	46 
3569	52 
3570	33 
3571	33 
3572	62 
3573	102 
3574	60 
3575	71 
3576	47 
3577	52 
3578	31 
3579	65 
3580	46 
3581	26 
3582	92 
3583	70 
3584	32 
3585	97 
3586	27 
3587	8 
3588	6 
3589	25 
3590	100 
3591	50 
3592	47 
3593	84 
3594	43 
3595	34 
3596	28 
3597	9 
3598	2 
3599	40 
3600	88 
3601	88 
3602	90 
3603	83 
3604	40 
3605	27 
3606	93 
3607	30 
3608	11 
3609	43 
3610	18 
3611	51 
3612	4 
3613	40 
3614	56 
3615	49 
3616	71 
3617	36 
3618	98 
3619	7 
3620	12 
3621	43 
3622	6 
3623	47 
3624	30 
3625	52 
3626	34 
3627	34 
3628	75 
3629	28 
3630	39 
3631	98 
3632	58 
3633	91 
3634	14 
3635	89 
3636	15 
3637	9 
3638	99 
3639	97 
3640	79 
3641	20 
3642	81 
3643	14 
3644	64 
3645	58 
3646	59 
3647	43 
3648	58 
3649	84 
3650	13 
3651	91 
3652	66 
3653	12 
3654	60 
3655	46 
3656	89 
3657	100 
3658	8 
3659	6 
3660	67 
3661	18 
3662	45 
3663	74 
3664	53 
3665	52 
3666	2 
3667	71 
3668	43 
3669	74 
3670	2 
3671	37 
3672	47 
3673	69 
3674	9 
3675	12 
3676	60 
3677	80 
3678	14 
3679	92 
3680	42 
3681	65 
3682	42 
3683	53 
3684	98 
3685	12 
3686	46 
3687	46 
3688	80 
3689	6 
3690	92 
3691	68 
3692	12 
3693	22 
3694	18 
3695	52 
3696	93 
3697	34 
3698	84 
3699	85 
3700	96 
3701	45 
3702	15 
3703	24 
3704	23 
3705	30 
3706	84 
3707	48 
3708	34 
3709	58 
3710	83 
3711	3 
3712	29 
3713	102 
3714	16 
3715	73 
3716	43 
3717	21 
3718	11 
3719	95 
3720	39 
3721	88 
3722	90 
3723	67 
3724	51 
3725	62 
3726	39 
3727	58 
3728	28 
3729	24 
3730	24 
3731	16 
3732	22 
3733	22 
3734	49 
3735	100 
3736	39 
3737	56 
3738	57 
3739	95 
3740	83 
3741	46 
3742	24 
3743	71 
3744	96 
3745	17 
3746	83 
3747	44 
3748	2 
3749	43 
3750	56 
3751	67 
3752	48 
3753	7 
3754	80 
3755	48 
3756	46 
3757	38 
3758	88 
3759	95 
3760	77 
3761	42 
3762	50 
3763	97 
3764	97 
3765	10 
3766	38 
3767	10 
3768	43 
3769	32 
3770	37 
3771	97 
3772	58 
3773	43 
3774	10 
3775	1 
3776	14 
3777	30 
3778	94 
3779	103 
3780	102 
3781	29 
3782	18 
3783	16 
3784	22 
3785	29 
3786	4 
3787	52 
3788	100 
3789	71 
3790	79 
3791	28 
3792	96 
3793	17 
3794	82 
3795	62 
3796	19 
3797	89 
3798	78 
3799	47 
3800	47 
3801	32 
3802	62 
3803	46 
3804	33 
3805	4 
3806	9 
3807	103 
3808	84 
3809	12 
3810	10 
3811	9 
3812	8 
3813	82 
3814	9 
3815	56 
3816	12 
3817	7 
3818	81 
3819	101 
3820	15 
3821	78 
3822	93 
3823	79 
3824	9 
3825	39 
3826	56 
3827	69 
3828	86 
3829	24 
3830	83 
3831	82 
3832	75 
3833	50 
3834	60 
3835	4 
3836	30 
3837	92 
3838	6 
3839	100 
3840	83 
3841	34 
3842	85 
3843	19 
3844	60 
3845	24 
3846	91 
3847	42 
3848	11 
3849	62 
3850	68 
3851	25 
3852	9 
3853	83 
3854	5 
3855	50 
3856	6 
3857	83 
3858	54 
3859	102 
3860	33 
3861	13 
3862	25 
3863	60 
3864	36 
3865	100 
3866	11 
3867	38 
3868	31 
3869	4 
3870	52 
3871	53 
3872	92 
3873	42 
3874	27 
3875	12 
3876	4 
3877	68 
3878	6 
3879	46 
3880	90 
3881	37 
3882	13 
3883	12 
3884	27 
3885	46 
3886	98 
3887	71 
3888	37 
3889	78 
3890	89 
3891	89 
3892	10 
3893	74 
3894	48 
3895	46 
3896	40 
3897	55 
3898	18 
3899	73 
3900	89 
3901	62 
3902	2 
3903	99 
3904	28 
3905	96 
3906	5 
3907	40 
3908	91 
3909	54 
3910	2 
3911	17 
3912	92 
3913	69 
3914	63 
3915	97 
3916	17 
3917	98 
3918	83 
3919	43 
3920	29 
3921	2 
3922	14 
3923	88 
3924	88 
3925	57 
3926	86 
3927	91 
3928	36 
3929	4 
3930	15 
3931	66 
3932	55 
3933	60 
3934	80 
3935	90 
3936	74 
3937	8 
3938	29 
3939	97 
3940	11 
3941	29 
3942	32 
3943	81 
3944	9 
3945	100 
3946	30 
3947	94 
3948	102 
3949	47 
3950	7 
3951	51 
3952	15 
3953	17 
3954	36 
3955	101 
3956	7 
3957	101 
3958	1 
3959	37 
3960	79 
3961	76 
3962	30 
3963	40 
3964	5 
3965	48 
3966	30 
3967	82 
3968	94 
3969	25 
3970	31 
3971	11 
3972	101 
3973	12 
3974	29 
3975	9 
3976	14 
3977	60 
3978	25 
3979	51 
3980	87 
3981	37 
3982	34 
3983	71 
3984	11 
3985	89 
3986	39 
3987	89 
3988	90 
3989	6 
3990	24 
3991	28 
3992	5 
3993	74 
3994	96 
3995	77 
3996	71 
3997	3 
3998	52 
3999	91 
4000	54 
4001	96 
4002	22 
4003	3 
4004	32 
4005	25 
4006	89 
4007	60 
4008	8 
4009	71 
4010	48 
4011	1 
4012	23 
4013	90 
4014	67 
4015	71 
4016	68 
4017	97 
4018	20 
4019	58 
4020	85 
4021	41 
4022	102 
4023	90 
4024	83 
4025	52 
4026	14 
4027	81 
4028	6 
4029	18 
4030	60 
4031	24 
4032	37 
4033	76 
4034	90 
4035	66 
4036	99 
4037	99 
4038	65 
4039	17 
4040	65 
4041	46 
4042	73 
4043	100 
4044	11 
4045	67 
4046	90 
4047	87 
4048	12 
4049	11 
4050	54 
4051	27 
4052	35 
4053	37 
4054	43 
4055	55 
4056	97 
4057	81 
4058	76 
4059	40 
4060	9 
4061	32 
4062	51 
4063	98 
4064	60 
4065	42 
4066	14 
4067	21 
4068	39 
4069	50 
4070	73 
4071	99 
4072	47 
4073	6 
4074	60 
4075	83 
4076	71 
4077	40 
4078	15 
4079	24 
4080	71 
4081	91 
4082	70 
4083	90 
4084	5 
4085	7 
4086	15 
4087	10 
4088	23 
4089	60 
4090	76 
4091	25 
4092	67 
4093	40 
4094	13 
4095	94 
4096	50 
4097	10 
4098	76 
4099	72 
4100	57 
4101	68 
4102	27 
4103	76 
4104	2 
4105	91 
4106	77 
4107	33 
4108	17 
4109	98 
4110	5 
4111	15 
4112	55 
4113	14 
4114	55 
4115	7 
4116	34 
4117	58 
4118	11 
4119	79 
4120	82 
4121	51 
4122	91 
4123	19 
4124	33 
4125	83 
4126	59 
4127	21 
4128	41 
4129	101 
4130	48 
4131	28 
4132	102 
4133	38 
4134	38 
4135	46 
4136	32 
4137	30 
4138	1 
4139	41 
4140	64 
4141	50 
4142	27 
4143	101 
4144	47 
4145	12 
4146	55 
4147	83 
4148	49 
4149	14 
4150	89 
4151	17 
4152	12 
4153	2 
4154	35 
4155	81 
4156	46 
4157	37 
4158	82 
4159	96 
4160	18 
4161	86 
4162	94 
4163	30 
4164	33 
4165	99 
4166	97 
4167	53 
4168	36 
4169	74 
4170	79 
4171	53 
4172	48 
4173	37 
4174	41 
4175	48 
4176	53 
4177	87 
4178	27 
4179	102 
4180	60 
4181	29 
4182	4 
4183	98 
4184	6 
4185	48 
4186	86 
4187	53 
4188	6 
4189	100 
4190	45 
4191	71 
4192	61 
4193	98 
4194	18 
4195	32 
4196	51 
4197	89 
4198	28 
4199	37 
4200	15 
4201	82 
4202	97 
4203	68 
4204	87 
4205	45 
4206	92 
4207	31 
4208	9 
4209	83 
4210	80 
4211	13 
4212	18 
4213	89 
4214	60 
4215	98 
4216	24 
4217	84 
4218	71 
4219	66 
4220	91 
4221	4 
4222	99 
4223	46 
4224	93 
4225	24 
4226	17 
4227	14 
4228	66 
4229	2 
4230	98 
4231	9 
4232	17 
4233	84 
4234	31 
4235	75 
4236	80 
4237	93 
4238	3 
4239	31 
4240	89 
4241	6 
4242	39 
4243	53 
4244	71 
4245	77 
4246	24 
4247	83 
4248	19 
4249	39 
4250	52 
4251	96 
4252	71 
4253	58 
4254	101 
4255	100 
4256	23 
4257	60 
4258	88 
4259	99 
4260	40 
4261	12 
4262	37 
4263	76 
4264	101 
4265	47 
4266	48 
4267	46 
4268	67 
4269	11 
4270	33 
4271	23 
4272	56 
4273	12 
4274	30 
4275	98 
4276	94 
4277	18 
4278	64 
4279	93 
4280	42 
4281	89 
4282	90 
4283	74 
4284	27 
4285	100 
4286	69 
4287	78 
4288	74 
4289	48 
4290	71 
4291	39 
4292	82 
4293	67 
4294	17 
4295	82 
4296	49 
4297	100 
4298	101 
4299	31 
4300	72 
4301	67 
4302	30 
4303	69 
4304	9 
4305	52 
4306	18 
4307	78 
4308	39 
4309	102 
4310	47 
4311	42 
4312	74 
4313	6 
4314	58 
4315	51 
4316	86 
4317	93 
4318	77 
4319	40 
4320	83 
4321	67 
4322	99 
4323	48 
4324	47 
4325	89 
4326	46 
4327	20 
4328	48 
4329	1 
4330	15 
4331	67 
4332	33 
4333	7 
4334	43 
4335	74 
4336	70 
4337	20 
4338	46 
4339	93 
4340	29 
4341	55 
4342	15 
4343	4 
4344	2 
4345	96 
4346	30 
4347	30 
4348	50 
4349	98 
4350	69 
4351	21 
4352	102 
4353	1 
4354	3 
4355	4 
4356	37 
4357	43 
4358	50 
4359	29 
4360	97 
4361	11 
4362	16 
4363	78 
4364	30 
4365	27 
4366	9 
4367	51 
4368	77 
4369	36 
4370	69 
4371	98 
4372	78 
4373	91 
4374	14 
4375	83 
4376	22 
4377	25 
4378	60 
4379	91 
4380	81 
4381	47 
4382	101 
4383	83 
4384	29 
4385	1 
4386	48 
4387	47 
4388	81 
4389	64 
4390	4 
4391	42 
4392	31 
4393	78 
4394	42 
4395	68 
4396	49 
4397	37 
4398	39 
4399	88 
4400	31 
4401	52 
4402	9 
4403	71 
4404	33 
4405	96 
4406	13 
4407	91 
4408	6 
4409	13 
4410	78 
4411	46 
4412	53 
4413	82 
4414	23 
4415	40 
4416	74 
4417	15 
4418	11 
4419	80 
4420	51 
4421	73 
4422	40 
4423	30 
4424	30 
4425	88 
4426	48 
4427	102 
4428	11 
4429	82 
4430	5 
4431	15 
4432	9 
4433	15 
4434	9 
4435	31 
4436	41 
4437	96 
4438	1 
4439	100 
4440	32 
4441	14 
4442	88 
4443	90 
4444	89 
4445	18 
4446	11 
4447	76 
4448	52 
4449	100 
4450	60 
4451	15 
4452	100 
4453	45 
4454	49 
4455	58 
4456	47 
4457	100 
4458	9 
4459	33 
4460	8 
4461	94 
4462	34 
4463	46 
4464	32 
4465	22 
4466	15 
4467	71 
4468	98 
4469	33 
4470	67 
4471	32 
4472	19 
4473	56 
4474	27 
4475	39 
4476	15 
4477	64 
4478	1 
4479	43 
4480	34 
4481	90 
4482	51 
4483	74 
4484	14 
4485	12 
4486	25 
4487	35 
4488	27 
4489	12 
4490	71 
4491	86 
4492	11 
4493	6 
4494	20 
4495	80 
4496	94 
4497	73 
4498	96 
4499	15 
4500	86 
4501	91 
4502	78 
4503	27 
4504	59 
4505	73 
4506	48 
4507	58 
4508	60 
4509	35 
4510	86 
4511	88 
4512	15 
4513	33 
4514	24 
4515	51 
4516	56 
4517	15 
4518	78 
4519	39 
4520	4 
4521	8 
4522	55 
4523	73 
4524	71 
4525	51 
4526	94 
4527	58 
4528	11 
4529	21 
4530	78 
4531	64 
4532	98 
4533	37 
4534	14 
4535	2 
4536	84 
4537	1 
4538	19 
4539	17 
4540	11 
4541	1 
4542	14 
4543	23 
4544	15 
4545	50 
4546	101 
4547	89 
4548	47 
4549	96 
4550	58 
4551	76 
4552	41 
4553	34 
4554	40 
4555	98 
4556	97 
4557	45 
4558	27 
4559	24 
4560	51 
4561	11 
4562	17 
4563	80 
4564	5 
4565	12 
4566	24 
4567	56 
4568	29 
4569	40 
4570	64 
4571	40 
4572	14 
4573	6 
4574	17 
4575	28 
4576	11 
4577	18 
4578	82 
4579	41 
4580	14 
4581	52 
4582	91 
4583	25 
4584	47 
4585	71 
4586	22 
4587	74 
4588	32 
4589	46 
4590	56 
4591	12 
4592	15 
4593	37 
4594	30 
4595	27 
4596	46 
4597	27 
4598	4 
4599	34 
4600	88 
4601	102 
4602	83 
4603	8 
4604	14 
4605	82 
4606	56 
4607	45 
4608	30 
4609	89 
4610	27 
4611	83 
4612	12 
4613	92 
4614	25 
4615	92 
4616	29 
4617	100 
4618	13 
4619	35 
4620	24 
4621	97 
4622	15 
4623	14 
4624	34 
4625	43 
4626	80 
4627	41 
4628	52 
4629	27 
4630	60 
4631	52 
4632	15 
4633	1 
4634	58 
4635	86 
4636	31 
4637	8 
4638	37 
4639	6 
4640	29 
4641	73 
4642	10 
4643	74 
4644	14 
4645	35 
4646	39 
4647	29 
4648	27 
4649	40 
4650	78 
4651	5 
4652	43 
4653	89 
4654	20 
4655	27 
4656	10 
4657	71 
4658	43 
4659	84 
4660	98 
4661	18 
4662	32 
4663	37 
4664	6 
4665	12 
4666	89 
4667	76 
4668	74 
4669	74 
4670	97 
4671	25 
4672	38 
4673	71 
4674	40 
4675	29 
4676	80 
4677	22 
4678	15 
4679	89 
4680	76 
4681	6 
4682	5 
4683	64 
4684	31 
4685	29 
4686	18 
4687	30 
4688	31 
4689	58 
4690	56 
4691	56 
4692	67 
4693	56 
4694	30 
4695	15 
4696	96 
4697	60 
4698	43 
4699	10 
4700	8 
4701	29 
4702	24 
4703	40 
4704	33 
4705	12 
4706	8 
4707	88 
4708	42 
4709	67 
4710	51 
4711	60 
4712	25 
4713	99 
4714	94 
4715	39 
4716	52 
4717	15 
4718	43 
4719	27 
4720	91 
4721	43 
4722	74 
4723	27 
4724	32 
4725	84 
4726	91 
4727	15 
4728	67 
4729	67 
4730	10 
4731	88 
4732	15 
4733	97 
4734	46 
4735	97 
4736	59 
4737	51 
4738	12 
4739	86 
4740	37 
4741	9 
4742	78 
4743	32 
4744	6 
4745	18 
4746	39 
4747	29 
4748	6 
4749	88 
4750	46 
4751	88 
4752	15 
4753	19 
4754	25 
4755	91 
4756	6 
4757	31 
4758	37 
4759	42 
4760	86 
4761	73 
4762	73 
4763	71 
4764	97 
4765	42 
4766	97 
4767	48 
4768	37 
4769	39 
4770	9 
4771	58 
4772	4 
4773	78 
4774	86 
4775	59 
4776	98 
4777	97 
4778	39 
4779	88 
4780	4 
4781	52 
4782	94 
4783	4 
4784	46 
4785	89 
4786	24 
4787	33 
4788	89 
4789	51 
4790	6 
4791	81 
4792	78 
4793	81 
4794	78 
4795	37 
4796	14 
4797	32 
4798	11 
4799	97 
4800	90 
4801	1 
4802	12 
4803	98 
4804	90 
4805	40 
4806	47 
4807	91 
4808	71 
4809	52 
4810	96 
4811	12 
4812	42 
4813	40 
4814	96 
4815	4 
4816	32 
4817	30 
4818	14 
4819	78 
4820	34 
4821	30 
4822	88 
4823	97 
4824	52 
4825	42 
4826	11 
4827	52 
4828	51 
4829	60 
4830	29 
4831	33 
4832	29 
4833	91 
4834	100 
4835	80 
4836	40 
4837	42 
4838	71 
4839	82 
4840	83 
4841	37 
4842	9 
4843	97 
4844	27 
4845	34 
4846	101 
4847	71 
4848	25 
4849	12 
4850	91 
4851	90 
4852	34 
4853	71 
4854	24 
4855	9 
4856	18 
4857	74 
4858	51 
4859	90 
4860	89 
4861	14 
4862	6 
4863	48 
4864	32 
4865	33 
4866	82 
4867	48 
4868	15 
4869	24 
4870	25 
4871	42 
4872	11 
4873	32 
4874	40 
4875	101 
4876	82 
4877	81 
4878	12 
4879	37 
4880	83 
4881	78 
4882	27 
4883	78 
4884	91 
4885	14 
4886	71 
4887	71 
4888	25 
4889	6 
4890	27 
4891	12 
4892	42 
4893	98 
4894	14 
4895	43 
4896	27 
4897	12 
4898	9 
4899	58 
4900	48 
4901	83 
4902	47 
4903	11 
4904	24 
4905	42 
4906	33 
4907	47 
4908	47 
4909	43 
4910	32 
4911	48 
4912	12 
4913	48 
4914	58 
4915	30 
4916	46 
4917	14 
4918	30 
4919	39 
4920	89 
4921	83 
4922	78 
4923	37 
4924	51 
4925	33 
4926	90 
4927	14 
4928	100 
4929	97 
4930	71 
4931	14 
4932	100 
4933	6 
4934	100 
4935	51 
4936	42 
4937	32 
4938	43 
4939	42 
4940	43 
4941	29 
4942	97 
4943	33 
4944	32 
4945	47 
4946	42 
4947	37 
4948	88 
4949	51 
4950	46 
4951	14 
4952	30 
4953	14 
4954	89 
4955	40 
4956	27 
4957	51 
4958	98 
4959	14 
4960	27 
4961	83 
4962	42 
4963	32 
4964	14 
4965	51 
4966	14 
4967	37 
4968	37 
4969	25 
4970	100 
4971	27 
4972	14 
4973	11 
4974	32 
4975	51 
4976	39 
4977	6 
4978	12 
4979	51 
4980	60 
4981	47 
4982	25 
4983	14 
4984	89 
4985	58 
4986	42 
4987	74 
4988	48 
4989	58 
4990	40 
4991	29 
4992	58 
4993	15 
4994	30 
4995	100 
4996	48 
4997	32 
4998	30 
4999	46 
5000	37 
