1	42 
2	17 
3	9 
4	74 
5	87 
6	65 
7	53 
8	1 
9	17 
10	55 
11	79 
12	71 
13	22 
14	17 
15	26 
16	99 
17	27 
18	54 
19	72 
20	81 
21	11 
22	4 
23	62 
24	92 
25	12 
26	13 
27	78 
28	65 
29	91 
30	20 
31	17 
32	98 
33	51 
34	74 
35	9 
36	2 
37	24 
38	13 
39	39 
40	49 
41	51 
42	60 
43	58 
44	22 
45	88 
46	4 
47	28 
48	36 
49	73 
50	49 
51	93 
52	48 
53	28 
54	14 
55	53 
56	32 
57	51 
58	95 
59	65 
60	94 
61	26 
62	97 
63	90 
64	85 
65	87 
66	39 
67	39 
68	72 
69	94 
70	69 
71	58 
72	55 
73	72 
74	52 
75	85 
76	70 
77	9 
78	94 
79	11 
80	99 
81	69 
82	60 
83	84 
84	95 
85	51 
86	67 
87	97 
88	51 
89	50 
90	30 
91	37 
92	61 
93	48 
94	57 
95	75 
96	97 
97	22 
98	78 
99	87 
100	88 
101	41 
102	10 
103	13 
104	9 
105	19 
106	18 
107	72 
108	60 
109	2 
110	81 
111	34 
112	65 
113	55 
114	28 
115	90 
116	15 
117	22 
118	20 
119	92 
120	69 
121	15 
122	12 
123	20 
124	90 
125	13 
126	8 
127	49 
128	32 
129	28 
130	15 
131	67 
132	65 
133	4 
134	62 
135	78 
136	74 
137	43 
138	16 
139	55 
140	20 
141	12 
142	65 
143	78 
144	7 
145	5 
146	51 
147	40 
148	22 
149	33 
150	17 
151	51 
152	58 
153	10 
154	12 
155	9 
156	42 
157	71 
158	58 
159	34 
160	60 
161	49 
162	38 
163	98 
164	40 
165	10 
166	60 
167	71 
168	98 
169	27 
170	55 
171	96 
172	53 
173	82 
174	53 
175	46 
176	69 
177	51 
178	20 
179	91 
180	57 
181	90 
182	45 
183	26 
184	87 
185	73 
186	61 
187	83 
188	3 
189	64 
190	35 
191	2 
192	38 
193	16 
194	3 
195	18 
196	34 
197	15 
198	3 
199	55 
200	32 
201	72 
202	92 
203	72 
204	5 
205	87 
206	39 
207	22 
208	97 
209	69 
210	66 
211	72 
212	67 
213	76 
214	63 
215	11 
216	73 
217	87 
218	57 
219	44 
220	84 
221	62 
222	75 
223	13 
224	4 
225	92 
226	10 
227	67 
228	92 
229	42 
230	19 
231	65 
232	26 
233	17 
234	68 
235	13 
236	68 
237	54 
238	17 
239	65 
240	55 
241	38 
242	20 
243	17 
244	40 
245	8 
246	87 
247	93 
248	49 
249	14 
250	49 
251	58 
252	62 
253	64 
254	26 
255	20 
256	88 
257	17 
258	79 
259	12 
260	16 
261	37 
262	52 
263	48 
264	42 
265	2 
266	92 
267	86 
268	17 
269	92 
270	35 
271	88 
272	33 
273	94 
274	26 
275	26 
276	9 
277	80 
278	49 
279	49 
280	53 
281	96 
282	92 
283	11 
284	23 
285	67 
286	21 
287	56 
288	62 
289	17 
290	16 
291	10 
292	85 
293	64 
294	29 
295	43 
296	64 
297	10 
298	27 
299	55 
300	10 
301	92 
302	14 
303	60 
304	56 
305	39 
306	51 
307	13 
308	98 
309	55 
310	79 
311	26 
312	76 
313	57 
314	88 
315	65 
316	14 
317	77 
318	81 
319	29 
320	62 
321	62 
322	52 
323	10 
324	84 
325	77 
326	18 
327	28 
328	40 
329	35 
330	55 
331	72 
332	40 
333	22 
334	95 
335	77 
336	37 
337	65 
338	20 
339	31 
340	28 
341	31 
342	45 
343	55 
344	12 
345	83 
346	20 
347	80 
348	3 
349	77 
350	7 
351	41 
352	14 
353	64 
354	62 
355	54 
356	71 
357	9 
358	66 
359	55 
360	5 
361	71 
362	20 
363	60 
364	76 
365	97 
366	20 
367	54 
368	36 
369	55 
370	57 
371	58 
372	46 
373	59 
374	50 
375	88 
376	26 
377	3 
378	88 
379	78 
380	12 
381	56 
382	39 
383	43 
384	78 
385	26 
386	62 
387	34 
388	89 
389	25 
390	1 
391	16 
392	67 
393	61 
394	95 
395	60 
396	93 
397	26 
398	21 
399	97 
400	62 
401	3 
402	43 
403	95 
404	11 
405	42 
406	68 
407	98 
408	79 
409	31 
410	48 
411	14 
412	31 
413	43 
414	40 
415	10 
416	15 
417	16 
418	85 
419	32 
420	20 
421	67 
422	26 
423	67 
424	68 
425	10 
426	16 
427	75 
428	78 
429	57 
430	80 
431	12 
432	61 
433	37 
434	44 
435	34 
436	79 
437	53 
438	63 
439	10 
440	82 
441	10 
442	92 
443	95 
444	28 
445	92 
446	92 
447	27 
448	20 
449	94 
450	57 
451	55 
452	51 
453	44 
454	48 
455	77 
456	96 
457	1 
458	68 
459	94 
460	2 
461	8 
462	19 
463	61 
464	65 
465	36 
466	60 
467	46 
468	47 
469	33 
470	4 
471	63 
472	92 
473	79 
474	31 
475	28 
476	26 
477	33 
478	14 
479	36 
480	92 
481	49 
482	53 
483	46 
484	46 
485	26 
486	52 
487	67 
488	4 
489	98 
490	41 
491	17 
492	56 
493	93 
494	88 
495	16 
496	39 
497	17 
498	62 
499	72 
500	9 
501	88 
502	81 
503	60 
504	82 
505	86 
506	40 
507	66 
508	88 
509	90 
510	9 
511	34 
512	83 
513	25 
514	5 
515	63 
516	47 
517	99 
518	1 
519	17 
520	68 
521	7 
522	38 
523	40 
524	95 
525	99 
526	25 
527	63 
528	60 
529	13 
530	88 
531	35 
532	75 
533	87 
534	69 
535	68 
536	75 
537	81 
538	78 
539	33 
540	40 
541	28 
542	68 
543	15 
544	86 
545	26 
546	27 
547	85 
548	90 
549	2 
550	9 
551	18 
552	42 
553	58 
554	66 
555	70 
556	7 
557	30 
558	56 
559	85 
560	83 
561	53 
562	20 
563	60 
564	31 
565	65 
566	87 
567	42 
568	9 
569	71 
570	34 
571	47 
572	16 
573	12 
574	81 
575	15 
576	52 
577	8 
578	44 
579	55 
580	44 
581	16 
582	97 
583	15 
584	72 
585	90 
586	78 
587	32 
588	68 
589	79 
590	48 
591	31 
592	66 
593	5 
594	49 
595	13 
596	65 
597	92 
598	12 
599	28 
600	57 
601	90 
602	72 
603	8 
604	25 
605	9 
606	30 
607	34 
608	10 
609	53 
610	60 
611	26 
612	76 
613	22 
614	55 
615	31 
616	2 
617	24 
618	28 
619	20 
620	55 
621	96 
622	39 
623	55 
624	92 
625	60 
626	6 
627	59 
628	26 
629	15 
630	26 
631	38 
632	68 
633	12 
634	38 
635	97 
636	43 
637	37 
638	19 
639	61 
640	25 
641	66 
642	13 
643	88 
644	27 
645	90 
646	37 
647	10 
648	16 
649	28 
650	72 
651	67 
652	42 
653	57 
654	23 
655	12 
656	31 
657	97 
658	55 
659	55 
660	16 
661	99 
662	26 
663	1 
664	91 
665	39 
666	34 
667	53 
668	34 
669	22 
670	4 
671	23 
672	92 
673	20 
674	47 
675	27 
676	42 
677	68 
678	24 
679	85 
680	84 
681	58 
682	89 
683	61 
684	73 
685	88 
686	42 
687	90 
688	12 
689	98 
690	16 
691	30 
692	75 
693	17 
694	11 
695	13 
696	97 
697	56 
698	6 
699	31 
700	84 
701	13 
702	95 
703	26 
704	99 
705	19 
706	4 
707	88 
708	82 
709	19 
710	65 
711	73 
712	18 
713	84 
714	92 
715	64 
716	32 
717	5 
718	65 
719	69 
720	31 
721	95 
722	74 
723	4 
724	72 
725	42 
726	31 
727	26 
728	60 
729	53 
730	39 
731	68 
732	84 
733	28 
734	72 
735	64 
736	67 
737	74 
738	36 
739	15 
740	72 
741	72 
742	32 
743	60 
744	58 
745	64 
746	70 
747	18 
748	59 
749	83 
750	23 
751	66 
752	55 
753	47 
754	21 
755	62 
756	88 
757	54 
758	65 
759	40 
760	67 
761	55 
762	47 
763	4 
764	50 
765	58 
766	94 
767	78 
768	43 
769	51 
770	10 
771	65 
772	23 
773	34 
774	45 
775	58 
776	12 
777	23 
778	16 
779	12 
780	40 
781	43 
782	44 
783	97 
784	13 
785	23 
786	54 
787	10 
788	48 
789	55 
790	9 
791	94 
792	65 
793	34 
794	7 
795	49 
796	44 
797	17 
798	54 
799	89 
800	57 
801	33 
802	76 
803	36 
804	56 
805	98 
806	93 
807	60 
808	42 
809	53 
810	68 
811	49 
812	75 
813	20 
814	55 
815	29 
816	59 
817	15 
818	26 
819	43 
820	28 
821	13 
822	78 
823	10 
824	67 
825	35 
826	53 
827	29 
828	34 
829	65 
830	22 
831	34 
832	17 
833	12 
834	16 
835	92 
836	28 
837	68 
838	62 
839	20 
840	96 
841	81 
842	15 
843	72 
844	68 
845	77 
846	62 
847	90 
848	72 
849	1 
850	66 
851	42 
852	84 
853	36 
854	97 
855	78 
856	71 
857	82 
858	93 
859	49 
860	12 
861	23 
862	17 
863	97 
864	99 
865	98 
866	14 
867	94 
868	30 
869	56 
870	64 
871	16 
872	85 
873	57 
874	81 
875	49 
876	85 
877	66 
878	85 
879	14 
880	19 
881	84 
882	36 
883	10 
884	42 
885	54 
886	78 
887	8 
888	68 
889	26 
890	71 
891	21 
892	49 
893	21 
894	15 
895	15 
896	70 
897	72 
898	15 
899	6 
900	80 
901	13 
902	55 
903	33 
904	55 
905	65 
906	34 
907	77 
908	49 
909	59 
910	93 
911	90 
912	1 
913	18 
914	12 
915	40 
916	45 
917	7 
918	86 
919	13 
920	88 
921	53 
922	66 
923	83 
924	19 
925	11 
926	2 
927	57 
928	4 
929	17 
930	20 
931	12 
932	15 
933	7 
934	29 
935	90 
936	41 
937	83 
938	55 
939	20 
940	9 
941	32 
942	9 
943	91 
944	81 
945	15 
946	67 
947	43 
948	18 
949	38 
950	94 
951	87 
952	7 
953	86 
954	65 
955	77 
956	62 
957	94 
958	17 
959	55 
960	12 
961	7 
962	5 
963	28 
964	48 
965	49 
966	87 
967	31 
968	61 
969	64 
970	94 
971	98 
972	36 
973	77 
974	98 
975	49 
976	19 
977	65 
978	5 
979	65 
980	87 
981	55 
982	32 
983	87 
984	73 
985	53 
986	44 
987	87 
988	79 
989	68 
990	63 
991	78 
992	51 
993	55 
994	83 
995	67 
996	15 
997	68 
998	57 
999	94 
1000	36 
1001	30 
1002	74 
1003	32 
1004	60 
1005	17 
1006	49 
1007	95 
1008	20 
1009	55 
1010	89 
1011	30 
1012	54 
1013	37 
1014	48 
1015	88 
1016	47 
1017	67 
1018	8 
1019	73 
1020	88 
1021	4 
1022	87 
1023	42 
1024	87 
1025	8 
1026	57 
1027	85 
1028	79 
1029	65 
1030	73 
1031	20 
1032	12 
1033	81 
1034	22 
1035	71 
1036	39 
1037	91 
1038	66 
1039	33 
1040	62 
1041	88 
1042	54 
1043	22 
1044	47 
1045	90 
1046	43 
1047	97 
1048	16 
1049	54 
1050	86 
1051	27 
1052	23 
1053	73 
1054	21 
1055	32 
1056	37 
1057	38 
1058	87 
1059	86 
1060	4 
1061	13 
1062	77 
1063	71 
1064	92 
1065	69 
1066	94 
1067	69 
1068	9 
1069	39 
1070	21 
1071	64 
1072	74 
1073	13 
1074	75 
1075	69 
1076	35 
1077	38 
1078	53 
1079	74 
1080	80 
1081	87 
1082	9 
1083	56 
1084	91 
1085	70 
1086	23 
1087	87 
1088	78 
1089	76 
1090	49 
1091	53 
1092	15 
1093	9 
1094	31 
1095	47 
1096	38 
1097	2 
1098	20 
1099	13 
1100	78 
1101	67 
1102	54 
1103	69 
1104	26 
1105	11 
1106	13 
1107	42 
1108	74 
1109	97 
1110	86 
1111	65 
1112	49 
1113	11 
1114	58 
1115	55 
1116	36 
1117	88 
1118	52 
1119	95 
1120	55 
1121	11 
1122	74 
1123	32 
1124	52 
1125	54 
1126	10 
1127	34 
1128	43 
1129	20 
1130	51 
1131	44 
1132	64 
1133	23 
1134	48 
1135	47 
1136	71 
1137	99 
1138	15 
1139	28 
1140	12 
1141	20 
1142	75 
1143	87 
1144	87 
1145	87 
1146	54 
1147	20 
1148	19 
1149	17 
1150	56 
1151	23 
1152	36 
1153	50 
1154	72 
1155	43 
1156	98 
1157	43 
1158	57 
1159	68 
1160	74 
1161	98 
1162	17 
1163	21 
1164	71 
1165	55 
1166	31 
1167	49 
1168	94 
1169	64 
1170	88 
1171	9 
1172	51 
1173	90 
1174	58 
1175	35 
1176	30 
1177	14 
1178	60 
1179	81 
1180	32 
1181	12 
1182	46 
1183	16 
1184	17 
1185	56 
1186	27 
1187	90 
1188	95 
1189	61 
1190	51 
1191	31 
1192	33 
1193	55 
1194	9 
1195	97 
1196	13 
1197	94 
1198	93 
1199	88 
1200	97 
1201	9 
1202	60 
1203	7 
1204	9 
1205	60 
1206	23 
1207	80 
1208	95 
1209	42 
1210	88 
1211	26 
1212	19 
1213	37 
1214	73 
1215	90 
1216	86 
1217	14 
1218	51 
1219	5 
1220	58 
1221	67 
1222	86 
1223	27 
1224	56 
1225	27 
1226	40 
1227	39 
1228	59 
1229	61 
1230	96 
1231	10 
1232	91 
1233	16 
1234	42 
1235	46 
1236	42 
1237	34 
1238	88 
1239	40 
1240	62 
1241	26 
1242	48 
1243	34 
1244	43 
1245	92 
1246	32 
1247	55 
1248	55 
1249	57 
1250	73 
1251	26 
1252	15 
1253	78 
1254	60 
1255	24 
1256	65 
1257	20 
1258	4 
1259	93 
1260	65 
1261	12 
1262	43 
1263	20 
1264	4 
1265	28 
1266	37 
1267	57 
1268	13 
1269	7 
1270	5 
1271	72 
1272	87 
1273	51 
1274	5 
1275	76 
1276	34 
1277	48 
1278	81 
1279	12 
1280	88 
1281	13 
1282	98 
1283	21 
1284	15 
1285	76 
1286	23 
1287	55 
1288	15 
1289	57 
1290	68 
1291	54 
1292	5 
1293	53 
1294	51 
1295	25 
1296	11 
1297	92 
1298	67 
1299	82 
1300	72 
1301	9 
1302	81 
1303	78 
1304	11 
1305	12 
1306	71 
1307	54 
1308	92 
1309	82 
1310	98 
1311	85 
1312	63 
1313	66 
1314	78 
1315	78 
1316	82 
1317	79 
1318	13 
1319	93 
1320	97 
1321	46 
1322	27 
1323	53 
1324	80 
1325	79 
1326	48 
1327	98 
1328	34 
1329	1 
1330	40 
1331	48 
1332	80 
1333	85 
1334	18 
1335	31 
1336	56 
1337	77 
1338	49 
1339	75 
1340	13 
1341	48 
1342	28 
1343	32 
1344	17 
1345	75 
1346	49 
1347	8 
1348	76 
1349	87 
1350	12 
1351	2 
1352	84 
1353	59 
1354	71 
1355	77 
1356	5 
1357	98 
1358	21 
1359	13 
1360	64 
1361	57 
1362	15 
1363	10 
1364	2 
1365	28 
1366	14 
1367	49 
1368	98 
1369	17 
1370	47 
1371	95 
1372	94 
1373	31 
1374	14 
1375	33 
1376	1 
1377	35 
1378	25 
1379	26 
1380	13 
1381	71 
1382	44 
1383	96 
1384	20 
1385	13 
1386	67 
1387	51 
1388	9 
1389	97 
1390	61 
1391	33 
1392	66 
1393	71 
1394	54 
1395	81 
1396	40 
1397	87 
1398	97 
1399	67 
1400	59 
1401	42 
1402	42 
1403	53 
1404	77 
1405	71 
1406	64 
1407	17 
1408	62 
1409	95 
1410	27 
1411	27 
1412	65 
1413	9 
1414	30 
1415	65 
1416	21 
1417	78 
1418	91 
1419	76 
1420	91 
1421	29 
1422	27 
1423	66 
1424	13 
1425	13 
1426	64 
1427	98 
1428	85 
1429	37 
1430	31 
1431	18 
1432	46 
1433	10 
1434	15 
1435	91 
1436	79 
1437	54 
1438	80 
1439	94 
1440	26 
1441	35 
1442	90 
1443	21 
1444	88 
1445	51 
1446	9 
1447	4 
1448	80 
1449	58 
1450	87 
1451	60 
1452	65 
1453	53 
1454	49 
1455	3 
1456	78 
1457	13 
1458	42 
1459	73 
1460	56 
1461	58 
1462	78 
1463	49 
1464	94 
1465	87 
1466	48 
1467	64 
1468	10 
1469	95 
1470	20 
1471	23 
1472	83 
1473	20 
1474	41 
1475	84 
1476	5 
1477	15 
1478	45 
1479	62 
1480	64 
1481	95 
1482	59 
1483	62 
1484	80 
1485	16 
1486	21 
1487	61 
1488	98 
1489	56 
1490	55 
1491	17 
1492	90 
1493	81 
1494	44 
1495	67 
1496	13 
1497	12 
1498	62 
1499	55 
1500	98 
1501	9 
1502	57 
1503	7 
1504	78 
1505	69 
1506	9 
1507	33 
1508	93 
1509	40 
1510	12 
1511	44 
1512	63 
1513	96 
1514	96 
1515	19 
1516	87 
1517	26 
1518	50 
1519	88 
1520	92 
1521	65 
1522	56 
1523	87 
1524	64 
1525	82 
1526	96 
1527	58 
1528	56 
1529	75 
1530	57 
1531	58 
1532	66 
1533	60 
1534	65 
1535	29 
1536	13 
1537	33 
1538	64 
1539	51 
1540	26 
1541	41 
1542	35 
1543	58 
1544	63 
1545	73 
1546	40 
1547	56 
1548	66 
1549	26 
1550	78 
1551	48 
1552	68 
1553	87 
1554	78 
1555	11 
1556	6 
1557	88 
1558	36 
1559	23 
1560	20 
1561	78 
1562	54 
1563	64 
1564	71 
1565	34 
1566	96 
1567	22 
1568	62 
1569	56 
1570	18 
1571	68 
1572	56 
1573	10 
1574	80 
1575	56 
1576	10 
1577	53 
1578	56 
1579	1 
1580	21 
1581	6 
1582	59 
1583	49 
1584	6 
1585	51 
1586	78 
1587	54 
1588	64 
1589	38 
1590	85 
1591	85 
1592	76 
1593	58 
1594	50 
1595	51 
1596	32 
1597	13 
1598	18 
1599	4 
1600	68 
1601	34 
1602	67 
1603	69 
1604	63 
1605	62 
1606	70 
1607	62 
1608	72 
1609	17 
1610	99 
1611	27 
1612	69 
1613	54 
1614	34 
1615	67 
1616	36 
1617	54 
1618	10 
1619	95 
1620	34 
1621	24 
1622	90 
1623	6 
1624	72 
1625	82 
1626	58 
1627	92 
1628	84 
1629	81 
1630	89 
1631	68 
1632	96 
1633	37 
1634	63 
1635	16 
1636	9 
1637	71 
1638	83 
1639	94 
1640	16 
1641	85 
1642	12 
1643	61 
1644	57 
1645	72 
1646	4 
1647	88 
1648	31 
1649	29 
1650	83 
1651	47 
1652	70 
1653	67 
1654	45 
1655	6 
1656	53 
1657	97 
1658	28 
1659	76 
1660	66 
1661	56 
1662	49 
1663	26 
1664	86 
1665	61 
1666	26 
1667	53 
1668	8 
1669	28 
1670	89 
1671	47 
1672	68 
1673	47 
1674	72 
1675	36 
1676	93 
1677	42 
1678	11 
1679	24 
1680	56 
1681	71 
1682	32 
1683	34 
1684	44 
1685	20 
1686	78 
1687	75 
1688	39 
1689	58 
1690	64 
1691	9 
1692	89 
1693	26 
1694	15 
1695	6 
1696	24 
1697	38 
1698	57 
1699	9 
1700	51 
1701	84 
1702	97 
1703	78 
1704	33 
1705	34 
1706	69 
1707	19 
1708	68 
1709	79 
1710	56 
1711	61 
1712	83 
1713	40 
1714	26 
1715	71 
1716	74 
1717	88 
1718	98 
1719	2 
1720	3 
1721	70 
1722	47 
1723	51 
1724	99 
1725	74 
1726	16 
1727	96 
1728	27 
1729	58 
1730	40 
1731	3 
1732	12 
1733	89 
1734	57 
1735	67 
1736	55 
1737	80 
1738	25 
1739	90 
1740	72 
1741	10 
1742	88 
1743	38 
1744	72 
1745	18 
1746	20 
1747	8 
1748	82 
1749	84 
1750	57 
1751	12 
1752	73 
1753	2 
1754	42 
1755	60 
1756	65 
1757	28 
1758	14 
1759	74 
1760	33 
1761	94 
1762	58 
1763	94 
1764	90 
1765	53 
1766	86 
1767	34 
1768	80 
1769	17 
1770	57 
1771	88 
1772	62 
1773	17 
1774	58 
1775	58 
1776	94 
1777	52 
1778	72 
1779	21 
1780	4 
1781	95 
1782	27 
1783	60 
1784	78 
1785	95 
1786	2 
1787	64 
1788	66 
1789	82 
1790	78 
1791	88 
1792	53 
1793	32 
1794	41 
1795	89 
1796	65 
1797	56 
1798	57 
1799	34 
1800	32 
1801	96 
1802	4 
1803	16 
1804	67 
1805	38 
1806	24 
1807	98 
1808	10 
1809	55 
1810	7 
1811	50 
1812	85 
1813	60 
1814	92 
1815	95 
1816	96 
1817	96 
1818	40 
1819	15 
1820	17 
1821	43 
1822	57 
1823	67 
1824	93 
1825	71 
1826	5 
1827	74 
1828	59 
1829	50 
1830	52 
1831	72 
1832	31 
1833	72 
1834	9 
1835	14 
1836	81 
1837	62 
1838	5 
1839	19 
1840	10 
1841	6 
1842	51 
1843	78 
1844	67 
1845	73 
1846	60 
1847	34 
1848	64 
1849	64 
1850	17 
1851	95 
1852	95 
1853	48 
1854	12 
1855	44 
1856	2 
1857	60 
1858	25 
1859	50 
1860	93 
1861	97 
1862	73 
1863	15 
1864	11 
1865	87 
1866	31 
1867	35 
1868	8 
1869	36 
1870	54 
1871	54 
1872	42 
1873	71 
1874	84 
1875	99 
1876	95 
1877	55 
1878	9 
1879	53 
1880	55 
1881	92 
1882	81 
1883	15 
1884	20 
1885	58 
1886	58 
1887	99 
1888	69 
1889	80 
1890	60 
1891	51 
1892	21 
1893	68 
1894	13 
1895	10 
1896	76 
1897	93 
1898	54 
1899	70 
1900	29 
1901	78 
1902	60 
1903	20 
1904	65 
1905	43 
1906	57 
1907	29 
1908	72 
1909	51 
1910	81 
1911	13 
1912	12 
1913	49 
1914	56 
1915	8 
1916	87 
1917	78 
1918	57 
1919	9 
1920	20 
1921	72 
1922	38 
1923	28 
1924	55 
1925	72 
1926	38 
1927	9 
1928	81 
1929	48 
1930	78 
1931	20 
1932	38 
1933	20 
1934	29 
1935	52 
1936	43 
1937	87 
1938	78 
1939	17 
1940	42 
1941	92 
1942	66 
1943	93 
1944	10 
1945	2 
1946	32 
1947	15 
1948	24 
1949	10 
1950	55 
1951	16 
1952	7 
1953	54 
1954	69 
1955	48 
1956	96 
1957	88 
1958	56 
1959	95 
1960	5 
1961	86 
1962	58 
1963	71 
1964	95 
1965	42 
1966	46 
1967	57 
1968	1 
1969	87 
1970	49 
1971	59 
1972	87 
1973	12 
1974	11 
1975	30 
1976	53 
1977	54 
1978	71 
1979	2 
1980	50 
1981	54 
1982	48 
1983	43 
1984	17 
1985	73 
1986	21 
1987	5 
1988	52 
1989	95 
1990	4 
1991	34 
1992	59 
1993	92 
1994	9 
1995	77 
1996	90 
1997	71 
1998	79 
1999	63 
2000	51 
2001	42 
2002	7 
2003	26 
2004	87 
2005	95 
2006	90 
2007	99 
2008	54 
2009	66 
2010	43 
2011	55 
2012	31 
2013	2 
2014	51 
2015	30 
2016	82 
2017	94 
2018	12 
2019	80 
2020	20 
2021	53 
2022	17 
2023	89 
2024	48 
2025	34 
2026	44 
2027	13 
2028	29 
2029	56 
2030	63 
2031	9 
2032	60 
2033	95 
2034	9 
2035	17 
2036	42 
2037	59 
2038	94 
2039	74 
2040	57 
2041	42 
2042	49 
2043	24 
2044	54 
2045	12 
2046	21 
2047	44 
2048	13 
2049	9 
2050	20 
2051	37 
2052	96 
2053	26 
2054	63 
2055	7 
2056	64 
2057	95 
2058	42 
2059	31 
2060	3 
2061	34 
2062	16 
2063	48 
2064	51 
2065	49 
2066	92 
2067	56 
2068	79 
2069	46 
2070	46 
2071	83 
2072	43 
2073	9 
2074	1 
2075	9 
2076	10 
2077	50 
2078	10 
2079	68 
2080	73 
2081	47 
2082	58 
2083	58 
2084	21 
2085	12 
2086	87 
2087	49 
2088	89 
2089	70 
2090	28 
2091	24 
2092	34 
2093	73 
2094	54 
2095	40 
2096	16 
2097	17 
2098	25 
2099	12 
2100	55 
2101	39 
2102	71 
2103	46 
2104	63 
2105	66 
2106	53 
2107	80 
2108	70 
2109	56 
2110	83 
2111	78 
2112	73 
2113	42 
2114	72 
2115	25 
2116	53 
2117	39 
2118	68 
2119	7 
2120	65 
2121	65 
2122	15 
2123	31 
2124	20 
2125	41 
2126	83 
2127	72 
2128	8 
2129	66 
2130	12 
2131	53 
2132	49 
2133	22 
2134	53 
2135	20 
2136	13 
2137	18 
2138	52 
2139	78 
2140	95 
2141	95 
2142	32 
2143	46 
2144	82 
2145	64 
2146	13 
2147	73 
2148	9 
2149	54 
2150	70 
2151	40 
2152	58 
2153	94 
2154	9 
2155	81 
2156	92 
2157	61 
2158	65 
2159	57 
2160	59 
2161	66 
2162	42 
2163	94 
2164	56 
2165	54 
2166	32 
2167	11 
2168	14 
2169	56 
2170	87 
2171	42 
2172	98 
2173	70 
2174	52 
2175	46 
2176	45 
2177	53 
2178	85 
2179	65 
2180	40 
2181	47 
2182	95 
2183	90 
2184	63 
2185	39 
2186	73 
2187	44 
2188	51 
2189	60 
2190	68 
2191	89 
2192	47 
2193	87 
2194	51 
2195	60 
2196	77 
2197	90 
2198	24 
2199	63 
2200	80 
2201	92 
2202	20 
2203	28 
2204	98 
2205	95 
2206	72 
2207	27 
2208	92 
2209	10 
2210	49 
2211	8 
2212	60 
2213	81 
2214	97 
2215	77 
2216	13 
2217	36 
2218	59 
2219	87 
2220	48 
2221	93 
2222	82 
2223	17 
2224	9 
2225	53 
2226	26 
2227	28 
2228	31 
2229	89 
2230	86 
2231	13 
2232	11 
2233	72 
2234	65 
2235	38 
2236	68 
2237	43 
2238	7 
2239	27 
2240	17 
2241	48 
2242	64 
2243	58 
2244	1 
2245	64 
2246	40 
2247	67 
2248	30 
2249	88 
2250	87 
2251	98 
2252	82 
2253	43 
2254	40 
2255	9 
2256	12 
2257	2 
2258	11 
2259	9 
2260	97 
2261	51 
2262	71 
2263	56 
2264	12 
2265	92 
2266	22 
2267	28 
2268	3 
2269	4 
2270	3 
2271	87 
2272	48 
2273	23 
2274	85 
2275	95 
2276	18 
2277	83 
2278	63 
2279	48 
2280	10 
2281	60 
2282	60 
2283	45 
2284	53 
2285	20 
2286	99 
2287	63 
2288	94 
2289	94 
2290	73 
2291	26 
2292	48 
2293	7 
2294	21 
2295	73 
2296	77 
2297	12 
2298	36 
2299	44 
2300	82 
2301	76 
2302	45 
2303	13 
2304	94 
2305	37 
2306	58 
2307	75 
2308	25 
2309	69 
2310	42 
2311	33 
2312	13 
2313	21 
2314	20 
2315	20 
2316	68 
2317	69 
2318	53 
2319	57 
2320	61 
2321	83 
2322	58 
2323	97 
2324	81 
2325	24 
2326	54 
2327	49 
2328	56 
2329	38 
2330	93 
2331	64 
2332	3 
2333	86 
2334	17 
2335	14 
2336	15 
2337	35 
2338	15 
2339	16 
2340	42 
2341	9 
2342	99 
2343	68 
2344	43 
2345	54 
2346	52 
2347	1 
2348	68 
2349	40 
2350	29 
2351	43 
2352	93 
2353	49 
2354	10 
2355	15 
2356	64 
2357	28 
2358	97 
2359	8 
2360	8 
2361	9 
2362	86 
2363	11 
2364	88 
2365	73 
2366	69 
2367	85 
2368	60 
2369	98 
2370	25 
2371	20 
2372	94 
2373	61 
2374	84 
2375	97 
2376	55 
2377	11 
2378	81 
2379	3 
2380	46 
2381	66 
2382	40 
2383	84 
2384	33 
2385	90 
2386	65 
2387	2 
2388	49 
2389	82 
2390	34 
2391	5 
2392	24 
2393	47 
2394	51 
2395	1 
2396	86 
2397	76 
2398	82 
2399	23 
2400	15 
2401	67 
2402	42 
2403	34 
2404	36 
2405	50 
2406	17 
2407	93 
2408	85 
2409	86 
2410	58 
2411	88 
2412	28 
2413	65 
2414	44 
2415	15 
2416	23 
2417	90 
2418	45 
2419	49 
2420	90 
2421	82 
2422	73 
2423	44 
2424	48 
2425	72 
2426	43 
2427	54 
2428	13 
2429	26 
2430	71 
2431	45 
2432	17 
2433	17 
2434	12 
2435	44 
2436	19 
2437	18 
2438	11 
2439	47 
2440	37 
2441	4 
2442	17 
2443	69 
2444	34 
2445	74 
2446	58 
2447	15 
2448	16 
2449	6 
2450	75 
2451	67 
2452	61 
2453	13 
2454	34 
2455	75 
2456	43 
2457	82 
2458	48 
2459	12 
2460	28 
2461	76 
2462	29 
2463	92 
2464	60 
2465	20 
2466	10 
2467	67 
2468	63 
2469	9 
2470	3 
2471	92 
2472	56 
2473	54 
2474	36 
2475	89 
2476	41 
2477	65 
2478	97 
2479	51 
2480	98 
2481	12 
2482	5 
2483	57 
2484	65 
2485	64 
2486	91 
2487	96 
2488	87 
2489	25 
2490	24 
2491	34 
2492	10 
2493	11 
2494	31 
2495	73 
2496	53 
2497	94 
2498	53 
2499	19 
2500	65 
2501	67 
2502	44 
2503	60 
2504	69 
2505	59 
2506	62 
2507	67 
2508	65 
2509	55 
2510	51 
2511	88 
2512	29 
2513	42 
2514	62 
2515	31 
2516	5 
2517	47 
2518	57 
2519	2 
2520	64 
2521	98 
2522	77 
2523	57 
2524	34 
2525	71 
2526	29 
2527	72 
2528	78 
2529	64 
2530	23 
2531	31 
2532	15 
2533	10 
2534	58 
2535	9 
2536	31 
2537	55 
2538	17 
2539	12 
2540	64 
2541	10 
2542	27 
2543	87 
2544	82 
2545	62 
2546	27 
2547	54 
2548	10 
2549	15 
2550	28 
2551	20 
2552	8 
2553	88 
2554	66 
2555	90 
2556	28 
2557	53 
2558	12 
2559	73 
2560	87 
2561	91 
2562	9 
2563	22 
2564	34 
2565	72 
2566	49 
2567	10 
2568	90 
2569	60 
2570	55 
2571	94 
2572	18 
2573	47 
2574	69 
2575	91 
2576	48 
2577	17 
2578	48 
2579	59 
2580	48 
2581	68 
2582	73 
2583	90 
2584	28 
2585	99 
2586	67 
2587	60 
2588	93 
2589	92 
2590	1 
2591	10 
2592	9 
2593	35 
2594	15 
2595	72 
2596	27 
2597	76 
2598	67 
2599	39 
2600	81 
2601	10 
2602	55 
2603	78 
2604	63 
2605	21 
2606	10 
2607	18 
2608	44 
2609	67 
2610	87 
2611	58 
2612	74 
2613	70 
2614	42 
2615	17 
2616	57 
2617	45 
2618	67 
2619	47 
2620	67 
2621	42 
2622	39 
2623	89 
2624	51 
2625	88 
2626	9 
2627	12 
2628	36 
2629	82 
2630	94 
2631	55 
2632	64 
2633	8 
2634	21 
2635	51 
2636	84 
2637	36 
2638	45 
2639	97 
2640	78 
2641	51 
2642	78 
2643	72 
2644	50 
2645	63 
2646	51 
2647	40 
2648	7 
2649	41 
2650	49 
2651	39 
2652	29 
2653	39 
2654	13 
2655	12 
2656	7 
2657	2 
2658	90 
2659	57 
2660	35 
2661	8 
2662	25 
2663	50 
2664	95 
2665	19 
2666	78 
2667	43 
2668	81 
2669	73 
2670	31 
2671	98 
2672	54 
2673	34 
2674	57 
2675	12 
2676	68 
2677	41 
2678	9 
2679	51 
2680	43 
2681	64 
2682	65 
2683	23 
2684	43 
2685	96 
2686	67 
2687	14 
2688	10 
2689	48 
2690	18 
2691	51 
2692	86 
2693	65 
2694	24 
2695	49 
2696	26 
2697	83 
2698	20 
2699	9 
2700	49 
2701	20 
2702	11 
2703	88 
2704	49 
2705	44 
2706	57 
2707	20 
2708	68 
2709	9 
2710	21 
2711	4 
2712	72 
2713	72 
2714	49 
2715	56 
2716	17 
2717	23 
2718	9 
2719	9 
2720	13 
2721	52 
2722	49 
2723	49 
2724	60 
2725	44 
2726	54 
2727	11 
2728	19 
2729	14 
2730	41 
2731	10 
2732	56 
2733	71 
2734	98 
2735	48 
2736	69 
2737	10 
2738	21 
2739	63 
2740	43 
2741	55 
2742	15 
2743	87 
2744	81 
2745	41 
2746	49 
2747	41 
2748	86 
2749	46 
2750	11 
2751	77 
2752	17 
2753	42 
2754	14 
2755	78 
2756	61 
2757	69 
2758	72 
2759	17 
2760	26 
2761	27 
2762	72 
2763	6 
2764	67 
2765	19 
2766	56 
2767	34 
2768	78 
2769	94 
2770	59 
2771	9 
2772	1 
2773	87 
2774	22 
2775	71 
2776	67 
2777	51 
2778	41 
2779	31 
2780	44 
2781	85 
2782	17 
2783	63 
2784	18 
2785	23 
2786	99 
2787	54 
2788	67 
2789	15 
2790	11 
2791	37 
2792	19 
2793	22 
2794	32 
2795	16 
2796	15 
2797	78 
2798	69 
2799	58 
2800	86 
2801	35 
2802	58 
2803	85 
2804	94 
2805	25 
2806	36 
2807	95 
2808	87 
2809	17 
2810	83 
2811	19 
2812	36 
2813	23 
2814	54 
2815	6 
2816	91 
2817	27 
2818	49 
2819	37 
2820	58 
2821	48 
2822	32 
2823	16 
2824	17 
2825	60 
2826	64 
2827	90 
2828	62 
2829	43 
2830	87 
2831	45 
2832	87 
2833	92 
2834	53 
2835	26 
2836	32 
2837	57 
2838	84 
2839	79 
2840	59 
2841	20 
2842	70 
2843	13 
2844	90 
2845	86 
2846	87 
2847	59 
2848	82 
2849	34 
2850	17 
2851	71 
2852	64 
2853	79 
2854	78 
2855	35 
2856	32 
2857	44 
2858	65 
2859	98 
2860	87 
2861	16 
2862	60 
2863	31 
2864	11 
2865	53 
2866	21 
2867	66 
2868	68 
2869	24 
2870	88 
2871	13 
2872	38 
2873	78 
2874	71 
2875	93 
2876	49 
2877	27 
2878	72 
2879	43 
2880	55 
2881	97 
2882	63 
2883	56 
2884	64 
2885	23 
2886	30 
2887	64 
2888	9 
2889	14 
2890	3 
2891	15 
2892	88 
2893	64 
2894	90 
2895	53 
2896	61 
2897	43 
2898	40 
2899	89 
2900	13 
2901	23 
2902	42 
2903	26 
2904	75 
2905	51 
2906	73 
2907	98 
2908	10 
2909	35 
2910	12 
2911	71 
2912	77 
2913	72 
2914	65 
2915	13 
2916	63 
2917	34 
2918	57 
2919	80 
2920	96 
2921	98 
2922	27 
2923	62 
2924	22 
2925	52 
2926	85 
2927	43 
2928	37 
2929	44 
2930	16 
2931	7 
2932	84 
2933	76 
2934	57 
2935	31 
2936	57 
2937	87 
2938	65 
2939	5 
2940	44 
2941	51 
2942	62 
2943	11 
2944	94 
2945	38 
2946	96 
2947	93 
2948	94 
2949	30 
2950	57 
2951	93 
2952	99 
2953	50 
2954	59 
2955	92 
2956	60 
2957	22 
2958	91 
2959	62 
2960	51 
2961	76 
2962	68 
2963	17 
2964	72 
2965	64 
2966	81 
2967	96 
2968	7 
2969	60 
2970	21 
2971	56 
2972	5 
2973	4 
2974	55 
2975	66 
2976	2 
2977	45 
2978	8 
2979	55 
2980	67 
2981	1 
2982	69 
2983	84 
2984	7 
2985	40 
2986	68 
2987	51 
2988	65 
2989	20 
2990	81 
2991	75 
2992	16 
2993	72 
2994	83 
2995	92 
2996	55 
2997	40 
2998	13 
2999	71 
3000	73 
3001	52 
3002	46 
3003	55 
3004	68 
3005	20 
3006	34 
3007	50 
3008	20 
3009	54 
3010	20 
3011	61 
3012	48 
3013	7 
3014	37 
3015	5 
3016	21 
3017	24 
3018	27 
3019	28 
3020	20 
3021	22 
3022	56 
3023	70 
3024	51 
3025	81 
3026	98 
3027	49 
3028	2 
3029	41 
3030	11 
3031	10 
3032	49 
3033	73 
3034	49 
3035	26 
3036	87 
3037	21 
3038	91 
3039	46 
3040	54 
3041	16 
3042	21 
3043	78 
3044	98 
3045	48 
3046	64 
3047	9 
3048	14 
3049	46 
3050	83 
3051	55 
3052	45 
3053	84 
3054	49 
3055	24 
3056	87 
3057	53 
3058	22 
3059	22 
3060	83 
3061	89 
3062	65 
3063	5 
3064	92 
3065	5 
3066	15 
3067	14 
3068	81 
3069	62 
3070	62 
3071	61 
3072	9 
3073	3 
3074	15 
3075	10 
3076	5 
3077	60 
3078	8 
3079	53 
3080	70 
3081	30 
3082	20 
3083	17 
3084	90 
3085	28 
3086	15 
3087	9 
3088	48 
3089	33 
3090	59 
3091	91 
3092	12 
3093	50 
3094	78 
3095	39 
3096	87 
3097	39 
3098	21 
3099	73 
3100	21 
3101	11 
3102	4 
3103	12 
3104	71 
3105	65 
3106	18 
3107	65 
3108	95 
3109	57 
3110	99 
3111	82 
3112	16 
3113	99 
3114	49 
3115	57 
3116	63 
3117	52 
3118	43 
3119	67 
3120	95 
3121	47 
3122	20 
3123	57 
3124	17 
3125	42 
3126	36 
3127	7 
3128	1 
3129	48 
3130	56 
3131	20 
3132	12 
3133	17 
3134	48 
3135	58 
3136	65 
3137	40 
3138	64 
3139	10 
3140	80 
3141	19 
3142	67 
3143	53 
3144	11 
3145	70 
3146	15 
3147	94 
3148	12 
3149	34 
3150	21 
3151	67 
3152	30 
3153	15 
3154	58 
3155	92 
3156	57 
3157	20 
3158	26 
3159	54 
3160	33 
3161	81 
3162	60 
3163	47 
3164	87 
3165	18 
3166	3 
3167	15 
3168	88 
3169	66 
3170	50 
3171	90 
3172	27 
3173	99 
3174	10 
3175	62 
3176	37 
3177	86 
3178	54 
3179	15 
3180	72 
3181	54 
3182	28 
3183	57 
3184	36 
3185	7 
3186	15 
3187	17 
3188	86 
3189	9 
3190	11 
3191	87 
3192	26 
3193	62 
3194	49 
3195	40 
3196	27 
3197	38 
3198	90 
3199	7 
3200	47 
3201	74 
3202	78 
3203	12 
3204	40 
3205	6 
3206	67 
3207	74 
3208	15 
3209	92 
3210	26 
3211	87 
3212	36 
3213	35 
3214	76 
3215	98 
3216	69 
3217	19 
3218	87 
3219	53 
3220	64 
3221	85 
3222	9 
3223	55 
3224	55 
3225	65 
3226	27 
3227	51 
3228	13 
3229	69 
3230	28 
3231	73 
3232	70 
3233	13 
3234	52 
3235	56 
3236	51 
3237	22 
3238	6 
3239	22 
3240	26 
3241	49 
3242	81 
3243	90 
3244	97 
3245	96 
3246	29 
3247	92 
3248	49 
3249	60 
3250	91 
3251	69 
3252	31 
3253	40 
3254	30 
3255	39 
3256	17 
3257	20 
3258	55 
3259	77 
3260	58 
3261	94 
3262	67 
3263	34 
3264	76 
3265	74 
3266	40 
3267	80 
3268	20 
3269	45 
3270	68 
3271	55 
3272	95 
3273	9 
3274	10 
3275	62 
3276	3 
3277	20 
3278	18 
3279	54 
3280	83 
3281	15 
3282	40 
3283	19 
3284	19 
3285	60 
3286	78 
3287	13 
3288	17 
3289	51 
3290	17 
3291	53 
3292	55 
3293	13 
3294	85 
3295	26 
3296	36 
3297	97 
3298	5 
3299	96 
3300	87 
3301	36 
3302	36 
3303	26 
3304	85 
3305	66 
3306	87 
3307	58 
3308	83 
3309	92 
3310	62 
3311	39 
3312	32 
3313	42 
3314	4 
3315	10 
3316	66 
3317	18 
3318	73 
3319	32 
3320	49 
3321	36 
3322	51 
3323	58 
3324	15 
3325	63 
3326	49 
3327	97 
3328	77 
3329	3 
3330	22 
3331	24 
3332	13 
3333	92 
3334	31 
3335	20 
3336	84 
3337	85 
3338	31 
3339	15 
3340	67 
3341	27 
3342	29 
3343	39 
3344	92 
3345	13 
3346	17 
3347	48 
3348	44 
3349	83 
3350	93 
3351	93 
3352	79 
3353	67 
3354	31 
3355	39 
3356	43 
3357	8 
3358	72 
3359	73 
3360	31 
3361	61 
3362	66 
3363	26 
3364	7 
3365	23 
3366	93 
3367	65 
3368	12 
3369	85 
3370	42 
3371	89 
3372	97 
3373	35 
3374	18 
3375	58 
3376	87 
3377	26 
3378	60 
3379	63 
3380	52 
3381	54 
3382	40 
3383	55 
3384	15 
3385	36 
3386	5 
3387	68 
3388	34 
3389	78 
3390	30 
3391	66 
3392	78 
3393	27 
3394	33 
3395	80 
3396	17 
3397	64 
3398	71 
3399	3 
3400	61 
3401	56 
3402	45 
3403	61 
3404	26 
3405	71 
3406	17 
3407	20 
3408	71 
3409	20 
3410	50 
3411	66 
3412	16 
3413	67 
3414	5 
3415	45 
3416	28 
3417	1 
3418	63 
3419	3 
3420	17 
3421	14 
3422	48 
3423	67 
3424	53 
3425	31 
3426	84 
3427	9 
3428	9 
3429	83 
3430	79 
3431	10 
3432	47 
3433	92 
3434	78 
3435	93 
3436	12 
3437	10 
3438	56 
3439	29 
3440	75 
3441	68 
3442	19 
3443	22 
3444	90 
3445	87 
3446	82 
3447	92 
3448	76 
3449	15 
3450	13 
3451	96 
3452	34 
3453	67 
3454	71 
3455	54 
3456	59 
3457	80 
3458	28 
3459	48 
3460	57 
3461	88 
3462	48 
3463	92 
3464	41 
3465	9 
3466	94 
3467	59 
3468	28 
3469	32 
3470	30 
3471	67 
3472	9 
3473	23 
3474	65 
3475	74 
3476	94 
3477	93 
3478	96 
3479	49 
3480	98 
3481	82 
3482	50 
3483	9 
3484	72 
3485	21 
3486	65 
3487	56 
3488	97 
3489	31 
3490	94 
3491	71 
3492	22 
3493	85 
3494	40 
3495	87 
3496	35 
3497	64 
3498	57 
3499	17 
3500	24 
3501	87 
3502	33 
3503	38 
3504	12 
3505	49 
3506	82 
3507	38 
3508	72 
3509	45 
3510	72 
3511	72 
3512	28 
3513	12 
3514	94 
3515	87 
3516	93 
3517	12 
3518	31 
3519	60 
3520	21 
3521	95 
3522	57 
3523	88 
3524	28 
3525	57 
3526	77 
3527	87 
3528	3 
3529	58 
3530	92 
3531	99 
3532	27 
3533	78 
3534	65 
3535	53 
3536	42 
3537	82 
3538	31 
3539	9 
3540	24 
3541	57 
3542	42 
3543	17 
3544	34 
3545	85 
3546	55 
3547	60 
3548	82 
3549	71 
3550	98 
3551	60 
3552	60 
3553	8 
3554	25 
3555	4 
3556	28 
3557	16 
3558	6 
3559	26 
3560	99 
3561	42 
3562	70 
3563	21 
3564	52 
3565	40 
3566	14 
3567	65 
3568	67 
3569	73 
3570	14 
3571	86 
3572	90 
3573	11 
3574	28 
3575	97 
3576	79 
3577	94 
3578	96 
3579	45 
3580	24 
3581	71 
3582	78 
3583	10 
3584	55 
3585	81 
3586	11 
3587	95 
3588	40 
3589	17 
3590	80 
3591	80 
3592	51 
3593	76 
3594	20 
3595	75 
3596	31 
3597	12 
3598	44 
3599	57 
3600	84 
3601	16 
3602	92 
3603	15 
3604	78 
3605	5 
3606	62 
3607	51 
3608	87 
3609	19 
3610	87 
3611	2 
3612	88 
3613	71 
3614	3 
3615	1 
3616	96 
3617	47 
3618	76 
3619	44 
3620	51 
3621	52 
3622	88 
3623	67 
3624	56 
3625	21 
3626	51 
3627	22 
3628	54 
3629	38 
3630	84 
3631	50 
3632	53 
3633	10 
3634	10 
3635	87 
3636	67 
3637	32 
3638	63 
3639	59 
3640	20 
3641	5 
3642	89 
3643	56 
3644	53 
3645	27 
3646	75 
3647	17 
3648	80 
3649	60 
3650	36 
3651	85 
3652	29 
3653	20 
3654	90 
3655	23 
3656	35 
3657	97 
3658	97 
3659	48 
3660	8 
3661	75 
3662	82 
3663	72 
3664	43 
3665	9 
3666	63 
3667	23 
3668	69 
3669	34 
3670	21 
3671	52 
3672	36 
3673	48 
3674	36 
3675	89 
3676	31 
3677	86 
3678	4 
3679	36 
3680	51 
3681	8 
3682	30 
3683	56 
3684	77 
3685	69 
3686	33 
3687	93 
3688	97 
3689	9 
3690	68 
3691	60 
3692	20 
3693	67 
3694	97 
3695	29 
3696	20 
3697	39 
3698	7 
3699	72 
3700	65 
3701	49 
3702	14 
3703	26 
3704	9 
3705	88 
3706	4 
3707	98 
3708	27 
3709	67 
3710	11 
3711	24 
3712	54 
3713	74 
3714	61 
3715	35 
3716	62 
3717	51 
3718	97 
3719	80 
3720	75 
3721	58 
3722	65 
3723	71 
3724	54 
3725	42 
3726	37 
3727	60 
3728	28 
3729	95 
3730	55 
3731	19 
3732	10 
3733	29 
3734	57 
3735	43 
3736	78 
3737	85 
3738	5 
3739	17 
3740	64 
3741	86 
3742	9 
3743	36 
3744	87 
3745	23 
3746	58 
3747	44 
3748	6 
3749	67 
3750	17 
3751	64 
3752	72 
3753	87 
3754	66 
3755	5 
3756	32 
3757	36 
3758	75 
3759	78 
3760	23 
3761	26 
3762	15 
3763	35 
3764	53 
3765	32 
3766	83 
3767	53 
3768	68 
3769	45 
3770	68 
3771	41 
3772	73 
3773	64 
3774	57 
3775	97 
3776	32 
3777	34 
3778	62 
3779	23 
3780	8 
3781	93 
3782	31 
3783	68 
3784	38 
3785	28 
3786	53 
3787	54 
3788	21 
3789	66 
3790	31 
3791	52 
3792	67 
3793	13 
3794	13 
3795	87 
3796	58 
3797	88 
3798	46 
3799	60 
3800	78 
3801	98 
3802	53 
3803	57 
3804	60 
3805	27 
3806	86 
3807	34 
3808	49 
3809	52 
3810	26 
3811	34 
3812	64 
3813	92 
3814	97 
3815	51 
3816	67 
3817	39 
3818	42 
3819	41 
3820	51 
3821	18 
3822	71 
3823	37 
3824	33 
3825	78 
3826	99 
3827	95 
3828	80 
3829	53 
3830	51 
3831	88 
3832	17 
3833	30 
3834	53 
3835	12 
3836	66 
3837	21 
3838	35 
3839	15 
3840	69 
3841	68 
3842	92 
3843	55 
3844	95 
3845	95 
3846	63 
3847	81 
3848	41 
3849	53 
3850	9 
3851	57 
3852	70 
3853	12 
3854	24 
3855	49 
3856	46 
3857	90 
3858	2 
3859	3 
3860	71 
3861	97 
3862	51 
3863	32 
3864	93 
3865	23 
3866	5 
3867	60 
3868	32 
3869	27 
3870	6 
3871	67 
3872	21 
3873	88 
3874	30 
3875	15 
3876	40 
3877	10 
3878	58 
3879	79 
3880	33 
3881	2 
3882	38 
3883	9 
3884	42 
3885	12 
3886	57 
3887	94 
3888	66 
3889	71 
3890	57 
3891	87 
3892	71 
3893	68 
3894	20 
3895	66 
3896	32 
3897	88 
3898	56 
3899	42 
3900	50 
3901	21 
3902	98 
3903	75 
3904	64 
3905	87 
3906	3 
3907	92 
3908	44 
3909	72 
3910	95 
3911	86 
3912	30 
3913	43 
3914	74 
3915	51 
3916	54 
3917	10 
3918	97 
3919	4 
3920	67 
3921	11 
3922	62 
3923	98 
3924	52 
3925	53 
3926	57 
3927	92 
3928	3 
3929	7 
3930	90 
3931	13 
3932	22 
3933	54 
3934	64 
3935	45 
3936	80 
3937	29 
3938	31 
3939	97 
3940	82 
3941	7 
3942	72 
3943	51 
3944	49 
3945	60 
3946	62 
3947	61 
3948	70 
3949	40 
3950	86 
3951	14 
3952	76 
3953	21 
3954	12 
3955	31 
3956	85 
3957	78 
3958	7 
3959	9 
3960	58 
3961	98 
3962	42 
3963	37 
3964	81 
3965	6 
3966	88 
3967	15 
3968	41 
3969	56 
3970	84 
3971	51 
3972	26 
3973	94 
3974	90 
3975	44 
3976	83 
3977	93 
3978	58 
3979	7 
3980	60 
3981	69 
3982	28 
3983	94 
3984	32 
3985	55 
3986	48 
3987	5 
3988	62 
3989	96 
3990	25 
3991	17 
3992	43 
3993	78 
3994	83 
3995	20 
3996	9 
3997	17 
3998	28 
3999	17 
4000	71 
4001	15 
4002	94 
4003	98 
4004	31 
4005	22 
4006	14 
4007	81 
4008	51 
4009	89 
4010	97 
4011	14 
4012	43 
4013	56 
4014	32 
4015	17 
4016	25 
4017	71 
4018	16 
4019	57 
4020	37 
4021	86 
4022	34 
4023	3 
4024	15 
4025	37 
4026	82 
4027	45 
4028	61 
4029	32 
4030	93 
4031	47 
4032	89 
4033	81 
4034	12 
4035	34 
4036	33 
4037	53 
4038	29 
4039	31 
4040	19 
4041	11 
4042	4 
4043	42 
4044	36 
4045	86 
4046	65 
4047	97 
4048	5 
4049	24 
4050	33 
4051	25 
4052	56 
4053	34 
4054	40 
4055	64 
4056	87 
4057	62 
4058	13 
4059	48 
4060	88 
4061	57 
4062	63 
4063	87 
4064	88 
4065	10 
4066	11 
4067	97 
4068	12 
4069	2 
4070	55 
4071	64 
4072	97 
4073	81 
4074	71 
4075	26 
4076	71 
4077	54 
4078	43 
4079	67 
4080	25 
4081	22 
4082	87 
4083	20 
4084	40 
4085	4 
4086	62 
4087	66 
4088	60 
4089	47 
4090	99 
4091	67 
4092	64 
4093	32 
4094	86 
4095	12 
4096	68 
4097	20 
4098	49 
4099	90 
4100	41 
4101	94 
4102	49 
4103	14 
4104	83 
4105	67 
4106	92 
4107	93 
4108	10 
4109	34 
4110	57 
4111	54 
4112	63 
4113	2 
4114	70 
4115	98 
4116	7 
4117	10 
4118	20 
4119	10 
4120	67 
4121	64 
4122	65 
4123	72 
4124	26 
4125	57 
4126	12 
4127	55 
4128	45 
4129	7 
4130	77 
4131	95 
4132	97 
4133	73 
4134	55 
4135	33 
4136	79 
4137	1 
4138	35 
4139	57 
4140	84 
4141	71 
4142	42 
4143	32 
4144	19 
4145	64 
4146	85 
4147	57 
4148	46 
4149	98 
4150	68 
4151	37 
4152	4 
4153	6 
4154	7 
4155	94 
4156	24 
4157	5 
4158	87 
4159	59 
4160	46 
4161	95 
4162	3 
4163	56 
4164	93 
4165	91 
4166	12 
4167	44 
4168	97 
4169	87 
4170	97 
4171	91 
4172	98 
4173	45 
4174	27 
4175	86 
4176	51 
4177	17 
4178	51 
4179	99 
4180	49 
4181	19 
4182	38 
4183	87 
4184	90 
4185	30 
4186	97 
4187	73 
4188	54 
4189	23 
4190	86 
4191	63 
4192	82 
4193	1 
4194	32 
4195	65 
4196	61 
4197	50 
4198	57 
4199	7 
4200	71 
4201	23 
4202	58 
4203	71 
4204	61 
4205	65 
4206	87 
4207	72 
4208	44 
4209	13 
4210	31 
4211	26 
4212	27 
4213	9 
4214	57 
4215	73 
4216	97 
4217	96 
4218	73 
4219	5 
4220	96 
4221	98 
4222	95 
4223	7 
4224	34 
4225	26 
4226	20 
4227	35 
4228	3 
4229	24 
4230	29 
4231	17 
4232	38 
4233	7 
4234	16 
4235	73 
4236	6 
4237	17 
4238	51 
4239	65 
4240	43 
4241	77 
4242	10 
4243	94 
4244	66 
4245	49 
4246	49 
4247	90 
4248	42 
4249	55 
4250	17 
4251	21 
4252	26 
4253	97 
4254	51 
4255	31 
4256	7 
4257	43 
4258	33 
4259	55 
4260	68 
4261	28 
4262	22 
4263	20 
4264	28 
4265	98 
4266	21 
4267	56 
4268	37 
4269	43 
4270	43 
4271	18 
4272	50 
4273	57 
4274	51 
4275	22 
4276	55 
4277	95 
4278	79 
4279	62 
4280	18 
4281	96 
4282	12 
4283	21 
4284	71 
4285	15 
4286	42 
4287	53 
4288	90 
4289	99 
4290	78 
4291	59 
4292	49 
4293	92 
4294	48 
4295	2 
4296	16 
4297	53 
4298	62 
4299	94 
4300	95 
4301	95 
4302	20 
4303	5 
4304	12 
4305	88 
4306	15 
4307	35 
4308	99 
4309	60 
4310	97 
4311	34 
4312	27 
4313	39 
4314	78 
4315	80 
4316	5 
4317	58 
4318	7 
4319	53 
4320	53 
4321	49 
4322	52 
4323	22 
4324	32 
4325	34 
4326	5 
4327	77 
4328	32 
4329	13 
4330	48 
4331	39 
4332	67 
4333	89 
4334	48 
4335	33 
4336	76 
4337	64 
4338	5 
4339	59 
4340	49 
4341	68 
4342	86 
4343	78 
4344	94 
4345	26 
4346	36 
4347	3 
4348	97 
4349	58 
4350	27 
4351	97 
4352	39 
4353	1 
4354	12 
4355	31 
4356	46 
4357	61 
4358	47 
4359	93 
4360	53 
4361	67 
4362	50 
4363	87 
4364	78 
4365	92 
4366	34 
4367	98 
4368	9 
4369	83 
4370	65 
4371	15 
4372	69 
4373	26 
4374	12 
4375	59 
4376	64 
4377	22 
4378	12 
4379	7 
4380	62 
4381	42 
4382	12 
4383	53 
4384	48 
4385	13 
4386	16 
4387	10 
4388	60 
4389	9 
4390	94 
4391	84 
4392	9 
4393	4 
4394	3 
4395	78 
4396	58 
4397	62 
4398	51 
4399	58 
4400	71 
4401	77 
4402	53 
4403	26 
4404	85 
4405	27 
4406	35 
4407	43 
4408	12 
4409	13 
4410	39 
4411	67 
4412	78 
4413	85 
4414	5 
4415	71 
4416	39 
4417	22 
4418	48 
4419	26 
4420	67 
4421	78 
4422	16 
4423	44 
4424	12 
4425	73 
4426	55 
4427	47 
4428	15 
4429	7 
4430	68 
4431	15 
4432	48 
4433	8 
4434	20 
4435	29 
4436	31 
4437	34 
4438	7 
4439	86 
4440	11 
4441	85 
4442	10 
4443	48 
4444	34 
4445	17 
4446	10 
4447	80 
4448	39 
4449	21 
4450	87 
4451	60 
4452	26 
4453	12 
4454	2 
4455	40 
4456	20 
4457	39 
4458	82 
4459	58 
4460	65 
4461	47 
4462	54 
4463	9 
4464	65 
4465	72 
4466	60 
4467	15 
4468	71 
4469	75 
4470	21 
4471	13 
4472	18 
4473	67 
4474	72 
4475	9 
4476	32 
4477	9 
4478	51 
4479	48 
4480	78 
4481	72 
4482	38 
4483	10 
4484	10 
4485	42 
4486	48 
4487	78 
4488	83 
4489	57 
4490	87 
4491	77 
4492	26 
4493	58 
4494	96 
4495	47 
4496	63 
4497	57 
4498	98 
4499	77 
4500	80 
4501	44 
4502	32 
4503	78 
4504	17 
4505	12 
4506	20 
4507	92 
4508	36 
4509	87 
4510	27 
4511	87 
4512	62 
4513	7 
4514	26 
4515	93 
4516	67 
4517	34 
4518	13 
4519	73 
4520	15 
4521	12 
4522	5 
4523	55 
4524	32 
4525	97 
4526	11 
4527	71 
4528	13 
4529	39 
4530	17 
4531	55 
4532	65 
4533	97 
4534	10 
4535	64 
4536	72 
4537	58 
4538	21 
4539	22 
4540	15 
4541	20 
4542	10 
4543	20 
4544	72 
4545	39 
4546	11 
4547	28 
4548	13 
4549	27 
4550	51 
4551	67 
4552	59 
4553	96 
4554	97 
4555	87 
4556	42 
4557	49 
4558	92 
4559	12 
4560	47 
4561	56 
4562	72 
4563	42 
4564	15 
4565	95 
4566	11 
4567	27 
4568	22 
4569	15 
4570	9 
4571	31 
4572	53 
4573	62 
4574	9 
4575	7 
4576	14 
4577	33 
4578	11 
4579	16 
4580	93 
4581	71 
4582	61 
4583	71 
4584	57 
4585	15 
4586	23 
4587	34 
4588	64 
4589	11 
4590	2 
4591	63 
4592	61 
4593	63 
4594	58 
4595	42 
4596	58 
4597	69 
4598	57 
4599	60 
4600	15 
4601	86 
4602	55 
4603	87 
4604	44 
4605	56 
4606	93 
4607	71 
4608	71 
4609	36 
4610	63 
4611	64 
4612	3 
4613	20 
4614	14 
4615	60 
4616	51 
4617	67 
4618	65 
4619	28 
4620	17 
4621	16 
4622	54 
4623	10 
4624	58 
4625	71 
4626	14 
4627	94 
4628	59 
4629	49 
4630	85 
4631	15 
4632	17 
4633	34 
4634	72 
4635	27 
4636	20 
4637	67 
4638	71 
4639	67 
4640	20 
4641	57 
4642	56 
4643	9 
4644	20 
4645	17 
4646	88 
4647	71 
4648	10 
4649	7 
4650	27 
4651	17 
4652	27 
4653	60 
4654	73 
4655	51 
4656	7 
4657	56 
4658	63 
4659	49 
4660	60 
4661	47 
4662	92 
4663	51 
4664	40 
4665	44 
4666	92 
4667	10 
4668	57 
4669	85 
4670	32 
4671	16 
4672	73 
4673	42 
4674	28 
4675	13 
4676	98 
4677	94 
4678	56 
4679	64 
4680	68 
4681	34 
4682	98 
4683	43 
4684	85 
4685	65 
4686	9 
4687	49 
4688	64 
4689	12 
4690	13 
4691	98 
4692	44 
4693	60 
4694	13 
4695	97 
4696	60 
4697	9 
4698	13 
4699	39 
4700	36 
4701	32 
4702	32 
4703	20 
4704	34 
4705	10 
4706	17 
4707	10 
4708	51 
4709	98 
4710	15 
4711	64 
4712	66 
4713	21 
4714	92 
4715	94 
4716	64 
4717	60 
4718	32 
4719	73 
4720	42 
4721	42 
4722	64 
4723	71 
4724	11 
4725	62 
4726	11 
4727	21 
4728	26 
4729	86 
4730	58 
4731	78 
4732	43 
4733	97 
4734	44 
4735	57 
4736	15 
4737	51 
4738	68 
4739	28 
4740	31 
4741	36 
4742	65 
4743	44 
4744	9 
4745	5 
4746	22 
4747	72 
4748	68 
4749	87 
4750	13 
4751	51 
4752	16 
4753	72 
4754	95 
4755	17 
4756	92 
4757	68 
4758	62 
4759	97 
4760	92 
4761	32 
4762	39 
4763	97 
4764	72 
4765	12 
4766	67 
4767	71 
4768	28 
4769	65 
4770	72 
4771	36 
4772	27 
4773	62 
4774	56 
4775	54 
4776	62 
4777	71 
4778	53 
4779	57 
4780	32 
4781	72 
4782	49 
4783	49 
4784	7 
4785	42 
4786	57 
4787	15 
4788	39 
4789	78 
4790	78 
4791	78 
4792	73 
4793	72 
4794	72 
4795	49 
4796	53 
4797	39 
4798	98 
4799	51 
4800	97 
4801	72 
4802	97 
4803	64 
4804	85 
4805	87 
4806	64 
4807	68 
4808	31 
4809	43 
4810	67 
4811	68 
4812	94 
4813	67 
4814	49 
4815	64 
4816	72 
4817	64 
4818	27 
4819	49 
4820	56 
4821	9 
4822	62 
4823	32 
4824	72 
4825	15 
4826	85 
4827	49 
4828	73 
4829	9 
4830	67 
4831	58 
4832	57 
4833	88 
4834	90 
4835	94 
4836	51 
4837	43 
4838	40 
4839	53 
4840	42 
4841	42 
4842	87 
4843	97 
4844	43 
4845	49 
4846	78 
4847	90 
4848	26 
4849	67 
4850	60 
4851	17 
4852	88 
4853	43 
4854	65 
4855	54 
4856	54 
4857	95 
4858	87 
4859	49 
4860	27 
4861	92 
4862	34 
4863	65 
4864	67 
4865	78 
4866	64 
4867	88 
4868	62 
4869	94 
4870	67 
4871	49 
4872	16 
4873	13 
4874	53 
4875	78 
4876	53 
4877	54 
4878	98 
4879	58 
4880	13 
4881	97 
4882	73 
4883	51 
4884	43 
4885	60 
4886	34 
4887	17 
4888	94 
4889	88 
4890	21 
4891	40 
4892	64 
4893	65 
4894	71 
4895	34 
4896	54 
4897	60 
4898	10 
4899	20 
4900	55 
4901	78 
4902	27 
4903	17 
4904	34 
4905	67 
4906	40 
4907	53 
4908	78 
4909	72 
4910	62 
4911	67 
4912	16 
4913	87 
4914	78 
4915	87 
4916	9 
4917	94 
4918	28 
4919	92 
4920	92 
4921	43 
4922	90 
4923	7 
4924	32 
4925	78 
4926	65 
4927	68 
4928	7 
4929	43 
4930	34 
4931	87 
4932	13 
4933	17 
4934	15 
4935	94 
4936	13 
4937	95 
4938	55 
4939	72 
4940	26 
4941	64 
4942	57 
4943	98 
4944	58 
4945	87 
4946	43 
4947	94 
4948	20 
4949	20 
4950	10 
4951	28 
4952	28 
4953	64 
4954	28 
4955	15 
4956	17 
4957	49 
4958	51 
4959	20 
4960	65 
4961	49 
4962	97 
4963	72 
4964	71 
4965	9 
4966	57 
4967	57 
4968	78 
4969	54 
4970	56 
4971	28 
4972	54 
4973	58 
4974	54 
4975	94 
4976	97 
4977	60 
4978	78 
4979	65 
4980	34 
4981	71 
4982	97 
4983	49 
4984	65 
4985	54 
4986	49 
4987	67 
4988	67 
4989	49 
4990	17 
4991	64 
4992	78 
4993	57 
4994	65 
4995	67 
4996	9 
4997	87 
4998	71 
4999	17 
5000	28 
