1	92 
2	67 
3	38 
4	75 
5	23 
6	69 
7	86 
8	43 
9	39 
10	91 
11	23 
12	32 
13	18 
14	69 
15	64 
16	52 
17	19 
18	87 
19	7 
20	14 
21	50 
22	53 
23	66 
24	91 
25	14 
26	70 
27	6 
28	93 
29	74 
30	97 
31	86 
32	16 
33	3 
34	79 
35	96 
36	27 
37	46 
38	37 
39	60 
40	64 
41	75 
42	18 
43	55 
44	95 
45	14 
46	5 
47	96 
48	4 
49	49 
50	80 
51	33 
52	5 
53	66 
54	16 
55	57 
56	57 
57	51 
58	75 
59	70 
60	82 
61	1 
62	66 
63	80 
64	37 
65	94 
66	5 
67	65 
68	47 
69	31 
70	41 
71	76 
72	64 
73	2 
74	21 
75	60 
76	14 
77	95 
78	22 
79	88 
80	13 
81	77 
82	46 
83	31 
84	85 
85	3 
86	27 
87	46 
88	23 
89	88 
90	36 
91	86 
92	40 
93	43 
94	15 
95	18 
96	52 
97	37 
98	18 
99	75 
100	90 
101	86 
102	85 
103	13 
104	64 
105	5 
106	91 
107	4 
108	97 
109	4 
110	75 
111	86 
112	46 
113	81 
114	53 
115	8 
116	73 
117	57 
118	53 
119	51 
120	23 
121	16 
122	57 
123	27 
124	96 
125	18 
126	49 
127	77 
128	13 
129	75 
130	63 
131	87 
132	22 
133	8 
134	44 
135	62 
136	57 
137	38 
138	65 
139	92 
140	8 
141	70 
142	53 
143	17 
144	6 
145	65 
146	80 
147	49 
148	53 
149	97 
150	48 
151	17 
152	27 
153	18 
154	48 
155	76 
156	3 
157	60 
158	20 
159	88 
160	94 
161	91 
162	13 
163	82 
164	57 
165	59 
166	66 
167	27 
168	31 
169	34 
170	78 
171	48 
172	59 
173	87 
174	7 
175	76 
176	18 
177	23 
178	87 
179	31 
180	52 
181	80 
182	95 
183	73 
184	55 
185	66 
186	16 
187	46 
188	8 
189	18 
190	83 
191	36 
192	18 
193	80 
194	15 
195	23 
196	47 
197	69 
198	38 
199	27 
200	25 
201	22 
202	18 
203	23 
204	6 
205	70 
206	21 
207	8 
208	83 
209	13 
210	61 
211	20 
212	63 
213	39 
214	7 
215	91 
216	14 
217	86 
218	18 
219	12 
220	14 
221	86 
222	4 
223	79 
224	94 
225	53 
226	71 
227	6 
228	1 
229	94 
230	65 
231	48 
232	86 
233	6 
234	86 
235	82 
236	93 
237	58 
238	72 
239	19 
240	2 
241	50 
242	76 
243	53 
244	69 
245	55 
246	56 
247	53 
248	75 
249	7 
250	83 
251	95 
252	77 
253	22 
254	40 
255	24 
256	13 
257	16 
258	18 
259	90 
260	34 
261	18 
262	23 
263	95 
264	43 
265	65 
266	53 
267	73 
268	72 
269	25 
270	11 
271	16 
272	20 
273	91 
274	91 
275	33 
276	22 
277	54 
278	91 
279	27 
280	61 
281	86 
282	13 
283	34 
284	48 
285	43 
286	27 
287	97 
288	7 
289	10 
290	43 
291	55 
292	30 
293	92 
294	40 
295	60 
296	40 
297	10 
298	27 
299	70 
300	12 
301	10 
302	37 
303	75 
304	72 
305	27 
306	20 
307	79 
308	30 
309	33 
310	90 
311	71 
312	36 
313	18 
314	10 
315	5 
316	3 
317	83 
318	18 
319	79 
320	68 
321	88 
322	1 
323	54 
324	28 
325	79 
326	5 
327	22 
328	60 
329	45 
330	97 
331	16 
332	83 
333	55 
334	53 
335	63 
336	3 
337	83 
338	27 
339	5 
340	51 
341	10 
342	77 
343	95 
344	95 
345	87 
346	66 
347	12 
348	70 
349	90 
350	5 
351	49 
352	85 
353	91 
354	48 
355	90 
356	95 
357	61 
358	91 
359	83 
360	21 
361	92 
362	19 
363	59 
364	46 
365	90 
366	31 
367	49 
368	66 
369	12 
370	30 
371	13 
372	7 
373	19 
374	23 
375	89 
376	3 
377	36 
378	89 
379	77 
380	28 
381	7 
382	35 
383	25 
384	80 
385	56 
386	71 
387	22 
388	75 
389	14 
390	55 
391	95 
392	21 
393	76 
394	26 
395	13 
396	87 
397	94 
398	34 
399	60 
400	12 
401	18 
402	64 
403	86 
404	19 
405	75 
406	27 
407	7 
408	62 
409	77 
410	30 
411	82 
412	6 
413	14 
414	71 
415	87 
416	62 
417	19 
418	75 
419	89 
420	48 
421	11 
422	35 
423	23 
424	67 
425	78 
426	8 
427	27 
428	91 
429	10 
430	31 
431	57 
432	64 
433	48 
434	60 
435	53 
436	45 
437	23 
438	5 
439	91 
440	55 
441	43 
442	90 
443	27 
444	45 
445	44 
446	28 
447	12 
448	47 
449	6 
450	91 
451	23 
452	66 
453	59 
454	80 
455	78 
456	4 
457	38 
458	88 
459	57 
460	97 
461	34 
462	96 
463	70 
464	84 
465	8 
466	27 
467	36 
468	59 
469	33 
470	32 
471	70 
472	13 
473	10 
474	18 
475	70 
476	50 
477	31 
478	87 
479	89 
480	61 
481	53 
482	59 
483	8 
484	96 
485	38 
486	5 
487	24 
488	48 
489	87 
490	97 
491	96 
492	3 
493	31 
494	4 
495	38 
496	33 
497	19 
498	85 
499	18 
500	37 
501	80 
502	3 
503	96 
504	46 
505	96 
506	81 
507	85 
508	83 
509	22 
510	26 
511	4 
512	87 
513	14 
514	87 
515	17 
516	82 
517	19 
518	97 
519	8 
520	91 
521	54 
522	76 
523	3 
524	10 
525	30 
526	64 
527	97 
528	10 
529	1 
530	1 
531	60 
532	30 
533	67 
534	12 
535	91 
536	47 
537	64 
538	18 
539	68 
540	4 
541	43 
542	78 
543	93 
544	36 
545	5 
546	14 
547	82 
548	77 
549	36 
550	9 
551	6 
552	82 
553	88 
554	12 
555	51 
556	39 
557	3 
558	13 
559	81 
560	10 
561	61 
562	13 
563	23 
564	38 
565	70 
566	95 
567	4 
568	48 
569	16 
570	87 
571	25 
572	6 
573	16 
574	64 
575	27 
576	64 
577	27 
578	34 
579	55 
580	76 
581	14 
582	3 
583	43 
584	96 
585	90 
586	57 
587	80 
588	14 
589	4 
590	68 
591	87 
592	77 
593	97 
594	75 
595	55 
596	20 
597	2 
598	89 
599	92 
600	18 
601	86 
602	26 
603	27 
604	77 
605	77 
606	73 
607	54 
608	75 
609	92 
610	33 
611	87 
612	47 
613	6 
614	19 
615	23 
616	3 
617	41 
618	16 
619	54 
620	34 
621	65 
622	53 
623	37 
624	74 
625	48 
626	27 
627	78 
628	56 
629	8 
630	16 
631	69 
632	64 
633	83 
634	88 
635	23 
636	18 
637	13 
638	75 
639	94 
640	30 
641	7 
642	40 
643	97 
644	84 
645	48 
646	54 
647	77 
648	87 
649	45 
650	43 
651	94 
652	97 
653	9 
654	31 
655	69 
656	71 
657	91 
658	9 
659	64 
660	27 
661	87 
662	85 
663	54 
664	30 
665	3 
666	71 
667	69 
668	60 
669	38 
670	26 
671	44 
672	97 
673	21 
674	20 
675	60 
676	73 
677	26 
678	96 
679	3 
680	81 
681	86 
682	4 
683	46 
684	90 
685	31 
686	27 
687	86 
688	3 
689	58 
690	7 
691	38 
692	5 
693	52 
694	3 
695	23 
696	57 
697	7 
698	60 
699	59 
700	96 
701	88 
702	57 
703	29 
704	96 
705	35 
706	85 
707	11 
708	18 
709	44 
710	2 
711	21 
712	36 
713	8 
714	75 
715	10 
716	14 
717	58 
718	77 
719	64 
720	14 
721	12 
722	32 
723	30 
724	45 
725	65 
726	13 
727	18 
728	11 
729	47 
730	90 
731	6 
732	14 
733	10 
734	75 
735	58 
736	92 
737	44 
738	77 
739	3 
740	71 
741	46 
742	85 
743	65 
744	86 
745	60 
746	69 
747	46 
748	19 
749	32 
750	5 
751	6 
752	22 
753	9 
754	88 
755	54 
756	7 
757	14 
758	35 
759	54 
760	10 
761	27 
762	38 
763	33 
764	12 
765	38 
766	4 
767	20 
768	4 
769	19 
770	88 
771	23 
772	64 
773	87 
774	14 
775	66 
776	73 
777	37 
778	76 
779	41 
780	59 
781	13 
782	6 
783	96 
784	63 
785	68 
786	83 
787	18 
788	53 
789	43 
790	84 
791	13 
792	29 
793	97 
794	3 
795	23 
796	51 
797	27 
798	86 
799	4 
800	71 
801	23 
802	31 
803	87 
804	15 
805	73 
806	44 
807	49 
808	57 
809	18 
810	87 
811	60 
812	54 
813	50 
814	74 
815	21 
816	38 
817	78 
818	67 
819	80 
820	43 
821	54 
822	80 
823	54 
824	30 
825	58 
826	76 
827	76 
828	59 
829	85 
830	20 
831	4 
832	70 
833	59 
834	80 
835	58 
836	70 
837	12 
838	22 
839	62 
840	53 
841	94 
842	92 
843	27 
844	37 
845	57 
846	30 
847	76 
848	69 
849	38 
850	1 
851	23 
852	61 
853	69 
854	34 
855	49 
856	79 
857	74 
858	74 
859	4 
860	94 
861	5 
862	22 
863	85 
864	85 
865	66 
866	94 
867	71 
868	85 
869	9 
870	15 
871	39 
872	22 
873	13 
874	46 
875	90 
876	42 
877	71 
878	85 
879	34 
880	44 
881	19 
882	3 
883	7 
884	6 
885	76 
886	71 
887	18 
888	31 
889	94 
890	87 
891	96 
892	85 
893	43 
894	59 
895	69 
896	30 
897	59 
898	45 
899	1 
900	67 
901	90 
902	83 
903	44 
904	32 
905	36 
906	23 
907	60 
908	42 
909	77 
910	90 
911	44 
912	90 
913	95 
914	44 
915	39 
916	51 
917	96 
918	5 
919	50 
920	4 
921	81 
922	87 
923	10 
924	61 
925	85 
926	9 
927	6 
928	85 
929	22 
930	80 
931	52 
932	79 
933	22 
934	12 
935	53 
936	7 
937	51 
938	10 
939	7 
940	31 
941	24 
942	54 
943	18 
944	23 
945	87 
946	56 
947	8 
948	4 
949	19 
950	38 
951	92 
952	3 
953	19 
954	9 
955	30 
956	5 
957	4 
958	23 
959	71 
960	43 
961	90 
962	41 
963	7 
964	18 
965	86 
966	76 
967	31 
968	35 
969	35 
970	27 
971	51 
972	54 
973	54 
974	72 
975	90 
976	15 
977	8 
978	90 
979	53 
980	38 
981	82 
982	38 
983	69 
984	94 
985	22 
986	19 
987	68 
988	3 
989	53 
990	4 
991	92 
992	62 
993	16 
994	77 
995	17 
996	31 
997	31 
998	65 
999	54 
1000	87 
1001	45 
1002	6 
1003	69 
1004	71 
1005	55 
1006	68 
1007	18 
1008	3 
1009	65 
1010	70 
1011	24 
1012	16 
1013	36 
1014	94 
1015	80 
1016	54 
1017	57 
1018	18 
1019	78 
1020	58 
1021	59 
1022	8 
1023	97 
1024	48 
1025	56 
1026	22 
1027	97 
1028	64 
1029	76 
1030	30 
1031	5 
1032	1 
1033	50 
1034	61 
1035	85 
1036	38 
1037	92 
1038	4 
1039	64 
1040	80 
1041	39 
1042	66 
1043	31 
1044	33 
1045	13 
1046	76 
1047	16 
1048	54 
1049	96 
1050	67 
1051	72 
1052	86 
1053	90 
1054	48 
1055	46 
1056	83 
1057	49 
1058	26 
1059	16 
1060	8 
1061	22 
1062	85 
1063	97 
1064	14 
1065	30 
1066	91 
1067	94 
1068	31 
1069	42 
1070	82 
1071	23 
1072	48 
1073	36 
1074	12 
1075	10 
1076	13 
1077	75 
1078	38 
1079	7 
1080	75 
1081	97 
1082	87 
1083	91 
1084	57 
1085	82 
1086	46 
1087	8 
1088	38 
1089	27 
1090	6 
1091	60 
1092	50 
1093	73 
1094	77 
1095	13 
1096	87 
1097	47 
1098	83 
1099	64 
1100	27 
1101	8 
1102	90 
1103	89 
1104	85 
1105	31 
1106	86 
1107	21 
1108	23 
1109	71 
1110	4 
1111	94 
1112	2 
1113	53 
1114	22 
1115	9 
1116	60 
1117	22 
1118	46 
1119	23 
1120	21 
1121	5 
1122	75 
1123	13 
1124	64 
1125	78 
1126	77 
1127	45 
1128	70 
1129	16 
1130	77 
1131	68 
1132	68 
1133	36 
1134	93 
1135	6 
1136	56 
1137	70 
1138	85 
1139	64 
1140	85 
1141	10 
1142	55 
1143	48 
1144	71 
1145	43 
1146	31 
1147	97 
1148	39 
1149	16 
1150	7 
1151	71 
1152	48 
1153	58 
1154	51 
1155	44 
1156	19 
1157	24 
1158	84 
1159	6 
1160	68 
1161	14 
1162	22 
1163	86 
1164	34 
1165	26 
1166	3 
1167	31 
1168	17 
1169	45 
1170	2 
1171	21 
1172	71 
1173	67 
1174	73 
1175	47 
1176	77 
1177	37 
1178	56 
1179	54 
1180	85 
1181	75 
1182	11 
1183	95 
1184	54 
1185	37 
1186	61 
1187	22 
1188	78 
1189	70 
1190	65 
1191	83 
1192	15 
1193	80 
1194	84 
1195	28 
1196	87 
1197	34 
1198	54 
1199	57 
1200	62 
1201	7 
1202	31 
1203	91 
1204	18 
1205	63 
1206	7 
1207	8 
1208	36 
1209	43 
1210	94 
1211	3 
1212	31 
1213	27 
1214	44 
1215	71 
1216	72 
1217	10 
1218	83 
1219	29 
1220	89 
1221	14 
1222	73 
1223	56 
1224	23 
1225	20 
1226	97 
1227	25 
1228	91 
1229	80 
1230	88 
1231	19 
1232	80 
1233	53 
1234	14 
1235	96 
1236	57 
1237	67 
1238	63 
1239	86 
1240	53 
1241	95 
1242	20 
1243	36 
1244	15 
1245	66 
1246	77 
1247	27 
1248	12 
1249	34 
1250	32 
1251	36 
1252	29 
1253	10 
1254	13 
1255	45 
1256	68 
1257	50 
1258	46 
1259	67 
1260	42 
1261	18 
1262	70 
1263	59 
1264	7 
1265	58 
1266	68 
1267	18 
1268	90 
1269	85 
1270	31 
1271	42 
1272	75 
1273	23 
1274	60 
1275	53 
1276	10 
1277	3 
1278	33 
1279	18 
1280	77 
1281	33 
1282	71 
1283	9 
1284	10 
1285	33 
1286	22 
1287	95 
1288	3 
1289	14 
1290	30 
1291	24 
1292	95 
1293	40 
1294	4 
1295	77 
1296	82 
1297	39 
1298	54 
1299	75 
1300	82 
1301	76 
1302	22 
1303	8 
1304	8 
1305	36 
1306	95 
1307	21 
1308	77 
1309	31 
1310	27 
1311	86 
1312	13 
1313	6 
1314	88 
1315	3 
1316	93 
1317	39 
1318	1 
1319	57 
1320	31 
1321	33 
1322	88 
1323	7 
1324	16 
1325	65 
1326	53 
1327	23 
1328	31 
1329	54 
1330	39 
1331	91 
1332	69 
1333	38 
1334	8 
1335	19 
1336	35 
1337	56 
1338	62 
1339	45 
1340	65 
1341	66 
1342	6 
1343	31 
1344	10 
1345	85 
1346	69 
1347	48 
1348	19 
1349	11 
1350	25 
1351	53 
1352	24 
1353	53 
1354	97 
1355	74 
1356	4 
1357	19 
1358	78 
1359	71 
1360	47 
1361	30 
1362	76 
1363	97 
1364	24 
1365	23 
1366	48 
1367	29 
1368	62 
1369	43 
1370	10 
1371	85 
1372	91 
1373	39 
1374	68 
1375	87 
1376	12 
1377	22 
1378	69 
1379	14 
1380	76 
1381	49 
1382	50 
1383	17 
1384	4 
1385	64 
1386	69 
1387	17 
1388	14 
1389	81 
1390	37 
1391	1 
1392	30 
1393	52 
1394	12 
1395	38 
1396	8 
1397	7 
1398	19 
1399	94 
1400	12 
1401	13 
1402	54 
1403	2 
1404	60 
1405	71 
1406	53 
1407	93 
1408	47 
1409	63 
1410	7 
1411	12 
1412	36 
1413	63 
1414	87 
1415	44 
1416	97 
1417	20 
1418	91 
1419	84 
1420	75 
1421	18 
1422	47 
1423	85 
1424	38 
1425	97 
1426	18 
1427	91 
1428	5 
1429	9 
1430	18 
1431	24 
1432	7 
1433	19 
1434	97 
1435	39 
1436	48 
1437	48 
1438	49 
1439	38 
1440	97 
1441	12 
1442	16 
1443	25 
1444	80 
1445	7 
1446	61 
1447	57 
1448	46 
1449	4 
1450	12 
1451	13 
1452	48 
1453	31 
1454	64 
1455	2 
1456	65 
1457	28 
1458	60 
1459	45 
1460	23 
1461	49 
1462	25 
1463	74 
1464	6 
1465	87 
1466	91 
1467	69 
1468	96 
1469	68 
1470	66 
1471	70 
1472	73 
1473	9 
1474	48 
1475	36 
1476	40 
1477	91 
1478	95 
1479	28 
1480	19 
1481	3 
1482	26 
1483	73 
1484	80 
1485	3 
1486	69 
1487	33 
1488	1 
1489	71 
1490	82 
1491	80 
1492	4 
1493	85 
1494	10 
1495	5 
1496	47 
1497	95 
1498	95 
1499	89 
1500	8 
1501	12 
1502	7 
1503	22 
1504	73 
1505	72 
1506	31 
1507	53 
1508	6 
1509	5 
1510	45 
1511	22 
1512	4 
1513	70 
1514	31 
1515	69 
1516	67 
1517	37 
1518	59 
1519	25 
1520	56 
1521	18 
1522	10 
1523	3 
1524	26 
1525	86 
1526	10 
1527	50 
1528	4 
1529	87 
1530	34 
1531	48 
1532	90 
1533	4 
1534	18 
1535	64 
1536	30 
1537	47 
1538	32 
1539	28 
1540	58 
1541	48 
1542	85 
1543	96 
1544	64 
1545	1 
1546	80 
1547	79 
1548	79 
1549	6 
1550	63 
1551	3 
1552	97 
1553	41 
1554	10 
1555	27 
1556	90 
1557	36 
1558	14 
1559	35 
1560	12 
1561	96 
1562	55 
1563	36 
1564	56 
1565	31 
1566	64 
1567	5 
1568	58 
1569	12 
1570	27 
1571	91 
1572	10 
1573	90 
1574	5 
1575	40 
1576	97 
1577	1 
1578	49 
1579	56 
1580	77 
1581	58 
1582	7 
1583	75 
1584	56 
1585	19 
1586	21 
1587	64 
1588	60 
1589	15 
1590	85 
1591	91 
1592	38 
1593	7 
1594	3 
1595	20 
1596	23 
1597	60 
1598	77 
1599	79 
1600	57 
1601	48 
1602	27 
1603	34 
1604	43 
1605	52 
1606	58 
1607	7 
1608	56 
1609	77 
1610	20 
1611	87 
1612	34 
1613	46 
1614	51 
1615	57 
1616	69 
1617	50 
1618	54 
1619	71 
1620	7 
1621	17 
1622	37 
1623	25 
1624	52 
1625	59 
1626	80 
1627	44 
1628	85 
1629	41 
1630	1 
1631	38 
1632	22 
1633	7 
1634	37 
1635	9 
1636	97 
1637	18 
1638	1 
1639	66 
1640	57 
1641	23 
1642	31 
1643	71 
1644	24 
1645	38 
1646	87 
1647	59 
1648	53 
1649	82 
1650	43 
1651	18 
1652	30 
1653	93 
1654	94 
1655	49 
1656	97 
1657	86 
1658	17 
1659	58 
1660	38 
1661	91 
1662	46 
1663	10 
1664	90 
1665	67 
1666	95 
1667	26 
1668	3 
1669	23 
1670	41 
1671	60 
1672	15 
1673	16 
1674	54 
1675	4 
1676	86 
1677	57 
1678	71 
1679	75 
1680	91 
1681	57 
1682	38 
1683	63 
1684	17 
1685	41 
1686	71 
1687	40 
1688	66 
1689	21 
1690	14 
1691	23 
1692	5 
1693	45 
1694	31 
1695	69 
1696	8 
1697	66 
1698	92 
1699	88 
1700	10 
1701	38 
1702	31 
1703	5 
1704	69 
1705	27 
1706	72 
1707	13 
1708	19 
1709	83 
1710	3 
1711	44 
1712	38 
1713	18 
1714	13 
1715	60 
1716	13 
1717	74 
1718	18 
1719	19 
1720	49 
1721	80 
1722	39 
1723	16 
1724	4 
1725	96 
1726	71 
1727	60 
1728	35 
1729	53 
1730	59 
1731	42 
1732	88 
1733	89 
1734	54 
1735	87 
1736	38 
1737	38 
1738	84 
1739	54 
1740	42 
1741	30 
1742	43 
1743	5 
1744	26 
1745	55 
1746	85 
1747	56 
1748	78 
1749	54 
1750	15 
1751	40 
1752	5 
1753	87 
1754	90 
1755	58 
1756	97 
1757	59 
1758	64 
1759	90 
1760	16 
1761	6 
1762	52 
1763	54 
1764	92 
1765	64 
1766	82 
1767	90 
1768	10 
1769	70 
1770	85 
1771	59 
1772	74 
1773	5 
1774	31 
1775	82 
1776	30 
1777	18 
1778	23 
1779	90 
1780	56 
1781	44 
1782	6 
1783	23 
1784	11 
1785	38 
1786	69 
1787	84 
1788	5 
1789	71 
1790	1 
1791	64 
1792	16 
1793	40 
1794	79 
1795	71 
1796	8 
1797	77 
1798	12 
1799	20 
1800	31 
1801	81 
1802	39 
1803	22 
1804	73 
1805	76 
1806	69 
1807	13 
1808	25 
1809	53 
1810	67 
1811	55 
1812	14 
1813	14 
1814	51 
1815	30 
1816	86 
1817	17 
1818	80 
1819	3 
1820	60 
1821	78 
1822	71 
1823	12 
1824	79 
1825	40 
1826	76 
1827	12 
1828	59 
1829	70 
1830	48 
1831	54 
1832	74 
1833	19 
1834	71 
1835	14 
1836	84 
1837	11 
1838	67 
1839	54 
1840	3 
1841	22 
1842	6 
1843	19 
1844	90 
1845	59 
1846	65 
1847	74 
1848	91 
1849	71 
1850	7 
1851	24 
1852	71 
1853	70 
1854	37 
1855	61 
1856	45 
1857	79 
1858	4 
1859	46 
1860	95 
1861	38 
1862	26 
1863	23 
1864	64 
1865	14 
1866	22 
1867	58 
1868	83 
1869	72 
1870	35 
1871	68 
1872	92 
1873	18 
1874	46 
1875	12 
1876	94 
1877	91 
1878	13 
1879	8 
1880	64 
1881	76 
1882	64 
1883	48 
1884	57 
1885	92 
1886	49 
1887	7 
1888	27 
1889	60 
1890	82 
1891	85 
1892	88 
1893	65 
1894	27 
1895	48 
1896	4 
1897	47 
1898	71 
1899	49 
1900	21 
1901	94 
1902	6 
1903	41 
1904	66 
1905	18 
1906	43 
1907	8 
1908	8 
1909	3 
1910	97 
1911	91 
1912	51 
1913	30 
1914	41 
1915	72 
1916	75 
1917	49 
1918	61 
1919	42 
1920	71 
1921	38 
1922	12 
1923	81 
1924	14 
1925	95 
1926	85 
1927	89 
1928	57 
1929	38 
1930	86 
1931	33 
1932	27 
1933	4 
1934	71 
1935	51 
1936	57 
1937	49 
1938	4 
1939	95 
1940	6 
1941	46 
1942	87 
1943	2 
1944	90 
1945	23 
1946	6 
1947	69 
1948	23 
1949	30 
1950	65 
1951	22 
1952	54 
1953	15 
1954	11 
1955	14 
1956	55 
1957	43 
1958	30 
1959	49 
1960	90 
1961	80 
1962	73 
1963	91 
1964	27 
1965	3 
1966	27 
1967	71 
1968	91 
1969	91 
1970	75 
1971	85 
1972	91 
1973	28 
1974	27 
1975	4 
1976	27 
1977	85 
1978	12 
1979	38 
1980	31 
1981	96 
1982	32 
1983	24 
1984	31 
1985	47 
1986	4 
1987	47 
1988	19 
1989	70 
1990	77 
1991	23 
1992	53 
1993	46 
1994	30 
1995	27 
1996	76 
1997	43 
1998	81 
1999	88 
2000	5 
2001	95 
2002	7 
2003	77 
2004	78 
2005	65 
2006	80 
2007	31 
2008	48 
2009	5 
2010	54 
2011	64 
2012	54 
2013	79 
2014	14 
2015	85 
2016	79 
2017	44 
2018	8 
2019	97 
2020	84 
2021	53 
2022	74 
2023	45 
2024	87 
2025	24 
2026	66 
2027	30 
2028	65 
2029	74 
2030	46 
2031	26 
2032	82 
2033	16 
2034	49 
2035	49 
2036	18 
2037	59 
2038	29 
2039	76 
2040	3 
2041	88 
2042	31 
2043	93 
2044	24 
2045	36 
2046	4 
2047	71 
2048	69 
2049	78 
2050	92 
2051	79 
2052	91 
2053	88 
2054	71 
2055	10 
2056	46 
2057	43 
2058	31 
2059	38 
2060	11 
2061	32 
2062	64 
2063	60 
2064	85 
2065	85 
2066	30 
2067	82 
2068	57 
2069	57 
2070	94 
2071	96 
2072	63 
2073	33 
2074	90 
2075	75 
2076	3 
2077	10 
2078	27 
2079	3 
2080	74 
2081	11 
2082	49 
2083	15 
2084	44 
2085	76 
2086	96 
2087	47 
2088	7 
2089	45 
2090	35 
2091	30 
2092	31 
2093	60 
2094	80 
2095	25 
2096	85 
2097	3 
2098	92 
2099	59 
2100	78 
2101	10 
2102	81 
2103	72 
2104	53 
2105	76 
2106	44 
2107	23 
2108	21 
2109	31 
2110	65 
2111	22 
2112	62 
2113	16 
2114	8 
2115	62 
2116	76 
2117	24 
2118	94 
2119	8 
2120	23 
2121	96 
2122	19 
2123	26 
2124	81 
2125	86 
2126	27 
2127	88 
2128	18 
2129	18 
2130	4 
2131	30 
2132	64 
2133	39 
2134	95 
2135	95 
2136	82 
2137	48 
2138	87 
2139	94 
2140	58 
2141	19 
2142	78 
2143	54 
2144	83 
2145	26 
2146	56 
2147	6 
2148	59 
2149	19 
2150	16 
2151	87 
2152	85 
2153	57 
2154	77 
2155	75 
2156	4 
2157	63 
2158	90 
2159	87 
2160	94 
2161	53 
2162	86 
2163	92 
2164	3 
2165	91 
2166	69 
2167	23 
2168	46 
2169	69 
2170	44 
2171	35 
2172	96 
2173	65 
2174	17 
2175	7 
2176	25 
2177	3 
2178	77 
2179	38 
2180	49 
2181	82 
2182	96 
2183	64 
2184	37 
2185	28 
2186	87 
2187	61 
2188	10 
2189	13 
2190	5 
2191	86 
2192	81 
2193	34 
2194	18 
2195	87 
2196	3 
2197	59 
2198	97 
2199	91 
2200	63 
2201	23 
2202	8 
2203	82 
2204	91 
2205	16 
2206	31 
2207	64 
2208	7 
2209	38 
2210	87 
2211	23 
2212	50 
2213	77 
2214	53 
2215	85 
2216	66 
2217	37 
2218	54 
2219	66 
2220	95 
2221	5 
2222	20 
2223	38 
2224	36 
2225	10 
2226	65 
2227	85 
2228	64 
2229	27 
2230	14 
2231	58 
2232	58 
2233	38 
2234	30 
2235	20 
2236	42 
2237	83 
2238	58 
2239	48 
2240	64 
2241	87 
2242	28 
2243	6 
2244	2 
2245	71 
2246	36 
2247	70 
2248	81 
2249	12 
2250	85 
2251	22 
2252	45 
2253	15 
2254	30 
2255	45 
2256	19 
2257	4 
2258	56 
2259	86 
2260	54 
2261	51 
2262	32 
2263	95 
2264	91 
2265	56 
2266	17 
2267	37 
2268	21 
2269	97 
2270	37 
2271	72 
2272	96 
2273	86 
2274	77 
2275	82 
2276	8 
2277	44 
2278	38 
2279	59 
2280	3 
2281	50 
2282	25 
2283	48 
2284	19 
2285	87 
2286	76 
2287	86 
2288	71 
2289	23 
2290	96 
2291	6 
2292	6 
2293	53 
2294	18 
2295	89 
2296	39 
2297	12 
2298	8 
2299	66 
2300	24 
2301	22 
2302	13 
2303	23 
2304	70 
2305	76 
2306	57 
2307	48 
2308	22 
2309	86 
2310	57 
2311	20 
2312	51 
2313	95 
2314	25 
2315	84 
2316	6 
2317	85 
2318	85 
2319	26 
2320	3 
2321	20 
2322	77 
2323	74 
2324	27 
2325	95 
2326	71 
2327	11 
2328	38 
2329	12 
2330	87 
2331	38 
2332	75 
2333	13 
2334	87 
2335	5 
2336	36 
2337	71 
2338	22 
2339	52 
2340	87 
2341	19 
2342	48 
2343	38 
2344	82 
2345	77 
2346	21 
2347	70 
2348	91 
2349	61 
2350	85 
2351	65 
2352	32 
2353	64 
2354	64 
2355	18 
2356	71 
2357	69 
2358	94 
2359	79 
2360	60 
2361	8 
2362	10 
2363	11 
2364	69 
2365	14 
2366	31 
2367	57 
2368	46 
2369	60 
2370	65 
2371	19 
2372	5 
2373	1 
2374	96 
2375	23 
2376	12 
2377	71 
2378	46 
2379	92 
2380	48 
2381	76 
2382	26 
2383	3 
2384	21 
2385	38 
2386	13 
2387	7 
2388	66 
2389	64 
2390	45 
2391	96 
2392	50 
2393	59 
2394	23 
2395	48 
2396	8 
2397	27 
2398	11 
2399	52 
2400	91 
2401	30 
2402	61 
2403	64 
2404	1 
2405	64 
2406	95 
2407	64 
2408	64 
2409	64 
2410	48 
2411	69 
2412	3 
2413	11 
2414	27 
2415	27 
2416	85 
2417	85 
2418	87 
2419	7 
2420	73 
2421	87 
2422	86 
2423	75 
2424	41 
2425	77 
2426	31 
2427	42 
2428	97 
2429	19 
2430	81 
2431	18 
2432	89 
2433	59 
2434	18 
2435	24 
2436	53 
2437	23 
2438	19 
2439	96 
2440	51 
2441	87 
2442	97 
2443	45 
2444	38 
2445	95 
2446	59 
2447	23 
2448	47 
2449	76 
2450	48 
2451	19 
2452	80 
2453	58 
2454	10 
2455	3 
2456	2 
2457	90 
2458	90 
2459	92 
2460	96 
2461	54 
2462	54 
2463	19 
2464	13 
2465	64 
2466	13 
2467	18 
2468	3 
2469	51 
2470	47 
2471	75 
2472	30 
2473	19 
2474	36 
2475	53 
2476	75 
2477	88 
2478	74 
2479	7 
2480	86 
2481	67 
2482	86 
2483	9 
2484	3 
2485	54 
2486	7 
2487	16 
2488	33 
2489	47 
2490	16 
2491	78 
2492	54 
2493	58 
2494	53 
2495	16 
2496	89 
2497	86 
2498	43 
2499	19 
2500	6 
2501	86 
2502	13 
2503	37 
2504	87 
2505	16 
2506	5 
2507	64 
2508	53 
2509	9 
2510	58 
2511	66 
2512	62 
2513	29 
2514	96 
2515	18 
2516	70 
2517	97 
2518	7 
2519	13 
2520	27 
2521	64 
2522	22 
2523	43 
2524	87 
2525	48 
2526	84 
2527	87 
2528	33 
2529	4 
2530	87 
2531	91 
2532	27 
2533	91 
2534	54 
2535	67 
2536	33 
2537	48 
2538	45 
2539	90 
2540	64 
2541	38 
2542	44 
2543	67 
2544	22 
2545	7 
2546	12 
2547	23 
2548	23 
2549	5 
2550	7 
2551	1 
2552	64 
2553	7 
2554	13 
2555	25 
2556	30 
2557	30 
2558	79 
2559	37 
2560	82 
2561	91 
2562	3 
2563	39 
2564	24 
2565	12 
2566	71 
2567	53 
2568	10 
2569	86 
2570	33 
2571	13 
2572	32 
2573	7 
2574	6 
2575	96 
2576	26 
2577	82 
2578	2 
2579	87 
2580	54 
2581	3 
2582	1 
2583	55 
2584	2 
2585	54 
2586	47 
2587	91 
2588	74 
2589	7 
2590	8 
2591	53 
2592	48 
2593	12 
2594	77 
2595	53 
2596	86 
2597	76 
2598	19 
2599	87 
2600	63 
2601	70 
2602	41 
2603	66 
2604	62 
2605	17 
2606	94 
2607	64 
2608	61 
2609	87 
2610	69 
2611	3 
2612	24 
2613	89 
2614	5 
2615	27 
2616	33 
2617	85 
2618	8 
2619	71 
2620	86 
2621	95 
2622	90 
2623	31 
2624	22 
2625	26 
2626	64 
2627	18 
2628	22 
2629	11 
2630	92 
2631	6 
2632	37 
2633	5 
2634	18 
2635	38 
2636	13 
2637	97 
2638	94 
2639	48 
2640	92 
2641	10 
2642	22 
2643	5 
2644	73 
2645	62 
2646	70 
2647	89 
2648	38 
2649	46 
2650	60 
2651	95 
2652	49 
2653	61 
2654	41 
2655	35 
2656	10 
2657	96 
2658	26 
2659	30 
2660	31 
2661	59 
2662	14 
2663	31 
2664	7 
2665	53 
2666	91 
2667	96 
2668	80 
2669	54 
2670	1 
2671	23 
2672	85 
2673	86 
2674	82 
2675	36 
2676	77 
2677	88 
2678	59 
2679	67 
2680	94 
2681	31 
2682	32 
2683	70 
2684	54 
2685	70 
2686	66 
2687	34 
2688	5 
2689	14 
2690	93 
2691	1 
2692	2 
2693	56 
2694	5 
2695	7 
2696	94 
2697	90 
2698	38 
2699	3 
2700	8 
2701	12 
2702	13 
2703	50 
2704	87 
2705	91 
2706	86 
2707	83 
2708	56 
2709	30 
2710	16 
2711	25 
2712	25 
2713	38 
2714	23 
2715	88 
2716	85 
2717	37 
2718	7 
2719	70 
2720	52 
2721	70 
2722	85 
2723	85 
2724	97 
2725	6 
2726	24 
2727	36 
2728	95 
2729	42 
2730	87 
2731	23 
2732	91 
2733	80 
2734	29 
2735	57 
2736	94 
2737	8 
2738	87 
2739	73 
2740	59 
2741	86 
2742	22 
2743	9 
2744	16 
2745	6 
2746	12 
2747	55 
2748	87 
2749	7 
2750	57 
2751	91 
2752	53 
2753	22 
2754	34 
2755	8 
2756	74 
2757	39 
2758	6 
2759	54 
2760	30 
2761	70 
2762	97 
2763	18 
2764	27 
2765	67 
2766	71 
2767	85 
2768	18 
2769	3 
2770	14 
2771	53 
2772	91 
2773	19 
2774	31 
2775	83 
2776	97 
2777	95 
2778	23 
2779	76 
2780	11 
2781	70 
2782	54 
2783	69 
2784	8 
2785	64 
2786	49 
2787	20 
2788	87 
2789	19 
2790	23 
2791	75 
2792	94 
2793	66 
2794	6 
2795	97 
2796	35 
2797	53 
2798	83 
2799	1 
2800	69 
2801	24 
2802	58 
2803	5 
2804	23 
2805	82 
2806	82 
2807	64 
2808	88 
2809	10 
2810	18 
2811	7 
2812	16 
2813	66 
2814	16 
2815	21 
2816	43 
2817	8 
2818	4 
2819	10 
2820	37 
2821	36 
2822	54 
2823	92 
2824	17 
2825	7 
2826	13 
2827	6 
2828	56 
2829	38 
2830	96 
2831	18 
2832	48 
2833	40 
2834	57 
2835	67 
2836	21 
2837	42 
2838	68 
2839	42 
2840	14 
2841	80 
2842	25 
2843	37 
2844	52 
2845	68 
2846	71 
2847	7 
2848	71 
2849	52 
2850	6 
2851	22 
2852	20 
2853	48 
2854	27 
2855	27 
2856	67 
2857	73 
2858	36 
2859	8 
2860	4 
2861	54 
2862	31 
2863	2 
2864	95 
2865	85 
2866	26 
2867	54 
2868	89 
2869	77 
2870	48 
2871	48 
2872	86 
2873	30 
2874	20 
2875	64 
2876	83 
2877	53 
2878	37 
2879	77 
2880	71 
2881	49 
2882	23 
2883	71 
2884	54 
2885	30 
2886	16 
2887	83 
2888	85 
2889	66 
2890	45 
2891	31 
2892	42 
2893	2 
2894	4 
2895	24 
2896	24 
2897	46 
2898	50 
2899	60 
2900	31 
2901	57 
2902	90 
2903	38 
2904	49 
2905	30 
2906	38 
2907	36 
2908	7 
2909	58 
2910	86 
2911	44 
2912	10 
2913	50 
2914	76 
2915	46 
2916	82 
2917	38 
2918	39 
2919	82 
2920	3 
2921	65 
2922	52 
2923	70 
2924	91 
2925	43 
2926	86 
2927	13 
2928	30 
2929	35 
2930	48 
2931	94 
2932	22 
2933	51 
2934	87 
2935	73 
2936	84 
2937	3 
2938	19 
2939	69 
2940	85 
2941	29 
2942	9 
2943	91 
2944	32 
2945	32 
2946	24 
2947	38 
2948	75 
2949	3 
2950	30 
2951	59 
2952	48 
2953	7 
2954	85 
2955	22 
2956	50 
2957	88 
2958	57 
2959	41 
2960	96 
2961	57 
2962	36 
2963	91 
2964	93 
2965	53 
2966	78 
2967	87 
2968	91 
2969	53 
2970	87 
2971	94 
2972	6 
2973	90 
2974	52 
2975	60 
2976	48 
2977	51 
2978	5 
2979	31 
2980	60 
2981	69 
2982	83 
2983	41 
2984	3 
2985	57 
2986	27 
2987	32 
2988	82 
2989	43 
2990	27 
2991	60 
2992	57 
2993	23 
2994	94 
2995	11 
2996	64 
2997	82 
2998	86 
2999	86 
3000	16 
3001	97 
3002	82 
3003	72 
3004	42 
3005	7 
3006	66 
3007	48 
3008	17 
3009	64 
3010	75 
3011	12 
3012	59 
3013	3 
3014	6 
3015	87 
3016	43 
3017	90 
3018	27 
3019	50 
3020	14 
3021	6 
3022	44 
3023	96 
3024	16 
3025	60 
3026	43 
3027	23 
3028	90 
3029	60 
3030	14 
3031	41 
3032	7 
3033	64 
3034	41 
3035	70 
3036	1 
3037	90 
3038	87 
3039	91 
3040	45 
3041	72 
3042	5 
3043	95 
3044	87 
3045	39 
3046	93 
3047	4 
3048	70 
3049	3 
3050	94 
3051	16 
3052	70 
3053	23 
3054	38 
3055	64 
3056	27 
3057	5 
3058	43 
3059	91 
3060	8 
3061	50 
3062	96 
3063	94 
3064	68 
3065	57 
3066	50 
3067	59 
3068	94 
3069	55 
3070	86 
3071	39 
3072	51 
3073	30 
3074	67 
3075	92 
3076	31 
3077	47 
3078	57 
3079	27 
3080	87 
3081	28 
3082	96 
3083	91 
3084	57 
3085	51 
3086	6 
3087	54 
3088	20 
3089	68 
3090	95 
3091	18 
3092	27 
3093	44 
3094	82 
3095	60 
3096	18 
3097	92 
3098	16 
3099	44 
3100	44 
3101	70 
3102	23 
3103	26 
3104	32 
3105	13 
3106	94 
3107	54 
3108	94 
3109	34 
3110	13 
3111	28 
3112	27 
3113	26 
3114	5 
3115	49 
3116	19 
3117	5 
3118	39 
3119	64 
3120	88 
3121	58 
3122	15 
3123	5 
3124	53 
3125	22 
3126	23 
3127	44 
3128	25 
3129	83 
3130	90 
3131	64 
3132	74 
3133	95 
3134	6 
3135	66 
3136	44 
3137	75 
3138	19 
3139	4 
3140	51 
3141	11 
3142	46 
3143	38 
3144	36 
3145	19 
3146	74 
3147	76 
3148	30 
3149	46 
3150	71 
3151	75 
3152	64 
3153	43 
3154	95 
3155	59 
3156	3 
3157	77 
3158	19 
3159	97 
3160	22 
3161	80 
3162	5 
3163	27 
3164	87 
3165	82 
3166	7 
3167	59 
3168	25 
3169	7 
3170	53 
3171	14 
3172	64 
3173	57 
3174	86 
3175	79 
3176	56 
3177	74 
3178	86 
3179	38 
3180	30 
3181	56 
3182	5 
3183	38 
3184	86 
3185	7 
3186	90 
3187	69 
3188	71 
3189	95 
3190	39 
3191	41 
3192	39 
3193	76 
3194	84 
3195	27 
3196	95 
3197	86 
3198	22 
3199	17 
3200	59 
3201	27 
3202	39 
3203	40 
3204	17 
3205	64 
3206	18 
3207	59 
3208	77 
3209	19 
3210	97 
3211	6 
3212	19 
3213	38 
3214	53 
3215	71 
3216	71 
3217	33 
3218	65 
3219	97 
3220	77 
3221	38 
3222	54 
3223	62 
3224	7 
3225	64 
3226	77 
3227	42 
3228	79 
3229	14 
3230	96 
3231	70 
3232	74 
3233	97 
3234	96 
3235	12 
3236	5 
3237	64 
3238	53 
3239	24 
3240	56 
3241	60 
3242	79 
3243	31 
3244	64 
3245	48 
3246	31 
3247	38 
3248	14 
3249	10 
3250	11 
3251	34 
3252	45 
3253	20 
3254	64 
3255	10 
3256	81 
3257	22 
3258	22 
3259	48 
3260	90 
3261	22 
3262	51 
3263	36 
3264	85 
3265	4 
3266	75 
3267	74 
3268	86 
3269	18 
3270	32 
3271	84 
3272	62 
3273	60 
3274	28 
3275	23 
3276	76 
3277	23 
3278	96 
3279	31 
3280	87 
3281	10 
3282	25 
3283	70 
3284	2 
3285	46 
3286	47 
3287	53 
3288	80 
3289	19 
3290	66 
3291	27 
3292	5 
3293	49 
3294	69 
3295	51 
3296	89 
3297	39 
3298	24 
3299	95 
3300	30 
3301	68 
3302	44 
3303	23 
3304	77 
3305	46 
3306	19 
3307	94 
3308	14 
3309	60 
3310	76 
3311	91 
3312	9 
3313	77 
3314	82 
3315	57 
3316	84 
3317	29 
3318	3 
3319	28 
3320	24 
3321	35 
3322	30 
3323	46 
3324	6 
3325	14 
3326	36 
3327	20 
3328	13 
3329	88 
3330	52 
3331	66 
3332	76 
3333	76 
3334	92 
3335	78 
3336	14 
3337	42 
3338	53 
3339	37 
3340	16 
3341	70 
3342	87 
3343	76 
3344	74 
3345	25 
3346	18 
3347	78 
3348	24 
3349	30 
3350	82 
3351	74 
3352	89 
3353	69 
3354	59 
3355	92 
3356	4 
3357	23 
3358	30 
3359	6 
3360	19 
3361	57 
3362	44 
3363	8 
3364	62 
3365	50 
3366	39 
3367	82 
3368	21 
3369	89 
3370	38 
3371	65 
3372	55 
3373	13 
3374	76 
3375	59 
3376	65 
3377	60 
3378	83 
3379	90 
3380	70 
3381	85 
3382	60 
3383	6 
3384	59 
3385	70 
3386	20 
3387	76 
3388	33 
3389	46 
3390	42 
3391	70 
3392	29 
3393	57 
3394	69 
3395	93 
3396	36 
3397	19 
3398	3 
3399	16 
3400	62 
3401	54 
3402	24 
3403	61 
3404	65 
3405	16 
3406	37 
3407	88 
3408	16 
3409	57 
3410	16 
3411	86 
3412	41 
3413	64 
3414	46 
3415	13 
3416	80 
3417	77 
3418	62 
3419	52 
3420	82 
3421	71 
3422	57 
3423	71 
3424	33 
3425	57 
3426	77 
3427	66 
3428	38 
3429	74 
3430	58 
3431	64 
3432	45 
3433	64 
3434	78 
3435	91 
3436	5 
3437	21 
3438	19 
3439	76 
3440	56 
3441	64 
3442	51 
3443	88 
3444	95 
3445	11 
3446	34 
3447	57 
3448	19 
3449	16 
3450	31 
3451	31 
3452	6 
3453	53 
3454	14 
3455	22 
3456	38 
3457	94 
3458	80 
3459	52 
3460	40 
3461	47 
3462	88 
3463	4 
3464	37 
3465	19 
3466	31 
3467	86 
3468	58 
3469	30 
3470	66 
3471	24 
3472	8 
3473	91 
3474	17 
3475	19 
3476	45 
3477	3 
3478	40 
3479	80 
3480	12 
3481	4 
3482	64 
3483	31 
3484	93 
3485	27 
3486	48 
3487	73 
3488	9 
3489	57 
3490	79 
3491	48 
3492	90 
3493	7 
3494	32 
3495	19 
3496	85 
3497	89 
3498	75 
3499	51 
3500	71 
3501	11 
3502	18 
3503	7 
3504	58 
3505	36 
3506	48 
3507	31 
3508	30 
3509	47 
3510	40 
3511	17 
3512	14 
3513	68 
3514	49 
3515	22 
3516	80 
3517	70 
3518	24 
3519	13 
3520	10 
3521	12 
3522	85 
3523	49 
3524	96 
3525	8 
3526	5 
3527	14 
3528	85 
3529	46 
3530	37 
3531	70 
3532	86 
3533	53 
3534	5 
3535	49 
3536	36 
3537	3 
3538	38 
3539	6 
3540	14 
3541	84 
3542	54 
3543	71 
3544	28 
3545	85 
3546	14 
3547	5 
3548	96 
3549	97 
3550	58 
3551	64 
3552	75 
3553	16 
3554	76 
3555	5 
3556	36 
3557	94 
3558	65 
3559	64 
3560	69 
3561	16 
3562	22 
3563	70 
3564	41 
3565	37 
3566	6 
3567	5 
3568	52 
3569	91 
3570	96 
3571	80 
3572	85 
3573	41 
3574	64 
3575	74 
3576	57 
3577	14 
3578	18 
3579	16 
3580	54 
3581	53 
3582	44 
3583	80 
3584	6 
3585	68 
3586	92 
3587	37 
3588	80 
3589	85 
3590	80 
3591	94 
3592	36 
3593	86 
3594	85 
3595	27 
3596	34 
3597	50 
3598	14 
3599	75 
3600	75 
3601	60 
3602	81 
3603	14 
3604	76 
3605	40 
3606	29 
3607	25 
3608	75 
3609	13 
3610	60 
3611	91 
3612	96 
3613	22 
3614	60 
3615	96 
3616	30 
3617	5 
3618	86 
3619	55 
3620	1 
3621	95 
3622	17 
3623	87 
3624	23 
3625	18 
3626	53 
3627	96 
3628	25 
3629	48 
3630	78 
3631	44 
3632	96 
3633	40 
3634	9 
3635	55 
3636	90 
3637	34 
3638	76 
3639	10 
3640	75 
3641	81 
3642	63 
3643	36 
3644	44 
3645	16 
3646	21 
3647	59 
3648	39 
3649	85 
3650	18 
3651	8 
3652	85 
3653	44 
3654	14 
3655	10 
3656	22 
3657	34 
3658	94 
3659	71 
3660	24 
3661	82 
3662	7 
3663	95 
3664	38 
3665	44 
3666	79 
3667	69 
3668	5 
3669	31 
3670	5 
3671	22 
3672	69 
3673	46 
3674	24 
3675	49 
3676	48 
3677	60 
3678	14 
3679	91 
3680	74 
3681	89 
3682	27 
3683	95 
3684	14 
3685	39 
3686	31 
3687	80 
3688	13 
3689	56 
3690	59 
3691	71 
3692	83 
3693	35 
3694	25 
3695	38 
3696	34 
3697	10 
3698	14 
3699	53 
3700	61 
3701	8 
3702	48 
3703	16 
3704	65 
3705	77 
3706	70 
3707	31 
3708	52 
3709	38 
3710	54 
3711	91 
3712	2 
3713	88 
3714	48 
3715	60 
3716	94 
3717	44 
3718	5 
3719	63 
3720	97 
3721	15 
3722	22 
3723	38 
3724	90 
3725	28 
3726	52 
3727	86 
3728	61 
3729	29 
3730	76 
3731	25 
3732	77 
3733	60 
3734	50 
3735	13 
3736	20 
3737	79 
3738	91 
3739	90 
3740	47 
3741	66 
3742	22 
3743	48 
3744	43 
3745	36 
3746	23 
3747	78 
3748	53 
3749	53 
3750	62 
3751	11 
3752	31 
3753	43 
3754	7 
3755	14 
3756	76 
3757	69 
3758	20 
3759	88 
3760	31 
3761	49 
3762	52 
3763	73 
3764	82 
3765	16 
3766	97 
3767	69 
3768	24 
3769	53 
3770	63 
3771	38 
3772	2 
3773	38 
3774	32 
3775	22 
3776	87 
3777	81 
3778	12 
3779	34 
3780	63 
3781	14 
3782	94 
3783	23 
3784	89 
3785	93 
3786	5 
3787	44 
3788	48 
3789	18 
3790	74 
3791	42 
3792	83 
3793	77 
3794	38 
3795	85 
3796	78 
3797	8 
3798	57 
3799	47 
3800	23 
3801	91 
3802	16 
3803	71 
3804	4 
3805	86 
3806	25 
3807	48 
3808	58 
3809	92 
3810	77 
3811	66 
3812	16 
3813	13 
3814	49 
3815	86 
3816	77 
3817	54 
3818	13 
3819	23 
3820	71 
3821	16 
3822	7 
3823	70 
3824	57 
3825	30 
3826	2 
3827	30 
3828	4 
3829	69 
3830	14 
3831	31 
3832	31 
3833	55 
3834	10 
3835	8 
3836	36 
3837	16 
3838	90 
3839	29 
3840	22 
3841	16 
3842	25 
3843	24 
3844	16 
3845	77 
3846	70 
3847	38 
3848	15 
3849	5 
3850	3 
3851	91 
3852	46 
3853	18 
3854	96 
3855	30 
3856	92 
3857	72 
3858	8 
3859	16 
3860	26 
3861	48 
3862	92 
3863	11 
3864	97 
3865	69 
3866	47 
3867	57 
3868	64 
3869	57 
3870	7 
3871	53 
3872	54 
3873	67 
3874	6 
3875	12 
3876	28 
3877	31 
3878	86 
3879	24 
3880	36 
3881	96 
3882	95 
3883	65 
3884	66 
3885	70 
3886	38 
3887	85 
3888	29 
3889	14 
3890	96 
3891	86 
3892	51 
3893	70 
3894	85 
3895	13 
3896	82 
3897	31 
3898	27 
3899	14 
3900	89 
3901	25 
3902	6 
3903	85 
3904	14 
3905	53 
3906	30 
3907	16 
3908	47 
3909	17 
3910	19 
3911	95 
3912	56 
3913	17 
3914	58 
3915	57 
3916	86 
3917	73 
3918	31 
3919	29 
3920	35 
3921	59 
3922	86 
3923	27 
3924	13 
3925	92 
3926	59 
3927	13 
3928	90 
3929	87 
3930	75 
3931	96 
3932	82 
3933	77 
3934	41 
3935	17 
3936	12 
3937	9 
3938	16 
3939	71 
3940	7 
3941	8 
3942	91 
3943	6 
3944	75 
3945	8 
3946	59 
3947	94 
3948	95 
3949	76 
3950	90 
3951	86 
3952	96 
3953	57 
3954	90 
3955	70 
3956	95 
3957	73 
3958	75 
3959	8 
3960	11 
3961	83 
3962	21 
3963	1 
3964	58 
3965	31 
3966	75 
3967	95 
3968	91 
3969	82 
3970	45 
3971	92 
3972	22 
3973	28 
3974	86 
3975	91 
3976	3 
3977	7 
3978	96 
3979	69 
3980	81 
3981	83 
3982	38 
3983	85 
3984	69 
3985	20 
3986	5 
3987	67 
3988	5 
3989	54 
3990	84 
3991	31 
3992	76 
3993	91 
3994	72 
3995	70 
3996	85 
3997	87 
3998	70 
3999	69 
4000	79 
4001	63 
4002	84 
4003	30 
4004	72 
4005	13 
4006	21 
4007	76 
4008	57 
4009	38 
4010	48 
4011	59 
4012	19 
4013	53 
4014	57 
4015	60 
4016	95 
4017	19 
4018	46 
4019	38 
4020	96 
4021	43 
4022	86 
4023	38 
4024	44 
4025	94 
4026	85 
4027	62 
4028	31 
4029	51 
4030	81 
4031	70 
4032	19 
4033	16 
4034	7 
4035	40 
4036	13 
4037	6 
4038	48 
4039	91 
4040	49 
4041	49 
4042	27 
4043	53 
4044	38 
4045	34 
4046	76 
4047	69 
4048	97 
4049	41 
4050	94 
4051	25 
4052	83 
4053	57 
4054	66 
4055	17 
4056	13 
4057	87 
4058	67 
4059	96 
4060	31 
4061	77 
4062	75 
4063	93 
4064	87 
4065	21 
4066	8 
4067	85 
4068	4 
4069	13 
4070	13 
4071	75 
4072	77 
4073	83 
4074	62 
4075	40 
4076	71 
4077	38 
4078	45 
4079	41 
4080	16 
4081	48 
4082	49 
4083	91 
4084	57 
4085	70 
4086	17 
4087	86 
4088	85 
4089	1 
4090	78 
4091	76 
4092	68 
4093	93 
4094	4 
4095	64 
4096	50 
4097	71 
4098	90 
4099	38 
4100	21 
4101	60 
4102	24 
4103	1 
4104	45 
4105	93 
4106	46 
4107	61 
4108	93 
4109	19 
4110	27 
4111	33 
4112	22 
4113	89 
4114	5 
4115	61 
4116	27 
4117	1 
4118	18 
4119	96 
4120	16 
4121	22 
4122	31 
4123	69 
4124	54 
4125	69 
4126	87 
4127	6 
4128	42 
4129	67 
4130	94 
4131	65 
4132	53 
4133	23 
4134	66 
4135	13 
4136	31 
4137	3 
4138	69 
4139	70 
4140	67 
4141	94 
4142	62 
4143	11 
4144	6 
4145	57 
4146	36 
4147	35 
4148	75 
4149	65 
4150	6 
4151	87 
4152	75 
4153	48 
4154	22 
4155	33 
4156	88 
4157	51 
4158	70 
4159	49 
4160	97 
4161	53 
4162	8 
4163	69 
4164	57 
4165	53 
4166	85 
4167	17 
4168	76 
4169	96 
4170	10 
4171	23 
4172	80 
4173	50 
4174	67 
4175	16 
4176	33 
4177	4 
4178	7 
4179	5 
4180	81 
4181	82 
4182	14 
4183	10 
4184	22 
4185	36 
4186	54 
4187	87 
4188	56 
4189	97 
4190	85 
4191	89 
4192	57 
4193	60 
4194	27 
4195	16 
4196	44 
4197	49 
4198	31 
4199	14 
4200	81 
4201	16 
4202	24 
4203	97 
4204	54 
4205	50 
4206	18 
4207	96 
4208	82 
4209	63 
4210	38 
4211	23 
4212	18 
4213	64 
4214	1 
4215	15 
4216	57 
4217	10 
4218	54 
4219	65 
4220	69 
4221	39 
4222	31 
4223	77 
4224	67 
4225	19 
4226	22 
4227	91 
4228	5 
4229	85 
4230	83 
4231	13 
4232	36 
4233	65 
4234	71 
4235	50 
4236	12 
4237	86 
4238	41 
4239	18 
4240	44 
4241	31 
4242	65 
4243	8 
4244	70 
4245	30 
4246	96 
4247	60 
4248	41 
4249	54 
4250	20 
4251	41 
4252	76 
4253	46 
4254	37 
4255	90 
4256	75 
4257	80 
4258	69 
4259	26 
4260	85 
4261	19 
4262	29 
4263	84 
4264	24 
4265	85 
4266	97 
4267	56 
4268	8 
4269	7 
4270	13 
4271	43 
4272	94 
4273	60 
4274	59 
4275	57 
4276	23 
4277	86 
4278	70 
4279	45 
4280	44 
4281	58 
4282	30 
4283	28 
4284	22 
4285	36 
4286	12 
4287	38 
4288	66 
4289	9 
4290	7 
4291	76 
4292	70 
4293	53 
4294	42 
4295	46 
4296	16 
4297	36 
4298	90 
4299	77 
4300	44 
4301	48 
4302	57 
4303	31 
4304	6 
4305	58 
4306	23 
4307	54 
4308	45 
4309	45 
4310	40 
4311	85 
4312	34 
4313	13 
4314	96 
4315	75 
4316	75 
4317	71 
4318	95 
4319	14 
4320	90 
4321	33 
4322	4 
4323	46 
4324	59 
4325	71 
4326	16 
4327	64 
4328	36 
4329	58 
4330	64 
4331	37 
4332	14 
4333	49 
4334	13 
4335	58 
4336	31 
4337	80 
4338	50 
4339	54 
4340	84 
4341	97 
4342	24 
4343	91 
4344	61 
4345	71 
4346	81 
4347	27 
4348	30 
4349	19 
4350	72 
4351	70 
4352	54 
4353	53 
4354	90 
4355	10 
4356	34 
4357	26 
4358	54 
4359	23 
4360	77 
4361	54 
4362	76 
4363	57 
4364	40 
4365	96 
4366	94 
4367	4 
4368	91 
4369	31 
4370	25 
4371	46 
4372	47 
4373	6 
4374	13 
4375	91 
4376	87 
4377	50 
4378	96 
4379	96 
4380	85 
4381	14 
4382	27 
4383	59 
4384	87 
4385	38 
4386	53 
4387	19 
4388	64 
4389	57 
4390	24 
4391	23 
4392	61 
4393	42 
4394	97 
4395	10 
4396	57 
4397	60 
4398	83 
4399	1 
4400	86 
4401	94 
4402	82 
4403	20 
4404	69 
4405	8 
4406	57 
4407	13 
4408	8 
4409	25 
4410	77 
4411	85 
4412	97 
4413	31 
4414	64 
4415	8 
4416	13 
4417	47 
4418	67 
4419	97 
4420	58 
4421	10 
4422	27 
4423	44 
4424	76 
4425	61 
4426	81 
4427	19 
4428	78 
4429	3 
4430	90 
4431	75 
4432	84 
4433	79 
4434	34 
4435	44 
4436	39 
4437	5 
4438	36 
4439	53 
4440	27 
4441	59 
4442	37 
4443	94 
4444	31 
4445	43 
4446	3 
4447	77 
4448	44 
4449	68 
4450	70 
4451	27 
4452	35 
4453	55 
4454	96 
4455	31 
4456	22 
4457	53 
4458	54 
4459	82 
4460	68 
4461	81 
4462	67 
4463	53 
4464	87 
4465	86 
4466	64 
4467	71 
4468	18 
4469	83 
4470	83 
4471	31 
4472	30 
4473	34 
4474	28 
4475	54 
4476	62 
4477	38 
4478	22 
4479	17 
4480	66 
4481	97 
4482	64 
4483	7 
4484	87 
4485	70 
4486	38 
4487	74 
4488	7 
4489	9 
4490	23 
4491	7 
4492	69 
4493	91 
4494	10 
4495	76 
4496	95 
4497	6 
4498	57 
4499	11 
4500	32 
4501	14 
4502	57 
4503	27 
4504	80 
4505	50 
4506	15 
4507	70 
4508	27 
4509	78 
4510	44 
4511	54 
4512	13 
4513	7 
4514	73 
4515	41 
4516	34 
4517	53 
4518	37 
4519	60 
4520	28 
4521	91 
4522	47 
4523	22 
4524	74 
4525	83 
4526	24 
4527	90 
4528	57 
4529	76 
4530	19 
4531	23 
4532	29 
4533	47 
4534	18 
4535	65 
4536	70 
4537	68 
4538	86 
4539	19 
4540	13 
4541	22 
4542	18 
4543	12 
4544	29 
4545	39 
4546	49 
4547	53 
4548	54 
4549	38 
4550	14 
4551	6 
4552	22 
4553	76 
4554	7 
4555	48 
4556	49 
4557	23 
4558	35 
4559	30 
4560	80 
4561	59 
4562	24 
4563	13 
4564	87 
4565	24 
4566	51 
4567	4 
4568	14 
4569	60 
4570	64 
4571	70 
4572	18 
4573	76 
4574	71 
4575	79 
4576	87 
4577	5 
4578	88 
4579	94 
4580	14 
4581	95 
4582	85 
4583	60 
4584	77 
4585	19 
4586	13 
4587	60 
4588	69 
4589	53 
4590	46 
4591	85 
4592	71 
4593	97 
4594	18 
4595	1 
4596	8 
4597	87 
4598	36 
4599	44 
4600	62 
4601	64 
4602	91 
4603	83 
4604	46 
4605	29 
4606	86 
4607	82 
4608	47 
4609	83 
4610	19 
4611	35 
4612	64 
4613	63 
4614	54 
4615	75 
4616	6 
4617	12 
4618	46 
4619	28 
4620	10 
4621	31 
4622	51 
4623	57 
4624	94 
4625	70 
4626	59 
4627	92 
4628	14 
4629	91 
4630	36 
4631	22 
4632	8 
4633	45 
4634	70 
4635	70 
4636	86 
4637	54 
4638	43 
4639	29 
4640	3 
4641	54 
4642	88 
4643	14 
4644	4 
4645	54 
4646	70 
4647	16 
4648	53 
4649	64 
4650	33 
4651	4 
4652	34 
4653	94 
4654	89 
4655	48 
4656	12 
4657	37 
4658	66 
4659	36 
4660	85 
4661	9 
4662	18 
4663	39 
4664	7 
4665	71 
4666	82 
4667	81 
4668	65 
4669	87 
4670	7 
4671	9 
4672	94 
4673	58 
4674	60 
4675	8 
4676	24 
4677	30 
4678	63 
4679	90 
4680	20 
4681	93 
4682	87 
4683	24 
4684	18 
4685	6 
4686	85 
4687	64 
4688	8 
4689	43 
4690	85 
4691	86 
4692	38 
4693	19 
4694	8 
4695	24 
4696	63 
4697	86 
4698	62 
4699	27 
4700	74 
4701	49 
4702	54 
4703	86 
4704	57 
4705	7 
4706	19 
4707	87 
4708	37 
4709	71 
4710	78 
4711	6 
4712	64 
4713	23 
4714	94 
4715	10 
4716	69 
4717	22 
4718	68 
4719	6 
4720	70 
4721	70 
4722	79 
4723	62 
4724	45 
4725	50 
4726	36 
4727	71 
4728	48 
4729	41 
4730	16 
4731	96 
4732	83 
4733	25 
4734	24 
4735	25 
4736	91 
4737	27 
4738	46 
4739	88 
4740	17 
4741	35 
4742	92 
4743	97 
4744	57 
4745	15 
4746	39 
4747	84 
4748	18 
4749	14 
4750	46 
4751	97 
4752	69 
4753	86 
4754	78 
4755	22 
4756	85 
4757	61 
4758	6 
4759	91 
4760	3 
4761	17 
4762	10 
4763	91 
4764	27 
4765	11 
4766	80 
4767	17 
4768	30 
4769	16 
4770	71 
4771	12 
4772	14 
4773	39 
4774	49 
4775	33 
4776	54 
4777	63 
4778	69 
4779	28 
4780	90 
4781	90 
4782	5 
4783	82 
4784	38 
4785	82 
4786	2 
4787	67 
4788	17 
4789	18 
4790	3 
4791	18 
4792	82 
4793	24 
4794	76 
4795	70 
4796	6 
4797	30 
4798	53 
4799	24 
4800	75 
4801	97 
4802	25 
4803	32 
4804	86 
4805	94 
4806	90 
4807	88 
4808	82 
4809	15 
4810	48 
4811	31 
4812	48 
4813	88 
4814	86 
4815	66 
4816	80 
4817	83 
4818	56 
4819	93 
4820	39 
4821	3 
4822	71 
4823	39 
4824	52 
4825	55 
4826	78 
4827	69 
4828	18 
4829	10 
4830	41 
4831	88 
4832	53 
4833	83 
4834	84 
4835	58 
4836	11 
4837	75 
4838	87 
4839	60 
4840	3 
4841	22 
4842	47 
4843	94 
4844	28 
4845	14 
4846	36 
4847	6 
4848	97 
4849	83 
4850	83 
4851	18 
4852	30 
4853	8 
4854	36 
4855	29 
4856	11 
4857	38 
4858	13 
4859	86 
4860	66 
4861	6 
4862	69 
4863	53 
4864	16 
4865	14 
4866	7 
4867	10 
4868	10 
4869	48 
4870	95 
4871	46 
4872	23 
4873	88 
4874	50 
4875	59 
4876	36 
4877	66 
4878	41 
4879	4 
4880	22 
4881	53 
4882	57 
4883	77 
4884	72 
4885	38 
4886	79 
4887	40 
4888	36 
4889	8 
4890	69 
4891	63 
4892	91 
4893	77 
4894	37 
4895	49 
4896	97 
4897	11 
4898	40 
4899	79 
4900	87 
4901	15 
4902	36 
4903	63 
4904	27 
4905	35 
4906	53 
4907	12 
4908	94 
4909	86 
4910	70 
4911	70 
4912	74 
4913	59 
4914	96 
4915	26 
4916	48 
4917	3 
4918	30 
4919	17 
4920	87 
4921	36 
4922	54 
4923	58 
4924	63 
4925	97 
4926	85 
4927	48 
4928	82 
4929	38 
4930	21 
4931	88 
4932	6 
4933	71 
4934	14 
4935	46 
4936	70 
4937	18 
4938	3 
4939	23 
4940	14 
4941	82 
4942	88 
4943	36 
4944	66 
4945	7 
4946	71 
4947	85 
4948	91 
4949	4 
4950	39 
4951	66 
4952	86 
4953	49 
4954	58 
4955	3 
4956	96 
4957	47 
4958	86 
4959	47 
4960	86 
4961	72 
4962	90 
4963	57 
4964	82 
4965	31 
4966	13 
4967	22 
4968	55 
4969	91 
4970	54 
4971	1 
4972	86 
4973	13 
4974	80 
4975	4 
4976	64 
4977	77 
4978	77 
4979	96 
4980	21 
4981	42 
4982	19 
4983	31 
4984	65 
4985	35 
4986	81 
4987	86 
4988	64 
4989	5 
4990	11 
4991	46 
4992	36 
4993	79 
4994	69 
4995	57 
4996	32 
4997	49 
4998	77 
4999	23 
5000	39 
