1	37 
2	44 
3	98 
4	3 
5	105 
6	107 
7	66 
8	4 
9	100 
10	100 
11	29 
12	63 
13	95 
14	76 
15	107 
16	60 
17	31 
18	37 
19	88 
20	55 
21	54 
22	107 
23	107 
24	17 
25	74 
26	75 
27	63 
28	32 
29	17 
30	40 
31	98 
32	94 
33	59 
34	1 
35	82 
36	9 
37	79 
38	96 
39	75 
40	41 
41	13 
42	42 
43	81 
44	36 
45	88 
46	106 
47	61 
48	93 
49	8 
50	1 
51	11 
52	91 
53	44 
54	101 
55	50 
56	1 
57	23 
58	57 
59	44 
60	70 
61	34 
62	16 
63	13 
64	3 
65	51 
66	13 
67	46 
68	24 
69	24 
70	108 
71	39 
72	3 
73	106 
74	21 
75	98 
76	19 
77	25 
78	57 
79	24 
80	33 
81	85 
82	70 
83	54 
84	97 
85	100 
86	73 
87	33 
88	71 
89	58 
90	9 
91	97 
92	81 
93	84 
94	2 
95	105 
96	49 
97	28 
98	17 
99	2 
100	51 
101	75 
102	62 
103	15 
104	60 
105	21 
106	33 
107	13 
108	4 
109	101 
110	27 
111	94 
112	101 
113	58 
114	96 
115	88 
116	57 
117	83 
118	61 
119	44 
120	107 
121	79 
122	4 
123	1 
124	82 
125	24 
126	98 
127	94 
128	45 
129	103 
130	44 
131	22 
132	7 
133	58 
134	32 
135	27 
136	75 
137	6 
138	42 
139	73 
140	22 
141	62 
142	65 
143	9 
144	99 
145	72 
146	93 
147	80 
148	4 
149	68 
150	70 
151	67 
152	67 
153	86 
154	42 
155	102 
156	85 
157	29 
158	79 
159	31 
160	12 
161	107 
162	88 
163	38 
164	106 
165	52 
166	43 
167	99 
168	42 
169	101 
170	10 
171	50 
172	7 
173	54 
174	74 
175	49 
176	91 
177	70 
178	83 
179	75 
180	33 
181	44 
182	83 
183	40 
184	45 
185	92 
186	50 
187	23 
188	82 
189	4 
190	12 
191	65 
192	48 
193	104 
194	50 
195	75 
196	3 
197	42 
198	43 
199	40 
200	88 
201	1 
202	52 
203	53 
204	88 
205	77 
206	70 
207	53 
208	48 
209	59 
210	47 
211	91 
212	50 
213	37 
214	23 
215	45 
216	75 
217	24 
218	7 
219	66 
220	101 
221	75 
222	81 
223	29 
224	13 
225	28 
226	21 
227	4 
228	15 
229	16 
230	23 
231	6 
232	12 
233	5 
234	40 
235	1 
236	57 
237	30 
238	26 
239	27 
240	43 
241	83 
242	7 
243	41 
244	18 
245	31 
246	67 
247	105 
248	86 
249	30 
250	56 
251	100 
252	26 
253	26 
254	80 
255	102 
256	43 
257	68 
258	25 
259	108 
260	107 
261	52 
262	89 
263	94 
264	26 
265	106 
266	36 
267	97 
268	32 
269	97 
270	43 
271	29 
272	13 
273	81 
274	58 
275	100 
276	71 
277	20 
278	91 
279	57 
280	69 
281	106 
282	40 
283	97 
284	74 
285	42 
286	45 
287	14 
288	67 
289	69 
290	31 
291	7 
292	40 
293	40 
294	41 
295	102 
296	68 
297	79 
298	70 
299	1 
300	51 
301	65 
302	104 
303	8 
304	21 
305	75 
306	22 
307	27 
308	26 
309	7 
310	91 
311	88 
312	100 
313	21 
314	33 
315	37 
316	69 
317	10 
318	6 
319	96 
320	8 
321	26 
322	30 
323	82 
324	62 
325	11 
326	80 
327	4 
328	68 
329	83 
330	54 
331	69 
332	26 
333	53 
334	83 
335	100 
336	51 
337	34 
338	91 
339	10 
340	39 
341	107 
342	28 
343	83 
344	27 
345	78 
346	17 
347	105 
348	75 
349	98 
350	44 
351	14 
352	63 
353	39 
354	81 
355	92 
356	40 
357	25 
358	105 
359	6 
360	83 
361	22 
362	18 
363	107 
364	107 
365	64 
366	56 
367	69 
368	52 
369	22 
370	11 
371	43 
372	48 
373	97 
374	33 
375	37 
376	28 
377	101 
378	108 
379	50 
380	15 
381	50 
382	42 
383	57 
384	12 
385	51 
386	68 
387	6 
388	9 
389	33 
390	107 
391	96 
392	89 
393	56 
394	50 
395	23 
396	37 
397	48 
398	75 
399	105 
400	85 
401	29 
402	102 
403	3 
404	6 
405	39 
406	99 
407	11 
408	59 
409	82 
410	13 
411	83 
412	54 
413	49 
414	64 
415	26 
416	12 
417	20 
418	90 
419	34 
420	24 
421	45 
422	69 
423	37 
424	94 
425	102 
426	15 
427	74 
428	88 
429	101 
430	1 
431	101 
432	12 
433	15 
434	33 
435	13 
436	63 
437	43 
438	4 
439	103 
440	107 
441	65 
442	67 
443	41 
444	56 
445	63 
446	93 
447	55 
448	80 
449	91 
450	22 
451	12 
452	69 
453	30 
454	70 
455	75 
456	47 
457	99 
458	18 
459	29 
460	1 
461	83 
462	52 
463	6 
464	29 
465	14 
466	43 
467	105 
468	10 
469	59 
470	13 
471	13 
472	13 
473	6 
474	4 
475	49 
476	93 
477	30 
478	38 
479	45 
480	69 
481	96 
482	19 
483	102 
484	56 
485	19 
486	30 
487	15 
488	13 
489	50 
490	108 
491	98 
492	83 
493	29 
494	78 
495	63 
496	71 
497	78 
498	100 
499	12 
500	102 
501	26 
502	78 
503	3 
504	81 
505	90 
506	11 
507	70 
508	15 
509	21 
510	80 
511	49 
512	14 
513	103 
514	28 
515	107 
516	70 
517	37 
518	29 
519	22 
520	9 
521	97 
522	78 
523	94 
524	11 
525	55 
526	108 
527	42 
528	100 
529	61 
530	102 
531	22 
532	83 
533	49 
534	71 
535	28 
536	81 
537	27 
538	93 
539	69 
540	76 
541	55 
542	57 
543	107 
544	83 
545	97 
546	34 
547	97 
548	32 
549	26 
550	44 
551	74 
552	21 
553	55 
554	62 
555	33 
556	86 
557	96 
558	97 
559	101 
560	104 
561	42 
562	79 
563	4 
564	105 
565	31 
566	54 
567	84 
568	97 
569	42 
570	5 
571	96 
572	17 
573	50 
574	37 
575	91 
576	22 
577	27 
578	68 
579	96 
580	79 
581	33 
582	9 
583	50 
584	69 
585	54 
586	89 
587	22 
588	96 
589	26 
590	71 
591	94 
592	98 
593	33 
594	43 
595	36 
596	15 
597	31 
598	88 
599	20 
600	92 
601	66 
602	23 
603	3 
604	50 
605	69 
606	13 
607	66 
608	94 
609	5 
610	83 
611	27 
612	79 
613	29 
614	108 
615	7 
616	89 
617	53 
618	55 
619	26 
620	70 
621	58 
622	29 
623	46 
624	18 
625	47 
626	47 
627	17 
628	20 
629	57 
630	80 
631	94 
632	69 
633	37 
634	43 
635	94 
636	54 
637	93 
638	43 
639	105 
640	19 
641	70 
642	68 
643	67 
644	91 
645	3 
646	97 
647	105 
648	26 
649	99 
650	6 
651	92 
652	79 
653	55 
654	8 
655	43 
656	96 
657	30 
658	34 
659	1 
660	83 
661	16 
662	22 
663	17 
664	29 
665	59 
666	37 
667	35 
668	9 
669	98 
670	53 
671	18 
672	44 
673	70 
674	30 
675	34 
676	101 
677	99 
678	18 
679	39 
680	39 
681	84 
682	24 
683	86 
684	39 
685	79 
686	4 
687	75 
688	77 
689	39 
690	39 
691	75 
692	32 
693	13 
694	30 
695	21 
696	57 
697	42 
698	97 
699	4 
700	75 
701	54 
702	45 
703	15 
704	96 
705	6 
706	107 
707	42 
708	59 
709	81 
710	80 
711	57 
712	61 
713	7 
714	56 
715	63 
716	88 
717	1 
718	30 
719	91 
720	90 
721	51 
722	21 
723	74 
724	98 
725	1 
726	3 
727	56 
728	17 
729	57 
730	80 
731	26 
732	87 
733	62 
734	108 
735	50 
736	32 
737	59 
738	41 
739	66 
740	63 
741	43 
742	70 
743	66 
744	21 
745	75 
746	79 
747	104 
748	107 
749	10 
750	66 
751	95 
752	49 
753	107 
754	35 
755	88 
756	70 
757	80 
758	99 
759	78 
760	101 
761	84 
762	65 
763	80 
764	3 
765	88 
766	2 
767	103 
768	90 
769	18 
770	81 
771	77 
772	49 
773	30 
774	37 
775	21 
776	7 
777	51 
778	91 
779	33 
780	103 
781	3 
782	19 
783	59 
784	104 
785	63 
786	45 
787	25 
788	36 
789	83 
790	39 
791	107 
792	69 
793	103 
794	68 
795	3 
796	43 
797	80 
798	67 
799	7 
800	70 
801	80 
802	20 
803	3 
804	70 
805	80 
806	88 
807	4 
808	37 
809	15 
810	71 
811	71 
812	50 
813	61 
814	29 
815	42 
816	68 
817	75 
818	73 
819	39 
820	4 
821	49 
822	16 
823	9 
824	12 
825	106 
826	53 
827	6 
828	16 
829	49 
830	37 
831	16 
832	18 
833	12 
834	36 
835	94 
836	104 
837	56 
838	3 
839	1 
840	33 
841	40 
842	85 
843	57 
844	56 
845	35 
846	63 
847	94 
848	37 
849	78 
850	88 
851	105 
852	62 
853	27 
854	50 
855	75 
856	47 
857	17 
858	64 
859	69 
860	95 
861	46 
862	91 
863	23 
864	2 
865	67 
866	28 
867	29 
868	89 
869	68 
870	88 
871	62 
872	42 
873	21 
874	40 
875	49 
876	29 
877	42 
878	93 
879	35 
880	87 
881	32 
882	22 
883	107 
884	48 
885	90 
886	18 
887	78 
888	88 
889	40 
890	36 
891	65 
892	28 
893	40 
894	99 
895	31 
896	76 
897	81 
898	40 
899	94 
900	29 
901	81 
902	36 
903	39 
904	103 
905	65 
906	75 
907	6 
908	7 
909	39 
910	77 
911	83 
912	85 
913	39 
914	12 
915	54 
916	75 
917	46 
918	75 
919	64 
920	22 
921	85 
922	22 
923	1 
924	101 
925	8 
926	40 
927	69 
928	107 
929	15 
930	86 
931	100 
932	75 
933	98 
934	36 
935	8 
936	58 
937	24 
938	85 
939	56 
940	105 
941	107 
942	88 
943	85 
944	91 
945	108 
946	24 
947	12 
948	89 
949	66 
950	32 
951	12 
952	53 
953	33 
954	27 
955	42 
956	40 
957	57 
958	47 
959	49 
960	6 
961	3 
962	50 
963	3 
964	75 
965	77 
966	106 
967	69 
968	66 
969	71 
970	88 
971	13 
972	77 
973	15 
974	85 
975	70 
976	16 
977	81 
978	43 
979	43 
980	75 
981	17 
982	45 
983	27 
984	15 
985	103 
986	46 
987	57 
988	39 
989	83 
990	82 
991	69 
992	68 
993	95 
994	63 
995	94 
996	84 
997	3 
998	7 
999	63 
1000	47 
1001	78 
1002	47 
1003	55 
1004	5 
1005	106 
1006	55 
1007	21 
1008	8 
1009	68 
1010	44 
1011	97 
1012	89 
1013	105 
1014	86 
1015	89 
1016	93 
1017	31 
1018	81 
1019	30 
1020	67 
1021	71 
1022	85 
1023	98 
1024	27 
1025	1 
1026	24 
1027	100 
1028	8 
1029	83 
1030	57 
1031	13 
1032	19 
1033	56 
1034	43 
1035	17 
1036	11 
1037	18 
1038	108 
1039	41 
1040	52 
1041	20 
1042	37 
1043	88 
1044	96 
1045	73 
1046	9 
1047	75 
1048	7 
1049	74 
1050	67 
1051	24 
1052	79 
1053	44 
1054	65 
1055	102 
1056	26 
1057	5 
1058	22 
1059	28 
1060	78 
1061	73 
1062	85 
1063	46 
1064	81 
1065	65 
1066	94 
1067	32 
1068	27 
1069	36 
1070	86 
1071	100 
1072	13 
1073	91 
1074	81 
1075	42 
1076	107 
1077	82 
1078	36 
1079	24 
1080	42 
1081	82 
1082	91 
1083	17 
1084	88 
1085	91 
1086	6 
1087	42 
1088	11 
1089	74 
1090	41 
1091	58 
1092	83 
1093	50 
1094	30 
1095	40 
1096	21 
1097	78 
1098	100 
1099	23 
1100	88 
1101	105 
1102	86 
1103	55 
1104	31 
1105	79 
1106	82 
1107	74 
1108	3 
1109	88 
1110	75 
1111	96 
1112	15 
1113	48 
1114	14 
1115	43 
1116	87 
1117	36 
1118	83 
1119	77 
1120	58 
1121	95 
1122	61 
1123	32 
1124	65 
1125	40 
1126	96 
1127	49 
1128	19 
1129	79 
1130	75 
1131	49 
1132	68 
1133	24 
1134	7 
1135	71 
1136	52 
1137	94 
1138	88 
1139	105 
1140	99 
1141	83 
1142	68 
1143	58 
1144	69 
1145	3 
1146	57 
1147	29 
1148	25 
1149	98 
1150	49 
1151	28 
1152	44 
1153	108 
1154	97 
1155	57 
1156	55 
1157	35 
1158	86 
1159	50 
1160	91 
1161	69 
1162	3 
1163	29 
1164	67 
1165	78 
1166	3 
1167	17 
1168	88 
1169	32 
1170	50 
1171	44 
1172	104 
1173	18 
1174	70 
1175	70 
1176	3 
1177	67 
1178	1 
1179	27 
1180	9 
1181	57 
1182	97 
1183	32 
1184	94 
1185	3 
1186	61 
1187	99 
1188	50 
1189	70 
1190	108 
1191	53 
1192	3 
1193	30 
1194	4 
1195	27 
1196	94 
1197	7 
1198	22 
1199	39 
1200	57 
1201	71 
1202	96 
1203	60 
1204	7 
1205	29 
1206	22 
1207	95 
1208	75 
1209	49 
1210	15 
1211	15 
1212	58 
1213	6 
1214	88 
1215	79 
1216	63 
1217	69 
1218	29 
1219	44 
1220	75 
1221	32 
1222	97 
1223	32 
1224	42 
1225	24 
1226	18 
1227	81 
1228	16 
1229	106 
1230	53 
1231	96 
1232	57 
1233	7 
1234	91 
1235	22 
1236	57 
1237	30 
1238	12 
1239	55 
1240	56 
1241	90 
1242	105 
1243	18 
1244	94 
1245	17 
1246	81 
1247	85 
1248	17 
1249	63 
1250	97 
1251	44 
1252	56 
1253	34 
1254	97 
1255	4 
1256	96 
1257	92 
1258	61 
1259	97 
1260	78 
1261	48 
1262	57 
1263	37 
1264	38 
1265	33 
1266	3 
1267	107 
1268	23 
1269	70 
1270	35 
1271	90 
1272	7 
1273	71 
1274	81 
1275	43 
1276	50 
1277	107 
1278	22 
1279	7 
1280	108 
1281	57 
1282	38 
1283	27 
1284	17 
1285	1 
1286	105 
1287	76 
1288	101 
1289	24 
1290	24 
1291	15 
1292	52 
1293	96 
1294	3 
1295	15 
1296	103 
1297	34 
1298	93 
1299	38 
1300	11 
1301	37 
1302	88 
1303	30 
1304	43 
1305	55 
1306	75 
1307	4 
1308	59 
1309	47 
1310	73 
1311	79 
1312	7 
1313	27 
1314	10 
1315	68 
1316	81 
1317	18 
1318	13 
1319	107 
1320	40 
1321	6 
1322	8 
1323	50 
1324	97 
1325	73 
1326	17 
1327	35 
1328	36 
1329	79 
1330	63 
1331	48 
1332	99 
1333	49 
1334	69 
1335	103 
1336	3 
1337	16 
1338	31 
1339	6 
1340	100 
1341	57 
1342	10 
1343	15 
1344	69 
1345	40 
1346	102 
1347	29 
1348	83 
1349	88 
1350	16 
1351	57 
1352	93 
1353	107 
1354	63 
1355	93 
1356	69 
1357	70 
1358	4 
1359	70 
1360	32 
1361	58 
1362	93 
1363	3 
1364	78 
1365	5 
1366	84 
1367	85 
1368	1 
1369	99 
1370	91 
1371	82 
1372	4 
1373	76 
1374	30 
1375	78 
1376	104 
1377	71 
1378	31 
1379	17 
1380	83 
1381	101 
1382	105 
1383	100 
1384	18 
1385	88 
1386	100 
1387	37 
1388	96 
1389	42 
1390	76 
1391	39 
1392	40 
1393	15 
1394	67 
1395	1 
1396	44 
1397	82 
1398	96 
1399	97 
1400	10 
1401	56 
1402	79 
1403	26 
1404	29 
1405	97 
1406	44 
1407	52 
1408	79 
1409	59 
1410	50 
1411	97 
1412	45 
1413	21 
1414	66 
1415	37 
1416	10 
1417	55 
1418	17 
1419	95 
1420	85 
1421	40 
1422	43 
1423	65 
1424	77 
1425	48 
1426	27 
1427	55 
1428	93 
1429	70 
1430	50 
1431	91 
1432	3 
1433	43 
1434	29 
1435	73 
1436	34 
1437	12 
1438	89 
1439	62 
1440	36 
1441	4 
1442	21 
1443	64 
1444	87 
1445	14 
1446	17 
1447	43 
1448	100 
1449	84 
1450	49 
1451	68 
1452	4 
1453	81 
1454	52 
1455	75 
1456	91 
1457	75 
1458	81 
1459	98 
1460	42 
1461	31 
1462	24 
1463	90 
1464	30 
1465	51 
1466	40 
1467	21 
1468	16 
1469	75 
1470	66 
1471	16 
1472	79 
1473	28 
1474	12 
1475	107 
1476	84 
1477	16 
1478	65 
1479	77 
1480	94 
1481	100 
1482	15 
1483	39 
1484	92 
1485	104 
1486	100 
1487	95 
1488	51 
1489	41 
1490	7 
1491	42 
1492	96 
1493	65 
1494	101 
1495	17 
1496	83 
1497	51 
1498	63 
1499	81 
1500	75 
1501	30 
1502	103 
1503	67 
1504	100 
1505	103 
1506	32 
1507	48 
1508	65 
1509	39 
1510	13 
1511	42 
1512	57 
1513	27 
1514	48 
1515	100 
1516	88 
1517	105 
1518	40 
1519	81 
1520	17 
1521	108 
1522	51 
1523	74 
1524	18 
1525	30 
1526	88 
1527	59 
1528	39 
1529	12 
1530	61 
1531	28 
1532	4 
1533	36 
1534	101 
1535	94 
1536	89 
1537	29 
1538	41 
1539	42 
1540	50 
1541	42 
1542	75 
1543	96 
1544	2 
1545	6 
1546	63 
1547	67 
1548	76 
1549	81 
1550	13 
1551	59 
1552	75 
1553	20 
1554	100 
1555	30 
1556	107 
1557	81 
1558	73 
1559	15 
1560	20 
1561	3 
1562	54 
1563	46 
1564	38 
1565	67 
1566	93 
1567	29 
1568	105 
1569	68 
1570	100 
1571	39 
1572	44 
1573	16 
1574	70 
1575	45 
1576	72 
1577	96 
1578	64 
1579	91 
1580	20 
1581	36 
1582	34 
1583	4 
1584	104 
1585	17 
1586	50 
1587	17 
1588	88 
1589	40 
1590	82 
1591	12 
1592	32 
1593	63 
1594	89 
1595	5 
1596	41 
1597	4 
1598	19 
1599	47 
1600	40 
1601	5 
1602	100 
1603	95 
1604	107 
1605	37 
1606	19 
1607	104 
1608	49 
1609	96 
1610	65 
1611	38 
1612	105 
1613	4 
1614	4 
1615	17 
1616	57 
1617	68 
1618	103 
1619	21 
1620	18 
1621	15 
1622	44 
1623	103 
1624	100 
1625	70 
1626	13 
1627	85 
1628	47 
1629	75 
1630	57 
1631	108 
1632	43 
1633	98 
1634	95 
1635	30 
1636	29 
1637	20 
1638	22 
1639	99 
1640	21 
1641	58 
1642	3 
1643	10 
1644	100 
1645	32 
1646	19 
1647	41 
1648	56 
1649	33 
1650	81 
1651	95 
1652	37 
1653	67 
1654	55 
1655	75 
1656	14 
1657	67 
1658	42 
1659	95 
1660	91 
1661	106 
1662	80 
1663	19 
1664	28 
1665	33 
1666	1 
1667	20 
1668	100 
1669	35 
1670	13 
1671	80 
1672	61 
1673	70 
1674	70 
1675	40 
1676	67 
1677	42 
1678	61 
1679	96 
1680	31 
1681	75 
1682	32 
1683	54 
1684	26 
1685	33 
1686	94 
1687	108 
1688	54 
1689	95 
1690	53 
1691	60 
1692	63 
1693	84 
1694	59 
1695	3 
1696	104 
1697	21 
1698	47 
1699	79 
1700	42 
1701	32 
1702	34 
1703	99 
1704	8 
1705	98 
1706	68 
1707	97 
1708	21 
1709	4 
1710	98 
1711	39 
1712	26 
1713	73 
1714	80 
1715	54 
1716	100 
1717	74 
1718	61 
1719	42 
1720	20 
1721	49 
1722	4 
1723	96 
1724	75 
1725	50 
1726	63 
1727	105 
1728	88 
1729	100 
1730	73 
1731	6 
1732	6 
1733	46 
1734	86 
1735	37 
1736	105 
1737	15 
1738	57 
1739	101 
1740	32 
1741	104 
1742	11 
1743	23 
1744	15 
1745	73 
1746	1 
1747	44 
1748	30 
1749	41 
1750	13 
1751	46 
1752	103 
1753	17 
1754	26 
1755	16 
1756	98 
1757	94 
1758	17 
1759	12 
1760	45 
1761	55 
1762	94 
1763	88 
1764	15 
1765	42 
1766	21 
1767	22 
1768	41 
1769	21 
1770	95 
1771	50 
1772	3 
1773	94 
1774	25 
1775	94 
1776	101 
1777	91 
1778	73 
1779	15 
1780	26 
1781	26 
1782	85 
1783	40 
1784	49 
1785	35 
1786	15 
1787	85 
1788	85 
1789	6 
1790	55 
1791	31 
1792	1 
1793	93 
1794	73 
1795	67 
1796	19 
1797	50 
1798	54 
1799	104 
1800	75 
1801	61 
1802	47 
1803	96 
1804	48 
1805	67 
1806	13 
1807	72 
1808	101 
1809	81 
1810	69 
1811	91 
1812	86 
1813	76 
1814	13 
1815	91 
1816	70 
1817	97 
1818	66 
1819	105 
1820	6 
1821	105 
1822	17 
1823	15 
1824	42 
1825	97 
1826	91 
1827	91 
1828	34 
1829	22 
1830	75 
1831	88 
1832	37 
1833	41 
1834	11 
1835	24 
1836	77 
1837	44 
1838	70 
1839	81 
1840	77 
1841	81 
1842	18 
1843	78 
1844	91 
1845	28 
1846	75 
1847	36 
1848	67 
1849	4 
1850	63 
1851	91 
1852	102 
1853	19 
1854	70 
1855	75 
1856	50 
1857	18 
1858	9 
1859	37 
1860	83 
1861	28 
1862	32 
1863	75 
1864	7 
1865	22 
1866	69 
1867	7 
1868	3 
1869	43 
1870	7 
1871	108 
1872	31 
1873	103 
1874	67 
1875	34 
1876	27 
1877	33 
1878	37 
1879	98 
1880	66 
1881	88 
1882	35 
1883	45 
1884	107 
1885	85 
1886	97 
1887	17 
1888	103 
1889	43 
1890	100 
1891	97 
1892	47 
1893	22 
1894	96 
1895	91 
1896	87 
1897	3 
1898	39 
1899	70 
1900	21 
1901	52 
1902	40 
1903	6 
1904	38 
1905	19 
1906	39 
1907	18 
1908	71 
1909	46 
1910	88 
1911	27 
1912	72 
1913	34 
1914	37 
1915	33 
1916	39 
1917	82 
1918	89 
1919	45 
1920	16 
1921	107 
1922	82 
1923	15 
1924	22 
1925	54 
1926	92 
1927	32 
1928	29 
1929	85 
1930	57 
1931	77 
1932	101 
1933	22 
1934	35 
1935	41 
1936	45 
1937	16 
1938	15 
1939	22 
1940	59 
1941	83 
1942	1 
1943	21 
1944	36 
1945	10 
1946	63 
1947	100 
1948	3 
1949	39 
1950	90 
1951	88 
1952	97 
1953	89 
1954	50 
1955	107 
1956	7 
1957	18 
1958	28 
1959	80 
1960	97 
1961	95 
1962	7 
1963	27 
1964	4 
1965	63 
1966	17 
1967	15 
1968	46 
1969	3 
1970	83 
1971	30 
1972	52 
1973	107 
1974	67 
1975	59 
1976	17 
1977	42 
1978	75 
1979	3 
1980	88 
1981	66 
1982	107 
1983	14 
1984	65 
1985	100 
1986	86 
1987	6 
1988	91 
1989	81 
1990	66 
1991	38 
1992	51 
1993	50 
1994	42 
1995	96 
1996	28 
1997	67 
1998	96 
1999	3 
2000	100 
2001	69 
2002	4 
2003	38 
2004	2 
2005	22 
2006	99 
2007	17 
2008	96 
2009	8 
2010	10 
2011	24 
2012	92 
2013	29 
2014	30 
2015	5 
2016	8 
2017	37 
2018	45 
2019	46 
2020	103 
2021	58 
2022	71 
2023	73 
2024	19 
2025	18 
2026	70 
2027	13 
2028	42 
2029	95 
2030	15 
2031	20 
2032	25 
2033	100 
2034	12 
2035	93 
2036	15 
2037	46 
2038	94 
2039	42 
2040	71 
2041	94 
2042	105 
2043	4 
2044	22 
2045	32 
2046	77 
2047	75 
2048	29 
2049	32 
2050	49 
2051	88 
2052	102 
2053	28 
2054	93 
2055	14 
2056	89 
2057	91 
2058	22 
2059	36 
2060	23 
2061	70 
2062	98 
2063	30 
2064	83 
2065	18 
2066	105 
2067	7 
2068	29 
2069	81 
2070	94 
2071	52 
2072	96 
2073	63 
2074	15 
2075	30 
2076	28 
2077	75 
2078	38 
2079	50 
2080	76 
2081	7 
2082	86 
2083	100 
2084	96 
2085	10 
2086	31 
2087	8 
2088	100 
2089	81 
2090	15 
2091	42 
2092	69 
2093	67 
2094	29 
2095	21 
2096	18 
2097	26 
2098	32 
2099	27 
2100	14 
2101	69 
2102	38 
2103	104 
2104	65 
2105	94 
2106	98 
2107	24 
2108	100 
2109	72 
2110	108 
2111	17 
2112	16 
2113	96 
2114	21 
2115	17 
2116	84 
2117	10 
2118	39 
2119	10 
2120	91 
2121	69 
2122	108 
2123	15 
2124	12 
2125	18 
2126	105 
2127	2 
2128	4 
2129	52 
2130	46 
2131	98 
2132	55 
2133	59 
2134	13 
2135	88 
2136	84 
2137	43 
2138	11 
2139	58 
2140	32 
2141	7 
2142	102 
2143	91 
2144	97 
2145	22 
2146	70 
2147	88 
2148	28 
2149	39 
2150	68 
2151	42 
2152	14 
2153	22 
2154	63 
2155	69 
2156	12 
2157	65 
2158	69 
2159	33 
2160	97 
2161	29 
2162	29 
2163	80 
2164	17 
2165	42 
2166	48 
2167	88 
2168	69 
2169	7 
2170	49 
2171	43 
2172	82 
2173	95 
2174	57 
2175	2 
2176	64 
2177	43 
2178	81 
2179	42 
2180	79 
2181	98 
2182	50 
2183	70 
2184	69 
2185	43 
2186	83 
2187	54 
2188	6 
2189	25 
2190	4 
2191	13 
2192	80 
2193	6 
2194	93 
2195	97 
2196	29 
2197	41 
2198	6 
2199	72 
2200	92 
2201	71 
2202	31 
2203	32 
2204	100 
2205	13 
2206	64 
2207	37 
2208	50 
2209	41 
2210	100 
2211	87 
2212	15 
2213	42 
2214	106 
2215	4 
2216	15 
2217	10 
2218	97 
2219	39 
2220	53 
2221	6 
2222	76 
2223	22 
2224	105 
2225	78 
2226	103 
2227	32 
2228	43 
2229	105 
2230	35 
2231	62 
2232	99 
2233	25 
2234	107 
2235	85 
2236	19 
2237	94 
2238	65 
2239	40 
2240	6 
2241	42 
2242	83 
2243	58 
2244	28 
2245	81 
2246	36 
2247	104 
2248	93 
2249	70 
2250	17 
2251	94 
2252	70 
2253	67 
2254	78 
2255	63 
2256	75 
2257	32 
2258	103 
2259	47 
2260	3 
2261	70 
2262	62 
2263	99 
2264	27 
2265	91 
2266	31 
2267	81 
2268	34 
2269	61 
2270	74 
2271	11 
2272	95 
2273	34 
2274	4 
2275	89 
2276	35 
2277	19 
2278	30 
2279	80 
2280	50 
2281	11 
2282	57 
2283	91 
2284	95 
2285	55 
2286	68 
2287	46 
2288	32 
2289	32 
2290	90 
2291	47 
2292	84 
2293	37 
2294	96 
2295	35 
2296	70 
2297	61 
2298	36 
2299	21 
2300	96 
2301	98 
2302	70 
2303	68 
2304	27 
2305	63 
2306	70 
2307	5 
2308	15 
2309	3 
2310	22 
2311	29 
2312	13 
2313	29 
2314	63 
2315	56 
2316	38 
2317	22 
2318	35 
2319	6 
2320	80 
2321	3 
2322	91 
2323	7 
2324	50 
2325	100 
2326	96 
2327	22 
2328	17 
2329	39 
2330	48 
2331	12 
2332	15 
2333	48 
2334	13 
2335	63 
2336	67 
2337	9 
2338	96 
2339	63 
2340	106 
2341	70 
2342	20 
2343	3 
2344	3 
2345	6 
2346	101 
2347	11 
2348	19 
2349	73 
2350	82 
2351	57 
2352	48 
2353	40 
2354	63 
2355	15 
2356	50 
2357	42 
2358	93 
2359	46 
2360	33 
2361	3 
2362	88 
2363	82 
2364	75 
2365	91 
2366	88 
2367	32 
2368	87 
2369	37 
2370	32 
2371	37 
2372	48 
2373	6 
2374	48 
2375	20 
2376	50 
2377	88 
2378	62 
2379	4 
2380	83 
2381	70 
2382	2 
2383	5 
2384	70 
2385	60 
2386	107 
2387	68 
2388	37 
2389	94 
2390	78 
2391	47 
2392	83 
2393	101 
2394	7 
2395	93 
2396	44 
2397	11 
2398	35 
2399	4 
2400	76 
2401	39 
2402	13 
2403	62 
2404	69 
2405	105 
2406	42 
2407	91 
2408	98 
2409	4 
2410	24 
2411	41 
2412	101 
2413	76 
2414	42 
2415	47 
2416	17 
2417	6 
2418	43 
2419	84 
2420	107 
2421	11 
2422	53 
2423	47 
2424	24 
2425	15 
2426	50 
2427	4 
2428	44 
2429	99 
2430	39 
2431	27 
2432	95 
2433	31 
2434	22 
2435	57 
2436	36 
2437	58 
2438	78 
2439	92 
2440	81 
2441	94 
2442	12 
2443	25 
2444	77 
2445	46 
2446	101 
2447	68 
2448	57 
2449	23 
2450	37 
2451	6 
2452	107 
2453	72 
2454	88 
2455	14 
2456	4 
2457	100 
2458	71 
2459	96 
2460	78 
2461	91 
2462	72 
2463	16 
2464	92 
2465	23 
2466	3 
2467	69 
2468	1 
2469	21 
2470	53 
2471	88 
2472	64 
2473	31 
2474	105 
2475	97 
2476	37 
2477	40 
2478	31 
2479	75 
2480	32 
2481	70 
2482	78 
2483	34 
2484	21 
2485	95 
2486	105 
2487	58 
2488	100 
2489	36 
2490	89 
2491	11 
2492	76 
2493	43 
2494	47 
2495	36 
2496	85 
2497	33 
2498	105 
2499	75 
2500	18 
2501	1 
2502	18 
2503	78 
2504	3 
2505	3 
2506	6 
2507	87 
2508	58 
2509	55 
2510	43 
2511	31 
2512	99 
2513	43 
2514	80 
2515	26 
2516	93 
2517	52 
2518	34 
2519	42 
2520	4 
2521	45 
2522	49 
2523	6 
2524	95 
2525	96 
2526	2 
2527	42 
2528	79 
2529	30 
2530	51 
2531	60 
2532	56 
2533	95 
2534	81 
2535	76 
2536	78 
2537	51 
2538	55 
2539	17 
2540	27 
2541	60 
2542	88 
2543	30 
2544	57 
2545	37 
2546	107 
2547	43 
2548	7 
2549	2 
2550	95 
2551	11 
2552	75 
2553	45 
2554	64 
2555	42 
2556	76 
2557	53 
2558	30 
2559	10 
2560	87 
2561	17 
2562	40 
2563	34 
2564	64 
2565	37 
2566	4 
2567	12 
2568	57 
2569	89 
2570	106 
2571	51 
2572	45 
2573	21 
2574	30 
2575	27 
2576	69 
2577	27 
2578	23 
2579	99 
2580	42 
2581	98 
2582	72 
2583	93 
2584	36 
2585	18 
2586	13 
2587	78 
2588	91 
2589	83 
2590	17 
2591	33 
2592	22 
2593	17 
2594	26 
2595	7 
2596	94 
2597	39 
2598	64 
2599	37 
2600	48 
2601	91 
2602	4 
2603	40 
2604	69 
2605	52 
2606	75 
2607	15 
2608	19 
2609	31 
2610	93 
2611	67 
2612	41 
2613	71 
2614	100 
2615	41 
2616	32 
2617	72 
2618	32 
2619	34 
2620	67 
2621	88 
2622	29 
2623	97 
2624	50 
2625	98 
2626	33 
2627	65 
2628	12 
2629	93 
2630	2 
2631	58 
2632	79 
2633	81 
2634	56 
2635	93 
2636	15 
2637	7 
2638	7 
2639	100 
2640	45 
2641	4 
2642	43 
2643	93 
2644	66 
2645	103 
2646	6 
2647	96 
2648	32 
2649	77 
2650	81 
2651	105 
2652	35 
2653	5 
2654	32 
2655	40 
2656	91 
2657	103 
2658	57 
2659	15 
2660	40 
2661	103 
2662	12 
2663	39 
2664	48 
2665	3 
2666	32 
2667	96 
2668	3 
2669	49 
2670	99 
2671	20 
2672	39 
2673	96 
2674	27 
2675	102 
2676	69 
2677	105 
2678	35 
2679	90 
2680	81 
2681	82 
2682	12 
2683	88 
2684	14 
2685	86 
2686	55 
2687	34 
2688	34 
2689	99 
2690	58 
2691	93 
2692	78 
2693	3 
2694	49 
2695	64 
2696	78 
2697	93 
2698	33 
2699	73 
2700	57 
2701	97 
2702	16 
2703	9 
2704	99 
2705	9 
2706	58 
2707	75 
2708	91 
2709	24 
2710	13 
2711	43 
2712	18 
2713	2 
2714	40 
2715	56 
2716	29 
2717	51 
2718	46 
2719	76 
2720	75 
2721	82 
2722	57 
2723	78 
2724	30 
2725	15 
2726	56 
2727	50 
2728	107 
2729	28 
2730	87 
2731	18 
2732	13 
2733	81 
2734	7 
2735	11 
2736	91 
2737	22 
2738	99 
2739	58 
2740	4 
2741	41 
2742	57 
2743	26 
2744	13 
2745	88 
2746	16 
2747	34 
2748	99 
2749	1 
2750	28 
2751	34 
2752	107 
2753	108 
2754	101 
2755	5 
2756	93 
2757	46 
2758	15 
2759	32 
2760	22 
2761	6 
2762	16 
2763	39 
2764	29 
2765	4 
2766	69 
2767	99 
2768	12 
2769	7 
2770	107 
2771	15 
2772	10 
2773	106 
2774	32 
2775	32 
2776	94 
2777	17 
2778	86 
2779	18 
2780	4 
2781	97 
2782	77 
2783	17 
2784	81 
2785	68 
2786	42 
2787	53 
2788	87 
2789	22 
2790	78 
2791	93 
2792	13 
2793	88 
2794	70 
2795	61 
2796	87 
2797	31 
2798	95 
2799	87 
2800	52 
2801	70 
2802	70 
2803	76 
2804	81 
2805	4 
2806	22 
2807	63 
2808	72 
2809	85 
2810	48 
2811	105 
2812	85 
2813	83 
2814	88 
2815	93 
2816	26 
2817	48 
2818	34 
2819	9 
2820	65 
2821	94 
2822	75 
2823	22 
2824	67 
2825	6 
2826	42 
2827	78 
2828	85 
2829	30 
2830	20 
2831	50 
2832	93 
2833	81 
2834	75 
2835	85 
2836	73 
2837	32 
2838	93 
2839	105 
2840	103 
2841	107 
2842	73 
2843	29 
2844	15 
2845	100 
2846	62 
2847	42 
2848	3 
2849	20 
2850	83 
2851	91 
2852	21 
2853	48 
2854	105 
2855	107 
2856	4 
2857	40 
2858	18 
2859	16 
2860	63 
2861	88 
2862	50 
2863	57 
2864	105 
2865	54 
2866	24 
2867	19 
2868	86 
2869	70 
2870	42 
2871	77 
2872	56 
2873	48 
2874	38 
2875	72 
2876	22 
2877	27 
2878	43 
2879	64 
2880	77 
2881	12 
2882	49 
2883	76 
2884	61 
2885	32 
2886	106 
2887	106 
2888	83 
2889	89 
2890	99 
2891	102 
2892	90 
2893	67 
2894	69 
2895	3 
2896	94 
2897	71 
2898	84 
2899	75 
2900	22 
2901	57 
2902	78 
2903	17 
2904	34 
2905	15 
2906	94 
2907	63 
2908	34 
2909	106 
2910	24 
2911	52 
2912	98 
2913	91 
2914	73 
2915	68 
2916	17 
2917	94 
2918	101 
2919	49 
2920	43 
2921	83 
2922	62 
2923	43 
2924	9 
2925	50 
2926	17 
2927	89 
2928	58 
2929	29 
2930	3 
2931	37 
2932	94 
2933	71 
2934	88 
2935	88 
2936	81 
2937	47 
2938	11 
2939	21 
2940	63 
2941	100 
2942	67 
2943	58 
2944	25 
2945	26 
2946	47 
2947	16 
2948	57 
2949	42 
2950	83 
2951	48 
2952	82 
2953	57 
2954	33 
2955	98 
2956	20 
2957	10 
2958	65 
2959	57 
2960	12 
2961	7 
2962	27 
2963	53 
2964	56 
2965	35 
2966	4 
2967	44 
2968	41 
2969	32 
2970	50 
2971	42 
2972	108 
2973	16 
2974	61 
2975	78 
2976	24 
2977	34 
2978	53 
2979	94 
2980	56 
2981	77 
2982	52 
2983	83 
2984	33 
2985	42 
2986	76 
2987	36 
2988	81 
2989	81 
2990	13 
2991	108 
2992	20 
2993	72 
2994	42 
2995	59 
2996	18 
2997	65 
2998	17 
2999	42 
3000	30 
3001	7 
3002	65 
3003	79 
3004	35 
3005	70 
3006	22 
3007	29 
3008	40 
3009	28 
3010	78 
3011	1 
3012	3 
3013	83 
3014	36 
3015	25 
3016	32 
3017	99 
3018	73 
3019	79 
3020	17 
3021	100 
3022	108 
3023	81 
3024	48 
3025	44 
3026	67 
3027	57 
3028	51 
3029	91 
3030	54 
3031	3 
3032	35 
3033	56 
3034	11 
3035	13 
3036	30 
3037	78 
3038	32 
3039	38 
3040	14 
3041	4 
3042	67 
3043	72 
3044	22 
3045	6 
3046	63 
3047	31 
3048	11 
3049	54 
3050	103 
3051	69 
3052	59 
3053	66 
3054	87 
3055	69 
3056	80 
3057	22 
3058	108 
3059	32 
3060	17 
3061	13 
3062	5 
3063	96 
3064	72 
3065	3 
3066	36 
3067	28 
3068	1 
3069	18 
3070	60 
3071	11 
3072	97 
3073	107 
3074	4 
3075	83 
3076	24 
3077	57 
3078	99 
3079	91 
3080	12 
3081	83 
3082	4 
3083	96 
3084	68 
3085	37 
3086	76 
3087	64 
3088	26 
3089	63 
3090	72 
3091	31 
3092	44 
3093	79 
3094	43 
3095	81 
3096	26 
3097	57 
3098	3 
3099	17 
3100	31 
3101	3 
3102	1 
3103	99 
3104	12 
3105	29 
3106	96 
3107	57 
3108	38 
3109	88 
3110	83 
3111	101 
3112	22 
3113	70 
3114	40 
3115	25 
3116	70 
3117	86 
3118	97 
3119	61 
3120	100 
3121	22 
3122	3 
3123	49 
3124	40 
3125	70 
3126	12 
3127	107 
3128	31 
3129	73 
3130	57 
3131	13 
3132	50 
3133	81 
3134	40 
3135	17 
3136	29 
3137	42 
3138	50 
3139	83 
3140	3 
3141	52 
3142	26 
3143	43 
3144	35 
3145	73 
3146	88 
3147	19 
3148	69 
3149	62 
3150	2 
3151	20 
3152	54 
3153	70 
3154	70 
3155	79 
3156	75 
3157	105 
3158	40 
3159	100 
3160	76 
3161	11 
3162	88 
3163	86 
3164	94 
3165	4 
3166	88 
3167	50 
3168	95 
3169	6 
3170	89 
3171	107 
3172	78 
3173	73 
3174	70 
3175	32 
3176	8 
3177	61 
3178	12 
3179	81 
3180	40 
3181	3 
3182	58 
3183	26 
3184	67 
3185	95 
3186	33 
3187	9 
3188	43 
3189	46 
3190	52 
3191	99 
3192	100 
3193	87 
3194	89 
3195	18 
3196	88 
3197	107 
3198	20 
3199	49 
3200	94 
3201	37 
3202	26 
3203	44 
3204	42 
3205	94 
3206	88 
3207	56 
3208	103 
3209	2 
3210	29 
3211	94 
3212	103 
3213	91 
3214	95 
3215	62 
3216	93 
3217	63 
3218	39 
3219	13 
3220	11 
3221	79 
3222	73 
3223	78 
3224	92 
3225	7 
3226	78 
3227	94 
3228	79 
3229	30 
3230	50 
3231	81 
3232	87 
3233	105 
3234	76 
3235	37 
3236	96 
3237	36 
3238	107 
3239	68 
3240	25 
3241	95 
3242	6 
3243	4 
3244	15 
3245	22 
3246	21 
3247	82 
3248	88 
3249	32 
3250	53 
3251	95 
3252	3 
3253	71 
3254	37 
3255	20 
3256	89 
3257	91 
3258	69 
3259	105 
3260	12 
3261	78 
3262	81 
3263	55 
3264	9 
3265	79 
3266	82 
3267	61 
3268	81 
3269	70 
3270	52 
3271	100 
3272	54 
3273	89 
3274	9 
3275	66 
3276	45 
3277	69 
3278	70 
3279	29 
3280	13 
3281	39 
3282	96 
3283	21 
3284	38 
3285	51 
3286	43 
3287	3 
3288	4 
3289	81 
3290	5 
3291	61 
3292	44 
3293	81 
3294	15 
3295	48 
3296	108 
3297	11 
3298	88 
3299	96 
3300	37 
3301	82 
3302	34 
3303	107 
3304	42 
3305	96 
3306	61 
3307	72 
3308	83 
3309	39 
3310	42 
3311	85 
3312	100 
3313	1 
3314	94 
3315	52 
3316	33 
3317	25 
3318	56 
3319	57 
3320	28 
3321	32 
3322	23 
3323	3 
3324	57 
3325	40 
3326	60 
3327	97 
3328	24 
3329	27 
3330	67 
3331	8 
3332	40 
3333	33 
3334	96 
3335	84 
3336	108 
3337	80 
3338	57 
3339	26 
3340	80 
3341	82 
3342	13 
3343	37 
3344	35 
3345	2 
3346	91 
3347	101 
3348	63 
3349	24 
3350	37 
3351	46 
3352	70 
3353	93 
3354	4 
3355	77 
3356	104 
3357	88 
3358	79 
3359	107 
3360	61 
3361	81 
3362	70 
3363	106 
3364	90 
3365	4 
3366	6 
3367	93 
3368	43 
3369	103 
3370	96 
3371	3 
3372	73 
3373	107 
3374	3 
3375	37 
3376	91 
3377	70 
3378	34 
3379	32 
3380	59 
3381	50 
3382	35 
3383	101 
3384	30 
3385	15 
3386	19 
3387	108 
3388	85 
3389	69 
3390	57 
3391	88 
3392	40 
3393	75 
3394	9 
3395	94 
3396	27 
3397	12 
3398	78 
3399	96 
3400	85 
3401	73 
3402	69 
3403	88 
3404	13 
3405	72 
3406	100 
3407	61 
3408	20 
3409	93 
3410	90 
3411	15 
3412	42 
3413	1 
3414	3 
3415	3 
3416	69 
3417	37 
3418	3 
3419	25 
3420	101 
3421	34 
3422	13 
3423	106 
3424	104 
3425	68 
3426	93 
3427	13 
3428	108 
3429	17 
3430	2 
3431	28 
3432	28 
3433	78 
3434	32 
3435	43 
3436	81 
3437	72 
3438	103 
3439	100 
3440	25 
3441	6 
3442	20 
3443	63 
3444	60 
3445	7 
3446	23 
3447	99 
3448	4 
3449	100 
3450	107 
3451	105 
3452	81 
3453	37 
3454	69 
3455	88 
3456	82 
3457	67 
3458	103 
3459	15 
3460	97 
3461	96 
3462	46 
3463	94 
3464	28 
3465	56 
3466	91 
3467	88 
3468	29 
3469	103 
3470	40 
3471	67 
3472	96 
3473	37 
3474	88 
3475	22 
3476	58 
3477	60 
3478	89 
3479	47 
3480	100 
3481	29 
3482	72 
3483	92 
3484	99 
3485	70 
3486	13 
3487	62 
3488	70 
3489	57 
3490	96 
3491	11 
3492	94 
3493	96 
3494	47 
3495	1 
3496	77 
3497	96 
3498	75 
3499	70 
3500	87 
3501	59 
3502	103 
3503	71 
3504	37 
3505	17 
3506	69 
3507	13 
3508	69 
3509	16 
3510	39 
3511	30 
3512	94 
3513	65 
3514	75 
3515	20 
3516	32 
3517	50 
3518	102 
3519	69 
3520	101 
3521	100 
3522	18 
3523	30 
3524	105 
3525	5 
3526	46 
3527	36 
3528	27 
3529	58 
3530	22 
3531	4 
3532	96 
3533	39 
3534	77 
3535	94 
3536	19 
3537	28 
3538	62 
3539	8 
3540	69 
3541	57 
3542	40 
3543	28 
3544	17 
3545	64 
3546	107 
3547	70 
3548	105 
3549	32 
3550	39 
3551	6 
3552	35 
3553	101 
3554	91 
3555	39 
3556	27 
3557	50 
3558	5 
3559	29 
3560	100 
3561	91 
3562	75 
3563	98 
3564	12 
3565	81 
3566	22 
3567	40 
3568	34 
3569	69 
3570	83 
3571	70 
3572	21 
3573	4 
3574	93 
3575	50 
3576	3 
3577	62 
3578	37 
3579	80 
3580	95 
3581	59 
3582	107 
3583	6 
3584	99 
3585	30 
3586	107 
3587	98 
3588	78 
3589	43 
3590	40 
3591	35 
3592	107 
3593	12 
3594	8 
3595	94 
3596	3 
3597	9 
3598	12 
3599	81 
3600	90 
3601	1 
3602	27 
3603	13 
3604	8 
3605	21 
3606	26 
3607	68 
3608	48 
3609	33 
3610	26 
3611	7 
3612	24 
3613	3 
3614	97 
3615	7 
3616	8 
3617	107 
3618	55 
3619	56 
3620	26 
3621	84 
3622	107 
3623	49 
3624	13 
3625	30 
3626	86 
3627	22 
3628	63 
3629	18 
3630	83 
3631	83 
3632	15 
3633	103 
3634	92 
3635	103 
3636	88 
3637	21 
3638	107 
3639	78 
3640	40 
3641	27 
3642	13 
3643	47 
3644	91 
3645	97 
3646	9 
3647	15 
3648	38 
3649	93 
3650	98 
3651	27 
3652	21 
3653	106 
3654	99 
3655	57 
3656	95 
3657	70 
3658	42 
3659	84 
3660	68 
3661	70 
3662	12 
3663	78 
3664	7 
3665	38 
3666	96 
3667	69 
3668	79 
3669	29 
3670	29 
3671	15 
3672	80 
3673	19 
3674	36 
3675	42 
3676	60 
3677	70 
3678	95 
3679	78 
3680	7 
3681	69 
3682	25 
3683	27 
3684	72 
3685	70 
3686	1 
3687	62 
3688	1 
3689	16 
3690	100 
3691	100 
3692	93 
3693	29 
3694	29 
3695	3 
3696	88 
3697	49 
3698	2 
3699	54 
3700	106 
3701	81 
3702	57 
3703	79 
3704	71 
3705	47 
3706	45 
3707	6 
3708	39 
3709	75 
3710	85 
3711	45 
3712	50 
3713	66 
3714	12 
3715	68 
3716	21 
3717	70 
3718	67 
3719	61 
3720	7 
3721	15 
3722	84 
3723	34 
3724	4 
3725	101 
3726	67 
3727	23 
3728	43 
3729	91 
3730	94 
3731	106 
3732	50 
3733	76 
3734	84 
3735	94 
3736	32 
3737	94 
3738	79 
3739	107 
3740	63 
3741	3 
3742	63 
3743	7 
3744	40 
3745	32 
3746	100 
3747	39 
3748	14 
3749	102 
3750	78 
3751	17 
3752	75 
3753	43 
3754	11 
3755	13 
3756	95 
3757	68 
3758	57 
3759	107 
3760	30 
3761	43 
3762	49 
3763	42 
3764	81 
3765	72 
3766	36 
3767	34 
3768	4 
3769	83 
3770	28 
3771	50 
3772	3 
3773	4 
3774	3 
3775	92 
3776	67 
3777	7 
3778	70 
3779	3 
3780	105 
3781	105 
3782	29 
3783	67 
3784	54 
3785	99 
3786	19 
3787	94 
3788	9 
3789	106 
3790	17 
3791	5 
3792	88 
3793	101 
3794	96 
3795	79 
3796	91 
3797	70 
3798	11 
3799	92 
3800	78 
3801	81 
3802	76 
3803	103 
3804	98 
3805	74 
3806	41 
3807	3 
3808	17 
3809	32 
3810	16 
3811	100 
3812	77 
3813	107 
3814	81 
3815	29 
3816	19 
3817	57 
3818	18 
3819	78 
3820	108 
3821	13 
3822	42 
3823	53 
3824	92 
3825	23 
3826	35 
3827	91 
3828	33 
3829	47 
3830	70 
3831	43 
3832	91 
3833	32 
3834	88 
3835	75 
3836	85 
3837	49 
3838	44 
3839	81 
3840	5 
3841	97 
3842	78 
3843	12 
3844	50 
3845	94 
3846	15 
3847	22 
3848	86 
3849	106 
3850	1 
3851	91 
3852	55 
3853	72 
3854	87 
3855	103 
3856	42 
3857	89 
3858	2 
3859	86 
3860	102 
3861	98 
3862	4 
3863	80 
3864	18 
3865	15 
3866	98 
3867	10 
3868	49 
3869	46 
3870	77 
3871	90 
3872	100 
3873	79 
3874	79 
3875	101 
3876	24 
3877	75 
3878	12 
3879	78 
3880	43 
3881	81 
3882	100 
3883	20 
3884	97 
3885	37 
3886	21 
3887	103 
3888	15 
3889	79 
3890	15 
3891	96 
3892	85 
3893	91 
3894	57 
3895	58 
3896	97 
3897	7 
3898	13 
3899	55 
3900	67 
3901	66 
3902	26 
3903	75 
3904	1 
3905	28 
3906	95 
3907	107 
3908	39 
3909	70 
3910	70 
3911	57 
3912	64 
3913	11 
3914	4 
3915	40 
3916	100 
3917	34 
3918	105 
3919	58 
3920	36 
3921	78 
3922	60 
3923	71 
3924	59 
3925	68 
3926	69 
3927	40 
3928	100 
3929	92 
3930	79 
3931	30 
3932	67 
3933	57 
3934	50 
3935	12 
3936	43 
3937	101 
3938	8 
3939	53 
3940	69 
3941	78 
3942	89 
3943	69 
3944	4 
3945	77 
3946	70 
3947	63 
3948	60 
3949	5 
3950	43 
3951	27 
3952	81 
3953	39 
3954	15 
3955	19 
3956	79 
3957	15 
3958	88 
3959	39 
3960	96 
3961	50 
3962	50 
3963	50 
3964	64 
3965	26 
3966	69 
3967	32 
3968	97 
3969	108 
3970	44 
3971	59 
3972	50 
3973	40 
3974	97 
3975	58 
3976	96 
3977	47 
3978	80 
3979	55 
3980	81 
3981	75 
3982	41 
3983	2 
3984	96 
3985	78 
3986	74 
3987	93 
3988	75 
3989	49 
3990	13 
3991	25 
3992	29 
3993	94 
3994	85 
3995	53 
3996	65 
3997	15 
3998	99 
3999	41 
4000	91 
4001	81 
4002	23 
4003	55 
4004	13 
4005	7 
4006	80 
4007	36 
4008	40 
4009	68 
4010	4 
4011	17 
4012	79 
4013	68 
4014	104 
4015	84 
4016	42 
4017	32 
4018	98 
4019	73 
4020	81 
4021	88 
4022	29 
4023	50 
4024	56 
4025	106 
4026	28 
4027	79 
4028	42 
4029	27 
4030	75 
4031	41 
4032	29 
4033	7 
4034	22 
4035	29 
4036	82 
4037	92 
4038	91 
4039	37 
4040	60 
4041	73 
4042	79 
4043	75 
4044	91 
4045	97 
4046	81 
4047	34 
4048	74 
4049	86 
4050	79 
4051	92 
4052	39 
4053	8 
4054	37 
4055	6 
4056	68 
4057	29 
4058	69 
4059	13 
4060	69 
4061	90 
4062	35 
4063	30 
4064	96 
4065	33 
4066	40 
4067	71 
4068	37 
4069	17 
4070	73 
4071	63 
4072	6 
4073	98 
4074	76 
4075	65 
4076	52 
4077	94 
4078	37 
4079	61 
4080	105 
4081	98 
4082	96 
4083	3 
4084	80 
4085	12 
4086	13 
4087	69 
4088	79 
4089	105 
4090	52 
4091	17 
4092	33 
4093	62 
4094	84 
4095	73 
4096	16 
4097	100 
4098	97 
4099	91 
4100	50 
4101	38 
4102	88 
4103	99 
4104	89 
4105	43 
4106	107 
4107	55 
4108	18 
4109	3 
4110	40 
4111	1 
4112	4 
4113	101 
4114	79 
4115	40 
4116	20 
4117	59 
4118	88 
4119	104 
4120	80 
4121	82 
4122	75 
4123	56 
4124	100 
4125	56 
4126	41 
4127	62 
4128	30 
4129	40 
4130	85 
4131	11 
4132	3 
4133	78 
4134	97 
4135	27 
4136	103 
4137	90 
4138	14 
4139	79 
4140	91 
4141	22 
4142	15 
4143	94 
4144	3 
4145	78 
4146	26 
4147	83 
4148	5 
4149	17 
4150	30 
4151	3 
4152	64 
4153	28 
4154	107 
4155	68 
4156	67 
4157	72 
4158	19 
4159	43 
4160	75 
4161	93 
4162	86 
4163	78 
4164	3 
4165	27 
4166	69 
4167	11 
4168	94 
4169	98 
4170	59 
4171	86 
4172	15 
4173	6 
4174	103 
4175	43 
4176	68 
4177	1 
4178	54 
4179	37 
4180	33 
4181	24 
4182	60 
4183	24 
4184	74 
4185	69 
4186	68 
4187	81 
4188	42 
4189	97 
4190	77 
4191	108 
4192	49 
4193	22 
4194	94 
4195	15 
4196	18 
4197	75 
4198	19 
4199	48 
4200	95 
4201	103 
4202	37 
4203	56 
4204	96 
4205	94 
4206	100 
4207	61 
4208	29 
4209	83 
4210	96 
4211	98 
4212	15 
4213	22 
4214	40 
4215	75 
4216	89 
4217	62 
4218	81 
4219	69 
4220	76 
4221	47 
4222	43 
4223	14 
4224	40 
4225	83 
4226	69 
4227	1 
4228	43 
4229	32 
4230	29 
4231	3 
4232	76 
4233	11 
4234	69 
4235	41 
4236	86 
4237	72 
4238	83 
4239	71 
4240	12 
4241	33 
4242	70 
4243	55 
4244	17 
4245	97 
4246	27 
4247	107 
4248	12 
4249	12 
4250	58 
4251	105 
4252	61 
4253	97 
4254	91 
4255	36 
4256	78 
4257	107 
4258	74 
4259	98 
4260	36 
4261	26 
4262	12 
4263	88 
4264	31 
4265	85 
4266	61 
4267	88 
4268	29 
4269	14 
4270	55 
4271	98 
4272	75 
4273	45 
4274	49 
4275	105 
4276	93 
4277	98 
4278	85 
4279	43 
4280	29 
4281	7 
4282	11 
4283	61 
4284	2 
4285	45 
4286	50 
4287	24 
4288	91 
4289	68 
4290	32 
4291	12 
4292	45 
4293	65 
4294	65 
4295	98 
4296	13 
4297	15 
4298	88 
4299	99 
4300	107 
4301	73 
4302	23 
4303	63 
4304	34 
4305	107 
4306	50 
4307	39 
4308	103 
4309	13 
4310	36 
4311	15 
4312	3 
4313	30 
4314	27 
4315	45 
4316	23 
4317	107 
4318	31 
4319	100 
4320	69 
4321	32 
4322	15 
4323	105 
4324	1 
4325	14 
4326	79 
4327	19 
4328	40 
4329	43 
4330	57 
4331	88 
4332	17 
4333	24 
4334	75 
4335	30 
4336	70 
4337	11 
4338	76 
4339	78 
4340	54 
4341	100 
4342	36 
4343	6 
4344	6 
4345	38 
4346	78 
4347	57 
4348	33 
4349	6 
4350	22 
4351	18 
4352	88 
4353	107 
4354	27 
4355	28 
4356	57 
4357	21 
4358	100 
4359	63 
4360	69 
4361	100 
4362	108 
4363	54 
4364	27 
4365	37 
4366	68 
4367	4 
4368	11 
4369	59 
4370	42 
4371	97 
4372	65 
4373	4 
4374	81 
4375	47 
4376	23 
4377	34 
4378	50 
4379	102 
4380	62 
4381	69 
4382	108 
4383	49 
4384	79 
4385	82 
4386	99 
4387	2 
4388	27 
4389	24 
4390	9 
4391	58 
4392	6 
4393	21 
4394	16 
4395	22 
4396	85 
4397	70 
4398	83 
4399	56 
4400	92 
4401	15 
4402	55 
4403	4 
4404	65 
4405	79 
4406	6 
4407	33 
4408	28 
4409	67 
4410	44 
4411	90 
4412	88 
4413	4 
4414	30 
4415	94 
4416	38 
4417	37 
4418	61 
4419	29 
4420	65 
4421	42 
4422	15 
4423	24 
4424	30 
4425	81 
4426	100 
4427	73 
4428	94 
4429	13 
4430	48 
4431	20 
4432	81 
4433	91 
4434	48 
4435	28 
4436	72 
4437	57 
4438	13 
4439	31 
4440	10 
4441	10 
4442	2 
4443	12 
4444	83 
4445	43 
4446	78 
4447	39 
4448	74 
4449	22 
4450	81 
4451	79 
4452	96 
4453	69 
4454	82 
4455	78 
4456	70 
4457	106 
4458	91 
4459	103 
4460	36 
4461	80 
4462	3 
4463	24 
4464	100 
4465	92 
4466	13 
4467	83 
4468	95 
4469	59 
4470	50 
4471	81 
4472	42 
4473	44 
4474	55 
4475	6 
4476	39 
4477	32 
4478	7 
4479	27 
4480	90 
4481	96 
4482	92 
4483	91 
4484	81 
4485	19 
4486	17 
4487	95 
4488	60 
4489	20 
4490	96 
4491	70 
4492	27 
4493	44 
4494	26 
4495	86 
4496	17 
4497	105 
4498	38 
4499	58 
4500	96 
4501	94 
4502	18 
4503	91 
4504	104 
4505	42 
4506	73 
4507	81 
4508	82 
4509	19 
4510	38 
4511	36 
4512	81 
4513	96 
4514	67 
4515	88 
4516	18 
4517	95 
4518	50 
4519	77 
4520	94 
4521	52 
4522	105 
4523	13 
4524	75 
4525	81 
4526	12 
4527	22 
4528	15 
4529	27 
4530	3 
4531	86 
4532	7 
4533	18 
4534	24 
4535	29 
4536	83 
4537	97 
4538	90 
4539	61 
4540	52 
4541	100 
4542	22 
4543	50 
4544	45 
4545	85 
4546	4 
4547	2 
4548	29 
4549	34 
4550	55 
4551	43 
4552	62 
4553	26 
4554	78 
4555	28 
4556	64 
4557	67 
4558	96 
4559	27 
4560	107 
4561	32 
4562	103 
4563	42 
4564	75 
4565	41 
4566	96 
4567	73 
4568	89 
4569	29 
4570	18 
4571	105 
4572	22 
4573	6 
4574	26 
4575	3 
4576	4 
4577	37 
4578	16 
4579	72 
4580	42 
4581	87 
4582	30 
4583	8 
4584	5 
4585	42 
4586	21 
4587	42 
4588	101 
4589	80 
4590	70 
4591	47 
4592	44 
4593	59 
4594	32 
4595	29 
4596	70 
4597	94 
4598	5 
4599	42 
4600	41 
4601	38 
4602	105 
4603	16 
4604	13 
4605	51 
4606	6 
4607	26 
4608	65 
4609	103 
4610	85 
4611	102 
4612	3 
4613	17 
4614	68 
4615	9 
4616	4 
4617	55 
4618	29 
4619	100 
4620	101 
4621	4 
4622	43 
4623	98 
4624	22 
4625	14 
4626	79 
4627	83 
4628	13 
4629	13 
4630	88 
4631	49 
4632	8 
4633	37 
4634	82 
4635	35 
4636	73 
4637	93 
4638	97 
4639	53 
4640	98 
4641	38 
4642	42 
4643	105 
4644	57 
4645	76 
4646	68 
4647	73 
4648	46 
4649	53 
4650	85 
4651	8 
4652	15 
4653	75 
4654	37 
4655	70 
4656	37 
4657	47 
4658	17 
4659	13 
4660	26 
4661	91 
4662	42 
4663	56 
4664	83 
4665	29 
4666	42 
4667	59 
4668	29 
4669	94 
4670	24 
4671	104 
4672	63 
4673	40 
4674	18 
4675	11 
4676	94 
4677	98 
4678	15 
4679	57 
4680	91 
4681	89 
4682	88 
4683	99 
4684	71 
4685	42 
4686	85 
4687	79 
4688	20 
4689	20 
4690	73 
4691	41 
4692	69 
4693	57 
4694	26 
4695	81 
4696	11 
4697	56 
4698	41 
4699	1 
4700	107 
4701	46 
4702	52 
4703	29 
4704	73 
4705	81 
4706	59 
4707	88 
4708	50 
4709	27 
4710	4 
4711	8 
4712	40 
4713	107 
4714	29 
4715	81 
4716	77 
4717	13 
4718	77 
4719	96 
4720	19 
4721	43 
4722	34 
4723	34 
4724	10 
4725	98 
4726	43 
4727	14 
4728	81 
4729	15 
4730	8 
4731	80 
4732	43 
4733	63 
4734	12 
4735	25 
4736	42 
4737	15 
4738	89 
4739	21 
4740	13 
4741	42 
4742	73 
4743	64 
4744	85 
4745	82 
4746	13 
4747	27 
4748	67 
4749	28 
4750	51 
4751	73 
4752	27 
4753	95 
4754	77 
4755	36 
4756	17 
4757	78 
4758	93 
4759	50 
4760	30 
4761	26 
4762	6 
4763	50 
4764	105 
4765	74 
4766	59 
4767	74 
4768	53 
4769	69 
4770	96 
4771	69 
4772	81 
4773	104 
4774	30 
4775	82 
4776	68 
4777	87 
4778	33 
4779	42 
4780	85 
4781	91 
4782	81 
4783	91 
4784	27 
4785	29 
4786	95 
4787	7 
4788	43 
4789	102 
4790	97 
4791	102 
4792	42 
4793	91 
4794	29 
4795	93 
4796	86 
4797	12 
4798	68 
4799	61 
4800	82 
4801	70 
4802	26 
4803	70 
4804	85 
4805	63 
4806	27 
4807	104 
4808	88 
4809	32 
4810	100 
4811	50 
4812	105 
4813	44 
4814	13 
4815	82 
4816	16 
4817	35 
4818	88 
4819	15 
4820	96 
4821	26 
4822	73 
4823	13 
4824	75 
4825	67 
4826	55 
4827	58 
4828	29 
4829	96 
4830	13 
4831	25 
4832	26 
4833	68 
4834	58 
4835	59 
4836	31 
4837	107 
4838	29 
4839	8 
4840	93 
4841	4 
4842	41 
4843	1 
4844	28 
4845	11 
4846	51 
4847	13 
4848	57 
4849	39 
4850	88 
4851	38 
4852	88 
4853	88 
4854	54 
4855	105 
4856	27 
4857	29 
4858	30 
4859	89 
4860	69 
4861	94 
4862	29 
4863	54 
4864	16 
4865	7 
4866	56 
4867	32 
4868	1 
4869	70 
4870	47 
4871	97 
4872	94 
4873	98 
4874	78 
4875	26 
4876	107 
4877	76 
4878	96 
4879	78 
4880	19 
4881	85 
4882	69 
4883	34 
4884	18 
4885	31 
4886	88 
4887	36 
4888	57 
4889	17 
4890	15 
4891	3 
4892	19 
4893	41 
4894	60 
4895	101 
4896	7 
4897	93 
4898	34 
4899	88 
4900	32 
4901	42 
4902	58 
4903	42 
4904	92 
4905	22 
4906	22 
4907	4 
4908	26 
4909	29 
4910	98 
4911	17 
4912	64 
4913	97 
4914	50 
4915	94 
4916	42 
4917	88 
4918	48 
4919	83 
4920	72 
4921	20 
4922	97 
4923	75 
4924	39 
4925	75 
4926	11 
4927	34 
4928	26 
4929	3 
4930	42 
4931	42 
4932	43 
4933	95 
4934	75 
4935	44 
4936	75 
4937	26 
4938	28 
4939	52 
4940	19 
4941	7 
4942	34 
4943	40 
4944	6 
4945	34 
4946	6 
4947	80 
4948	16 
4949	50 
4950	13 
4951	91 
4952	81 
4953	32 
4954	94 
4955	43 
4956	72 
4957	22 
4958	12 
4959	60 
4960	32 
4961	87 
4962	94 
4963	28 
4964	107 
4965	87 
4966	97 
4967	48 
4968	39 
4969	51 
4970	29 
4971	33 
4972	75 
4973	83 
4974	105 
4975	5 
4976	104 
4977	78 
4978	60 
4979	97 
4980	81 
4981	57 
4982	32 
4983	11 
4984	24 
4985	88 
4986	69 
4987	5 
4988	28 
4989	91 
4990	29 
4991	96 
4992	25 
4993	56 
4994	58 
4995	6 
4996	38 
4997	6 
4998	12 
4999	53 
5000	23 
