1	43 
2	68 
3	83 
4	104 
5	17 
6	6 
7	66 
8	84 
9	83 
10	48 
11	104 
12	49 
13	25 
14	72 
15	77 
16	76 
17	88 
18	89 
19	7 
20	2 
21	10 
22	45 
23	89 
24	92 
25	46 
26	75 
27	25 
28	45 
29	89 
30	20 
31	45 
32	45 
33	25 
34	75 
35	7 
36	105 
37	77 
38	59 
39	89 
40	43 
41	67 
42	67 
43	57 
44	21 
45	51 
46	36 
47	67 
48	44 
49	53 
50	47 
51	2 
52	80 
53	84 
54	57 
55	34 
56	92 
57	54 
58	15 
59	83 
60	75 
61	53 
62	24 
63	7 
64	21 
65	80 
66	47 
67	78 
68	2 
69	101 
70	70 
71	45 
72	29 
73	75 
74	36 
75	93 
76	62 
77	36 
78	83 
79	21 
80	33 
81	34 
82	23 
83	68 
84	77 
85	35 
86	60 
87	50 
88	100 
89	101 
90	46 
91	84 
92	52 
93	29 
94	47 
95	73 
96	52 
97	47 
98	103 
99	30 
100	67 
101	2 
102	66 
103	106 
104	67 
105	33 
106	12 
107	97 
108	57 
109	96 
110	96 
111	87 
112	14 
113	4 
114	80 
115	15 
116	39 
117	94 
118	69 
119	51 
120	38 
121	80 
122	3 
123	3 
124	32 
125	92 
126	84 
127	50 
128	98 
129	103 
130	62 
131	73 
132	48 
133	15 
134	19 
135	93 
136	6 
137	94 
138	51 
139	22 
140	18 
141	44 
142	105 
143	98 
144	47 
145	59 
146	36 
147	89 
148	51 
149	98 
150	65 
151	7 
152	96 
153	99 
154	26 
155	87 
156	53 
157	23 
158	18 
159	98 
160	79 
161	53 
162	88 
163	32 
164	27 
165	7 
166	34 
167	71 
168	75 
169	58 
170	38 
171	106 
172	68 
173	55 
174	10 
175	26 
176	51 
177	75 
178	97 
179	97 
180	86 
181	76 
182	74 
183	4 
184	77 
185	67 
186	21 
187	25 
188	98 
189	67 
190	58 
191	69 
192	67 
193	77 
194	75 
195	63 
196	68 
197	72 
198	100 
199	18 
200	12 
201	5 
202	60 
203	32 
204	39 
205	65 
206	38 
207	101 
208	21 
209	22 
210	61 
211	18 
212	28 
213	46 
214	19 
215	37 
216	65 
217	99 
218	62 
219	96 
220	43 
221	35 
222	67 
223	48 
224	79 
225	43 
226	45 
227	94 
228	14 
229	58 
230	58 
231	92 
232	101 
233	89 
234	12 
235	63 
236	8 
237	39 
238	74 
239	6 
240	65 
241	51 
242	79 
243	75 
244	91 
245	72 
246	5 
247	9 
248	85 
249	23 
250	26 
251	98 
252	76 
253	63 
254	15 
255	85 
256	33 
257	10 
258	66 
259	80 
260	45 
261	50 
262	51 
263	38 
264	50 
265	33 
266	31 
267	63 
268	85 
269	98 
270	78 
271	35 
272	23 
273	8 
274	42 
275	49 
276	44 
277	20 
278	63 
279	94 
280	50 
281	63 
282	50 
283	52 
284	10 
285	28 
286	80 
287	89 
288	73 
289	60 
290	55 
291	99 
292	69 
293	4 
294	93 
295	46 
296	5 
297	36 
298	6 
299	22 
300	75 
301	101 
302	63 
303	9 
304	54 
305	80 
306	25 
307	7 
308	62 
309	61 
310	23 
311	34 
312	98 
313	33 
314	63 
315	72 
316	60 
317	9 
318	21 
319	1 
320	98 
321	38 
322	49 
323	86 
324	43 
325	76 
326	38 
327	65 
328	94 
329	33 
330	45 
331	78 
332	47 
333	36 
334	35 
335	32 
336	88 
337	58 
338	10 
339	27 
340	38 
341	105 
342	64 
343	31 
344	52 
345	29 
346	60 
347	99 
348	56 
349	98 
350	79 
351	89 
352	47 
353	5 
354	80 
355	24 
356	82 
357	22 
358	69 
359	97 
360	35 
361	64 
362	12 
363	104 
364	22 
365	14 
366	80 
367	24 
368	15 
369	63 
370	44 
371	63 
372	87 
373	92 
374	13 
375	77 
376	62 
377	98 
378	74 
379	67 
380	102 
381	64 
382	36 
383	86 
384	71 
385	67 
386	43 
387	35 
388	107 
389	100 
390	7 
391	84 
392	22 
393	38 
394	51 
395	21 
396	33 
397	92 
398	46 
399	81 
400	95 
401	56 
402	80 
403	21 
404	97 
405	94 
406	36 
407	51 
408	78 
409	41 
410	79 
411	64 
412	93 
413	80 
414	7 
415	62 
416	72 
417	6 
418	17 
419	88 
420	7 
421	62 
422	18 
423	65 
424	7 
425	66 
426	34 
427	66 
428	57 
429	65 
430	96 
431	66 
432	57 
433	81 
434	23 
435	73 
436	22 
437	75 
438	68 
439	95 
440	102 
441	96 
442	51 
443	98 
444	18 
445	3 
446	68 
447	66 
448	73 
449	43 
450	75 
451	9 
452	48 
453	49 
454	60 
455	47 
456	38 
457	57 
458	104 
459	2 
460	19 
461	69 
462	68 
463	80 
464	44 
465	2 
466	52 
467	36 
468	85 
469	23 
470	106 
471	77 
472	62 
473	77 
474	99 
475	18 
476	105 
477	87 
478	34 
479	103 
480	51 
481	73 
482	20 
483	104 
484	53 
485	20 
486	80 
487	42 
488	25 
489	45 
490	102 
491	47 
492	67 
493	62 
494	96 
495	89 
496	56 
497	1 
498	89 
499	58 
500	21 
501	23 
502	102 
503	77 
504	78 
505	71 
506	57 
507	40 
508	89 
509	47 
510	98 
511	46 
512	22 
513	45 
514	72 
515	17 
516	98 
517	14 
518	66 
519	43 
520	99 
521	84 
522	68 
523	82 
524	70 
525	62 
526	66 
527	42 
528	75 
529	10 
530	28 
531	94 
532	32 
533	21 
534	36 
535	10 
536	10 
537	54 
538	85 
539	84 
540	20 
541	14 
542	3 
543	65 
544	18 
545	98 
546	65 
547	1 
548	17 
549	43 
550	13 
551	23 
552	55 
553	15 
554	35 
555	105 
556	71 
557	102 
558	3 
559	50 
560	28 
561	74 
562	51 
563	63 
564	70 
565	16 
566	60 
567	73 
568	69 
569	34 
570	38 
571	98 
572	92 
573	96 
574	102 
575	97 
576	78 
577	15 
578	74 
579	69 
580	7 
581	66 
582	73 
583	98 
584	46 
585	98 
586	4 
587	92 
588	58 
589	36 
590	72 
591	55 
592	33 
593	54 
594	73 
595	37 
596	75 
597	20 
598	80 
599	54 
600	30 
601	60 
602	99 
603	88 
604	47 
605	29 
606	74 
607	39 
608	57 
609	34 
610	45 
611	39 
612	2 
613	18 
614	86 
615	17 
616	25 
617	98 
618	71 
619	98 
620	76 
621	10 
622	71 
623	47 
624	35 
625	58 
626	59 
627	74 
628	51 
629	27 
630	88 
631	78 
632	56 
633	15 
634	88 
635	65 
636	20 
637	84 
638	66 
639	34 
640	20 
641	7 
642	20 
643	80 
644	68 
645	80 
646	95 
647	47 
648	36 
649	45 
650	26 
651	22 
652	72 
653	60 
654	77 
655	80 
656	76 
657	51 
658	81 
659	24 
660	94 
661	22 
662	2 
663	54 
664	75 
665	92 
666	87 
667	69 
668	74 
669	80 
670	25 
671	57 
672	76 
673	52 
674	38 
675	38 
676	21 
677	99 
678	23 
679	100 
680	5 
681	20 
682	62 
683	78 
684	81 
685	52 
686	25 
687	77 
688	51 
689	62 
690	100 
691	65 
692	67 
693	74 
694	64 
695	65 
696	62 
697	98 
698	4 
699	71 
700	65 
701	1 
702	76 
703	61 
704	66 
705	3 
706	87 
707	29 
708	57 
709	79 
710	22 
711	71 
712	62 
713	57 
714	10 
715	40 
716	58 
717	74 
718	5 
719	57 
720	86 
721	6 
722	53 
723	85 
724	37 
725	100 
726	21 
727	61 
728	73 
729	83 
730	92 
731	46 
732	51 
733	87 
734	58 
735	101 
736	63 
737	80 
738	68 
739	105 
740	3 
741	6 
742	12 
743	11 
744	59 
745	44 
746	51 
747	94 
748	60 
749	6 
750	98 
751	55 
752	43 
753	21 
754	97 
755	42 
756	25 
757	91 
758	92 
759	68 
760	2 
761	38 
762	46 
763	94 
764	16 
765	22 
766	47 
767	34 
768	22 
769	66 
770	54 
771	72 
772	43 
773	89 
774	47 
775	21 
776	92 
777	89 
778	21 
779	64 
780	57 
781	90 
782	84 
783	104 
784	26 
785	107 
786	80 
787	10 
788	11 
789	72 
790	65 
791	62 
792	80 
793	28 
794	27 
795	8 
796	3 
797	47 
798	60 
799	57 
800	38 
801	93 
802	89 
803	65 
804	20 
805	40 
806	80 
807	8 
808	62 
809	49 
810	23 
811	34 
812	51 
813	21 
814	64 
815	105 
816	25 
817	72 
818	85 
819	1 
820	93 
821	69 
822	59 
823	80 
824	5 
825	20 
826	19 
827	42 
828	12 
829	70 
830	69 
831	59 
832	31 
833	7 
834	67 
835	46 
836	92 
837	63 
838	4 
839	64 
840	62 
841	51 
842	47 
843	58 
844	74 
845	54 
846	76 
847	86 
848	29 
849	57 
850	23 
851	53 
852	52 
853	47 
854	46 
855	64 
856	39 
857	94 
858	27 
859	66 
860	57 
861	62 
862	56 
863	53 
864	89 
865	62 
866	7 
867	78 
868	79 
869	12 
870	47 
871	66 
872	81 
873	102 
874	48 
875	43 
876	1 
877	11 
878	75 
879	25 
880	20 
881	28 
882	77 
883	53 
884	84 
885	28 
886	10 
887	22 
888	53 
889	74 
890	64 
891	20 
892	86 
893	35 
894	48 
895	84 
896	6 
897	45 
898	39 
899	86 
900	77 
901	7 
902	30 
903	45 
904	53 
905	40 
906	85 
907	62 
908	22 
909	65 
910	23 
911	10 
912	15 
913	93 
914	57 
915	58 
916	86 
917	35 
918	88 
919	98 
920	25 
921	54 
922	22 
923	94 
924	44 
925	98 
926	94 
927	11 
928	31 
929	63 
930	21 
931	75 
932	7 
933	98 
934	55 
935	8 
936	75 
937	17 
938	25 
939	2 
940	4 
941	86 
942	66 
943	74 
944	82 
945	49 
946	22 
947	92 
948	75 
949	62 
950	70 
951	79 
952	49 
953	52 
954	3 
955	66 
956	80 
957	60 
958	65 
959	23 
960	49 
961	33 
962	56 
963	29 
964	84 
965	1 
966	29 
967	93 
968	97 
969	71 
970	37 
971	57 
972	43 
973	73 
974	89 
975	22 
976	101 
977	75 
978	94 
979	73 
980	91 
981	95 
982	19 
983	29 
984	67 
985	4 
986	84 
987	40 
988	73 
989	21 
990	53 
991	85 
992	38 
993	38 
994	13 
995	80 
996	93 
997	93 
998	37 
999	17 
1000	47 
1001	26 
1002	46 
1003	28 
1004	2 
1005	49 
1006	18 
1007	54 
1008	53 
1009	80 
1010	42 
1011	42 
1012	76 
1013	86 
1014	76 
1015	51 
1016	30 
1017	101 
1018	16 
1019	20 
1020	66 
1021	3 
1022	29 
1023	75 
1024	101 
1025	21 
1026	12 
1027	61 
1028	9 
1029	61 
1030	90 
1031	88 
1032	97 
1033	35 
1034	45 
1035	4 
1036	24 
1037	83 
1038	75 
1039	58 
1040	61 
1041	75 
1042	66 
1043	3 
1044	104 
1045	60 
1046	106 
1047	97 
1048	98 
1049	76 
1050	61 
1051	4 
1052	68 
1053	75 
1054	84 
1055	42 
1056	92 
1057	94 
1058	19 
1059	20 
1060	97 
1061	14 
1062	51 
1063	38 
1064	51 
1065	22 
1066	53 
1067	33 
1068	82 
1069	54 
1070	67 
1071	28 
1072	21 
1073	46 
1074	69 
1075	65 
1076	7 
1077	74 
1078	66 
1079	22 
1080	4 
1081	3 
1082	51 
1083	47 
1084	20 
1085	49 
1086	96 
1087	92 
1088	48 
1089	24 
1090	43 
1091	26 
1092	22 
1093	52 
1094	48 
1095	6 
1096	15 
1097	85 
1098	17 
1099	20 
1100	31 
1101	63 
1102	79 
1103	66 
1104	8 
1105	22 
1106	27 
1107	73 
1108	3 
1109	25 
1110	33 
1111	3 
1112	66 
1113	24 
1114	79 
1115	61 
1116	40 
1117	82 
1118	73 
1119	53 
1120	33 
1121	67 
1122	3 
1123	97 
1124	24 
1125	90 
1126	65 
1127	44 
1128	20 
1129	41 
1130	55 
1131	28 
1132	63 
1133	18 
1134	51 
1135	21 
1136	73 
1137	43 
1138	67 
1139	18 
1140	76 
1141	38 
1142	93 
1143	20 
1144	4 
1145	58 
1146	93 
1147	7 
1148	73 
1149	45 
1150	63 
1151	42 
1152	21 
1153	87 
1154	105 
1155	77 
1156	76 
1157	66 
1158	20 
1159	31 
1160	60 
1161	36 
1162	30 
1163	25 
1164	13 
1165	37 
1166	75 
1167	29 
1168	84 
1169	34 
1170	92 
1171	66 
1172	26 
1173	52 
1174	27 
1175	47 
1176	7 
1177	75 
1178	45 
1179	10 
1180	74 
1181	38 
1182	21 
1183	85 
1184	63 
1185	89 
1186	35 
1187	53 
1188	36 
1189	52 
1190	3 
1191	53 
1192	66 
1193	104 
1194	94 
1195	8 
1196	43 
1197	81 
1198	54 
1199	24 
1200	98 
1201	78 
1202	65 
1203	42 
1204	39 
1205	38 
1206	30 
1207	27 
1208	53 
1209	2 
1210	82 
1211	22 
1212	7 
1213	26 
1214	104 
1215	31 
1216	13 
1217	68 
1218	15 
1219	56 
1220	25 
1221	74 
1222	9 
1223	73 
1224	41 
1225	23 
1226	40 
1227	20 
1228	47 
1229	84 
1230	51 
1231	26 
1232	71 
1233	28 
1234	34 
1235	44 
1236	100 
1237	4 
1238	72 
1239	53 
1240	56 
1241	55 
1242	85 
1243	22 
1244	57 
1245	49 
1246	73 
1247	73 
1248	78 
1249	32 
1250	68 
1251	97 
1252	75 
1253	91 
1254	22 
1255	92 
1256	53 
1257	24 
1258	88 
1259	26 
1260	7 
1261	70 
1262	84 
1263	98 
1264	3 
1265	50 
1266	65 
1267	17 
1268	29 
1269	65 
1270	75 
1271	70 
1272	62 
1273	10 
1274	73 
1275	76 
1276	68 
1277	68 
1278	75 
1279	62 
1280	79 
1281	9 
1282	99 
1283	33 
1284	30 
1285	9 
1286	51 
1287	100 
1288	21 
1289	21 
1290	24 
1291	85 
1292	26 
1293	20 
1294	25 
1295	49 
1296	44 
1297	8 
1298	87 
1299	57 
1300	23 
1301	2 
1302	67 
1303	74 
1304	10 
1305	53 
1306	90 
1307	45 
1308	50 
1309	69 
1310	25 
1311	76 
1312	87 
1313	31 
1314	92 
1315	39 
1316	31 
1317	13 
1318	65 
1319	63 
1320	52 
1321	92 
1322	4 
1323	67 
1324	56 
1325	45 
1326	58 
1327	55 
1328	88 
1329	37 
1330	86 
1331	71 
1332	78 
1333	25 
1334	32 
1335	5 
1336	17 
1337	107 
1338	57 
1339	96 
1340	35 
1341	37 
1342	4 
1343	3 
1344	66 
1345	76 
1346	22 
1347	45 
1348	32 
1349	54 
1350	61 
1351	105 
1352	27 
1353	22 
1354	19 
1355	20 
1356	49 
1357	102 
1358	86 
1359	22 
1360	43 
1361	22 
1362	92 
1363	88 
1364	21 
1365	96 
1366	83 
1367	22 
1368	82 
1369	13 
1370	36 
1371	77 
1372	101 
1373	74 
1374	56 
1375	93 
1376	65 
1377	62 
1378	83 
1379	13 
1380	22 
1381	8 
1382	22 
1383	80 
1384	92 
1385	17 
1386	70 
1387	21 
1388	94 
1389	33 
1390	93 
1391	62 
1392	20 
1393	38 
1394	57 
1395	49 
1396	75 
1397	7 
1398	38 
1399	7 
1400	66 
1401	62 
1402	97 
1403	13 
1404	87 
1405	57 
1406	39 
1407	98 
1408	21 
1409	89 
1410	67 
1411	99 
1412	13 
1413	23 
1414	72 
1415	97 
1416	66 
1417	88 
1418	81 
1419	94 
1420	22 
1421	93 
1422	23 
1423	29 
1424	73 
1425	82 
1426	29 
1427	95 
1428	32 
1429	56 
1430	66 
1431	22 
1432	38 
1433	62 
1434	64 
1435	39 
1436	100 
1437	45 
1438	21 
1439	2 
1440	80 
1441	62 
1442	78 
1443	99 
1444	4 
1445	67 
1446	10 
1447	49 
1448	6 
1449	97 
1450	51 
1451	28 
1452	92 
1453	64 
1454	105 
1455	86 
1456	15 
1457	105 
1458	16 
1459	69 
1460	72 
1461	25 
1462	48 
1463	54 
1464	75 
1465	61 
1466	41 
1467	39 
1468	75 
1469	49 
1470	95 
1471	1 
1472	38 
1473	15 
1474	43 
1475	6 
1476	53 
1477	92 
1478	55 
1479	45 
1480	40 
1481	17 
1482	38 
1483	61 
1484	95 
1485	54 
1486	82 
1487	52 
1488	56 
1489	107 
1490	79 
1491	1 
1492	28 
1493	68 
1494	42 
1495	54 
1496	38 
1497	53 
1498	50 
1499	103 
1500	6 
1501	59 
1502	6 
1503	23 
1504	92 
1505	10 
1506	62 
1507	33 
1508	97 
1509	52 
1510	49 
1511	53 
1512	92 
1513	39 
1514	60 
1515	27 
1516	88 
1517	100 
1518	24 
1519	21 
1520	47 
1521	10 
1522	13 
1523	69 
1524	75 
1525	3 
1526	52 
1527	59 
1528	53 
1529	31 
1530	94 
1531	87 
1532	20 
1533	83 
1534	15 
1535	56 
1536	47 
1537	53 
1538	66 
1539	107 
1540	98 
1541	33 
1542	104 
1543	31 
1544	40 
1545	100 
1546	52 
1547	80 
1548	76 
1549	53 
1550	97 
1551	15 
1552	79 
1553	28 
1554	53 
1555	89 
1556	35 
1557	81 
1558	38 
1559	57 
1560	73 
1561	3 
1562	38 
1563	1 
1564	81 
1565	98 
1566	11 
1567	73 
1568	43 
1569	29 
1570	9 
1571	79 
1572	21 
1573	89 
1574	3 
1575	17 
1576	72 
1577	80 
1578	84 
1579	84 
1580	53 
1581	87 
1582	75 
1583	48 
1584	41 
1585	58 
1586	82 
1587	97 
1588	30 
1589	55 
1590	40 
1591	33 
1592	86 
1593	36 
1594	83 
1595	31 
1596	47 
1597	19 
1598	64 
1599	58 
1600	22 
1601	92 
1602	54 
1603	39 
1604	9 
1605	45 
1606	99 
1607	75 
1608	51 
1609	20 
1610	20 
1611	102 
1612	68 
1613	52 
1614	1 
1615	93 
1616	67 
1617	40 
1618	71 
1619	44 
1620	73 
1621	80 
1622	64 
1623	49 
1624	65 
1625	36 
1626	4 
1627	105 
1628	86 
1629	51 
1630	17 
1631	29 
1632	40 
1633	7 
1634	34 
1635	3 
1636	83 
1637	41 
1638	22 
1639	18 
1640	1 
1641	42 
1642	98 
1643	28 
1644	47 
1645	65 
1646	49 
1647	74 
1648	29 
1649	63 
1650	47 
1651	29 
1652	73 
1653	76 
1654	92 
1655	64 
1656	80 
1657	6 
1658	33 
1659	10 
1660	80 
1661	74 
1662	102 
1663	16 
1664	74 
1665	43 
1666	63 
1667	84 
1668	92 
1669	26 
1670	83 
1671	1 
1672	80 
1673	96 
1674	86 
1675	39 
1676	63 
1677	65 
1678	10 
1679	4 
1680	95 
1681	6 
1682	12 
1683	6 
1684	86 
1685	30 
1686	96 
1687	14 
1688	75 
1689	56 
1690	10 
1691	7 
1692	7 
1693	4 
1694	80 
1695	25 
1696	63 
1697	43 
1698	83 
1699	53 
1700	90 
1701	45 
1702	63 
1703	42 
1704	17 
1705	88 
1706	11 
1707	66 
1708	13 
1709	66 
1710	38 
1711	16 
1712	45 
1713	53 
1714	8 
1715	53 
1716	67 
1717	20 
1718	65 
1719	31 
1720	9 
1721	56 
1722	71 
1723	21 
1724	66 
1725	43 
1726	96 
1727	15 
1728	38 
1729	23 
1730	85 
1731	64 
1732	38 
1733	100 
1734	9 
1735	50 
1736	97 
1737	68 
1738	45 
1739	37 
1740	93 
1741	21 
1742	69 
1743	75 
1744	98 
1745	75 
1746	76 
1747	42 
1748	19 
1749	73 
1750	42 
1751	33 
1752	82 
1753	102 
1754	80 
1755	60 
1756	89 
1757	98 
1758	21 
1759	20 
1760	1 
1761	3 
1762	56 
1763	83 
1764	61 
1765	51 
1766	62 
1767	21 
1768	67 
1769	21 
1770	57 
1771	83 
1772	79 
1773	66 
1774	46 
1775	54 
1776	14 
1777	40 
1778	94 
1779	54 
1780	92 
1781	92 
1782	78 
1783	102 
1784	51 
1785	38 
1786	37 
1787	75 
1788	56 
1789	92 
1790	96 
1791	45 
1792	80 
1793	42 
1794	89 
1795	6 
1796	44 
1797	9 
1798	98 
1799	25 
1800	63 
1801	29 
1802	73 
1803	75 
1804	55 
1805	38 
1806	77 
1807	84 
1808	73 
1809	33 
1810	84 
1811	82 
1812	62 
1813	69 
1814	53 
1815	20 
1816	62 
1817	93 
1818	37 
1819	73 
1820	107 
1821	62 
1822	42 
1823	68 
1824	73 
1825	62 
1826	89 
1827	58 
1828	19 
1829	54 
1830	7 
1831	51 
1832	75 
1833	100 
1834	53 
1835	26 
1836	44 
1837	92 
1838	41 
1839	12 
1840	43 
1841	12 
1842	88 
1843	30 
1844	97 
1845	43 
1846	75 
1847	96 
1848	8 
1849	16 
1850	41 
1851	93 
1852	21 
1853	20 
1854	82 
1855	85 
1856	47 
1857	67 
1858	77 
1859	16 
1860	21 
1861	10 
1862	54 
1863	38 
1864	49 
1865	68 
1866	85 
1867	53 
1868	20 
1869	54 
1870	58 
1871	72 
1872	35 
1873	27 
1874	52 
1875	89 
1876	64 
1877	22 
1878	64 
1879	29 
1880	38 
1881	12 
1882	77 
1883	52 
1884	41 
1885	91 
1886	79 
1887	79 
1888	84 
1889	86 
1890	8 
1891	99 
1892	38 
1893	52 
1894	38 
1895	98 
1896	73 
1897	82 
1898	75 
1899	53 
1900	76 
1901	92 
1902	45 
1903	92 
1904	100 
1905	80 
1906	18 
1907	47 
1908	63 
1909	43 
1910	70 
1911	75 
1912	85 
1913	56 
1914	64 
1915	81 
1916	62 
1917	75 
1918	97 
1919	24 
1920	3 
1921	11 
1922	16 
1923	67 
1924	31 
1925	25 
1926	88 
1927	38 
1928	81 
1929	16 
1930	63 
1931	43 
1932	45 
1933	29 
1934	34 
1935	10 
1936	49 
1937	21 
1938	74 
1939	107 
1940	7 
1941	3 
1942	87 
1943	73 
1944	65 
1945	20 
1946	68 
1947	67 
1948	82 
1949	84 
1950	51 
1951	28 
1952	32 
1953	7 
1954	7 
1955	75 
1956	56 
1957	42 
1958	36 
1959	25 
1960	77 
1961	62 
1962	10 
1963	45 
1964	30 
1965	53 
1966	79 
1967	64 
1968	38 
1969	1 
1970	79 
1971	58 
1972	80 
1973	57 
1974	5 
1975	85 
1976	55 
1977	78 
1978	91 
1979	75 
1980	53 
1981	85 
1982	43 
1983	66 
1984	36 
1985	58 
1986	23 
1987	10 
1988	98 
1989	69 
1990	63 
1991	83 
1992	52 
1993	51 
1994	52 
1995	47 
1996	53 
1997	69 
1998	99 
1999	85 
2000	98 
2001	50 
2002	35 
2003	27 
2004	21 
2005	74 
2006	28 
2007	14 
2008	32 
2009	67 
2010	72 
2011	75 
2012	78 
2013	42 
2014	12 
2015	102 
2016	67 
2017	18 
2018	99 
2019	93 
2020	45 
2021	89 
2022	65 
2023	54 
2024	25 
2025	74 
2026	56 
2027	77 
2028	10 
2029	54 
2030	1 
2031	44 
2032	80 
2033	87 
2034	57 
2035	22 
2036	45 
2037	56 
2038	52 
2039	88 
2040	106 
2041	60 
2042	97 
2043	61 
2044	29 
2045	1 
2046	36 
2047	38 
2048	96 
2049	33 
2050	91 
2051	31 
2052	42 
2053	7 
2054	103 
2055	5 
2056	79 
2057	62 
2058	66 
2059	89 
2060	12 
2061	20 
2062	15 
2063	65 
2064	99 
2065	18 
2066	76 
2067	21 
2068	105 
2069	104 
2070	72 
2071	95 
2072	29 
2073	84 
2074	92 
2075	51 
2076	78 
2077	89 
2078	99 
2079	40 
2080	12 
2081	33 
2082	62 
2083	93 
2084	97 
2085	45 
2086	51 
2087	62 
2088	102 
2089	20 
2090	32 
2091	28 
2092	55 
2093	53 
2094	33 
2095	54 
2096	20 
2097	12 
2098	34 
2099	17 
2100	35 
2101	89 
2102	67 
2103	53 
2104	66 
2105	52 
2106	99 
2107	49 
2108	57 
2109	20 
2110	103 
2111	65 
2112	91 
2113	4 
2114	97 
2115	24 
2116	57 
2117	65 
2118	79 
2119	62 
2120	98 
2121	75 
2122	43 
2123	45 
2124	49 
2125	81 
2126	98 
2127	1 
2128	53 
2129	52 
2130	89 
2131	34 
2132	73 
2133	6 
2134	14 
2135	69 
2136	2 
2137	30 
2138	67 
2139	104 
2140	34 
2141	65 
2142	34 
2143	22 
2144	54 
2145	47 
2146	79 
2147	84 
2148	88 
2149	97 
2150	95 
2151	23 
2152	38 
2153	98 
2154	43 
2155	47 
2156	92 
2157	34 
2158	95 
2159	51 
2160	61 
2161	20 
2162	96 
2163	48 
2164	21 
2165	81 
2166	92 
2167	101 
2168	72 
2169	92 
2170	7 
2171	91 
2172	95 
2173	31 
2174	4 
2175	27 
2176	92 
2177	39 
2178	25 
2179	44 
2180	65 
2181	67 
2182	84 
2183	95 
2184	33 
2185	92 
2186	21 
2187	44 
2188	79 
2189	34 
2190	90 
2191	83 
2192	10 
2193	47 
2194	98 
2195	80 
2196	82 
2197	50 
2198	103 
2199	44 
2200	101 
2201	67 
2202	73 
2203	84 
2204	50 
2205	35 
2206	77 
2207	10 
2208	98 
2209	10 
2210	51 
2211	18 
2212	41 
2213	21 
2214	91 
2215	43 
2216	56 
2217	23 
2218	51 
2219	82 
2220	36 
2221	31 
2222	88 
2223	7 
2224	55 
2225	105 
2226	19 
2227	5 
2228	33 
2229	57 
2230	47 
2231	58 
2232	67 
2233	73 
2234	38 
2235	99 
2236	47 
2237	89 
2238	94 
2239	9 
2240	59 
2241	105 
2242	14 
2243	93 
2244	67 
2245	84 
2246	45 
2247	15 
2248	34 
2249	68 
2250	33 
2251	24 
2252	25 
2253	80 
2254	21 
2255	72 
2256	75 
2257	38 
2258	55 
2259	62 
2260	55 
2261	45 
2262	69 
2263	104 
2264	4 
2265	4 
2266	59 
2267	29 
2268	28 
2269	73 
2270	16 
2271	50 
2272	61 
2273	4 
2274	81 
2275	44 
2276	6 
2277	53 
2278	31 
2279	17 
2280	56 
2281	66 
2282	82 
2283	66 
2284	20 
2285	73 
2286	10 
2287	98 
2288	20 
2289	89 
2290	20 
2291	66 
2292	99 
2293	10 
2294	67 
2295	19 
2296	98 
2297	47 
2298	63 
2299	72 
2300	106 
2301	38 
2302	64 
2303	32 
2304	67 
2305	64 
2306	92 
2307	23 
2308	44 
2309	6 
2310	16 
2311	60 
2312	92 
2313	69 
2314	63 
2315	97 
2316	64 
2317	75 
2318	73 
2319	74 
2320	48 
2321	95 
2322	34 
2323	79 
2324	53 
2325	20 
2326	64 
2327	61 
2328	49 
2329	84 
2330	38 
2331	21 
2332	53 
2333	92 
2334	68 
2335	51 
2336	51 
2337	84 
2338	84 
2339	84 
2340	8 
2341	55 
2342	8 
2343	106 
2344	74 
2345	63 
2346	47 
2347	3 
2348	98 
2349	72 
2350	85 
2351	32 
2352	34 
2353	82 
2354	39 
2355	101 
2356	49 
2357	99 
2358	56 
2359	51 
2360	101 
2361	76 
2362	84 
2363	64 
2364	44 
2365	36 
2366	57 
2367	25 
2368	59 
2369	54 
2370	37 
2371	49 
2372	10 
2373	73 
2374	73 
2375	18 
2376	72 
2377	98 
2378	20 
2379	70 
2380	63 
2381	25 
2382	58 
2383	84 
2384	79 
2385	25 
2386	21 
2387	27 
2388	98 
2389	85 
2390	83 
2391	95 
2392	10 
2393	69 
2394	65 
2395	53 
2396	7 
2397	66 
2398	93 
2399	29 
2400	94 
2401	13 
2402	40 
2403	21 
2404	44 
2405	34 
2406	28 
2407	66 
2408	33 
2409	11 
2410	28 
2411	74 
2412	20 
2413	25 
2414	25 
2415	90 
2416	62 
2417	52 
2418	67 
2419	18 
2420	41 
2421	77 
2422	27 
2423	83 
2424	68 
2425	1 
2426	90 
2427	62 
2428	78 
2429	34 
2430	47 
2431	46 
2432	52 
2433	47 
2434	30 
2435	62 
2436	45 
2437	38 
2438	103 
2439	100 
2440	91 
2441	80 
2442	4 
2443	82 
2444	46 
2445	20 
2446	20 
2447	39 
2448	69 
2449	68 
2450	62 
2451	83 
2452	39 
2453	75 
2454	86 
2455	60 
2456	99 
2457	79 
2458	22 
2459	14 
2460	22 
2461	38 
2462	57 
2463	33 
2464	21 
2465	67 
2466	25 
2467	93 
2468	89 
2469	11 
2470	24 
2471	12 
2472	84 
2473	104 
2474	55 
2475	21 
2476	72 
2477	51 
2478	21 
2479	33 
2480	102 
2481	38 
2482	76 
2483	92 
2484	47 
2485	68 
2486	33 
2487	60 
2488	9 
2489	18 
2490	10 
2491	88 
2492	101 
2493	40 
2494	56 
2495	44 
2496	54 
2497	56 
2498	20 
2499	92 
2500	96 
2501	66 
2502	84 
2503	103 
2504	38 
2505	22 
2506	93 
2507	92 
2508	14 
2509	18 
2510	7 
2511	53 
2512	91 
2513	97 
2514	23 
2515	107 
2516	20 
2517	99 
2518	34 
2519	45 
2520	77 
2521	89 
2522	85 
2523	97 
2524	60 
2525	10 
2526	53 
2527	92 
2528	89 
2529	99 
2530	42 
2531	89 
2532	5 
2533	18 
2534	59 
2535	23 
2536	17 
2537	9 
2538	54 
2539	56 
2540	21 
2541	18 
2542	91 
2543	46 
2544	72 
2545	75 
2546	63 
2547	7 
2548	4 
2549	5 
2550	100 
2551	72 
2552	66 
2553	38 
2554	11 
2555	79 
2556	72 
2557	101 
2558	25 
2559	10 
2560	6 
2561	5 
2562	49 
2563	79 
2564	83 
2565	47 
2566	49 
2567	92 
2568	4 
2569	7 
2570	80 
2571	99 
2572	26 
2573	69 
2574	12 
2575	75 
2576	21 
2577	76 
2578	100 
2579	67 
2580	46 
2581	83 
2582	38 
2583	83 
2584	25 
2585	98 
2586	66 
2587	67 
2588	66 
2589	29 
2590	72 
2591	95 
2592	38 
2593	44 
2594	63 
2595	92 
2596	20 
2597	59 
2598	92 
2599	74 
2600	46 
2601	20 
2602	73 
2603	72 
2604	51 
2605	7 
2606	71 
2607	73 
2608	85 
2609	33 
2610	2 
2611	79 
2612	51 
2613	8 
2614	84 
2615	29 
2616	74 
2617	3 
2618	21 
2619	72 
2620	101 
2621	13 
2622	73 
2623	48 
2624	98 
2625	52 
2626	89 
2627	67 
2628	80 
2629	18 
2630	36 
2631	66 
2632	44 
2633	46 
2634	4 
2635	65 
2636	47 
2637	66 
2638	99 
2639	88 
2640	62 
2641	63 
2642	66 
2643	78 
2644	61 
2645	92 
2646	46 
2647	34 
2648	9 
2649	43 
2650	77 
2651	90 
2652	33 
2653	58 
2654	40 
2655	56 
2656	2 
2657	49 
2658	101 
2659	17 
2660	53 
2661	51 
2662	45 
2663	51 
2664	75 
2665	54 
2666	68 
2667	26 
2668	2 
2669	92 
2670	47 
2671	47 
2672	24 
2673	38 
2674	56 
2675	73 
2676	45 
2677	62 
2678	81 
2679	51 
2680	10 
2681	14 
2682	96 
2683	74 
2684	28 
2685	44 
2686	52 
2687	100 
2688	68 
2689	94 
2690	24 
2691	95 
2692	24 
2693	12 
2694	97 
2695	94 
2696	75 
2697	14 
2698	64 
2699	16 
2700	51 
2701	30 
2702	93 
2703	45 
2704	31 
2705	68 
2706	39 
2707	65 
2708	103 
2709	77 
2710	60 
2711	90 
2712	4 
2713	38 
2714	60 
2715	62 
2716	93 
2717	50 
2718	80 
2719	38 
2720	60 
2721	71 
2722	6 
2723	67 
2724	17 
2725	65 
2726	74 
2727	10 
2728	67 
2729	7 
2730	15 
2731	61 
2732	52 
2733	25 
2734	54 
2735	62 
2736	80 
2737	101 
2738	21 
2739	66 
2740	84 
2741	70 
2742	65 
2743	26 
2744	22 
2745	66 
2746	74 
2747	28 
2748	31 
2749	29 
2750	42 
2751	99 
2752	37 
2753	56 
2754	74 
2755	101 
2756	66 
2757	41 
2758	97 
2759	22 
2760	101 
2761	86 
2762	28 
2763	18 
2764	40 
2765	98 
2766	98 
2767	3 
2768	50 
2769	76 
2770	93 
2771	50 
2772	66 
2773	78 
2774	72 
2775	41 
2776	51 
2777	102 
2778	5 
2779	42 
2780	89 
2781	47 
2782	43 
2783	7 
2784	99 
2785	96 
2786	46 
2787	2 
2788	51 
2789	87 
2790	33 
2791	75 
2792	82 
2793	22 
2794	66 
2795	98 
2796	32 
2797	95 
2798	11 
2799	30 
2800	75 
2801	52 
2802	62 
2803	72 
2804	60 
2805	83 
2806	21 
2807	28 
2808	21 
2809	48 
2810	33 
2811	98 
2812	39 
2813	85 
2814	49 
2815	67 
2816	59 
2817	52 
2818	81 
2819	33 
2820	32 
2821	92 
2822	61 
2823	74 
2824	63 
2825	17 
2826	18 
2827	34 
2828	20 
2829	51 
2830	57 
2831	57 
2832	78 
2833	58 
2834	7 
2835	49 
2836	40 
2837	60 
2838	73 
2839	80 
2840	81 
2841	64 
2842	96 
2843	68 
2844	15 
2845	97 
2846	14 
2847	38 
2848	18 
2849	17 
2850	57 
2851	106 
2852	38 
2853	28 
2854	56 
2855	63 
2856	44 
2857	33 
2858	10 
2859	94 
2860	52 
2861	104 
2862	32 
2863	14 
2864	84 
2865	44 
2866	47 
2867	96 
2868	80 
2869	40 
2870	66 
2871	77 
2872	38 
2873	96 
2874	101 
2875	55 
2876	12 
2877	89 
2878	82 
2879	107 
2880	32 
2881	11 
2882	70 
2883	4 
2884	79 
2885	25 
2886	13 
2887	57 
2888	77 
2889	6 
2890	34 
2891	46 
2892	25 
2893	1 
2894	60 
2895	103 
2896	79 
2897	59 
2898	77 
2899	51 
2900	60 
2901	18 
2902	62 
2903	67 
2904	53 
2905	107 
2906	59 
2907	106 
2908	17 
2909	1 
2910	38 
2911	38 
2912	11 
2913	18 
2914	50 
2915	33 
2916	7 
2917	38 
2918	30 
2919	88 
2920	98 
2921	93 
2922	57 
2923	7 
2924	74 
2925	90 
2926	79 
2927	36 
2928	98 
2929	33 
2930	107 
2931	92 
2932	55 
2933	20 
2934	40 
2935	62 
2936	20 
2937	95 
2938	73 
2939	92 
2940	50 
2941	38 
2942	31 
2943	101 
2944	3 
2945	5 
2946	56 
2947	48 
2948	53 
2949	7 
2950	45 
2951	67 
2952	51 
2953	25 
2954	51 
2955	77 
2956	62 
2957	18 
2958	85 
2959	25 
2960	69 
2961	66 
2962	13 
2963	46 
2964	80 
2965	89 
2966	72 
2967	75 
2968	30 
2969	38 
2970	61 
2971	51 
2972	33 
2973	57 
2974	70 
2975	78 
2976	79 
2977	82 
2978	52 
2979	28 
2980	57 
2981	62 
2982	21 
2983	65 
2984	67 
2985	6 
2986	3 
2987	92 
2988	28 
2989	9 
2990	22 
2991	84 
2992	25 
2993	63 
2994	40 
2995	43 
2996	31 
2997	28 
2998	10 
2999	22 
3000	5 
3001	66 
3002	10 
3003	105 
3004	1 
3005	64 
3006	69 
3007	74 
3008	57 
3009	19 
3010	36 
3011	5 
3012	97 
3013	44 
3014	76 
3015	51 
3016	39 
3017	106 
3018	47 
3019	98 
3020	98 
3021	34 
3022	47 
3023	40 
3024	65 
3025	56 
3026	82 
3027	53 
3028	41 
3029	94 
3030	12 
3031	107 
3032	95 
3033	21 
3034	98 
3035	2 
3036	63 
3037	8 
3038	6 
3039	87 
3040	27 
3041	97 
3042	40 
3043	3 
3044	82 
3045	73 
3046	87 
3047	66 
3048	41 
3049	78 
3050	22 
3051	10 
3052	51 
3053	99 
3054	92 
3055	74 
3056	57 
3057	30 
3058	20 
3059	47 
3060	64 
3061	101 
3062	69 
3063	34 
3064	7 
3065	57 
3066	65 
3067	97 
3068	44 
3069	47 
3070	3 
3071	66 
3072	43 
3073	98 
3074	94 
3075	71 
3076	86 
3077	66 
3078	63 
3079	10 
3080	33 
3081	28 
3082	56 
3083	73 
3084	92 
3085	18 
3086	2 
3087	8 
3088	72 
3089	85 
3090	59 
3091	54 
3092	47 
3093	55 
3094	78 
3095	105 
3096	82 
3097	60 
3098	89 
3099	49 
3100	21 
3101	16 
3102	50 
3103	92 
3104	20 
3105	64 
3106	10 
3107	22 
3108	72 
3109	57 
3110	38 
3111	65 
3112	107 
3113	36 
3114	56 
3115	63 
3116	97 
3117	88 
3118	48 
3119	23 
3120	18 
3121	28 
3122	5 
3123	13 
3124	47 
3125	7 
3126	3 
3127	49 
3128	45 
3129	75 
3130	60 
3131	11 
3132	67 
3133	82 
3134	7 
3135	58 
3136	99 
3137	37 
3138	34 
3139	5 
3140	38 
3141	75 
3142	4 
3143	60 
3144	99 
3145	103 
3146	70 
3147	98 
3148	87 
3149	73 
3150	55 
3151	92 
3152	5 
3153	29 
3154	28 
3155	78 
3156	31 
3157	73 
3158	48 
3159	66 
3160	63 
3161	22 
3162	40 
3163	98 
3164	83 
3165	82 
3166	90 
3167	89 
3168	1 
3169	13 
3170	15 
3171	45 
3172	24 
3173	53 
3174	1 
3175	1 
3176	20 
3177	85 
3178	66 
3179	77 
3180	56 
3181	47 
3182	6 
3183	55 
3184	5 
3185	97 
3186	51 
3187	95 
3188	53 
3189	102 
3190	50 
3191	33 
3192	84 
3193	107 
3194	7 
3195	28 
3196	39 
3197	52 
3198	99 
3199	69 
3200	107 
3201	5 
3202	50 
3203	78 
3204	7 
3205	46 
3206	53 
3207	85 
3208	40 
3209	25 
3210	97 
3211	33 
3212	84 
3213	77 
3214	82 
3215	47 
3216	61 
3217	3 
3218	54 
3219	20 
3220	66 
3221	29 
3222	84 
3223	100 
3224	77 
3225	22 
3226	30 
3227	58 
3228	56 
3229	54 
3230	90 
3231	18 
3232	14 
3233	86 
3234	69 
3235	17 
3236	101 
3237	37 
3238	46 
3239	97 
3240	28 
3241	89 
3242	18 
3243	29 
3244	53 
3245	20 
3246	94 
3247	67 
3248	52 
3249	19 
3250	73 
3251	47 
3252	20 
3253	65 
3254	18 
3255	91 
3256	98 
3257	7 
3258	5 
3259	105 
3260	78 
3261	17 
3262	44 
3263	77 
3264	105 
3265	58 
3266	81 
3267	56 
3268	84 
3269	47 
3270	56 
3271	25 
3272	38 
3273	73 
3274	85 
3275	73 
3276	50 
3277	107 
3278	25 
3279	82 
3280	3 
3281	58 
3282	3 
3283	7 
3284	94 
3285	11 
3286	35 
3287	88 
3288	74 
3289	49 
3290	83 
3291	70 
3292	107 
3293	92 
3294	72 
3295	45 
3296	33 
3297	28 
3298	57 
3299	31 
3300	34 
3301	1 
3302	35 
3303	72 
3304	82 
3305	92 
3306	21 
3307	82 
3308	89 
3309	83 
3310	22 
3311	50 
3312	63 
3313	79 
3314	63 
3315	69 
3316	12 
3317	46 
3318	66 
3319	87 
3320	96 
3321	67 
3322	62 
3323	53 
3324	49 
3325	77 
3326	83 
3327	64 
3328	24 
3329	33 
3330	66 
3331	27 
3332	78 
3333	65 
3334	101 
3335	88 
3336	98 
3337	68 
3338	89 
3339	58 
3340	101 
3341	73 
3342	1 
3343	41 
3344	97 
3345	33 
3346	10 
3347	25 
3348	27 
3349	82 
3350	37 
3351	15 
3352	10 
3353	19 
3354	10 
3355	82 
3356	94 
3357	70 
3358	28 
3359	35 
3360	63 
3361	1 
3362	10 
3363	65 
3364	51 
3365	77 
3366	55 
3367	51 
3368	38 
3369	24 
3370	98 
3371	82 
3372	44 
3373	47 
3374	87 
3375	73 
3376	24 
3377	84 
3378	57 
3379	90 
3380	34 
3381	84 
3382	67 
3383	4 
3384	73 
3385	73 
3386	55 
3387	2 
3388	15 
3389	48 
3390	20 
3391	80 
3392	11 
3393	58 
3394	62 
3395	77 
3396	11 
3397	69 
3398	9 
3399	32 
3400	83 
3401	55 
3402	55 
3403	34 
3404	18 
3405	54 
3406	22 
3407	28 
3408	56 
3409	60 
3410	57 
3411	107 
3412	23 
3413	4 
3414	59 
3415	21 
3416	56 
3417	19 
3418	80 
3419	25 
3420	24 
3421	49 
3422	99 
3423	25 
3424	12 
3425	22 
3426	47 
3427	73 
3428	69 
3429	39 
3430	57 
3431	80 
3432	10 
3433	2 
3434	9 
3435	63 
3436	68 
3437	10 
3438	4 
3439	67 
3440	51 
3441	98 
3442	89 
3443	38 
3444	93 
3445	38 
3446	14 
3447	4 
3448	106 
3449	57 
3450	82 
3451	55 
3452	53 
3453	33 
3454	57 
3455	4 
3456	70 
3457	66 
3458	105 
3459	40 
3460	17 
3461	33 
3462	49 
3463	82 
3464	47 
3465	62 
3466	72 
3467	3 
3468	35 
3469	73 
3470	93 
3471	66 
3472	49 
3473	22 
3474	10 
3475	23 
3476	22 
3477	57 
3478	6 
3479	7 
3480	37 
3481	52 
3482	19 
3483	73 
3484	26 
3485	76 
3486	59 
3487	5 
3488	89 
3489	63 
3490	46 
3491	69 
3492	92 
3493	77 
3494	64 
3495	57 
3496	68 
3497	35 
3498	67 
3499	62 
3500	1 
3501	1 
3502	7 
3503	40 
3504	38 
3505	10 
3506	22 
3507	19 
3508	54 
3509	57 
3510	104 
3511	25 
3512	64 
3513	92 
3514	98 
3515	80 
3516	57 
3517	30 
3518	36 
3519	20 
3520	57 
3521	31 
3522	27 
3523	53 
3524	96 
3525	33 
3526	53 
3527	51 
3528	73 
3529	99 
3530	91 
3531	95 
3532	98 
3533	92 
3534	60 
3535	45 
3536	98 
3537	67 
3538	17 
3539	10 
3540	47 
3541	69 
3542	89 
3543	77 
3544	64 
3545	65 
3546	54 
3547	75 
3548	45 
3549	58 
3550	101 
3551	23 
3552	21 
3553	22 
3554	67 
3555	20 
3556	34 
3557	83 
3558	17 
3559	36 
3560	4 
3561	86 
3562	75 
3563	89 
3564	85 
3565	22 
3566	102 
3567	62 
3568	55 
3569	11 
3570	3 
3571	65 
3572	82 
3573	79 
3574	56 
3575	23 
3576	55 
3577	79 
3578	80 
3579	77 
3580	22 
3581	47 
3582	98 
3583	97 
3584	22 
3585	45 
3586	63 
3587	37 
3588	2 
3589	60 
3590	58 
3591	95 
3592	86 
3593	92 
3594	101 
3595	13 
3596	21 
3597	16 
3598	10 
3599	51 
3600	15 
3601	58 
3602	107 
3603	21 
3604	1 
3605	82 
3606	104 
3607	89 
3608	59 
3609	34 
3610	60 
3611	15 
3612	76 
3613	86 
3614	72 
3615	66 
3616	36 
3617	35 
3618	89 
3619	83 
3620	22 
3621	93 
3622	19 
3623	66 
3624	59 
3625	46 
3626	35 
3627	52 
3628	38 
3629	59 
3630	39 
3631	2 
3632	21 
3633	77 
3634	10 
3635	57 
3636	90 
3637	84 
3638	87 
3639	83 
3640	38 
3641	45 
3642	46 
3643	10 
3644	82 
3645	67 
3646	1 
3647	21 
3648	66 
3649	27 
3650	42 
3651	5 
3652	89 
3653	41 
3654	5 
3655	38 
3656	37 
3657	29 
3658	10 
3659	89 
3660	10 
3661	24 
3662	65 
3663	75 
3664	16 
3665	80 
3666	77 
3667	53 
3668	20 
3669	58 
3670	100 
3671	33 
3672	58 
3673	8 
3674	52 
3675	28 
3676	56 
3677	24 
3678	82 
3679	44 
3680	98 
3681	23 
3682	92 
3683	73 
3684	20 
3685	73 
3686	106 
3687	107 
3688	21 
3689	1 
3690	55 
3691	57 
3692	23 
3693	66 
3694	24 
3695	9 
3696	97 
3697	7 
3698	104 
3699	10 
3700	15 
3701	36 
3702	2 
3703	97 
3704	15 
3705	53 
3706	31 
3707	55 
3708	7 
3709	97 
3710	48 
3711	90 
3712	57 
3713	45 
3714	7 
3715	10 
3716	47 
3717	72 
3718	32 
3719	54 
3720	67 
3721	20 
3722	30 
3723	48 
3724	44 
3725	40 
3726	11 
3727	77 
3728	92 
3729	74 
3730	49 
3731	57 
3732	35 
3733	42 
3734	77 
3735	60 
3736	43 
3737	53 
3738	69 
3739	71 
3740	62 
3741	5 
3742	22 
3743	78 
3744	97 
3745	101 
3746	72 
3747	52 
3748	57 
3749	7 
3750	36 
3751	23 
3752	64 
3753	37 
3754	75 
3755	38 
3756	37 
3757	80 
3758	37 
3759	47 
3760	89 
3761	18 
3762	7 
3763	51 
3764	8 
3765	29 
3766	74 
3767	76 
3768	92 
3769	62 
3770	5 
3771	73 
3772	52 
3773	43 
3774	23 
3775	18 
3776	48 
3777	42 
3778	44 
3779	50 
3780	10 
3781	66 
3782	54 
3783	88 
3784	80 
3785	49 
3786	92 
3787	91 
3788	37 
3789	51 
3790	79 
3791	39 
3792	49 
3793	98 
3794	35 
3795	13 
3796	57 
3797	104 
3798	92 
3799	62 
3800	9 
3801	50 
3802	38 
3803	53 
3804	49 
3805	98 
3806	85 
3807	7 
3808	10 
3809	36 
3810	10 
3811	86 
3812	12 
3813	106 
3814	23 
3815	62 
3816	7 
3817	77 
3818	60 
3819	80 
3820	89 
3821	57 
3822	36 
3823	56 
3824	21 
3825	62 
3826	84 
3827	80 
3828	98 
3829	33 
3830	88 
3831	72 
3832	85 
3833	63 
3834	67 
3835	103 
3836	39 
3837	33 
3838	106 
3839	91 
3840	63 
3841	26 
3842	62 
3843	68 
3844	53 
3845	99 
3846	3 
3847	102 
3848	86 
3849	92 
3850	33 
3851	52 
3852	58 
3853	10 
3854	106 
3855	63 
3856	47 
3857	16 
3858	23 
3859	103 
3860	101 
3861	44 
3862	81 
3863	36 
3864	84 
3865	86 
3866	13 
3867	72 
3868	3 
3869	25 
3870	50 
3871	83 
3872	92 
3873	102 
3874	83 
3875	15 
3876	29 
3877	52 
3878	29 
3879	25 
3880	75 
3881	63 
3882	85 
3883	2 
3884	104 
3885	53 
3886	53 
3887	10 
3888	20 
3889	69 
3890	11 
3891	68 
3892	27 
3893	1 
3894	89 
3895	3 
3896	79 
3897	49 
3898	14 
3899	6 
3900	4 
3901	44 
3902	65 
3903	89 
3904	59 
3905	33 
3906	64 
3907	57 
3908	54 
3909	98 
3910	42 
3911	46 
3912	94 
3913	96 
3914	79 
3915	82 
3916	22 
3917	12 
3918	31 
3919	43 
3920	92 
3921	67 
3922	1 
3923	10 
3924	97 
3925	81 
3926	66 
3927	46 
3928	65 
3929	58 
3930	47 
3931	33 
3932	57 
3933	14 
3934	22 
3935	18 
3936	92 
3937	67 
3938	38 
3939	11 
3940	28 
3941	101 
3942	10 
3943	53 
3944	100 
3945	10 
3946	77 
3947	24 
3948	63 
3949	89 
3950	10 
3951	38 
3952	33 
3953	94 
3954	95 
3955	50 
3956	55 
3957	77 
3958	49 
3959	57 
3960	75 
3961	66 
3962	15 
3963	85 
3964	16 
3965	46 
3966	44 
3967	21 
3968	67 
3969	12 
3970	25 
3971	48 
3972	19 
3973	65 
3974	18 
3975	19 
3976	25 
3977	54 
3978	66 
3979	37 
3980	38 
3981	63 
3982	101 
3983	88 
3984	78 
3985	62 
3986	43 
3987	26 
3988	97 
3989	53 
3990	82 
3991	38 
3992	95 
3993	14 
3994	71 
3995	96 
3996	73 
3997	53 
3998	92 
3999	63 
4000	58 
4001	69 
4002	34 
4003	1 
4004	52 
4005	21 
4006	98 
4007	103 
4008	94 
4009	20 
4010	10 
4011	86 
4012	33 
4013	82 
4014	7 
4015	26 
4016	16 
4017	46 
4018	8 
4019	51 
4020	20 
4021	36 
4022	11 
4023	18 
4024	10 
4025	89 
4026	12 
4027	97 
4028	10 
4029	54 
4030	17 
4031	65 
4032	39 
4033	53 
4034	22 
4035	88 
4036	53 
4037	12 
4038	82 
4039	6 
4040	24 
4041	40 
4042	54 
4043	93 
4044	107 
4045	67 
4046	12 
4047	64 
4048	1 
4049	4 
4050	53 
4051	20 
4052	45 
4053	27 
4054	49 
4055	62 
4056	57 
4057	45 
4058	60 
4059	9 
4060	62 
4061	55 
4062	21 
4063	23 
4064	101 
4065	9 
4066	57 
4067	53 
4068	34 
4069	38 
4070	1 
4071	39 
4072	85 
4073	51 
4074	70 
4075	92 
4076	37 
4077	21 
4078	93 
4079	54 
4080	97 
4081	9 
4082	71 
4083	47 
4084	73 
4085	39 
4086	43 
4087	69 
4088	107 
4089	99 
4090	34 
4091	68 
4092	7 
4093	82 
4094	92 
4095	36 
4096	62 
4097	49 
4098	104 
4099	49 
4100	63 
4101	67 
4102	23 
4103	46 
4104	36 
4105	104 
4106	73 
4107	98 
4108	91 
4109	23 
4110	64 
4111	44 
4112	30 
4113	57 
4114	63 
4115	41 
4116	9 
4117	84 
4118	22 
4119	70 
4120	76 
4121	51 
4122	45 
4123	11 
4124	90 
4125	57 
4126	42 
4127	88 
4128	102 
4129	102 
4130	21 
4131	68 
4132	36 
4133	65 
4134	47 
4135	66 
4136	90 
4137	80 
4138	18 
4139	80 
4140	33 
4141	73 
4142	104 
4143	26 
4144	103 
4145	66 
4146	10 
4147	93 
4148	13 
4149	63 
4150	42 
4151	83 
4152	49 
4153	28 
4154	80 
4155	63 
4156	11 
4157	26 
4158	96 
4159	33 
4160	60 
4161	99 
4162	98 
4163	25 
4164	104 
4165	95 
4166	12 
4167	82 
4168	20 
4169	97 
4170	82 
4171	66 
4172	35 
4173	30 
4174	23 
4175	77 
4176	75 
4177	45 
4178	58 
4179	73 
4180	78 
4181	98 
4182	51 
4183	57 
4184	54 
4185	73 
4186	57 
4187	54 
4188	7 
4189	17 
4190	75 
4191	84 
4192	62 
4193	84 
4194	27 
4195	29 
4196	81 
4197	44 
4198	98 
4199	10 
4200	3 
4201	38 
4202	48 
4203	18 
4204	15 
4205	75 
4206	35 
4207	13 
4208	2 
4209	46 
4210	104 
4211	14 
4212	80 
4213	53 
4214	30 
4215	43 
4216	100 
4217	51 
4218	36 
4219	56 
4220	6 
4221	51 
4222	54 
4223	62 
4224	72 
4225	98 
4226	64 
4227	78 
4228	63 
4229	70 
4230	42 
4231	9 
4232	98 
4233	54 
4234	72 
4235	94 
4236	3 
4237	84 
4238	76 
4239	88 
4240	45 
4241	98 
4242	22 
4243	25 
4244	38 
4245	56 
4246	12 
4247	94 
4248	45 
4249	69 
4250	17 
4251	74 
4252	89 
4253	73 
4254	31 
4255	75 
4256	93 
4257	64 
4258	72 
4259	106 
4260	31 
4261	12 
4262	45 
4263	36 
4264	72 
4265	10 
4266	24 
4267	62 
4268	89 
4269	51 
4270	63 
4271	101 
4272	33 
4273	88 
4274	63 
4275	29 
4276	72 
4277	79 
4278	39 
4279	21 
4280	89 
4281	88 
4282	103 
4283	78 
4284	3 
4285	69 
4286	5 
4287	14 
4288	53 
4289	31 
4290	67 
4291	10 
4292	73 
4293	68 
4294	102 
4295	67 
4296	78 
4297	91 
4298	60 
4299	93 
4300	89 
4301	4 
4302	53 
4303	30 
4304	3 
4305	75 
4306	35 
4307	39 
4308	53 
4309	2 
4310	33 
4311	31 
4312	106 
4313	24 
4314	100 
4315	71 
4316	69 
4317	34 
4318	98 
4319	60 
4320	44 
4321	33 
4322	81 
4323	31 
4324	98 
4325	37 
4326	73 
4327	38 
4328	18 
4329	63 
4330	47 
4331	7 
4332	62 
4333	21 
4334	47 
4335	72 
4336	54 
4337	92 
4338	61 
4339	6 
4340	77 
4341	67 
4342	21 
4343	57 
4344	73 
4345	25 
4346	31 
4347	36 
4348	22 
4349	20 
4350	47 
4351	89 
4352	57 
4353	45 
4354	84 
4355	67 
4356	52 
4357	74 
4358	36 
4359	43 
4360	73 
4361	10 
4362	82 
4363	104 
4364	62 
4365	73 
4366	56 
4367	96 
4368	30 
4369	38 
4370	83 
4371	85 
4372	104 
4373	78 
4374	84 
4375	56 
4376	70 
4377	107 
4378	29 
4379	76 
4380	83 
4381	21 
4382	91 
4383	98 
4384	26 
4385	52 
4386	53 
4387	8 
4388	92 
4389	86 
4390	25 
4391	25 
4392	45 
4393	9 
4394	50 
4395	25 
4396	1 
4397	54 
4398	99 
4399	68 
4400	18 
4401	8 
4402	21 
4403	49 
4404	58 
4405	8 
4406	63 
4407	25 
4408	1 
4409	58 
4410	22 
4411	25 
4412	39 
4413	34 
4414	77 
4415	23 
4416	35 
4417	82 
4418	5 
4419	53 
4420	75 
4421	98 
4422	93 
4423	63 
4424	83 
4425	38 
4426	7 
4427	4 
4428	82 
4429	48 
4430	52 
4431	104 
4432	51 
4433	91 
4434	97 
4435	20 
4436	57 
4437	8 
4438	80 
4439	103 
4440	68 
4441	41 
4442	20 
4443	41 
4444	18 
4445	39 
4446	88 
4447	99 
4448	52 
4449	67 
4450	49 
4451	72 
4452	66 
4453	57 
4454	32 
4455	35 
4456	52 
4457	102 
4458	52 
4459	52 
4460	94 
4461	98 
4462	14 
4463	84 
4464	28 
4465	82 
4466	82 
4467	68 
4468	1 
4469	2 
4470	66 
4471	66 
4472	8 
4473	51 
4474	79 
4475	22 
4476	106 
4477	89 
4478	25 
4479	51 
4480	34 
4481	53 
4482	84 
4483	7 
4484	54 
4485	12 
4486	19 
4487	7 
4488	100 
4489	77 
4490	22 
4491	85 
4492	10 
4493	38 
4494	72 
4495	92 
4496	79 
4497	29 
4498	57 
4499	30 
4500	21 
4501	103 
4502	52 
4503	65 
4504	78 
4505	19 
4506	93 
4507	8 
4508	92 
4509	82 
4510	106 
4511	20 
4512	52 
4513	28 
4514	51 
4515	26 
4516	79 
4517	87 
4518	97 
4519	62 
4520	70 
4521	76 
4522	47 
4523	22 
4524	63 
4525	76 
4526	12 
4527	50 
4528	40 
4529	17 
4530	83 
4531	86 
4532	89 
4533	72 
4534	53 
4535	82 
4536	58 
4537	92 
4538	51 
4539	24 
4540	94 
4541	14 
4542	77 
4543	46 
4544	29 
4545	22 
4546	8 
4547	1 
4548	94 
4549	93 
4550	86 
4551	107 
4552	106 
4553	35 
4554	32 
4555	20 
4556	71 
4557	23 
4558	10 
4559	62 
4560	53 
4561	34 
4562	57 
4563	93 
4564	84 
4565	82 
4566	92 
4567	10 
4568	4 
4569	66 
4570	77 
4571	69 
4572	92 
4573	21 
4574	71 
4575	30 
4576	90 
4577	102 
4578	10 
4579	7 
4580	35 
4581	30 
4582	62 
4583	4 
4584	39 
4585	75 
4586	58 
4587	21 
4588	39 
4589	66 
4590	13 
4591	64 
4592	74 
4593	41 
4594	102 
4595	53 
4596	84 
4597	26 
4598	79 
4599	3 
4600	103 
4601	66 
4602	84 
4603	74 
4604	60 
4605	90 
4606	92 
4607	13 
4608	44 
4609	10 
4610	38 
4611	89 
4612	43 
4613	56 
4614	82 
4615	24 
4616	75 
4617	45 
4618	104 
4619	22 
4620	45 
4621	57 
4622	7 
4623	76 
4624	22 
4625	25 
4626	87 
4627	65 
4628	83 
4629	38 
4630	29 
4631	92 
4632	94 
4633	69 
4634	63 
4635	38 
4636	52 
4637	16 
4638	15 
4639	78 
4640	107 
4641	66 
4642	64 
4643	17 
4644	33 
4645	22 
4646	102 
4647	98 
4648	54 
4649	2 
4650	66 
4651	16 
4652	36 
4653	53 
4654	62 
4655	25 
4656	22 
4657	57 
4658	34 
4659	94 
4660	84 
4661	72 
4662	55 
4663	13 
4664	88 
4665	45 
4666	72 
4667	84 
4668	64 
4669	34 
4670	93 
4671	2 
4672	25 
4673	23 
4674	68 
4675	25 
4676	83 
4677	78 
4678	53 
4679	21 
4680	11 
4681	10 
4682	64 
4683	43 
4684	28 
4685	102 
4686	83 
4687	33 
4688	11 
4689	80 
4690	89 
4691	18 
4692	13 
4693	87 
4694	83 
4695	13 
4696	25 
4697	73 
4698	69 
4699	104 
4700	66 
4701	66 
4702	17 
4703	77 
4704	92 
4705	40 
4706	98 
4707	105 
4708	97 
4709	40 
4710	75 
4711	73 
4712	88 
4713	21 
4714	21 
4715	44 
4716	81 
4717	78 
4718	13 
4719	6 
4720	82 
4721	57 
4722	97 
4723	18 
4724	23 
4725	51 
4726	70 
4727	4 
4728	80 
4729	3 
4730	65 
4731	82 
4732	42 
4733	56 
4734	70 
4735	62 
4736	19 
4737	44 
4738	83 
4739	66 
4740	7 
4741	25 
4742	63 
4743	85 
4744	15 
4745	58 
4746	99 
4747	47 
4748	22 
4749	74 
4750	20 
4751	55 
4752	37 
4753	92 
4754	51 
4755	88 
4756	57 
4757	107 
4758	67 
4759	13 
4760	44 
4761	38 
4762	53 
4763	61 
4764	71 
4765	47 
4766	83 
4767	39 
4768	3 
4769	36 
4770	53 
4771	70 
4772	51 
4773	26 
4774	89 
4775	92 
4776	55 
4777	61 
4778	21 
4779	94 
4780	2 
4781	107 
4782	3 
4783	86 
4784	44 
4785	30 
4786	89 
4787	11 
4788	45 
4789	92 
4790	73 
4791	85 
4792	37 
4793	18 
4794	8 
4795	25 
4796	44 
4797	73 
4798	97 
4799	98 
4800	89 
4801	85 
4802	53 
4803	68 
4804	80 
4805	45 
4806	28 
4807	65 
4808	24 
4809	10 
4810	42 
4811	77 
4812	20 
4813	69 
4814	51 
4815	13 
4816	62 
4817	93 
4818	11 
4819	37 
4820	17 
4821	7 
4822	22 
4823	51 
4824	72 
4825	95 
4826	105 
4827	22 
4828	83 
4829	23 
4830	98 
4831	98 
4832	19 
4833	33 
4834	53 
4835	84 
4836	11 
4837	75 
4838	100 
4839	17 
4840	34 
4841	68 
4842	92 
4843	22 
4844	18 
4845	13 
4846	72 
4847	54 
4848	77 
4849	14 
4850	21 
4851	72 
4852	96 
4853	69 
4854	34 
4855	34 
4856	53 
4857	1 
4858	67 
4859	98 
4860	52 
4861	62 
4862	82 
4863	10 
4864	10 
4865	2 
4866	46 
4867	55 
4868	47 
4869	69 
4870	52 
4871	88 
4872	65 
4873	2 
4874	57 
4875	68 
4876	80 
4877	101 
4878	25 
4879	83 
4880	24 
4881	23 
4882	86 
4883	93 
4884	23 
4885	37 
4886	98 
4887	6 
4888	10 
4889	34 
4890	5 
4891	88 
4892	50 
4893	87 
4894	10 
4895	58 
4896	44 
4897	83 
4898	79 
4899	64 
4900	20 
4901	38 
4902	62 
4903	52 
4904	80 
4905	62 
4906	56 
4907	63 
4908	73 
4909	43 
4910	83 
4911	73 
4912	75 
4913	63 
4914	5 
4915	74 
4916	98 
4917	37 
4918	25 
4919	65 
4920	66 
4921	36 
4922	33 
4923	6 
4924	10 
4925	22 
4926	56 
4927	44 
4928	85 
4929	20 
4930	97 
4931	22 
4932	5 
4933	67 
4934	5 
4935	47 
4936	64 
4937	22 
4938	25 
4939	30 
4940	98 
4941	53 
4942	80 
4943	22 
4944	87 
4945	62 
4946	65 
4947	23 
4948	102 
4949	97 
4950	88 
4951	95 
4952	94 
4953	2 
4954	23 
4955	63 
4956	102 
4957	93 
4958	22 
4959	89 
4960	83 
4961	63 
4962	62 
4963	102 
4964	15 
4965	92 
4966	1 
4967	76 
4968	22 
4969	53 
4970	43 
4971	79 
4972	20 
4973	7 
4974	1 
4975	10 
4976	18 
4977	89 
4978	54 
4979	63 
4980	53 
4981	93 
4982	62 
4983	18 
4984	66 
4985	79 
4986	54 
4987	73 
4988	53 
4989	66 
4990	56 
4991	56 
4992	80 
4993	22 
4994	64 
4995	56 
4996	20 
4997	62 
4998	51 
4999	53 
5000	65 
