1	11 
2	4 
3	71 
4	44 
5	29 
6	66 
7	75 
8	101 
9	23 
10	30 
11	84 
12	7 
13	44 
14	27 
15	14 
16	75 
17	101 
18	43 
19	49 
20	23 
21	42 
22	17 
23	94 
24	8 
25	49 
26	45 
27	62 
28	64 
29	62 
30	25 
31	72 
32	99 
33	25 
34	36 
35	34 
36	87 
37	84 
38	81 
39	65 
40	41 
41	78 
42	8 
43	31 
44	27 
45	39 
46	7 
47	7 
48	42 
49	9 
50	86 
51	91 
52	58 
53	8 
54	100 
55	11 
56	42 
57	68 
58	39 
59	42 
60	27 
61	59 
62	77 
63	91 
64	34 
65	70 
66	73 
67	87 
68	37 
69	62 
70	38 
71	22 
72	54 
73	4 
74	98 
75	54 
76	42 
77	38 
78	8 
79	17 
80	54 
81	92 
82	10 
83	79 
84	64 
85	74 
86	75 
87	25 
88	59 
89	34 
90	89 
91	10 
92	28 
93	40 
94	16 
95	15 
96	75 
97	8 
98	42 
99	17 
100	36 
101	7 
102	74 
103	71 
104	82 
105	7 
106	11 
107	72 
108	34 
109	34 
110	6 
111	24 
112	32 
113	100 
114	33 
115	5 
116	86 
117	8 
118	41 
119	96 
120	86 
121	19 
122	23 
123	13 
124	60 
125	9 
126	91 
127	100 
128	40 
129	37 
130	49 
131	53 
132	80 
133	8 
134	46 
135	72 
136	44 
137	72 
138	2 
139	56 
140	77 
141	21 
142	57 
143	33 
144	86 
145	48 
146	25 
147	69 
148	22 
149	16 
150	11 
151	62 
152	32 
153	62 
154	48 
155	67 
156	22 
157	8 
158	10 
159	97 
160	31 
161	74 
162	82 
163	30 
164	67 
165	84 
166	10 
167	37 
168	86 
169	79 
170	75 
171	28 
172	42 
173	79 
174	28 
175	61 
176	9 
177	59 
178	71 
179	96 
180	92 
181	6 
182	25 
183	90 
184	56 
185	67 
186	44 
187	89 
188	71 
189	14 
190	93 
191	97 
192	93 
193	34 
194	32 
195	90 
196	86 
197	74 
198	31 
199	96 
200	48 
201	8 
202	2 
203	81 
204	22 
205	9 
206	22 
207	75 
208	95 
209	54 
210	1 
211	59 
212	25 
213	73 
214	7 
215	55 
216	7 
217	54 
218	25 
219	53 
220	52 
221	89 
222	6 
223	6 
224	25 
225	95 
226	86 
227	10 
228	48 
229	53 
230	80 
231	13 
232	59 
233	33 
234	96 
235	79 
236	60 
237	18 
238	32 
239	69 
240	10 
241	20 
242	64 
243	22 
244	27 
245	17 
246	79 
247	100 
248	87 
249	88 
250	13 
251	2 
252	28 
253	4 
254	75 
255	9 
256	13 
257	80 
258	15 
259	46 
260	101 
261	18 
262	67 
263	28 
264	54 
265	96 
266	55 
267	100 
268	52 
269	20 
270	13 
271	37 
272	29 
273	7 
274	26 
275	11 
276	76 
277	95 
278	73 
279	34 
280	79 
281	85 
282	80 
283	95 
284	28 
285	84 
286	95 
287	59 
288	37 
289	77 
290	88 
291	13 
292	48 
293	21 
294	89 
295	42 
296	43 
297	13 
298	83 
299	97 
300	77 
301	88 
302	52 
303	4 
304	94 
305	40 
306	91 
307	86 
308	69 
309	25 
310	26 
311	101 
312	34 
313	73 
314	88 
315	25 
316	30 
317	32 
318	10 
319	101 
320	41 
321	79 
322	71 
323	69 
324	26 
325	13 
326	27 
327	96 
328	1 
329	32 
330	51 
331	54 
332	66 
333	87 
334	100 
335	96 
336	34 
337	12 
338	22 
339	77 
340	18 
341	19 
342	14 
343	87 
344	56 
345	98 
346	67 
347	96 
348	49 
349	28 
350	25 
351	27 
352	40 
353	97 
354	64 
355	98 
356	4 
357	101 
358	28 
359	36 
360	6 
361	69 
362	42 
363	75 
364	4 
365	67 
366	26 
367	74 
368	39 
369	79 
370	86 
371	67 
372	22 
373	3 
374	98 
375	87 
376	41 
377	18 
378	41 
379	90 
380	86 
381	90 
382	3 
383	89 
384	41 
385	101 
386	41 
387	25 
388	24 
389	21 
390	75 
391	25 
392	17 
393	75 
394	100 
395	65 
396	54 
397	74 
398	87 
399	18 
400	54 
401	37 
402	75 
403	49 
404	67 
405	24 
406	77 
407	6 
408	21 
409	53 
410	59 
411	80 
412	71 
413	27 
414	41 
415	64 
416	6 
417	43 
418	26 
419	44 
420	56 
421	84 
422	55 
423	5 
424	26 
425	73 
426	40 
427	71 
428	98 
429	18 
430	8 
431	91 
432	18 
433	38 
434	76 
435	82 
436	42 
437	41 
438	26 
439	35 
440	92 
441	23 
442	45 
443	15 
444	67 
445	47 
446	37 
447	28 
448	60 
449	78 
450	64 
451	79 
452	48 
453	91 
454	83 
455	62 
456	82 
457	26 
458	90 
459	6 
460	32 
461	13 
462	96 
463	88 
464	6 
465	96 
466	11 
467	80 
468	70 
469	24 
470	99 
471	61 
472	44 
473	92 
474	75 
475	2 
476	32 
477	42 
478	67 
479	87 
480	8 
481	72 
482	36 
483	5 
484	68 
485	17 
486	7 
487	68 
488	6 
489	90 
490	56 
491	28 
492	70 
493	34 
494	73 
495	30 
496	35 
497	41 
498	100 
499	42 
500	84 
501	2 
502	23 
503	43 
504	63 
505	69 
506	24 
507	21 
508	23 
509	86 
510	20 
511	60 
512	87 
513	18 
514	61 
515	88 
516	79 
517	22 
518	79 
519	89 
520	70 
521	97 
522	74 
523	81 
524	60 
525	28 
526	11 
527	79 
528	87 
529	80 
530	61 
531	21 
532	23 
533	99 
534	91 
535	58 
536	41 
537	84 
538	14 
539	31 
540	57 
541	42 
542	40 
543	23 
544	40 
545	80 
546	23 
547	43 
548	71 
549	49 
550	94 
551	30 
552	28 
553	91 
554	101 
555	34 
556	67 
557	27 
558	7 
559	84 
560	43 
561	46 
562	19 
563	10 
564	40 
565	16 
566	49 
567	16 
568	30 
569	36 
570	99 
571	100 
572	87 
573	23 
574	42 
575	11 
576	40 
577	50 
578	98 
579	89 
580	92 
581	12 
582	101 
583	7 
584	84 
585	9 
586	28 
587	23 
588	17 
589	22 
590	13 
591	75 
592	12 
593	42 
594	8 
595	11 
596	70 
597	23 
598	86 
599	37 
600	71 
601	92 
602	57 
603	34 
604	33 
605	37 
606	91 
607	75 
608	22 
609	25 
610	26 
611	95 
612	100 
613	62 
614	30 
615	32 
616	18 
617	44 
618	99 
619	18 
620	79 
621	27 
622	63 
623	69 
624	54 
625	97 
626	4 
627	75 
628	2 
629	92 
630	100 
631	21 
632	93 
633	30 
634	44 
635	44 
636	86 
637	28 
638	57 
639	46 
640	10 
641	45 
642	65 
643	27 
644	58 
645	10 
646	36 
647	60 
648	9 
649	92 
650	73 
651	10 
652	1 
653	97 
654	93 
655	87 
656	9 
657	3 
658	62 
659	86 
660	88 
661	53 
662	64 
663	36 
664	99 
665	46 
666	33 
667	28 
668	100 
669	61 
670	17 
671	84 
672	101 
673	20 
674	74 
675	9 
676	56 
677	98 
678	65 
679	59 
680	30 
681	8 
682	94 
683	12 
684	78 
685	41 
686	99 
687	32 
688	42 
689	40 
690	92 
691	21 
692	1 
693	71 
694	41 
695	40 
696	43 
697	52 
698	79 
699	2 
700	25 
701	90 
702	7 
703	91 
704	87 
705	71 
706	78 
707	91 
708	61 
709	23 
710	8 
711	72 
712	21 
713	12 
714	42 
715	9 
716	85 
717	60 
718	39 
719	7 
720	10 
721	4 
722	74 
723	87 
724	99 
725	24 
726	50 
727	46 
728	7 
729	13 
730	25 
731	73 
732	12 
733	87 
734	7 
735	60 
736	73 
737	55 
738	71 
739	14 
740	34 
741	101 
742	92 
743	72 
744	2 
745	34 
746	34 
747	91 
748	21 
749	49 
750	7 
751	77 
752	69 
753	87 
754	21 
755	8 
756	26 
757	9 
758	75 
759	48 
760	73 
761	7 
762	48 
763	9 
764	38 
765	5 
766	70 
767	75 
768	91 
769	13 
770	74 
771	17 
772	17 
773	44 
774	76 
775	71 
776	44 
777	69 
778	4 
779	69 
780	61 
781	5 
782	41 
783	10 
784	18 
785	41 
786	54 
787	100 
788	93 
789	8 
790	21 
791	62 
792	99 
793	77 
794	84 
795	53 
796	56 
797	88 
798	90 
799	68 
800	76 
801	57 
802	34 
803	87 
804	6 
805	41 
806	99 
807	44 
808	28 
809	99 
810	17 
811	99 
812	36 
813	87 
814	10 
815	75 
816	48 
817	42 
818	82 
819	12 
820	76 
821	7 
822	52 
823	88 
824	69 
825	7 
826	61 
827	77 
828	16 
829	96 
830	9 
831	83 
832	56 
833	41 
834	11 
835	99 
836	91 
837	23 
838	10 
839	101 
840	90 
841	29 
842	81 
843	29 
844	42 
845	14 
846	42 
847	22 
848	26 
849	47 
850	61 
851	68 
852	76 
853	57 
854	61 
855	69 
856	69 
857	56 
858	37 
859	66 
860	57 
861	58 
862	63 
863	41 
864	44 
865	11 
866	8 
867	101 
868	1 
869	8 
870	66 
871	17 
872	79 
873	20 
874	67 
875	99 
876	51 
877	79 
878	101 
879	91 
880	6 
881	88 
882	98 
883	31 
884	63 
885	17 
886	46 
887	22 
888	79 
889	28 
890	28 
891	67 
892	66 
893	93 
894	31 
895	56 
896	34 
897	94 
898	2 
899	26 
900	49 
901	26 
902	64 
903	52 
904	69 
905	59 
906	66 
907	8 
908	94 
909	13 
910	60 
911	41 
912	44 
913	56 
914	10 
915	84 
916	58 
917	87 
918	3 
919	39 
920	57 
921	6 
922	54 
923	66 
924	42 
925	13 
926	24 
927	56 
928	8 
929	71 
930	75 
931	9 
932	78 
933	101 
934	83 
935	79 
936	34 
937	63 
938	22 
939	69 
940	8 
941	8 
942	28 
943	8 
944	66 
945	37 
946	44 
947	7 
948	94 
949	22 
950	96 
951	35 
952	37 
953	42 
954	55 
955	21 
956	60 
957	100 
958	95 
959	13 
960	86 
961	19 
962	87 
963	39 
964	31 
965	22 
966	44 
967	4 
968	41 
969	41 
970	91 
971	17 
972	39 
973	32 
974	59 
975	79 
976	66 
977	94 
978	18 
979	44 
980	22 
981	10 
982	77 
983	99 
984	53 
985	91 
986	84 
987	87 
988	4 
989	79 
990	46 
991	80 
992	49 
993	101 
994	93 
995	100 
996	59 
997	49 
998	52 
999	24 
1000	45 
1001	81 
1002	21 
1003	92 
1004	64 
1005	23 
1006	3 
1007	41 
1008	53 
1009	34 
1010	43 
1011	77 
1012	27 
1013	67 
1014	32 
1015	71 
1016	60 
1017	27 
1018	36 
1019	50 
1020	27 
1021	26 
1022	87 
1023	43 
1024	20 
1025	49 
1026	85 
1027	70 
1028	62 
1029	48 
1030	15 
1031	38 
1032	91 
1033	79 
1034	55 
1035	91 
1036	91 
1037	92 
1038	59 
1039	9 
1040	75 
1041	71 
1042	98 
1043	25 
1044	41 
1045	31 
1046	22 
1047	4 
1048	75 
1049	76 
1050	66 
1051	97 
1052	44 
1053	96 
1054	79 
1055	77 
1056	17 
1057	64 
1058	46 
1059	36 
1060	86 
1061	100 
1062	22 
1063	98 
1064	1 
1065	23 
1066	62 
1067	53 
1068	49 
1069	33 
1070	79 
1071	61 
1072	78 
1073	63 
1074	21 
1075	7 
1076	37 
1077	55 
1078	31 
1079	2 
1080	26 
1081	52 
1082	21 
1083	89 
1084	8 
1085	18 
1086	72 
1087	25 
1088	8 
1089	59 
1090	6 
1091	37 
1092	34 
1093	25 
1094	67 
1095	91 
1096	71 
1097	66 
1098	67 
1099	44 
1100	22 
1101	53 
1102	67 
1103	88 
1104	8 
1105	48 
1106	8 
1107	100 
1108	69 
1109	50 
1110	77 
1111	18 
1112	69 
1113	12 
1114	48 
1115	95 
1116	91 
1117	21 
1118	26 
1119	50 
1120	79 
1121	1 
1122	9 
1123	54 
1124	37 
1125	78 
1126	64 
1127	31 
1128	89 
1129	40 
1130	13 
1131	33 
1132	67 
1133	86 
1134	98 
1135	53 
1136	92 
1137	26 
1138	93 
1139	64 
1140	5 
1141	81 
1142	92 
1143	28 
1144	9 
1145	61 
1146	79 
1147	95 
1148	11 
1149	79 
1150	52 
1151	76 
1152	57 
1153	24 
1154	11 
1155	83 
1156	98 
1157	92 
1158	76 
1159	8 
1160	46 
1161	53 
1162	65 
1163	63 
1164	40 
1165	6 
1166	80 
1167	80 
1168	6 
1169	7 
1170	7 
1171	40 
1172	17 
1173	53 
1174	7 
1175	92 
1176	10 
1177	75 
1178	43 
1179	22 
1180	16 
1181	91 
1182	23 
1183	13 
1184	79 
1185	34 
1186	41 
1187	57 
1188	18 
1189	20 
1190	42 
1191	40 
1192	79 
1193	10 
1194	40 
1195	77 
1196	90 
1197	80 
1198	69 
1199	15 
1200	4 
1201	85 
1202	6 
1203	86 
1204	11 
1205	78 
1206	22 
1207	69 
1208	38 
1209	37 
1210	60 
1211	24 
1212	60 
1213	62 
1214	12 
1215	13 
1216	92 
1217	9 
1218	38 
1219	78 
1220	80 
1221	58 
1222	72 
1223	74 
1224	63 
1225	41 
1226	4 
1227	31 
1228	101 
1229	86 
1230	87 
1231	34 
1232	12 
1233	45 
1234	23 
1235	30 
1236	8 
1237	61 
1238	27 
1239	7 
1240	96 
1241	25 
1242	92 
1243	52 
1244	90 
1245	91 
1246	59 
1247	99 
1248	18 
1249	81 
1250	37 
1251	20 
1252	9 
1253	34 
1254	79 
1255	78 
1256	74 
1257	10 
1258	42 
1259	57 
1260	13 
1261	73 
1262	63 
1263	79 
1264	19 
1265	66 
1266	17 
1267	17 
1268	46 
1269	25 
1270	13 
1271	28 
1272	35 
1273	69 
1274	22 
1275	2 
1276	15 
1277	41 
1278	12 
1279	69 
1280	27 
1281	20 
1282	100 
1283	26 
1284	84 
1285	63 
1286	86 
1287	22 
1288	96 
1289	54 
1290	48 
1291	11 
1292	44 
1293	98 
1294	79 
1295	60 
1296	12 
1297	100 
1298	33 
1299	90 
1300	49 
1301	79 
1302	12 
1303	27 
1304	10 
1305	36 
1306	46 
1307	84 
1308	48 
1309	19 
1310	69 
1311	10 
1312	78 
1313	26 
1314	74 
1315	23 
1316	13 
1317	63 
1318	90 
1319	35 
1320	67 
1321	97 
1322	28 
1323	52 
1324	42 
1325	94 
1326	28 
1327	62 
1328	38 
1329	28 
1330	98 
1331	27 
1332	49 
1333	33 
1334	18 
1335	36 
1336	40 
1337	40 
1338	71 
1339	59 
1340	12 
1341	16 
1342	86 
1343	93 
1344	95 
1345	64 
1346	12 
1347	26 
1348	30 
1349	28 
1350	99 
1351	34 
1352	101 
1353	34 
1354	24 
1355	29 
1356	53 
1357	41 
1358	76 
1359	41 
1360	14 
1361	44 
1362	40 
1363	10 
1364	41 
1365	8 
1366	66 
1367	52 
1368	30 
1369	88 
1370	68 
1371	60 
1372	70 
1373	36 
1374	51 
1375	54 
1376	81 
1377	8 
1378	86 
1379	50 
1380	36 
1381	4 
1382	30 
1383	19 
1384	55 
1385	28 
1386	12 
1387	25 
1388	93 
1389	84 
1390	42 
1391	75 
1392	7 
1393	27 
1394	12 
1395	18 
1396	69 
1397	83 
1398	90 
1399	71 
1400	60 
1401	49 
1402	64 
1403	99 
1404	90 
1405	69 
1406	21 
1407	100 
1408	77 
1409	33 
1410	78 
1411	60 
1412	79 
1413	34 
1414	66 
1415	53 
1416	23 
1417	43 
1418	80 
1419	44 
1420	10 
1421	61 
1422	32 
1423	79 
1424	85 
1425	42 
1426	89 
1427	89 
1428	50 
1429	9 
1430	10 
1431	13 
1432	69 
1433	58 
1434	60 
1435	43 
1436	74 
1437	14 
1438	97 
1439	62 
1440	39 
1441	21 
1442	98 
1443	41 
1444	89 
1445	91 
1446	75 
1447	61 
1448	46 
1449	42 
1450	61 
1451	61 
1452	37 
1453	78 
1454	12 
1455	79 
1456	86 
1457	91 
1458	8 
1459	93 
1460	37 
1461	8 
1462	27 
1463	91 
1464	61 
1465	19 
1466	67 
1467	34 
1468	46 
1469	49 
1470	87 
1471	39 
1472	59 
1473	53 
1474	96 
1475	21 
1476	53 
1477	6 
1478	43 
1479	93 
1480	5 
1481	42 
1482	10 
1483	92 
1484	84 
1485	51 
1486	11 
1487	1 
1488	60 
1489	42 
1490	41 
1491	71 
1492	43 
1493	89 
1494	21 
1495	32 
1496	53 
1497	10 
1498	42 
1499	78 
1500	36 
1501	73 
1502	86 
1503	91 
1504	66 
1505	70 
1506	26 
1507	101 
1508	53 
1509	35 
1510	6 
1511	79 
1512	41 
1513	44 
1514	31 
1515	97 
1516	73 
1517	66 
1518	6 
1519	33 
1520	11 
1521	86 
1522	57 
1523	62 
1524	16 
1525	87 
1526	5 
1527	48 
1528	75 
1529	71 
1530	36 
1531	33 
1532	53 
1533	100 
1534	63 
1535	62 
1536	19 
1537	18 
1538	18 
1539	25 
1540	10 
1541	98 
1542	63 
1543	18 
1544	63 
1545	36 
1546	10 
1547	6 
1548	41 
1549	46 
1550	76 
1551	91 
1552	30 
1553	87 
1554	84 
1555	80 
1556	71 
1557	100 
1558	86 
1559	46 
1560	95 
1561	75 
1562	6 
1563	54 
1564	35 
1565	42 
1566	47 
1567	26 
1568	32 
1569	24 
1570	2 
1571	18 
1572	37 
1573	70 
1574	99 
1575	70 
1576	86 
1577	75 
1578	36 
1579	49 
1580	48 
1581	58 
1582	73 
1583	21 
1584	67 
1585	63 
1586	27 
1587	18 
1588	44 
1589	34 
1590	56 
1591	42 
1592	57 
1593	100 
1594	56 
1595	48 
1596	69 
1597	60 
1598	82 
1599	34 
1600	71 
1601	28 
1602	21 
1603	58 
1604	84 
1605	54 
1606	88 
1607	8 
1608	18 
1609	75 
1610	88 
1611	6 
1612	73 
1613	67 
1614	41 
1615	37 
1616	60 
1617	78 
1618	92 
1619	57 
1620	42 
1621	90 
1622	44 
1623	28 
1624	95 
1625	2 
1626	79 
1627	86 
1628	40 
1629	56 
1630	12 
1631	75 
1632	69 
1633	97 
1634	54 
1635	96 
1636	73 
1637	93 
1638	69 
1639	22 
1640	37 
1641	20 
1642	63 
1643	25 
1644	86 
1645	6 
1646	91 
1647	8 
1648	19 
1649	11 
1650	97 
1651	35 
1652	69 
1653	49 
1654	25 
1655	55 
1656	22 
1657	101 
1658	63 
1659	63 
1660	34 
1661	86 
1662	99 
1663	33 
1664	13 
1665	1 
1666	30 
1667	96 
1668	30 
1669	10 
1670	94 
1671	82 
1672	2 
1673	46 
1674	75 
1675	91 
1676	34 
1677	18 
1678	26 
1679	77 
1680	30 
1681	92 
1682	50 
1683	7 
1684	65 
1685	58 
1686	9 
1687	14 
1688	18 
1689	25 
1690	67 
1691	20 
1692	42 
1693	70 
1694	6 
1695	96 
1696	82 
1697	4 
1698	96 
1699	8 
1700	37 
1701	93 
1702	57 
1703	79 
1704	10 
1705	91 
1706	21 
1707	48 
1708	101 
1709	79 
1710	68 
1711	75 
1712	62 
1713	22 
1714	2 
1715	6 
1716	33 
1717	61 
1718	69 
1719	95 
1720	54 
1721	32 
1722	41 
1723	24 
1724	43 
1725	8 
1726	77 
1727	16 
1728	8 
1729	87 
1730	34 
1731	9 
1732	28 
1733	98 
1734	96 
1735	101 
1736	28 
1737	41 
1738	32 
1739	76 
1740	36 
1741	13 
1742	44 
1743	37 
1744	22 
1745	81 
1746	67 
1747	25 
1748	64 
1749	43 
1750	65 
1751	31 
1752	86 
1753	59 
1754	89 
1755	9 
1756	13 
1757	26 
1758	53 
1759	37 
1760	6 
1761	75 
1762	86 
1763	86 
1764	51 
1765	22 
1766	59 
1767	86 
1768	25 
1769	89 
1770	69 
1771	70 
1772	37 
1773	11 
1774	99 
1775	48 
1776	91 
1777	62 
1778	40 
1779	92 
1780	88 
1781	73 
1782	21 
1783	39 
1784	93 
1785	32 
1786	82 
1787	92 
1788	4 
1789	47 
1790	29 
1791	101 
1792	101 
1793	13 
1794	8 
1795	61 
1796	17 
1797	25 
1798	48 
1799	54 
1800	30 
1801	93 
1802	100 
1803	25 
1804	66 
1805	48 
1806	32 
1807	87 
1808	79 
1809	35 
1810	24 
1811	47 
1812	68 
1813	69 
1814	34 
1815	77 
1816	4 
1817	7 
1818	86 
1819	42 
1820	41 
1821	38 
1822	10 
1823	10 
1824	3 
1825	83 
1826	27 
1827	57 
1828	93 
1829	86 
1830	86 
1831	22 
1832	72 
1833	31 
1834	30 
1835	49 
1836	79 
1837	35 
1838	39 
1839	72 
1840	28 
1841	91 
1842	38 
1843	51 
1844	4 
1845	94 
1846	92 
1847	43 
1848	92 
1849	67 
1850	35 
1851	83 
1852	42 
1853	71 
1854	21 
1855	18 
1856	10 
1857	91 
1858	75 
1859	71 
1860	71 
1861	21 
1862	60 
1863	69 
1864	58 
1865	42 
1866	77 
1867	69 
1868	8 
1869	54 
1870	92 
1871	7 
1872	81 
1873	100 
1874	87 
1875	101 
1876	9 
1877	45 
1878	34 
1879	98 
1880	21 
1881	50 
1882	67 
1883	46 
1884	56 
1885	21 
1886	11 
1887	35 
1888	67 
1889	53 
1890	86 
1891	7 
1892	89 
1893	42 
1894	67 
1895	37 
1896	91 
1897	67 
1898	87 
1899	85 
1900	26 
1901	78 
1902	67 
1903	90 
1904	4 
1905	41 
1906	18 
1907	68 
1908	55 
1909	55 
1910	52 
1911	37 
1912	57 
1913	84 
1914	92 
1915	90 
1916	34 
1917	96 
1918	87 
1919	17 
1920	7 
1921	97 
1922	26 
1923	27 
1924	79 
1925	11 
1926	89 
1927	11 
1928	69 
1929	73 
1930	3 
1931	66 
1932	29 
1933	75 
1934	2 
1935	9 
1936	7 
1937	100 
1938	28 
1939	75 
1940	22 
1941	36 
1942	60 
1943	11 
1944	51 
1945	24 
1946	8 
1947	79 
1948	6 
1949	2 
1950	79 
1951	100 
1952	79 
1953	43 
1954	70 
1955	61 
1956	63 
1957	40 
1958	5 
1959	32 
1960	93 
1961	40 
1962	78 
1963	73 
1964	23 
1965	69 
1966	32 
1967	99 
1968	27 
1969	74 
1970	87 
1971	94 
1972	4 
1973	59 
1974	67 
1975	53 
1976	14 
1977	68 
1978	37 
1979	42 
1980	7 
1981	40 
1982	3 
1983	26 
1984	7 
1985	57 
1986	8 
1987	61 
1988	1 
1989	87 
1990	91 
1991	40 
1992	101 
1993	91 
1994	64 
1995	37 
1996	69 
1997	22 
1998	73 
1999	73 
2000	18 
2001	92 
2002	100 
2003	59 
2004	23 
2005	10 
2006	55 
2007	17 
2008	42 
2009	43 
2010	11 
2011	69 
2012	60 
2013	82 
2014	83 
2015	68 
2016	11 
2017	98 
2018	88 
2019	21 
2020	18 
2021	77 
2022	37 
2023	73 
2024	74 
2025	98 
2026	95 
2027	87 
2028	45 
2029	73 
2030	22 
2031	41 
2032	33 
2033	59 
2034	77 
2035	42 
2036	38 
2037	10 
2038	98 
2039	77 
2040	93 
2041	60 
2042	37 
2043	98 
2044	9 
2045	78 
2046	45 
2047	57 
2048	61 
2049	75 
2050	61 
2051	6 
2052	7 
2053	10 
2054	51 
2055	8 
2056	25 
2057	96 
2058	100 
2059	53 
2060	20 
2061	22 
2062	62 
2063	42 
2064	38 
2065	57 
2066	22 
2067	24 
2068	69 
2069	10 
2070	73 
2071	18 
2072	51 
2073	78 
2074	61 
2075	8 
2076	89 
2077	27 
2078	62 
2079	30 
2080	78 
2081	7 
2082	26 
2083	48 
2084	18 
2085	87 
2086	5 
2087	56 
2088	100 
2089	68 
2090	7 
2091	95 
2092	75 
2093	76 
2094	65 
2095	40 
2096	8 
2097	73 
2098	46 
2099	44 
2100	10 
2101	34 
2102	34 
2103	53 
2104	100 
2105	84 
2106	32 
2107	17 
2108	98 
2109	28 
2110	73 
2111	92 
2112	73 
2113	79 
2114	69 
2115	61 
2116	91 
2117	21 
2118	53 
2119	92 
2120	60 
2121	13 
2122	57 
2123	37 
2124	91 
2125	93 
2126	13 
2127	14 
2128	71 
2129	70 
2130	84 
2131	12 
2132	33 
2133	93 
2134	89 
2135	48 
2136	45 
2137	1 
2138	62 
2139	94 
2140	87 
2141	72 
2142	71 
2143	10 
2144	7 
2145	37 
2146	61 
2147	82 
2148	27 
2149	88 
2150	101 
2151	9 
2152	41 
2153	92 
2154	22 
2155	34 
2156	95 
2157	22 
2158	12 
2159	7 
2160	42 
2161	11 
2162	8 
2163	44 
2164	19 
2165	48 
2166	79 
2167	11 
2168	65 
2169	91 
2170	41 
2171	59 
2172	53 
2173	21 
2174	82 
2175	28 
2176	53 
2177	7 
2178	6 
2179	27 
2180	41 
2181	61 
2182	86 
2183	9 
2184	34 
2185	13 
2186	17 
2187	79 
2188	6 
2189	23 
2190	2 
2191	37 
2192	59 
2193	5 
2194	86 
2195	28 
2196	40 
2197	7 
2198	17 
2199	73 
2200	60 
2201	60 
2202	24 
2203	34 
2204	73 
2205	52 
2206	9 
2207	91 
2208	61 
2209	42 
2210	66 
2211	21 
2212	98 
2213	41 
2214	87 
2215	17 
2216	8 
2217	5 
2218	79 
2219	26 
2220	97 
2221	63 
2222	91 
2223	96 
2224	87 
2225	2 
2226	66 
2227	22 
2228	60 
2229	69 
2230	86 
2231	30 
2232	47 
2233	60 
2234	41 
2235	90 
2236	16 
2237	13 
2238	23 
2239	6 
2240	8 
2241	84 
2242	69 
2243	10 
2244	91 
2245	1 
2246	36 
2247	14 
2248	21 
2249	61 
2250	91 
2251	68 
2252	62 
2253	5 
2254	94 
2255	3 
2256	23 
2257	84 
2258	75 
2259	37 
2260	79 
2261	30 
2262	4 
2263	70 
2264	100 
2265	71 
2266	89 
2267	7 
2268	42 
2269	34 
2270	67 
2271	89 
2272	71 
2273	34 
2274	26 
2275	21 
2276	92 
2277	60 
2278	28 
2279	3 
2280	60 
2281	49 
2282	71 
2283	37 
2284	56 
2285	21 
2286	40 
2287	6 
2288	53 
2289	71 
2290	90 
2291	99 
2292	22 
2293	44 
2294	8 
2295	7 
2296	67 
2297	28 
2298	87 
2299	9 
2300	24 
2301	39 
2302	34 
2303	12 
2304	94 
2305	77 
2306	63 
2307	8 
2308	15 
2309	1 
2310	44 
2311	43 
2312	55 
2313	85 
2314	28 
2315	52 
2316	69 
2317	40 
2318	79 
2319	37 
2320	28 
2321	73 
2322	81 
2323	22 
2324	10 
2325	8 
2326	91 
2327	48 
2328	18 
2329	18 
2330	82 
2331	3 
2332	8 
2333	63 
2334	99 
2335	66 
2336	69 
2337	45 
2338	41 
2339	13 
2340	50 
2341	37 
2342	30 
2343	61 
2344	18 
2345	35 
2346	45 
2347	35 
2348	62 
2349	70 
2350	15 
2351	35 
2352	70 
2353	79 
2354	96 
2355	54 
2356	86 
2357	28 
2358	50 
2359	91 
2360	53 
2361	60 
2362	13 
2363	75 
2364	100 
2365	45 
2366	25 
2367	59 
2368	26 
2369	69 
2370	41 
2371	2 
2372	52 
2373	77 
2374	98 
2375	11 
2376	23 
2377	14 
2378	10 
2379	82 
2380	60 
2381	69 
2382	4 
2383	53 
2384	63 
2385	70 
2386	79 
2387	25 
2388	90 
2389	17 
2390	28 
2391	91 
2392	18 
2393	37 
2394	89 
2395	25 
2396	26 
2397	87 
2398	41 
2399	52 
2400	8 
2401	86 
2402	24 
2403	43 
2404	61 
2405	86 
2406	29 
2407	97 
2408	79 
2409	91 
2410	67 
2411	86 
2412	42 
2413	77 
2414	59 
2415	10 
2416	99 
2417	60 
2418	29 
2419	100 
2420	84 
2421	28 
2422	92 
2423	35 
2424	101 
2425	100 
2426	46 
2427	21 
2428	83 
2429	69 
2430	86 
2431	80 
2432	71 
2433	31 
2434	52 
2435	28 
2436	22 
2437	100 
2438	36 
2439	41 
2440	62 
2441	69 
2442	67 
2443	42 
2444	19 
2445	86 
2446	41 
2447	79 
2448	12 
2449	11 
2450	73 
2451	57 
2452	66 
2453	34 
2454	6 
2455	100 
2456	6 
2457	95 
2458	59 
2459	91 
2460	21 
2461	12 
2462	100 
2463	70 
2464	83 
2465	18 
2466	21 
2467	27 
2468	62 
2469	32 
2470	34 
2471	57 
2472	70 
2473	73 
2474	70 
2475	37 
2476	84 
2477	25 
2478	61 
2479	4 
2480	73 
2481	11 
2482	87 
2483	42 
2484	26 
2485	52 
2486	12 
2487	41 
2488	24 
2489	45 
2490	64 
2491	13 
2492	96 
2493	66 
2494	81 
2495	9 
2496	91 
2497	28 
2498	87 
2499	47 
2500	42 
2501	35 
2502	91 
2503	87 
2504	39 
2505	97 
2506	56 
2507	101 
2508	32 
2509	6 
2510	29 
2511	34 
2512	18 
2513	6 
2514	12 
2515	7 
2516	25 
2517	41 
2518	21 
2519	9 
2520	101 
2521	67 
2522	9 
2523	34 
2524	49 
2525	7 
2526	4 
2527	61 
2528	87 
2529	25 
2530	54 
2531	66 
2532	94 
2533	10 
2534	98 
2535	18 
2536	67 
2537	41 
2538	40 
2539	18 
2540	85 
2541	67 
2542	9 
2543	61 
2544	2 
2545	35 
2546	66 
2547	87 
2548	67 
2549	92 
2550	95 
2551	46 
2552	76 
2553	61 
2554	79 
2555	45 
2556	88 
2557	69 
2558	40 
2559	38 
2560	49 
2561	23 
2562	42 
2563	10 
2564	57 
2565	75 
2566	18 
2567	28 
2568	84 
2569	66 
2570	46 
2571	60 
2572	32 
2573	91 
2574	100 
2575	53 
2576	26 
2577	93 
2578	39 
2579	87 
2580	18 
2581	44 
2582	22 
2583	99 
2584	74 
2585	77 
2586	12 
2587	11 
2588	56 
2589	36 
2590	101 
2591	92 
2592	13 
2593	37 
2594	21 
2595	100 
2596	15 
2597	27 
2598	7 
2599	40 
2600	67 
2601	25 
2602	51 
2603	71 
2604	6 
2605	97 
2606	47 
2607	57 
2608	6 
2609	74 
2610	36 
2611	42 
2612	98 
2613	56 
2614	52 
2615	4 
2616	9 
2617	100 
2618	8 
2619	22 
2620	91 
2621	96 
2622	43 
2623	86 
2624	4 
2625	12 
2626	39 
2627	72 
2628	18 
2629	74 
2630	73 
2631	89 
2632	61 
2633	67 
2634	21 
2635	24 
2636	22 
2637	97 
2638	29 
2639	44 
2640	67 
2641	42 
2642	6 
2643	60 
2644	51 
2645	44 
2646	12 
2647	15 
2648	69 
2649	72 
2650	80 
2651	44 
2652	7 
2653	20 
2654	101 
2655	10 
2656	98 
2657	88 
2658	62 
2659	71 
2660	91 
2661	18 
2662	44 
2663	11 
2664	35 
2665	42 
2666	22 
2667	61 
2668	92 
2669	29 
2670	64 
2671	75 
2672	18 
2673	98 
2674	79 
2675	76 
2676	37 
2677	46 
2678	21 
2679	57 
2680	74 
2681	74 
2682	45 
2683	21 
2684	97 
2685	93 
2686	7 
2687	68 
2688	32 
2689	36 
2690	61 
2691	27 
2692	61 
2693	11 
2694	92 
2695	10 
2696	75 
2697	26 
2698	73 
2699	67 
2700	39 
2701	96 
2702	18 
2703	53 
2704	75 
2705	68 
2706	78 
2707	91 
2708	10 
2709	84 
2710	7 
2711	18 
2712	20 
2713	9 
2714	73 
2715	18 
2716	34 
2717	75 
2718	75 
2719	91 
2720	62 
2721	33 
2722	75 
2723	27 
2724	101 
2725	87 
2726	8 
2727	76 
2728	13 
2729	41 
2730	93 
2731	1 
2732	40 
2733	87 
2734	64 
2735	66 
2736	51 
2737	27 
2738	41 
2739	22 
2740	100 
2741	67 
2742	9 
2743	38 
2744	89 
2745	100 
2746	23 
2747	57 
2748	57 
2749	9 
2750	91 
2751	38 
2752	8 
2753	8 
2754	5 
2755	75 
2756	4 
2757	57 
2758	30 
2759	10 
2760	76 
2761	74 
2762	74 
2763	10 
2764	25 
2765	96 
2766	84 
2767	62 
2768	17 
2769	54 
2770	56 
2771	23 
2772	10 
2773	36 
2774	77 
2775	20 
2776	37 
2777	9 
2778	12 
2779	98 
2780	6 
2781	92 
2782	42 
2783	6 
2784	12 
2785	97 
2786	26 
2787	57 
2788	37 
2789	77 
2790	91 
2791	99 
2792	40 
2793	10 
2794	8 
2795	38 
2796	82 
2797	74 
2798	96 
2799	53 
2800	38 
2801	77 
2802	21 
2803	20 
2804	39 
2805	8 
2806	40 
2807	94 
2808	29 
2809	54 
2810	1 
2811	37 
2812	44 
2813	28 
2814	10 
2815	78 
2816	28 
2817	73 
2818	25 
2819	18 
2820	73 
2821	4 
2822	59 
2823	1 
2824	51 
2825	2 
2826	5 
2827	79 
2828	30 
2829	10 
2830	9 
2831	70 
2832	13 
2833	13 
2834	11 
2835	4 
2836	101 
2837	53 
2838	44 
2839	37 
2840	20 
2841	95 
2842	34 
2843	11 
2844	37 
2845	34 
2846	6 
2847	61 
2848	29 
2849	15 
2850	46 
2851	72 
2852	57 
2853	44 
2854	42 
2855	63 
2856	4 
2857	31 
2858	44 
2859	92 
2860	21 
2861	92 
2862	7 
2863	94 
2864	35 
2865	43 
2866	60 
2867	92 
2868	44 
2869	26 
2870	7 
2871	32 
2872	59 
2873	57 
2874	84 
2875	47 
2876	44 
2877	93 
2878	75 
2879	77 
2880	40 
2881	28 
2882	54 
2883	13 
2884	58 
2885	60 
2886	51 
2887	48 
2888	38 
2889	78 
2890	82 
2891	40 
2892	34 
2893	95 
2894	6 
2895	7 
2896	7 
2897	86 
2898	44 
2899	69 
2900	60 
2901	41 
2902	6 
2903	86 
2904	67 
2905	74 
2906	51 
2907	31 
2908	85 
2909	53 
2910	25 
2911	76 
2912	42 
2913	85 
2914	100 
2915	95 
2916	71 
2917	17 
2918	57 
2919	34 
2920	7 
2921	47 
2922	39 
2923	43 
2924	23 
2925	10 
2926	38 
2927	71 
2928	100 
2929	23 
2930	73 
2931	65 
2932	96 
2933	4 
2934	100 
2935	9 
2936	79 
2937	20 
2938	26 
2939	67 
2940	40 
2941	9 
2942	61 
2943	50 
2944	34 
2945	20 
2946	32 
2947	30 
2948	60 
2949	96 
2950	60 
2951	20 
2952	49 
2953	40 
2954	90 
2955	90 
2956	24 
2957	92 
2958	74 
2959	9 
2960	39 
2961	85 
2962	100 
2963	12 
2964	100 
2965	22 
2966	62 
2967	31 
2968	80 
2969	59 
2970	4 
2971	100 
2972	31 
2973	28 
2974	85 
2975	86 
2976	46 
2977	98 
2978	17 
2979	8 
2980	73 
2981	1 
2982	59 
2983	22 
2984	28 
2985	68 
2986	3 
2987	67 
2988	97 
2989	50 
2990	7 
2991	12 
2992	13 
2993	100 
2994	58 
2995	62 
2996	98 
2997	10 
2998	4 
2999	91 
3000	95 
3001	4 
3002	57 
3003	75 
3004	63 
3005	87 
3006	95 
3007	77 
3008	43 
3009	46 
3010	7 
3011	13 
3012	30 
3013	91 
3014	12 
3015	77 
3016	63 
3017	65 
3018	41 
3019	68 
3020	62 
3021	10 
3022	94 
3023	61 
3024	80 
3025	70 
3026	29 
3027	69 
3028	54 
3029	30 
3030	18 
3031	53 
3032	73 
3033	1 
3034	83 
3035	10 
3036	10 
3037	7 
3038	86 
3039	69 
3040	62 
3041	61 
3042	79 
3043	70 
3044	34 
3045	32 
3046	49 
3047	94 
3048	100 
3049	19 
3050	92 
3051	59 
3052	8 
3053	60 
3054	27 
3055	53 
3056	26 
3057	93 
3058	78 
3059	2 
3060	60 
3061	4 
3062	12 
3063	92 
3064	56 
3065	8 
3066	53 
3067	76 
3068	75 
3069	23 
3070	41 
3071	67 
3072	95 
3073	36 
3074	4 
3075	70 
3076	87 
3077	78 
3078	54 
3079	20 
3080	59 
3081	73 
3082	22 
3083	10 
3084	28 
3085	21 
3086	98 
3087	34 
3088	86 
3089	88 
3090	96 
3091	3 
3092	100 
3093	26 
3094	40 
3095	17 
3096	7 
3097	11 
3098	85 
3099	91 
3100	7 
3101	50 
3102	63 
3103	62 
3104	11 
3105	57 
3106	27 
3107	35 
3108	46 
3109	13 
3110	58 
3111	13 
3112	18 
3113	76 
3114	49 
3115	69 
3116	28 
3117	24 
3118	61 
3119	42 
3120	6 
3121	87 
3122	87 
3123	93 
3124	27 
3125	3 
3126	56 
3127	7 
3128	13 
3129	76 
3130	87 
3131	27 
3132	52 
3133	99 
3134	53 
3135	6 
3136	29 
3137	51 
3138	13 
3139	54 
3140	57 
3141	51 
3142	10 
3143	36 
3144	34 
3145	48 
3146	42 
3147	97 
3148	28 
3149	69 
3150	41 
3151	34 
3152	82 
3153	52 
3154	87 
3155	9 
3156	37 
3157	100 
3158	84 
3159	75 
3160	1 
3161	42 
3162	56 
3163	81 
3164	101 
3165	48 
3166	58 
3167	62 
3168	4 
3169	54 
3170	4 
3171	40 
3172	92 
3173	79 
3174	6 
3175	56 
3176	20 
3177	60 
3178	40 
3179	31 
3180	78 
3181	67 
3182	89 
3183	40 
3184	42 
3185	67 
3186	37 
3187	76 
3188	17 
3189	73 
3190	8 
3191	96 
3192	72 
3193	12 
3194	30 
3195	91 
3196	95 
3197	54 
3198	23 
3199	84 
3200	32 
3201	92 
3202	78 
3203	79 
3204	7 
3205	40 
3206	84 
3207	10 
3208	20 
3209	34 
3210	100 
3211	36 
3212	65 
3213	21 
3214	92 
3215	34 
3216	8 
3217	36 
3218	16 
3219	84 
3220	18 
3221	2 
3222	97 
3223	99 
3224	74 
3225	91 
3226	84 
3227	4 
3228	60 
3229	12 
3230	62 
3231	10 
3232	76 
3233	6 
3234	39 
3235	79 
3236	99 
3237	56 
3238	69 
3239	54 
3240	34 
3241	2 
3242	25 
3243	70 
3244	71 
3245	34 
3246	48 
3247	22 
3248	61 
3249	41 
3250	57 
3251	93 
3252	74 
3253	30 
3254	81 
3255	80 
3256	4 
3257	55 
3258	18 
3259	47 
3260	50 
3261	4 
3262	44 
3263	61 
3264	41 
3265	57 
3266	93 
3267	32 
3268	88 
3269	4 
3270	75 
3271	16 
3272	28 
3273	70 
3274	92 
3275	62 
3276	69 
3277	93 
3278	7 
3279	92 
3280	55 
3281	78 
3282	57 
3283	12 
3284	69 
3285	87 
3286	18 
3287	93 
3288	73 
3289	100 
3290	34 
3291	8 
3292	86 
3293	13 
3294	13 
3295	62 
3296	79 
3297	56 
3298	69 
3299	15 
3300	63 
3301	29 
3302	37 
3303	71 
3304	12 
3305	93 
3306	41 
3307	11 
3308	100 
3309	40 
3310	10 
3311	42 
3312	59 
3313	21 
3314	87 
3315	34 
3316	101 
3317	16 
3318	89 
3319	33 
3320	81 
3321	7 
3322	32 
3323	75 
3324	62 
3325	73 
3326	18 
3327	53 
3328	10 
3329	67 
3330	8 
3331	96 
3332	91 
3333	76 
3334	15 
3335	49 
3336	17 
3337	62 
3338	34 
3339	61 
3340	25 
3341	58 
3342	25 
3343	67 
3344	89 
3345	50 
3346	98 
3347	62 
3348	27 
3349	55 
3350	30 
3351	48 
3352	53 
3353	95 
3354	37 
3355	71 
3356	24 
3357	42 
3358	40 
3359	94 
3360	99 
3361	83 
3362	81 
3363	42 
3364	25 
3365	10 
3366	60 
3367	35 
3368	6 
3369	92 
3370	4 
3371	74 
3372	77 
3373	34 
3374	95 
3375	16 
3376	35 
3377	54 
3378	32 
3379	41 
3380	87 
3381	87 
3382	30 
3383	23 
3384	68 
3385	8 
3386	77 
3387	98 
3388	25 
3389	79 
3390	90 
3391	28 
3392	2 
3393	9 
3394	32 
3395	72 
3396	10 
3397	87 
3398	19 
3399	73 
3400	31 
3401	10 
3402	17 
3403	72 
3404	25 
3405	93 
3406	24 
3407	57 
3408	56 
3409	67 
3410	69 
3411	19 
3412	93 
3413	13 
3414	34 
3415	77 
3416	86 
3417	52 
3418	78 
3419	27 
3420	87 
3421	87 
3422	79 
3423	100 
3424	31 
3425	94 
3426	32 
3427	73 
3428	7 
3429	20 
3430	48 
3431	73 
3432	13 
3433	95 
3434	9 
3435	70 
3436	81 
3437	67 
3438	7 
3439	12 
3440	4 
3441	34 
3442	21 
3443	89 
3444	76 
3445	43 
3446	36 
3447	26 
3448	84 
3449	49 
3450	28 
3451	10 
3452	91 
3453	96 
3454	41 
3455	4 
3456	57 
3457	91 
3458	48 
3459	68 
3460	91 
3461	95 
3462	86 
3463	17 
3464	11 
3465	18 
3466	34 
3467	26 
3468	69 
3469	73 
3470	61 
3471	93 
3472	30 
3473	67 
3474	42 
3475	87 
3476	60 
3477	42 
3478	100 
3479	65 
3480	61 
3481	59 
3482	101 
3483	6 
3484	76 
3485	43 
3486	6 
3487	27 
3488	67 
3489	8 
3490	57 
3491	16 
3492	11 
3493	67 
3494	79 
3495	97 
3496	57 
3497	39 
3498	24 
3499	83 
3500	91 
3501	77 
3502	100 
3503	92 
3504	78 
3505	64 
3506	47 
3507	100 
3508	93 
3509	85 
3510	30 
3511	64 
3512	58 
3513	6 
3514	8 
3515	28 
3516	40 
3517	95 
3518	78 
3519	75 
3520	60 
3521	70 
3522	8 
3523	48 
3524	44 
3525	8 
3526	23 
3527	44 
3528	73 
3529	90 
3530	91 
3531	75 
3532	92 
3533	12 
3534	76 
3535	37 
3536	79 
3537	18 
3538	56 
3539	72 
3540	9 
3541	68 
3542	22 
3543	46 
3544	63 
3545	75 
3546	28 
3547	52 
3548	6 
3549	91 
3550	6 
3551	24 
3552	69 
3553	48 
3554	40 
3555	14 
3556	36 
3557	71 
3558	50 
3559	79 
3560	10 
3561	14 
3562	61 
3563	90 
3564	21 
3565	9 
3566	45 
3567	99 
3568	13 
3569	100 
3570	34 
3571	67 
3572	28 
3573	7 
3574	18 
3575	70 
3576	56 
3577	70 
3578	4 
3579	22 
3580	48 
3581	63 
3582	26 
3583	29 
3584	10 
3585	25 
3586	62 
3587	82 
3588	82 
3589	70 
3590	20 
3591	2 
3592	7 
3593	71 
3594	30 
3595	84 
3596	100 
3597	6 
3598	39 
3599	7 
3600	73 
3601	32 
3602	64 
3603	34 
3604	86 
3605	92 
3606	46 
3607	3 
3608	59 
3609	24 
3610	30 
3611	20 
3612	37 
3613	61 
3614	79 
3615	96 
3616	6 
3617	90 
3618	90 
3619	57 
3620	33 
3621	34 
3622	33 
3623	49 
3624	69 
3625	10 
3626	67 
3627	89 
3628	29 
3629	68 
3630	49 
3631	41 
3632	7 
3633	37 
3634	4 
3635	52 
3636	67 
3637	32 
3638	100 
3639	49 
3640	61 
3641	78 
3642	57 
3643	3 
3644	57 
3645	21 
3646	22 
3647	79 
3648	78 
3649	27 
3650	89 
3651	47 
3652	92 
3653	52 
3654	75 
3655	49 
3656	32 
3657	78 
3658	100 
3659	32 
3660	10 
3661	100 
3662	37 
3663	14 
3664	28 
3665	33 
3666	29 
3667	54 
3668	50 
3669	50 
3670	9 
3671	30 
3672	30 
3673	17 
3674	4 
3675	41 
3676	66 
3677	22 
3678	1 
3679	20 
3680	37 
3681	80 
3682	53 
3683	67 
3684	68 
3685	91 
3686	80 
3687	13 
3688	2 
3689	48 
3690	90 
3691	55 
3692	66 
3693	96 
3694	21 
3695	53 
3696	45 
3697	72 
3698	75 
3699	43 
3700	4 
3701	10 
3702	6 
3703	42 
3704	43 
3705	21 
3706	33 
3707	61 
3708	28 
3709	17 
3710	22 
3711	43 
3712	27 
3713	18 
3714	26 
3715	67 
3716	4 
3717	31 
3718	86 
3719	55 
3720	61 
3721	16 
3722	87 
3723	95 
3724	17 
3725	42 
3726	78 
3727	47 
3728	43 
3729	4 
3730	60 
3731	86 
3732	56 
3733	101 
3734	21 
3735	19 
3736	52 
3737	8 
3738	63 
3739	73 
3740	17 
3741	67 
3742	31 
3743	70 
3744	31 
3745	38 
3746	60 
3747	68 
3748	79 
3749	14 
3750	13 
3751	37 
3752	15 
3753	23 
3754	75 
3755	44 
3756	54 
3757	30 
3758	62 
3759	8 
3760	7 
3761	18 
3762	12 
3763	4 
3764	101 
3765	7 
3766	68 
3767	46 
3768	12 
3769	92 
3770	89 
3771	44 
3772	21 
3773	86 
3774	3 
3775	34 
3776	27 
3777	61 
3778	1 
3779	77 
3780	69 
3781	84 
3782	6 
3783	86 
3784	52 
3785	26 
3786	72 
3787	62 
3788	80 
3789	40 
3790	81 
3791	101 
3792	88 
3793	3 
3794	101 
3795	67 
3796	69 
3797	57 
3798	20 
3799	12 
3800	61 
3801	92 
3802	48 
3803	92 
3804	35 
3805	9 
3806	98 
3807	87 
3808	8 
3809	10 
3810	87 
3811	53 
3812	87 
3813	38 
3814	101 
3815	86 
3816	27 
3817	61 
3818	7 
3819	80 
3820	77 
3821	28 
3822	87 
3823	94 
3824	46 
3825	19 
3826	99 
3827	26 
3828	54 
3829	41 
3830	19 
3831	28 
3832	82 
3833	23 
3834	47 
3835	42 
3836	70 
3837	50 
3838	8 
3839	87 
3840	88 
3841	29 
3842	20 
3843	82 
3844	80 
3845	40 
3846	74 
3847	66 
3848	44 
3849	24 
3850	61 
3851	70 
3852	62 
3853	41 
3854	78 
3855	90 
3856	22 
3857	57 
3858	40 
3859	81 
3860	37 
3861	79 
3862	78 
3863	32 
3864	73 
3865	27 
3866	84 
3867	13 
3868	99 
3869	86 
3870	9 
3871	66 
3872	54 
3873	77 
3874	74 
3875	98 
3876	10 
3877	21 
3878	87 
3879	100 
3880	92 
3881	60 
3882	2 
3883	1 
3884	17 
3885	96 
3886	27 
3887	15 
3888	14 
3889	12 
3890	37 
3891	41 
3892	12 
3893	20 
3894	99 
3895	71 
3896	21 
3897	82 
3898	88 
3899	31 
3900	79 
3901	8 
3902	101 
3903	34 
3904	53 
3905	92 
3906	22 
3907	4 
3908	93 
3909	23 
3910	9 
3911	17 
3912	72 
3913	10 
3914	38 
3915	10 
3916	92 
3917	52 
3918	43 
3919	67 
3920	81 
3921	91 
3922	10 
3923	61 
3924	43 
3925	20 
3926	28 
3927	16 
3928	90 
3929	26 
3930	99 
3931	25 
3932	48 
3933	43 
3934	42 
3935	48 
3936	24 
3937	82 
3938	61 
3939	99 
3940	87 
3941	92 
3942	101 
3943	27 
3944	41 
3945	22 
3946	28 
3947	33 
3948	52 
3949	53 
3950	50 
3951	25 
3952	22 
3953	100 
3954	54 
3955	98 
3956	30 
3957	42 
3958	69 
3959	71 
3960	69 
3961	12 
3962	96 
3963	29 
3964	40 
3965	46 
3966	12 
3967	57 
3968	72 
3969	92 
3970	87 
3971	66 
3972	87 
3973	37 
3974	20 
3975	52 
3976	99 
3977	98 
3978	13 
3979	101 
3980	93 
3981	88 
3982	79 
3983	36 
3984	26 
3985	42 
3986	70 
3987	37 
3988	64 
3989	53 
3990	83 
3991	64 
3992	44 
3993	45 
3994	42 
3995	50 
3996	29 
3997	19 
3998	101 
3999	32 
4000	7 
4001	71 
4002	30 
4003	93 
4004	40 
4005	72 
4006	100 
4007	95 
4008	6 
4009	61 
4010	89 
4011	79 
4012	80 
4013	65 
4014	72 
4015	56 
4016	20 
4017	10 
4018	25 
4019	50 
4020	70 
4021	29 
4022	49 
4023	36 
4024	54 
4025	89 
4026	21 
4027	17 
4028	31 
4029	97 
4030	82 
4031	101 
4032	70 
4033	42 
4034	7 
4035	9 
4036	15 
4037	21 
4038	48 
4039	65 
4040	86 
4041	93 
4042	84 
4043	21 
4044	6 
4045	9 
4046	34 
4047	69 
4048	26 
4049	18 
4050	40 
4051	2 
4052	23 
4053	53 
4054	23 
4055	51 
4056	30 
4057	85 
4058	13 
4059	97 
4060	41 
4061	72 
4062	61 
4063	73 
4064	91 
4065	65 
4066	32 
4067	42 
4068	44 
4069	69 
4070	59 
4071	9 
4072	31 
4073	98 
4074	69 
4075	10 
4076	10 
4077	25 
4078	6 
4079	75 
4080	84 
4081	37 
4082	22 
4083	40 
4084	13 
4085	7 
4086	54 
4087	96 
4088	57 
4089	12 
4090	17 
4091	61 
4092	53 
4093	37 
4094	13 
4095	30 
4096	23 
4097	48 
4098	41 
4099	57 
4100	62 
4101	69 
4102	12 
4103	36 
4104	49 
4105	18 
4106	96 
4107	41 
4108	92 
4109	60 
4110	45 
4111	85 
4112	27 
4113	8 
4114	7 
4115	83 
4116	19 
4117	41 
4118	3 
4119	16 
4120	22 
4121	91 
4122	76 
4123	100 
4124	10 
4125	22 
4126	62 
4127	95 
4128	82 
4129	27 
4130	12 
4131	87 
4132	19 
4133	60 
4134	83 
4135	21 
4136	71 
4137	61 
4138	62 
4139	1 
4140	82 
4141	38 
4142	86 
4143	55 
4144	83 
4145	77 
4146	39 
4147	69 
4148	12 
4149	75 
4150	17 
4151	53 
4152	41 
4153	64 
4154	27 
4155	22 
4156	69 
4157	47 
4158	71 
4159	2 
4160	4 
4161	41 
4162	28 
4163	67 
4164	42 
4165	61 
4166	11 
4167	18 
4168	36 
4169	17 
4170	13 
4171	71 
4172	101 
4173	53 
4174	7 
4175	45 
4176	8 
4177	61 
4178	82 
4179	57 
4180	22 
4181	67 
4182	57 
4183	27 
4184	99 
4185	24 
4186	71 
4187	92 
4188	65 
4189	87 
4190	79 
4191	14 
4192	44 
4193	100 
4194	12 
4195	39 
4196	26 
4197	7 
4198	96 
4199	81 
4200	46 
4201	71 
4202	42 
4203	99 
4204	52 
4205	10 
4206	59 
4207	66 
4208	90 
4209	60 
4210	72 
4211	48 
4212	5 
4213	95 
4214	40 
4215	62 
4216	80 
4217	1 
4218	44 
4219	84 
4220	24 
4221	77 
4222	82 
4223	5 
4224	10 
4225	1 
4226	42 
4227	90 
4228	60 
4229	54 
4230	100 
4231	98 
4232	13 
4233	16 
4234	38 
4235	88 
4236	10 
4237	73 
4238	82 
4239	69 
4240	94 
4241	79 
4242	78 
4243	77 
4244	62 
4245	96 
4246	39 
4247	29 
4248	69 
4249	8 
4250	53 
4251	91 
4252	25 
4253	76 
4254	42 
4255	91 
4256	101 
4257	91 
4258	6 
4259	90 
4260	37 
4261	9 
4262	18 
4263	78 
4264	25 
4265	26 
4266	4 
4267	25 
4268	13 
4269	85 
4270	22 
4271	37 
4272	67 
4273	4 
4274	17 
4275	59 
4276	19 
4277	67 
4278	82 
4279	41 
4280	10 
4281	91 
4282	88 
4283	52 
4284	35 
4285	27 
4286	30 
4287	56 
4288	66 
4289	20 
4290	42 
4291	46 
4292	94 
4293	53 
4294	36 
4295	4 
4296	73 
4297	36 
4298	45 
4299	10 
4300	10 
4301	27 
4302	36 
4303	17 
4304	7 
4305	68 
4306	27 
4307	91 
4308	72 
4309	8 
4310	13 
4311	9 
4312	36 
4313	66 
4314	22 
4315	74 
4316	69 
4317	9 
4318	79 
4319	82 
4320	26 
4321	28 
4322	90 
4323	56 
4324	47 
4325	69 
4326	22 
4327	54 
4328	93 
4329	60 
4330	66 
4331	97 
4332	97 
4333	96 
4334	82 
4335	56 
4336	9 
4337	77 
4338	73 
4339	96 
4340	4 
4341	72 
4342	62 
4343	14 
4344	5 
4345	41 
4346	96 
4347	6 
4348	68 
4349	91 
4350	21 
4351	61 
4352	42 
4353	86 
4354	28 
4355	34 
4356	10 
4357	34 
4358	91 
4359	70 
4360	48 
4361	16 
4362	29 
4363	74 
4364	70 
4365	69 
4366	79 
4367	75 
4368	19 
4369	78 
4370	26 
4371	6 
4372	21 
4373	101 
4374	19 
4375	6 
4376	31 
4377	46 
4378	61 
4379	45 
4380	67 
4381	55 
4382	91 
4383	100 
4384	85 
4385	72 
4386	37 
4387	46 
4388	48 
4389	95 
4390	88 
4391	42 
4392	52 
4393	15 
4394	26 
4395	101 
4396	53 
4397	23 
4398	18 
4399	67 
4400	4 
4401	27 
4402	94 
4403	99 
4404	13 
4405	30 
4406	30 
4407	95 
4408	14 
4409	41 
4410	53 
4411	64 
4412	22 
4413	101 
4414	26 
4415	41 
4416	61 
4417	56 
4418	90 
4419	16 
4420	100 
4421	86 
4422	42 
4423	76 
4424	47 
4425	96 
4426	54 
4427	8 
4428	46 
4429	69 
4430	50 
4431	26 
4432	71 
4433	37 
4434	49 
4435	11 
4436	18 
4437	18 
4438	68 
4439	15 
4440	42 
4441	9 
4442	99 
4443	42 
4444	61 
4445	59 
4446	36 
4447	4 
4448	100 
4449	19 
4450	96 
4451	96 
4452	101 
4453	8 
4454	23 
4455	91 
4456	7 
4457	15 
4458	84 
4459	101 
4460	7 
4461	25 
4462	39 
4463	75 
4464	38 
4465	98 
4466	53 
4467	73 
4468	6 
4469	7 
4470	69 
4471	61 
4472	75 
4473	90 
4474	87 
4475	85 
4476	69 
4477	44 
4478	37 
4479	37 
4480	28 
4481	69 
4482	59 
4483	9 
4484	69 
4485	67 
4486	53 
4487	61 
4488	10 
4489	42 
4490	34 
4491	99 
4492	92 
4493	46 
4494	59 
4495	12 
4496	67 
4497	73 
4498	2 
4499	37 
4500	13 
4501	79 
4502	28 
4503	99 
4504	75 
4505	34 
4506	39 
4507	66 
4508	61 
4509	26 
4510	47 
4511	90 
4512	34 
4513	89 
4514	18 
4515	87 
4516	79 
4517	35 
4518	15 
4519	45 
4520	24 
4521	14 
4522	82 
4523	11 
4524	65 
4525	77 
4526	18 
4527	25 
4528	50 
4529	46 
4530	75 
4531	72 
4532	6 
4533	70 
4534	48 
4535	84 
4536	92 
4537	46 
4538	51 
4539	47 
4540	8 
4541	23 
4542	18 
4543	46 
4544	99 
4545	3 
4546	65 
4547	73 
4548	25 
4549	11 
4550	67 
4551	8 
4552	25 
4553	75 
4554	24 
4555	63 
4556	76 
4557	34 
4558	87 
4559	84 
4560	69 
4561	39 
4562	58 
4563	74 
4564	69 
4565	32 
4566	4 
4567	71 
4568	32 
4569	86 
4570	14 
4571	60 
4572	56 
4573	37 
4574	74 
4575	11 
4576	5 
4577	28 
4578	69 
4579	14 
4580	22 
4581	61 
4582	81 
4583	48 
4584	57 
4585	30 
4586	6 
4587	87 
4588	92 
4589	31 
4590	36 
4591	61 
4592	100 
4593	17 
4594	73 
4595	77 
4596	1 
4597	44 
4598	79 
4599	17 
4600	69 
4601	37 
4602	56 
4603	16 
4604	7 
4605	57 
4606	88 
4607	34 
4608	46 
4609	98 
4610	25 
4611	100 
4612	97 
4613	89 
4614	27 
4615	11 
4616	73 
4617	57 
4618	62 
4619	79 
4620	56 
4621	49 
4622	56 
4623	41 
4624	48 
4625	42 
4626	5 
4627	99 
4628	90 
4629	93 
4630	95 
4631	8 
4632	10 
4633	7 
4634	83 
4635	37 
4636	31 
4637	73 
4638	37 
4639	2 
4640	97 
4641	7 
4642	55 
4643	84 
4644	56 
4645	42 
4646	24 
4647	99 
4648	57 
4649	46 
4650	7 
4651	86 
4652	37 
4653	5 
4654	57 
4655	56 
4656	23 
4657	88 
4658	37 
4659	74 
4660	7 
4661	59 
4662	51 
4663	78 
4664	68 
4665	75 
4666	26 
4667	83 
4668	40 
4669	68 
4670	9 
4671	73 
4672	91 
4673	76 
4674	79 
4675	4 
4676	31 
4677	12 
4678	12 
4679	48 
4680	27 
4681	95 
4682	4 
4683	82 
4684	37 
4685	73 
4686	34 
4687	100 
4688	26 
4689	18 
4690	61 
4691	100 
4692	62 
4693	5 
4694	57 
4695	87 
4696	66 
4697	73 
4698	42 
4699	96 
4700	11 
4701	34 
4702	91 
4703	87 
4704	42 
4705	43 
4706	91 
4707	13 
4708	79 
4709	98 
4710	56 
4711	22 
4712	30 
4713	62 
4714	9 
4715	86 
4716	7 
4717	72 
4718	36 
4719	100 
4720	10 
4721	95 
4722	70 
4723	4 
4724	56 
4725	19 
4726	96 
4727	7 
4728	62 
4729	24 
4730	1 
4731	60 
4732	47 
4733	18 
4734	52 
4735	101 
4736	42 
4737	73 
4738	24 
4739	42 
4740	91 
4741	19 
4742	34 
4743	86 
4744	28 
4745	75 
4746	44 
4747	8 
4748	40 
4749	61 
4750	92 
4751	73 
4752	28 
4753	63 
4754	8 
4755	21 
4756	77 
4757	78 
4758	74 
4759	62 
4760	9 
4761	14 
4762	89 
4763	82 
4764	70 
4765	71 
4766	49 
4767	13 
4768	88 
4769	18 
4770	93 
4771	73 
4772	41 
4773	61 
4774	78 
4775	7 
4776	10 
4777	17 
4778	35 
4779	8 
4780	9 
4781	8 
4782	17 
4783	41 
4784	10 
4785	92 
4786	62 
4787	18 
4788	12 
4789	24 
4790	58 
4791	8 
4792	41 
4793	48 
4794	9 
4795	57 
4796	27 
4797	70 
4798	44 
4799	50 
4800	75 
4801	82 
4802	34 
4803	50 
4804	48 
4805	33 
4806	51 
4807	25 
4808	50 
4809	8 
4810	77 
4811	24 
4812	95 
4813	28 
4814	95 
4815	16 
4816	40 
4817	95 
4818	26 
4819	36 
4820	51 
4821	71 
4822	28 
4823	36 
4824	95 
4825	31 
4826	41 
4827	101 
4828	81 
4829	59 
4830	68 
4831	41 
4832	28 
4833	68 
4834	76 
4835	91 
4836	21 
4837	10 
4838	4 
4839	28 
4840	44 
4841	34 
4842	7 
4843	19 
4844	26 
4845	101 
4846	6 
4847	65 
4848	45 
4849	16 
4850	34 
4851	69 
4852	79 
4853	24 
4854	24 
4855	96 
4856	73 
4857	34 
4858	86 
4859	18 
4860	13 
4861	17 
4862	2 
4863	93 
4864	23 
4865	58 
4866	17 
4867	32 
4868	62 
4869	18 
4870	28 
4871	92 
4872	16 
4873	82 
4874	59 
4875	91 
4876	76 
4877	100 
4878	26 
4879	91 
4880	69 
4881	26 
4882	41 
4883	27 
4884	15 
4885	17 
4886	78 
4887	75 
4888	76 
4889	15 
4890	8 
4891	81 
4892	29 
4893	66 
4894	4 
4895	89 
4896	12 
4897	35 
4898	57 
4899	74 
4900	91 
4901	12 
4902	20 
4903	22 
4904	77 
4905	3 
4906	67 
4907	7 
4908	44 
4909	58 
4910	6 
4911	22 
4912	63 
4913	29 
4914	27 
4915	32 
4916	25 
4917	42 
4918	17 
4919	18 
4920	36 
4921	93 
4922	18 
4923	86 
4924	67 
4925	87 
4926	28 
4927	36 
4928	21 
4929	17 
4930	10 
4931	63 
4932	40 
4933	61 
4934	19 
4935	93 
4936	45 
4937	21 
4938	30 
4939	95 
4940	45 
4941	4 
4942	86 
4943	13 
4944	49 
4945	69 
4946	86 
4947	12 
4948	39 
4949	49 
4950	74 
4951	28 
4952	82 
4953	17 
4954	58 
4955	11 
4956	17 
4957	26 
4958	21 
4959	43 
4960	28 
4961	57 
4962	34 
4963	78 
4964	34 
4965	8 
4966	10 
4967	42 
4968	7 
4969	42 
4970	87 
4971	52 
4972	28 
4973	34 
4974	69 
4975	37 
4976	48 
4977	24 
4978	8 
4979	61 
4980	26 
4981	87 
4982	6 
4983	85 
4984	77 
4985	69 
4986	26 
4987	56 
4988	78 
4989	7 
4990	21 
4991	11 
4992	75 
4993	39 
4994	72 
4995	87 
4996	36 
4997	53 
4998	4 
4999	38 
5000	29 
