1	95 
2	21 
3	20 
4	25 
5	23 
6	64 
7	84 
8	30 
9	19 
10	54 
11	41 
12	49 
13	100 
14	82 
15	17 
16	30 
17	29 
18	4 
19	38 
20	51 
21	7 
22	84 
23	21 
24	12 
25	28 
26	3 
27	31 
28	19 
29	81 
30	66 
31	42 
32	17 
33	15 
34	15 
35	1 
36	13 
37	37 
38	44 
39	64 
40	25 
41	34 
42	96 
43	71 
44	46 
45	95 
46	29 
47	15 
48	60 
49	23 
50	44 
51	13 
52	33 
53	75 
54	35 
55	73 
56	99 
57	41 
58	25 
59	43 
60	56 
61	35 
62	57 
63	79 
64	77 
65	24 
66	25 
67	21 
68	28 
69	38 
70	101 
71	53 
72	9 
73	61 
74	49 
75	80 
76	21 
77	86 
78	76 
79	81 
80	28 
81	21 
82	32 
83	92 
84	66 
85	10 
86	82 
87	3 
88	31 
89	67 
90	33 
91	5 
92	28 
93	29 
94	20 
95	21 
96	51 
97	95 
98	33 
99	16 
100	37 
101	7 
102	27 
103	39 
104	35 
105	21 
106	30 
107	29 
108	50 
109	1 
110	37 
111	83 
112	79 
113	95 
114	52 
115	7 
116	15 
117	28 
118	74 
119	100 
120	37 
121	82 
122	30 
123	8 
124	58 
125	64 
126	35 
127	23 
128	82 
129	101 
130	30 
131	17 
132	1 
133	33 
134	52 
135	95 
136	99 
137	8 
138	54 
139	35 
140	70 
141	37 
142	60 
143	65 
144	33 
145	59 
146	34 
147	27 
148	30 
149	39 
150	16 
151	35 
152	57 
153	87 
154	62 
155	51 
156	11 
157	47 
158	65 
159	15 
160	69 
161	74 
162	102 
163	21 
164	23 
165	86 
166	35 
167	29 
168	4 
169	36 
170	5 
171	37 
172	3 
173	26 
174	47 
175	89 
176	53 
177	41 
178	77 
179	13 
180	13 
181	71 
182	21 
183	89 
184	11 
185	76 
186	33 
187	48 
188	59 
189	50 
190	60 
191	92 
192	11 
193	47 
194	18 
195	15 
196	51 
197	23 
198	24 
199	62 
200	29 
201	100 
202	30 
203	52 
204	59 
205	73 
206	32 
207	96 
208	82 
209	59 
210	46 
211	102 
212	58 
213	69 
214	48 
215	16 
216	50 
217	11 
218	89 
219	102 
220	52 
221	15 
222	56 
223	11 
224	8 
225	4 
226	42 
227	93 
228	55 
229	38 
230	28 
231	15 
232	4 
233	30 
234	87 
235	15 
236	2 
237	66 
238	80 
239	96 
240	71 
241	78 
242	44 
243	28 
244	37 
245	82 
246	1 
247	30 
248	81 
249	13 
250	100 
251	65 
252	94 
253	1 
254	95 
255	20 
256	42 
257	31 
258	44 
259	20 
260	94 
261	89 
262	68 
263	53 
264	70 
265	56 
266	30 
267	24 
268	1 
269	13 
270	39 
271	101 
272	64 
273	40 
274	30 
275	50 
276	19 
277	24 
278	67 
279	89 
280	103 
281	74 
282	14 
283	3 
284	92 
285	63 
286	89 
287	51 
288	12 
289	38 
290	27 
291	92 
292	11 
293	58 
294	70 
295	33 
296	17 
297	101 
298	12 
299	65 
300	15 
301	58 
302	35 
303	82 
304	85 
305	79 
306	25 
307	47 
308	32 
309	87 
310	92 
311	62 
312	37 
313	41 
314	30 
315	15 
316	47 
317	78 
318	43 
319	80 
320	66 
321	27 
322	91 
323	58 
324	95 
325	101 
326	12 
327	28 
328	31 
329	59 
330	86 
331	13 
332	84 
333	12 
334	66 
335	25 
336	2 
337	35 
338	18 
339	99 
340	82 
341	101 
342	80 
343	23 
344	78 
345	83 
346	38 
347	17 
348	3 
349	57 
350	36 
351	22 
352	22 
353	30 
354	55 
355	92 
356	9 
357	28 
358	60 
359	100 
360	29 
361	54 
362	5 
363	79 
364	8 
365	46 
366	102 
367	70 
368	65 
369	83 
370	80 
371	10 
372	91 
373	51 
374	57 
375	75 
376	27 
377	41 
378	37 
379	8 
380	35 
381	5 
382	37 
383	9 
384	92 
385	33 
386	36 
387	28 
388	1 
389	53 
390	25 
391	27 
392	88 
393	77 
394	35 
395	35 
396	70 
397	70 
398	95 
399	64 
400	12 
401	13 
402	59 
403	61 
404	12 
405	39 
406	3 
407	31 
408	15 
409	35 
410	29 
411	72 
412	66 
413	80 
414	85 
415	8 
416	13 
417	102 
418	73 
419	13 
420	92 
421	65 
422	93 
423	86 
424	52 
425	94 
426	31 
427	65 
428	66 
429	100 
430	83 
431	46 
432	61 
433	35 
434	88 
435	89 
436	13 
437	81 
438	63 
439	2 
440	39 
441	81 
442	28 
443	83 
444	87 
445	46 
446	12 
447	22 
448	29 
449	43 
450	20 
451	53 
452	66 
453	87 
454	90 
455	32 
456	66 
457	78 
458	32 
459	30 
460	93 
461	45 
462	60 
463	50 
464	57 
465	51 
466	64 
467	16 
468	83 
469	36 
470	46 
471	82 
472	19 
473	8 
474	15 
475	62 
476	102 
477	31 
478	4 
479	5 
480	35 
481	94 
482	34 
483	25 
484	40 
485	35 
486	90 
487	101 
488	37 
489	54 
490	23 
491	81 
492	66 
493	102 
494	46 
495	35 
496	76 
497	100 
498	67 
499	24 
500	94 
501	38 
502	21 
503	12 
504	73 
505	92 
506	41 
507	73 
508	8 
509	58 
510	86 
511	33 
512	98 
513	35 
514	19 
515	58 
516	23 
517	20 
518	74 
519	87 
520	26 
521	72 
522	71 
523	31 
524	94 
525	38 
526	96 
527	65 
528	58 
529	27 
530	33 
531	84 
532	57 
533	36 
534	9 
535	25 
536	88 
537	21 
538	11 
539	30 
540	27 
541	26 
542	23 
543	41 
544	101 
545	26 
546	82 
547	65 
548	47 
549	63 
550	59 
551	40 
552	69 
553	35 
554	12 
555	72 
556	58 
557	3 
558	87 
559	51 
560	67 
561	21 
562	11 
563	90 
564	81 
565	57 
566	102 
567	71 
568	69 
569	66 
570	19 
571	91 
572	28 
573	41 
574	57 
575	50 
576	86 
577	66 
578	27 
579	94 
580	35 
581	80 
582	72 
583	46 
584	61 
585	44 
586	13 
587	51 
588	28 
589	78 
590	60 
591	54 
592	82 
593	7 
594	39 
595	12 
596	67 
597	59 
598	86 
599	44 
600	84 
601	95 
602	12 
603	92 
604	29 
605	13 
606	36 
607	61 
608	1 
609	28 
610	27 
611	22 
612	28 
613	80 
614	62 
615	15 
616	63 
617	78 
618	42 
619	4 
620	94 
621	17 
622	56 
623	74 
624	65 
625	32 
626	83 
627	50 
628	103 
629	28 
630	63 
631	71 
632	74 
633	94 
634	2 
635	15 
636	97 
637	57 
638	89 
639	48 
640	98 
641	59 
642	13 
643	17 
644	75 
645	11 
646	31 
647	92 
648	42 
649	49 
650	62 
651	44 
652	96 
653	1 
654	28 
655	5 
656	17 
657	73 
658	31 
659	21 
660	22 
661	100 
662	4 
663	90 
664	27 
665	35 
666	64 
667	100 
668	28 
669	31 
670	96 
671	14 
672	59 
673	18 
674	16 
675	61 
676	4 
677	35 
678	76 
679	34 
680	8 
681	80 
682	35 
683	75 
684	25 
685	10 
686	57 
687	75 
688	38 
689	35 
690	17 
691	24 
692	25 
693	1 
694	21 
695	9 
696	82 
697	27 
698	36 
699	9 
700	65 
701	19 
702	32 
703	48 
704	88 
705	33 
706	45 
707	88 
708	89 
709	83 
710	19 
711	21 
712	36 
713	29 
714	37 
715	77 
716	95 
717	36 
718	65 
719	92 
720	89 
721	23 
722	81 
723	35 
724	95 
725	25 
726	56 
727	88 
728	61 
729	25 
730	65 
731	41 
732	78 
733	11 
734	66 
735	74 
736	74 
737	79 
738	103 
739	80 
740	15 
741	70 
742	41 
743	8 
744	47 
745	50 
746	51 
747	85 
748	40 
749	94 
750	101 
751	22 
752	72 
753	85 
754	25 
755	65 
756	28 
757	65 
758	38 
759	3 
760	76 
761	45 
762	6 
763	15 
764	33 
765	33 
766	92 
767	61 
768	17 
769	5 
770	50 
771	74 
772	59 
773	65 
774	40 
775	76 
776	28 
777	11 
778	88 
779	25 
780	65 
781	3 
782	7 
783	89 
784	61 
785	70 
786	49 
787	78 
788	9 
789	36 
790	50 
791	83 
792	94 
793	86 
794	33 
795	27 
796	20 
797	1 
798	30 
799	40 
800	5 
801	66 
802	32 
803	43 
804	70 
805	100 
806	80 
807	93 
808	54 
809	21 
810	30 
811	65 
812	29 
813	25 
814	54 
815	61 
816	11 
817	79 
818	100 
819	90 
820	94 
821	90 
822	35 
823	94 
824	40 
825	92 
826	76 
827	76 
828	41 
829	94 
830	21 
831	102 
832	29 
833	75 
834	63 
835	4 
836	51 
837	78 
838	42 
839	29 
840	65 
841	89 
842	99 
843	90 
844	82 
845	53 
846	27 
847	11 
848	16 
849	35 
850	91 
851	63 
852	19 
853	88 
854	24 
855	27 
856	47 
857	97 
858	97 
859	10 
860	89 
861	56 
862	25 
863	71 
864	15 
865	41 
866	1 
867	25 
868	25 
869	76 
870	56 
871	11 
872	74 
873	38 
874	28 
875	41 
876	76 
877	68 
878	34 
879	76 
880	50 
881	31 
882	1 
883	63 
884	87 
885	61 
886	86 
887	71 
888	44 
889	29 
890	28 
891	8 
892	28 
893	28 
894	95 
895	24 
896	96 
897	91 
898	65 
899	82 
900	47 
901	77 
902	14 
903	12 
904	29 
905	23 
906	94 
907	11 
908	29 
909	86 
910	80 
911	13 
912	89 
913	92 
914	36 
915	37 
916	86 
917	52 
918	4 
919	13 
920	101 
921	96 
922	101 
923	19 
924	34 
925	86 
926	58 
927	59 
928	60 
929	28 
930	41 
931	72 
932	102 
933	36 
934	92 
935	11 
936	53 
937	25 
938	27 
939	60 
940	24 
941	62 
942	53 
943	60 
944	19 
945	7 
946	28 
947	65 
948	73 
949	43 
950	37 
951	91 
952	65 
953	95 
954	41 
955	94 
956	23 
957	90 
958	13 
959	24 
960	42 
961	1 
962	24 
963	75 
964	57 
965	63 
966	62 
967	13 
968	57 
969	40 
970	92 
971	25 
972	99 
973	96 
974	28 
975	28 
976	57 
977	1 
978	80 
979	42 
980	100 
981	38 
982	50 
983	98 
984	55 
985	23 
986	50 
987	33 
988	96 
989	89 
990	19 
991	8 
992	100 
993	50 
994	50 
995	23 
996	76 
997	88 
998	86 
999	101 
1000	57 
1001	76 
1002	62 
1003	56 
1004	3 
1005	33 
1006	79 
1007	21 
1008	78 
1009	42 
1010	38 
1011	58 
1012	5 
1013	27 
1014	8 
1015	64 
1016	76 
1017	9 
1018	76 
1019	87 
1020	7 
1021	13 
1022	7 
1023	100 
1024	94 
1025	30 
1026	96 
1027	32 
1028	89 
1029	7 
1030	71 
1031	68 
1032	12 
1033	33 
1034	70 
1035	70 
1036	94 
1037	24 
1038	24 
1039	75 
1040	69 
1041	51 
1042	65 
1043	16 
1044	21 
1045	10 
1046	15 
1047	57 
1048	20 
1049	83 
1050	66 
1051	27 
1052	24 
1053	89 
1054	8 
1055	74 
1056	76 
1057	49 
1058	50 
1059	12 
1060	30 
1061	89 
1062	31 
1063	28 
1064	86 
1065	21 
1066	65 
1067	32 
1068	7 
1069	72 
1070	38 
1071	93 
1072	1 
1073	9 
1074	11 
1075	96 
1076	94 
1077	50 
1078	56 
1079	28 
1080	15 
1081	63 
1082	51 
1083	27 
1084	81 
1085	34 
1086	59 
1087	45 
1088	71 
1089	87 
1090	78 
1091	57 
1092	13 
1093	92 
1094	67 
1095	25 
1096	92 
1097	19 
1098	5 
1099	11 
1100	76 
1101	69 
1102	76 
1103	57 
1104	94 
1105	32 
1106	92 
1107	42 
1108	3 
1109	16 
1110	15 
1111	100 
1112	24 
1113	52 
1114	74 
1115	28 
1116	78 
1117	30 
1118	61 
1119	21 
1120	27 
1121	50 
1122	50 
1123	98 
1124	78 
1125	65 
1126	50 
1127	31 
1128	53 
1129	4 
1130	80 
1131	44 
1132	57 
1133	30 
1134	43 
1135	102 
1136	60 
1137	8 
1138	62 
1139	27 
1140	100 
1141	7 
1142	65 
1143	28 
1144	21 
1145	69 
1146	33 
1147	3 
1148	72 
1149	97 
1150	94 
1151	28 
1152	102 
1153	20 
1154	5 
1155	76 
1156	5 
1157	70 
1158	80 
1159	12 
1160	78 
1161	8 
1162	93 
1163	61 
1164	26 
1165	77 
1166	67 
1167	33 
1168	11 
1169	86 
1170	41 
1171	50 
1172	3 
1173	25 
1174	82 
1175	28 
1176	43 
1177	42 
1178	32 
1179	94 
1180	66 
1181	89 
1182	36 
1183	6 
1184	40 
1185	29 
1186	68 
1187	33 
1188	76 
1189	44 
1190	48 
1191	66 
1192	4 
1193	25 
1194	63 
1195	91 
1196	9 
1197	11 
1198	14 
1199	103 
1200	45 
1201	96 
1202	20 
1203	102 
1204	65 
1205	25 
1206	50 
1207	91 
1208	51 
1209	33 
1210	66 
1211	85 
1212	25 
1213	36 
1214	15 
1215	70 
1216	33 
1217	41 
1218	54 
1219	34 
1220	103 
1221	9 
1222	61 
1223	76 
1224	68 
1225	102 
1226	95 
1227	9 
1228	86 
1229	12 
1230	35 
1231	17 
1232	66 
1233	18 
1234	15 
1235	74 
1236	41 
1237	100 
1238	7 
1239	35 
1240	97 
1241	13 
1242	90 
1243	53 
1244	43 
1245	58 
1246	26 
1247	5 
1248	13 
1249	9 
1250	58 
1251	2 
1252	64 
1253	97 
1254	50 
1255	33 
1256	101 
1257	76 
1258	30 
1259	30 
1260	32 
1261	60 
1262	45 
1263	47 
1264	92 
1265	29 
1266	97 
1267	57 
1268	18 
1269	15 
1270	22 
1271	86 
1272	82 
1273	65 
1274	29 
1275	56 
1276	81 
1277	78 
1278	41 
1279	20 
1280	2 
1281	12 
1282	95 
1283	99 
1284	82 
1285	24 
1286	78 
1287	37 
1288	81 
1289	96 
1290	25 
1291	74 
1292	13 
1293	38 
1294	10 
1295	83 
1296	66 
1297	26 
1298	31 
1299	9 
1300	37 
1301	38 
1302	14 
1303	30 
1304	38 
1305	6 
1306	20 
1307	92 
1308	30 
1309	21 
1310	49 
1311	64 
1312	63 
1313	68 
1314	8 
1315	38 
1316	54 
1317	8 
1318	8 
1319	75 
1320	31 
1321	51 
1322	62 
1323	12 
1324	26 
1325	92 
1326	51 
1327	82 
1328	45 
1329	46 
1330	24 
1331	4 
1332	13 
1333	26 
1334	95 
1335	26 
1336	33 
1337	59 
1338	92 
1339	63 
1340	43 
1341	43 
1342	84 
1343	8 
1344	66 
1345	26 
1346	21 
1347	20 
1348	6 
1349	50 
1350	69 
1351	41 
1352	16 
1353	75 
1354	35 
1355	7 
1356	11 
1357	36 
1358	94 
1359	95 
1360	86 
1361	19 
1362	31 
1363	50 
1364	74 
1365	95 
1366	40 
1367	5 
1368	11 
1369	33 
1370	83 
1371	27 
1372	36 
1373	33 
1374	54 
1375	24 
1376	45 
1377	24 
1378	30 
1379	36 
1380	64 
1381	44 
1382	87 
1383	27 
1384	98 
1385	29 
1386	35 
1387	78 
1388	17 
1389	21 
1390	102 
1391	64 
1392	92 
1393	98 
1394	8 
1395	66 
1396	80 
1397	83 
1398	36 
1399	37 
1400	13 
1401	74 
1402	102 
1403	36 
1404	41 
1405	2 
1406	12 
1407	70 
1408	57 
1409	11 
1410	46 
1411	50 
1412	32 
1413	55 
1414	89 
1415	45 
1416	5 
1417	15 
1418	26 
1419	50 
1420	57 
1421	36 
1422	66 
1423	60 
1424	57 
1425	74 
1426	78 
1427	80 
1428	41 
1429	61 
1430	86 
1431	51 
1432	83 
1433	47 
1434	80 
1435	5 
1436	59 
1437	37 
1438	4 
1439	82 
1440	69 
1441	80 
1442	41 
1443	37 
1444	11 
1445	99 
1446	78 
1447	64 
1448	99 
1449	46 
1450	36 
1451	59 
1452	78 
1453	40 
1454	11 
1455	6 
1456	75 
1457	35 
1458	61 
1459	8 
1460	16 
1461	52 
1462	31 
1463	69 
1464	76 
1465	62 
1466	37 
1467	11 
1468	42 
1469	16 
1470	36 
1471	40 
1472	38 
1473	36 
1474	15 
1475	33 
1476	57 
1477	71 
1478	14 
1479	52 
1480	89 
1481	65 
1482	100 
1483	33 
1484	25 
1485	90 
1486	8 
1487	59 
1488	72 
1489	21 
1490	91 
1491	66 
1492	96 
1493	37 
1494	22 
1495	71 
1496	88 
1497	45 
1498	100 
1499	50 
1500	35 
1501	59 
1502	89 
1503	13 
1504	95 
1505	12 
1506	100 
1507	23 
1508	89 
1509	46 
1510	60 
1511	27 
1512	9 
1513	96 
1514	27 
1515	37 
1516	50 
1517	21 
1518	80 
1519	76 
1520	55 
1521	89 
1522	95 
1523	11 
1524	27 
1525	9 
1526	10 
1527	57 
1528	89 
1529	36 
1530	55 
1531	38 
1532	85 
1533	65 
1534	66 
1535	23 
1536	5 
1537	64 
1538	29 
1539	94 
1540	71 
1541	76 
1542	35 
1543	45 
1544	68 
1545	84 
1546	96 
1547	30 
1548	26 
1549	20 
1550	37 
1551	89 
1552	11 
1553	59 
1554	36 
1555	70 
1556	17 
1557	30 
1558	54 
1559	68 
1560	69 
1561	90 
1562	15 
1563	16 
1564	98 
1565	73 
1566	39 
1567	53 
1568	29 
1569	13 
1570	17 
1571	58 
1572	52 
1573	86 
1574	5 
1575	94 
1576	50 
1577	81 
1578	83 
1579	35 
1580	35 
1581	4 
1582	100 
1583	87 
1584	86 
1585	57 
1586	74 
1587	44 
1588	67 
1589	35 
1590	90 
1591	23 
1592	69 
1593	25 
1594	92 
1595	25 
1596	76 
1597	37 
1598	80 
1599	36 
1600	75 
1601	65 
1602	30 
1603	55 
1604	14 
1605	65 
1606	27 
1607	45 
1608	46 
1609	90 
1610	8 
1611	86 
1612	14 
1613	48 
1614	21 
1615	53 
1616	44 
1617	35 
1618	52 
1619	7 
1620	33 
1621	20 
1622	71 
1623	82 
1624	28 
1625	34 
1626	39 
1627	90 
1628	76 
1629	27 
1630	102 
1631	103 
1632	75 
1633	56 
1634	11 
1635	84 
1636	80 
1637	37 
1638	70 
1639	21 
1640	3 
1641	61 
1642	79 
1643	76 
1644	96 
1645	46 
1646	72 
1647	93 
1648	101 
1649	6 
1650	61 
1651	12 
1652	31 
1653	93 
1654	94 
1655	64 
1656	82 
1657	40 
1658	81 
1659	20 
1660	11 
1661	11 
1662	7 
1663	26 
1664	94 
1665	32 
1666	89 
1667	78 
1668	24 
1669	82 
1670	67 
1671	67 
1672	7 
1673	34 
1674	35 
1675	47 
1676	76 
1677	37 
1678	42 
1679	8 
1680	23 
1681	70 
1682	46 
1683	6 
1684	44 
1685	37 
1686	101 
1687	89 
1688	86 
1689	3 
1690	96 
1691	30 
1692	99 
1693	16 
1694	66 
1695	5 
1696	26 
1697	76 
1698	50 
1699	24 
1700	58 
1701	11 
1702	15 
1703	14 
1704	41 
1705	21 
1706	86 
1707	26 
1708	57 
1709	89 
1710	47 
1711	11 
1712	89 
1713	30 
1714	9 
1715	67 
1716	96 
1717	20 
1718	40 
1719	40 
1720	57 
1721	35 
1722	43 
1723	51 
1724	96 
1725	36 
1726	73 
1727	92 
1728	62 
1729	21 
1730	93 
1731	15 
1732	87 
1733	41 
1734	69 
1735	37 
1736	38 
1737	90 
1738	33 
1739	94 
1740	86 
1741	41 
1742	37 
1743	23 
1744	84 
1745	63 
1746	35 
1747	21 
1748	82 
1749	73 
1750	23 
1751	1 
1752	24 
1753	12 
1754	11 
1755	77 
1756	11 
1757	57 
1758	50 
1759	20 
1760	8 
1761	35 
1762	95 
1763	95 
1764	9 
1765	38 
1766	11 
1767	82 
1768	91 
1769	36 
1770	66 
1771	84 
1772	12 
1773	67 
1774	12 
1775	13 
1776	77 
1777	41 
1778	37 
1779	99 
1780	29 
1781	44 
1782	35 
1783	27 
1784	4 
1785	49 
1786	67 
1787	3 
1788	101 
1789	51 
1790	66 
1791	62 
1792	93 
1793	4 
1794	28 
1795	36 
1796	101 
1797	20 
1798	46 
1799	64 
1800	42 
1801	22 
1802	63 
1803	29 
1804	33 
1805	98 
1806	70 
1807	57 
1808	102 
1809	78 
1810	61 
1811	65 
1812	43 
1813	15 
1814	58 
1815	94 
1816	81 
1817	50 
1818	24 
1819	28 
1820	42 
1821	13 
1822	50 
1823	15 
1824	52 
1825	41 
1826	97 
1827	96 
1828	13 
1829	45 
1830	65 
1831	83 
1832	21 
1833	66 
1834	35 
1835	83 
1836	17 
1837	39 
1838	85 
1839	38 
1840	18 
1841	101 
1842	57 
1843	81 
1844	103 
1845	33 
1846	11 
1847	11 
1848	58 
1849	30 
1850	101 
1851	7 
1852	69 
1853	77 
1854	15 
1855	80 
1856	59 
1857	53 
1858	30 
1859	24 
1860	101 
1861	96 
1862	23 
1863	15 
1864	62 
1865	96 
1866	62 
1867	97 
1868	82 
1869	61 
1870	27 
1871	54 
1872	51 
1873	5 
1874	21 
1875	81 
1876	48 
1877	84 
1878	92 
1879	25 
1880	18 
1881	21 
1882	60 
1883	12 
1884	35 
1885	11 
1886	25 
1887	94 
1888	8 
1889	27 
1890	33 
1891	96 
1892	27 
1893	13 
1894	23 
1895	75 
1896	27 
1897	94 
1898	66 
1899	13 
1900	34 
1901	94 
1902	103 
1903	80 
1904	41 
1905	6 
1906	69 
1907	67 
1908	79 
1909	17 
1910	56 
1911	79 
1912	24 
1913	24 
1914	9 
1915	42 
1916	41 
1917	63 
1918	59 
1919	96 
1920	50 
1921	66 
1922	95 
1923	41 
1924	95 
1925	71 
1926	80 
1927	34 
1928	94 
1929	85 
1930	92 
1931	103 
1932	32 
1933	46 
1934	54 
1935	96 
1936	94 
1937	14 
1938	23 
1939	37 
1940	20 
1941	68 
1942	47 
1943	12 
1944	96 
1945	91 
1946	58 
1947	92 
1948	1 
1949	57 
1950	20 
1951	12 
1952	95 
1953	83 
1954	12 
1955	25 
1956	11 
1957	89 
1958	65 
1959	46 
1960	3 
1961	90 
1962	24 
1963	35 
1964	94 
1965	43 
1966	38 
1967	82 
1968	78 
1969	4 
1970	42 
1971	8 
1972	33 
1973	82 
1974	1 
1975	57 
1976	25 
1977	102 
1978	15 
1979	28 
1980	33 
1981	44 
1982	32 
1983	24 
1984	53 
1985	65 
1986	96 
1987	36 
1988	76 
1989	24 
1990	15 
1991	94 
1992	31 
1993	35 
1994	29 
1995	68 
1996	92 
1997	56 
1998	84 
1999	15 
2000	82 
2001	96 
2002	41 
2003	69 
2004	97 
2005	69 
2006	15 
2007	50 
2008	95 
2009	8 
2010	63 
2011	66 
2012	96 
2013	62 
2014	66 
2015	67 
2016	18 
2017	53 
2018	79 
2019	12 
2020	98 
2021	66 
2022	85 
2023	68 
2024	51 
2025	96 
2026	87 
2027	16 
2028	68 
2029	16 
2030	24 
2031	102 
2032	27 
2033	31 
2034	31 
2035	3 
2036	23 
2037	67 
2038	93 
2039	27 
2040	21 
2041	33 
2042	33 
2043	12 
2044	92 
2045	60 
2046	8 
2047	96 
2048	12 
2049	1 
2050	37 
2051	75 
2052	19 
2053	28 
2054	79 
2055	9 
2056	96 
2057	35 
2058	23 
2059	73 
2060	18 
2061	89 
2062	27 
2063	19 
2064	37 
2065	43 
2066	9 
2067	13 
2068	39 
2069	29 
2070	89 
2071	18 
2072	61 
2073	14 
2074	76 
2075	37 
2076	11 
2077	65 
2078	56 
2079	98 
2080	15 
2081	1 
2082	50 
2083	86 
2084	26 
2085	8 
2086	37 
2087	55 
2088	19 
2089	94 
2090	55 
2091	52 
2092	81 
2093	19 
2094	60 
2095	41 
2096	89 
2097	87 
2098	95 
2099	8 
2100	78 
2101	99 
2102	35 
2103	90 
2104	98 
2105	103 
2106	21 
2107	95 
2108	81 
2109	2 
2110	76 
2111	31 
2112	40 
2113	27 
2114	6 
2115	36 
2116	47 
2117	78 
2118	15 
2119	72 
2120	62 
2121	23 
2122	50 
2123	90 
2124	101 
2125	33 
2126	95 
2127	14 
2128	33 
2129	81 
2130	70 
2131	30 
2132	90 
2133	11 
2134	29 
2135	78 
2136	7 
2137	23 
2138	88 
2139	90 
2140	1 
2141	35 
2142	30 
2143	69 
2144	25 
2145	17 
2146	22 
2147	26 
2148	8 
2149	28 
2150	43 
2151	16 
2152	94 
2153	77 
2154	33 
2155	15 
2156	103 
2157	11 
2158	8 
2159	12 
2160	54 
2161	28 
2162	15 
2163	12 
2164	14 
2165	89 
2166	60 
2167	38 
2168	6 
2169	80 
2170	31 
2171	36 
2172	68 
2173	57 
2174	15 
2175	73 
2176	74 
2177	34 
2178	45 
2179	74 
2180	93 
2181	27 
2182	54 
2183	41 
2184	15 
2185	21 
2186	12 
2187	1 
2188	71 
2189	24 
2190	73 
2191	94 
2192	3 
2193	87 
2194	97 
2195	60 
2196	33 
2197	90 
2198	65 
2199	4 
2200	52 
2201	17 
2202	23 
2203	78 
2204	46 
2205	97 
2206	69 
2207	30 
2208	99 
2209	9 
2210	33 
2211	61 
2212	54 
2213	8 
2214	37 
2215	15 
2216	90 
2217	43 
2218	11 
2219	67 
2220	24 
2221	97 
2222	81 
2223	29 
2224	61 
2225	37 
2226	50 
2227	71 
2228	94 
2229	48 
2230	46 
2231	50 
2232	38 
2233	82 
2234	28 
2235	52 
2236	21 
2237	69 
2238	42 
2239	67 
2240	10 
2241	78 
2242	77 
2243	38 
2244	46 
2245	93 
2246	46 
2247	52 
2248	94 
2249	6 
2250	37 
2251	31 
2252	16 
2253	87 
2254	30 
2255	31 
2256	66 
2257	5 
2258	29 
2259	82 
2260	46 
2261	61 
2262	46 
2263	69 
2264	17 
2265	67 
2266	19 
2267	60 
2268	99 
2269	13 
2270	67 
2271	92 
2272	35 
2273	15 
2274	11 
2275	33 
2276	23 
2277	55 
2278	94 
2279	89 
2280	66 
2281	60 
2282	36 
2283	9 
2284	43 
2285	83 
2286	63 
2287	94 
2288	21 
2289	11 
2290	25 
2291	2 
2292	16 
2293	53 
2294	52 
2295	38 
2296	46 
2297	39 
2298	58 
2299	80 
2300	30 
2301	15 
2302	4 
2303	71 
2304	82 
2305	27 
2306	58 
2307	53 
2308	59 
2309	66 
2310	19 
2311	99 
2312	87 
2313	1 
2314	68 
2315	68 
2316	94 
2317	8 
2318	12 
2319	98 
2320	97 
2321	17 
2322	86 
2323	72 
2324	66 
2325	74 
2326	97 
2327	13 
2328	65 
2329	80 
2330	77 
2331	12 
2332	35 
2333	65 
2334	95 
2335	56 
2336	94 
2337	70 
2338	59 
2339	47 
2340	14 
2341	46 
2342	22 
2343	29 
2344	26 
2345	27 
2346	99 
2347	2 
2348	37 
2349	36 
2350	93 
2351	36 
2352	102 
2353	24 
2354	87 
2355	17 
2356	76 
2357	53 
2358	61 
2359	46 
2360	37 
2361	22 
2362	65 
2363	88 
2364	70 
2365	83 
2366	60 
2367	54 
2368	38 
2369	39 
2370	36 
2371	50 
2372	46 
2373	57 
2374	93 
2375	25 
2376	42 
2377	36 
2378	95 
2379	91 
2380	51 
2381	49 
2382	9 
2383	61 
2384	11 
2385	66 
2386	72 
2387	21 
2388	94 
2389	45 
2390	7 
2391	74 
2392	31 
2393	71 
2394	45 
2395	56 
2396	76 
2397	49 
2398	96 
2399	87 
2400	97 
2401	92 
2402	86 
2403	35 
2404	47 
2405	73 
2406	88 
2407	42 
2408	80 
2409	11 
2410	95 
2411	78 
2412	46 
2413	82 
2414	36 
2415	51 
2416	14 
2417	35 
2418	13 
2419	45 
2420	24 
2421	102 
2422	87 
2423	18 
2424	9 
2425	55 
2426	95 
2427	8 
2428	86 
2429	53 
2430	66 
2431	49 
2432	35 
2433	66 
2434	8 
2435	23 
2436	10 
2437	88 
2438	83 
2439	23 
2440	59 
2441	8 
2442	93 
2443	80 
2444	58 
2445	47 
2446	57 
2447	29 
2448	7 
2449	36 
2450	26 
2451	99 
2452	33 
2453	37 
2454	57 
2455	31 
2456	17 
2457	44 
2458	82 
2459	91 
2460	28 
2461	16 
2462	24 
2463	95 
2464	40 
2465	21 
2466	69 
2467	83 
2468	54 
2469	20 
2470	101 
2471	59 
2472	57 
2473	35 
2474	11 
2475	30 
2476	57 
2477	24 
2478	54 
2479	79 
2480	12 
2481	29 
2482	56 
2483	40 
2484	56 
2485	30 
2486	35 
2487	95 
2488	88 
2489	81 
2490	80 
2491	13 
2492	54 
2493	96 
2494	68 
2495	28 
2496	65 
2497	98 
2498	21 
2499	45 
2500	94 
2501	7 
2502	103 
2503	13 
2504	38 
2505	83 
2506	28 
2507	30 
2508	47 
2509	2 
2510	59 
2511	33 
2512	62 
2513	45 
2514	35 
2515	76 
2516	34 
2517	12 
2518	86 
2519	30 
2520	57 
2521	47 
2522	3 
2523	38 
2524	94 
2525	80 
2526	57 
2527	98 
2528	66 
2529	29 
2530	65 
2531	3 
2532	8 
2533	41 
2534	41 
2535	45 
2536	75 
2537	39 
2538	94 
2539	75 
2540	36 
2541	68 
2542	57 
2543	3 
2544	89 
2545	46 
2546	11 
2547	51 
2548	27 
2549	76 
2550	38 
2551	62 
2552	28 
2553	25 
2554	8 
2555	27 
2556	30 
2557	15 
2558	57 
2559	90 
2560	64 
2561	5 
2562	61 
2563	19 
2564	65 
2565	97 
2566	17 
2567	88 
2568	6 
2569	50 
2570	75 
2571	46 
2572	73 
2573	48 
2574	73 
2575	76 
2576	86 
2577	80 
2578	11 
2579	94 
2580	50 
2581	9 
2582	80 
2583	49 
2584	22 
2585	15 
2586	71 
2587	32 
2588	51 
2589	89 
2590	68 
2591	11 
2592	33 
2593	54 
2594	28 
2595	5 
2596	101 
2597	8 
2598	61 
2599	24 
2600	20 
2601	11 
2602	76 
2603	14 
2604	38 
2605	62 
2606	42 
2607	89 
2608	45 
2609	46 
2610	54 
2611	70 
2612	1 
2613	48 
2614	96 
2615	20 
2616	41 
2617	20 
2618	15 
2619	82 
2620	76 
2621	57 
2622	26 
2623	28 
2624	26 
2625	10 
2626	100 
2627	19 
2628	72 
2629	94 
2630	99 
2631	22 
2632	27 
2633	83 
2634	37 
2635	89 
2636	4 
2637	61 
2638	13 
2639	103 
2640	37 
2641	80 
2642	19 
2643	56 
2644	85 
2645	32 
2646	100 
2647	29 
2648	38 
2649	77 
2650	12 
2651	53 
2652	42 
2653	21 
2654	11 
2655	8 
2656	61 
2657	48 
2658	62 
2659	58 
2660	35 
2661	92 
2662	27 
2663	79 
2664	36 
2665	45 
2666	97 
2667	18 
2668	47 
2669	51 
2670	66 
2671	78 
2672	50 
2673	41 
2674	43 
2675	46 
2676	6 
2677	78 
2678	61 
2679	61 
2680	26 
2681	78 
2682	46 
2683	27 
2684	19 
2685	65 
2686	21 
2687	95 
2688	50 
2689	33 
2690	42 
2691	58 
2692	55 
2693	27 
2694	41 
2695	8 
2696	83 
2697	12 
2698	7 
2699	22 
2700	63 
2701	42 
2702	1 
2703	81 
2704	94 
2705	57 
2706	35 
2707	9 
2708	47 
2709	17 
2710	42 
2711	37 
2712	35 
2713	59 
2714	94 
2715	29 
2716	13 
2717	28 
2718	34 
2719	25 
2720	66 
2721	55 
2722	25 
2723	82 
2724	54 
2725	93 
2726	31 
2727	84 
2728	35 
2729	7 
2730	6 
2731	3 
2732	75 
2733	58 
2734	20 
2735	73 
2736	26 
2737	67 
2738	19 
2739	49 
2740	72 
2741	92 
2742	45 
2743	58 
2744	2 
2745	58 
2746	48 
2747	54 
2748	56 
2749	66 
2750	28 
2751	35 
2752	38 
2753	7 
2754	45 
2755	55 
2756	94 
2757	64 
2758	69 
2759	36 
2760	70 
2761	2 
2762	18 
2763	102 
2764	31 
2765	78 
2766	25 
2767	53 
2768	65 
2769	42 
2770	42 
2771	15 
2772	85 
2773	54 
2774	2 
2775	16 
2776	26 
2777	21 
2778	53 
2779	82 
2780	46 
2781	75 
2782	89 
2783	45 
2784	89 
2785	89 
2786	75 
2787	94 
2788	30 
2789	82 
2790	30 
2791	28 
2792	61 
2793	83 
2794	65 
2795	46 
2796	6 
2797	96 
2798	70 
2799	92 
2800	21 
2801	51 
2802	94 
2803	92 
2804	75 
2805	15 
2806	42 
2807	59 
2808	20 
2809	95 
2810	52 
2811	89 
2812	89 
2813	27 
2814	29 
2815	83 
2816	11 
2817	5 
2818	42 
2819	10 
2820	92 
2821	39 
2822	95 
2823	62 
2824	49 
2825	64 
2826	82 
2827	74 
2828	74 
2829	52 
2830	11 
2831	61 
2832	68 
2833	57 
2834	49 
2835	9 
2836	90 
2837	13 
2838	30 
2839	50 
2840	72 
2841	93 
2842	38 
2843	41 
2844	101 
2845	64 
2846	3 
2847	25 
2848	52 
2849	18 
2850	97 
2851	25 
2852	57 
2853	28 
2854	59 
2855	22 
2856	66 
2857	41 
2858	48 
2859	29 
2860	9 
2861	5 
2862	47 
2863	92 
2864	71 
2865	29 
2866	25 
2867	43 
2868	58 
2869	74 
2870	63 
2871	90 
2872	90 
2873	32 
2874	67 
2875	75 
2876	33 
2877	33 
2878	15 
2879	23 
2880	88 
2881	12 
2882	96 
2883	42 
2884	52 
2885	96 
2886	80 
2887	96 
2888	50 
2889	31 
2890	36 
2891	13 
2892	34 
2893	28 
2894	58 
2895	15 
2896	81 
2897	66 
2898	42 
2899	25 
2900	66 
2901	96 
2902	90 
2903	33 
2904	30 
2905	50 
2906	35 
2907	65 
2908	75 
2909	23 
2910	54 
2911	8 
2912	33 
2913	20 
2914	32 
2915	41 
2916	58 
2917	102 
2918	41 
2919	30 
2920	102 
2921	90 
2922	89 
2923	60 
2924	49 
2925	35 
2926	42 
2927	94 
2928	18 
2929	48 
2930	13 
2931	68 
2932	21 
2933	51 
2934	21 
2935	9 
2936	57 
2937	22 
2938	25 
2939	78 
2940	92 
2941	76 
2942	86 
2943	20 
2944	5 
2945	38 
2946	19 
2947	74 
2948	38 
2949	27 
2950	65 
2951	92 
2952	51 
2953	70 
2954	30 
2955	52 
2956	28 
2957	25 
2958	86 
2959	34 
2960	39 
2961	51 
2962	6 
2963	28 
2964	29 
2965	27 
2966	69 
2967	92 
2968	82 
2969	59 
2970	83 
2971	48 
2972	11 
2973	28 
2974	86 
2975	46 
2976	6 
2977	36 
2978	59 
2979	4 
2980	96 
2981	29 
2982	79 
2983	41 
2984	28 
2985	82 
2986	60 
2987	54 
2988	35 
2989	57 
2990	40 
2991	17 
2992	98 
2993	10 
2994	75 
2995	46 
2996	29 
2997	68 
2998	68 
2999	35 
3000	11 
3001	81 
3002	82 
3003	44 
3004	78 
3005	20 
3006	53 
3007	31 
3008	14 
3009	24 
3010	15 
3011	53 
3012	21 
3013	50 
3014	46 
3015	33 
3016	30 
3017	89 
3018	1 
3019	9 
3020	17 
3021	97 
3022	15 
3023	70 
3024	8 
3025	61 
3026	60 
3027	29 
3028	102 
3029	17 
3030	61 
3031	12 
3032	44 
3033	54 
3034	84 
3035	39 
3036	13 
3037	75 
3038	85 
3039	58 
3040	24 
3041	35 
3042	44 
3043	101 
3044	38 
3045	31 
3046	30 
3047	37 
3048	1 
3049	99 
3050	30 
3051	101 
3052	34 
3053	14 
3054	74 
3055	89 
3056	77 
3057	58 
3058	96 
3059	32 
3060	3 
3061	30 
3062	59 
3063	41 
3064	70 
3065	81 
3066	61 
3067	77 
3068	86 
3069	96 
3070	11 
3071	90 
3072	49 
3073	16 
3074	20 
3075	52 
3076	56 
3077	84 
3078	81 
3079	36 
3080	35 
3081	12 
3082	28 
3083	23 
3084	91 
3085	65 
3086	63 
3087	45 
3088	48 
3089	12 
3090	43 
3091	29 
3092	46 
3093	66 
3094	30 
3095	75 
3096	54 
3097	29 
3098	85 
3099	9 
3100	30 
3101	84 
3102	98 
3103	87 
3104	92 
3105	75 
3106	13 
3107	30 
3108	15 
3109	25 
3110	24 
3111	13 
3112	53 
3113	5 
3114	8 
3115	25 
3116	70 
3117	25 
3118	74 
3119	26 
3120	73 
3121	94 
3122	5 
3123	24 
3124	13 
3125	11 
3126	48 
3127	50 
3128	37 
3129	69 
3130	36 
3131	18 
3132	40 
3133	89 
3134	103 
3135	27 
3136	92 
3137	54 
3138	13 
3139	37 
3140	55 
3141	80 
3142	62 
3143	71 
3144	41 
3145	95 
3146	76 
3147	14 
3148	46 
3149	11 
3150	21 
3151	5 
3152	72 
3153	73 
3154	27 
3155	61 
3156	60 
3157	15 
3158	57 
3159	2 
3160	61 
3161	2 
3162	10 
3163	26 
3164	91 
3165	53 
3166	90 
3167	65 
3168	3 
3169	39 
3170	10 
3171	79 
3172	92 
3173	65 
3174	46 
3175	70 
3176	95 
3177	49 
3178	85 
3179	54 
3180	13 
3181	40 
3182	15 
3183	68 
3184	53 
3185	66 
3186	14 
3187	57 
3188	68 
3189	27 
3190	15 
3191	66 
3192	21 
3193	60 
3194	36 
3195	27 
3196	70 
3197	19 
3198	96 
3199	30 
3200	91 
3201	28 
3202	8 
3203	39 
3204	25 
3205	25 
3206	50 
3207	12 
3208	13 
3209	52 
3210	36 
3211	84 
3212	37 
3213	62 
3214	35 
3215	35 
3216	36 
3217	33 
3218	49 
3219	52 
3220	58 
3221	98 
3222	84 
3223	103 
3224	32 
3225	50 
3226	99 
3227	10 
3228	11 
3229	95 
3230	48 
3231	12 
3232	11 
3233	60 
3234	102 
3235	80 
3236	2 
3237	21 
3238	66 
3239	79 
3240	37 
3241	103 
3242	13 
3243	54 
3244	21 
3245	83 
3246	79 
3247	95 
3248	97 
3249	101 
3250	56 
3251	59 
3252	78 
3253	103 
3254	84 
3255	78 
3256	72 
3257	14 
3258	15 
3259	17 
3260	69 
3261	37 
3262	28 
3263	92 
3264	96 
3265	98 
3266	20 
3267	21 
3268	35 
3269	95 
3270	28 
3271	74 
3272	5 
3273	11 
3274	33 
3275	41 
3276	65 
3277	62 
3278	41 
3279	12 
3280	46 
3281	83 
3282	8 
3283	38 
3284	11 
3285	22 
3286	78 
3287	62 
3288	66 
3289	80 
3290	80 
3291	99 
3292	55 
3293	15 
3294	38 
3295	15 
3296	1 
3297	22 
3298	97 
3299	85 
3300	4 
3301	59 
3302	12 
3303	22 
3304	13 
3305	65 
3306	54 
3307	83 
3308	76 
3309	10 
3310	25 
3311	78 
3312	76 
3313	44 
3314	86 
3315	49 
3316	2 
3317	57 
3318	74 
3319	33 
3320	83 
3321	23 
3322	6 
3323	73 
3324	53 
3325	26 
3326	32 
3327	94 
3328	14 
3329	46 
3330	65 
3331	51 
3332	27 
3333	101 
3334	6 
3335	32 
3336	4 
3337	53 
3338	41 
3339	45 
3340	28 
3341	95 
3342	11 
3343	79 
3344	70 
3345	22 
3346	62 
3347	78 
3348	16 
3349	14 
3350	86 
3351	36 
3352	93 
3353	8 
3354	36 
3355	25 
3356	47 
3357	36 
3358	84 
3359	30 
3360	13 
3361	13 
3362	47 
3363	71 
3364	15 
3365	88 
3366	61 
3367	13 
3368	31 
3369	50 
3370	5 
3371	26 
3372	60 
3373	53 
3374	50 
3375	57 
3376	33 
3377	62 
3378	92 
3379	15 
3380	92 
3381	4 
3382	38 
3383	23 
3384	12 
3385	57 
3386	31 
3387	9 
3388	1 
3389	41 
3390	59 
3391	36 
3392	1 
3393	91 
3394	26 
3395	55 
3396	32 
3397	1 
3398	35 
3399	18 
3400	89 
3401	64 
3402	48 
3403	9 
3404	85 
3405	26 
3406	78 
3407	19 
3408	88 
3409	47 
3410	59 
3411	82 
3412	94 
3413	12 
3414	96 
3415	25 
3416	33 
3417	17 
3418	82 
3419	16 
3420	36 
3421	43 
3422	22 
3423	81 
3424	35 
3425	37 
3426	37 
3427	45 
3428	78 
3429	78 
3430	23 
3431	99 
3432	61 
3433	92 
3434	76 
3435	57 
3436	36 
3437	35 
3438	22 
3439	68 
3440	4 
3441	54 
3442	92 
3443	58 
3444	32 
3445	9 
3446	22 
3447	10 
3448	26 
3449	21 
3450	80 
3451	65 
3452	50 
3453	94 
3454	75 
3455	93 
3456	92 
3457	92 
3458	26 
3459	82 
3460	46 
3461	36 
3462	74 
3463	31 
3464	35 
3465	57 
3466	65 
3467	86 
3468	19 
3469	88 
3470	62 
3471	65 
3472	47 
3473	7 
3474	61 
3475	96 
3476	11 
3477	99 
3478	35 
3479	46 
3480	7 
3481	34 
3482	46 
3483	77 
3484	36 
3485	4 
3486	19 
3487	15 
3488	8 
3489	91 
3490	38 
3491	9 
3492	15 
3493	10 
3494	38 
3495	19 
3496	101 
3497	92 
3498	28 
3499	97 
3500	92 
3501	65 
3502	60 
3503	20 
3504	85 
3505	39 
3506	52 
3507	28 
3508	6 
3509	8 
3510	32 
3511	41 
3512	74 
3513	35 
3514	11 
3515	98 
3516	78 
3517	54 
3518	92 
3519	85 
3520	44 
3521	67 
3522	68 
3523	54 
3524	96 
3525	7 
3526	54 
3527	33 
3528	33 
3529	27 
3530	54 
3531	92 
3532	73 
3533	66 
3534	47 
3535	100 
3536	12 
3537	30 
3538	9 
3539	65 
3540	38 
3541	77 
3542	38 
3543	73 
3544	36 
3545	16 
3546	61 
3547	57 
3548	20 
3549	57 
3550	94 
3551	51 
3552	103 
3553	36 
3554	83 
3555	70 
3556	82 
3557	74 
3558	13 
3559	72 
3560	59 
3561	25 
3562	52 
3563	66 
3564	47 
3565	18 
3566	90 
3567	36 
3568	3 
3569	19 
3570	60 
3571	76 
3572	94 
3573	24 
3574	23 
3575	27 
3576	57 
3577	48 
3578	57 
3579	28 
3580	72 
3581	48 
3582	87 
3583	89 
3584	46 
3585	36 
3586	76 
3587	9 
3588	94 
3589	59 
3590	41 
3591	5 
3592	46 
3593	95 
3594	11 
3595	37 
3596	10 
3597	92 
3598	80 
3599	1 
3600	89 
3601	83 
3602	65 
3603	23 
3604	69 
3605	86 
3606	57 
3607	82 
3608	92 
3609	62 
3610	91 
3611	46 
3612	36 
3613	11 
3614	32 
3615	93 
3616	27 
3617	92 
3618	96 
3619	43 
3620	5 
3621	41 
3622	94 
3623	80 
3624	67 
3625	86 
3626	67 
3627	54 
3628	44 
3629	2 
3630	6 
3631	28 
3632	44 
3633	21 
3634	33 
3635	85 
3636	54 
3637	15 
3638	53 
3639	75 
3640	76 
3641	58 
3642	60 
3643	82 
3644	46 
3645	39 
3646	15 
3647	82 
3648	29 
3649	36 
3650	54 
3651	41 
3652	69 
3653	44 
3654	47 
3655	32 
3656	56 
3657	89 
3658	4 
3659	21 
3660	11 
3661	9 
3662	62 
3663	25 
3664	70 
3665	76 
3666	94 
3667	61 
3668	70 
3669	6 
3670	27 
3671	5 
3672	57 
3673	75 
3674	44 
3675	66 
3676	49 
3677	8 
3678	23 
3679	11 
3680	6 
3681	40 
3682	92 
3683	89 
3684	11 
3685	51 
3686	21 
3687	96 
3688	77 
3689	82 
3690	33 
3691	13 
3692	16 
3693	38 
3694	50 
3695	36 
3696	88 
3697	84 
3698	53 
3699	64 
3700	58 
3701	32 
3702	57 
3703	27 
3704	47 
3705	23 
3706	101 
3707	44 
3708	76 
3709	49 
3710	12 
3711	48 
3712	25 
3713	91 
3714	33 
3715	46 
3716	11 
3717	5 
3718	25 
3719	36 
3720	94 
3721	13 
3722	30 
3723	7 
3724	2 
3725	34 
3726	54 
3727	81 
3728	99 
3729	21 
3730	89 
3731	25 
3732	59 
3733	27 
3734	24 
3735	46 
3736	87 
3737	89 
3738	31 
3739	78 
3740	39 
3741	56 
3742	48 
3743	71 
3744	54 
3745	66 
3746	81 
3747	36 
3748	28 
3749	11 
3750	25 
3751	78 
3752	39 
3753	57 
3754	93 
3755	85 
3756	77 
3757	57 
3758	56 
3759	38 
3760	76 
3761	11 
3762	39 
3763	73 
3764	86 
3765	78 
3766	90 
3767	32 
3768	96 
3769	72 
3770	102 
3771	71 
3772	52 
3773	96 
3774	13 
3775	39 
3776	18 
3777	27 
3778	25 
3779	39 
3780	50 
3781	28 
3782	78 
3783	16 
3784	75 
3785	66 
3786	84 
3787	61 
3788	1 
3789	74 
3790	57 
3791	103 
3792	29 
3793	2 
3794	11 
3795	13 
3796	81 
3797	60 
3798	94 
3799	101 
3800	1 
3801	70 
3802	17 
3803	78 
3804	70 
3805	66 
3806	28 
3807	84 
3808	65 
3809	77 
3810	86 
3811	35 
3812	89 
3813	96 
3814	31 
3815	62 
3816	67 
3817	9 
3818	23 
3819	103 
3820	46 
3821	66 
3822	22 
3823	18 
3824	13 
3825	3 
3826	71 
3827	13 
3828	94 
3829	30 
3830	63 
3831	41 
3832	24 
3833	37 
3834	27 
3835	7 
3836	8 
3837	75 
3838	2 
3839	36 
3840	28 
3841	17 
3842	62 
3843	32 
3844	89 
3845	37 
3846	94 
3847	69 
3848	7 
3849	65 
3850	27 
3851	13 
3852	47 
3853	1 
3854	8 
3855	38 
3856	55 
3857	47 
3858	61 
3859	48 
3860	63 
3861	27 
3862	28 
3863	2 
3864	76 
3865	57 
3866	99 
3867	22 
3868	82 
3869	75 
3870	80 
3871	42 
3872	96 
3873	40 
3874	48 
3875	74 
3876	21 
3877	93 
3878	30 
3879	79 
3880	55 
3881	27 
3882	67 
3883	87 
3884	50 
3885	65 
3886	61 
3887	88 
3888	59 
3889	56 
3890	46 
3891	37 
3892	57 
3893	46 
3894	16 
3895	93 
3896	57 
3897	53 
3898	15 
3899	33 
3900	16 
3901	50 
3902	81 
3903	80 
3904	8 
3905	59 
3906	90 
3907	13 
3908	61 
3909	27 
3910	24 
3911	82 
3912	9 
3913	11 
3914	76 
3915	74 
3916	38 
3917	94 
3918	86 
3919	31 
3920	89 
3921	2 
3922	98 
3923	81 
3924	69 
3925	82 
3926	46 
3927	3 
3928	33 
3929	69 
3930	17 
3931	27 
3932	74 
3933	67 
3934	15 
3935	76 
3936	102 
3937	101 
3938	21 
3939	66 
3940	34 
3941	42 
3942	10 
3943	92 
3944	34 
3945	25 
3946	70 
3947	37 
3948	80 
3949	37 
3950	61 
3951	42 
3952	42 
3953	72 
3954	38 
3955	12 
3956	44 
3957	38 
3958	13 
3959	38 
3960	10 
3961	9 
3962	35 
3963	94 
3964	37 
3965	21 
3966	89 
3967	50 
3968	56 
3969	55 
3970	72 
3971	68 
3972	90 
3973	65 
3974	4 
3975	93 
3976	30 
3977	5 
3978	76 
3979	83 
3980	38 
3981	28 
3982	17 
3983	75 
3984	33 
3985	66 
3986	78 
3987	21 
3988	89 
3989	33 
3990	92 
3991	66 
3992	73 
3993	85 
3994	78 
3995	5 
3996	66 
3997	8 
3998	27 
3999	61 
4000	11 
4001	61 
4002	5 
4003	33 
4004	92 
4005	78 
4006	1 
4007	57 
4008	21 
4009	92 
4010	38 
4011	11 
4012	14 
4013	52 
4014	15 
4015	1 
4016	26 
4017	15 
4018	15 
4019	54 
4020	67 
4021	91 
4022	5 
4023	6 
4024	83 
4025	50 
4026	38 
4027	73 
4028	27 
4029	20 
4030	86 
4031	7 
4032	96 
4033	6 
4034	70 
4035	76 
4036	89 
4037	24 
4038	76 
4039	92 
4040	65 
4041	83 
4042	67 
4043	5 
4044	32 
4045	50 
4046	13 
4047	93 
4048	13 
4049	23 
4050	49 
4051	50 
4052	66 
4053	48 
4054	8 
4055	44 
4056	73 
4057	39 
4058	52 
4059	47 
4060	39 
4061	3 
4062	41 
4063	68 
4064	22 
4065	36 
4066	96 
4067	67 
4068	35 
4069	73 
4070	17 
4071	57 
4072	42 
4073	59 
4074	23 
4075	94 
4076	27 
4077	37 
4078	95 
4079	93 
4080	57 
4081	94 
4082	11 
4083	78 
4084	33 
4085	80 
4086	50 
4087	42 
4088	49 
4089	41 
4090	91 
4091	12 
4092	96 
4093	40 
4094	66 
4095	99 
4096	65 
4097	92 
4098	50 
4099	96 
4100	89 
4101	21 
4102	23 
4103	96 
4104	20 
4105	100 
4106	7 
4107	71 
4108	89 
4109	95 
4110	101 
4111	46 
4112	1 
4113	60 
4114	9 
4115	85 
4116	17 
4117	94 
4118	19 
4119	28 
4120	40 
4121	28 
4122	28 
4123	4 
4124	30 
4125	58 
4126	29 
4127	59 
4128	21 
4129	82 
4130	30 
4131	74 
4132	58 
4133	3 
4134	35 
4135	21 
4136	43 
4137	31 
4138	73 
4139	58 
4140	83 
4141	73 
4142	32 
4143	74 
4144	74 
4145	89 
4146	11 
4147	70 
4148	4 
4149	72 
4150	19 
4151	57 
4152	51 
4153	94 
4154	20 
4155	38 
4156	72 
4157	53 
4158	16 
4159	16 
4160	94 
4161	73 
4162	12 
4163	69 
4164	34 
4165	78 
4166	26 
4167	16 
4168	27 
4169	96 
4170	13 
4171	96 
4172	66 
4173	5 
4174	81 
4175	2 
4176	13 
4177	83 
4178	54 
4179	51 
4180	12 
4181	63 
4182	96 
4183	82 
4184	80 
4185	72 
4186	46 
4187	39 
4188	30 
4189	86 
4190	25 
4191	15 
4192	25 
4193	93 
4194	72 
4195	46 
4196	61 
4197	78 
4198	72 
4199	29 
4200	94 
4201	65 
4202	17 
4203	47 
4204	66 
4205	38 
4206	23 
4207	19 
4208	27 
4209	38 
4210	51 
4211	3 
4212	49 
4213	70 
4214	66 
4215	17 
4216	47 
4217	6 
4218	89 
4219	17 
4220	5 
4221	39 
4222	42 
4223	92 
4224	39 
4225	88 
4226	37 
4227	44 
4228	1 
4229	13 
4230	95 
4231	7 
4232	15 
4233	54 
4234	29 
4235	29 
4236	76 
4237	50 
4238	25 
4239	96 
4240	20 
4241	21 
4242	90 
4243	12 
4244	9 
4245	31 
4246	75 
4247	30 
4248	19 
4249	46 
4250	89 
4251	82 
4252	84 
4253	63 
4254	60 
4255	78 
4256	57 
4257	54 
4258	24 
4259	24 
4260	2 
4261	3 
4262	78 
4263	101 
4264	14 
4265	5 
4266	33 
4267	95 
4268	50 
4269	25 
4270	96 
4271	81 
4272	11 
4273	15 
4274	42 
4275	102 
4276	68 
4277	88 
4278	92 
4279	50 
4280	6 
4281	65 
4282	88 
4283	38 
4284	92 
4285	51 
4286	57 
4287	66 
4288	78 
4289	73 
4290	24 
4291	4 
4292	45 
4293	56 
4294	65 
4295	29 
4296	87 
4297	57 
4298	89 
4299	11 
4300	74 
4301	70 
4302	41 
4303	20 
4304	94 
4305	21 
4306	89 
4307	47 
4308	74 
4309	63 
4310	5 
4311	48 
4312	65 
4313	53 
4314	58 
4315	86 
4316	83 
4317	89 
4318	23 
4319	36 
4320	29 
4321	67 
4322	92 
4323	80 
4324	54 
4325	96 
4326	29 
4327	8 
4328	71 
4329	11 
4330	89 
4331	21 
4332	46 
4333	89 
4334	44 
4335	86 
4336	13 
4337	66 
4338	48 
4339	54 
4340	29 
4341	37 
4342	50 
4343	83 
4344	68 
4345	56 
4346	30 
4347	60 
4348	101 
4349	90 
4350	35 
4351	19 
4352	82 
4353	54 
4354	78 
4355	81 
4356	27 
4357	29 
4358	21 
4359	8 
4360	42 
4361	101 
4362	39 
4363	67 
4364	96 
4365	66 
4366	51 
4367	78 
4368	19 
4369	63 
4370	92 
4371	27 
4372	36 
4373	5 
4374	89 
4375	23 
4376	52 
4377	11 
4378	5 
4379	59 
4380	28 
4381	95 
4382	86 
4383	20 
4384	15 
4385	47 
4386	62 
4387	20 
4388	47 
4389	66 
4390	33 
4391	96 
4392	72 
4393	52 
4394	47 
4395	53 
4396	15 
4397	31 
4398	33 
4399	21 
4400	59 
4401	37 
4402	92 
4403	44 
4404	67 
4405	29 
4406	94 
4407	70 
4408	26 
4409	94 
4410	48 
4411	31 
4412	70 
4413	95 
4414	37 
4415	15 
4416	76 
4417	96 
4418	93 
4419	75 
4420	71 
4421	57 
4422	50 
4423	46 
4424	60 
4425	92 
4426	94 
4427	38 
4428	94 
4429	36 
4430	21 
4431	58 
4432	89 
4433	8 
4434	37 
4435	57 
4436	30 
4437	5 
4438	21 
4439	81 
4440	4 
4441	17 
4442	89 
4443	76 
4444	8 
4445	36 
4446	5 
4447	65 
4448	46 
4449	37 
4450	51 
4451	9 
4452	66 
4453	78 
4454	3 
4455	54 
4456	57 
4457	102 
4458	70 
4459	86 
4460	37 
4461	47 
4462	26 
4463	92 
4464	25 
4465	28 
4466	5 
4467	29 
4468	23 
4469	17 
4470	20 
4471	47 
4472	89 
4473	89 
4474	25 
4475	78 
4476	59 
4477	89 
4478	50 
4479	92 
4480	102 
4481	36 
4482	29 
4483	36 
4484	82 
4485	15 
4486	4 
4487	59 
4488	61 
4489	76 
4490	23 
4491	30 
4492	51 
4493	89 
4494	37 
4495	60 
4496	66 
4497	57 
4498	68 
4499	68 
4500	21 
4501	4 
4502	72 
4503	33 
4504	90 
4505	50 
4506	47 
4507	28 
4508	89 
4509	71 
4510	96 
4511	8 
4512	52 
4513	65 
4514	66 
4515	7 
4516	78 
4517	78 
4518	89 
4519	21 
4520	31 
4521	27 
4522	92 
4523	82 
4524	101 
4525	59 
4526	50 
4527	94 
4528	72 
4529	21 
4530	69 
4531	38 
4532	12 
4533	8 
4534	7 
4535	5 
4536	13 
4537	47 
4538	30 
4539	36 
4540	78 
4541	92 
4542	28 
4543	66 
4544	33 
4545	7 
4546	89 
4547	37 
4548	94 
4549	70 
4550	94 
4551	29 
4552	62 
4553	65 
4554	36 
4555	15 
4556	9 
4557	75 
4558	11 
4559	52 
4560	42 
4561	27 
4562	80 
4563	65 
4564	35 
4565	102 
4566	101 
4567	38 
4568	24 
4569	12 
4570	30 
4571	82 
4572	90 
4573	46 
4574	13 
4575	24 
4576	47 
4577	24 
4578	82 
4579	47 
4580	8 
4581	76 
4582	30 
4583	28 
4584	25 
4585	46 
4586	46 
4587	21 
4588	36 
4589	30 
4590	82 
4591	60 
4592	65 
4593	58 
4594	59 
4595	50 
4596	92 
4597	94 
4598	90 
4599	28 
4600	50 
4601	76 
4602	12 
4603	86 
4604	29 
4605	20 
4606	13 
4607	61 
4608	89 
4609	65 
4610	25 
4611	1 
4612	27 
4613	25 
4614	96 
4615	89 
4616	26 
4617	15 
4618	57 
4619	23 
4620	15 
4621	24 
4622	76 
4623	33 
4624	62 
4625	23 
4626	82 
4627	62 
4628	37 
4629	8 
4630	59 
4631	75 
4632	50 
4633	86 
4634	57 
4635	80 
4636	50 
4637	11 
4638	82 
4639	75 
4640	28 
4641	33 
4642	28 
4643	83 
4644	36 
4645	30 
4646	46 
4647	27 
4648	82 
4649	31 
4650	81 
4651	80 
4652	80 
4653	96 
4654	27 
4655	9 
4656	53 
4657	76 
4658	61 
4659	46 
4660	42 
4661	21 
4662	41 
4663	46 
4664	8 
4665	62 
4666	81 
4667	66 
4668	46 
4669	15 
4670	57 
4671	35 
4672	60 
4673	19 
4674	23 
4675	27 
4676	26 
4677	94 
4678	8 
4679	9 
4680	27 
4681	1 
4682	25 
4683	42 
4684	13 
4685	46 
4686	86 
4687	92 
4688	8 
4689	36 
4690	74 
4691	95 
4692	95 
4693	31 
4694	80 
4695	57 
4696	76 
4697	23 
4698	90 
4699	28 
4700	24 
4701	37 
4702	86 
4703	51 
4704	86 
4705	86 
4706	66 
4707	94 
4708	13 
4709	89 
4710	76 
4711	42 
4712	13 
4713	19 
4714	15 
4715	59 
4716	96 
4717	15 
4718	82 
4719	15 
4720	30 
4721	8 
4722	27 
4723	33 
4724	46 
4725	29 
4726	65 
4727	89 
4728	19 
4729	50 
4730	50 
4731	59 
4732	82 
4733	29 
4734	29 
4735	46 
4736	86 
4737	33 
4738	28 
4739	76 
4740	94 
4741	5 
4742	95 
4743	78 
4744	25 
4745	89 
4746	37 
4747	41 
4748	82 
4749	15 
4750	36 
4751	5 
4752	30 
4753	80 
4754	66 
4755	89 
4756	12 
4757	92 
4758	61 
4759	9 
4760	89 
4761	31 
4762	61 
4763	29 
4764	27 
4765	57 
4766	20 
4767	15 
4768	29 
4769	92 
4770	65 
4771	27 
4772	29 
4773	41 
4774	50 
4775	96 
4776	37 
4777	35 
4778	15 
4779	12 
4780	92 
4781	70 
4782	38 
4783	25 
4784	80 
4785	15 
4786	80 
4787	9 
4788	27 
4789	78 
4790	31 
4791	80 
4792	36 
4793	21 
4794	96 
4795	30 
4796	76 
4797	35 
4798	21 
4799	15 
4800	92 
4801	27 
4802	11 
4803	27 
4804	27 
4805	78 
4806	36 
4807	92 
4808	35 
4809	37 
4810	94 
4811	35 
4812	78 
4813	27 
4814	96 
4815	61 
4816	24 
4817	59 
4818	28 
4819	11 
4820	76 
4821	35 
4822	21 
4823	59 
4824	35 
4825	27 
4826	54 
4827	80 
4828	59 
4829	82 
4830	95 
4831	27 
4832	30 
4833	59 
4834	76 
4835	92 
4836	57 
4837	78 
4838	23 
4839	29 
4840	57 
4841	66 
4842	31 
4843	25 
4844	27 
4845	8 
4846	15 
4847	11 
4848	8 
4849	27 
4850	8 
4851	30 
4852	65 
4853	41 
4854	80 
4855	46 
4856	33 
4857	30 
4858	54 
4859	50 
4860	28 
4861	25 
4862	21 
4863	61 
4864	46 
4865	13 
4866	66 
4867	86 
4868	92 
4869	37 
4870	94 
4871	65 
4872	89 
4873	24 
4874	96 
4875	66 
4876	82 
4877	13 
4878	86 
4879	21 
4880	80 
4881	46 
4882	21 
4883	41 
4884	94 
4885	89 
4886	95 
4887	24 
4888	27 
4889	92 
4890	25 
4891	95 
4892	46 
4893	94 
4894	12 
4895	23 
4896	57 
4897	15 
4898	27 
4899	36 
4900	36 
4901	54 
4902	54 
4903	23 
4904	59 
4905	15 
4906	25 
4907	54 
4908	86 
4909	61 
4910	11 
4911	89 
4912	30 
4913	89 
4914	27 
4915	82 
4916	13 
4917	21 
4918	24 
4919	57 
4920	38 
4921	30 
4922	50 
4923	28 
4924	89 
4925	15 
4926	89 
4927	12 
4928	41 
4929	89 
4930	11 
4931	11 
4932	38 
4933	66 
4934	8 
4935	50 
4936	96 
4937	11 
4938	28 
4939	13 
4940	82 
4941	57 
4942	27 
4943	65 
4944	8 
4945	78 
4946	94 
4947	76 
4948	30 
4949	25 
4950	89 
4951	89 
4952	80 
4953	15 
4954	30 
4955	27 
4956	30 
4957	8 
4958	82 
4959	35 
4960	15 
4961	36 
4962	89 
4963	92 
4964	82 
4965	46 
4966	50 
4967	21 
4968	36 
4969	30 
4970	35 
4971	21 
4972	8 
4973	78 
4974	13 
4975	37 
4976	30 
4977	65 
4978	25 
4979	15 
4980	92 
4981	15 
4982	35 
4983	66 
4984	82 
4985	11 
4986	65 
4987	28 
4988	82 
4989	65 
4990	30 
4991	35 
4992	96 
4993	33 
4994	25 
4995	30 
4996	92 
4997	21 
4998	57 
4999	96 
5000	66 
