1	98 
2	7 
3	8 
4	96 
5	25 
6	48 
7	43 
8	75 
9	12 
10	84 
11	17 
12	71 
13	15 
14	38 
15	45 
16	18 
17	22 
18	67 
19	59 
20	37 
21	25 
22	92 
23	97 
24	59 
25	32 
26	17 
27	101 
28	41 
29	4 
30	1 
31	54 
32	19 
33	101 
34	48 
35	4 
36	24 
37	98 
38	72 
39	24 
40	8 
41	83 
42	8 
43	28 
44	30 
45	96 
46	11 
47	30 
48	82 
49	97 
50	1 
51	7 
52	97 
53	43 
54	41 
55	41 
56	4 
57	72 
58	71 
59	24 
60	37 
61	12 
62	38 
63	58 
64	89 
65	69 
66	59 
67	101 
68	74 
69	34 
70	33 
71	26 
72	48 
73	69 
74	11 
75	97 
76	17 
77	42 
78	42 
79	31 
80	90 
81	66 
82	89 
83	73 
84	100 
85	73 
86	62 
87	10 
88	81 
89	24 
90	22 
91	60 
92	66 
93	13 
94	28 
95	77 
96	77 
97	63 
98	47 
99	34 
100	11 
101	48 
102	66 
103	86 
104	66 
105	72 
106	62 
107	86 
108	87 
109	87 
110	19 
111	82 
112	47 
113	4 
114	38 
115	34 
116	83 
117	29 
118	18 
119	49 
120	72 
121	84 
122	30 
123	53 
124	53 
125	1 
126	10 
127	30 
128	70 
129	30 
130	88 
131	94 
132	7 
133	41 
134	56 
135	84 
136	27 
137	76 
138	75 
139	50 
140	3 
141	88 
142	76 
143	66 
144	43 
145	93 
146	94 
147	14 
148	64 
149	63 
150	84 
151	33 
152	7 
153	24 
154	92 
155	50 
156	80 
157	36 
158	2 
159	48 
160	61 
161	32 
162	34 
163	69 
164	87 
165	65 
166	43 
167	20 
168	46 
169	88 
170	94 
171	62 
172	85 
173	42 
174	47 
175	23 
176	25 
177	11 
178	58 
179	9 
180	9 
181	26 
182	70 
183	23 
184	97 
185	48 
186	52 
187	61 
188	52 
189	84 
190	98 
191	7 
192	17 
193	6 
194	2 
195	59 
196	81 
197	55 
198	76 
199	93 
200	57 
201	41 
202	41 
203	17 
204	73 
205	39 
206	1 
207	18 
208	84 
209	33 
210	70 
211	12 
212	88 
213	10 
214	5 
215	33 
216	42 
217	7 
218	17 
219	86 
220	24 
221	46 
222	17 
223	63 
224	83 
225	10 
226	99 
227	6 
228	75 
229	12 
230	53 
231	79 
232	46 
233	10 
234	71 
235	29 
236	68 
237	59 
238	71 
239	99 
240	79 
241	27 
242	23 
243	56 
244	38 
245	63 
246	39 
247	15 
248	98 
249	83 
250	36 
251	46 
252	84 
253	49 
254	38 
255	94 
256	59 
257	93 
258	91 
259	23 
260	93 
261	73 
262	85 
263	23 
264	42 
265	74 
266	5 
267	3 
268	71 
269	42 
270	43 
271	5 
272	74 
273	6 
274	48 
275	71 
276	29 
277	18 
278	9 
279	13 
280	14 
281	83 
282	62 
283	56 
284	26 
285	1 
286	99 
287	66 
288	59 
289	71 
290	98 
291	7 
292	59 
293	56 
294	80 
295	77 
296	72 
297	66 
298	58 
299	15 
300	15 
301	94 
302	1 
303	76 
304	78 
305	74 
306	38 
307	96 
308	3 
309	75 
310	30 
311	29 
312	11 
313	77 
314	6 
315	80 
316	70 
317	39 
318	17 
319	17 
320	94 
321	86 
322	52 
323	74 
324	58 
325	18 
326	93 
327	73 
328	18 
329	51 
330	50 
331	16 
332	48 
333	33 
334	29 
335	4 
336	61 
337	48 
338	97 
339	74 
340	3 
341	39 
342	99 
343	91 
344	57 
345	66 
346	52 
347	66 
348	28 
349	98 
350	46 
351	93 
352	30 
353	16 
354	87 
355	98 
356	4 
357	101 
358	61 
359	80 
360	39 
361	69 
362	101 
363	23 
364	1 
365	63 
366	89 
367	7 
368	30 
369	69 
370	14 
371	30 
372	87 
373	86 
374	89 
375	91 
376	50 
377	37 
378	46 
379	98 
380	91 
381	23 
382	64 
383	89 
384	1 
385	46 
386	23 
387	36 
388	101 
389	55 
390	33 
391	91 
392	31 
393	41 
394	4 
395	61 
396	20 
397	17 
398	51 
399	39 
400	27 
401	39 
402	72 
403	89 
404	101 
405	53 
406	12 
407	38 
408	65 
409	52 
410	4 
411	91 
412	44 
413	63 
414	11 
415	10 
416	29 
417	31 
418	1 
419	64 
420	10 
421	45 
422	43 
423	12 
424	42 
425	52 
426	14 
427	32 
428	69 
429	84 
430	66 
431	20 
432	77 
433	7 
434	54 
435	86 
436	66 
437	81 
438	32 
439	94 
440	6 
441	77 
442	14 
443	85 
444	89 
445	94 
446	87 
447	8 
448	15 
449	64 
450	92 
451	68 
452	90 
453	1 
454	24 
455	35 
456	80 
457	9 
458	42 
459	73 
460	4 
461	90 
462	20 
463	10 
464	37 
465	73 
466	52 
467	95 
468	38 
469	48 
470	63 
471	58 
472	24 
473	37 
474	70 
475	2 
476	91 
477	76 
478	81 
479	7 
480	74 
481	27 
482	61 
483	14 
484	63 
485	23 
486	67 
487	39 
488	88 
489	91 
490	56 
491	17 
492	55 
493	42 
494	31 
495	49 
496	35 
497	22 
498	55 
499	18 
500	93 
501	98 
502	94 
503	36 
504	98 
505	38 
506	11 
507	70 
508	29 
509	25 
510	35 
511	12 
512	7 
513	59 
514	49 
515	91 
516	59 
517	89 
518	5 
519	22 
520	38 
521	73 
522	18 
523	39 
524	66 
525	88 
526	32 
527	78 
528	10 
529	94 
530	14 
531	9 
532	97 
533	98 
534	30 
535	60 
536	63 
537	48 
538	89 
539	48 
540	69 
541	10 
542	98 
543	53 
544	10 
545	49 
546	18 
547	83 
548	94 
549	26 
550	3 
551	6 
552	75 
553	21 
554	83 
555	4 
556	33 
557	29 
558	63 
559	16 
560	81 
561	47 
562	39 
563	16 
564	69 
565	27 
566	18 
567	93 
568	22 
569	15 
570	62 
571	30 
572	63 
573	35 
574	18 
575	5 
576	38 
577	15 
578	95 
579	71 
580	18 
581	55 
582	85 
583	98 
584	47 
585	37 
586	7 
587	18 
588	71 
589	50 
590	47 
591	37 
592	20 
593	67 
594	80 
595	29 
596	97 
597	30 
598	97 
599	53 
600	61 
601	75 
602	34 
603	4 
604	54 
605	7 
606	41 
607	83 
608	15 
609	41 
610	49 
611	28 
612	23 
613	76 
614	50 
615	22 
616	16 
617	12 
618	12 
619	50 
620	36 
621	58 
622	63 
623	13 
624	32 
625	87 
626	99 
627	28 
628	63 
629	56 
630	22 
631	28 
632	1 
633	76 
634	14 
635	17 
636	3 
637	70 
638	68 
639	48 
640	70 
641	65 
642	12 
643	35 
644	69 
645	34 
646	86 
647	66 
648	35 
649	1 
650	29 
651	61 
652	79 
653	77 
654	83 
655	38 
656	66 
657	15 
658	4 
659	31 
660	59 
661	80 
662	55 
663	17 
664	14 
665	36 
666	18 
667	42 
668	43 
669	30 
670	34 
671	23 
672	42 
673	61 
674	94 
675	98 
676	39 
677	11 
678	32 
679	71 
680	93 
681	97 
682	67 
683	67 
684	40 
685	29 
686	9 
687	98 
688	38 
689	84 
690	52 
691	71 
692	33 
693	30 
694	15 
695	23 
696	44 
697	29 
698	89 
699	47 
700	80 
701	91 
702	43 
703	21 
704	91 
705	80 
706	63 
707	96 
708	14 
709	51 
710	70 
711	61 
712	89 
713	93 
714	26 
715	30 
716	48 
717	96 
718	53 
719	85 
720	50 
721	87 
722	64 
723	14 
724	59 
725	11 
726	98 
727	18 
728	42 
729	14 
730	1 
731	80 
732	99 
733	97 
734	93 
735	23 
736	71 
737	70 
738	97 
739	72 
740	98 
741	4 
742	18 
743	5 
744	1 
745	101 
746	87 
747	25 
748	75 
749	101 
750	87 
751	50 
752	88 
753	55 
754	24 
755	27 
756	70 
757	47 
758	7 
759	87 
760	63 
761	61 
762	43 
763	55 
764	40 
765	92 
766	17 
767	52 
768	52 
769	61 
770	15 
771	57 
772	68 
773	52 
774	80 
775	8 
776	23 
777	80 
778	68 
779	21 
780	1 
781	7 
782	80 
783	101 
784	35 
785	79 
786	71 
787	70 
788	84 
789	80 
790	47 
791	57 
792	2 
793	8 
794	64 
795	63 
796	87 
797	1 
798	16 
799	17 
800	72 
801	63 
802	15 
803	38 
804	19 
805	97 
806	78 
807	73 
808	20 
809	25 
810	60 
811	62 
812	67 
813	18 
814	3 
815	26 
816	10 
817	38 
818	39 
819	62 
820	74 
821	75 
822	76 
823	66 
824	38 
825	48 
826	22 
827	32 
828	71 
829	10 
830	73 
831	65 
832	33 
833	10 
834	33 
835	17 
836	2 
837	87 
838	25 
839	80 
840	90 
841	74 
842	11 
843	7 
844	27 
845	53 
846	37 
847	18 
848	7 
849	77 
850	21 
851	71 
852	39 
853	2 
854	26 
855	92 
856	33 
857	101 
858	25 
859	11 
860	75 
861	72 
862	79 
863	4 
864	50 
865	37 
866	53 
867	27 
868	44 
869	98 
870	54 
871	19 
872	86 
873	41 
874	33 
875	38 
876	37 
877	99 
878	93 
879	82 
880	91 
881	19 
882	53 
883	40 
884	58 
885	91 
886	1 
887	8 
888	93 
889	1 
890	50 
891	43 
892	31 
893	60 
894	32 
895	65 
896	64 
897	3 
898	63 
899	10 
900	23 
901	86 
902	77 
903	12 
904	63 
905	68 
906	25 
907	7 
908	63 
909	42 
910	95 
911	97 
912	31 
913	90 
914	18 
915	50 
916	61 
917	37 
918	63 
919	72 
920	42 
921	41 
922	44 
923	58 
924	74 
925	31 
926	13 
927	15 
928	63 
929	69 
930	69 
931	18 
932	42 
933	19 
934	16 
935	96 
936	64 
937	33 
938	23 
939	17 
940	1 
941	100 
942	101 
943	30 
944	17 
945	83 
946	64 
947	77 
948	26 
949	39 
950	56 
951	49 
952	7 
953	87 
954	66 
955	56 
956	37 
957	48 
958	42 
959	71 
960	12 
961	27 
962	58 
963	23 
964	93 
965	6 
966	74 
967	25 
968	17 
969	51 
970	22 
971	10 
972	63 
973	78 
974	50 
975	61 
976	15 
977	34 
978	98 
979	83 
980	23 
981	48 
982	25 
983	14 
984	13 
985	75 
986	7 
987	42 
988	83 
989	1 
990	39 
991	74 
992	15 
993	22 
994	37 
995	18 
996	56 
997	3 
998	56 
999	90 
1000	94 
1001	36 
1002	98 
1003	51 
1004	5 
1005	61 
1006	75 
1007	26 
1008	38 
1009	87 
1010	7 
1011	59 
1012	94 
1013	11 
1014	90 
1015	89 
1016	83 
1017	7 
1018	14 
1019	9 
1020	56 
1021	36 
1022	34 
1023	93 
1024	30 
1025	99 
1026	69 
1027	1 
1028	33 
1029	82 
1030	97 
1031	34 
1032	26 
1033	69 
1034	32 
1035	32 
1036	16 
1037	89 
1038	38 
1039	33 
1040	45 
1041	63 
1042	11 
1043	34 
1044	56 
1045	36 
1046	1 
1047	99 
1048	7 
1049	71 
1050	19 
1051	63 
1052	57 
1053	95 
1054	82 
1055	15 
1056	95 
1057	36 
1058	93 
1059	42 
1060	43 
1061	41 
1062	1 
1063	80 
1064	38 
1065	92 
1066	70 
1067	38 
1068	49 
1069	33 
1070	42 
1071	73 
1072	15 
1073	54 
1074	24 
1075	42 
1076	77 
1077	28 
1078	100 
1079	10 
1080	1 
1081	8 
1082	93 
1083	74 
1084	72 
1085	66 
1086	23 
1087	63 
1088	69 
1089	15 
1090	46 
1091	28 
1092	98 
1093	11 
1094	1 
1095	5 
1096	97 
1097	27 
1098	88 
1099	85 
1100	71 
1101	5 
1102	28 
1103	78 
1104	69 
1105	58 
1106	55 
1107	48 
1108	59 
1109	25 
1110	60 
1111	1 
1112	61 
1113	59 
1114	5 
1115	72 
1116	98 
1117	64 
1118	17 
1119	10 
1120	63 
1121	13 
1122	11 
1123	94 
1124	11 
1125	20 
1126	68 
1127	17 
1128	38 
1129	49 
1130	59 
1131	59 
1132	71 
1133	99 
1134	46 
1135	33 
1136	37 
1137	18 
1138	86 
1139	28 
1140	7 
1141	27 
1142	5 
1143	80 
1144	93 
1145	56 
1146	35 
1147	101 
1148	64 
1149	91 
1150	61 
1151	44 
1152	28 
1153	25 
1154	31 
1155	24 
1156	73 
1157	1 
1158	80 
1159	64 
1160	24 
1161	26 
1162	18 
1163	80 
1164	98 
1165	79 
1166	87 
1167	50 
1168	2 
1169	12 
1170	32 
1171	46 
1172	80 
1173	42 
1174	31 
1175	94 
1176	100 
1177	91 
1178	28 
1179	24 
1180	14 
1181	5 
1182	85 
1183	12 
1184	21 
1185	95 
1186	5 
1187	74 
1188	71 
1189	71 
1190	6 
1191	73 
1192	76 
1193	16 
1194	12 
1195	40 
1196	87 
1197	34 
1198	47 
1199	36 
1200	52 
1201	73 
1202	78 
1203	3 
1204	82 
1205	40 
1206	82 
1207	32 
1208	61 
1209	64 
1210	49 
1211	15 
1212	98 
1213	93 
1214	19 
1215	53 
1216	24 
1217	1 
1218	26 
1219	14 
1220	29 
1221	18 
1222	69 
1223	59 
1224	66 
1225	12 
1226	84 
1227	88 
1228	27 
1229	67 
1230	98 
1231	45 
1232	31 
1233	82 
1234	11 
1235	40 
1236	16 
1237	33 
1238	93 
1239	52 
1240	46 
1241	22 
1242	60 
1243	15 
1244	41 
1245	13 
1246	89 
1247	53 
1248	27 
1249	24 
1250	33 
1251	69 
1252	69 
1253	65 
1254	56 
1255	4 
1256	10 
1257	29 
1258	69 
1259	61 
1260	76 
1261	15 
1262	21 
1263	80 
1264	90 
1265	80 
1266	59 
1267	63 
1268	48 
1269	44 
1270	12 
1271	88 
1272	43 
1273	2 
1274	37 
1275	52 
1276	3 
1277	97 
1278	71 
1279	76 
1280	73 
1281	89 
1282	14 
1283	5 
1284	61 
1285	91 
1286	73 
1287	17 
1288	25 
1289	42 
1290	5 
1291	53 
1292	101 
1293	6 
1294	75 
1295	14 
1296	48 
1297	49 
1298	23 
1299	15 
1300	97 
1301	88 
1302	47 
1303	33 
1304	94 
1305	76 
1306	99 
1307	36 
1308	71 
1309	2 
1310	55 
1311	15 
1312	23 
1313	29 
1314	33 
1315	76 
1316	76 
1317	44 
1318	71 
1319	86 
1320	101 
1321	4 
1322	94 
1323	57 
1324	74 
1325	11 
1326	96 
1327	36 
1328	85 
1329	90 
1330	69 
1331	46 
1332	38 
1333	24 
1334	27 
1335	31 
1336	83 
1337	7 
1338	61 
1339	57 
1340	46 
1341	15 
1342	59 
1343	14 
1344	80 
1345	51 
1346	79 
1347	86 
1348	60 
1349	48 
1350	12 
1351	64 
1352	77 
1353	90 
1354	41 
1355	10 
1356	39 
1357	14 
1358	34 
1359	78 
1360	64 
1361	20 
1362	73 
1363	25 
1364	87 
1365	66 
1366	38 
1367	90 
1368	90 
1369	61 
1370	67 
1371	76 
1372	50 
1373	71 
1374	48 
1375	7 
1376	17 
1377	23 
1378	4 
1379	52 
1380	1 
1381	11 
1382	93 
1383	4 
1384	60 
1385	74 
1386	74 
1387	41 
1388	12 
1389	23 
1390	37 
1391	15 
1392	36 
1393	74 
1394	60 
1395	55 
1396	6 
1397	29 
1398	88 
1399	37 
1400	98 
1401	23 
1402	26 
1403	91 
1404	56 
1405	66 
1406	30 
1407	13 
1408	89 
1409	29 
1410	87 
1411	55 
1412	10 
1413	66 
1414	74 
1415	96 
1416	50 
1417	89 
1418	85 
1419	41 
1420	42 
1421	66 
1422	46 
1423	4 
1424	80 
1425	91 
1426	77 
1427	59 
1428	17 
1429	9 
1430	95 
1431	76 
1432	4 
1433	74 
1434	47 
1435	74 
1436	18 
1437	26 
1438	33 
1439	10 
1440	93 
1441	98 
1442	48 
1443	99 
1444	27 
1445	6 
1446	39 
1447	23 
1448	17 
1449	49 
1450	63 
1451	28 
1452	91 
1453	30 
1454	62 
1455	48 
1456	18 
1457	24 
1458	33 
1459	83 
1460	78 
1461	68 
1462	33 
1463	72 
1464	23 
1465	23 
1466	18 
1467	49 
1468	39 
1469	57 
1470	48 
1471	37 
1472	56 
1473	84 
1474	64 
1475	52 
1476	18 
1477	92 
1478	14 
1479	3 
1480	15 
1481	80 
1482	31 
1483	91 
1484	11 
1485	61 
1486	18 
1487	10 
1488	98 
1489	55 
1490	44 
1491	66 
1492	9 
1493	63 
1494	59 
1495	100 
1496	60 
1497	101 
1498	4 
1499	7 
1500	97 
1501	41 
1502	93 
1503	4 
1504	74 
1505	77 
1506	27 
1507	6 
1508	63 
1509	86 
1510	34 
1511	84 
1512	77 
1513	22 
1514	16 
1515	64 
1516	70 
1517	93 
1518	101 
1519	24 
1520	36 
1521	10 
1522	63 
1523	79 
1524	61 
1525	99 
1526	13 
1527	11 
1528	11 
1529	4 
1530	26 
1531	69 
1532	29 
1533	80 
1534	33 
1535	68 
1536	92 
1537	84 
1538	87 
1539	77 
1540	80 
1541	12 
1542	50 
1543	84 
1544	11 
1545	46 
1546	27 
1547	39 
1548	13 
1549	23 
1550	60 
1551	61 
1552	69 
1553	20 
1554	86 
1555	83 
1556	69 
1557	63 
1558	36 
1559	56 
1560	1 
1561	25 
1562	75 
1563	91 
1564	27 
1565	65 
1566	101 
1567	39 
1568	16 
1569	12 
1570	80 
1571	4 
1572	45 
1573	2 
1574	11 
1575	72 
1576	15 
1577	42 
1578	83 
1579	96 
1580	24 
1581	13 
1582	45 
1583	7 
1584	95 
1585	63 
1586	26 
1587	96 
1588	13 
1589	11 
1590	5 
1591	63 
1592	71 
1593	15 
1594	63 
1595	6 
1596	88 
1597	17 
1598	18 
1599	47 
1600	98 
1601	6 
1602	64 
1603	93 
1604	77 
1605	32 
1606	74 
1607	7 
1608	97 
1609	57 
1610	6 
1611	12 
1612	52 
1613	18 
1614	93 
1615	11 
1616	93 
1617	7 
1618	76 
1619	1 
1620	8 
1621	81 
1622	73 
1623	78 
1624	71 
1625	59 
1626	74 
1627	3 
1628	64 
1629	13 
1630	18 
1631	5 
1632	10 
1633	92 
1634	84 
1635	64 
1636	42 
1637	37 
1638	51 
1639	22 
1640	97 
1641	61 
1642	99 
1643	83 
1644	50 
1645	87 
1646	28 
1647	38 
1648	20 
1649	6 
1650	93 
1651	13 
1652	100 
1653	30 
1654	11 
1655	73 
1656	27 
1657	97 
1658	98 
1659	84 
1660	91 
1661	30 
1662	87 
1663	92 
1664	91 
1665	63 
1666	53 
1667	30 
1668	12 
1669	30 
1670	90 
1671	33 
1672	27 
1673	63 
1674	93 
1675	75 
1676	79 
1677	76 
1678	77 
1679	48 
1680	36 
1681	54 
1682	14 
1683	29 
1684	39 
1685	92 
1686	1 
1687	99 
1688	72 
1689	41 
1690	48 
1691	49 
1692	24 
1693	9 
1694	91 
1695	1 
1696	33 
1697	6 
1698	12 
1699	22 
1700	87 
1701	18 
1702	23 
1703	25 
1704	33 
1705	12 
1706	27 
1707	37 
1708	33 
1709	76 
1710	23 
1711	2 
1712	68 
1713	10 
1714	93 
1715	29 
1716	14 
1717	48 
1718	45 
1719	100 
1720	4 
1721	38 
1722	12 
1723	99 
1724	84 
1725	76 
1726	79 
1727	1 
1728	18 
1729	76 
1730	5 
1731	73 
1732	67 
1733	93 
1734	60 
1735	66 
1736	64 
1737	27 
1738	16 
1739	55 
1740	23 
1741	16 
1742	97 
1743	36 
1744	90 
1745	87 
1746	61 
1747	34 
1748	68 
1749	21 
1750	63 
1751	26 
1752	60 
1753	45 
1754	98 
1755	93 
1756	58 
1757	23 
1758	7 
1759	17 
1760	89 
1761	66 
1762	11 
1763	91 
1764	14 
1765	15 
1766	88 
1767	33 
1768	9 
1769	43 
1770	87 
1771	74 
1772	7 
1773	93 
1774	98 
1775	7 
1776	88 
1777	56 
1778	64 
1779	68 
1780	24 
1781	40 
1782	62 
1783	97 
1784	47 
1785	66 
1786	94 
1787	74 
1788	97 
1789	8 
1790	91 
1791	71 
1792	94 
1793	79 
1794	36 
1795	95 
1796	20 
1797	51 
1798	56 
1799	30 
1800	37 
1801	87 
1802	59 
1803	99 
1804	17 
1805	69 
1806	84 
1807	75 
1808	41 
1809	2 
1810	48 
1811	29 
1812	1 
1813	98 
1814	33 
1815	87 
1816	19 
1817	42 
1818	72 
1819	13 
1820	13 
1821	7 
1822	17 
1823	98 
1824	96 
1825	66 
1826	53 
1827	17 
1828	43 
1829	15 
1830	27 
1831	83 
1832	17 
1833	64 
1834	22 
1835	50 
1836	10 
1837	27 
1838	42 
1839	81 
1840	85 
1841	10 
1842	6 
1843	87 
1844	93 
1845	99 
1846	15 
1847	96 
1848	40 
1849	92 
1850	88 
1851	85 
1852	66 
1853	17 
1854	5 
1855	1 
1856	10 
1857	19 
1858	16 
1859	101 
1860	15 
1861	80 
1862	99 
1863	27 
1864	66 
1865	77 
1866	87 
1867	26 
1868	69 
1869	17 
1870	39 
1871	87 
1872	27 
1873	10 
1874	23 
1875	91 
1876	29 
1877	28 
1878	15 
1879	76 
1880	98 
1881	60 
1882	41 
1883	94 
1884	39 
1885	64 
1886	24 
1887	49 
1888	66 
1889	65 
1890	38 
1891	71 
1892	76 
1893	34 
1894	99 
1895	33 
1896	63 
1897	19 
1898	94 
1899	14 
1900	60 
1901	77 
1902	18 
1903	28 
1904	75 
1905	50 
1906	2 
1907	48 
1908	6 
1909	60 
1910	33 
1911	4 
1912	73 
1913	96 
1914	61 
1915	93 
1916	30 
1917	80 
1918	50 
1919	24 
1920	17 
1921	28 
1922	80 
1923	88 
1924	6 
1925	77 
1926	8 
1927	10 
1928	70 
1929	63 
1930	63 
1931	74 
1932	48 
1933	38 
1934	36 
1935	67 
1936	89 
1937	67 
1938	70 
1939	63 
1940	96 
1941	99 
1942	56 
1943	1 
1944	18 
1945	88 
1946	63 
1947	59 
1948	58 
1949	73 
1950	73 
1951	93 
1952	23 
1953	27 
1954	49 
1955	25 
1956	56 
1957	25 
1958	32 
1959	3 
1960	56 
1961	51 
1962	40 
1963	49 
1964	98 
1965	24 
1966	22 
1967	32 
1968	48 
1969	87 
1970	40 
1971	14 
1972	5 
1973	14 
1974	50 
1975	4 
1976	14 
1977	96 
1978	99 
1979	98 
1980	74 
1981	98 
1982	97 
1983	23 
1984	67 
1985	10 
1986	5 
1987	61 
1988	69 
1989	17 
1990	94 
1991	90 
1992	19 
1993	25 
1994	28 
1995	16 
1996	41 
1997	14 
1998	99 
1999	74 
2000	38 
2001	68 
2002	99 
2003	10 
2004	77 
2005	21 
2006	74 
2007	14 
2008	56 
2009	93 
2010	52 
2011	87 
2012	29 
2013	11 
2014	55 
2015	69 
2016	2 
2017	54 
2018	89 
2019	66 
2020	49 
2021	91 
2022	36 
2023	14 
2024	88 
2025	11 
2026	50 
2027	96 
2028	76 
2029	32 
2030	78 
2031	71 
2032	60 
2033	69 
2034	51 
2035	53 
2036	50 
2037	67 
2038	29 
2039	40 
2040	13 
2041	34 
2042	93 
2043	94 
2044	86 
2045	79 
2046	31 
2047	57 
2048	75 
2049	17 
2050	32 
2051	91 
2052	96 
2053	72 
2054	49 
2055	57 
2056	8 
2057	53 
2058	50 
2059	32 
2060	25 
2061	73 
2062	74 
2063	91 
2064	87 
2065	48 
2066	11 
2067	61 
2068	63 
2069	9 
2070	83 
2071	18 
2072	86 
2073	99 
2074	93 
2075	25 
2076	87 
2077	17 
2078	89 
2079	91 
2080	47 
2081	87 
2082	32 
2083	57 
2084	89 
2085	91 
2086	28 
2087	69 
2088	59 
2089	99 
2090	33 
2091	36 
2092	45 
2093	24 
2094	46 
2095	27 
2096	3 
2097	13 
2098	91 
2099	78 
2100	66 
2101	69 
2102	23 
2103	34 
2104	31 
2105	99 
2106	28 
2107	4 
2108	82 
2109	67 
2110	13 
2111	70 
2112	71 
2113	61 
2114	88 
2115	42 
2116	73 
2117	44 
2118	21 
2119	39 
2120	93 
2121	41 
2122	54 
2123	11 
2124	71 
2125	41 
2126	91 
2127	71 
2128	90 
2129	3 
2130	25 
2131	10 
2132	20 
2133	6 
2134	28 
2135	10 
2136	59 
2137	17 
2138	29 
2139	76 
2140	56 
2141	71 
2142	83 
2143	94 
2144	84 
2145	87 
2146	7 
2147	70 
2148	15 
2149	71 
2150	35 
2151	51 
2152	26 
2153	32 
2154	79 
2155	95 
2156	55 
2157	33 
2158	23 
2159	1 
2160	74 
2161	37 
2162	37 
2163	46 
2164	70 
2165	51 
2166	33 
2167	24 
2168	48 
2169	99 
2170	86 
2171	31 
2172	9 
2173	3 
2174	48 
2175	46 
2176	45 
2177	56 
2178	60 
2179	42 
2180	8 
2181	53 
2182	40 
2183	74 
2184	3 
2185	91 
2186	65 
2187	71 
2188	21 
2189	20 
2190	81 
2191	63 
2192	54 
2193	14 
2194	34 
2195	45 
2196	71 
2197	2 
2198	25 
2199	53 
2200	6 
2201	28 
2202	97 
2203	98 
2204	50 
2205	51 
2206	56 
2207	75 
2208	17 
2209	2 
2210	98 
2211	74 
2212	81 
2213	82 
2214	49 
2215	91 
2216	1 
2217	77 
2218	36 
2219	83 
2220	93 
2221	43 
2222	4 
2223	69 
2224	86 
2225	91 
2226	68 
2227	85 
2228	38 
2229	88 
2230	78 
2231	38 
2232	61 
2233	61 
2234	17 
2235	29 
2236	64 
2237	80 
2238	34 
2239	24 
2240	62 
2241	62 
2242	25 
2243	90 
2244	11 
2245	11 
2246	51 
2247	30 
2248	48 
2249	31 
2250	1 
2251	87 
2252	38 
2253	97 
2254	82 
2255	59 
2256	98 
2257	4 
2258	80 
2259	72 
2260	74 
2261	21 
2262	86 
2263	82 
2264	6 
2265	98 
2266	88 
2267	87 
2268	77 
2269	15 
2270	85 
2271	50 
2272	96 
2273	88 
2274	25 
2275	86 
2276	38 
2277	23 
2278	81 
2279	80 
2280	64 
2281	3 
2282	95 
2283	54 
2284	64 
2285	99 
2286	80 
2287	86 
2288	98 
2289	88 
2290	18 
2291	5 
2292	84 
2293	5 
2294	22 
2295	48 
2296	59 
2297	14 
2298	91 
2299	91 
2300	89 
2301	16 
2302	10 
2303	49 
2304	5 
2305	74 
2306	63 
2307	60 
2308	8 
2309	91 
2310	26 
2311	23 
2312	26 
2313	35 
2314	83 
2315	60 
2316	16 
2317	98 
2318	89 
2319	98 
2320	13 
2321	95 
2322	71 
2323	15 
2324	76 
2325	6 
2326	82 
2327	68 
2328	37 
2329	93 
2330	19 
2331	27 
2332	5 
2333	35 
2334	26 
2335	94 
2336	50 
2337	15 
2338	33 
2339	32 
2340	72 
2341	55 
2342	15 
2343	12 
2344	30 
2345	9 
2346	34 
2347	26 
2348	10 
2349	81 
2350	97 
2351	81 
2352	72 
2353	56 
2354	73 
2355	71 
2356	14 
2357	60 
2358	24 
2359	89 
2360	69 
2361	37 
2362	59 
2363	91 
2364	69 
2365	34 
2366	33 
2367	63 
2368	89 
2369	21 
2370	89 
2371	12 
2372	61 
2373	52 
2374	92 
2375	90 
2376	67 
2377	18 
2378	19 
2379	32 
2380	68 
2381	15 
2382	79 
2383	99 
2384	59 
2385	49 
2386	94 
2387	39 
2388	5 
2389	83 
2390	84 
2391	93 
2392	62 
2393	85 
2394	44 
2395	73 
2396	30 
2397	98 
2398	46 
2399	26 
2400	59 
2401	20 
2402	50 
2403	30 
2404	77 
2405	15 
2406	57 
2407	8 
2408	87 
2409	31 
2410	75 
2411	94 
2412	2 
2413	69 
2414	75 
2415	24 
2416	33 
2417	35 
2418	4 
2419	32 
2420	100 
2421	64 
2422	48 
2423	48 
2424	89 
2425	4 
2426	92 
2427	81 
2428	98 
2429	27 
2430	20 
2431	44 
2432	39 
2433	83 
2434	97 
2435	63 
2436	16 
2437	50 
2438	42 
2439	26 
2440	23 
2441	15 
2442	48 
2443	47 
2444	98 
2445	51 
2446	61 
2447	50 
2448	60 
2449	32 
2450	72 
2451	39 
2452	15 
2453	84 
2454	15 
2455	31 
2456	98 
2457	44 
2458	91 
2459	48 
2460	73 
2461	94 
2462	2 
2463	90 
2464	31 
2465	76 
2466	13 
2467	76 
2468	87 
2469	17 
2470	3 
2471	25 
2472	50 
2473	68 
2474	73 
2475	1 
2476	79 
2477	93 
2478	23 
2479	18 
2480	66 
2481	27 
2482	99 
2483	88 
2484	54 
2485	63 
2486	54 
2487	64 
2488	15 
2489	57 
2490	98 
2491	7 
2492	101 
2493	72 
2494	97 
2495	40 
2496	40 
2497	100 
2498	94 
2499	86 
2500	63 
2501	82 
2502	62 
2503	92 
2504	50 
2505	69 
2506	42 
2507	93 
2508	66 
2509	80 
2510	28 
2511	91 
2512	63 
2513	10 
2514	72 
2515	74 
2516	42 
2517	98 
2518	27 
2519	15 
2520	69 
2521	64 
2522	33 
2523	12 
2524	7 
2525	90 
2526	39 
2527	29 
2528	91 
2529	13 
2530	89 
2531	93 
2532	26 
2533	99 
2534	63 
2535	59 
2536	92 
2537	63 
2538	17 
2539	72 
2540	44 
2541	98 
2542	30 
2543	69 
2544	71 
2545	100 
2546	25 
2547	66 
2548	44 
2549	33 
2550	60 
2551	87 
2552	98 
2553	13 
2554	7 
2555	7 
2556	86 
2557	60 
2558	73 
2559	89 
2560	38 
2561	101 
2562	65 
2563	63 
2564	61 
2565	96 
2566	15 
2567	35 
2568	88 
2569	13 
2570	49 
2571	75 
2572	18 
2573	49 
2574	82 
2575	93 
2576	21 
2577	86 
2578	94 
2579	52 
2580	81 
2581	6 
2582	55 
2583	11 
2584	72 
2585	14 
2586	93 
2587	11 
2588	50 
2589	39 
2590	83 
2591	41 
2592	70 
2593	17 
2594	37 
2595	88 
2596	86 
2597	71 
2598	18 
2599	48 
2600	8 
2601	74 
2602	61 
2603	2 
2604	52 
2605	97 
2606	70 
2607	71 
2608	67 
2609	89 
2610	21 
2611	69 
2612	26 
2613	87 
2614	13 
2615	85 
2616	84 
2617	98 
2618	60 
2619	35 
2620	91 
2621	1 
2622	2 
2623	23 
2624	8 
2625	20 
2626	1 
2627	35 
2628	52 
2629	97 
2630	49 
2631	63 
2632	98 
2633	26 
2634	64 
2635	4 
2636	50 
2637	43 
2638	24 
2639	37 
2640	15 
2641	87 
2642	80 
2643	18 
2644	32 
2645	32 
2646	87 
2647	48 
2648	91 
2649	17 
2650	48 
2651	94 
2652	71 
2653	93 
2654	50 
2655	80 
2656	33 
2657	30 
2658	22 
2659	18 
2660	15 
2661	82 
2662	13 
2663	67 
2664	84 
2665	84 
2666	93 
2667	64 
2668	72 
2669	64 
2670	39 
2671	30 
2672	50 
2673	76 
2674	10 
2675	27 
2676	37 
2677	36 
2678	45 
2679	39 
2680	84 
2681	23 
2682	71 
2683	98 
2684	89 
2685	52 
2686	80 
2687	3 
2688	73 
2689	92 
2690	38 
2691	91 
2692	5 
2693	42 
2694	14 
2695	56 
2696	4 
2697	98 
2698	89 
2699	38 
2700	6 
2701	101 
2702	30 
2703	89 
2704	49 
2705	60 
2706	17 
2707	26 
2708	22 
2709	48 
2710	18 
2711	50 
2712	11 
2713	29 
2714	69 
2715	83 
2716	97 
2717	77 
2718	1 
2719	80 
2720	49 
2721	17 
2722	91 
2723	99 
2724	42 
2725	70 
2726	81 
2727	87 
2728	48 
2729	64 
2730	33 
2731	7 
2732	88 
2733	11 
2734	84 
2735	3 
2736	85 
2737	64 
2738	39 
2739	97 
2740	18 
2741	1 
2742	93 
2743	11 
2744	66 
2745	56 
2746	1 
2747	63 
2748	91 
2749	44 
2750	45 
2751	91 
2752	40 
2753	54 
2754	90 
2755	55 
2756	80 
2757	96 
2758	33 
2759	24 
2760	61 
2761	77 
2762	83 
2763	67 
2764	75 
2765	23 
2766	39 
2767	63 
2768	65 
2769	65 
2770	50 
2771	37 
2772	13 
2773	17 
2774	83 
2775	57 
2776	15 
2777	82 
2778	98 
2779	56 
2780	49 
2781	80 
2782	5 
2783	81 
2784	17 
2785	60 
2786	38 
2787	91 
2788	91 
2789	72 
2790	96 
2791	61 
2792	12 
2793	18 
2794	93 
2795	29 
2796	29 
2797	71 
2798	87 
2799	81 
2800	5 
2801	65 
2802	51 
2803	37 
2804	84 
2805	78 
2806	18 
2807	95 
2808	71 
2809	71 
2810	12 
2811	78 
2812	38 
2813	101 
2814	35 
2815	30 
2816	96 
2817	49 
2818	32 
2819	16 
2820	77 
2821	5 
2822	40 
2823	73 
2824	40 
2825	99 
2826	15 
2827	52 
2828	85 
2829	33 
2830	23 
2831	73 
2832	26 
2833	40 
2834	17 
2835	61 
2836	63 
2837	16 
2838	11 
2839	92 
2840	26 
2841	49 
2842	98 
2843	69 
2844	2 
2845	93 
2846	16 
2847	59 
2848	27 
2849	35 
2850	69 
2851	24 
2852	65 
2853	95 
2854	18 
2855	51 
2856	18 
2857	39 
2858	15 
2859	98 
2860	35 
2861	31 
2862	87 
2863	72 
2864	56 
2865	95 
2866	87 
2867	86 
2868	48 
2869	4 
2870	36 
2871	11 
2872	97 
2873	86 
2874	27 
2875	97 
2876	11 
2877	74 
2878	56 
2879	11 
2880	87 
2881	76 
2882	91 
2883	28 
2884	37 
2885	85 
2886	55 
2887	25 
2888	71 
2889	94 
2890	63 
2891	86 
2892	83 
2893	10 
2894	37 
2895	60 
2896	63 
2897	50 
2898	14 
2899	21 
2900	33 
2901	87 
2902	90 
2903	4 
2904	93 
2905	97 
2906	42 
2907	90 
2908	93 
2909	23 
2910	15 
2911	93 
2912	99 
2913	86 
2914	91 
2915	41 
2916	10 
2917	30 
2918	5 
2919	23 
2920	53 
2921	19 
2922	67 
2923	89 
2924	59 
2925	8 
2926	76 
2927	7 
2928	72 
2929	69 
2930	92 
2931	26 
2932	93 
2933	15 
2934	51 
2935	38 
2936	42 
2937	101 
2938	84 
2939	76 
2940	12 
2941	42 
2942	94 
2943	76 
2944	84 
2945	6 
2946	93 
2947	74 
2948	49 
2949	74 
2950	56 
2951	65 
2952	89 
2953	82 
2954	7 
2955	37 
2956	19 
2957	48 
2958	27 
2959	53 
2960	71 
2961	87 
2962	7 
2963	38 
2964	59 
2965	63 
2966	42 
2967	32 
2968	50 
2969	82 
2970	62 
2971	82 
2972	42 
2973	83 
2974	101 
2975	101 
2976	26 
2977	23 
2978	61 
2979	40 
2980	69 
2981	42 
2982	49 
2983	84 
2984	21 
2985	37 
2986	18 
2987	62 
2988	84 
2989	24 
2990	22 
2991	30 
2992	74 
2993	26 
2994	11 
2995	25 
2996	11 
2997	45 
2998	28 
2999	53 
3000	100 
3001	75 
3002	85 
3003	27 
3004	45 
3005	98 
3006	53 
3007	15 
3008	27 
3009	19 
3010	27 
3011	36 
3012	90 
3013	57 
3014	66 
3015	72 
3016	22 
3017	48 
3018	83 
3019	14 
3020	23 
3021	22 
3022	74 
3023	82 
3024	59 
3025	92 
3026	15 
3027	63 
3028	59 
3029	35 
3030	93 
3031	39 
3032	30 
3033	99 
3034	27 
3035	98 
3036	71 
3037	56 
3038	8 
3039	4 
3040	91 
3041	53 
3042	58 
3043	97 
3044	67 
3045	5 
3046	42 
3047	83 
3048	76 
3049	84 
3050	36 
3051	33 
3052	69 
3053	36 
3054	42 
3055	70 
3056	92 
3057	7 
3058	87 
3059	28 
3060	50 
3061	87 
3062	6 
3063	54 
3064	59 
3065	63 
3066	32 
3067	53 
3068	4 
3069	18 
3070	77 
3071	29 
3072	26 
3073	37 
3074	32 
3075	49 
3076	52 
3077	80 
3078	64 
3079	60 
3080	50 
3081	81 
3082	1 
3083	65 
3084	27 
3085	5 
3086	35 
3087	53 
3088	30 
3089	40 
3090	12 
3091	73 
3092	39 
3093	1 
3094	73 
3095	82 
3096	39 
3097	63 
3098	53 
3099	11 
3100	18 
3101	10 
3102	72 
3103	30 
3104	14 
3105	4 
3106	26 
3107	67 
3108	91 
3109	98 
3110	23 
3111	98 
3112	100 
3113	18 
3114	75 
3115	85 
3116	81 
3117	23 
3118	82 
3119	41 
3120	47 
3121	93 
3122	68 
3123	64 
3124	82 
3125	96 
3126	4 
3127	48 
3128	59 
3129	98 
3130	79 
3131	77 
3132	42 
3133	33 
3134	72 
3135	39 
3136	62 
3137	87 
3138	37 
3139	11 
3140	17 
3141	24 
3142	17 
3143	61 
3144	95 
3145	101 
3146	87 
3147	97 
3148	78 
3149	33 
3150	90 
3151	10 
3152	52 
3153	68 
3154	10 
3155	39 
3156	88 
3157	23 
3158	83 
3159	41 
3160	84 
3161	53 
3162	50 
3163	69 
3164	26 
3165	14 
3166	97 
3167	38 
3168	50 
3169	91 
3170	25 
3171	39 
3172	71 
3173	17 
3174	55 
3175	39 
3176	83 
3177	89 
3178	100 
3179	1 
3180	87 
3181	53 
3182	11 
3183	66 
3184	45 
3185	37 
3186	46 
3187	68 
3188	80 
3189	60 
3190	23 
3191	96 
3192	71 
3193	42 
3194	50 
3195	42 
3196	54 
3197	53 
3198	93 
3199	23 
3200	98 
3201	69 
3202	3 
3203	88 
3204	10 
3205	12 
3206	65 
3207	86 
3208	83 
3209	93 
3210	42 
3211	63 
3212	17 
3213	28 
3214	38 
3215	6 
3216	17 
3217	26 
3218	48 
3219	97 
3220	6 
3221	11 
3222	81 
3223	11 
3224	30 
3225	4 
3226	94 
3227	42 
3228	84 
3229	98 
3230	99 
3231	5 
3232	59 
3233	99 
3234	83 
3235	10 
3236	29 
3237	56 
3238	97 
3239	86 
3240	38 
3241	42 
3242	37 
3243	30 
3244	27 
3245	48 
3246	42 
3247	64 
3248	99 
3249	49 
3250	2 
3251	52 
3252	41 
3253	20 
3254	31 
3255	8 
3256	93 
3257	27 
3258	34 
3259	100 
3260	17 
3261	97 
3262	65 
3263	94 
3264	60 
3265	22 
3266	56 
3267	11 
3268	64 
3269	61 
3270	77 
3271	2 
3272	74 
3273	48 
3274	37 
3275	2 
3276	96 
3277	26 
3278	55 
3279	80 
3280	51 
3281	52 
3282	89 
3283	53 
3284	93 
3285	7 
3286	14 
3287	82 
3288	17 
3289	95 
3290	52 
3291	58 
3292	10 
3293	62 
3294	73 
3295	46 
3296	50 
3297	52 
3298	46 
3299	24 
3300	71 
3301	71 
3302	30 
3303	33 
3304	91 
3305	40 
3306	96 
3307	82 
3308	54 
3309	69 
3310	76 
3311	15 
3312	49 
3313	84 
3314	92 
3315	27 
3316	36 
3317	48 
3318	11 
3319	78 
3320	24 
3321	18 
3322	53 
3323	50 
3324	86 
3325	4 
3326	15 
3327	1 
3328	23 
3329	98 
3330	56 
3331	71 
3332	32 
3333	71 
3334	50 
3335	61 
3336	15 
3337	63 
3338	26 
3339	24 
3340	98 
3341	77 
3342	15 
3343	94 
3344	22 
3345	18 
3346	80 
3347	60 
3348	74 
3349	59 
3350	88 
3351	88 
3352	66 
3353	78 
3354	94 
3355	3 
3356	71 
3357	17 
3358	64 
3359	99 
3360	52 
3361	55 
3362	76 
3363	10 
3364	15 
3365	86 
3366	32 
3367	14 
3368	74 
3369	33 
3370	77 
3371	37 
3372	31 
3373	21 
3374	25 
3375	85 
3376	69 
3377	40 
3378	37 
3379	94 
3380	15 
3381	80 
3382	70 
3383	63 
3384	84 
3385	91 
3386	36 
3387	25 
3388	66 
3389	74 
3390	82 
3391	26 
3392	11 
3393	59 
3394	56 
3395	17 
3396	65 
3397	38 
3398	28 
3399	5 
3400	5 
3401	88 
3402	23 
3403	50 
3404	91 
3405	24 
3406	57 
3407	24 
3408	80 
3409	59 
3410	55 
3411	100 
3412	67 
3413	93 
3414	38 
3415	66 
3416	40 
3417	20 
3418	56 
3419	37 
3420	33 
3421	64 
3422	8 
3423	43 
3424	86 
3425	38 
3426	23 
3427	73 
3428	18 
3429	72 
3430	94 
3431	18 
3432	98 
3433	4 
3434	63 
3435	79 
3436	52 
3437	51 
3438	74 
3439	2 
3440	1 
3441	15 
3442	82 
3443	10 
3444	21 
3445	101 
3446	97 
3447	89 
3448	16 
3449	91 
3450	27 
3451	93 
3452	28 
3453	94 
3454	59 
3455	42 
3456	50 
3457	54 
3458	99 
3459	11 
3460	19 
3461	95 
3462	18 
3463	8 
3464	20 
3465	18 
3466	80 
3467	96 
3468	52 
3469	66 
3470	26 
3471	57 
3472	69 
3473	66 
3474	7 
3475	87 
3476	23 
3477	78 
3478	73 
3479	26 
3480	91 
3481	19 
3482	65 
3483	93 
3484	88 
3485	56 
3486	63 
3487	42 
3488	7 
3489	39 
3490	82 
3491	97 
3492	72 
3493	39 
3494	83 
3495	6 
3496	87 
3497	96 
3498	92 
3499	68 
3500	67 
3501	25 
3502	50 
3503	64 
3504	101 
3505	58 
3506	98 
3507	4 
3508	66 
3509	14 
3510	63 
3511	44 
3512	3 
3513	64 
3514	97 
3515	2 
3516	14 
3517	27 
3518	63 
3519	75 
3520	26 
3521	70 
3522	11 
3523	26 
3524	56 
3525	3 
3526	35 
3527	12 
3528	39 
3529	54 
3530	97 
3531	6 
3532	11 
3533	67 
3534	13 
3535	93 
3536	71 
3537	96 
3538	93 
3539	74 
3540	20 
3541	28 
3542	70 
3543	25 
3544	38 
3545	33 
3546	27 
3547	15 
3548	31 
3549	27 
3550	27 
3551	11 
3552	92 
3553	7 
3554	84 
3555	69 
3556	64 
3557	15 
3558	76 
3559	33 
3560	61 
3561	23 
3562	93 
3563	87 
3564	2 
3565	15 
3566	86 
3567	15 
3568	23 
3569	39 
3570	9 
3571	2 
3572	31 
3573	47 
3574	54 
3575	61 
3576	23 
3577	83 
3578	63 
3579	87 
3580	22 
3581	86 
3582	20 
3583	38 
3584	77 
3585	59 
3586	73 
3587	22 
3588	97 
3589	11 
3590	3 
3591	49 
3592	33 
3593	56 
3594	25 
3595	66 
3596	7 
3597	96 
3598	58 
3599	97 
3600	24 
3601	33 
3602	30 
3603	93 
3604	78 
3605	19 
3606	32 
3607	72 
3608	71 
3609	92 
3610	66 
3611	53 
3612	44 
3613	30 
3614	98 
3615	80 
3616	93 
3617	58 
3618	61 
3619	26 
3620	78 
3621	94 
3622	8 
3623	30 
3624	20 
3625	8 
3626	37 
3627	84 
3628	6 
3629	27 
3630	43 
3631	29 
3632	98 
3633	85 
3634	33 
3635	58 
3636	77 
3637	53 
3638	5 
3639	55 
3640	15 
3641	83 
3642	87 
3643	62 
3644	77 
3645	44 
3646	10 
3647	64 
3648	54 
3649	47 
3650	36 
3651	69 
3652	7 
3653	11 
3654	66 
3655	72 
3656	15 
3657	37 
3658	4 
3659	81 
3660	80 
3661	82 
3662	56 
3663	73 
3664	97 
3665	74 
3666	80 
3667	99 
3668	61 
3669	63 
3670	94 
3671	66 
3672	61 
3673	81 
3674	93 
3675	37 
3676	63 
3677	93 
3678	11 
3679	86 
3680	77 
3681	99 
3682	12 
3683	79 
3684	15 
3685	62 
3686	23 
3687	82 
3688	62 
3689	47 
3690	30 
3691	22 
3692	38 
3693	17 
3694	4 
3695	56 
3696	64 
3697	31 
3698	69 
3699	83 
3700	96 
3701	7 
3702	91 
3703	94 
3704	6 
3705	71 
3706	64 
3707	82 
3708	55 
3709	55 
3710	84 
3711	29 
3712	17 
3713	89 
3714	27 
3715	64 
3716	74 
3717	86 
3718	74 
3719	44 
3720	7 
3721	11 
3722	86 
3723	7 
3724	29 
3725	5 
3726	53 
3727	14 
3728	74 
3729	21 
3730	54 
3731	100 
3732	93 
3733	85 
3734	77 
3735	26 
3736	76 
3737	71 
3738	48 
3739	99 
3740	34 
3741	97 
3742	39 
3743	42 
3744	5 
3745	56 
3746	17 
3747	42 
3748	61 
3749	87 
3750	2 
3751	98 
3752	51 
3753	76 
3754	23 
3755	49 
3756	4 
3757	14 
3758	14 
3759	32 
3760	23 
3761	80 
3762	27 
3763	52 
3764	83 
3765	28 
3766	10 
3767	7 
3768	74 
3769	10 
3770	1 
3771	9 
3772	29 
3773	64 
3774	29 
3775	30 
3776	41 
3777	54 
3778	58 
3779	80 
3780	3 
3781	1 
3782	87 
3783	63 
3784	23 
3785	4 
3786	10 
3787	60 
3788	25 
3789	75 
3790	68 
3791	53 
3792	61 
3793	17 
3794	24 
3795	14 
3796	17 
3797	60 
3798	58 
3799	80 
3800	97 
3801	84 
3802	22 
3803	47 
3804	82 
3805	95 
3806	1 
3807	18 
3808	10 
3809	44 
3810	90 
3811	12 
3812	33 
3813	59 
3814	50 
3815	9 
3816	24 
3817	39 
3818	91 
3819	50 
3820	29 
3821	48 
3822	62 
3823	83 
3824	23 
3825	99 
3826	61 
3827	8 
3828	22 
3829	44 
3830	64 
3831	61 
3832	64 
3833	37 
3834	73 
3835	77 
3836	94 
3837	51 
3838	97 
3839	20 
3840	91 
3841	13 
3842	74 
3843	68 
3844	28 
3845	37 
3846	91 
3847	25 
3848	8 
3849	48 
3850	42 
3851	100 
3852	28 
3853	71 
3854	39 
3855	100 
3856	101 
3857	74 
3858	79 
3859	97 
3860	19 
3861	7 
3862	2 
3863	99 
3864	23 
3865	39 
3866	92 
3867	21 
3868	38 
3869	34 
3870	94 
3871	82 
3872	17 
3873	71 
3874	85 
3875	64 
3876	99 
3877	98 
3878	11 
3879	79 
3880	72 
3881	29 
3882	69 
3883	74 
3884	62 
3885	35 
3886	7 
3887	1 
3888	24 
3889	76 
3890	86 
3891	15 
3892	22 
3893	26 
3894	82 
3895	11 
3896	28 
3897	86 
3898	97 
3899	63 
3900	15 
3901	30 
3902	76 
3903	80 
3904	38 
3905	98 
3906	100 
3907	4 
3908	38 
3909	69 
3910	34 
3911	52 
3912	55 
3913	74 
3914	25 
3915	39 
3916	56 
3917	39 
3918	35 
3919	83 
3920	6 
3921	73 
3922	49 
3923	28 
3924	55 
3925	69 
3926	67 
3927	59 
3928	52 
3929	13 
3930	41 
3931	87 
3932	34 
3933	48 
3934	46 
3935	1 
3936	28 
3937	63 
3938	6 
3939	89 
3940	7 
3941	8 
3942	99 
3943	33 
3944	23 
3945	97 
3946	42 
3947	23 
3948	7 
3949	4 
3950	87 
3951	94 
3952	63 
3953	96 
3954	82 
3955	44 
3956	27 
3957	48 
3958	28 
3959	74 
3960	54 
3961	66 
3962	38 
3963	36 
3964	30 
3965	44 
3966	1 
3967	91 
3968	60 
3969	66 
3970	17 
3971	91 
3972	6 
3973	69 
3974	4 
3975	38 
3976	90 
3977	53 
3978	22 
3979	5 
3980	43 
3981	64 
3982	66 
3983	98 
3984	65 
3985	6 
3986	14 
3987	20 
3988	47 
3989	50 
3990	29 
3991	16 
3992	94 
3993	61 
3994	11 
3995	11 
3996	37 
3997	7 
3998	80 
3999	48 
4000	77 
4001	32 
4002	73 
4003	1 
4004	4 
4005	23 
4006	98 
4007	10 
4008	52 
4009	19 
4010	11 
4011	66 
4012	68 
4013	26 
4014	6 
4015	89 
4016	61 
4017	38 
4018	4 
4019	27 
4020	59 
4021	23 
4022	94 
4023	69 
4024	52 
4025	71 
4026	99 
4027	96 
4028	84 
4029	23 
4030	38 
4031	83 
4032	96 
4033	14 
4034	20 
4035	69 
4036	12 
4037	49 
4038	42 
4039	74 
4040	91 
4041	97 
4042	33 
4043	83 
4044	95 
4045	63 
4046	75 
4047	96 
4048	52 
4049	63 
4050	91 
4051	15 
4052	98 
4053	27 
4054	17 
4055	37 
4056	96 
4057	87 
4058	75 
4059	12 
4060	63 
4061	64 
4062	66 
4063	10 
4064	84 
4065	47 
4066	18 
4067	18 
4068	67 
4069	70 
4070	100 
4071	98 
4072	4 
4073	17 
4074	101 
4075	54 
4076	30 
4077	53 
4078	39 
4079	30 
4080	13 
4081	76 
4082	27 
4083	89 
4084	98 
4085	7 
4086	24 
4087	5 
4088	57 
4089	17 
4090	7 
4091	54 
4092	1 
4093	94 
4094	3 
4095	93 
4096	93 
4097	25 
4098	23 
4099	34 
4100	30 
4101	52 
4102	92 
4103	2 
4104	97 
4105	49 
4106	72 
4107	4 
4108	55 
4109	39 
4110	1 
4111	56 
4112	87 
4113	30 
4114	6 
4115	94 
4116	2 
4117	12 
4118	30 
4119	89 
4120	41 
4121	19 
4122	12 
4123	38 
4124	30 
4125	85 
4126	30 
4127	74 
4128	80 
4129	63 
4130	17 
4131	54 
4132	89 
4133	52 
4134	78 
4135	60 
4136	90 
4137	5 
4138	48 
4139	47 
4140	48 
4141	61 
4142	22 
4143	48 
4144	56 
4145	26 
4146	4 
4147	93 
4148	35 
4149	18 
4150	36 
4151	60 
4152	41 
4153	36 
4154	91 
4155	25 
4156	23 
4157	35 
4158	89 
4159	6 
4160	26 
4161	50 
4162	90 
4163	58 
4164	61 
4165	52 
4166	99 
4167	81 
4168	98 
4169	17 
4170	72 
4171	46 
4172	38 
4173	46 
4174	66 
4175	45 
4176	75 
4177	25 
4178	32 
4179	10 
4180	72 
4181	18 
4182	93 
4183	1 
4184	11 
4185	39 
4186	93 
4187	25 
4188	93 
4189	74 
4190	11 
4191	64 
4192	89 
4193	40 
4194	6 
4195	69 
4196	8 
4197	4 
4198	5 
4199	83 
4200	90 
4201	42 
4202	42 
4203	18 
4204	6 
4205	61 
4206	9 
4207	69 
4208	34 
4209	28 
4210	57 
4211	61 
4212	56 
4213	45 
4214	62 
4215	8 
4216	50 
4217	100 
4218	22 
4219	33 
4220	84 
4221	63 
4222	48 
4223	37 
4224	49 
4225	23 
4226	40 
4227	91 
4228	59 
4229	99 
4230	96 
4231	33 
4232	18 
4233	17 
4234	53 
4235	56 
4236	75 
4237	45 
4238	56 
4239	101 
4240	4 
4241	21 
4242	3 
4243	50 
4244	30 
4245	23 
4246	91 
4247	93 
4248	91 
4249	71 
4250	9 
4251	41 
4252	38 
4253	52 
4254	17 
4255	59 
4256	11 
4257	86 
4258	76 
4259	7 
4260	7 
4261	5 
4262	23 
4263	69 
4264	76 
4265	33 
4266	57 
4267	97 
4268	63 
4269	93 
4270	41 
4271	74 
4272	44 
4273	52 
4274	42 
4275	52 
4276	80 
4277	7 
4278	36 
4279	80 
4280	74 
4281	15 
4282	80 
4283	98 
4284	91 
4285	101 
4286	68 
4287	69 
4288	86 
4289	64 
4290	38 
4291	37 
4292	98 
4293	54 
4294	22 
4295	93 
4296	38 
4297	7 
4298	54 
4299	49 
4300	29 
4301	83 
4302	66 
4303	48 
4304	28 
4305	55 
4306	14 
4307	59 
4308	38 
4309	24 
4310	10 
4311	26 
4312	12 
4313	61 
4314	94 
4315	1 
4316	23 
4317	10 
4318	24 
4319	63 
4320	75 
4321	93 
4322	81 
4323	18 
4324	30 
4325	11 
4326	27 
4327	76 
4328	85 
4329	11 
4330	85 
4331	17 
4332	48 
4333	10 
4334	49 
4335	6 
4336	27 
4337	101 
4338	88 
4339	68 
4340	98 
4341	26 
4342	77 
4343	61 
4344	50 
4345	56 
4346	44 
4347	62 
4348	29 
4349	50 
4350	27 
4351	14 
4352	21 
4353	78 
4354	53 
4355	43 
4356	80 
4357	65 
4358	81 
4359	91 
4360	63 
4361	38 
4362	22 
4363	23 
4364	96 
4365	74 
4366	86 
4367	39 
4368	26 
4369	95 
4370	3 
4371	36 
4372	99 
4373	53 
4374	60 
4375	61 
4376	91 
4377	71 
4378	83 
4379	85 
4380	14 
4381	71 
4382	78 
4383	50 
4384	42 
4385	27 
4386	6 
4387	98 
4388	87 
4389	45 
4390	24 
4391	92 
4392	80 
4393	25 
4394	1 
4395	45 
4396	81 
4397	29 
4398	1 
4399	51 
4400	33 
4401	1 
4402	4 
4403	70 
4404	35 
4405	87 
4406	31 
4407	19 
4408	38 
4409	15 
4410	49 
4411	31 
4412	91 
4413	22 
4414	70 
4415	55 
4416	96 
4417	58 
4418	19 
4419	46 
4420	28 
4421	39 
4422	39 
4423	53 
4424	83 
4425	67 
4426	71 
4427	71 
4428	9 
4429	59 
4430	1 
4431	97 
4432	53 
4433	9 
4434	71 
4435	98 
4436	30 
4437	33 
4438	73 
4439	61 
4440	90 
4441	86 
4442	100 
4443	33 
4444	56 
4445	53 
4446	73 
4447	44 
4448	64 
4449	33 
4450	54 
4451	87 
4452	13 
4453	18 
4454	30 
4455	33 
4456	101 
4457	1 
4458	101 
4459	51 
4460	67 
4461	21 
4462	56 
4463	51 
4464	14 
4465	12 
4466	47 
4467	49 
4468	94 
4469	70 
4470	8 
4471	31 
4472	61 
4473	17 
4474	15 
4475	4 
4476	26 
4477	42 
4478	72 
4479	6 
4480	1 
4481	23 
4482	66 
4483	66 
4484	56 
4485	49 
4486	93 
4487	83 
4488	9 
4489	40 
4490	85 
4491	67 
4492	99 
4493	97 
4494	1 
4495	23 
4496	91 
4497	86 
4498	11 
4499	52 
4500	73 
4501	25 
4502	28 
4503	53 
4504	25 
4505	4 
4506	78 
4507	76 
4508	12 
4509	19 
4510	66 
4511	74 
4512	5 
4513	30 
4514	23 
4515	14 
4516	83 
4517	1 
4518	29 
4519	42 
4520	48 
4521	71 
4522	48 
4523	25 
4524	84 
4525	91 
4526	83 
4527	89 
4528	56 
4529	20 
4530	76 
4531	82 
4532	93 
4533	23 
4534	81 
4535	92 
4536	24 
4537	15 
4538	30 
4539	97 
4540	29 
4541	38 
4542	72 
4543	73 
4544	101 
4545	78 
4546	71 
4547	32 
4548	75 
4549	69 
4550	34 
4551	81 
4552	3 
4553	6 
4554	11 
4555	53 
4556	4 
4557	6 
4558	32 
4559	14 
4560	26 
4561	83 
4562	38 
4563	91 
4564	96 
4565	74 
4566	71 
4567	99 
4568	4 
4569	27 
4570	15 
4571	30 
4572	39 
4573	39 
4574	63 
4575	53 
4576	91 
4577	41 
4578	61 
4579	76 
4580	42 
4581	93 
4582	41 
4583	101 
4584	18 
4585	10 
4586	4 
4587	41 
4588	56 
4589	23 
4590	18 
4591	98 
4592	84 
4593	64 
4594	48 
4595	63 
4596	14 
4597	48 
4598	83 
4599	31 
4600	38 
4601	89 
4602	37 
4603	12 
4604	94 
4605	13 
4606	27 
4607	17 
4608	91 
4609	30 
4610	49 
4611	27 
4612	4 
4613	90 
4614	18 
4615	64 
4616	61 
4617	25 
4618	15 
4619	29 
4620	17 
4621	1 
4622	14 
4623	38 
4624	89 
4625	8 
4626	97 
4627	17 
4628	37 
4629	94 
4630	75 
4631	75 
4632	59 
4633	1 
4634	31 
4635	10 
4636	87 
4637	1 
4638	42 
4639	93 
4640	88 
4641	27 
4642	18 
4643	8 
4644	11 
4645	54 
4646	30 
4647	28 
4648	14 
4649	66 
4650	2 
4651	89 
4652	30 
4653	96 
4654	89 
4655	2 
4656	91 
4657	69 
4658	97 
4659	83 
4660	18 
4661	77 
4662	11 
4663	38 
4664	13 
4665	1 
4666	56 
4667	97 
4668	48 
4669	30 
4670	96 
4671	11 
4672	86 
4673	99 
4674	60 
4675	70 
4676	93 
4677	63 
4678	4 
4679	13 
4680	36 
4681	82 
4682	66 
4683	99 
4684	63 
4685	3 
4686	50 
4687	87 
4688	18 
4689	33 
4690	97 
4691	27 
4692	91 
4693	27 
4694	22 
4695	1 
4696	39 
4697	27 
4698	75 
4699	91 
4700	2 
4701	59 
4702	7 
4703	71 
4704	8 
4705	8 
4706	56 
4707	99 
4708	54 
4709	1 
4710	74 
4711	11 
4712	2 
4713	15 
4714	49 
4715	31 
4716	98 
4717	86 
4718	15 
4719	101 
4720	42 
4721	70 
4722	83 
4723	94 
4724	93 
4725	91 
4726	10 
4727	30 
4728	72 
4729	50 
4730	26 
4731	93 
4732	11 
4733	77 
4734	33 
4735	71 
4736	83 
4737	6 
4738	89 
4739	98 
4740	55 
4741	38 
4742	38 
4743	71 
4744	97 
4745	82 
4746	30 
4747	63 
4748	24 
4749	39 
4750	89 
4751	33 
4752	96 
4753	4 
4754	55 
4755	83 
4756	15 
4757	22 
4758	61 
4759	83 
4760	61 
4761	32 
4762	71 
4763	7 
4764	7 
4765	61 
4766	60 
4767	33 
4768	53 
4769	32 
4770	84 
4771	50 
4772	24 
4773	91 
4774	24 
4775	52 
4776	93 
4777	63 
4778	72 
4779	53 
4780	61 
4781	84 
4782	55 
4783	73 
4784	13 
4785	63 
4786	3 
4787	3 
4788	18 
4789	30 
4790	22 
4791	61 
4792	94 
4793	1 
4794	33 
4795	99 
4796	97 
4797	63 
4798	41 
4799	82 
4800	15 
4801	73 
4802	22 
4803	10 
4804	64 
4805	89 
4806	23 
4807	48 
4808	69 
4809	61 
4810	91 
4811	72 
4812	42 
4813	32 
4814	98 
4815	2 
4816	101 
4817	99 
4818	91 
4819	48 
4820	1 
4821	63 
4822	15 
4823	52 
4824	17 
4825	101 
4826	89 
4827	98 
4828	84 
4829	96 
4830	61 
4831	83 
4832	48 
4833	17 
4834	23 
4835	63 
4836	1 
4837	1 
4838	24 
4839	38 
4840	50 
4841	37 
4842	64 
4843	50 
4844	48 
4845	22 
4846	61 
4847	49 
4848	101 
4849	1 
4850	37 
4851	97 
4852	97 
4853	26 
4854	30 
4855	61 
4856	80 
4857	52 
4858	82 
4859	63 
4860	5 
4861	48 
4862	64 
4863	30 
4864	24 
4865	25 
4866	11 
4867	82 
4868	96 
4869	77 
4870	1 
4871	42 
4872	59 
4873	42 
4874	1 
4875	76 
4876	30 
4877	61 
4878	17 
4879	25 
4880	18 
4881	49 
4882	1 
4883	61 
4884	50 
4885	74 
4886	23 
4887	22 
4888	80 
4889	5 
4890	98 
4891	50 
4892	56 
4893	63 
4894	59 
4895	76 
4896	29 
4897	48 
4898	24 
4899	87 
4900	48 
4901	6 
4902	76 
4903	101 
4904	30 
4905	32 
4906	23 
4907	24 
4908	11 
4909	17 
4910	5 
4911	1 
4912	30 
4913	66 
4914	14 
4915	38 
4916	14 
4917	94 
4918	94 
4919	4 
4920	52 
4921	52 
4922	39 
4923	91 
4924	52 
4925	17 
4926	4 
4927	42 
4928	98 
4929	29 
4930	7 
4931	96 
4932	69 
4933	50 
4934	15 
4935	61 
4936	96 
4937	73 
4938	37 
4939	74 
4940	38 
4941	80 
4942	69 
4943	87 
4944	61 
4945	69 
4946	27 
4947	53 
4948	26 
4949	50 
4950	24 
4951	64 
4952	91 
4953	26 
4954	71 
4955	48 
4956	91 
4957	30 
4958	37 
4959	66 
4960	30 
4961	96 
4962	94 
4963	23 
4964	73 
4965	91 
4966	74 
4967	63 
4968	1 
4969	74 
4970	17 
4971	87 
4972	97 
4973	71 
4974	15 
4975	39 
4976	10 
4977	76 
4978	69 
4979	76 
4980	64 
4981	98 
4982	52 
4983	33 
4984	69 
4985	93 
4986	4 
4987	15 
4988	17 
4989	24 
4990	83 
4991	80 
4992	24 
4993	10 
4994	64 
4995	66 
4996	14 
4997	98 
4998	18 
4999	74 
5000	91 
