1	5 
2	49 
3	100 
4	66 
5	71 
6	66 
7	68 
8	12 
9	59 
10	63 
11	34 
12	84 
13	54 
14	9 
15	22 
16	41 
17	23 
18	68 
19	25 
20	80 
21	78 
22	99 
23	33 
24	68 
25	74 
26	75 
27	67 
28	38 
29	80 
30	42 
31	20 
32	6 
33	40 
34	82 
35	14 
36	40 
37	56 
38	22 
39	23 
40	68 
41	58 
42	56 
43	54 
44	55 
45	61 
46	37 
47	9 
48	26 
49	60 
50	37 
51	98 
52	57 
53	12 
54	99 
55	76 
56	83 
57	59 
58	11 
59	19 
60	30 
61	73 
62	90 
63	13 
64	54 
65	72 
66	6 
67	28 
68	44 
69	38 
70	56 
71	60 
72	57 
73	68 
74	60 
75	52 
76	41 
77	52 
78	7 
79	61 
80	42 
81	72 
82	21 
83	55 
84	76 
85	84 
86	59 
87	72 
88	58 
89	74 
90	8 
91	74 
92	87 
93	84 
94	80 
95	11 
96	78 
97	4 
98	77 
99	45 
100	19 
101	58 
102	1 
103	34 
104	9 
105	80 
106	4 
107	37 
108	72 
109	28 
110	41 
111	7 
112	50 
113	25 
114	63 
115	1 
116	63 
117	49 
118	32 
119	30 
120	76 
121	50 
122	22 
123	63 
124	71 
125	62 
126	54 
127	8 
128	36 
129	53 
130	25 
131	99 
132	77 
133	54 
134	9 
135	96 
136	16 
137	78 
138	71 
139	44 
140	42 
141	1 
142	40 
143	75 
144	14 
145	61 
146	6 
147	18 
148	90 
149	75 
150	16 
151	4 
152	47 
153	64 
154	64 
155	26 
156	47 
157	89 
158	66 
159	56 
160	12 
161	18 
162	82 
163	9 
164	31 
165	57 
166	1 
167	50 
168	88 
169	46 
170	63 
171	51 
172	10 
173	15 
174	40 
175	23 
176	36 
177	97 
178	96 
179	64 
180	96 
181	22 
182	85 
183	37 
184	40 
185	48 
186	65 
187	4 
188	75 
189	91 
190	53 
191	58 
192	63 
193	34 
194	49 
195	23 
196	60 
197	101 
198	101 
199	60 
200	97 
201	84 
202	86 
203	71 
204	54 
205	26 
206	31 
207	27 
208	4 
209	49 
210	90 
211	94 
212	3 
213	9 
214	29 
215	60 
216	36 
217	66 
218	23 
219	93 
220	56 
221	77 
222	67 
223	78 
224	57 
225	38 
226	99 
227	48 
228	61 
229	15 
230	40 
231	85 
232	73 
233	33 
234	30 
235	57 
236	85 
237	34 
238	68 
239	67 
240	5 
241	85 
242	42 
243	28 
244	16 
245	37 
246	39 
247	61 
248	11 
249	17 
250	10 
251	9 
252	54 
253	50 
254	28 
255	16 
256	65 
257	25 
258	93 
259	72 
260	8 
261	51 
262	13 
263	6 
264	29 
265	99 
266	6 
267	62 
268	98 
269	13 
270	22 
271	38 
272	10 
273	21 
274	10 
275	90 
276	68 
277	44 
278	37 
279	58 
280	47 
281	33 
282	73 
283	34 
284	87 
285	30 
286	61 
287	64 
288	68 
289	11 
290	50 
291	30 
292	56 
293	46 
294	49 
295	47 
296	43 
297	78 
298	9 
299	81 
300	64 
301	28 
302	12 
303	17 
304	33 
305	5 
306	80 
307	32 
308	34 
309	62 
310	89 
311	28 
312	25 
313	87 
314	12 
315	50 
316	17 
317	36 
318	1 
319	95 
320	56 
321	32 
322	72 
323	54 
324	68 
325	73 
326	57 
327	60 
328	92 
329	4 
330	66 
331	19 
332	78 
333	40 
334	78 
335	10 
336	40 
337	2 
338	9 
339	100 
340	47 
341	54 
342	68 
343	76 
344	25 
345	97 
346	34 
347	70 
348	33 
349	47 
350	5 
351	93 
352	85 
353	68 
354	3 
355	50 
356	66 
357	85 
358	45 
359	49 
360	38 
361	9 
362	23 
363	71 
364	47 
365	6 
366	61 
367	98 
368	48 
369	29 
370	44 
371	63 
372	16 
373	4 
374	85 
375	66 
376	77 
377	33 
378	24 
379	30 
380	73 
381	68 
382	13 
383	75 
384	74 
385	23 
386	101 
387	16 
388	93 
389	66 
390	26 
391	47 
392	81 
393	93 
394	21 
395	56 
396	61 
397	10 
398	94 
399	2 
400	64 
401	82 
402	11 
403	90 
404	101 
405	68 
406	63 
407	25 
408	99 
409	14 
410	99 
411	98 
412	70 
413	95 
414	34 
415	51 
416	60 
417	9 
418	75 
419	10 
420	4 
421	19 
422	64 
423	33 
424	71 
425	37 
426	91 
427	56 
428	49 
429	50 
430	73 
431	6 
432	72 
433	42 
434	84 
435	99 
436	27 
437	86 
438	49 
439	65 
440	69 
441	64 
442	60 
443	68 
444	78 
445	71 
446	85 
447	101 
448	50 
449	25 
450	82 
451	80 
452	27 
453	27 
454	23 
455	41 
456	45 
457	84 
458	15 
459	26 
460	6 
461	62 
462	99 
463	16 
464	28 
465	4 
466	28 
467	54 
468	14 
469	99 
470	9 
471	29 
472	56 
473	76 
474	17 
475	68 
476	27 
477	28 
478	57 
479	99 
480	39 
481	61 
482	42 
483	70 
484	42 
485	23 
486	68 
487	76 
488	62 
489	16 
490	47 
491	54 
492	95 
493	68 
494	81 
495	71 
496	68 
497	34 
498	91 
499	62 
500	10 
501	28 
502	5 
503	89 
504	54 
505	60 
506	4 
507	59 
508	9 
509	56 
510	16 
511	39 
512	83 
513	93 
514	97 
515	6 
516	81 
517	57 
518	25 
519	56 
520	53 
521	68 
522	84 
523	16 
524	4 
525	6 
526	78 
527	3 
528	86 
529	89 
530	93 
531	72 
532	16 
533	49 
534	22 
535	72 
536	5 
537	85 
538	46 
539	73 
540	93 
541	80 
542	55 
543	68 
544	43 
545	14 
546	37 
547	63 
548	49 
549	8 
550	92 
551	93 
552	66 
553	25 
554	95 
555	23 
556	45 
557	48 
558	17 
559	41 
560	76 
561	49 
562	68 
563	91 
564	10 
565	37 
566	11 
567	67 
568	80 
569	25 
570	29 
571	68 
572	93 
573	73 
574	36 
575	97 
576	63 
577	77 
578	85 
579	33 
580	30 
581	4 
582	61 
583	56 
584	68 
585	83 
586	2 
587	60 
588	20 
589	44 
590	10 
591	54 
592	18 
593	10 
594	34 
595	47 
596	68 
597	84 
598	63 
599	85 
600	19 
601	63 
602	9 
603	68 
604	40 
605	10 
606	100 
607	63 
608	72 
609	69 
610	62 
611	98 
612	60 
613	73 
614	22 
615	89 
616	31 
617	25 
618	25 
619	30 
620	100 
621	100 
622	87 
623	80 
624	99 
625	47 
626	62 
627	89 
628	57 
629	31 
630	57 
631	98 
632	79 
633	80 
634	61 
635	82 
636	101 
637	70 
638	12 
639	5 
640	73 
641	42 
642	72 
643	28 
644	98 
645	86 
646	9 
647	20 
648	65 
649	49 
650	30 
651	47 
652	46 
653	99 
654	32 
655	93 
656	10 
657	31 
658	99 
659	63 
660	93 
661	36 
662	50 
663	52 
664	2 
665	59 
666	8 
667	98 
668	81 
669	44 
670	66 
671	95 
672	46 
673	58 
674	8 
675	75 
676	17 
677	64 
678	18 
679	86 
680	97 
681	7 
682	43 
683	64 
684	67 
685	12 
686	60 
687	35 
688	28 
689	15 
690	83 
691	48 
692	68 
693	67 
694	73 
695	33 
696	75 
697	97 
698	1 
699	74 
700	47 
701	44 
702	76 
703	38 
704	3 
705	39 
706	73 
707	33 
708	57 
709	48 
710	62 
711	13 
712	95 
713	69 
714	17 
715	2 
716	26 
717	12 
718	72 
719	52 
720	24 
721	68 
722	30 
723	70 
724	67 
725	50 
726	34 
727	33 
728	57 
729	91 
730	85 
731	23 
732	28 
733	84 
734	70 
735	29 
736	60 
737	54 
738	56 
739	99 
740	85 
741	11 
742	96 
743	60 
744	39 
745	59 
746	86 
747	71 
748	60 
749	81 
750	99 
751	97 
752	34 
753	57 
754	78 
755	35 
756	20 
757	89 
758	1 
759	24 
760	14 
761	32 
762	29 
763	85 
764	72 
765	61 
766	28 
767	85 
768	63 
769	86 
770	30 
771	20 
772	28 
773	29 
774	50 
775	36 
776	83 
777	101 
778	61 
779	61 
780	22 
781	33 
782	29 
783	9 
784	57 
785	2 
786	101 
787	86 
788	35 
789	79 
790	39 
791	99 
792	72 
793	51 
794	69 
795	46 
796	24 
797	78 
798	62 
799	5 
800	17 
801	86 
802	77 
803	71 
804	64 
805	60 
806	87 
807	100 
808	100 
809	68 
810	53 
811	90 
812	4 
813	28 
814	47 
815	44 
816	86 
817	22 
818	41 
819	83 
820	34 
821	61 
822	25 
823	68 
824	51 
825	34 
826	73 
827	80 
828	88 
829	77 
830	33 
831	33 
832	79 
833	10 
834	9 
835	38 
836	41 
837	100 
838	44 
839	33 
840	81 
841	13 
842	10 
843	80 
844	99 
845	52 
846	2 
847	54 
848	58 
849	6 
850	5 
851	60 
852	69 
853	60 
854	67 
855	68 
856	93 
857	86 
858	20 
859	24 
860	99 
861	44 
862	73 
863	27 
864	55 
865	82 
866	57 
867	97 
868	36 
869	68 
870	80 
871	1 
872	101 
873	59 
874	99 
875	93 
876	44 
877	94 
878	63 
879	82 
880	39 
881	5 
882	74 
883	2 
884	6 
885	14 
886	99 
887	66 
888	63 
889	94 
890	13 
891	47 
892	71 
893	57 
894	60 
895	96 
896	99 
897	88 
898	86 
899	99 
900	100 
901	30 
902	49 
903	37 
904	8 
905	53 
906	9 
907	57 
908	95 
909	37 
910	71 
911	95 
912	41 
913	84 
914	30 
915	34 
916	75 
917	9 
918	63 
919	71 
920	33 
921	99 
922	101 
923	91 
924	93 
925	68 
926	63 
927	16 
928	23 
929	14 
930	24 
931	36 
932	45 
933	53 
934	92 
935	10 
936	90 
937	11 
938	44 
939	78 
940	12 
941	1 
942	29 
943	42 
944	79 
945	34 
946	80 
947	86 
948	28 
949	75 
950	91 
951	49 
952	84 
953	94 
954	6 
955	17 
956	50 
957	68 
958	85 
959	53 
960	63 
961	95 
962	91 
963	89 
964	58 
965	34 
966	4 
967	30 
968	84 
969	78 
970	10 
971	21 
972	18 
973	22 
974	79 
975	39 
976	32 
977	6 
978	19 
979	22 
980	81 
981	25 
982	9 
983	40 
984	25 
985	57 
986	18 
987	47 
988	78 
989	48 
990	1 
991	33 
992	101 
993	42 
994	11 
995	66 
996	16 
997	31 
998	25 
999	30 
1000	46 
1001	93 
1002	101 
1003	3 
1004	83 
1005	9 
1006	80 
1007	12 
1008	84 
1009	46 
1010	75 
1011	80 
1012	14 
1013	52 
1014	10 
1015	50 
1016	6 
1017	33 
1018	68 
1019	34 
1020	25 
1021	23 
1022	80 
1023	84 
1024	30 
1025	92 
1026	12 
1027	8 
1028	48 
1029	91 
1030	16 
1031	9 
1032	49 
1033	82 
1034	75 
1035	50 
1036	98 
1037	75 
1038	17 
1039	37 
1040	99 
1041	73 
1042	40 
1043	41 
1044	80 
1045	80 
1046	97 
1047	60 
1048	6 
1049	21 
1050	28 
1051	38 
1052	19 
1053	75 
1054	85 
1055	1 
1056	94 
1057	67 
1058	73 
1059	23 
1060	83 
1061	68 
1062	10 
1063	76 
1064	3 
1065	12 
1066	23 
1067	45 
1068	76 
1069	12 
1070	90 
1071	13 
1072	30 
1073	47 
1074	98 
1075	84 
1076	63 
1077	73 
1078	85 
1079	33 
1080	82 
1081	4 
1082	71 
1083	54 
1084	65 
1085	23 
1086	49 
1087	54 
1088	2 
1089	89 
1090	33 
1091	67 
1092	83 
1093	7 
1094	19 
1095	87 
1096	70 
1097	29 
1098	29 
1099	99 
1100	2 
1101	84 
1102	78 
1103	98 
1104	32 
1105	78 
1106	7 
1107	11 
1108	71 
1109	55 
1110	50 
1111	33 
1112	28 
1113	60 
1114	66 
1115	93 
1116	47 
1117	69 
1118	59 
1119	37 
1120	76 
1121	89 
1122	33 
1123	19 
1124	11 
1125	37 
1126	80 
1127	28 
1128	83 
1129	64 
1130	29 
1131	49 
1132	47 
1133	77 
1134	10 
1135	37 
1136	57 
1137	39 
1138	75 
1139	71 
1140	60 
1141	6 
1142	34 
1143	9 
1144	49 
1145	64 
1146	100 
1147	4 
1148	98 
1149	4 
1150	27 
1151	67 
1152	49 
1153	31 
1154	98 
1155	34 
1156	93 
1157	26 
1158	18 
1159	90 
1160	34 
1161	64 
1162	79 
1163	82 
1164	97 
1165	57 
1166	33 
1167	6 
1168	36 
1169	97 
1170	66 
1171	34 
1172	55 
1173	37 
1174	40 
1175	54 
1176	65 
1177	74 
1178	43 
1179	82 
1180	31 
1181	53 
1182	16 
1183	53 
1184	53 
1185	77 
1186	42 
1187	3 
1188	5 
1189	34 
1190	73 
1191	6 
1192	18 
1193	72 
1194	80 
1195	24 
1196	72 
1197	92 
1198	23 
1199	34 
1200	50 
1201	52 
1202	54 
1203	96 
1204	70 
1205	5 
1206	80 
1207	25 
1208	64 
1209	54 
1210	93 
1211	86 
1212	68 
1213	6 
1214	66 
1215	71 
1216	88 
1217	30 
1218	55 
1219	99 
1220	29 
1221	15 
1222	92 
1223	96 
1224	41 
1225	9 
1226	6 
1227	75 
1228	16 
1229	63 
1230	67 
1231	87 
1232	76 
1233	84 
1234	90 
1235	76 
1236	25 
1237	84 
1238	89 
1239	86 
1240	66 
1241	28 
1242	99 
1243	55 
1244	90 
1245	52 
1246	57 
1247	46 
1248	84 
1249	31 
1250	53 
1251	27 
1252	63 
1253	54 
1254	101 
1255	99 
1256	71 
1257	63 
1258	63 
1259	57 
1260	6 
1261	73 
1262	4 
1263	97 
1264	98 
1265	53 
1266	2 
1267	30 
1268	82 
1269	99 
1270	78 
1271	1 
1272	36 
1273	57 
1274	63 
1275	93 
1276	73 
1277	42 
1278	11 
1279	61 
1280	85 
1281	95 
1282	9 
1283	32 
1284	55 
1285	78 
1286	35 
1287	9 
1288	88 
1289	35 
1290	80 
1291	16 
1292	64 
1293	3 
1294	5 
1295	84 
1296	35 
1297	11 
1298	50 
1299	96 
1300	13 
1301	36 
1302	31 
1303	93 
1304	89 
1305	11 
1306	44 
1307	100 
1308	54 
1309	80 
1310	69 
1311	92 
1312	60 
1313	61 
1314	7 
1315	71 
1316	5 
1317	12 
1318	34 
1319	9 
1320	83 
1321	6 
1322	66 
1323	75 
1324	31 
1325	25 
1326	11 
1327	3 
1328	50 
1329	4 
1330	11 
1331	55 
1332	47 
1333	44 
1334	34 
1335	63 
1336	59 
1337	89 
1338	76 
1339	54 
1340	11 
1341	54 
1342	25 
1343	92 
1344	9 
1345	28 
1346	81 
1347	80 
1348	30 
1349	99 
1350	52 
1351	63 
1352	25 
1353	48 
1354	15 
1355	48 
1356	63 
1357	19 
1358	92 
1359	9 
1360	29 
1361	79 
1362	55 
1363	93 
1364	59 
1365	25 
1366	37 
1367	10 
1368	2 
1369	67 
1370	93 
1371	37 
1372	91 
1373	9 
1374	57 
1375	9 
1376	90 
1377	85 
1378	55 
1379	38 
1380	50 
1381	42 
1382	95 
1383	13 
1384	56 
1385	14 
1386	49 
1387	4 
1388	39 
1389	73 
1390	95 
1391	62 
1392	37 
1393	86 
1394	89 
1395	47 
1396	9 
1397	50 
1398	48 
1399	57 
1400	78 
1401	23 
1402	56 
1403	6 
1404	33 
1405	20 
1406	59 
1407	73 
1408	54 
1409	27 
1410	82 
1411	23 
1412	101 
1413	87 
1414	29 
1415	23 
1416	9 
1417	79 
1418	88 
1419	66 
1420	56 
1421	34 
1422	1 
1423	3 
1424	50 
1425	68 
1426	73 
1427	86 
1428	36 
1429	58 
1430	12 
1431	2 
1432	61 
1433	8 
1434	64 
1435	68 
1436	35 
1437	95 
1438	44 
1439	10 
1440	92 
1441	63 
1442	91 
1443	11 
1444	86 
1445	73 
1446	80 
1447	57 
1448	70 
1449	50 
1450	5 
1451	97 
1452	11 
1453	5 
1454	67 
1455	34 
1456	25 
1457	7 
1458	31 
1459	60 
1460	54 
1461	69 
1462	22 
1463	71 
1464	37 
1465	78 
1466	82 
1467	80 
1468	93 
1469	56 
1470	89 
1471	5 
1472	60 
1473	41 
1474	53 
1475	71 
1476	80 
1477	37 
1478	5 
1479	19 
1480	11 
1481	39 
1482	25 
1483	63 
1484	42 
1485	65 
1486	82 
1487	61 
1488	86 
1489	80 
1490	73 
1491	25 
1492	2 
1493	99 
1494	37 
1495	33 
1496	45 
1497	16 
1498	76 
1499	4 
1500	47 
1501	9 
1502	5 
1503	50 
1504	47 
1505	40 
1506	83 
1507	5 
1508	92 
1509	66 
1510	80 
1511	81 
1512	49 
1513	53 
1514	23 
1515	9 
1516	41 
1517	68 
1518	76 
1519	92 
1520	91 
1521	85 
1522	62 
1523	60 
1524	50 
1525	29 
1526	34 
1527	7 
1528	77 
1529	83 
1530	12 
1531	98 
1532	70 
1533	80 
1534	54 
1535	37 
1536	36 
1537	39 
1538	100 
1539	5 
1540	56 
1541	35 
1542	37 
1543	90 
1544	55 
1545	76 
1546	5 
1547	84 
1548	74 
1549	56 
1550	66 
1551	48 
1552	49 
1553	33 
1554	1 
1555	76 
1556	10 
1557	33 
1558	81 
1559	38 
1560	93 
1561	77 
1562	95 
1563	86 
1564	62 
1565	52 
1566	5 
1567	67 
1568	28 
1569	77 
1570	95 
1571	29 
1572	75 
1573	32 
1574	98 
1575	3 
1576	15 
1577	12 
1578	44 
1579	63 
1580	56 
1581	64 
1582	58 
1583	48 
1584	68 
1585	38 
1586	97 
1587	26 
1588	50 
1589	87 
1590	34 
1591	89 
1592	34 
1593	2 
1594	88 
1595	49 
1596	10 
1597	6 
1598	77 
1599	82 
1600	54 
1601	32 
1602	86 
1603	24 
1604	56 
1605	23 
1606	78 
1607	11 
1608	34 
1609	86 
1610	8 
1611	78 
1612	56 
1613	22 
1614	57 
1615	4 
1616	54 
1617	61 
1618	23 
1619	85 
1620	93 
1621	10 
1622	72 
1623	80 
1624	22 
1625	44 
1626	80 
1627	68 
1628	36 
1629	101 
1630	36 
1631	92 
1632	75 
1633	23 
1634	98 
1635	28 
1636	6 
1637	76 
1638	3 
1639	68 
1640	50 
1641	60 
1642	95 
1643	10 
1644	72 
1645	34 
1646	63 
1647	62 
1648	73 
1649	4 
1650	30 
1651	35 
1652	20 
1653	20 
1654	31 
1655	29 
1656	82 
1657	15 
1658	49 
1659	35 
1660	95 
1661	11 
1662	75 
1663	42 
1664	14 
1665	53 
1666	93 
1667	2 
1668	41 
1669	73 
1670	100 
1671	46 
1672	98 
1673	36 
1674	39 
1675	67 
1676	63 
1677	91 
1678	92 
1679	5 
1680	37 
1681	4 
1682	99 
1683	12 
1684	16 
1685	92 
1686	61 
1687	90 
1688	73 
1689	99 
1690	82 
1691	84 
1692	15 
1693	94 
1694	92 
1695	67 
1696	19 
1697	22 
1698	1 
1699	25 
1700	29 
1701	84 
1702	82 
1703	27 
1704	85 
1705	57 
1706	6 
1707	101 
1708	82 
1709	36 
1710	19 
1711	82 
1712	37 
1713	1 
1714	56 
1715	27 
1716	44 
1717	21 
1718	101 
1719	11 
1720	59 
1721	1 
1722	100 
1723	73 
1724	98 
1725	34 
1726	99 
1727	47 
1728	91 
1729	24 
1730	3 
1731	14 
1732	88 
1733	32 
1734	11 
1735	65 
1736	92 
1737	44 
1738	23 
1739	68 
1740	9 
1741	34 
1742	70 
1743	15 
1744	2 
1745	101 
1746	58 
1747	34 
1748	100 
1749	46 
1750	80 
1751	75 
1752	9 
1753	29 
1754	1 
1755	14 
1756	82 
1757	53 
1758	32 
1759	39 
1760	101 
1761	44 
1762	92 
1763	60 
1764	29 
1765	7 
1766	76 
1767	9 
1768	90 
1769	53 
1770	55 
1771	85 
1772	44 
1773	18 
1774	56 
1775	89 
1776	67 
1777	11 
1778	59 
1779	23 
1780	63 
1781	61 
1782	28 
1783	10 
1784	66 
1785	96 
1786	44 
1787	93 
1788	83 
1789	21 
1790	93 
1791	95 
1792	49 
1793	37 
1794	75 
1795	26 
1796	16 
1797	54 
1798	57 
1799	20 
1800	5 
1801	12 
1802	92 
1803	21 
1804	10 
1805	41 
1806	92 
1807	6 
1808	5 
1809	26 
1810	73 
1811	50 
1812	22 
1813	101 
1814	8 
1815	34 
1816	14 
1817	93 
1818	76 
1819	100 
1820	97 
1821	52 
1822	57 
1823	6 
1824	32 
1825	54 
1826	13 
1827	69 
1828	66 
1829	86 
1830	12 
1831	22 
1832	50 
1833	54 
1834	24 
1835	101 
1836	11 
1837	80 
1838	15 
1839	99 
1840	71 
1841	93 
1842	73 
1843	71 
1844	100 
1845	47 
1846	78 
1847	6 
1848	86 
1849	36 
1850	28 
1851	62 
1852	58 
1853	43 
1854	80 
1855	86 
1856	40 
1857	92 
1858	78 
1859	80 
1860	22 
1861	14 
1862	81 
1863	29 
1864	63 
1865	27 
1866	25 
1867	98 
1868	39 
1869	22 
1870	74 
1871	82 
1872	9 
1873	61 
1874	25 
1875	52 
1876	7 
1877	93 
1878	89 
1879	44 
1880	55 
1881	5 
1882	51 
1883	63 
1884	14 
1885	15 
1886	44 
1887	4 
1888	4 
1889	31 
1890	71 
1891	78 
1892	93 
1893	72 
1894	38 
1895	78 
1896	53 
1897	57 
1898	43 
1899	100 
1900	17 
1901	91 
1902	75 
1903	78 
1904	18 
1905	80 
1906	14 
1907	49 
1908	17 
1909	26 
1910	54 
1911	75 
1912	95 
1913	76 
1914	5 
1915	6 
1916	18 
1917	1 
1918	85 
1919	66 
1920	38 
1921	57 
1922	58 
1923	31 
1924	77 
1925	57 
1926	89 
1927	50 
1928	37 
1929	41 
1930	10 
1931	101 
1932	10 
1933	61 
1934	42 
1935	94 
1936	45 
1937	61 
1938	5 
1939	71 
1940	74 
1941	21 
1942	71 
1943	48 
1944	79 
1945	98 
1946	44 
1947	73 
1948	74 
1949	94 
1950	37 
1951	50 
1952	98 
1953	31 
1954	19 
1955	55 
1956	50 
1957	57 
1958	33 
1959	5 
1960	1 
1961	44 
1962	10 
1963	48 
1964	6 
1965	90 
1966	9 
1967	59 
1968	73 
1969	19 
1970	78 
1971	57 
1972	37 
1973	31 
1974	25 
1975	86 
1976	8 
1977	9 
1978	60 
1979	93 
1980	79 
1981	30 
1982	22 
1983	51 
1984	64 
1985	91 
1986	20 
1987	63 
1988	32 
1989	14 
1990	49 
1991	79 
1992	82 
1993	56 
1994	25 
1995	63 
1996	76 
1997	61 
1998	93 
1999	16 
2000	15 
2001	18 
2002	10 
2003	37 
2004	11 
2005	53 
2006	50 
2007	97 
2008	34 
2009	76 
2010	29 
2011	95 
2012	98 
2013	29 
2014	72 
2015	45 
2016	3 
2017	7 
2018	50 
2019	64 
2020	65 
2021	57 
2022	93 
2023	87 
2024	57 
2025	98 
2026	4 
2027	89 
2028	3 
2029	99 
2030	3 
2031	93 
2032	83 
2033	70 
2034	96 
2035	57 
2036	5 
2037	23 
2038	29 
2039	29 
2040	10 
2041	94 
2042	49 
2043	91 
2044	68 
2045	82 
2046	30 
2047	44 
2048	43 
2049	83 
2050	83 
2051	25 
2052	42 
2053	39 
2054	5 
2055	80 
2056	53 
2057	68 
2058	20 
2059	5 
2060	4 
2061	11 
2062	94 
2063	29 
2064	48 
2065	56 
2066	39 
2067	86 
2068	93 
2069	44 
2070	67 
2071	19 
2072	80 
2073	97 
2074	72 
2075	44 
2076	29 
2077	61 
2078	88 
2079	10 
2080	73 
2081	85 
2082	46 
2083	39 
2084	56 
2085	21 
2086	68 
2087	73 
2088	73 
2089	96 
2090	3 
2091	74 
2092	78 
2093	41 
2094	60 
2095	28 
2096	54 
2097	75 
2098	5 
2099	4 
2100	37 
2101	76 
2102	51 
2103	57 
2104	80 
2105	61 
2106	69 
2107	2 
2108	42 
2109	60 
2110	73 
2111	1 
2112	63 
2113	30 
2114	99 
2115	75 
2116	99 
2117	68 
2118	12 
2119	54 
2120	1 
2121	61 
2122	1 
2123	65 
2124	68 
2125	63 
2126	66 
2127	25 
2128	97 
2129	54 
2130	79 
2131	37 
2132	94 
2133	101 
2134	10 
2135	48 
2136	74 
2137	7 
2138	76 
2139	66 
2140	84 
2141	86 
2142	73 
2143	89 
2144	21 
2145	25 
2146	50 
2147	2 
2148	24 
2149	5 
2150	23 
2151	10 
2152	73 
2153	68 
2154	57 
2155	56 
2156	75 
2157	91 
2158	80 
2159	71 
2160	68 
2161	99 
2162	36 
2163	22 
2164	55 
2165	30 
2166	63 
2167	90 
2168	96 
2169	19 
2170	46 
2171	37 
2172	53 
2173	14 
2174	26 
2175	85 
2176	4 
2177	54 
2178	99 
2179	99 
2180	86 
2181	69 
2182	1 
2183	1 
2184	89 
2185	52 
2186	25 
2187	2 
2188	50 
2189	95 
2190	10 
2191	29 
2192	89 
2193	5 
2194	51 
2195	55 
2196	98 
2197	6 
2198	11 
2199	53 
2200	92 
2201	53 
2202	11 
2203	30 
2204	18 
2205	28 
2206	45 
2207	4 
2208	82 
2209	76 
2210	29 
2211	47 
2212	27 
2213	17 
2214	68 
2215	19 
2216	57 
2217	23 
2218	33 
2219	75 
2220	53 
2221	59 
2222	19 
2223	44 
2224	30 
2225	28 
2226	1 
2227	10 
2228	60 
2229	98 
2230	97 
2231	27 
2232	101 
2233	63 
2234	68 
2235	80 
2236	24 
2237	22 
2238	52 
2239	80 
2240	56 
2241	23 
2242	6 
2243	35 
2244	19 
2245	56 
2246	19 
2247	68 
2248	82 
2249	97 
2250	39 
2251	4 
2252	80 
2253	47 
2254	60 
2255	89 
2256	26 
2257	94 
2258	30 
2259	73 
2260	57 
2261	29 
2262	75 
2263	41 
2264	10 
2265	24 
2266	98 
2267	101 
2268	17 
2269	33 
2270	15 
2271	77 
2272	57 
2273	98 
2274	82 
2275	79 
2276	81 
2277	36 
2278	57 
2279	74 
2280	93 
2281	41 
2282	49 
2283	80 
2284	35 
2285	55 
2286	57 
2287	73 
2288	25 
2289	97 
2290	4 
2291	47 
2292	1 
2293	32 
2294	99 
2295	59 
2296	80 
2297	18 
2298	49 
2299	51 
2300	73 
2301	63 
2302	55 
2303	10 
2304	6 
2305	9 
2306	22 
2307	99 
2308	14 
2309	53 
2310	58 
2311	73 
2312	43 
2313	85 
2314	61 
2315	96 
2316	99 
2317	82 
2318	39 
2319	76 
2320	2 
2321	39 
2322	76 
2323	67 
2324	8 
2325	95 
2326	9 
2327	24 
2328	27 
2329	12 
2330	54 
2331	80 
2332	99 
2333	73 
2334	60 
2335	48 
2336	56 
2337	54 
2338	86 
2339	4 
2340	68 
2341	50 
2342	90 
2343	4 
2344	89 
2345	52 
2346	9 
2347	62 
2348	53 
2349	40 
2350	101 
2351	91 
2352	73 
2353	86 
2354	66 
2355	22 
2356	49 
2357	16 
2358	28 
2359	52 
2360	53 
2361	55 
2362	61 
2363	13 
2364	22 
2365	54 
2366	55 
2367	97 
2368	63 
2369	97 
2370	78 
2371	85 
2372	76 
2373	31 
2374	10 
2375	59 
2376	27 
2377	28 
2378	76 
2379	94 
2380	34 
2381	23 
2382	92 
2383	97 
2384	28 
2385	83 
2386	9 
2387	92 
2388	80 
2389	66 
2390	10 
2391	59 
2392	37 
2393	61 
2394	25 
2395	14 
2396	72 
2397	23 
2398	86 
2399	8 
2400	85 
2401	68 
2402	50 
2403	12 
2404	60 
2405	6 
2406	98 
2407	65 
2408	53 
2409	58 
2410	7 
2411	71 
2412	101 
2413	92 
2414	73 
2415	91 
2416	84 
2417	9 
2418	85 
2419	34 
2420	12 
2421	98 
2422	55 
2423	71 
2424	54 
2425	48 
2426	5 
2427	29 
2428	33 
2429	89 
2430	60 
2431	63 
2432	68 
2433	77 
2434	17 
2435	64 
2436	49 
2437	6 
2438	13 
2439	82 
2440	80 
2441	11 
2442	33 
2443	71 
2444	36 
2445	87 
2446	94 
2447	12 
2448	98 
2449	50 
2450	56 
2451	6 
2452	56 
2453	89 
2454	23 
2455	52 
2456	25 
2457	4 
2458	71 
2459	9 
2460	80 
2461	66 
2462	64 
2463	61 
2464	84 
2465	38 
2466	32 
2467	67 
2468	42 
2469	60 
2470	25 
2471	47 
2472	11 
2473	50 
2474	67 
2475	70 
2476	97 
2477	76 
2478	67 
2479	28 
2480	29 
2481	10 
2482	25 
2483	73 
2484	35 
2485	34 
2486	23 
2487	75 
2488	73 
2489	14 
2490	2 
2491	48 
2492	97 
2493	19 
2494	76 
2495	1 
2496	43 
2497	55 
2498	5 
2499	74 
2500	34 
2501	68 
2502	101 
2503	8 
2504	12 
2505	57 
2506	6 
2507	9 
2508	28 
2509	73 
2510	59 
2511	93 
2512	94 
2513	3 
2514	89 
2515	66 
2516	84 
2517	57 
2518	48 
2519	12 
2520	85 
2521	7 
2522	26 
2523	30 
2524	21 
2525	100 
2526	7 
2527	22 
2528	64 
2529	49 
2530	55 
2531	13 
2532	86 
2533	75 
2534	84 
2535	78 
2536	53 
2537	86 
2538	11 
2539	31 
2540	62 
2541	71 
2542	23 
2543	25 
2544	9 
2545	75 
2546	44 
2547	14 
2548	6 
2549	60 
2550	39 
2551	51 
2552	39 
2553	63 
2554	54 
2555	30 
2556	64 
2557	29 
2558	8 
2559	34 
2560	93 
2561	73 
2562	13 
2563	73 
2564	38 
2565	34 
2566	54 
2567	95 
2568	78 
2569	61 
2570	11 
2571	87 
2572	50 
2573	33 
2574	61 
2575	98 
2576	54 
2577	33 
2578	46 
2579	29 
2580	22 
2581	99 
2582	47 
2583	37 
2584	4 
2585	68 
2586	55 
2587	28 
2588	91 
2589	93 
2590	87 
2591	12 
2592	74 
2593	86 
2594	59 
2595	99 
2596	95 
2597	74 
2598	4 
2599	86 
2600	1 
2601	99 
2602	19 
2603	92 
2604	68 
2605	86 
2606	58 
2607	99 
2608	56 
2609	54 
2610	58 
2611	57 
2612	6 
2613	57 
2614	64 
2615	11 
2616	34 
2617	19 
2618	47 
2619	28 
2620	48 
2621	63 
2622	21 
2623	24 
2624	94 
2625	74 
2626	93 
2627	98 
2628	69 
2629	71 
2630	20 
2631	50 
2632	49 
2633	77 
2634	25 
2635	12 
2636	59 
2637	62 
2638	3 
2639	80 
2640	18 
2641	28 
2642	37 
2643	3 
2644	18 
2645	53 
2646	75 
2647	101 
2648	38 
2649	44 
2650	12 
2651	43 
2652	73 
2653	46 
2654	23 
2655	101 
2656	19 
2657	63 
2658	71 
2659	86 
2660	100 
2661	45 
2662	16 
2663	57 
2664	5 
2665	71 
2666	4 
2667	2 
2668	14 
2669	69 
2670	82 
2671	10 
2672	61 
2673	100 
2674	7 
2675	5 
2676	54 
2677	51 
2678	64 
2679	4 
2680	36 
2681	49 
2682	54 
2683	12 
2684	69 
2685	43 
2686	9 
2687	57 
2688	32 
2689	68 
2690	38 
2691	52 
2692	50 
2693	25 
2694	53 
2695	4 
2696	10 
2697	49 
2698	60 
2699	3 
2700	21 
2701	99 
2702	26 
2703	98 
2704	27 
2705	98 
2706	60 
2707	82 
2708	58 
2709	52 
2710	33 
2711	60 
2712	29 
2713	24 
2714	18 
2715	66 
2716	100 
2717	9 
2718	98 
2719	96 
2720	70 
2721	61 
2722	36 
2723	93 
2724	22 
2725	9 
2726	59 
2727	41 
2728	82 
2729	24 
2730	98 
2731	5 
2732	59 
2733	83 
2734	37 
2735	90 
2736	5 
2737	56 
2738	47 
2739	71 
2740	87 
2741	36 
2742	82 
2743	25 
2744	46 
2745	68 
2746	5 
2747	55 
2748	79 
2749	5 
2750	71 
2751	98 
2752	7 
2753	9 
2754	2 
2755	100 
2756	50 
2757	40 
2758	87 
2759	9 
2760	68 
2761	4 
2762	101 
2763	13 
2764	68 
2765	70 
2766	10 
2767	48 
2768	93 
2769	99 
2770	98 
2771	92 
2772	75 
2773	80 
2774	37 
2775	56 
2776	72 
2777	3 
2778	79 
2779	95 
2780	98 
2781	57 
2782	75 
2783	28 
2784	55 
2785	23 
2786	87 
2787	46 
2788	89 
2789	66 
2790	93 
2791	63 
2792	33 
2793	63 
2794	12 
2795	23 
2796	5 
2797	29 
2798	28 
2799	71 
2800	95 
2801	9 
2802	18 
2803	92 
2804	1 
2805	52 
2806	67 
2807	73 
2808	89 
2809	78 
2810	69 
2811	52 
2812	60 
2813	23 
2814	39 
2815	22 
2816	33 
2817	48 
2818	61 
2819	95 
2820	4 
2821	67 
2822	10 
2823	72 
2824	9 
2825	14 
2826	101 
2827	63 
2828	89 
2829	83 
2830	38 
2831	60 
2832	96 
2833	86 
2834	1 
2835	54 
2836	11 
2837	25 
2838	36 
2839	74 
2840	67 
2841	55 
2842	1 
2843	80 
2844	64 
2845	87 
2846	99 
2847	69 
2848	39 
2849	50 
2850	56 
2851	29 
2852	98 
2853	59 
2854	74 
2855	25 
2856	30 
2857	60 
2858	54 
2859	92 
2860	1 
2861	73 
2862	14 
2863	84 
2864	95 
2865	86 
2866	37 
2867	80 
2868	31 
2869	86 
2870	72 
2871	33 
2872	3 
2873	31 
2874	80 
2875	3 
2876	68 
2877	101 
2878	58 
2879	61 
2880	45 
2881	80 
2882	9 
2883	80 
2884	28 
2885	10 
2886	81 
2887	11 
2888	73 
2889	99 
2890	61 
2891	37 
2892	15 
2893	71 
2894	83 
2895	68 
2896	26 
2897	67 
2898	83 
2899	100 
2900	71 
2901	75 
2902	19 
2903	51 
2904	44 
2905	68 
2906	58 
2907	70 
2908	50 
2909	73 
2910	96 
2911	10 
2912	91 
2913	92 
2914	72 
2915	1 
2916	1 
2917	1 
2918	63 
2919	40 
2920	34 
2921	58 
2922	94 
2923	33 
2924	59 
2925	10 
2926	75 
2927	13 
2928	66 
2929	40 
2930	84 
2931	11 
2932	50 
2933	43 
2934	25 
2935	98 
2936	80 
2937	50 
2938	16 
2939	34 
2940	1 
2941	41 
2942	32 
2943	59 
2944	47 
2945	31 
2946	28 
2947	100 
2948	32 
2949	60 
2950	94 
2951	9 
2952	49 
2953	101 
2954	9 
2955	52 
2956	7 
2957	83 
2958	67 
2959	95 
2960	34 
2961	8 
2962	42 
2963	46 
2964	100 
2965	62 
2966	82 
2967	66 
2968	68 
2969	49 
2970	13 
2971	63 
2972	53 
2973	14 
2974	79 
2975	31 
2976	65 
2977	94 
2978	23 
2979	80 
2980	29 
2981	7 
2982	84 
2983	20 
2984	5 
2985	89 
2986	97 
2987	29 
2988	80 
2989	71 
2990	46 
2991	54 
2992	73 
2993	5 
2994	69 
2995	67 
2996	71 
2997	45 
2998	100 
2999	101 
3000	69 
3001	99 
3002	34 
3003	5 
3004	73 
3005	19 
3006	71 
3007	29 
3008	50 
3009	94 
3010	12 
3011	47 
3012	48 
3013	85 
3014	65 
3015	28 
3016	25 
3017	87 
3018	24 
3019	61 
3020	68 
3021	10 
3022	97 
3023	100 
3024	47 
3025	59 
3026	55 
3027	37 
3028	33 
3029	73 
3030	73 
3031	82 
3032	75 
3033	3 
3034	14 
3035	77 
3036	48 
3037	94 
3038	93 
3039	8 
3040	55 
3041	63 
3042	57 
3043	16 
3044	68 
3045	45 
3046	80 
3047	99 
3048	57 
3049	1 
3050	88 
3051	6 
3052	9 
3053	101 
3054	47 
3055	12 
3056	34 
3057	20 
3058	18 
3059	97 
3060	13 
3061	17 
3062	80 
3063	72 
3064	34 
3065	93 
3066	74 
3067	6 
3068	53 
3069	60 
3070	47 
3071	94 
3072	66 
3073	62 
3074	5 
3075	16 
3076	35 
3077	1 
3078	10 
3079	64 
3080	18 
3081	38 
3082	52 
3083	54 
3084	52 
3085	12 
3086	97 
3087	64 
3088	62 
3089	88 
3090	63 
3091	82 
3092	96 
3093	92 
3094	9 
3095	27 
3096	96 
3097	76 
3098	12 
3099	73 
3100	14 
3101	30 
3102	19 
3103	80 
3104	53 
3105	71 
3106	46 
3107	61 
3108	34 
3109	37 
3110	87 
3111	33 
3112	12 
3113	18 
3114	89 
3115	79 
3116	6 
3117	98 
3118	25 
3119	80 
3120	59 
3121	11 
3122	99 
3123	29 
3124	9 
3125	33 
3126	99 
3127	86 
3128	53 
3129	69 
3130	98 
3131	6 
3132	39 
3133	82 
3134	14 
3135	83 
3136	93 
3137	74 
3138	61 
3139	86 
3140	58 
3141	38 
3142	92 
3143	59 
3144	10 
3145	34 
3146	33 
3147	47 
3148	58 
3149	70 
3150	35 
3151	82 
3152	38 
3153	34 
3154	6 
3155	55 
3156	13 
3157	66 
3158	23 
3159	61 
3160	63 
3161	18 
3162	56 
3163	33 
3164	60 
3165	20 
3166	63 
3167	63 
3168	66 
3169	12 
3170	9 
3171	33 
3172	64 
3173	46 
3174	63 
3175	80 
3176	20 
3177	30 
3178	28 
3179	36 
3180	25 
3181	99 
3182	66 
3183	53 
3184	96 
3185	93 
3186	71 
3187	90 
3188	77 
3189	70 
3190	73 
3191	20 
3192	93 
3193	9 
3194	27 
3195	69 
3196	98 
3197	49 
3198	55 
3199	90 
3200	41 
3201	43 
3202	50 
3203	50 
3204	29 
3205	69 
3206	29 
3207	84 
3208	76 
3209	78 
3210	64 
3211	89 
3212	49 
3213	101 
3214	37 
3215	74 
3216	97 
3217	34 
3218	46 
3219	50 
3220	16 
3221	84 
3222	65 
3223	37 
3224	76 
3225	8 
3226	26 
3227	50 
3228	61 
3229	63 
3230	20 
3231	37 
3232	50 
3233	42 
3234	65 
3235	78 
3236	74 
3237	85 
3238	95 
3239	99 
3240	6 
3241	14 
3242	30 
3243	7 
3244	68 
3245	73 
3246	94 
3247	99 
3248	4 
3249	74 
3250	57 
3251	62 
3252	61 
3253	37 
3254	43 
3255	67 
3256	89 
3257	61 
3258	23 
3259	99 
3260	93 
3261	3 
3262	99 
3263	34 
3264	33 
3265	65 
3266	21 
3267	22 
3268	29 
3269	25 
3270	25 
3271	11 
3272	29 
3273	53 
3274	100 
3275	33 
3276	1 
3277	82 
3278	96 
3279	53 
3280	71 
3281	82 
3282	82 
3283	36 
3284	97 
3285	101 
3286	4 
3287	5 
3288	64 
3289	70 
3290	34 
3291	14 
3292	28 
3293	64 
3294	101 
3295	13 
3296	69 
3297	39 
3298	93 
3299	12 
3300	67 
3301	29 
3302	1 
3303	30 
3304	29 
3305	35 
3306	97 
3307	5 
3308	29 
3309	99 
3310	42 
3311	42 
3312	42 
3313	11 
3314	63 
3315	82 
3316	98 
3317	28 
3318	99 
3319	32 
3320	53 
3321	53 
3322	12 
3323	65 
3324	18 
3325	62 
3326	89 
3327	51 
3328	58 
3329	75 
3330	65 
3331	73 
3332	56 
3333	14 
3334	13 
3335	78 
3336	76 
3337	55 
3338	67 
3339	47 
3340	50 
3341	99 
3342	48 
3343	68 
3344	47 
3345	3 
3346	63 
3347	101 
3348	98 
3349	9 
3350	63 
3351	11 
3352	87 
3353	84 
3354	11 
3355	7 
3356	61 
3357	89 
3358	12 
3359	91 
3360	92 
3361	98 
3362	25 
3363	46 
3364	25 
3365	54 
3366	23 
3367	45 
3368	65 
3369	34 
3370	29 
3371	73 
3372	76 
3373	58 
3374	55 
3375	71 
3376	34 
3377	57 
3378	80 
3379	52 
3380	63 
3381	13 
3382	8 
3383	12 
3384	97 
3385	66 
3386	98 
3387	34 
3388	63 
3389	29 
3390	98 
3391	57 
3392	83 
3393	23 
3394	55 
3395	80 
3396	95 
3397	59 
3398	9 
3399	93 
3400	56 
3401	34 
3402	20 
3403	85 
3404	1 
3405	101 
3406	63 
3407	56 
3408	21 
3409	59 
3410	30 
3411	61 
3412	68 
3413	84 
3414	67 
3415	89 
3416	61 
3417	53 
3418	97 
3419	94 
3420	36 
3421	4 
3422	82 
3423	24 
3424	23 
3425	10 
3426	1 
3427	9 
3428	99 
3429	81 
3430	64 
3431	20 
3432	37 
3433	30 
3434	38 
3435	10 
3436	74 
3437	25 
3438	85 
3439	23 
3440	57 
3441	61 
3442	61 
3443	54 
3444	67 
3445	79 
3446	22 
3447	78 
3448	9 
3449	99 
3450	8 
3451	43 
3452	99 
3453	2 
3454	86 
3455	67 
3456	63 
3457	7 
3458	43 
3459	34 
3460	36 
3461	1 
3462	92 
3463	15 
3464	80 
3465	55 
3466	101 
3467	64 
3468	75 
3469	31 
3470	84 
3471	66 
3472	89 
3473	92 
3474	68 
3475	25 
3476	36 
3477	82 
3478	75 
3479	88 
3480	97 
3481	31 
3482	54 
3483	45 
3484	29 
3485	9 
3486	56 
3487	63 
3488	1 
3489	22 
3490	27 
3491	14 
3492	87 
3493	22 
3494	34 
3495	19 
3496	85 
3497	55 
3498	1 
3499	10 
3500	87 
3501	12 
3502	39 
3503	60 
3504	5 
3505	5 
3506	68 
3507	23 
3508	25 
3509	27 
3510	11 
3511	69 
3512	76 
3513	93 
3514	50 
3515	88 
3516	35 
3517	39 
3518	36 
3519	18 
3520	85 
3521	98 
3522	13 
3523	23 
3524	57 
3525	68 
3526	72 
3527	90 
3528	10 
3529	42 
3530	23 
3531	76 
3532	56 
3533	84 
3534	68 
3535	22 
3536	54 
3537	84 
3538	66 
3539	99 
3540	91 
3541	5 
3542	73 
3543	24 
3544	67 
3545	34 
3546	27 
3547	92 
3548	21 
3549	77 
3550	80 
3551	14 
3552	91 
3553	88 
3554	75 
3555	39 
3556	26 
3557	10 
3558	60 
3559	86 
3560	93 
3561	15 
3562	34 
3563	63 
3564	55 
3565	86 
3566	70 
3567	68 
3568	68 
3569	43 
3570	64 
3571	92 
3572	56 
3573	98 
3574	15 
3575	56 
3576	96 
3577	93 
3578	63 
3579	67 
3580	60 
3581	10 
3582	1 
3583	20 
3584	75 
3585	67 
3586	63 
3587	44 
3588	10 
3589	37 
3590	92 
3591	12 
3592	68 
3593	22 
3594	81 
3595	20 
3596	28 
3597	10 
3598	86 
3599	95 
3600	73 
3601	11 
3602	83 
3603	7 
3604	46 
3605	9 
3606	25 
3607	60 
3608	32 
3609	40 
3610	63 
3611	70 
3612	57 
3613	99 
3614	51 
3615	38 
3616	83 
3617	54 
3618	31 
3619	6 
3620	48 
3621	89 
3622	45 
3623	1 
3624	23 
3625	40 
3626	53 
3627	40 
3628	72 
3629	20 
3630	42 
3631	35 
3632	76 
3633	84 
3634	12 
3635	88 
3636	82 
3637	78 
3638	37 
3639	99 
3640	53 
3641	71 
3642	100 
3643	11 
3644	71 
3645	23 
3646	29 
3647	76 
3648	53 
3649	11 
3650	80 
3651	25 
3652	53 
3653	80 
3654	79 
3655	37 
3656	93 
3657	100 
3658	31 
3659	32 
3660	45 
3661	65 
3662	100 
3663	65 
3664	86 
3665	21 
3666	72 
3667	19 
3668	43 
3669	101 
3670	25 
3671	93 
3672	53 
3673	81 
3674	29 
3675	21 
3676	25 
3677	74 
3678	56 
3679	1 
3680	86 
3681	14 
3682	8 
3683	65 
3684	98 
3685	24 
3686	88 
3687	97 
3688	84 
3689	57 
3690	21 
3691	83 
3692	9 
3693	88 
3694	75 
3695	28 
3696	43 
3697	44 
3698	6 
3699	57 
3700	86 
3701	39 
3702	23 
3703	63 
3704	19 
3705	47 
3706	69 
3707	51 
3708	56 
3709	68 
3710	71 
3711	25 
3712	38 
3713	50 
3714	94 
3715	13 
3716	58 
3717	12 
3718	72 
3719	10 
3720	101 
3721	23 
3722	47 
3723	86 
3724	89 
3725	34 
3726	63 
3727	11 
3728	61 
3729	76 
3730	54 
3731	24 
3732	1 
3733	64 
3734	68 
3735	74 
3736	80 
3737	33 
3738	9 
3739	56 
3740	15 
3741	61 
3742	89 
3743	45 
3744	74 
3745	4 
3746	73 
3747	5 
3748	56 
3749	25 
3750	96 
3751	42 
3752	84 
3753	9 
3754	6 
3755	48 
3756	22 
3757	77 
3758	2 
3759	99 
3760	66 
3761	99 
3762	22 
3763	67 
3764	94 
3765	36 
3766	53 
3767	11 
3768	44 
3769	86 
3770	84 
3771	30 
3772	26 
3773	89 
3774	68 
3775	1 
3776	57 
3777	62 
3778	5 
3779	25 
3780	75 
3781	59 
3782	6 
3783	37 
3784	99 
3785	71 
3786	86 
3787	54 
3788	29 
3789	39 
3790	29 
3791	69 
3792	101 
3793	14 
3794	57 
3795	60 
3796	9 
3797	73 
3798	80 
3799	36 
3800	59 
3801	50 
3802	93 
3803	49 
3804	81 
3805	63 
3806	78 
3807	46 
3808	48 
3809	34 
3810	17 
3811	101 
3812	32 
3813	68 
3814	51 
3815	43 
3816	36 
3817	78 
3818	54 
3819	3 
3820	4 
3821	57 
3822	10 
3823	70 
3824	85 
3825	39 
3826	92 
3827	80 
3828	37 
3829	28 
3830	17 
3831	47 
3832	6 
3833	63 
3834	99 
3835	74 
3836	25 
3837	84 
3838	51 
3839	55 
3840	78 
3841	78 
3842	86 
3843	75 
3844	22 
3845	6 
3846	58 
3847	2 
3848	73 
3849	71 
3850	4 
3851	68 
3852	21 
3853	67 
3854	69 
3855	56 
3856	99 
3857	66 
3858	68 
3859	34 
3860	9 
3861	59 
3862	31 
3863	53 
3864	53 
3865	31 
3866	4 
3867	77 
3868	29 
3869	20 
3870	77 
3871	48 
3872	99 
3873	37 
3874	22 
3875	76 
3876	9 
3877	51 
3878	39 
3879	26 
3880	73 
3881	100 
3882	11 
3883	101 
3884	16 
3885	37 
3886	50 
3887	71 
3888	85 
3889	57 
3890	29 
3891	67 
3892	75 
3893	36 
3894	91 
3895	9 
3896	46 
3897	89 
3898	42 
3899	44 
3900	50 
3901	40 
3902	34 
3903	92 
3904	27 
3905	83 
3906	95 
3907	56 
3908	84 
3909	3 
3910	48 
3911	30 
3912	82 
3913	63 
3914	19 
3915	39 
3916	71 
3917	34 
3918	63 
3919	5 
3920	92 
3921	4 
3922	99 
3923	48 
3924	1 
3925	47 
3926	93 
3927	90 
3928	32 
3929	18 
3930	100 
3931	50 
3932	98 
3933	58 
3934	25 
3935	98 
3936	64 
3937	50 
3938	32 
3939	17 
3940	47 
3941	97 
3942	91 
3943	28 
3944	56 
3945	52 
3946	14 
3947	27 
3948	20 
3949	56 
3950	79 
3951	46 
3952	14 
3953	83 
3954	91 
3955	11 
3956	93 
3957	58 
3958	76 
3959	57 
3960	87 
3961	46 
3962	88 
3963	39 
3964	19 
3965	17 
3966	93 
3967	36 
3968	21 
3969	34 
3970	9 
3971	93 
3972	100 
3973	68 
3974	97 
3975	60 
3976	27 
3977	91 
3978	5 
3979	78 
3980	88 
3981	61 
3982	89 
3983	87 
3984	74 
3985	93 
3986	80 
3987	42 
3988	63 
3989	99 
3990	64 
3991	93 
3992	82 
3993	34 
3994	77 
3995	53 
3996	50 
3997	50 
3998	10 
3999	41 
4000	5 
4001	11 
4002	47 
4003	66 
4004	9 
4005	45 
4006	10 
4007	75 
4008	74 
4009	55 
4010	71 
4011	22 
4012	37 
4013	34 
4014	18 
4015	101 
4016	6 
4017	34 
4018	73 
4019	25 
4020	41 
4021	9 
4022	82 
4023	38 
4024	56 
4025	57 
4026	101 
4027	56 
4028	6 
4029	83 
4030	67 
4031	30 
4032	100 
4033	35 
4034	93 
4035	62 
4036	57 
4037	42 
4038	50 
4039	18 
4040	37 
4041	38 
4042	86 
4043	10 
4044	16 
4045	35 
4046	78 
4047	53 
4048	13 
4049	37 
4050	30 
4051	82 
4052	23 
4053	93 
4054	30 
4055	87 
4056	86 
4057	81 
4058	21 
4059	97 
4060	93 
4061	1 
4062	84 
4063	37 
4064	37 
4065	101 
4066	78 
4067	34 
4068	30 
4069	87 
4070	94 
4071	88 
4072	41 
4073	99 
4074	24 
4075	67 
4076	93 
4077	12 
4078	12 
4079	2 
4080	30 
4081	83 
4082	100 
4083	20 
4084	49 
4085	69 
4086	9 
4087	81 
4088	45 
4089	14 
4090	40 
4091	10 
4092	10 
4093	54 
4094	29 
4095	50 
4096	40 
4097	82 
4098	75 
4099	32 
4100	99 
4101	69 
4102	62 
4103	52 
4104	54 
4105	8 
4106	22 
4107	55 
4108	84 
4109	73 
4110	11 
4111	37 
4112	3 
4113	91 
4114	67 
4115	84 
4116	70 
4117	89 
4118	5 
4119	93 
4120	68 
4121	84 
4122	25 
4123	57 
4124	47 
4125	101 
4126	10 
4127	60 
4128	42 
4129	5 
4130	98 
4131	55 
4132	95 
4133	18 
4134	93 
4135	13 
4136	25 
4137	62 
4138	50 
4139	26 
4140	72 
4141	71 
4142	25 
4143	4 
4144	9 
4145	6 
4146	25 
4147	67 
4148	93 
4149	61 
4150	89 
4151	6 
4152	48 
4153	35 
4154	71 
4155	11 
4156	33 
4157	63 
4158	18 
4159	37 
4160	99 
4161	75 
4162	87 
4163	67 
4164	63 
4165	39 
4166	66 
4167	14 
4168	93 
4169	12 
4170	33 
4171	54 
4172	91 
4173	71 
4174	81 
4175	94 
4176	19 
4177	11 
4178	83 
4179	15 
4180	32 
4181	75 
4182	66 
4183	86 
4184	25 
4185	76 
4186	56 
4187	1 
4188	51 
4189	83 
4190	5 
4191	28 
4192	56 
4193	85 
4194	73 
4195	76 
4196	57 
4197	20 
4198	46 
4199	57 
4200	76 
4201	1 
4202	68 
4203	74 
4204	26 
4205	85 
4206	39 
4207	92 
4208	95 
4209	72 
4210	60 
4211	42 
4212	19 
4213	86 
4214	51 
4215	4 
4216	28 
4217	55 
4218	4 
4219	53 
4220	84 
4221	6 
4222	23 
4223	66 
4224	4 
4225	45 
4226	23 
4227	25 
4228	50 
4229	44 
4230	2 
4231	97 
4232	20 
4233	86 
4234	53 
4235	96 
4236	23 
4237	2 
4238	34 
4239	86 
4240	63 
4241	1 
4242	21 
4243	46 
4244	98 
4245	76 
4246	36 
4247	55 
4248	36 
4249	54 
4250	22 
4251	47 
4252	23 
4253	25 
4254	54 
4255	78 
4256	34 
4257	47 
4258	6 
4259	71 
4260	56 
4261	44 
4262	92 
4263	59 
4264	11 
4265	11 
4266	80 
4267	34 
4268	61 
4269	10 
4270	89 
4271	6 
4272	50 
4273	85 
4274	72 
4275	68 
4276	39 
4277	32 
4278	61 
4279	42 
4280	73 
4281	4 
4282	47 
4283	2 
4284	22 
4285	12 
4286	22 
4287	94 
4288	33 
4289	54 
4290	44 
4291	95 
4292	79 
4293	93 
4294	98 
4295	32 
4296	97 
4297	54 
4298	85 
4299	67 
4300	46 
4301	37 
4302	38 
4303	31 
4304	63 
4305	20 
4306	12 
4307	34 
4308	72 
4309	34 
4310	33 
4311	78 
4312	28 
4313	40 
4314	5 
4315	30 
4316	23 
4317	21 
4318	93 
4319	79 
4320	70 
4321	1 
4322	39 
4323	20 
4324	46 
4325	80 
4326	61 
4327	27 
4328	47 
4329	98 
4330	84 
4331	63 
4332	46 
4333	82 
4334	63 
4335	91 
4336	42 
4337	56 
4338	57 
4339	70 
4340	66 
4341	63 
4342	57 
4343	90 
4344	26 
4345	10 
4346	47 
4347	90 
4348	73 
4349	100 
4350	69 
4351	50 
4352	38 
4353	73 
4354	75 
4355	14 
4356	82 
4357	77 
4358	25 
4359	3 
4360	83 
4361	40 
4362	56 
4363	86 
4364	30 
4365	58 
4366	4 
4367	74 
4368	79 
4369	19 
4370	23 
4371	44 
4372	73 
4373	48 
4374	40 
4375	94 
4376	20 
4377	10 
4378	84 
4379	11 
4380	95 
4381	69 
4382	57 
4383	70 
4384	79 
4385	63 
4386	62 
4387	5 
4388	39 
4389	60 
4390	34 
4391	79 
4392	5 
4393	68 
4394	77 
4395	91 
4396	73 
4397	57 
4398	4 
4399	74 
4400	1 
4401	99 
4402	99 
4403	73 
4404	25 
4405	80 
4406	28 
4407	72 
4408	99 
4409	25 
4410	80 
4411	21 
4412	57 
4413	34 
4414	48 
4415	99 
4416	101 
4417	44 
4418	50 
4419	1 
4420	66 
4421	33 
4422	50 
4423	76 
4424	4 
4425	4 
4426	53 
4427	55 
4428	3 
4429	36 
4430	82 
4431	12 
4432	61 
4433	3 
4434	59 
4435	69 
4436	46 
4437	98 
4438	6 
4439	52 
4440	67 
4441	47 
4442	66 
4443	83 
4444	93 
4445	37 
4446	86 
4447	10 
4448	23 
4449	25 
4450	34 
4451	34 
4452	16 
4453	66 
4454	4 
4455	50 
4456	98 
4457	50 
4458	74 
4459	74 
4460	6 
4461	11 
4462	54 
4463	9 
4464	98 
4465	69 
4466	54 
4467	93 
4468	91 
4469	52 
4470	32 
4471	4 
4472	10 
4473	50 
4474	85 
4475	61 
4476	86 
4477	80 
4478	85 
4479	3 
4480	58 
4481	73 
4482	38 
4483	80 
4484	80 
4485	36 
4486	39 
4487	60 
4488	69 
4489	64 
4490	95 
4491	2 
4492	25 
4493	11 
4494	74 
4495	56 
4496	29 
4497	34 
4498	100 
4499	99 
4500	22 
4501	54 
4502	97 
4503	71 
4504	36 
4505	82 
4506	92 
4507	57 
4508	22 
4509	25 
4510	18 
4511	91 
4512	68 
4513	76 
4514	5 
4515	55 
4516	68 
4517	84 
4518	19 
4519	87 
4520	25 
4521	14 
4522	6 
4523	11 
4524	75 
4525	20 
4526	33 
4527	49 
4528	99 
4529	57 
4530	38 
4531	55 
4532	5 
4533	16 
4534	83 
4535	73 
4536	47 
4537	75 
4538	80 
4539	23 
4540	98 
4541	14 
4542	3 
4543	86 
4544	33 
4545	54 
4546	84 
4547	56 
4548	3 
4549	11 
4550	86 
4551	4 
4552	59 
4553	67 
4554	50 
4555	85 
4556	56 
4557	25 
4558	44 
4559	2 
4560	83 
4561	6 
4562	1 
4563	67 
4564	5 
4565	34 
4566	10 
4567	16 
4568	28 
4569	57 
4570	57 
4571	56 
4572	95 
4573	11 
4574	82 
4575	30 
4576	32 
4577	71 
4578	25 
4579	56 
4580	87 
4581	23 
4582	80 
4583	34 
4584	87 
4585	6 
4586	52 
4587	52 
4588	19 
4589	92 
4590	85 
4591	95 
4592	80 
4593	54 
4594	92 
4595	76 
4596	55 
4597	84 
4598	87 
4599	95 
4600	5 
4601	5 
4602	37 
4603	23 
4604	87 
4605	1 
4606	98 
4607	1 
4608	28 
4609	68 
4610	9 
4611	33 
4612	64 
4613	25 
4614	75 
4615	73 
4616	50 
4617	84 
4618	100 
4619	47 
4620	37 
4621	11 
4622	25 
4623	73 
4624	82 
4625	99 
4626	47 
4627	19 
4628	36 
4629	99 
4630	56 
4631	82 
4632	34 
4633	9 
4634	60 
4635	37 
4636	66 
4637	19 
4638	85 
4639	80 
4640	66 
4641	91 
4642	6 
4643	74 
4644	14 
4645	100 
4646	86 
4647	9 
4648	57 
4649	68 
4650	47 
4651	78 
4652	80 
4653	4 
4654	3 
4655	89 
4656	42 
4657	61 
4658	68 
4659	60 
4660	100 
4661	42 
4662	68 
4663	30 
4664	1 
4665	37 
4666	39 
4667	74 
4668	93 
4669	66 
4670	73 
4671	11 
4672	93 
4673	71 
4674	10 
4675	78 
4676	98 
4677	63 
4678	3 
4679	34 
4680	10 
4681	25 
4682	71 
4683	100 
4684	1 
4685	25 
4686	19 
4687	2 
4688	74 
4689	54 
4690	28 
4691	67 
4692	78 
4693	48 
4694	73 
4695	2 
4696	10 
4697	25 
4698	99 
4699	28 
4700	42 
4701	95 
4702	1 
4703	57 
4704	42 
4705	42 
4706	34 
4707	93 
4708	42 
4709	49 
4710	76 
4711	9 
4712	60 
4713	71 
4714	98 
4715	33 
4716	85 
4717	53 
4718	57 
4719	63 
4720	4 
4721	78 
4722	56 
4723	73 
4724	30 
4725	76 
4726	72 
4727	67 
4728	57 
4729	78 
4730	75 
4731	64 
4732	11 
4733	93 
4734	66 
4735	59 
4736	48 
4737	98 
4738	92 
4739	9 
4740	48 
4741	80 
4742	1 
4743	37 
4744	10 
4745	11 
4746	47 
4747	5 
4748	80 
4749	33 
4750	56 
4751	6 
4752	56 
4753	76 
4754	92 
4755	23 
4756	101 
4757	36 
4758	19 
4759	14 
4760	91 
4761	78 
4762	14 
4763	34 
4764	4 
4765	98 
4766	50 
4767	101 
4768	4 
4769	63 
4770	39 
4771	63 
4772	36 
4773	80 
4774	6 
4775	4 
4776	89 
4777	53 
4778	74 
4779	68 
4780	68 
4781	28 
4782	36 
4783	63 
4784	53 
4785	25 
4786	6 
4787	71 
4788	30 
4789	3 
4790	57 
4791	84 
4792	50 
4793	29 
4794	49 
4795	22 
4796	47 
4797	68 
4798	34 
4799	10 
4800	85 
4801	55 
4802	9 
4803	22 
4804	6 
4805	5 
4806	9 
4807	42 
4808	25 
4809	55 
4810	61 
4811	36 
4812	50 
4813	84 
4814	84 
4815	63 
4816	61 
4817	50 
4818	5 
4819	6 
4820	39 
4821	89 
4822	95 
4823	22 
4824	4 
4825	34 
4826	49 
4827	56 
4828	63 
4829	80 
4830	34 
4831	89 
4832	64 
4833	74 
4834	29 
4835	101 
4836	4 
4837	34 
4838	92 
4839	100 
4840	63 
4841	23 
4842	22 
4843	85 
4844	34 
4845	54 
4846	50 
4847	73 
4848	64 
4849	64 
4850	10 
4851	14 
4852	14 
4853	75 
4854	29 
4855	1 
4856	56 
4857	10 
4858	22 
4859	29 
4860	55 
4861	78 
4862	37 
4863	29 
4864	23 
4865	71 
4866	12 
4867	86 
4868	6 
4869	71 
4870	4 
4871	67 
4872	34 
4873	86 
4874	80 
4875	25 
4876	78 
4877	82 
4878	5 
4879	5 
4880	49 
4881	73 
4882	22 
4883	4 
4884	1 
4885	25 
4886	92 
4887	98 
4888	25 
4889	71 
4890	1 
4891	23 
4892	1 
4893	71 
4894	71 
4895	34 
4896	4 
4897	99 
4898	92 
4899	10 
4900	66 
4901	10 
4902	78 
4903	55 
4904	29 
4905	25 
4906	54 
4907	37 
4908	60 
4909	6 
4910	14 
4911	50 
4912	71 
4913	99 
4914	23 
4915	89 
4916	11 
4917	14 
4918	9 
4919	84 
4920	25 
4921	11 
4922	82 
4923	4 
4924	66 
4925	14 
4926	14 
4927	55 
4928	73 
4929	73 
4930	37 
4931	50 
4932	60 
4933	55 
4934	22 
4935	23 
4936	60 
4937	75 
4938	63 
4939	37 
4940	63 
4941	66 
4942	60 
4943	61 
4944	93 
4945	98 
4946	29 
4947	80 
4948	53 
4949	76 
4950	50 
4951	56 
4952	73 
4953	71 
4954	73 
4955	57 
4956	5 
4957	53 
4958	57 
4959	23 
4960	76 
4961	61 
4962	25 
4963	57 
4964	1 
4965	78 
4966	61 
4967	99 
4968	34 
4969	50 
4970	25 
4971	4 
4972	60 
4973	10 
4974	33 
4975	25 
4976	56 
4977	37 
4978	66 
4979	57 
4980	37 
4981	84 
4982	28 
4983	1 
4984	63 
4985	68 
4986	50 
4987	73 
4988	9 
4989	80 
4990	10 
4991	80 
4992	47 
4993	29 
4994	50 
4995	11 
4996	11 
4997	80 
4998	23 
4999	23 
5000	50 
