1	83 
2	23 
3	63 
4	65 
5	86 
6	83 
7	59 
8	98 
9	45 
10	44 
11	14 
12	6 
13	8 
14	68 
15	101 
16	82 
17	64 
18	19 
19	90 
20	49 
21	73 
22	47 
23	86 
24	59 
25	97 
26	69 
27	94 
28	103 
29	96 
30	28 
31	73 
32	102 
33	61 
34	96 
35	9 
36	18 
37	61 
38	7 
39	91 
40	2 
41	14 
42	16 
43	102 
44	53 
45	8 
46	10 
47	96 
48	63 
49	14 
50	62 
51	45 
52	23 
53	25 
54	55 
55	44 
56	32 
57	56 
58	94 
59	85 
60	38 
61	76 
62	27 
63	28 
64	41 
65	6 
66	28 
67	68 
68	96 
69	72 
70	65 
71	21 
72	49 
73	21 
74	27 
75	42 
76	95 
77	70 
78	82 
79	63 
80	45 
81	63 
82	63 
83	16 
84	31 
85	52 
86	78 
87	38 
88	53 
89	38 
90	63 
91	5 
92	95 
93	24 
94	38 
95	29 
96	104 
97	21 
98	71 
99	23 
100	62 
101	33 
102	80 
103	36 
104	31 
105	5 
106	26 
107	33 
108	56 
109	72 
110	62 
111	1 
112	49 
113	80 
114	38 
115	93 
116	11 
117	66 
118	86 
119	20 
120	63 
121	17 
122	63 
123	73 
124	62 
125	14 
126	6 
127	39 
128	82 
129	24 
130	19 
131	48 
132	94 
133	38 
134	62 
135	84 
136	35 
137	6 
138	85 
139	23 
140	10 
141	64 
142	96 
143	66 
144	43 
145	19 
146	21 
147	83 
148	51 
149	104 
150	22 
151	82 
152	47 
153	5 
154	26 
155	51 
156	10 
157	7 
158	6 
159	14 
160	43 
161	96 
162	4 
163	7 
164	38 
165	57 
166	85 
167	96 
168	48 
169	9 
170	47 
171	8 
172	79 
173	76 
174	96 
175	32 
176	102 
177	20 
178	88 
179	94 
180	3 
181	63 
182	88 
183	52 
184	60 
185	75 
186	76 
187	8 
188	103 
189	74 
190	17 
191	45 
192	17 
193	63 
194	103 
195	87 
196	85 
197	82 
198	76 
199	63 
200	56 
201	22 
202	38 
203	10 
204	25 
205	92 
206	76 
207	94 
208	52 
209	10 
210	96 
211	39 
212	90 
213	85 
214	104 
215	61 
216	28 
217	35 
218	82 
219	1 
220	69 
221	25 
222	68 
223	89 
224	12 
225	104 
226	7 
227	102 
228	67 
229	66 
230	97 
231	14 
232	80 
233	33 
234	45 
235	82 
236	8 
237	87 
238	96 
239	50 
240	90 
241	33 
242	14 
243	19 
244	45 
245	70 
246	103 
247	63 
248	33 
249	96 
250	99 
251	58 
252	40 
253	86 
254	56 
255	96 
256	83 
257	34 
258	5 
259	76 
260	34 
261	47 
262	62 
263	86 
264	96 
265	50 
266	104 
267	26 
268	65 
269	67 
270	41 
271	33 
272	82 
273	71 
274	28 
275	79 
276	58 
277	34 
278	25 
279	45 
280	90 
281	100 
282	54 
283	24 
284	8 
285	86 
286	6 
287	60 
288	42 
289	55 
290	46 
291	69 
292	34 
293	92 
294	102 
295	35 
296	46 
297	14 
298	29 
299	97 
300	25 
301	103 
302	35 
303	25 
304	84 
305	15 
306	24 
307	61 
308	46 
309	37 
310	27 
311	6 
312	73 
313	58 
314	8 
315	53 
316	3 
317	54 
318	17 
319	31 
320	73 
321	62 
322	103 
323	82 
324	98 
325	96 
326	56 
327	43 
328	21 
329	81 
330	37 
331	25 
332	46 
333	53 
334	86 
335	18 
336	15 
337	74 
338	58 
339	41 
340	25 
341	60 
342	10 
343	63 
344	18 
345	60 
346	39 
347	49 
348	16 
349	102 
350	58 
351	91 
352	39 
353	53 
354	43 
355	27 
356	62 
357	42 
358	45 
359	99 
360	10 
361	25 
362	25 
363	28 
364	75 
365	29 
366	60 
367	5 
368	82 
369	80 
370	44 
371	51 
372	67 
373	93 
374	59 
375	89 
376	64 
377	99 
378	2 
379	63 
380	35 
381	9 
382	74 
383	10 
384	29 
385	2 
386	96 
387	69 
388	38 
389	25 
390	14 
391	26 
392	79 
393	5 
394	68 
395	67 
396	24 
397	76 
398	44 
399	38 
400	45 
401	80 
402	56 
403	2 
404	66 
405	31 
406	44 
407	88 
408	53 
409	73 
410	104 
411	2 
412	36 
413	100 
414	77 
415	104 
416	15 
417	4 
418	60 
419	42 
420	32 
421	58 
422	104 
423	11 
424	74 
425	10 
426	53 
427	90 
428	35 
429	54 
430	20 
431	31 
432	57 
433	76 
434	86 
435	9 
436	35 
437	96 
438	55 
439	3 
440	11 
441	96 
442	33 
443	39 
444	82 
445	2 
446	5 
447	103 
448	26 
449	29 
450	9 
451	63 
452	82 
453	82 
454	10 
455	44 
456	98 
457	64 
458	51 
459	16 
460	56 
461	54 
462	24 
463	96 
464	53 
465	14 
466	27 
467	101 
468	6 
469	67 
470	18 
471	57 
472	100 
473	82 
474	90 
475	43 
476	25 
477	84 
478	88 
479	56 
480	5 
481	82 
482	64 
483	18 
484	56 
485	50 
486	88 
487	63 
488	93 
489	35 
490	28 
491	54 
492	84 
493	15 
494	28 
495	54 
496	48 
497	17 
498	94 
499	53 
500	44 
501	54 
502	64 
503	43 
504	24 
505	43 
506	26 
507	96 
508	13 
509	39 
510	84 
511	86 
512	103 
513	50 
514	56 
515	83 
516	86 
517	24 
518	3 
519	66 
520	2 
521	27 
522	73 
523	33 
524	20 
525	42 
526	24 
527	103 
528	84 
529	11 
530	34 
531	32 
532	80 
533	8 
534	82 
535	65 
536	29 
537	73 
538	10 
539	6 
540	16 
541	73 
542	84 
543	28 
544	13 
545	100 
546	95 
547	53 
548	70 
549	80 
550	56 
551	38 
552	82 
553	45 
554	39 
555	5 
556	104 
557	42 
558	14 
559	40 
560	85 
561	94 
562	24 
563	64 
564	96 
565	74 
566	39 
567	70 
568	68 
569	64 
570	102 
571	16 
572	5 
573	44 
574	101 
575	68 
576	95 
577	99 
578	62 
579	104 
580	18 
581	7 
582	51 
583	82 
584	20 
585	92 
586	41 
587	89 
588	46 
589	79 
590	53 
591	33 
592	44 
593	85 
594	1 
595	2 
596	20 
597	60 
598	96 
599	75 
600	103 
601	29 
602	43 
603	53 
604	87 
605	91 
606	104 
607	99 
608	86 
609	50 
610	95 
611	46 
612	3 
613	71 
614	21 
615	39 
616	44 
617	2 
618	84 
619	65 
620	82 
621	32 
622	66 
623	70 
624	44 
625	25 
626	92 
627	60 
628	6 
629	100 
630	1 
631	73 
632	93 
633	66 
634	74 
635	11 
636	6 
637	82 
638	91 
639	82 
640	64 
641	33 
642	86 
643	89 
644	83 
645	54 
646	53 
647	76 
648	95 
649	39 
650	72 
651	63 
652	77 
653	27 
654	103 
655	71 
656	69 
657	82 
658	25 
659	85 
660	45 
661	78 
662	72 
663	2 
664	1 
665	11 
666	18 
667	66 
668	104 
669	103 
670	8 
671	103 
672	73 
673	13 
674	24 
675	74 
676	9 
677	86 
678	69 
679	38 
680	82 
681	36 
682	28 
683	18 
684	37 
685	71 
686	57 
687	102 
688	102 
689	33 
690	91 
691	12 
692	66 
693	85 
694	53 
695	73 
696	15 
697	31 
698	28 
699	28 
700	39 
701	58 
702	59 
703	81 
704	6 
705	82 
706	94 
707	3 
708	56 
709	78 
710	13 
711	16 
712	25 
713	60 
714	67 
715	96 
716	56 
717	84 
718	80 
719	68 
720	104 
721	52 
722	95 
723	54 
724	53 
725	14 
726	83 
727	1 
728	46 
729	8 
730	73 
731	41 
732	95 
733	2 
734	63 
735	66 
736	41 
737	74 
738	19 
739	10 
740	42 
741	63 
742	61 
743	82 
744	89 
745	100 
746	86 
747	44 
748	32 
749	57 
750	90 
751	42 
752	53 
753	78 
754	9 
755	88 
756	101 
757	5 
758	74 
759	36 
760	22 
761	30 
762	35 
763	26 
764	15 
765	10 
766	83 
767	103 
768	94 
769	43 
770	18 
771	44 
772	89 
773	52 
774	5 
775	88 
776	2 
777	29 
778	17 
779	68 
780	5 
781	39 
782	103 
783	53 
784	71 
785	57 
786	42 
787	13 
788	73 
789	43 
790	88 
791	104 
792	37 
793	94 
794	32 
795	58 
796	91 
797	48 
798	50 
799	44 
800	32 
801	45 
802	26 
803	68 
804	87 
805	99 
806	76 
807	14 
808	102 
809	91 
810	10 
811	31 
812	47 
813	71 
814	104 
815	25 
816	39 
817	94 
818	63 
819	10 
820	57 
821	45 
822	9 
823	94 
824	56 
825	25 
826	29 
827	103 
828	50 
829	102 
830	44 
831	2 
832	82 
833	56 
834	29 
835	96 
836	27 
837	17 
838	12 
839	103 
840	39 
841	87 
842	29 
843	18 
844	4 
845	29 
846	81 
847	57 
848	45 
849	81 
850	53 
851	97 
852	96 
853	10 
854	45 
855	48 
856	46 
857	58 
858	35 
859	48 
860	45 
861	99 
862	36 
863	46 
864	8 
865	96 
866	66 
867	102 
868	10 
869	44 
870	54 
871	38 
872	11 
873	2 
874	94 
875	86 
876	18 
877	38 
878	24 
879	2 
880	56 
881	28 
882	84 
883	36 
884	70 
885	47 
886	72 
887	83 
888	82 
889	88 
890	28 
891	39 
892	95 
893	103 
894	10 
895	46 
896	69 
897	54 
898	57 
899	94 
900	1 
901	64 
902	76 
903	11 
904	68 
905	2 
906	102 
907	101 
908	76 
909	25 
910	3 
911	38 
912	86 
913	59 
914	5 
915	66 
916	13 
917	10 
918	24 
919	63 
920	12 
921	38 
922	25 
923	2 
924	13 
925	35 
926	38 
927	49 
928	46 
929	86 
930	79 
931	82 
932	70 
933	18 
934	28 
935	85 
936	77 
937	44 
938	103 
939	99 
940	60 
941	76 
942	101 
943	53 
944	103 
945	50 
946	9 
947	73 
948	48 
949	50 
950	25 
951	82 
952	28 
953	72 
954	99 
955	60 
956	39 
957	103 
958	104 
959	103 
960	53 
961	62 
962	25 
963	75 
964	26 
965	60 
966	14 
967	20 
968	101 
969	85 
970	22 
971	71 
972	94 
973	28 
974	58 
975	58 
976	90 
977	83 
978	70 
979	2 
980	86 
981	5 
982	53 
983	74 
984	104 
985	62 
986	28 
987	23 
988	89 
989	46 
990	12 
991	5 
992	102 
993	81 
994	96 
995	103 
996	6 
997	63 
998	43 
999	80 
1000	64 
1001	18 
1002	10 
1003	82 
1004	39 
1005	94 
1006	42 
1007	68 
1008	61 
1009	23 
1010	39 
1011	5 
1012	13 
1013	95 
1014	20 
1015	32 
1016	32 
1017	21 
1018	9 
1019	32 
1020	15 
1021	14 
1022	82 
1023	89 
1024	95 
1025	39 
1026	83 
1027	3 
1028	80 
1029	69 
1030	24 
1031	64 
1032	104 
1033	102 
1034	31 
1035	56 
1036	37 
1037	63 
1038	17 
1039	78 
1040	38 
1041	6 
1042	18 
1043	96 
1044	1 
1045	25 
1046	44 
1047	66 
1048	67 
1049	82 
1050	24 
1051	63 
1052	63 
1053	60 
1054	28 
1055	45 
1056	23 
1057	56 
1058	104 
1059	38 
1060	39 
1061	9 
1062	53 
1063	60 
1064	25 
1065	37 
1066	79 
1067	73 
1068	41 
1069	5 
1070	27 
1071	51 
1072	3 
1073	98 
1074	73 
1075	66 
1076	69 
1077	92 
1078	29 
1079	54 
1080	80 
1081	12 
1082	71 
1083	72 
1084	25 
1085	16 
1086	5 
1087	76 
1088	45 
1089	11 
1090	55 
1091	79 
1092	10 
1093	54 
1094	88 
1095	56 
1096	4 
1097	38 
1098	78 
1099	54 
1100	33 
1101	67 
1102	20 
1103	46 
1104	41 
1105	21 
1106	96 
1107	85 
1108	61 
1109	1 
1110	41 
1111	70 
1112	57 
1113	8 
1114	77 
1115	91 
1116	76 
1117	39 
1118	88 
1119	33 
1120	20 
1121	103 
1122	14 
1123	9 
1124	45 
1125	104 
1126	71 
1127	41 
1128	43 
1129	2 
1130	46 
1131	16 
1132	42 
1133	56 
1134	94 
1135	102 
1136	85 
1137	104 
1138	102 
1139	2 
1140	40 
1141	29 
1142	64 
1143	52 
1144	17 
1145	102 
1146	101 
1147	75 
1148	25 
1149	79 
1150	26 
1151	38 
1152	38 
1153	94 
1154	76 
1155	28 
1156	57 
1157	53 
1158	14 
1159	31 
1160	9 
1161	54 
1162	45 
1163	87 
1164	66 
1165	92 
1166	37 
1167	35 
1168	1 
1169	54 
1170	90 
1171	11 
1172	16 
1173	2 
1174	24 
1175	76 
1176	9 
1177	58 
1178	64 
1179	35 
1180	14 
1181	35 
1182	57 
1183	8 
1184	77 
1185	38 
1186	33 
1187	85 
1188	70 
1189	55 
1190	10 
1191	38 
1192	55 
1193	42 
1194	77 
1195	82 
1196	91 
1197	76 
1198	44 
1199	50 
1200	77 
1201	45 
1202	69 
1203	22 
1204	12 
1205	13 
1206	47 
1207	56 
1208	4 
1209	12 
1210	89 
1211	88 
1212	30 
1213	47 
1214	82 
1215	25 
1216	100 
1217	97 
1218	11 
1219	79 
1220	20 
1221	63 
1222	46 
1223	90 
1224	78 
1225	5 
1226	74 
1227	92 
1228	57 
1229	49 
1230	94 
1231	71 
1232	64 
1233	25 
1234	79 
1235	72 
1236	6 
1237	93 
1238	78 
1239	104 
1240	34 
1241	18 
1242	79 
1243	33 
1244	73 
1245	54 
1246	42 
1247	30 
1248	99 
1249	33 
1250	29 
1251	19 
1252	49 
1253	60 
1254	99 
1255	88 
1256	11 
1257	32 
1258	15 
1259	21 
1260	7 
1261	58 
1262	63 
1263	64 
1264	19 
1265	63 
1266	64 
1267	25 
1268	1 
1269	96 
1270	104 
1271	50 
1272	29 
1273	56 
1274	2 
1275	44 
1276	12 
1277	39 
1278	19 
1279	87 
1280	56 
1281	25 
1282	85 
1283	73 
1284	50 
1285	82 
1286	9 
1287	86 
1288	25 
1289	63 
1290	79 
1291	24 
1292	63 
1293	1 
1294	66 
1295	99 
1296	104 
1297	21 
1298	10 
1299	84 
1300	73 
1301	64 
1302	5 
1303	29 
1304	53 
1305	6 
1306	3 
1307	82 
1308	98 
1309	79 
1310	17 
1311	45 
1312	88 
1313	21 
1314	76 
1315	33 
1316	43 
1317	8 
1318	44 
1319	86 
1320	60 
1321	1 
1322	86 
1323	21 
1324	29 
1325	2 
1326	95 
1327	89 
1328	63 
1329	45 
1330	24 
1331	30 
1332	86 
1333	39 
1334	46 
1335	81 
1336	9 
1337	10 
1338	103 
1339	61 
1340	96 
1341	42 
1342	53 
1343	73 
1344	75 
1345	52 
1346	63 
1347	102 
1348	56 
1349	82 
1350	99 
1351	82 
1352	89 
1353	79 
1354	104 
1355	69 
1356	15 
1357	58 
1358	81 
1359	53 
1360	97 
1361	96 
1362	99 
1363	15 
1364	39 
1365	28 
1366	10 
1367	89 
1368	14 
1369	99 
1370	60 
1371	41 
1372	25 
1373	35 
1374	31 
1375	50 
1376	66 
1377	32 
1378	95 
1379	27 
1380	50 
1381	90 
1382	103 
1383	49 
1384	29 
1385	74 
1386	22 
1387	5 
1388	35 
1389	23 
1390	87 
1391	98 
1392	83 
1393	94 
1394	65 
1395	7 
1396	101 
1397	75 
1398	29 
1399	85 
1400	87 
1401	86 
1402	90 
1403	10 
1404	46 
1405	74 
1406	63 
1407	50 
1408	59 
1409	44 
1410	70 
1411	53 
1412	59 
1413	91 
1414	41 
1415	96 
1416	53 
1417	103 
1418	6 
1419	54 
1420	63 
1421	86 
1422	56 
1423	59 
1424	24 
1425	14 
1426	73 
1427	25 
1428	39 
1429	35 
1430	12 
1431	63 
1432	8 
1433	43 
1434	76 
1435	84 
1436	39 
1437	96 
1438	66 
1439	44 
1440	83 
1441	40 
1442	58 
1443	36 
1444	16 
1445	10 
1446	86 
1447	101 
1448	81 
1449	38 
1450	51 
1451	49 
1452	76 
1453	31 
1454	13 
1455	57 
1456	89 
1457	43 
1458	14 
1459	68 
1460	24 
1461	24 
1462	79 
1463	53 
1464	52 
1465	29 
1466	26 
1467	29 
1468	25 
1469	53 
1470	16 
1471	18 
1472	103 
1473	104 
1474	73 
1475	85 
1476	29 
1477	32 
1478	57 
1479	63 
1480	4 
1481	104 
1482	82 
1483	50 
1484	23 
1485	5 
1486	65 
1487	96 
1488	45 
1489	83 
1490	44 
1491	96 
1492	72 
1493	99 
1494	34 
1495	82 
1496	66 
1497	28 
1498	76 
1499	67 
1500	30 
1501	89 
1502	79 
1503	104 
1504	82 
1505	38 
1506	14 
1507	102 
1508	38 
1509	18 
1510	85 
1511	18 
1512	54 
1513	53 
1514	91 
1515	79 
1516	28 
1517	23 
1518	38 
1519	53 
1520	46 
1521	4 
1522	104 
1523	102 
1524	14 
1525	53 
1526	30 
1527	51 
1528	28 
1529	28 
1530	63 
1531	22 
1532	67 
1533	10 
1534	77 
1535	51 
1536	69 
1537	29 
1538	13 
1539	96 
1540	33 
1541	33 
1542	103 
1543	3 
1544	3 
1545	49 
1546	17 
1547	26 
1548	6 
1549	76 
1550	55 
1551	82 
1552	56 
1553	92 
1554	32 
1555	29 
1556	96 
1557	56 
1558	81 
1559	29 
1560	103 
1561	35 
1562	72 
1563	96 
1564	24 
1565	63 
1566	22 
1567	33 
1568	25 
1569	6 
1570	27 
1571	44 
1572	28 
1573	38 
1574	2 
1575	6 
1576	39 
1577	64 
1578	74 
1579	88 
1580	50 
1581	103 
1582	56 
1583	18 
1584	38 
1585	8 
1586	63 
1587	18 
1588	30 
1589	23 
1590	46 
1591	50 
1592	82 
1593	86 
1594	33 
1595	24 
1596	84 
1597	45 
1598	9 
1599	87 
1600	26 
1601	48 
1602	103 
1603	91 
1604	32 
1605	44 
1606	14 
1607	24 
1608	7 
1609	76 
1610	92 
1611	27 
1612	8 
1613	12 
1614	67 
1615	21 
1616	33 
1617	85 
1618	33 
1619	53 
1620	69 
1621	14 
1622	73 
1623	33 
1624	86 
1625	44 
1626	43 
1627	10 
1628	10 
1629	6 
1630	85 
1631	39 
1632	58 
1633	56 
1634	87 
1635	29 
1636	59 
1637	23 
1638	45 
1639	92 
1640	102 
1641	17 
1642	88 
1643	99 
1644	17 
1645	59 
1646	33 
1647	64 
1648	52 
1649	50 
1650	98 
1651	19 
1652	100 
1653	101 
1654	82 
1655	6 
1656	86 
1657	6 
1658	33 
1659	90 
1660	48 
1661	16 
1662	13 
1663	47 
1664	6 
1665	29 
1666	9 
1667	86 
1668	56 
1669	93 
1670	50 
1671	50 
1672	45 
1673	90 
1674	28 
1675	59 
1676	54 
1677	104 
1678	56 
1679	64 
1680	79 
1681	99 
1682	73 
1683	79 
1684	42 
1685	90 
1686	54 
1687	17 
1688	77 
1689	103 
1690	10 
1691	89 
1692	38 
1693	73 
1694	101 
1695	54 
1696	98 
1697	1 
1698	15 
1699	58 
1700	54 
1701	19 
1702	86 
1703	77 
1704	13 
1705	4 
1706	68 
1707	43 
1708	53 
1709	38 
1710	88 
1711	34 
1712	48 
1713	78 
1714	19 
1715	89 
1716	45 
1717	73 
1718	103 
1719	63 
1720	33 
1721	79 
1722	86 
1723	54 
1724	6 
1725	84 
1726	30 
1727	94 
1728	35 
1729	93 
1730	27 
1731	44 
1732	86 
1733	94 
1734	62 
1735	65 
1736	95 
1737	85 
1738	29 
1739	85 
1740	39 
1741	28 
1742	25 
1743	96 
1744	86 
1745	77 
1746	36 
1747	100 
1748	12 
1749	93 
1750	83 
1751	26 
1752	45 
1753	73 
1754	63 
1755	21 
1756	101 
1757	84 
1758	45 
1759	6 
1760	55 
1761	39 
1762	90 
1763	54 
1764	30 
1765	56 
1766	73 
1767	3 
1768	20 
1769	52 
1770	103 
1771	64 
1772	24 
1773	15 
1774	40 
1775	91 
1776	87 
1777	103 
1778	84 
1779	93 
1780	55 
1781	46 
1782	94 
1783	88 
1784	39 
1785	9 
1786	103 
1787	24 
1788	25 
1789	29 
1790	25 
1791	90 
1792	87 
1793	74 
1794	104 
1795	103 
1796	74 
1797	31 
1798	96 
1799	64 
1800	87 
1801	23 
1802	48 
1803	6 
1804	6 
1805	33 
1806	4 
1807	18 
1808	8 
1809	89 
1810	42 
1811	65 
1812	103 
1813	104 
1814	96 
1815	102 
1816	25 
1817	104 
1818	45 
1819	1 
1820	78 
1821	102 
1822	60 
1823	86 
1824	1 
1825	94 
1826	21 
1827	27 
1828	94 
1829	81 
1830	57 
1831	44 
1832	54 
1833	31 
1834	102 
1835	13 
1836	8 
1837	26 
1838	81 
1839	29 
1840	99 
1841	22 
1842	36 
1843	76 
1844	41 
1845	46 
1846	50 
1847	66 
1848	25 
1849	28 
1850	86 
1851	16 
1852	42 
1853	101 
1854	11 
1855	86 
1856	35 
1857	13 
1858	82 
1859	4 
1860	42 
1861	26 
1862	29 
1863	2 
1864	81 
1865	57 
1866	45 
1867	39 
1868	76 
1869	90 
1870	81 
1871	44 
1872	98 
1873	51 
1874	39 
1875	17 
1876	54 
1877	60 
1878	26 
1879	82 
1880	23 
1881	60 
1882	95 
1883	38 
1884	65 
1885	38 
1886	18 
1887	33 
1888	46 
1889	89 
1890	94 
1891	44 
1892	72 
1893	49 
1894	60 
1895	76 
1896	48 
1897	30 
1898	14 
1899	21 
1900	52 
1901	41 
1902	8 
1903	50 
1904	6 
1905	19 
1906	53 
1907	10 
1908	50 
1909	103 
1910	50 
1911	66 
1912	90 
1913	90 
1914	101 
1915	98 
1916	25 
1917	28 
1918	43 
1919	88 
1920	60 
1921	13 
1922	66 
1923	6 
1924	89 
1925	103 
1926	102 
1927	74 
1928	88 
1929	60 
1930	63 
1931	25 
1932	82 
1933	3 
1934	26 
1935	73 
1936	43 
1937	69 
1938	29 
1939	101 
1940	1 
1941	67 
1942	43 
1943	40 
1944	42 
1945	79 
1946	14 
1947	76 
1948	3 
1949	28 
1950	64 
1951	84 
1952	5 
1953	5 
1954	90 
1955	76 
1956	82 
1957	89 
1958	63 
1959	45 
1960	93 
1961	96 
1962	49 
1963	76 
1964	99 
1965	76 
1966	73 
1967	10 
1968	2 
1969	49 
1970	66 
1971	19 
1972	65 
1973	35 
1974	41 
1975	63 
1976	17 
1977	7 
1978	50 
1979	16 
1980	63 
1981	50 
1982	63 
1983	40 
1984	42 
1985	56 
1986	34 
1987	2 
1988	33 
1989	57 
1990	33 
1991	10 
1992	16 
1993	2 
1994	11 
1995	83 
1996	76 
1997	53 
1998	50 
1999	79 
2000	63 
2001	72 
2002	56 
2003	46 
2004	14 
2005	56 
2006	77 
2007	6 
2008	21 
2009	85 
2010	38 
2011	86 
2012	6 
2013	102 
2014	96 
2015	5 
2016	60 
2017	24 
2018	13 
2019	73 
2020	26 
2021	38 
2022	13 
2023	21 
2024	64 
2025	60 
2026	53 
2027	68 
2028	64 
2029	10 
2030	87 
2031	45 
2032	54 
2033	101 
2034	85 
2035	84 
2036	86 
2037	95 
2038	24 
2039	12 
2040	64 
2041	103 
2042	5 
2043	64 
2044	43 
2045	25 
2046	26 
2047	4 
2048	59 
2049	13 
2050	38 
2051	41 
2052	36 
2053	10 
2054	93 
2055	32 
2056	18 
2057	47 
2058	20 
2059	25 
2060	21 
2061	54 
2062	86 
2063	16 
2064	27 
2065	65 
2066	85 
2067	61 
2068	53 
2069	104 
2070	95 
2071	45 
2072	15 
2073	86 
2074	16 
2075	47 
2076	101 
2077	17 
2078	89 
2079	86 
2080	41 
2081	37 
2082	84 
2083	43 
2084	54 
2085	74 
2086	50 
2087	60 
2088	25 
2089	14 
2090	86 
2091	26 
2092	52 
2093	28 
2094	69 
2095	51 
2096	81 
2097	63 
2098	76 
2099	104 
2100	104 
2101	75 
2102	31 
2103	9 
2104	63 
2105	26 
2106	94 
2107	76 
2108	24 
2109	53 
2110	86 
2111	22 
2112	40 
2113	35 
2114	38 
2115	45 
2116	34 
2117	81 
2118	9 
2119	73 
2120	100 
2121	63 
2122	10 
2123	59 
2124	69 
2125	101 
2126	96 
2127	7 
2128	9 
2129	104 
2130	72 
2131	78 
2132	6 
2133	26 
2134	74 
2135	39 
2136	2 
2137	93 
2138	1 
2139	39 
2140	88 
2141	50 
2142	88 
2143	60 
2144	82 
2145	100 
2146	39 
2147	88 
2148	5 
2149	52 
2150	43 
2151	20 
2152	8 
2153	83 
2154	46 
2155	99 
2156	24 
2157	42 
2158	16 
2159	58 
2160	2 
2161	17 
2162	51 
2163	26 
2164	52 
2165	102 
2166	104 
2167	33 
2168	84 
2169	73 
2170	1 
2171	91 
2172	17 
2173	30 
2174	93 
2175	80 
2176	63 
2177	102 
2178	26 
2179	53 
2180	66 
2181	60 
2182	66 
2183	86 
2184	25 
2185	50 
2186	6 
2187	103 
2188	26 
2189	4 
2190	42 
2191	66 
2192	38 
2193	92 
2194	44 
2195	59 
2196	52 
2197	42 
2198	39 
2199	42 
2200	79 
2201	18 
2202	83 
2203	41 
2204	104 
2205	25 
2206	74 
2207	103 
2208	26 
2209	50 
2210	83 
2211	46 
2212	9 
2213	38 
2214	46 
2215	11 
2216	100 
2217	93 
2218	17 
2219	66 
2220	96 
2221	95 
2222	6 
2223	46 
2224	9 
2225	54 
2226	67 
2227	69 
2228	98 
2229	101 
2230	78 
2231	89 
2232	40 
2233	27 
2234	42 
2235	38 
2236	81 
2237	57 
2238	2 
2239	2 
2240	70 
2241	69 
2242	38 
2243	43 
2244	75 
2245	14 
2246	66 
2247	79 
2248	79 
2249	5 
2250	62 
2251	51 
2252	1 
2253	32 
2254	44 
2255	86 
2256	96 
2257	49 
2258	59 
2259	7 
2260	46 
2261	11 
2262	92 
2263	29 
2264	103 
2265	20 
2266	6 
2267	53 
2268	89 
2269	90 
2270	56 
2271	61 
2272	91 
2273	9 
2274	39 
2275	15 
2276	81 
2277	36 
2278	46 
2279	50 
2280	26 
2281	76 
2282	83 
2283	24 
2284	2 
2285	37 
2286	54 
2287	20 
2288	50 
2289	50 
2290	72 
2291	97 
2292	46 
2293	67 
2294	97 
2295	54 
2296	60 
2297	12 
2298	32 
2299	2 
2300	42 
2301	35 
2302	74 
2303	54 
2304	31 
2305	92 
2306	95 
2307	91 
2308	2 
2309	51 
2310	59 
2311	82 
2312	54 
2313	44 
2314	20 
2315	6 
2316	86 
2317	43 
2318	43 
2319	60 
2320	66 
2321	104 
2322	98 
2323	21 
2324	64 
2325	10 
2326	3 
2327	85 
2328	99 
2329	42 
2330	67 
2331	42 
2332	34 
2333	7 
2334	13 
2335	15 
2336	28 
2337	40 
2338	7 
2339	45 
2340	19 
2341	63 
2342	14 
2343	29 
2344	103 
2345	58 
2346	73 
2347	37 
2348	64 
2349	82 
2350	86 
2351	44 
2352	100 
2353	86 
2354	45 
2355	6 
2356	53 
2357	102 
2358	76 
2359	82 
2360	8 
2361	51 
2362	24 
2363	40 
2364	100 
2365	15 
2366	54 
2367	76 
2368	69 
2369	29 
2370	18 
2371	90 
2372	27 
2373	43 
2374	31 
2375	88 
2376	45 
2377	12 
2378	11 
2379	63 
2380	4 
2381	94 
2382	38 
2383	94 
2384	2 
2385	43 
2386	6 
2387	54 
2388	50 
2389	44 
2390	19 
2391	25 
2392	7 
2393	7 
2394	66 
2395	66 
2396	56 
2397	20 
2398	8 
2399	84 
2400	56 
2401	79 
2402	99 
2403	2 
2404	30 
2405	97 
2406	42 
2407	45 
2408	68 
2409	6 
2410	46 
2411	73 
2412	12 
2413	38 
2414	42 
2415	94 
2416	52 
2417	91 
2418	18 
2419	70 
2420	58 
2421	2 
2422	83 
2423	35 
2424	75 
2425	14 
2426	33 
2427	45 
2428	46 
2429	99 
2430	104 
2431	98 
2432	25 
2433	77 
2434	91 
2435	46 
2436	63 
2437	80 
2438	16 
2439	86 
2440	47 
2441	33 
2442	26 
2443	56 
2444	86 
2445	42 
2446	67 
2447	103 
2448	88 
2449	102 
2450	71 
2451	25 
2452	25 
2453	35 
2454	25 
2455	73 
2456	52 
2457	51 
2458	75 
2459	97 
2460	16 
2461	24 
2462	54 
2463	18 
2464	74 
2465	3 
2466	42 
2467	80 
2468	87 
2469	104 
2470	81 
2471	4 
2472	16 
2473	33 
2474	103 
2475	103 
2476	96 
2477	47 
2478	90 
2479	1 
2480	101 
2481	26 
2482	102 
2483	63 
2484	45 
2485	24 
2486	47 
2487	91 
2488	12 
2489	76 
2490	25 
2491	86 
2492	11 
2493	103 
2494	66 
2495	63 
2496	7 
2497	33 
2498	38 
2499	39 
2500	42 
2501	100 
2502	55 
2503	44 
2504	92 
2505	56 
2506	43 
2507	57 
2508	53 
2509	45 
2510	104 
2511	83 
2512	22 
2513	29 
2514	2 
2515	3 
2516	61 
2517	46 
2518	29 
2519	46 
2520	34 
2521	95 
2522	98 
2523	2 
2524	77 
2525	58 
2526	38 
2527	30 
2528	86 
2529	26 
2530	35 
2531	56 
2532	103 
2533	38 
2534	35 
2535	18 
2536	32 
2537	37 
2538	9 
2539	41 
2540	91 
2541	99 
2542	35 
2543	32 
2544	83 
2545	73 
2546	7 
2547	76 
2548	17 
2549	64 
2550	21 
2551	80 
2552	62 
2553	82 
2554	44 
2555	54 
2556	6 
2557	60 
2558	82 
2559	29 
2560	85 
2561	44 
2562	74 
2563	7 
2564	78 
2565	96 
2566	94 
2567	41 
2568	14 
2569	29 
2570	30 
2571	38 
2572	18 
2573	69 
2574	79 
2575	96 
2576	63 
2577	18 
2578	93 
2579	32 
2580	39 
2581	14 
2582	41 
2583	46 
2584	63 
2585	62 
2586	46 
2587	103 
2588	49 
2589	65 
2590	98 
2591	91 
2592	21 
2593	69 
2594	26 
2595	24 
2596	73 
2597	9 
2598	34 
2599	64 
2600	54 
2601	14 
2602	44 
2603	43 
2604	16 
2605	104 
2606	86 
2607	40 
2608	83 
2609	45 
2610	58 
2611	69 
2612	7 
2613	21 
2614	82 
2615	79 
2616	46 
2617	10 
2618	25 
2619	54 
2620	69 
2621	103 
2622	85 
2623	55 
2624	86 
2625	97 
2626	17 
2627	75 
2628	27 
2629	66 
2630	97 
2631	102 
2632	2 
2633	42 
2634	59 
2635	58 
2636	86 
2637	41 
2638	60 
2639	61 
2640	32 
2641	71 
2642	2 
2643	38 
2644	63 
2645	34 
2646	20 
2647	46 
2648	73 
2649	36 
2650	33 
2651	26 
2652	4 
2653	34 
2654	25 
2655	6 
2656	90 
2657	99 
2658	49 
2659	50 
2660	50 
2661	46 
2662	60 
2663	75 
2664	37 
2665	43 
2666	38 
2667	2 
2668	93 
2669	35 
2670	15 
2671	36 
2672	39 
2673	85 
2674	63 
2675	26 
2676	32 
2677	19 
2678	8 
2679	76 
2680	26 
2681	47 
2682	19 
2683	9 
2684	80 
2685	33 
2686	38 
2687	99 
2688	56 
2689	75 
2690	25 
2691	36 
2692	80 
2693	24 
2694	88 
2695	35 
2696	29 
2697	57 
2698	79 
2699	31 
2700	52 
2701	50 
2702	8 
2703	90 
2704	76 
2705	40 
2706	14 
2707	17 
2708	9 
2709	104 
2710	18 
2711	67 
2712	5 
2713	42 
2714	24 
2715	44 
2716	38 
2717	66 
2718	52 
2719	12 
2720	6 
2721	63 
2722	43 
2723	61 
2724	85 
2725	28 
2726	62 
2727	81 
2728	10 
2729	44 
2730	49 
2731	72 
2732	32 
2733	86 
2734	69 
2735	24 
2736	94 
2737	91 
2738	16 
2739	83 
2740	82 
2741	69 
2742	27 
2743	96 
2744	34 
2745	78 
2746	98 
2747	53 
2748	39 
2749	86 
2750	94 
2751	94 
2752	53 
2753	66 
2754	28 
2755	19 
2756	6 
2757	86 
2758	45 
2759	56 
2760	65 
2761	86 
2762	38 
2763	39 
2764	31 
2765	18 
2766	25 
2767	44 
2768	49 
2769	10 
2770	32 
2771	21 
2772	64 
2773	38 
2774	62 
2775	49 
2776	86 
2777	60 
2778	61 
2779	29 
2780	40 
2781	23 
2782	15 
2783	27 
2784	46 
2785	63 
2786	93 
2787	2 
2788	12 
2789	34 
2790	15 
2791	2 
2792	84 
2793	36 
2794	103 
2795	88 
2796	48 
2797	40 
2798	70 
2799	54 
2800	2 
2801	6 
2802	68 
2803	32 
2804	58 
2805	35 
2806	39 
2807	64 
2808	96 
2809	16 
2810	26 
2811	26 
2812	39 
2813	76 
2814	18 
2815	16 
2816	103 
2817	104 
2818	92 
2819	38 
2820	5 
2821	35 
2822	81 
2823	16 
2824	64 
2825	94 
2826	13 
2827	54 
2828	94 
2829	24 
2830	11 
2831	63 
2832	43 
2833	24 
2834	54 
2835	7 
2836	17 
2837	72 
2838	81 
2839	58 
2840	54 
2841	92 
2842	46 
2843	38 
2844	46 
2845	38 
2846	104 
2847	48 
2848	74 
2849	6 
2850	89 
2851	38 
2852	26 
2853	45 
2854	83 
2855	21 
2856	104 
2857	94 
2858	96 
2859	67 
2860	17 
2861	90 
2862	95 
2863	21 
2864	41 
2865	57 
2866	100 
2867	34 
2868	86 
2869	102 
2870	103 
2871	37 
2872	15 
2873	103 
2874	25 
2875	29 
2876	3 
2877	31 
2878	44 
2879	90 
2880	86 
2881	95 
2882	78 
2883	103 
2884	81 
2885	6 
2886	104 
2887	50 
2888	103 
2889	51 
2890	99 
2891	43 
2892	35 
2893	50 
2894	28 
2895	102 
2896	42 
2897	94 
2898	88 
2899	38 
2900	45 
2901	46 
2902	67 
2903	43 
2904	69 
2905	86 
2906	56 
2907	7 
2908	62 
2909	56 
2910	87 
2911	69 
2912	24 
2913	29 
2914	2 
2915	56 
2916	14 
2917	32 
2918	9 
2919	2 
2920	52 
2921	89 
2922	55 
2923	38 
2924	97 
2925	54 
2926	17 
2927	28 
2928	42 
2929	51 
2930	64 
2931	42 
2932	74 
2933	53 
2934	8 
2935	26 
2936	26 
2937	46 
2938	25 
2939	10 
2940	77 
2941	83 
2942	39 
2943	16 
2944	7 
2945	75 
2946	75 
2947	103 
2948	94 
2949	50 
2950	4 
2951	33 
2952	39 
2953	82 
2954	83 
2955	6 
2956	10 
2957	43 
2958	25 
2959	44 
2960	81 
2961	5 
2962	21 
2963	26 
2964	57 
2965	102 
2966	68 
2967	6 
2968	45 
2969	75 
2970	91 
2971	54 
2972	75 
2973	9 
2974	45 
2975	96 
2976	74 
2977	59 
2978	10 
2979	66 
2980	47 
2981	67 
2982	92 
2983	103 
2984	46 
2985	71 
2986	74 
2987	45 
2988	33 
2989	45 
2990	21 
2991	98 
2992	56 
2993	72 
2994	88 
2995	5 
2996	56 
2997	25 
2998	6 
2999	79 
3000	96 
3001	9 
3002	6 
3003	38 
3004	64 
3005	35 
3006	68 
3007	94 
3008	64 
3009	66 
3010	79 
3011	73 
3012	54 
3013	99 
3014	83 
3015	72 
3016	103 
3017	73 
3018	44 
3019	71 
3020	4 
3021	24 
3022	103 
3023	90 
3024	30 
3025	76 
3026	63 
3027	46 
3028	80 
3029	15 
3030	62 
3031	24 
3032	79 
3033	60 
3034	24 
3035	85 
3036	83 
3037	82 
3038	70 
3039	25 
3040	50 
3041	93 
3042	95 
3043	103 
3044	30 
3045	69 
3046	14 
3047	15 
3048	39 
3049	63 
3050	101 
3051	72 
3052	38 
3053	63 
3054	73 
3055	65 
3056	33 
3057	8 
3058	46 
3059	84 
3060	46 
3061	13 
3062	44 
3063	104 
3064	12 
3065	15 
3066	51 
3067	46 
3068	54 
3069	74 
3070	96 
3071	7 
3072	88 
3073	97 
3074	26 
3075	8 
3076	1 
3077	84 
3078	84 
3079	35 
3080	5 
3081	68 
3082	76 
3083	28 
3084	55 
3085	73 
3086	39 
3087	51 
3088	32 
3089	38 
3090	10 
3091	100 
3092	7 
3093	25 
3094	84 
3095	48 
3096	93 
3097	97 
3098	38 
3099	31 
3100	54 
3101	66 
3102	83 
3103	53 
3104	54 
3105	91 
3106	81 
3107	75 
3108	15 
3109	85 
3110	90 
3111	103 
3112	24 
3113	13 
3114	72 
3115	26 
3116	58 
3117	67 
3118	45 
3119	80 
3120	7 
3121	89 
3122	56 
3123	68 
3124	41 
3125	50 
3126	50 
3127	77 
3128	33 
3129	9 
3130	42 
3131	42 
3132	18 
3133	76 
3134	85 
3135	76 
3136	41 
3137	81 
3138	45 
3139	56 
3140	15 
3141	26 
3142	46 
3143	35 
3144	64 
3145	95 
3146	38 
3147	4 
3148	76 
3149	51 
3150	101 
3151	69 
3152	59 
3153	52 
3154	89 
3155	25 
3156	81 
3157	10 
3158	103 
3159	79 
3160	45 
3161	18 
3162	83 
3163	96 
3164	49 
3165	21 
3166	19 
3167	85 
3168	36 
3169	54 
3170	99 
3171	86 
3172	65 
3173	13 
3174	25 
3175	5 
3176	42 
3177	91 
3178	17 
3179	66 
3180	20 
3181	7 
3182	68 
3183	1 
3184	6 
3185	63 
3186	6 
3187	46 
3188	41 
3189	2 
3190	53 
3191	26 
3192	98 
3193	19 
3194	42 
3195	93 
3196	25 
3197	102 
3198	46 
3199	84 
3200	90 
3201	10 
3202	68 
3203	94 
3204	2 
3205	14 
3206	14 
3207	14 
3208	91 
3209	23 
3210	68 
3211	74 
3212	42 
3213	9 
3214	78 
3215	17 
3216	84 
3217	18 
3218	87 
3219	76 
3220	51 
3221	68 
3222	45 
3223	103 
3224	102 
3225	93 
3226	83 
3227	104 
3228	104 
3229	64 
3230	58 
3231	60 
3232	92 
3233	103 
3234	93 
3235	79 
3236	63 
3237	103 
3238	11 
3239	91 
3240	96 
3241	42 
3242	71 
3243	31 
3244	81 
3245	76 
3246	53 
3247	63 
3248	67 
3249	82 
3250	44 
3251	56 
3252	95 
3253	31 
3254	6 
3255	82 
3256	62 
3257	26 
3258	55 
3259	89 
3260	97 
3261	79 
3262	86 
3263	54 
3264	62 
3265	96 
3266	32 
3267	22 
3268	74 
3269	63 
3270	93 
3271	10 
3272	3 
3273	79 
3274	21 
3275	94 
3276	93 
3277	86 
3278	33 
3279	28 
3280	96 
3281	35 
3282	5 
3283	44 
3284	42 
3285	70 
3286	101 
3287	104 
3288	31 
3289	72 
3290	93 
3291	77 
3292	45 
3293	104 
3294	2 
3295	44 
3296	22 
3297	10 
3298	45 
3299	25 
3300	95 
3301	6 
3302	74 
3303	85 
3304	25 
3305	48 
3306	43 
3307	51 
3308	35 
3309	82 
3310	102 
3311	15 
3312	42 
3313	64 
3314	21 
3315	21 
3316	94 
3317	82 
3318	47 
3319	33 
3320	79 
3321	89 
3322	56 
3323	82 
3324	18 
3325	23 
3326	84 
3327	64 
3328	21 
3329	9 
3330	6 
3331	59 
3332	45 
3333	64 
3334	50 
3335	83 
3336	85 
3337	22 
3338	4 
3339	83 
3340	82 
3341	9 
3342	79 
3343	69 
3344	60 
3345	61 
3346	78 
3347	66 
3348	43 
3349	69 
3350	53 
3351	101 
3352	53 
3353	61 
3354	63 
3355	21 
3356	24 
3357	23 
3358	95 
3359	15 
3360	76 
3361	39 
3362	100 
3363	96 
3364	81 
3365	91 
3366	103 
3367	23 
3368	41 
3369	53 
3370	8 
3371	87 
3372	96 
3373	31 
3374	69 
3375	1 
3376	22 
3377	13 
3378	3 
3379	47 
3380	10 
3381	73 
3382	104 
3383	35 
3384	46 
3385	9 
3386	20 
3387	22 
3388	63 
3389	40 
3390	39 
3391	79 
3392	79 
3393	65 
3394	56 
3395	69 
3396	90 
3397	26 
3398	53 
3399	45 
3400	1 
3401	9 
3402	73 
3403	63 
3404	5 
3405	89 
3406	79 
3407	49 
3408	39 
3409	82 
3410	76 
3411	103 
3412	29 
3413	27 
3414	73 
3415	49 
3416	39 
3417	102 
3418	54 
3419	61 
3420	44 
3421	64 
3422	17 
3423	21 
3424	104 
3425	79 
3426	27 
3427	5 
3428	89 
3429	17 
3430	42 
3431	7 
3432	48 
3433	29 
3434	21 
3435	10 
3436	26 
3437	49 
3438	74 
3439	43 
3440	66 
3441	58 
3442	56 
3443	88 
3444	64 
3445	26 
3446	35 
3447	39 
3448	99 
3449	76 
3450	104 
3451	16 
3452	47 
3453	81 
3454	62 
3455	14 
3456	48 
3457	63 
3458	67 
3459	12 
3460	102 
3461	23 
3462	9 
3463	78 
3464	32 
3465	102 
3466	79 
3467	41 
3468	12 
3469	32 
3470	1 
3471	2 
3472	55 
3473	70 
3474	78 
3475	34 
3476	55 
3477	10 
3478	76 
3479	73 
3480	32 
3481	33 
3482	13 
3483	72 
3484	18 
3485	20 
3486	85 
3487	16 
3488	66 
3489	17 
3490	81 
3491	72 
3492	4 
3493	81 
3494	38 
3495	66 
3496	13 
3497	84 
3498	83 
3499	54 
3500	11 
3501	52 
3502	32 
3503	73 
3504	3 
3505	102 
3506	32 
3507	76 
3508	71 
3509	24 
3510	10 
3511	22 
3512	38 
3513	76 
3514	44 
3515	8 
3516	77 
3517	40 
3518	55 
3519	97 
3520	47 
3521	73 
3522	14 
3523	84 
3524	5 
3525	64 
3526	28 
3527	66 
3528	21 
3529	80 
3530	100 
3531	86 
3532	21 
3533	89 
3534	31 
3535	92 
3536	21 
3537	99 
3538	2 
3539	57 
3540	69 
3541	60 
3542	9 
3543	53 
3544	22 
3545	88 
3546	65 
3547	64 
3548	25 
3549	34 
3550	102 
3551	4 
3552	54 
3553	34 
3554	74 
3555	36 
3556	17 
3557	11 
3558	61 
3559	86 
3560	98 
3561	15 
3562	3 
3563	85 
3564	1 
3565	45 
3566	63 
3567	48 
3568	5 
3569	9 
3570	1 
3571	52 
3572	101 
3573	79 
3574	25 
3575	31 
3576	74 
3577	70 
3578	45 
3579	92 
3580	2 
3581	68 
3582	2 
3583	9 
3584	36 
3585	51 
3586	85 
3587	28 
3588	63 
3589	8 
3590	70 
3591	46 
3592	21 
3593	49 
3594	45 
3595	56 
3596	29 
3597	5 
3598	79 
3599	73 
3600	21 
3601	50 
3602	5 
3603	39 
3604	103 
3605	39 
3606	100 
3607	41 
3608	41 
3609	73 
3610	83 
3611	81 
3612	8 
3613	54 
3614	91 
3615	27 
3616	69 
3617	5 
3618	83 
3619	42 
3620	81 
3621	65 
3622	81 
3623	55 
3624	86 
3625	55 
3626	39 
3627	39 
3628	45 
3629	30 
3630	90 
3631	66 
3632	94 
3633	47 
3634	9 
3635	28 
3636	102 
3637	44 
3638	103 
3639	11 
3640	90 
3641	63 
3642	89 
3643	6 
3644	79 
3645	10 
3646	10 
3647	29 
3648	58 
3649	37 
3650	47 
3651	76 
3652	86 
3653	76 
3654	50 
3655	9 
3656	91 
3657	89 
3658	25 
3659	91 
3660	37 
3661	66 
3662	85 
3663	82 
3664	14 
3665	17 
3666	4 
3667	98 
3668	38 
3669	36 
3670	9 
3671	78 
3672	38 
3673	50 
3674	45 
3675	46 
3676	100 
3677	7 
3678	93 
3679	24 
3680	30 
3681	13 
3682	26 
3683	47 
3684	21 
3685	7 
3686	13 
3687	12 
3688	25 
3689	12 
3690	53 
3691	101 
3692	9 
3693	38 
3694	18 
3695	42 
3696	94 
3697	48 
3698	38 
3699	26 
3700	96 
3701	53 
3702	104 
3703	14 
3704	86 
3705	80 
3706	56 
3707	55 
3708	62 
3709	57 
3710	38 
3711	19 
3712	47 
3713	2 
3714	90 
3715	28 
3716	69 
3717	41 
3718	32 
3719	77 
3720	88 
3721	77 
3722	77 
3723	82 
3724	2 
3725	84 
3726	79 
3727	10 
3728	52 
3729	31 
3730	28 
3731	43 
3732	102 
3733	7 
3734	15 
3735	83 
3736	101 
3737	10 
3738	46 
3739	38 
3740	32 
3741	45 
3742	103 
3743	39 
3744	88 
3745	62 
3746	43 
3747	6 
3748	35 
3749	62 
3750	96 
3751	63 
3752	77 
3753	11 
3754	42 
3755	85 
3756	63 
3757	101 
3758	38 
3759	34 
3760	39 
3761	86 
3762	96 
3763	5 
3764	22 
3765	46 
3766	86 
3767	21 
3768	9 
3769	99 
3770	103 
3771	85 
3772	46 
3773	35 
3774	76 
3775	64 
3776	82 
3777	18 
3778	46 
3779	83 
3780	57 
3781	68 
3782	29 
3783	25 
3784	23 
3785	39 
3786	85 
3787	21 
3788	41 
3789	45 
3790	24 
3791	76 
3792	95 
3793	32 
3794	104 
3795	28 
3796	30 
3797	13 
3798	3 
3799	11 
3800	9 
3801	87 
3802	21 
3803	52 
3804	1 
3805	75 
3806	51 
3807	2 
3808	7 
3809	18 
3810	43 
3811	85 
3812	91 
3813	55 
3814	38 
3815	18 
3816	36 
3817	51 
3818	24 
3819	100 
3820	5 
3821	64 
3822	76 
3823	96 
3824	41 
3825	85 
3826	60 
3827	104 
3828	74 
3829	69 
3830	74 
3831	43 
3832	5 
3833	83 
3834	45 
3835	46 
3836	47 
3837	32 
3838	16 
3839	55 
3840	79 
3841	2 
3842	32 
3843	11 
3844	103 
3845	56 
3846	56 
3847	29 
3848	18 
3849	65 
3850	81 
3851	17 
3852	47 
3853	103 
3854	82 
3855	39 
3856	91 
3857	61 
3858	91 
3859	102 
3860	7 
3861	78 
3862	85 
3863	84 
3864	39 
3865	56 
3866	100 
3867	84 
3868	29 
3869	100 
3870	39 
3871	67 
3872	69 
3873	14 
3874	77 
3875	50 
3876	65 
3877	63 
3878	2 
3879	5 
3880	41 
3881	44 
3882	63 
3883	45 
3884	81 
3885	10 
3886	63 
3887	54 
3888	90 
3889	44 
3890	93 
3891	86 
3892	32 
3893	51 
3894	102 
3895	32 
3896	6 
3897	18 
3898	94 
3899	2 
3900	10 
3901	2 
3902	30 
3903	37 
3904	75 
3905	19 
3906	66 
3907	64 
3908	95 
3909	63 
3910	54 
3911	97 
3912	104 
3913	41 
3914	18 
3915	25 
3916	44 
3917	100 
3918	69 
3919	11 
3920	41 
3921	9 
3922	96 
3923	48 
3924	97 
3925	81 
3926	10 
3927	38 
3928	12 
3929	87 
3930	73 
3931	4 
3932	39 
3933	42 
3934	79 
3935	44 
3936	63 
3937	103 
3938	71 
3939	16 
3940	24 
3941	91 
3942	21 
3943	102 
3944	83 
3945	99 
3946	89 
3947	32 
3948	2 
3949	86 
3950	76 
3951	21 
3952	76 
3953	88 
3954	33 
3955	26 
3956	52 
3957	40 
3958	66 
3959	26 
3960	76 
3961	40 
3962	74 
3963	88 
3964	1 
3965	71 
3966	80 
3967	92 
3968	4 
3969	47 
3970	48 
3971	36 
3972	44 
3973	8 
3974	18 
3975	21 
3976	7 
3977	61 
3978	29 
3979	79 
3980	50 
3981	91 
3982	82 
3983	27 
3984	73 
3985	42 
3986	56 
3987	43 
3988	47 
3989	103 
3990	54 
3991	88 
3992	55 
3993	46 
3994	36 
3995	54 
3996	7 
3997	23 
3998	53 
3999	82 
4000	101 
4001	25 
4002	8 
4003	28 
4004	2 
4005	82 
4006	83 
4007	76 
4008	86 
4009	96 
4010	14 
4011	64 
4012	100 
4013	84 
4014	45 
4015	46 
4016	33 
4017	7 
4018	16 
4019	46 
4020	74 
4021	84 
4022	88 
4023	90 
4024	49 
4025	102 
4026	80 
4027	79 
4028	80 
4029	94 
4030	14 
4031	97 
4032	85 
4033	2 
4034	39 
4035	59 
4036	5 
4037	14 
4038	81 
4039	17 
4040	27 
4041	33 
4042	78 
4043	74 
4044	74 
4045	46 
4046	37 
4047	6 
4048	46 
4049	33 
4050	39 
4051	46 
4052	40 
4053	42 
4054	2 
4055	21 
4056	99 
4057	22 
4058	24 
4059	55 
4060	32 
4061	92 
4062	56 
4063	18 
4064	6 
4065	104 
4066	13 
4067	44 
4068	102 
4069	83 
4070	43 
4071	45 
4072	57 
4073	63 
4074	97 
4075	7 
4076	39 
4077	49 
4078	79 
4079	22 
4080	24 
4081	45 
4082	6 
4083	96 
4084	34 
4085	102 
4086	94 
4087	25 
4088	79 
4089	28 
4090	26 
4091	23 
4092	74 
4093	82 
4094	97 
4095	81 
4096	47 
4097	5 
4098	56 
4099	16 
4100	61 
4101	57 
4102	83 
4103	70 
4104	97 
4105	37 
4106	8 
4107	20 
4108	45 
4109	57 
4110	33 
4111	77 
4112	83 
4113	96 
4114	37 
4115	34 
4116	45 
4117	10 
4118	8 
4119	4 
4120	86 
4121	68 
4122	14 
4123	75 
4124	76 
4125	54 
4126	28 
4127	64 
4128	10 
4129	83 
4130	67 
4131	24 
4132	59 
4133	85 
4134	45 
4135	93 
4136	61 
4137	17 
4138	92 
4139	96 
4140	92 
4141	93 
4142	86 
4143	42 
4144	91 
4145	55 
4146	88 
4147	53 
4148	25 
4149	77 
4150	85 
4151	51 
4152	76 
4153	74 
4154	104 
4155	59 
4156	26 
4157	82 
4158	15 
4159	48 
4160	33 
4161	53 
4162	73 
4163	67 
4164	54 
4165	64 
4166	54 
4167	26 
4168	53 
4169	80 
4170	37 
4171	72 
4172	65 
4173	100 
4174	51 
4175	104 
4176	39 
4177	91 
4178	52 
4179	96 
4180	96 
4181	6 
4182	82 
4183	46 
4184	76 
4185	20 
4186	85 
4187	91 
4188	21 
4189	77 
4190	84 
4191	100 
4192	54 
4193	35 
4194	98 
4195	44 
4196	54 
4197	39 
4198	40 
4199	92 
4200	38 
4201	94 
4202	59 
4203	46 
4204	69 
4205	56 
4206	26 
4207	54 
4208	35 
4209	7 
4210	93 
4211	71 
4212	67 
4213	37 
4214	76 
4215	54 
4216	56 
4217	45 
4218	21 
4219	71 
4220	73 
4221	46 
4222	91 
4223	96 
4224	94 
4225	57 
4226	25 
4227	15 
4228	74 
4229	24 
4230	17 
4231	29 
4232	4 
4233	102 
4234	74 
4235	100 
4236	33 
4237	59 
4238	32 
4239	66 
4240	45 
4241	48 
4242	89 
4243	18 
4244	69 
4245	15 
4246	86 
4247	72 
4248	93 
4249	56 
4250	103 
4251	17 
4252	32 
4253	9 
4254	60 
4255	10 
4256	96 
4257	44 
4258	21 
4259	72 
4260	13 
4261	11 
4262	5 
4263	50 
4264	81 
4265	25 
4266	79 
4267	2 
4268	54 
4269	79 
4270	85 
4271	6 
4272	76 
4273	14 
4274	39 
4275	30 
4276	21 
4277	2 
4278	51 
4279	36 
4280	54 
4281	33 
4282	63 
4283	91 
4284	90 
4285	90 
4286	82 
4287	91 
4288	74 
4289	38 
4290	100 
4291	11 
4292	82 
4293	33 
4294	94 
4295	67 
4296	29 
4297	10 
4298	24 
4299	2 
4300	88 
4301	4 
4302	103 
4303	35 
4304	77 
4305	33 
4306	83 
4307	93 
4308	74 
4309	25 
4310	16 
4311	73 
4312	13 
4313	97 
4314	104 
4315	35 
4316	96 
4317	71 
4318	66 
4319	63 
4320	63 
4321	81 
4322	41 
4323	27 
4324	100 
4325	44 
4326	2 
4327	2 
4328	77 
4329	58 
4330	52 
4331	69 
4332	85 
4333	13 
4334	56 
4335	73 
4336	9 
4337	49 
4338	48 
4339	50 
4340	25 
4341	23 
4342	85 
4343	100 
4344	91 
4345	88 
4346	96 
4347	47 
4348	96 
4349	89 
4350	9 
4351	96 
4352	5 
4353	28 
4354	16 
4355	8 
4356	24 
4357	96 
4358	74 
4359	9 
4360	25 
4361	8 
4362	1 
4363	93 
4364	64 
4365	4 
4366	6 
4367	44 
4368	1 
4369	46 
4370	56 
4371	44 
4372	64 
4373	5 
4374	64 
4375	84 
4376	3 
4377	23 
4378	27 
4379	44 
4380	24 
4381	42 
4382	43 
4383	86 
4384	29 
4385	58 
4386	62 
4387	96 
4388	86 
4389	66 
4390	99 
4391	46 
4392	93 
4393	54 
4394	35 
4395	10 
4396	73 
4397	14 
4398	50 
4399	44 
4400	85 
4401	93 
4402	102 
4403	88 
4404	77 
4405	7 
4406	14 
4407	62 
4408	31 
4409	25 
4410	93 
4411	29 
4412	45 
4413	56 
4414	33 
4415	49 
4416	10 
4417	32 
4418	44 
4419	35 
4420	26 
4421	91 
4422	29 
4423	76 
4424	33 
4425	1 
4426	74 
4427	39 
4428	41 
4429	77 
4430	54 
4431	44 
4432	93 
4433	102 
4434	102 
4435	82 
4436	17 
4437	62 
4438	99 
4439	25 
4440	82 
4441	103 
4442	96 
4443	3 
4444	85 
4445	63 
4446	90 
4447	95 
4448	38 
4449	8 
4450	86 
4451	21 
4452	14 
4453	96 
4454	25 
4455	66 
4456	39 
4457	96 
4458	73 
4459	15 
4460	18 
4461	29 
4462	86 
4463	33 
4464	10 
4465	101 
4466	76 
4467	32 
4468	24 
4469	25 
4470	82 
4471	82 
4472	67 
4473	69 
4474	54 
4475	39 
4476	73 
4477	103 
4478	85 
4479	8 
4480	29 
4481	64 
4482	3 
4483	10 
4484	8 
4485	77 
4486	79 
4487	5 
4488	18 
4489	91 
4490	25 
4491	45 
4492	58 
4493	24 
4494	17 
4495	21 
4496	23 
4497	5 
4498	104 
4499	58 
4500	99 
4501	88 
4502	23 
4503	2 
4504	53 
4505	4 
4506	74 
4507	100 
4508	90 
4509	28 
4510	86 
4511	95 
4512	18 
4513	76 
4514	4 
4515	29 
4516	39 
4517	4 
4518	45 
4519	9 
4520	64 
4521	46 
4522	66 
4523	81 
4524	102 
4525	27 
4526	76 
4527	25 
4528	85 
4529	32 
4530	90 
4531	99 
4532	31 
4533	44 
4534	7 
4535	32 
4536	56 
4537	89 
4538	33 
4539	50 
4540	7 
4541	50 
4542	28 
4543	58 
4544	4 
4545	10 
4546	54 
4547	25 
4548	94 
4549	28 
4550	5 
4551	81 
4552	3 
4553	82 
4554	83 
4555	2 
4556	53 
4557	18 
4558	42 
4559	18 
4560	47 
4561	81 
4562	21 
4563	14 
4564	73 
4565	10 
4566	91 
4567	5 
4568	25 
4569	54 
4570	13 
4571	86 
4572	73 
4573	29 
4574	17 
4575	85 
4576	2 
4577	63 
4578	89 
4579	94 
4580	104 
4581	95 
4582	38 
4583	10 
4584	91 
4585	91 
4586	91 
4587	63 
4588	15 
4589	85 
4590	102 
4591	38 
4592	74 
4593	66 
4594	69 
4595	76 
4596	88 
4597	100 
4598	29 
4599	58 
4600	84 
4601	91 
4602	60 
4603	90 
4604	10 
4605	91 
4606	86 
4607	14 
4608	96 
4609	50 
4610	90 
4611	25 
4612	32 
4613	21 
4614	44 
4615	82 
4616	63 
4617	38 
4618	94 
4619	93 
4620	29 
4621	66 
4622	38 
4623	2 
4624	86 
4625	29 
4626	86 
4627	39 
4628	82 
4629	29 
4630	26 
4631	47 
4632	41 
4633	69 
4634	73 
4635	96 
4636	50 
4637	79 
4638	96 
4639	104 
4640	85 
4641	96 
4642	46 
4643	66 
4644	100 
4645	35 
4646	5 
4647	32 
4648	32 
4649	39 
4650	44 
4651	46 
4652	45 
4653	96 
4654	102 
4655	43 
4656	26 
4657	39 
4658	86 
4659	2 
4660	56 
4661	45 
4662	82 
4663	103 
4664	32 
4665	81 
4666	8 
4667	47 
4668	43 
4669	38 
4670	35 
4671	43 
4672	95 
4673	5 
4674	63 
4675	82 
4676	50 
4677	42 
4678	26 
4679	100 
4680	89 
4681	90 
4682	39 
4683	28 
4684	76 
4685	85 
4686	5 
4687	66 
4688	5 
4689	9 
4690	16 
4691	1 
4692	82 
4693	104 
4694	39 
4695	10 
4696	38 
4697	64 
4698	2 
4699	14 
4700	38 
4701	33 
4702	83 
4703	28 
4704	81 
4705	82 
4706	7 
4707	33 
4708	60 
4709	63 
4710	54 
4711	28 
4712	26 
4713	46 
4714	38 
4715	13 
4716	94 
4717	9 
4718	86 
4719	60 
4720	10 
4721	10 
4722	85 
4723	42 
4724	85 
4725	45 
4726	2 
4727	7 
4728	76 
4729	38 
4730	103 
4731	24 
4732	14 
4733	44 
4734	2 
4735	28 
4736	39 
4737	84 
4738	45 
4739	90 
4740	39 
4741	42 
4742	100 
4743	28 
4744	91 
4745	85 
4746	96 
4747	53 
4748	66 
4749	64 
4750	60 
4751	82 
4752	9 
4753	102 
4754	103 
4755	82 
4756	5 
4757	63 
4758	56 
4759	18 
4760	5 
4761	91 
4762	104 
4763	85 
4764	43 
4765	44 
4766	63 
4767	102 
4768	85 
4769	24 
4770	16 
4771	17 
4772	86 
4773	96 
4774	104 
4775	102 
4776	85 
4777	45 
4778	10 
4779	18 
4780	103 
4781	104 
4782	76 
4783	16 
4784	86 
4785	90 
4786	83 
4787	86 
4788	96 
4789	38 
4790	10 
4791	29 
4792	21 
4793	2 
4794	64 
4795	33 
4796	84 
4797	50 
4798	103 
4799	44 
4800	81 
4801	45 
4802	66 
4803	9 
4804	38 
4805	60 
4806	74 
4807	8 
4808	76 
4809	85 
4810	17 
4811	5 
4812	10 
4813	66 
4814	56 
4815	88 
4816	69 
4817	6 
4818	7 
4819	96 
4820	38 
4821	54 
4822	6 
4823	50 
4824	25 
4825	43 
4826	7 
4827	21 
4828	39 
4829	38 
4830	2 
4831	24 
4832	66 
4833	104 
4834	8 
4835	42 
4836	91 
4837	76 
4838	14 
4839	64 
4840	46 
4841	33 
4842	32 
4843	90 
4844	14 
4845	5 
4846	74 
4847	42 
4848	29 
4849	46 
4850	76 
4851	44 
4852	54 
4853	28 
4854	33 
4855	90 
4856	8 
4857	90 
4858	8 
4859	73 
4860	2 
4861	104 
4862	9 
4863	81 
4864	60 
4865	85 
4866	6 
4867	46 
4868	90 
4869	43 
4870	43 
4871	83 
4872	2 
4873	18 
4874	24 
4875	56 
4876	104 
4877	21 
4878	45 
4879	24 
4880	43 
4881	96 
4882	9 
4883	73 
4884	26 
4885	42 
4886	79 
4887	94 
4888	96 
4889	66 
4890	8 
4891	10 
4892	64 
4893	10 
4894	46 
4895	24 
4896	103 
4897	5 
4898	81 
4899	25 
4900	96 
4901	24 
4902	56 
4903	24 
4904	76 
4905	45 
4906	76 
4907	44 
4908	76 
4909	86 
4910	79 
4911	39 
4912	56 
4913	25 
4914	25 
4915	85 
4916	38 
4917	53 
4918	66 
4919	38 
4920	73 
4921	54 
4922	32 
4923	28 
4924	42 
4925	38 
4926	39 
4927	85 
4928	5 
4929	44 
4930	102 
4931	39 
4932	18 
4933	56 
4934	2 
4935	103 
4936	79 
4937	79 
4938	10 
4939	91 
4940	25 
4941	102 
4942	28 
4943	94 
4944	39 
4945	94 
4946	76 
4947	64 
4948	2 
4949	46 
4950	32 
4951	46 
4952	42 
4953	86 
4954	96 
4955	45 
4956	64 
4957	26 
4958	50 
4959	25 
4960	76 
4961	45 
4962	44 
4963	64 
4964	14 
4965	94 
4966	6 
4967	42 
4968	24 
4969	53 
4970	46 
4971	56 
4972	42 
4973	85 
4974	64 
4975	96 
4976	14 
4977	85 
4978	56 
4979	53 
4980	53 
4981	9 
4982	2 
4983	10 
4984	46 
4985	76 
4986	103 
4987	82 
4988	42 
4989	24 
4990	2 
4991	102 
4992	82 
4993	53 
4994	2 
4995	28 
4996	38 
4997	66 
4998	24 
4999	28 
5000	66 
