1	29 
2	28 
3	64 
4	86 
5	55 
6	93 
7	66 
8	63 
9	79 
10	92 
11	7 
12	95 
13	51 
14	100 
15	12 
16	11 
17	8 
18	101 
19	101 
20	45 
21	51 
22	19 
23	6 
24	86 
25	56 
26	23 
27	10 
28	63 
29	29 
30	79 
31	38 
32	83 
33	99 
34	46 
35	23 
36	67 
37	105 
38	98 
39	40 
40	39 
41	22 
42	85 
43	105 
44	12 
45	18 
46	101 
47	83 
48	76 
49	100 
50	66 
51	52 
52	71 
53	41 
54	31 
55	82 
56	70 
57	86 
58	93 
59	105 
60	54 
61	74 
62	51 
63	76 
64	58 
65	30 
66	58 
67	46 
68	99 
69	51 
70	66 
71	38 
72	17 
73	19 
74	98 
75	82 
76	4 
77	36 
78	23 
79	43 
80	48 
81	17 
82	60 
83	20 
84	42 
85	63 
86	56 
87	57 
88	53 
89	61 
90	72 
91	86 
92	77 
93	40 
94	37 
95	58 
96	88 
97	26 
98	101 
99	42 
100	71 
101	63 
102	86 
103	1 
104	101 
105	81 
106	79 
107	20 
108	25 
109	73 
110	63 
111	99 
112	34 
113	1 
114	3 
115	105 
116	63 
117	6 
118	103 
119	49 
120	105 
121	7 
122	10 
123	11 
124	28 
125	64 
126	9 
127	7 
128	85 
129	7 
130	88 
131	51 
132	34 
133	35 
134	6 
135	78 
136	49 
137	95 
138	22 
139	104 
140	82 
141	57 
142	7 
143	39 
144	103 
145	21 
146	1 
147	15 
148	65 
149	21 
150	95 
151	15 
152	22 
153	40 
154	80 
155	92 
156	63 
157	91 
158	39 
159	5 
160	3 
161	65 
162	38 
163	34 
164	84 
165	75 
166	62 
167	53 
168	65 
169	4 
170	28 
171	76 
172	34 
173	47 
174	83 
175	26 
176	67 
177	25 
178	53 
179	18 
180	66 
181	56 
182	83 
183	3 
184	79 
185	71 
186	62 
187	102 
188	23 
189	4 
190	102 
191	31 
192	32 
193	70 
194	23 
195	3 
196	37 
197	15 
198	32 
199	46 
200	82 
201	53 
202	34 
203	18 
204	18 
205	5 
206	3 
207	62 
208	28 
209	86 
210	4 
211	84 
212	39 
213	30 
214	89 
215	98 
216	94 
217	92 
218	100 
219	92 
220	5 
221	55 
222	58 
223	65 
224	16 
225	70 
226	91 
227	5 
228	98 
229	9 
230	52 
231	55 
232	92 
233	2 
234	22 
235	54 
236	19 
237	34 
238	21 
239	65 
240	88 
241	20 
242	67 
243	3 
244	9 
245	73 
246	97 
247	99 
248	45 
249	71 
250	1 
251	61 
252	91 
253	104 
254	14 
255	98 
256	11 
257	79 
258	84 
259	91 
260	85 
261	32 
262	34 
263	27 
264	99 
265	101 
266	60 
267	39 
268	26 
269	63 
270	22 
271	91 
272	6 
273	14 
274	57 
275	49 
276	81 
277	58 
278	71 
279	28 
280	18 
281	44 
282	40 
283	77 
284	47 
285	79 
286	67 
287	6 
288	49 
289	26 
290	52 
291	34 
292	49 
293	93 
294	67 
295	93 
296	7 
297	35 
298	33 
299	37 
300	1 
301	1 
302	98 
303	105 
304	102 
305	27 
306	91 
307	67 
308	91 
309	65 
310	82 
311	23 
312	62 
313	20 
314	57 
315	75 
316	20 
317	1 
318	97 
319	40 
320	92 
321	86 
322	43 
323	79 
324	52 
325	8 
326	93 
327	85 
328	10 
329	9 
330	93 
331	99 
332	54 
333	63 
334	42 
335	44 
336	50 
337	2 
338	30 
339	48 
340	22 
341	61 
342	3 
343	94 
344	97 
345	25 
346	68 
347	91 
348	17 
349	98 
350	94 
351	94 
352	29 
353	1 
354	70 
355	61 
356	63 
357	29 
358	65 
359	49 
360	50 
361	3 
362	92 
363	70 
364	28 
365	1 
366	71 
367	51 
368	90 
369	45 
370	20 
371	64 
372	92 
373	26 
374	97 
375	19 
376	99 
377	26 
378	11 
379	69 
380	50 
381	6 
382	74 
383	26 
384	17 
385	45 
386	37 
387	67 
388	9 
389	102 
390	67 
391	26 
392	21 
393	6 
394	52 
395	14 
396	18 
397	7 
398	5 
399	91 
400	20 
401	17 
402	97 
403	21 
404	17 
405	103 
406	12 
407	72 
408	6 
409	61 
410	105 
411	62 
412	81 
413	98 
414	24 
415	86 
416	101 
417	71 
418	45 
419	98 
420	3 
421	80 
422	86 
423	82 
424	62 
425	73 
426	46 
427	19 
428	17 
429	44 
430	81 
431	71 
432	37 
433	82 
434	4 
435	25 
436	100 
437	91 
438	8 
439	55 
440	28 
441	23 
442	77 
443	4 
444	86 
445	60 
446	54 
447	12 
448	64 
449	64 
450	23 
451	70 
452	26 
453	60 
454	96 
455	16 
456	25 
457	62 
458	3 
459	76 
460	99 
461	23 
462	38 
463	67 
464	19 
465	54 
466	74 
467	85 
468	103 
469	3 
470	34 
471	71 
472	56 
473	87 
474	62 
475	68 
476	10 
477	4 
478	11 
479	17 
480	19 
481	41 
482	29 
483	25 
484	46 
485	65 
486	13 
487	7 
488	63 
489	66 
490	49 
491	103 
492	71 
493	27 
494	8 
495	22 
496	25 
497	11 
498	11 
499	73 
500	12 
501	99 
502	71 
503	59 
504	12 
505	39 
506	27 
507	54 
508	41 
509	18 
510	66 
511	52 
512	20 
513	25 
514	23 
515	89 
516	13 
517	86 
518	20 
519	12 
520	56 
521	40 
522	44 
523	25 
524	55 
525	60 
526	54 
527	95 
528	41 
529	22 
530	67 
531	64 
532	81 
533	15 
534	91 
535	18 
536	81 
537	50 
538	23 
539	58 
540	63 
541	8 
542	20 
543	97 
544	24 
545	6 
546	19 
547	15 
548	20 
549	9 
550	32 
551	63 
552	48 
553	105 
554	91 
555	49 
556	23 
557	36 
558	33 
559	80 
560	23 
561	86 
562	100 
563	91 
564	89 
565	72 
566	69 
567	77 
568	99 
569	30 
570	93 
571	25 
572	91 
573	26 
574	27 
575	2 
576	69 
577	32 
578	104 
579	76 
580	80 
581	34 
582	67 
583	80 
584	65 
585	36 
586	25 
587	78 
588	4 
589	26 
590	25 
591	14 
592	1 
593	96 
594	31 
595	64 
596	52 
597	22 
598	86 
599	62 
600	83 
601	101 
602	91 
603	20 
604	76 
605	83 
606	32 
607	6 
608	104 
609	90 
610	40 
611	62 
612	27 
613	89 
614	37 
615	4 
616	49 
617	31 
618	86 
619	86 
620	64 
621	15 
622	8 
623	53 
624	71 
625	19 
626	50 
627	24 
628	71 
629	6 
630	81 
631	78 
632	74 
633	45 
634	41 
635	18 
636	9 
637	57 
638	21 
639	39 
640	1 
641	97 
642	89 
643	65 
644	20 
645	51 
646	98 
647	57 
648	102 
649	55 
650	62 
651	13 
652	45 
653	1 
654	71 
655	22 
656	34 
657	9 
658	20 
659	82 
660	75 
661	21 
662	101 
663	91 
664	7 
665	61 
666	105 
667	86 
668	28 
669	92 
670	26 
671	59 
672	40 
673	56 
674	11 
675	104 
676	57 
677	15 
678	95 
679	102 
680	23 
681	84 
682	88 
683	1 
684	99 
685	1 
686	54 
687	78 
688	71 
689	66 
690	43 
691	93 
692	37 
693	27 
694	86 
695	15 
696	5 
697	88 
698	16 
699	6 
700	19 
701	37 
702	6 
703	49 
704	76 
705	102 
706	42 
707	90 
708	42 
709	67 
710	98 
711	27 
712	58 
713	25 
714	56 
715	31 
716	10 
717	26 
718	90 
719	85 
720	90 
721	67 
722	82 
723	8 
724	73 
725	20 
726	79 
727	64 
728	58 
729	41 
730	39 
731	31 
732	91 
733	83 
734	95 
735	21 
736	63 
737	1 
738	8 
739	20 
740	31 
741	62 
742	82 
743	86 
744	69 
745	61 
746	6 
747	27 
748	83 
749	86 
750	5 
751	72 
752	3 
753	62 
754	27 
755	16 
756	105 
757	71 
758	21 
759	97 
760	3 
761	28 
762	26 
763	7 
764	6 
765	66 
766	65 
767	22 
768	21 
769	16 
770	34 
771	32 
772	3 
773	34 
774	35 
775	83 
776	73 
777	41 
778	67 
779	58 
780	53 
781	29 
782	102 
783	35 
784	28 
785	100 
786	66 
787	99 
788	19 
789	37 
790	34 
791	57 
792	68 
793	62 
794	9 
795	79 
796	91 
797	97 
798	45 
799	34 
800	76 
801	20 
802	2 
803	64 
804	21 
805	71 
806	32 
807	79 
808	3 
809	63 
810	40 
811	102 
812	73 
813	5 
814	47 
815	102 
816	12 
817	34 
818	1 
819	7 
820	20 
821	95 
822	52 
823	16 
824	1 
825	103 
826	91 
827	23 
828	90 
829	86 
830	23 
831	3 
832	41 
833	54 
834	4 
835	71 
836	16 
837	55 
838	18 
839	36 
840	41 
841	71 
842	8 
843	37 
844	93 
845	85 
846	48 
847	11 
848	23 
849	69 
850	102 
851	86 
852	101 
853	37 
854	87 
855	92 
856	11 
857	25 
858	98 
859	80 
860	70 
861	86 
862	89 
863	80 
864	35 
865	65 
866	38 
867	26 
868	97 
869	21 
870	59 
871	90 
872	16 
873	88 
874	48 
875	17 
876	54 
877	95 
878	94 
879	48 
880	12 
881	33 
882	101 
883	89 
884	6 
885	85 
886	23 
887	71 
888	101 
889	37 
890	10 
891	79 
892	7 
893	63 
894	43 
895	75 
896	63 
897	7 
898	15 
899	75 
900	20 
901	79 
902	55 
903	91 
904	85 
905	3 
906	75 
907	105 
908	53 
909	73 
910	27 
911	25 
912	85 
913	66 
914	7 
915	91 
916	58 
917	45 
918	9 
919	45 
920	102 
921	79 
922	62 
923	38 
924	25 
925	22 
926	96 
927	49 
928	98 
929	85 
930	27 
931	12 
932	53 
933	23 
934	23 
935	43 
936	26 
937	12 
938	37 
939	34 
940	21 
941	26 
942	43 
943	37 
944	33 
945	24 
946	42 
947	87 
948	87 
949	97 
950	18 
951	24 
952	89 
953	7 
954	102 
955	87 
956	42 
957	14 
958	45 
959	62 
960	100 
961	22 
962	103 
963	58 
964	29 
965	61 
966	18 
967	28 
968	13 
969	104 
970	10 
971	35 
972	100 
973	1 
974	19 
975	13 
976	101 
977	105 
978	27 
979	19 
980	89 
981	67 
982	101 
983	28 
984	47 
985	78 
986	86 
987	86 
988	11 
989	105 
990	61 
991	27 
992	59 
993	11 
994	61 
995	55 
996	98 
997	28 
998	42 
999	79 
1000	20 
1001	80 
1002	86 
1003	25 
1004	12 
1005	94 
1006	81 
1007	6 
1008	72 
1009	17 
1010	67 
1011	20 
1012	63 
1013	34 
1014	71 
1015	52 
1016	97 
1017	5 
1018	89 
1019	66 
1020	71 
1021	99 
1022	23 
1023	5 
1024	38 
1025	48 
1026	27 
1027	82 
1028	6 
1029	32 
1030	17 
1031	22 
1032	89 
1033	57 
1034	12 
1035	86 
1036	53 
1037	23 
1038	29 
1039	47 
1040	105 
1041	45 
1042	66 
1043	23 
1044	71 
1045	98 
1046	40 
1047	6 
1048	79 
1049	101 
1050	37 
1051	6 
1052	67 
1053	83 
1054	93 
1055	63 
1056	61 
1057	25 
1058	63 
1059	19 
1060	11 
1061	34 
1062	61 
1063	58 
1064	45 
1065	100 
1066	87 
1067	62 
1068	102 
1069	6 
1070	65 
1071	100 
1072	58 
1073	34 
1074	11 
1075	60 
1076	21 
1077	94 
1078	47 
1079	97 
1080	12 
1081	100 
1082	46 
1083	77 
1084	26 
1085	22 
1086	5 
1087	63 
1088	27 
1089	36 
1090	67 
1091	4 
1092	72 
1093	26 
1094	8 
1095	22 
1096	12 
1097	38 
1098	29 
1099	23 
1100	1 
1101	33 
1102	27 
1103	100 
1104	41 
1105	93 
1106	59 
1107	41 
1108	90 
1109	66 
1110	12 
1111	19 
1112	81 
1113	23 
1114	80 
1115	25 
1116	54 
1117	51 
1118	48 
1119	3 
1120	45 
1121	80 
1122	67 
1123	64 
1124	7 
1125	26 
1126	7 
1127	60 
1128	44 
1129	42 
1130	80 
1131	45 
1132	20 
1133	10 
1134	78 
1135	86 
1136	12 
1137	5 
1138	54 
1139	86 
1140	94 
1141	3 
1142	37 
1143	41 
1144	30 
1145	14 
1146	66 
1147	18 
1148	26 
1149	54 
1150	95 
1151	89 
1152	95 
1153	27 
1154	84 
1155	60 
1156	34 
1157	75 
1158	94 
1159	83 
1160	100 
1161	62 
1162	7 
1163	63 
1164	51 
1165	77 
1166	75 
1167	104 
1168	102 
1169	29 
1170	11 
1171	37 
1172	67 
1173	91 
1174	42 
1175	88 
1176	97 
1177	56 
1178	13 
1179	62 
1180	2 
1181	19 
1182	36 
1183	50 
1184	4 
1185	16 
1186	8 
1187	21 
1188	102 
1189	3 
1190	4 
1191	93 
1192	13 
1193	84 
1194	61 
1195	37 
1196	80 
1197	97 
1198	82 
1199	26 
1200	3 
1201	79 
1202	23 
1203	1 
1204	100 
1205	15 
1206	105 
1207	96 
1208	79 
1209	41 
1210	80 
1211	69 
1212	20 
1213	26 
1214	84 
1215	3 
1216	11 
1217	22 
1218	78 
1219	3 
1220	35 
1221	6 
1222	65 
1223	99 
1224	20 
1225	96 
1226	67 
1227	33 
1228	55 
1229	98 
1230	80 
1231	71 
1232	45 
1233	31 
1234	14 
1235	54 
1236	48 
1237	20 
1238	23 
1239	24 
1240	30 
1241	26 
1242	62 
1243	66 
1244	74 
1245	23 
1246	101 
1247	26 
1248	92 
1249	6 
1250	20 
1251	86 
1252	28 
1253	31 
1254	23 
1255	89 
1256	43 
1257	63 
1258	80 
1259	37 
1260	19 
1261	61 
1262	2 
1263	34 
1264	101 
1265	62 
1266	13 
1267	20 
1268	63 
1269	12 
1270	94 
1271	21 
1272	42 
1273	15 
1274	71 
1275	23 
1276	67 
1277	90 
1278	91 
1279	52 
1280	26 
1281	30 
1282	8 
1283	53 
1284	3 
1285	24 
1286	79 
1287	66 
1288	71 
1289	65 
1290	91 
1291	85 
1292	54 
1293	48 
1294	70 
1295	84 
1296	9 
1297	2 
1298	6 
1299	62 
1300	80 
1301	81 
1302	58 
1303	20 
1304	105 
1305	22 
1306	58 
1307	81 
1308	92 
1309	20 
1310	105 
1311	3 
1312	31 
1313	88 
1314	15 
1315	54 
1316	1 
1317	36 
1318	12 
1319	89 
1320	59 
1321	93 
1322	39 
1323	40 
1324	61 
1325	37 
1326	52 
1327	29 
1328	1 
1329	71 
1330	13 
1331	81 
1332	46 
1333	20 
1334	66 
1335	93 
1336	25 
1337	58 
1338	102 
1339	68 
1340	76 
1341	54 
1342	45 
1343	79 
1344	102 
1345	81 
1346	23 
1347	34 
1348	37 
1349	101 
1350	33 
1351	25 
1352	14 
1353	66 
1354	24 
1355	77 
1356	5 
1357	19 
1358	74 
1359	41 
1360	2 
1361	14 
1362	83 
1363	95 
1364	80 
1365	21 
1366	97 
1367	105 
1368	41 
1369	12 
1370	7 
1371	75 
1372	35 
1373	22 
1374	70 
1375	83 
1376	41 
1377	34 
1378	94 
1379	34 
1380	51 
1381	5 
1382	25 
1383	34 
1384	1 
1385	100 
1386	43 
1387	102 
1388	92 
1389	35 
1390	94 
1391	45 
1392	79 
1393	76 
1394	99 
1395	23 
1396	63 
1397	60 
1398	98 
1399	19 
1400	1 
1401	45 
1402	78 
1403	34 
1404	4 
1405	35 
1406	23 
1407	65 
1408	60 
1409	22 
1410	5 
1411	89 
1412	69 
1413	70 
1414	77 
1415	19 
1416	5 
1417	52 
1418	23 
1419	76 
1420	44 
1421	90 
1422	7 
1423	105 
1424	76 
1425	76 
1426	66 
1427	26 
1428	21 
1429	27 
1430	86 
1431	81 
1432	5 
1433	86 
1434	10 
1435	66 
1436	34 
1437	19 
1438	7 
1439	104 
1440	59 
1441	64 
1442	9 
1443	63 
1444	4 
1445	68 
1446	42 
1447	15 
1448	55 
1449	91 
1450	21 
1451	34 
1452	11 
1453	45 
1454	57 
1455	34 
1456	88 
1457	25 
1458	34 
1459	17 
1460	7 
1461	54 
1462	99 
1463	45 
1464	58 
1465	105 
1466	18 
1467	54 
1468	6 
1469	71 
1470	95 
1471	37 
1472	35 
1473	34 
1474	3 
1475	27 
1476	74 
1477	33 
1478	80 
1479	27 
1480	70 
1481	4 
1482	13 
1483	98 
1484	38 
1485	33 
1486	5 
1487	67 
1488	1 
1489	35 
1490	79 
1491	52 
1492	54 
1493	100 
1494	37 
1495	22 
1496	19 
1497	13 
1498	41 
1499	95 
1500	28 
1501	26 
1502	3 
1503	98 
1504	82 
1505	86 
1506	46 
1507	33 
1508	40 
1509	34 
1510	26 
1511	5 
1512	86 
1513	80 
1514	82 
1515	53 
1516	67 
1517	89 
1518	71 
1519	78 
1520	24 
1521	15 
1522	83 
1523	11 
1524	68 
1525	74 
1526	66 
1527	34 
1528	54 
1529	100 
1530	34 
1531	78 
1532	62 
1533	22 
1534	11 
1535	81 
1536	51 
1537	82 
1538	105 
1539	69 
1540	97 
1541	66 
1542	27 
1543	63 
1544	58 
1545	17 
1546	91 
1547	37 
1548	29 
1549	63 
1550	72 
1551	93 
1552	4 
1553	87 
1554	54 
1555	63 
1556	96 
1557	39 
1558	26 
1559	40 
1560	79 
1561	88 
1562	23 
1563	70 
1564	4 
1565	51 
1566	25 
1567	21 
1568	25 
1569	94 
1570	44 
1571	47 
1572	62 
1573	41 
1574	9 
1575	55 
1576	62 
1577	33 
1578	62 
1579	101 
1580	16 
1581	4 
1582	87 
1583	26 
1584	13 
1585	104 
1586	23 
1587	95 
1588	1 
1589	81 
1590	29 
1591	67 
1592	58 
1593	7 
1594	52 
1595	12 
1596	97 
1597	57 
1598	26 
1599	71 
1600	59 
1601	10 
1602	43 
1603	12 
1604	102 
1605	97 
1606	26 
1607	24 
1608	78 
1609	39 
1610	56 
1611	61 
1612	24 
1613	98 
1614	35 
1615	39 
1616	2 
1617	61 
1618	37 
1619	22 
1620	60 
1621	12 
1622	99 
1623	56 
1624	26 
1625	31 
1626	18 
1627	13 
1628	5 
1629	75 
1630	34 
1631	22 
1632	1 
1633	28 
1634	74 
1635	14 
1636	105 
1637	60 
1638	8 
1639	5 
1640	68 
1641	105 
1642	9 
1643	14 
1644	91 
1645	57 
1646	31 
1647	101 
1648	43 
1649	83 
1650	9 
1651	22 
1652	51 
1653	31 
1654	81 
1655	37 
1656	1 
1657	97 
1658	3 
1659	79 
1660	88 
1661	96 
1662	104 
1663	83 
1664	37 
1665	2 
1666	26 
1667	30 
1668	49 
1669	103 
1670	69 
1671	63 
1672	66 
1673	25 
1674	62 
1675	49 
1676	7 
1677	19 
1678	66 
1679	18 
1680	33 
1681	52 
1682	25 
1683	7 
1684	23 
1685	91 
1686	33 
1687	34 
1688	26 
1689	22 
1690	87 
1691	65 
1692	34 
1693	25 
1694	7 
1695	39 
1696	76 
1697	32 
1698	22 
1699	53 
1700	37 
1701	71 
1702	37 
1703	5 
1704	25 
1705	92 
1706	71 
1707	80 
1708	16 
1709	51 
1710	48 
1711	11 
1712	69 
1713	86 
1714	25 
1715	4 
1716	67 
1717	26 
1718	101 
1719	26 
1720	76 
1721	33 
1722	102 
1723	81 
1724	54 
1725	42 
1726	72 
1727	71 
1728	91 
1729	1 
1730	93 
1731	25 
1732	15 
1733	1 
1734	95 
1735	95 
1736	10 
1737	60 
1738	86 
1739	44 
1740	79 
1741	62 
1742	31 
1743	12 
1744	97 
1745	102 
1746	93 
1747	90 
1748	24 
1749	66 
1750	89 
1751	34 
1752	41 
1753	49 
1754	1 
1755	59 
1756	25 
1757	19 
1758	85 
1759	31 
1760	35 
1761	82 
1762	97 
1763	6 
1764	79 
1765	91 
1766	52 
1767	30 
1768	80 
1769	15 
1770	92 
1771	35 
1772	104 
1773	11 
1774	82 
1775	39 
1776	73 
1777	57 
1778	14 
1779	101 
1780	25 
1781	100 
1782	11 
1783	9 
1784	63 
1785	44 
1786	99 
1787	54 
1788	91 
1789	98 
1790	15 
1791	86 
1792	95 
1793	2 
1794	65 
1795	26 
1796	82 
1797	65 
1798	72 
1799	3 
1800	45 
1801	80 
1802	85 
1803	65 
1804	105 
1805	82 
1806	25 
1807	29 
1808	34 
1809	56 
1810	84 
1811	91 
1812	66 
1813	1 
1814	62 
1815	20 
1816	1 
1817	6 
1818	21 
1819	90 
1820	75 
1821	39 
1822	105 
1823	9 
1824	40 
1825	41 
1826	45 
1827	28 
1828	4 
1829	15 
1830	62 
1831	81 
1832	19 
1833	85 
1834	101 
1835	67 
1836	11 
1837	96 
1838	84 
1839	102 
1840	81 
1841	41 
1842	81 
1843	19 
1844	71 
1845	23 
1846	96 
1847	101 
1848	21 
1849	23 
1850	63 
1851	1 
1852	66 
1853	12 
1854	85 
1855	35 
1856	58 
1857	91 
1858	81 
1859	50 
1860	57 
1861	61 
1862	72 
1863	12 
1864	43 
1865	27 
1866	21 
1867	62 
1868	66 
1869	86 
1870	62 
1871	45 
1872	76 
1873	45 
1874	73 
1875	22 
1876	87 
1877	12 
1878	76 
1879	37 
1880	39 
1881	101 
1882	20 
1883	6 
1884	47 
1885	87 
1886	70 
1887	65 
1888	62 
1889	81 
1890	41 
1891	13 
1892	35 
1893	98 
1894	11 
1895	20 
1896	48 
1897	75 
1898	55 
1899	67 
1900	61 
1901	62 
1902	52 
1903	18 
1904	91 
1905	1 
1906	68 
1907	92 
1908	8 
1909	34 
1910	91 
1911	31 
1912	104 
1913	34 
1914	67 
1915	15 
1916	15 
1917	18 
1918	16 
1919	5 
1920	63 
1921	6 
1922	105 
1923	3 
1924	99 
1925	101 
1926	66 
1927	27 
1928	34 
1929	94 
1930	5 
1931	82 
1932	41 
1933	79 
1934	79 
1935	28 
1936	90 
1937	27 
1938	80 
1939	31 
1940	54 
1941	37 
1942	31 
1943	105 
1944	3 
1945	99 
1946	70 
1947	54 
1948	37 
1949	39 
1950	47 
1951	31 
1952	66 
1953	5 
1954	26 
1955	87 
1956	23 
1957	55 
1958	35 
1959	44 
1960	37 
1961	34 
1962	22 
1963	101 
1964	19 
1965	101 
1966	54 
1967	37 
1968	29 
1969	46 
1970	92 
1971	71 
1972	41 
1973	105 
1974	4 
1975	38 
1976	37 
1977	18 
1978	3 
1979	45 
1980	71 
1981	105 
1982	67 
1983	12 
1984	67 
1985	105 
1986	7 
1987	26 
1988	22 
1989	89 
1990	45 
1991	45 
1992	45 
1993	26 
1994	26 
1995	105 
1996	21 
1997	101 
1998	60 
1999	6 
2000	70 
2001	99 
2002	67 
2003	5 
2004	77 
2005	12 
2006	79 
2007	11 
2008	105 
2009	67 
2010	86 
2011	82 
2012	57 
2013	41 
2014	28 
2015	97 
2016	15 
2017	28 
2018	83 
2019	78 
2020	34 
2021	41 
2022	3 
2023	102 
2024	62 
2025	47 
2026	101 
2027	10 
2028	22 
2029	23 
2030	52 
2031	46 
2032	4 
2033	12 
2034	81 
2035	18 
2036	34 
2037	38 
2038	74 
2039	23 
2040	17 
2041	87 
2042	62 
2043	90 
2044	96 
2045	28 
2046	23 
2047	71 
2048	6 
2049	56 
2050	33 
2051	60 
2052	86 
2053	77 
2054	58 
2055	96 
2056	47 
2057	9 
2058	94 
2059	99 
2060	71 
2061	62 
2062	58 
2063	48 
2064	105 
2065	83 
2066	27 
2067	11 
2068	91 
2069	19 
2070	65 
2071	22 
2072	42 
2073	87 
2074	78 
2075	7 
2076	47 
2077	11 
2078	57 
2079	18 
2080	65 
2081	61 
2082	11 
2083	20 
2084	15 
2085	90 
2086	37 
2087	42 
2088	4 
2089	99 
2090	34 
2091	36 
2092	89 
2093	6 
2094	77 
2095	68 
2096	76 
2097	24 
2098	8 
2099	8 
2100	12 
2101	27 
2102	71 
2103	39 
2104	98 
2105	99 
2106	80 
2107	37 
2108	84 
2109	41 
2110	65 
2111	5 
2112	69 
2113	97 
2114	11 
2115	37 
2116	78 
2117	53 
2118	60 
2119	28 
2120	16 
2121	53 
2122	22 
2123	91 
2124	53 
2125	28 
2126	91 
2127	54 
2128	64 
2129	75 
2130	96 
2131	83 
2132	70 
2133	101 
2134	62 
2135	4 
2136	101 
2137	79 
2138	23 
2139	19 
2140	22 
2141	60 
2142	92 
2143	105 
2144	71 
2145	45 
2146	35 
2147	24 
2148	24 
2149	63 
2150	23 
2151	105 
2152	37 
2153	101 
2154	99 
2155	35 
2156	53 
2157	24 
2158	80 
2159	49 
2160	27 
2161	60 
2162	33 
2163	61 
2164	105 
2165	93 
2166	59 
2167	95 
2168	60 
2169	19 
2170	78 
2171	62 
2172	82 
2173	102 
2174	91 
2175	35 
2176	97 
2177	89 
2178	63 
2179	101 
2180	63 
2181	68 
2182	88 
2183	98 
2184	101 
2185	92 
2186	34 
2187	99 
2188	67 
2189	12 
2190	79 
2191	33 
2192	26 
2193	7 
2194	11 
2195	18 
2196	48 
2197	68 
2198	3 
2199	47 
2200	36 
2201	45 
2202	13 
2203	19 
2204	2 
2205	53 
2206	79 
2207	100 
2208	14 
2209	52 
2210	36 
2211	62 
2212	101 
2213	81 
2214	65 
2215	50 
2216	54 
2217	63 
2218	82 
2219	94 
2220	1 
2221	22 
2222	45 
2223	4 
2224	91 
2225	40 
2226	39 
2227	6 
2228	25 
2229	30 
2230	19 
2231	23 
2232	12 
2233	22 
2234	15 
2235	85 
2236	12 
2237	4 
2238	61 
2239	66 
2240	18 
2241	80 
2242	26 
2243	4 
2244	58 
2245	66 
2246	82 
2247	66 
2248	37 
2249	99 
2250	88 
2251	65 
2252	101 
2253	70 
2254	42 
2255	2 
2256	21 
2257	75 
2258	19 
2259	42 
2260	52 
2261	80 
2262	73 
2263	91 
2264	27 
2265	32 
2266	101 
2267	46 
2268	6 
2269	57 
2270	105 
2271	6 
2272	31 
2273	12 
2274	80 
2275	66 
2276	62 
2277	71 
2278	79 
2279	10 
2280	34 
2281	75 
2282	63 
2283	7 
2284	66 
2285	62 
2286	51 
2287	62 
2288	89 
2289	7 
2290	91 
2291	64 
2292	20 
2293	52 
2294	98 
2295	20 
2296	20 
2297	45 
2298	77 
2299	68 
2300	1 
2301	63 
2302	98 
2303	26 
2304	7 
2305	54 
2306	11 
2307	90 
2308	31 
2309	37 
2310	30 
2311	100 
2312	48 
2313	85 
2314	93 
2315	4 
2316	51 
2317	98 
2318	100 
2319	28 
2320	77 
2321	1 
2322	4 
2323	101 
2324	86 
2325	25 
2326	70 
2327	67 
2328	10 
2329	96 
2330	58 
2331	83 
2332	34 
2333	92 
2334	4 
2335	91 
2336	54 
2337	72 
2338	100 
2339	15 
2340	86 
2341	88 
2342	82 
2343	29 
2344	10 
2345	28 
2346	94 
2347	62 
2348	1 
2349	80 
2350	80 
2351	71 
2352	43 
2353	103 
2354	34 
2355	18 
2356	66 
2357	85 
2358	91 
2359	81 
2360	26 
2361	93 
2362	25 
2363	5 
2364	39 
2365	100 
2366	4 
2367	45 
2368	100 
2369	18 
2370	50 
2371	12 
2372	67 
2373	91 
2374	37 
2375	61 
2376	11 
2377	4 
2378	18 
2379	62 
2380	63 
2381	23 
2382	39 
2383	91 
2384	64 
2385	97 
2386	35 
2387	20 
2388	71 
2389	58 
2390	22 
2391	104 
2392	98 
2393	66 
2394	93 
2395	54 
2396	29 
2397	5 
2398	101 
2399	4 
2400	43 
2401	13 
2402	18 
2403	62 
2404	53 
2405	22 
2406	33 
2407	33 
2408	91 
2409	46 
2410	92 
2411	31 
2412	20 
2413	34 
2414	54 
2415	4 
2416	25 
2417	49 
2418	77 
2419	97 
2420	86 
2421	78 
2422	8 
2423	71 
2424	90 
2425	80 
2426	30 
2427	91 
2428	3 
2429	74 
2430	10 
2431	48 
2432	66 
2433	87 
2434	69 
2435	74 
2436	37 
2437	20 
2438	42 
2439	41 
2440	102 
2441	87 
2442	29 
2443	76 
2444	33 
2445	67 
2446	53 
2447	21 
2448	19 
2449	87 
2450	1 
2451	27 
2452	46 
2453	41 
2454	37 
2455	55 
2456	28 
2457	87 
2458	58 
2459	25 
2460	71 
2461	98 
2462	56 
2463	26 
2464	36 
2465	104 
2466	97 
2467	31 
2468	73 
2469	44 
2470	23 
2471	13 
2472	45 
2473	52 
2474	62 
2475	35 
2476	90 
2477	19 
2478	80 
2479	35 
2480	62 
2481	80 
2482	72 
2483	64 
2484	30 
2485	86 
2486	20 
2487	25 
2488	69 
2489	82 
2490	76 
2491	60 
2492	78 
2493	7 
2494	9 
2495	86 
2496	104 
2497	61 
2498	1 
2499	62 
2500	6 
2501	100 
2502	84 
2503	99 
2504	44 
2505	35 
2506	28 
2507	20 
2508	96 
2509	63 
2510	32 
2511	4 
2512	70 
2513	29 
2514	61 
2515	19 
2516	49 
2517	100 
2518	103 
2519	62 
2520	34 
2521	54 
2522	5 
2523	17 
2524	52 
2525	23 
2526	81 
2527	47 
2528	1 
2529	21 
2530	45 
2531	34 
2532	26 
2533	62 
2534	41 
2535	95 
2536	37 
2537	23 
2538	86 
2539	21 
2540	33 
2541	63 
2542	38 
2543	86 
2544	50 
2545	71 
2546	95 
2547	86 
2548	104 
2549	45 
2550	72 
2551	18 
2552	7 
2553	26 
2554	23 
2555	9 
2556	80 
2557	15 
2558	22 
2559	104 
2560	54 
2561	30 
2562	78 
2563	3 
2564	1 
2565	67 
2566	65 
2567	13 
2568	4 
2569	19 
2570	63 
2571	92 
2572	25 
2573	82 
2574	17 
2575	54 
2576	69 
2577	7 
2578	100 
2579	1 
2580	58 
2581	2 
2582	43 
2583	93 
2584	19 
2585	19 
2586	3 
2587	17 
2588	1 
2589	102 
2590	12 
2591	66 
2592	6 
2593	1 
2594	104 
2595	82 
2596	28 
2597	62 
2598	63 
2599	1 
2600	62 
2601	60 
2602	29 
2603	102 
2604	53 
2605	12 
2606	15 
2607	9 
2608	48 
2609	91 
2610	27 
2611	83 
2612	80 
2613	36 
2614	3 
2615	84 
2616	11 
2617	50 
2618	46 
2619	22 
2620	1 
2621	76 
2622	6 
2623	26 
2624	63 
2625	46 
2626	80 
2627	29 
2628	19 
2629	4 
2630	43 
2631	77 
2632	101 
2633	63 
2634	54 
2635	84 
2636	105 
2637	87 
2638	27 
2639	45 
2640	105 
2641	49 
2642	36 
2643	7 
2644	65 
2645	41 
2646	52 
2647	102 
2648	91 
2649	38 
2650	63 
2651	58 
2652	11 
2653	13 
2654	4 
2655	53 
2656	15 
2657	25 
2658	46 
2659	77 
2660	59 
2661	36 
2662	21 
2663	36 
2664	6 
2665	96 
2666	88 
2667	72 
2668	71 
2669	36 
2670	65 
2671	52 
2672	17 
2673	21 
2674	52 
2675	81 
2676	79 
2677	1 
2678	37 
2679	69 
2680	3 
2681	19 
2682	90 
2683	79 
2684	59 
2685	1 
2686	13 
2687	62 
2688	95 
2689	22 
2690	8 
2691	19 
2692	11 
2693	33 
2694	43 
2695	91 
2696	85 
2697	67 
2698	24 
2699	105 
2700	2 
2701	76 
2702	98 
2703	96 
2704	45 
2705	71 
2706	99 
2707	46 
2708	77 
2709	32 
2710	72 
2711	59 
2712	38 
2713	38 
2714	88 
2715	38 
2716	1 
2717	67 
2718	50 
2719	91 
2720	52 
2721	32 
2722	67 
2723	2 
2724	69 
2725	21 
2726	33 
2727	27 
2728	69 
2729	1 
2730	39 
2731	60 
2732	31 
2733	10 
2734	61 
2735	103 
2736	78 
2737	9 
2738	11 
2739	67 
2740	25 
2741	80 
2742	17 
2743	101 
2744	68 
2745	91 
2746	62 
2747	4 
2748	56 
2749	53 
2750	50 
2751	25 
2752	72 
2753	16 
2754	67 
2755	78 
2756	33 
2757	68 
2758	23 
2759	98 
2760	4 
2761	62 
2762	56 
2763	89 
2764	45 
2765	5 
2766	31 
2767	77 
2768	12 
2769	101 
2770	57 
2771	83 
2772	42 
2773	81 
2774	91 
2775	101 
2776	68 
2777	6 
2778	26 
2779	41 
2780	3 
2781	49 
2782	23 
2783	47 
2784	103 
2785	51 
2786	1 
2787	77 
2788	70 
2789	57 
2790	95 
2791	99 
2792	84 
2793	45 
2794	56 
2795	18 
2796	1 
2797	98 
2798	5 
2799	77 
2800	60 
2801	52 
2802	25 
2803	80 
2804	55 
2805	105 
2806	81 
2807	32 
2808	18 
2809	33 
2810	67 
2811	18 
2812	67 
2813	31 
2814	2 
2815	17 
2816	63 
2817	81 
2818	1 
2819	79 
2820	38 
2821	62 
2822	21 
2823	37 
2824	97 
2825	41 
2826	66 
2827	9 
2828	33 
2829	28 
2830	45 
2831	71 
2832	75 
2833	76 
2834	61 
2835	62 
2836	83 
2837	91 
2838	67 
2839	37 
2840	33 
2841	82 
2842	85 
2843	54 
2844	104 
2845	104 
2846	22 
2847	73 
2848	78 
2849	100 
2850	10 
2851	22 
2852	86 
2853	32 
2854	47 
2855	32 
2856	77 
2857	23 
2858	21 
2859	29 
2860	3 
2861	99 
2862	73 
2863	80 
2864	63 
2865	19 
2866	94 
2867	71 
2868	70 
2869	5 
2870	84 
2871	52 
2872	33 
2873	82 
2874	7 
2875	71 
2876	91 
2877	57 
2878	30 
2879	37 
2880	18 
2881	26 
2882	60 
2883	76 
2884	65 
2885	95 
2886	45 
2887	98 
2888	35 
2889	81 
2890	81 
2891	49 
2892	71 
2893	91 
2894	39 
2895	85 
2896	31 
2897	73 
2898	89 
2899	12 
2900	41 
2901	12 
2902	6 
2903	93 
2904	82 
2905	1 
2906	67 
2907	6 
2908	19 
2909	62 
2910	100 
2911	92 
2912	10 
2913	65 
2914	24 
2915	16 
2916	39 
2917	91 
2918	38 
2919	41 
2920	86 
2921	97 
2922	79 
2923	36 
2924	101 
2925	66 
2926	42 
2927	6 
2928	54 
2929	47 
2930	80 
2931	73 
2932	25 
2933	62 
2934	21 
2935	28 
2936	71 
2937	47 
2938	62 
2939	67 
2940	35 
2941	63 
2942	104 
2943	22 
2944	80 
2945	71 
2946	52 
2947	92 
2948	62 
2949	64 
2950	105 
2951	33 
2952	48 
2953	4 
2954	104 
2955	1 
2956	45 
2957	7 
2958	5 
2959	41 
2960	48 
2961	97 
2962	6 
2963	49 
2964	73 
2965	35 
2966	17 
2967	80 
2968	102 
2969	105 
2970	20 
2971	91 
2972	97 
2973	56 
2974	46 
2975	2 
2976	34 
2977	9 
2978	25 
2979	63 
2980	89 
2981	43 
2982	56 
2983	20 
2984	63 
2985	43 
2986	57 
2987	94 
2988	14 
2989	39 
2990	72 
2991	102 
2992	67 
2993	31 
2994	44 
2995	81 
2996	28 
2997	40 
2998	54 
2999	55 
3000	27 
3001	86 
3002	74 
3003	99 
3004	11 
3005	11 
3006	29 
3007	17 
3008	6 
3009	90 
3010	26 
3011	86 
3012	63 
3013	102 
3014	54 
3015	31 
3016	25 
3017	28 
3018	42 
3019	74 
3020	3 
3021	9 
3022	32 
3023	81 
3024	18 
3025	49 
3026	19 
3027	45 
3028	98 
3029	37 
3030	63 
3031	95 
3032	61 
3033	7 
3034	5 
3035	66 
3036	90 
3037	60 
3038	61 
3039	73 
3040	75 
3041	7 
3042	81 
3043	97 
3044	20 
3045	73 
3046	81 
3047	30 
3048	80 
3049	79 
3050	98 
3051	87 
3052	51 
3053	42 
3054	4 
3055	24 
3056	53 
3057	90 
3058	22 
3059	20 
3060	80 
3061	84 
3062	1 
3063	56 
3064	56 
3065	16 
3066	2 
3067	83 
3068	8 
3069	80 
3070	9 
3071	11 
3072	61 
3073	97 
3074	80 
3075	77 
3076	84 
3077	33 
3078	17 
3079	1 
3080	58 
3081	22 
3082	11 
3083	62 
3084	62 
3085	38 
3086	80 
3087	81 
3088	41 
3089	8 
3090	51 
3091	34 
3092	81 
3093	86 
3094	20 
3095	73 
3096	84 
3097	45 
3098	49 
3099	11 
3100	11 
3101	10 
3102	37 
3103	7 
3104	101 
3105	70 
3106	42 
3107	20 
3108	63 
3109	104 
3110	80 
3111	51 
3112	36 
3113	71 
3114	54 
3115	79 
3116	98 
3117	27 
3118	92 
3119	67 
3120	39 
3121	70 
3122	20 
3123	32 
3124	72 
3125	102 
3126	53 
3127	62 
3128	100 
3129	73 
3130	1 
3131	4 
3132	79 
3133	71 
3134	6 
3135	27 
3136	65 
3137	61 
3138	35 
3139	1 
3140	45 
3141	34 
3142	77 
3143	100 
3144	34 
3145	102 
3146	90 
3147	83 
3148	78 
3149	33 
3150	19 
3151	62 
3152	69 
3153	86 
3154	15 
3155	3 
3156	73 
3157	69 
3158	32 
3159	71 
3160	77 
3161	72 
3162	30 
3163	44 
3164	82 
3165	1 
3166	54 
3167	17 
3168	62 
3169	75 
3170	3 
3171	43 
3172	53 
3173	63 
3174	90 
3175	48 
3176	2 
3177	24 
3178	65 
3179	60 
3180	83 
3181	91 
3182	105 
3183	76 
3184	64 
3185	76 
3186	48 
3187	44 
3188	33 
3189	59 
3190	45 
3191	25 
3192	28 
3193	48 
3194	45 
3195	4 
3196	42 
3197	98 
3198	42 
3199	19 
3200	1 
3201	64 
3202	100 
3203	7 
3204	62 
3205	18 
3206	70 
3207	1 
3208	14 
3209	41 
3210	34 
3211	66 
3212	99 
3213	86 
3214	9 
3215	17 
3216	31 
3217	16 
3218	41 
3219	17 
3220	66 
3221	58 
3222	66 
3223	12 
3224	50 
3225	68 
3226	82 
3227	90 
3228	45 
3229	12 
3230	77 
3231	92 
3232	20 
3233	9 
3234	28 
3235	71 
3236	4 
3237	14 
3238	31 
3239	100 
3240	79 
3241	63 
3242	53 
3243	88 
3244	89 
3245	65 
3246	95 
3247	27 
3248	45 
3249	71 
3250	85 
3251	85 
3252	80 
3253	51 
3254	91 
3255	15 
3256	82 
3257	59 
3258	62 
3259	31 
3260	80 
3261	91 
3262	45 
3263	78 
3264	31 
3265	11 
3266	62 
3267	57 
3268	1 
3269	80 
3270	34 
3271	57 
3272	78 
3273	97 
3274	20 
3275	5 
3276	72 
3277	22 
3278	101 
3279	92 
3280	87 
3281	18 
3282	63 
3283	38 
3284	91 
3285	86 
3286	98 
3287	44 
3288	88 
3289	56 
3290	70 
3291	88 
3292	41 
3293	81 
3294	15 
3295	91 
3296	20 
3297	41 
3298	7 
3299	66 
3300	40 
3301	16 
3302	17 
3303	25 
3304	13 
3305	67 
3306	19 
3307	77 
3308	6 
3309	19 
3310	34 
3311	18 
3312	73 
3313	1 
3314	9 
3315	76 
3316	79 
3317	67 
3318	61 
3319	34 
3320	21 
3321	37 
3322	101 
3323	39 
3324	91 
3325	31 
3326	18 
3327	47 
3328	26 
3329	67 
3330	28 
3331	56 
3332	20 
3333	49 
3334	19 
3335	3 
3336	95 
3337	53 
3338	21 
3339	12 
3340	54 
3341	4 
3342	78 
3343	35 
3344	15 
3345	41 
3346	30 
3347	4 
3348	41 
3349	52 
3350	66 
3351	20 
3352	99 
3353	62 
3354	45 
3355	42 
3356	65 
3357	50 
3358	44 
3359	95 
3360	11 
3361	103 
3362	31 
3363	54 
3364	63 
3365	38 
3366	3 
3367	69 
3368	92 
3369	82 
3370	26 
3371	17 
3372	96 
3373	97 
3374	91 
3375	98 
3376	64 
3377	86 
3378	3 
3379	93 
3380	78 
3381	20 
3382	15 
3383	75 
3384	21 
3385	40 
3386	34 
3387	7 
3388	3 
3389	91 
3390	17 
3391	31 
3392	11 
3393	60 
3394	73 
3395	88 
3396	30 
3397	35 
3398	59 
3399	86 
3400	89 
3401	19 
3402	102 
3403	10 
3404	22 
3405	61 
3406	22 
3407	49 
3408	102 
3409	79 
3410	4 
3411	30 
3412	20 
3413	83 
3414	15 
3415	71 
3416	62 
3417	14 
3418	34 
3419	80 
3420	60 
3421	51 
3422	62 
3423	44 
3424	44 
3425	23 
3426	91 
3427	95 
3428	20 
3429	18 
3430	68 
3431	1 
3432	105 
3433	41 
3434	59 
3435	54 
3436	79 
3437	94 
3438	73 
3439	11 
3440	43 
3441	85 
3442	18 
3443	90 
3444	91 
3445	64 
3446	41 
3447	23 
3448	71 
3449	63 
3450	52 
3451	101 
3452	60 
3453	77 
3454	6 
3455	20 
3456	54 
3457	97 
3458	6 
3459	48 
3460	80 
3461	54 
3462	58 
3463	66 
3464	41 
3465	42 
3466	35 
3467	91 
3468	4 
3469	8 
3470	51 
3471	22 
3472	1 
3473	92 
3474	9 
3475	9 
3476	104 
3477	17 
3478	2 
3479	42 
3480	70 
3481	100 
3482	87 
3483	19 
3484	63 
3485	4 
3486	105 
3487	91 
3488	6 
3489	26 
3490	60 
3491	10 
3492	95 
3493	6 
3494	35 
3495	9 
3496	67 
3497	19 
3498	10 
3499	96 
3500	80 
3501	69 
3502	84 
3503	9 
3504	11 
3505	5 
3506	23 
3507	100 
3508	92 
3509	22 
3510	59 
3511	38 
3512	52 
3513	19 
3514	9 
3515	3 
3516	29 
3517	66 
3518	81 
3519	71 
3520	54 
3521	73 
3522	66 
3523	78 
3524	9 
3525	100 
3526	36 
3527	25 
3528	19 
3529	37 
3530	60 
3531	34 
3532	77 
3533	85 
3534	66 
3535	51 
3536	8 
3537	34 
3538	8 
3539	99 
3540	97 
3541	51 
3542	100 
3543	34 
3544	34 
3545	12 
3546	17 
3547	82 
3548	62 
3549	45 
3550	49 
3551	102 
3552	4 
3553	12 
3554	33 
3555	81 
3556	93 
3557	94 
3558	46 
3559	43 
3560	34 
3561	104 
3562	60 
3563	30 
3564	5 
3565	101 
3566	69 
3567	31 
3568	70 
3569	82 
3570	23 
3571	88 
3572	44 
3573	19 
3574	31 
3575	5 
3576	20 
3577	17 
3578	2 
3579	71 
3580	33 
3581	65 
3582	26 
3583	46 
3584	20 
3585	4 
3586	87 
3587	83 
3588	62 
3589	71 
3590	80 
3591	60 
3592	74 
3593	58 
3594	23 
3595	65 
3596	103 
3597	11 
3598	71 
3599	63 
3600	26 
3601	20 
3602	33 
3603	41 
3604	20 
3605	9 
3606	43 
3607	12 
3608	27 
3609	52 
3610	8 
3611	89 
3612	21 
3613	92 
3614	75 
3615	86 
3616	39 
3617	6 
3618	57 
3619	91 
3620	6 
3621	23 
3622	88 
3623	65 
3624	54 
3625	11 
3626	97 
3627	71 
3628	6 
3629	9 
3630	12 
3631	22 
3632	3 
3633	23 
3634	81 
3635	41 
3636	79 
3637	81 
3638	12 
3639	90 
3640	88 
3641	23 
3642	52 
3643	72 
3644	37 
3645	20 
3646	83 
3647	54 
3648	37 
3649	77 
3650	31 
3651	12 
3652	74 
3653	63 
3654	21 
3655	44 
3656	46 
3657	33 
3658	97 
3659	1 
3660	100 
3661	3 
3662	54 
3663	61 
3664	4 
3665	24 
3666	63 
3667	105 
3668	25 
3669	67 
3670	77 
3671	71 
3672	17 
3673	105 
3674	19 
3675	58 
3676	101 
3677	27 
3678	40 
3679	23 
3680	101 
3681	63 
3682	99 
3683	77 
3684	99 
3685	57 
3686	60 
3687	103 
3688	47 
3689	13 
3690	82 
3691	57 
3692	92 
3693	4 
3694	67 
3695	35 
3696	71 
3697	19 
3698	4 
3699	98 
3700	104 
3701	6 
3702	26 
3703	22 
3704	73 
3705	23 
3706	99 
3707	102 
3708	12 
3709	12 
3710	13 
3711	7 
3712	75 
3713	82 
3714	23 
3715	54 
3716	19 
3717	88 
3718	63 
3719	96 
3720	81 
3721	8 
3722	34 
3723	79 
3724	47 
3725	62 
3726	55 
3727	57 
3728	6 
3729	63 
3730	91 
3731	102 
3732	71 
3733	39 
3734	104 
3735	18 
3736	13 
3737	19 
3738	76 
3739	17 
3740	72 
3741	4 
3742	24 
3743	12 
3744	66 
3745	67 
3746	67 
3747	66 
3748	101 
3749	33 
3750	61 
3751	66 
3752	42 
3753	44 
3754	28 
3755	25 
3756	3 
3757	19 
3758	2 
3759	67 
3760	22 
3761	100 
3762	43 
3763	80 
3764	99 
3765	3 
3766	101 
3767	65 
3768	66 
3769	87 
3770	52 
3771	94 
3772	39 
3773	33 
3774	27 
3775	93 
3776	35 
3777	92 
3778	55 
3779	41 
3780	69 
3781	66 
3782	85 
3783	4 
3784	16 
3785	12 
3786	71 
3787	81 
3788	105 
3789	41 
3790	70 
3791	30 
3792	31 
3793	22 
3794	18 
3795	12 
3796	23 
3797	34 
3798	11 
3799	17 
3800	54 
3801	27 
3802	25 
3803	37 
3804	103 
3805	8 
3806	67 
3807	19 
3808	38 
3809	43 
3810	80 
3811	67 
3812	60 
3813	33 
3814	11 
3815	2 
3816	102 
3817	47 
3818	58 
3819	35 
3820	61 
3821	25 
3822	12 
3823	22 
3824	32 
3825	81 
3826	1 
3827	71 
3828	71 
3829	43 
3830	16 
3831	66 
3832	104 
3833	70 
3834	47 
3835	78 
3836	67 
3837	29 
3838	73 
3839	60 
3840	15 
3841	10 
3842	54 
3843	26 
3844	98 
3845	37 
3846	63 
3847	25 
3848	43 
3849	91 
3850	57 
3851	79 
3852	62 
3853	37 
3854	92 
3855	41 
3856	91 
3857	21 
3858	57 
3859	103 
3860	63 
3861	31 
3862	81 
3863	20 
3864	82 
3865	91 
3866	58 
3867	70 
3868	26 
3869	19 
3870	16 
3871	52 
3872	3 
3873	91 
3874	88 
3875	54 
3876	55 
3877	90 
3878	34 
3879	101 
3880	31 
3881	16 
3882	3 
3883	20 
3884	66 
3885	86 
3886	70 
3887	72 
3888	45 
3889	74 
3890	105 
3891	8 
3892	3 
3893	63 
3894	15 
3895	101 
3896	34 
3897	65 
3898	92 
3899	74 
3900	1 
3901	91 
3902	12 
3903	82 
3904	18 
3905	15 
3906	18 
3907	16 
3908	16 
3909	8 
3910	58 
3911	75 
3912	70 
3913	37 
3914	81 
3915	16 
3916	77 
3917	98 
3918	58 
3919	54 
3920	99 
3921	81 
3922	77 
3923	48 
3924	22 
3925	47 
3926	97 
3927	102 
3928	12 
3929	62 
3930	71 
3931	1 
3932	102 
3933	81 
3934	92 
3935	43 
3936	4 
3937	54 
3938	40 
3939	20 
3940	98 
3941	70 
3942	48 
3943	18 
3944	88 
3945	25 
3946	56 
3947	58 
3948	26 
3949	54 
3950	29 
3951	33 
3952	26 
3953	105 
3954	77 
3955	99 
3956	3 
3957	19 
3958	26 
3959	20 
3960	15 
3961	95 
3962	65 
3963	8 
3964	83 
3965	103 
3966	34 
3967	104 
3968	65 
3969	95 
3970	20 
3971	25 
3972	80 
3973	15 
3974	63 
3975	43 
3976	71 
3977	58 
3978	80 
3979	101 
3980	19 
3981	95 
3982	7 
3983	90 
3984	89 
3985	58 
3986	52 
3987	59 
3988	29 
3989	44 
3990	99 
3991	16 
3992	91 
3993	76 
3994	63 
3995	69 
3996	54 
3997	18 
3998	17 
3999	11 
4000	29 
4001	26 
4002	98 
4003	3 
4004	103 
4005	35 
4006	12 
4007	25 
4008	54 
4009	99 
4010	5 
4011	83 
4012	53 
4013	61 
4014	7 
4015	7 
4016	59 
4017	5 
4018	1 
4019	86 
4020	19 
4021	12 
4022	16 
4023	95 
4024	67 
4025	50 
4026	91 
4027	35 
4028	85 
4029	71 
4030	36 
4031	93 
4032	82 
4033	42 
4034	99 
4035	47 
4036	32 
4037	82 
4038	91 
4039	34 
4040	20 
4041	59 
4042	68 
4043	18 
4044	80 
4045	101 
4046	20 
4047	8 
4048	21 
4049	12 
4050	75 
4051	17 
4052	39 
4053	11 
4054	9 
4055	34 
4056	59 
4057	11 
4058	2 
4059	97 
4060	59 
4061	27 
4062	54 
4063	13 
4064	41 
4065	35 
4066	14 
4067	4 
4068	57 
4069	91 
4070	34 
4071	34 
4072	89 
4073	65 
4074	37 
4075	80 
4076	67 
4077	33 
4078	3 
4079	96 
4080	48 
4081	56 
4082	64 
4083	42 
4084	95 
4085	80 
4086	101 
4087	101 
4088	39 
4089	18 
4090	79 
4091	66 
4092	23 
4093	58 
4094	86 
4095	7 
4096	63 
4097	31 
4098	65 
4099	81 
4100	75 
4101	55 
4102	23 
4103	70 
4104	28 
4105	31 
4106	2 
4107	28 
4108	26 
4109	3 
4110	54 
4111	27 
4112	18 
4113	105 
4114	50 
4115	12 
4116	59 
4117	17 
4118	19 
4119	7 
4120	79 
4121	21 
4122	4 
4123	54 
4124	47 
4125	5 
4126	97 
4127	20 
4128	10 
4129	88 
4130	29 
4131	45 
4132	101 
4133	50 
4134	81 
4135	37 
4136	38 
4137	70 
4138	43 
4139	80 
4140	8 
4141	5 
4142	20 
4143	21 
4144	101 
4145	23 
4146	87 
4147	22 
4148	81 
4149	95 
4150	41 
4151	93 
4152	78 
4153	97 
4154	18 
4155	39 
4156	34 
4157	27 
4158	40 
4159	39 
4160	27 
4161	33 
4162	41 
4163	66 
4164	54 
4165	41 
4166	99 
4167	24 
4168	70 
4169	17 
4170	4 
4171	91 
4172	28 
4173	50 
4174	71 
4175	101 
4176	86 
4177	2 
4178	21 
4179	6 
4180	50 
4181	22 
4182	101 
4183	100 
4184	40 
4185	6 
4186	101 
4187	51 
4188	82 
4189	48 
4190	22 
4191	103 
4192	4 
4193	15 
4194	18 
4195	19 
4196	71 
4197	91 
4198	16 
4199	65 
4200	54 
4201	13 
4202	98 
4203	89 
4204	14 
4205	22 
4206	9 
4207	62 
4208	103 
4209	4 
4210	23 
4211	37 
4212	3 
4213	5 
4214	80 
4215	58 
4216	8 
4217	67 
4218	99 
4219	31 
4220	9 
4221	56 
4222	70 
4223	61 
4224	71 
4225	68 
4226	48 
4227	63 
4228	34 
4229	65 
4230	5 
4231	7 
4232	31 
4233	12 
4234	54 
4235	37 
4236	69 
4237	45 
4238	23 
4239	7 
4240	34 
4241	101 
4242	3 
4243	23 
4244	55 
4245	82 
4246	45 
4247	30 
4248	95 
4249	37 
4250	11 
4251	40 
4252	46 
4253	39 
4254	28 
4255	104 
4256	89 
4257	31 
4258	97 
4259	81 
4260	82 
4261	71 
4262	37 
4263	82 
4264	70 
4265	86 
4266	82 
4267	3 
4268	16 
4269	67 
4270	89 
4271	59 
4272	43 
4273	73 
4274	14 
4275	47 
4276	68 
4277	62 
4278	47 
4279	91 
4280	74 
4281	23 
4282	47 
4283	86 
4284	101 
4285	73 
4286	29 
4287	27 
4288	97 
4289	2 
4290	27 
4291	95 
4292	58 
4293	23 
4294	91 
4295	2 
4296	9 
4297	73 
4298	54 
4299	99 
4300	28 
4301	74 
4302	87 
4303	23 
4304	29 
4305	18 
4306	66 
4307	79 
4308	27 
4309	60 
4310	64 
4311	54 
4312	29 
4313	5 
4314	71 
4315	53 
4316	16 
4317	48 
4318	71 
4319	95 
4320	45 
4321	12 
4322	105 
4323	27 
4324	28 
4325	68 
4326	6 
4327	14 
4328	80 
4329	58 
4330	34 
4331	37 
4332	92 
4333	48 
4334	9 
4335	42 
4336	99 
4337	20 
4338	35 
4339	34 
4340	37 
4341	91 
4342	73 
4343	79 
4344	41 
4345	10 
4346	1 
4347	4 
4348	81 
4349	63 
4350	74 
4351	5 
4352	59 
4353	29 
4354	23 
4355	25 
4356	49 
4357	18 
4358	37 
4359	12 
4360	18 
4361	102 
4362	6 
4363	56 
4364	20 
4365	91 
4366	29 
4367	37 
4368	72 
4369	40 
4370	97 
4371	31 
4372	61 
4373	17 
4374	62 
4375	62 
4376	40 
4377	3 
4378	41 
4379	97 
4380	30 
4381	43 
4382	85 
4383	60 
4384	56 
4385	105 
4386	6 
4387	22 
4388	77 
4389	41 
4390	3 
4391	20 
4392	81 
4393	31 
4394	14 
4395	94 
4396	81 
4397	99 
4398	3 
4399	2 
4400	97 
4401	40 
4402	3 
4403	95 
4404	35 
4405	89 
4406	33 
4407	56 
4408	92 
4409	27 
4410	39 
4411	64 
4412	105 
4413	19 
4414	70 
4415	89 
4416	19 
4417	41 
4418	93 
4419	72 
4420	90 
4421	71 
4422	65 
4423	26 
4424	31 
4425	60 
4426	31 
4427	46 
4428	77 
4429	55 
4430	82 
4431	3 
4432	6 
4433	88 
4434	62 
4435	60 
4436	61 
4437	15 
4438	101 
4439	104 
4440	26 
4441	95 
4442	34 
4443	79 
4444	82 
4445	90 
4446	63 
4447	99 
4448	30 
4449	55 
4450	92 
4451	6 
4452	49 
4453	23 
4454	87 
4455	26 
4456	76 
4457	20 
4458	64 
4459	60 
4460	16 
4461	71 
4462	10 
4463	15 
4464	69 
4465	95 
4466	79 
4467	72 
4468	58 
4469	54 
4470	34 
4471	9 
4472	80 
4473	82 
4474	3 
4475	80 
4476	51 
4477	105 
4478	59 
4479	40 
4480	73 
4481	83 
4482	21 
4483	71 
4484	67 
4485	101 
4486	63 
4487	29 
4488	80 
4489	15 
4490	102 
4491	71 
4492	1 
4493	7 
4494	73 
4495	37 
4496	7 
4497	72 
4498	91 
4499	104 
4500	80 
4501	27 
4502	81 
4503	66 
4504	69 
4505	19 
4506	52 
4507	64 
4508	70 
4509	20 
4510	17 
4511	87 
4512	63 
4513	31 
4514	4 
4515	22 
4516	91 
4517	22 
4518	62 
4519	34 
4520	29 
4521	101 
4522	80 
4523	16 
4524	99 
4525	72 
4526	20 
4527	34 
4528	100 
4529	78 
4530	82 
4531	80 
4532	1 
4533	81 
4534	76 
4535	87 
4536	69 
4537	19 
4538	86 
4539	48 
4540	88 
4541	88 
4542	11 
4543	31 
4544	35 
4545	83 
4546	77 
4547	10 
4548	93 
4549	23 
4550	99 
4551	81 
4552	18 
4553	6 
4554	101 
4555	57 
4556	13 
4557	49 
4558	82 
4559	70 
4560	34 
4561	63 
4562	10 
4563	86 
4564	49 
4565	19 
4566	31 
4567	95 
4568	87 
4569	31 
4570	80 
4571	29 
4572	83 
4573	86 
4574	66 
4575	90 
4576	19 
4577	63 
4578	77 
4579	77 
4580	47 
4581	104 
4582	93 
4583	12 
4584	34 
4585	7 
4586	31 
4587	81 
4588	3 
4589	80 
4590	89 
4591	63 
4592	17 
4593	87 
4594	71 
4595	23 
4596	7 
4597	104 
4598	62 
4599	22 
4600	67 
4601	17 
4602	45 
4603	45 
4604	67 
4605	9 
4606	86 
4607	28 
4608	42 
4609	18 
4610	9 
4611	51 
4612	90 
4613	60 
4614	91 
4615	1 
4616	19 
4617	12 
4618	82 
4619	71 
4620	4 
4621	48 
4622	69 
4623	11 
4624	81 
4625	19 
4626	62 
4627	25 
4628	41 
4629	62 
4630	86 
4631	60 
4632	95 
4633	83 
4634	22 
4635	23 
4636	2 
4637	37 
4638	82 
4639	29 
4640	18 
4641	6 
4642	93 
4643	92 
4644	51 
4645	56 
4646	27 
4647	25 
4648	25 
4649	71 
4650	49 
4651	54 
4652	58 
4653	57 
4654	81 
4655	6 
4656	78 
4657	21 
4658	26 
4659	81 
4660	60 
4661	97 
4662	11 
4663	9 
4664	65 
4665	45 
4666	61 
4667	42 
4668	25 
4669	99 
4670	13 
4671	13 
4672	101 
4673	91 
4674	17 
4675	78 
4676	69 
4677	23 
4678	37 
4679	1 
4680	20 
4681	43 
4682	61 
4683	13 
4684	57 
4685	12 
4686	12 
4687	92 
4688	60 
4689	105 
4690	79 
4691	58 
4692	13 
4693	45 
4694	100 
4695	49 
4696	86 
4697	3 
4698	54 
4699	66 
4700	9 
4701	71 
4702	47 
4703	62 
4704	18 
4705	39 
4706	9 
4707	18 
4708	63 
4709	9 
4710	52 
4711	91 
4712	91 
4713	101 
4714	34 
4715	101 
4716	71 
4717	41 
4718	18 
4719	97 
4720	66 
4721	82 
4722	78 
4723	66 
4724	82 
4725	91 
4726	18 
4727	58 
4728	15 
4729	47 
4730	71 
4731	2 
4732	2 
4733	76 
4734	6 
4735	23 
4736	4 
4737	105 
4738	57 
4739	54 
4740	98 
4741	62 
4742	18 
4743	93 
4744	19 
4745	99 
4746	26 
4747	6 
4748	57 
4749	99 
4750	100 
4751	91 
4752	79 
4753	66 
4754	63 
4755	98 
4756	67 
4757	93 
4758	17 
4759	67 
4760	18 
4761	29 
4762	7 
4763	33 
4764	11 
4765	5 
4766	67 
4767	58 
4768	1 
4769	6 
4770	104 
4771	81 
4772	86 
4773	45 
4774	90 
4775	37 
4776	11 
4777	104 
4778	81 
4779	80 
4780	3 
4781	4 
4782	11 
4783	102 
4784	48 
4785	23 
4786	25 
4787	35 
4788	31 
4789	6 
4790	80 
4791	101 
4792	93 
4793	86 
4794	63 
4795	65 
4796	63 
4797	12 
4798	19 
4799	80 
4800	61 
4801	19 
4802	105 
4803	15 
4804	99 
4805	95 
4806	101 
4807	23 
4808	20 
4809	11 
4810	17 
4811	60 
4812	67 
4813	4 
4814	12 
4815	105 
4816	9 
4817	62 
4818	48 
4819	70 
4820	33 
4821	39 
4822	48 
4823	70 
4824	41 
4825	61 
4826	9 
4827	82 
4828	58 
4829	105 
4830	71 
4831	100 
4832	65 
4833	19 
4834	67 
4835	28 
4836	99 
4837	12 
4838	11 
4839	81 
4840	48 
4841	91 
4842	98 
4843	54 
4844	18 
4845	95 
4846	95 
4847	28 
4848	18 
4849	95 
4850	63 
4851	26 
4852	27 
4853	62 
4854	70 
4855	5 
4856	22 
4857	81 
4858	12 
4859	6 
4860	58 
4861	99 
4862	35 
4863	6 
4864	23 
4865	37 
4866	92 
4867	79 
4868	101 
4869	54 
4870	86 
4871	102 
4872	102 
4873	20 
4874	19 
4875	102 
4876	45 
4877	4 
4878	41 
4879	25 
4880	105 
4881	17 
4882	86 
4883	21 
4884	22 
4885	26 
4886	52 
4887	20 
4888	82 
4889	37 
4890	28 
4891	33 
4892	18 
4893	19 
4894	22 
4895	9 
4896	45 
4897	54 
4898	31 
4899	26 
4900	63 
4901	23 
4902	25 
4903	33 
4904	41 
4905	23 
4906	80 
4907	35 
4908	98 
4909	70 
4910	54 
4911	25 
4912	1 
4913	23 
4914	31 
4915	27 
4916	23 
4917	71 
4918	91 
4919	34 
4920	25 
4921	34 
4922	17 
4923	23 
4924	18 
4925	61 
4926	33 
4927	20 
4928	37 
4929	100 
4930	62 
4931	95 
4932	21 
4933	22 
4934	86 
4935	12 
4936	22 
4937	67 
4938	60 
4939	5 
4940	70 
4941	33 
4942	63 
4943	37 
4944	99 
4945	28 
4946	12 
4947	28 
4948	61 
4949	20 
4950	71 
4951	27 
4952	12 
4953	71 
4954	26 
4955	12 
4956	33 
4957	62 
4958	45 
4959	4 
4960	28 
4961	34 
4962	66 
4963	33 
4964	20 
4965	54 
4966	20 
4967	23 
4968	91 
4969	23 
4970	22 
4971	99 
4972	62 
4973	71 
4974	4 
4975	97 
4976	25 
4977	97 
4978	4 
4979	63 
4980	25 
4981	63 
4982	12 
4983	19 
4984	86 
4985	4 
4986	4 
4987	37 
4988	81 
4989	58 
4990	19 
4991	63 
4992	82 
4993	81 
4994	22 
4995	101 
4996	25 
4997	19 
4998	7 
4999	23 
5000	4 
