1	24 
2	107 
3	84 
4	53 
5	91 
6	65 
7	45 
8	9 
9	100 
10	108 
11	58 
12	53 
13	49 
14	16 
15	1 
16	80 
17	95 
18	62 
19	67 
20	38 
21	67 
22	7 
23	104 
24	63 
25	106 
26	84 
27	60 
28	30 
29	102 
30	74 
31	33 
32	11 
33	12 
34	50 
35	84 
36	22 
37	78 
38	107 
39	87 
40	107 
41	28 
42	107 
43	8 
44	45 
45	9 
46	77 
47	74 
48	42 
49	45 
50	62 
51	104 
52	15 
53	61 
54	9 
55	1 
56	86 
57	82 
58	68 
59	22 
60	38 
61	107 
62	65 
63	92 
64	48 
65	82 
66	66 
67	15 
68	53 
69	104 
70	41 
71	45 
72	77 
73	88 
74	36 
75	45 
76	29 
77	47 
78	96 
79	79 
80	107 
81	72 
82	9 
83	55 
84	34 
85	62 
86	84 
87	77 
88	42 
89	75 
90	32 
91	56 
92	15 
93	92 
94	68 
95	42 
96	42 
97	38 
98	23 
99	91 
100	31 
101	60 
102	67 
103	100 
104	11 
105	6 
106	6 
107	100 
108	97 
109	18 
110	95 
111	77 
112	34 
113	14 
114	6 
115	82 
116	45 
117	47 
118	28 
119	34 
120	65 
121	44 
122	60 
123	14 
124	14 
125	109 
126	42 
127	91 
128	11 
129	18 
130	49 
131	76 
132	65 
133	51 
134	2 
135	39 
136	45 
137	43 
138	91 
139	103 
140	53 
141	40 
142	43 
143	86 
144	93 
145	47 
146	43 
147	24 
148	86 
149	80 
150	24 
151	32 
152	92 
153	75 
154	39 
155	95 
156	51 
157	85 
158	37 
159	33 
160	42 
161	70 
162	41 
163	39 
164	31 
165	67 
166	70 
167	107 
168	15 
169	6 
170	50 
171	67 
172	45 
173	21 
174	46 
175	56 
176	36 
177	77 
178	27 
179	96 
180	31 
181	30 
182	82 
183	29 
184	54 
185	16 
186	29 
187	67 
188	61 
189	16 
190	24 
191	43 
192	15 
193	13 
194	40 
195	43 
196	44 
197	14 
198	56 
199	62 
200	75 
201	24 
202	79 
203	48 
204	14 
205	28 
206	80 
207	6 
208	15 
209	26 
210	71 
211	57 
212	73 
213	4 
214	61 
215	75 
216	18 
217	42 
218	79 
219	91 
220	101 
221	45 
222	52 
223	4 
224	54 
225	49 
226	30 
227	7 
228	13 
229	66 
230	100 
231	56 
232	47 
233	76 
234	34 
235	54 
236	30 
237	25 
238	82 
239	62 
240	27 
241	29 
242	16 
243	33 
244	56 
245	14 
246	28 
247	110 
248	107 
249	45 
250	11 
251	73 
252	57 
253	16 
254	64 
255	29 
256	22 
257	58 
258	43 
259	6 
260	44 
261	12 
262	13 
263	65 
264	38 
265	90 
266	31 
267	77 
268	4 
269	105 
270	86 
271	15 
272	43 
273	46 
274	96 
275	52 
276	18 
277	2 
278	62 
279	23 
280	48 
281	65 
282	107 
283	21 
284	66 
285	62 
286	53 
287	72 
288	41 
289	53 
290	54 
291	45 
292	62 
293	86 
294	75 
295	34 
296	15 
297	31 
298	79 
299	80 
300	1 
301	8 
302	23 
303	27 
304	42 
305	109 
306	72 
307	104 
308	77 
309	73 
310	62 
311	2 
312	91 
313	25 
314	41 
315	75 
316	49 
317	61 
318	100 
319	30 
320	34 
321	109 
322	56 
323	21 
324	92 
325	82 
326	61 
327	16 
328	44 
329	107 
330	6 
331	84 
332	73 
333	18 
334	93 
335	64 
336	22 
337	81 
338	21 
339	81 
340	38 
341	56 
342	99 
343	34 
344	59 
345	14 
346	95 
347	11 
348	18 
349	24 
350	62 
351	91 
352	32 
353	35 
354	44 
355	36 
356	41 
357	43 
358	81 
359	80 
360	76 
361	88 
362	56 
363	82 
364	45 
365	60 
366	67 
367	45 
368	26 
369	47 
370	27 
371	31 
372	90 
373	88 
374	45 
375	25 
376	3 
377	24 
378	73 
379	61 
380	47 
381	6 
382	72 
383	67 
384	60 
385	6 
386	14 
387	92 
388	88 
389	1 
390	6 
391	47 
392	16 
393	38 
394	40 
395	21 
396	18 
397	45 
398	90 
399	108 
400	58 
401	7 
402	16 
403	11 
404	1 
405	51 
406	100 
407	21 
408	75 
409	40 
410	65 
411	49 
412	12 
413	83 
414	30 
415	6 
416	4 
417	53 
418	102 
419	10 
420	13 
421	12 
422	72 
423	66 
424	94 
425	25 
426	35 
427	46 
428	101 
429	65 
430	15 
431	9 
432	45 
433	6 
434	65 
435	29 
436	62 
437	92 
438	26 
439	22 
440	42 
441	25 
442	22 
443	91 
444	65 
445	61 
446	88 
447	53 
448	76 
449	106 
450	42 
451	78 
452	92 
453	30 
454	23 
455	60 
456	41 
457	65 
458	15 
459	11 
460	42 
461	2 
462	54 
463	45 
464	110 
465	99 
466	55 
467	4 
468	79 
469	22 
470	36 
471	69 
472	61 
473	60 
474	33 
475	43 
476	25 
477	92 
478	92 
479	62 
480	38 
481	63 
482	67 
483	93 
484	25 
485	7 
486	62 
487	61 
488	55 
489	24 
490	9 
491	86 
492	17 
493	21 
494	78 
495	79 
496	105 
497	18 
498	47 
499	82 
500	60 
501	18 
502	18 
503	77 
504	20 
505	77 
506	30 
507	12 
508	35 
509	54 
510	77 
511	92 
512	67 
513	30 
514	34 
515	52 
516	83 
517	72 
518	28 
519	12 
520	11 
521	93 
522	12 
523	43 
524	25 
525	2 
526	42 
527	13 
528	4 
529	6 
530	45 
531	109 
532	76 
533	89 
534	92 
535	11 
536	23 
537	15 
538	46 
539	75 
540	57 
541	38 
542	18 
543	30 
544	47 
545	52 
546	60 
547	26 
548	12 
549	100 
550	6 
551	65 
552	104 
553	98 
554	70 
555	52 
556	47 
557	60 
558	15 
559	92 
560	67 
561	31 
562	6 
563	84 
564	103 
565	98 
566	82 
567	6 
568	60 
569	70 
570	4 
571	67 
572	80 
573	90 
574	57 
575	105 
576	60 
577	10 
578	71 
579	40 
580	28 
581	54 
582	12 
583	42 
584	107 
585	47 
586	60 
587	107 
588	50 
589	76 
590	104 
591	106 
592	32 
593	20 
594	42 
595	98 
596	75 
597	22 
598	67 
599	41 
600	90 
601	53 
602	39 
603	15 
604	108 
605	85 
606	65 
607	94 
608	36 
609	95 
610	35 
611	55 
612	99 
613	57 
614	106 
615	30 
616	18 
617	76 
618	93 
619	7 
620	89 
621	78 
622	64 
623	60 
624	20 
625	42 
626	80 
627	15 
628	72 
629	66 
630	33 
631	86 
632	22 
633	47 
634	72 
635	40 
636	17 
637	12 
638	99 
639	3 
640	45 
641	80 
642	9 
643	45 
644	32 
645	73 
646	94 
647	93 
648	47 
649	44 
650	7 
651	6 
652	66 
653	58 
654	55 
655	77 
656	90 
657	94 
658	92 
659	8 
660	18 
661	63 
662	92 
663	31 
664	23 
665	75 
666	59 
667	5 
668	43 
669	67 
670	60 
671	33 
672	37 
673	76 
674	34 
675	41 
676	94 
677	58 
678	60 
679	39 
680	60 
681	80 
682	40 
683	44 
684	44 
685	60 
686	75 
687	20 
688	76 
689	55 
690	35 
691	29 
692	106 
693	14 
694	60 
695	22 
696	35 
697	33 
698	28 
699	13 
700	54 
701	53 
702	58 
703	91 
704	94 
705	106 
706	58 
707	22 
708	82 
709	16 
710	104 
711	104 
712	12 
713	66 
714	21 
715	63 
716	71 
717	104 
718	32 
719	52 
720	29 
721	14 
722	28 
723	73 
724	11 
725	92 
726	6 
727	9 
728	100 
729	69 
730	19 
731	14 
732	61 
733	45 
734	79 
735	25 
736	37 
737	77 
738	20 
739	29 
740	78 
741	6 
742	26 
743	82 
744	103 
745	69 
746	13 
747	104 
748	21 
749	64 
750	100 
751	37 
752	35 
753	56 
754	53 
755	104 
756	39 
757	66 
758	56 
759	72 
760	57 
761	76 
762	91 
763	37 
764	6 
765	18 
766	6 
767	61 
768	34 
769	34 
770	60 
771	106 
772	53 
773	28 
774	12 
775	92 
776	78 
777	56 
778	87 
779	18 
780	90 
781	62 
782	94 
783	16 
784	45 
785	90 
786	16 
787	15 
788	98 
789	98 
790	42 
791	49 
792	23 
793	60 
794	16 
795	77 
796	105 
797	54 
798	95 
799	91 
800	21 
801	57 
802	45 
803	50 
804	97 
805	31 
806	15 
807	70 
808	15 
809	25 
810	76 
811	60 
812	66 
813	102 
814	43 
815	9 
816	87 
817	42 
818	63 
819	14 
820	26 
821	26 
822	7 
823	29 
824	95 
825	92 
826	7 
827	16 
828	107 
829	31 
830	5 
831	14 
832	58 
833	21 
834	65 
835	47 
836	14 
837	79 
838	1 
839	21 
840	91 
841	43 
842	47 
843	36 
844	25 
845	62 
846	44 
847	15 
848	88 
849	49 
850	6 
851	6 
852	41 
853	45 
854	41 
855	50 
856	18 
857	25 
858	102 
859	82 
860	100 
861	101 
862	65 
863	30 
864	80 
865	31 
866	60 
867	8 
868	32 
869	17 
870	27 
871	104 
872	56 
873	18 
874	60 
875	48 
876	99 
877	18 
878	63 
879	106 
880	109 
881	45 
882	41 
883	72 
884	10 
885	2 
886	92 
887	30 
888	67 
889	20 
890	94 
891	2 
892	89 
893	10 
894	56 
895	61 
896	43 
897	16 
898	3 
899	31 
900	47 
901	91 
902	103 
903	23 
904	11 
905	34 
906	42 
907	25 
908	62 
909	92 
910	41 
911	34 
912	36 
913	60 
914	92 
915	110 
916	76 
917	8 
918	90 
919	62 
920	55 
921	30 
922	58 
923	30 
924	6 
925	70 
926	43 
927	99 
928	28 
929	77 
930	1 
931	14 
932	56 
933	53 
934	38 
935	78 
936	82 
937	6 
938	65 
939	22 
940	8 
941	65 
942	13 
943	103 
944	64 
945	57 
946	96 
947	21 
948	67 
949	57 
950	14 
951	76 
952	16 
953	91 
954	95 
955	31 
956	60 
957	72 
958	55 
959	105 
960	56 
961	53 
962	21 
963	101 
964	79 
965	79 
966	89 
967	88 
968	43 
969	49 
970	30 
971	110 
972	86 
973	57 
974	67 
975	103 
976	50 
977	56 
978	31 
979	31 
980	12 
981	24 
982	60 
983	21 
984	86 
985	77 
986	43 
987	80 
988	30 
989	91 
990	43 
991	80 
992	105 
993	58 
994	12 
995	64 
996	97 
997	21 
998	19 
999	38 
1000	61 
1001	80 
1002	48 
1003	48 
1004	12 
1005	33 
1006	94 
1007	41 
1008	107 
1009	22 
1010	71 
1011	42 
1012	38 
1013	17 
1014	78 
1015	91 
1016	15 
1017	43 
1018	70 
1019	37 
1020	74 
1021	93 
1022	12 
1023	51 
1024	38 
1025	47 
1026	73 
1027	73 
1028	92 
1029	47 
1030	77 
1031	109 
1032	92 
1033	35 
1034	100 
1035	6 
1036	52 
1037	89 
1038	68 
1039	62 
1040	42 
1041	103 
1042	50 
1043	63 
1044	80 
1045	69 
1046	41 
1047	57 
1048	34 
1049	56 
1050	80 
1051	4 
1052	82 
1053	1 
1054	33 
1055	60 
1056	62 
1057	60 
1058	43 
1059	15 
1060	61 
1061	85 
1062	56 
1063	20 
1064	88 
1065	94 
1066	89 
1067	27 
1068	96 
1069	106 
1070	6 
1071	24 
1072	14 
1073	102 
1074	11 
1075	24 
1076	98 
1077	15 
1078	76 
1079	17 
1080	15 
1081	103 
1082	97 
1083	67 
1084	108 
1085	33 
1086	69 
1087	76 
1088	93 
1089	20 
1090	82 
1091	22 
1092	61 
1093	52 
1094	13 
1095	104 
1096	85 
1097	35 
1098	37 
1099	37 
1100	99 
1101	61 
1102	82 
1103	23 
1104	47 
1105	16 
1106	102 
1107	62 
1108	24 
1109	6 
1110	28 
1111	102 
1112	23 
1113	85 
1114	56 
1115	91 
1116	14 
1117	80 
1118	40 
1119	96 
1120	90 
1121	33 
1122	76 
1123	64 
1124	91 
1125	6 
1126	62 
1127	67 
1128	38 
1129	29 
1130	104 
1131	45 
1132	16 
1133	83 
1134	31 
1135	58 
1136	27 
1137	103 
1138	89 
1139	72 
1140	28 
1141	18 
1142	91 
1143	85 
1144	16 
1145	82 
1146	30 
1147	24 
1148	80 
1149	15 
1150	80 
1151	6 
1152	43 
1153	87 
1154	79 
1155	20 
1156	56 
1157	82 
1158	32 
1159	27 
1160	43 
1161	44 
1162	22 
1163	6 
1164	84 
1165	57 
1166	77 
1167	52 
1168	22 
1169	15 
1170	91 
1171	38 
1172	75 
1173	33 
1174	17 
1175	72 
1176	65 
1177	66 
1178	90 
1179	93 
1180	43 
1181	22 
1182	99 
1183	92 
1184	66 
1185	61 
1186	45 
1187	73 
1188	110 
1189	57 
1190	44 
1191	12 
1192	94 
1193	23 
1194	94 
1195	91 
1196	76 
1197	109 
1198	83 
1199	20 
1200	76 
1201	55 
1202	21 
1203	82 
1204	20 
1205	25 
1206	57 
1207	94 
1208	82 
1209	102 
1210	35 
1211	105 
1212	60 
1213	92 
1214	14 
1215	67 
1216	42 
1217	62 
1218	94 
1219	69 
1220	15 
1221	101 
1222	75 
1223	55 
1224	44 
1225	15 
1226	103 
1227	60 
1228	73 
1229	16 
1230	32 
1231	80 
1232	101 
1233	72 
1234	14 
1235	79 
1236	29 
1237	26 
1238	102 
1239	55 
1240	63 
1241	95 
1242	77 
1243	34 
1244	33 
1245	80 
1246	93 
1247	72 
1248	6 
1249	22 
1250	89 
1251	41 
1252	24 
1253	38 
1254	84 
1255	43 
1256	16 
1257	58 
1258	4 
1259	38 
1260	45 
1261	80 
1262	23 
1263	83 
1264	25 
1265	45 
1266	38 
1267	44 
1268	49 
1269	69 
1270	42 
1271	47 
1272	11 
1273	72 
1274	97 
1275	109 
1276	3 
1277	69 
1278	6 
1279	30 
1280	54 
1281	24 
1282	60 
1283	7 
1284	62 
1285	56 
1286	62 
1287	33 
1288	30 
1289	101 
1290	92 
1291	42 
1292	54 
1293	15 
1294	30 
1295	11 
1296	108 
1297	44 
1298	13 
1299	77 
1300	79 
1301	78 
1302	76 
1303	34 
1304	25 
1305	48 
1306	34 
1307	47 
1308	44 
1309	9 
1310	56 
1311	56 
1312	101 
1313	27 
1314	84 
1315	54 
1316	62 
1317	82 
1318	15 
1319	38 
1320	29 
1321	37 
1322	94 
1323	83 
1324	109 
1325	61 
1326	21 
1327	92 
1328	85 
1329	38 
1330	87 
1331	7 
1332	8 
1333	38 
1334	52 
1335	109 
1336	106 
1337	54 
1338	46 
1339	60 
1340	35 
1341	68 
1342	107 
1343	20 
1344	32 
1345	29 
1346	23 
1347	94 
1348	92 
1349	101 
1350	30 
1351	62 
1352	13 
1353	94 
1354	44 
1355	7 
1356	83 
1357	28 
1358	30 
1359	62 
1360	5 
1361	62 
1362	21 
1363	109 
1364	65 
1365	44 
1366	76 
1367	106 
1368	107 
1369	45 
1370	92 
1371	40 
1372	4 
1373	106 
1374	70 
1375	64 
1376	22 
1377	62 
1378	27 
1379	11 
1380	53 
1381	108 
1382	41 
1383	103 
1384	6 
1385	40 
1386	12 
1387	78 
1388	42 
1389	76 
1390	66 
1391	6 
1392	18 
1393	62 
1394	43 
1395	85 
1396	30 
1397	34 
1398	65 
1399	30 
1400	104 
1401	55 
1402	30 
1403	60 
1404	61 
1405	94 
1406	94 
1407	81 
1408	29 
1409	93 
1410	64 
1411	20 
1412	64 
1413	20 
1414	65 
1415	96 
1416	45 
1417	22 
1418	98 
1419	105 
1420	94 
1421	19 
1422	11 
1423	56 
1424	56 
1425	21 
1426	107 
1427	39 
1428	97 
1429	104 
1430	93 
1431	107 
1432	48 
1433	47 
1434	18 
1435	28 
1436	6 
1437	66 
1438	101 
1439	24 
1440	102 
1441	60 
1442	65 
1443	60 
1444	42 
1445	60 
1446	56 
1447	56 
1448	18 
1449	11 
1450	62 
1451	62 
1452	50 
1453	34 
1454	30 
1455	56 
1456	81 
1457	65 
1458	31 
1459	96 
1460	14 
1461	15 
1462	62 
1463	81 
1464	45 
1465	81 
1466	38 
1467	18 
1468	59 
1469	18 
1470	30 
1471	25 
1472	45 
1473	65 
1474	59 
1475	60 
1476	32 
1477	77 
1478	2 
1479	20 
1480	37 
1481	85 
1482	21 
1483	61 
1484	53 
1485	77 
1486	106 
1487	81 
1488	92 
1489	28 
1490	91 
1491	65 
1492	85 
1493	67 
1494	110 
1495	5 
1496	41 
1497	59 
1498	51 
1499	67 
1500	32 
1501	91 
1502	16 
1503	91 
1504	60 
1505	43 
1506	38 
1507	15 
1508	10 
1509	72 
1510	18 
1511	45 
1512	15 
1513	84 
1514	66 
1515	109 
1516	29 
1517	54 
1518	17 
1519	21 
1520	27 
1521	49 
1522	15 
1523	11 
1524	41 
1525	20 
1526	23 
1527	59 
1528	76 
1529	94 
1530	34 
1531	52 
1532	5 
1533	109 
1534	69 
1535	72 
1536	38 
1537	66 
1538	22 
1539	35 
1540	77 
1541	82 
1542	36 
1543	65 
1544	76 
1545	30 
1546	9 
1547	56 
1548	30 
1549	79 
1550	53 
1551	47 
1552	8 
1553	42 
1554	53 
1555	67 
1556	14 
1557	53 
1558	57 
1559	28 
1560	46 
1561	41 
1562	5 
1563	69 
1564	82 
1565	65 
1566	30 
1567	14 
1568	14 
1569	18 
1570	95 
1571	16 
1572	76 
1573	23 
1574	73 
1575	26 
1576	95 
1577	77 
1578	28 
1579	43 
1580	13 
1581	42 
1582	42 
1583	64 
1584	45 
1585	22 
1586	24 
1587	62 
1588	76 
1589	47 
1590	96 
1591	71 
1592	56 
1593	97 
1594	30 
1595	42 
1596	14 
1597	62 
1598	31 
1599	6 
1600	30 
1601	65 
1602	65 
1603	81 
1604	23 
1605	86 
1606	63 
1607	2 
1608	77 
1609	33 
1610	77 
1611	18 
1612	9 
1613	34 
1614	99 
1615	92 
1616	30 
1617	45 
1618	39 
1619	77 
1620	77 
1621	60 
1622	16 
1623	30 
1624	33 
1625	22 
1626	9 
1627	47 
1628	25 
1629	70 
1630	74 
1631	64 
1632	30 
1633	13 
1634	104 
1635	37 
1636	35 
1637	87 
1638	104 
1639	29 
1640	109 
1641	65 
1642	53 
1643	10 
1644	28 
1645	49 
1646	9 
1647	45 
1648	24 
1649	47 
1650	73 
1651	82 
1652	62 
1653	25 
1654	45 
1655	59 
1656	71 
1657	62 
1658	103 
1659	66 
1660	67 
1661	41 
1662	92 
1663	29 
1664	61 
1665	9 
1666	40 
1667	53 
1668	60 
1669	48 
1670	20 
1671	62 
1672	75 
1673	73 
1674	20 
1675	42 
1676	76 
1677	25 
1678	54 
1679	102 
1680	9 
1681	6 
1682	38 
1683	28 
1684	75 
1685	99 
1686	94 
1687	92 
1688	100 
1689	31 
1690	71 
1691	67 
1692	28 
1693	7 
1694	57 
1695	78 
1696	19 
1697	107 
1698	4 
1699	93 
1700	82 
1701	18 
1702	62 
1703	80 
1704	86 
1705	72 
1706	57 
1707	46 
1708	42 
1709	33 
1710	66 
1711	77 
1712	24 
1713	45 
1714	65 
1715	76 
1716	108 
1717	98 
1718	59 
1719	9 
1720	34 
1721	107 
1722	45 
1723	3 
1724	31 
1725	75 
1726	107 
1727	24 
1728	73 
1729	76 
1730	24 
1731	49 
1732	15 
1733	104 
1734	78 
1735	27 
1736	47 
1737	70 
1738	32 
1739	48 
1740	47 
1741	14 
1742	29 
1743	106 
1744	39 
1745	91 
1746	47 
1747	15 
1748	76 
1749	100 
1750	33 
1751	53 
1752	104 
1753	47 
1754	56 
1755	54 
1756	67 
1757	62 
1758	82 
1759	25 
1760	87 
1761	72 
1762	67 
1763	110 
1764	94 
1765	27 
1766	40 
1767	85 
1768	67 
1769	62 
1770	82 
1771	80 
1772	42 
1773	82 
1774	45 
1775	77 
1776	19 
1777	31 
1778	76 
1779	94 
1780	94 
1781	87 
1782	34 
1783	70 
1784	58 
1785	24 
1786	91 
1787	3 
1788	67 
1789	6 
1790	59 
1791	14 
1792	45 
1793	65 
1794	109 
1795	82 
1796	27 
1797	74 
1798	50 
1799	9 
1800	96 
1801	38 
1802	20 
1803	6 
1804	77 
1805	23 
1806	62 
1807	23 
1808	20 
1809	101 
1810	94 
1811	68 
1812	109 
1813	2 
1814	22 
1815	6 
1816	67 
1817	94 
1818	38 
1819	54 
1820	72 
1821	65 
1822	49 
1823	55 
1824	47 
1825	47 
1826	21 
1827	16 
1828	98 
1829	102 
1830	33 
1831	23 
1832	47 
1833	39 
1834	76 
1835	53 
1836	101 
1837	82 
1838	12 
1839	47 
1840	15 
1841	15 
1842	42 
1843	78 
1844	76 
1845	56 
1846	107 
1847	91 
1848	77 
1849	74 
1850	71 
1851	51 
1852	49 
1853	99 
1854	53 
1855	33 
1856	54 
1857	38 
1858	61 
1859	79 
1860	18 
1861	96 
1862	109 
1863	32 
1864	55 
1865	44 
1866	37 
1867	54 
1868	75 
1869	33 
1870	84 
1871	61 
1872	15 
1873	14 
1874	33 
1875	30 
1876	15 
1877	15 
1878	65 
1879	31 
1880	48 
1881	34 
1882	42 
1883	98 
1884	104 
1885	101 
1886	104 
1887	82 
1888	79 
1889	32 
1890	57 
1891	38 
1892	75 
1893	50 
1894	54 
1895	79 
1896	91 
1897	11 
1898	33 
1899	18 
1900	96 
1901	73 
1902	18 
1903	70 
1904	41 
1905	20 
1906	72 
1907	92 
1908	18 
1909	32 
1910	56 
1911	12 
1912	43 
1913	61 
1914	60 
1915	14 
1916	92 
1917	85 
1918	20 
1919	66 
1920	56 
1921	41 
1922	41 
1923	66 
1924	14 
1925	61 
1926	66 
1927	42 
1928	10 
1929	48 
1930	32 
1931	69 
1932	66 
1933	65 
1934	17 
1935	45 
1936	46 
1937	3 
1938	104 
1939	90 
1940	93 
1941	38 
1942	78 
1943	16 
1944	43 
1945	102 
1946	5 
1947	43 
1948	14 
1949	84 
1950	82 
1951	105 
1952	77 
1953	54 
1954	64 
1955	101 
1956	53 
1957	42 
1958	33 
1959	22 
1960	109 
1961	43 
1962	70 
1963	106 
1964	80 
1965	60 
1966	34 
1967	34 
1968	23 
1969	56 
1970	29 
1971	53 
1972	94 
1973	45 
1974	77 
1975	18 
1976	37 
1977	45 
1978	66 
1979	77 
1980	20 
1981	60 
1982	43 
1983	86 
1984	102 
1985	40 
1986	16 
1987	48 
1988	25 
1989	97 
1990	108 
1991	91 
1992	105 
1993	11 
1994	15 
1995	105 
1996	102 
1997	103 
1998	33 
1999	95 
2000	24 
2001	26 
2002	61 
2003	1 
2004	34 
2005	3 
2006	53 
2007	66 
2008	86 
2009	14 
2010	94 
2011	12 
2012	47 
2013	29 
2014	90 
2015	65 
2016	107 
2017	50 
2018	41 
2019	11 
2020	12 
2021	80 
2022	4 
2023	96 
2024	88 
2025	44 
2026	109 
2027	78 
2028	101 
2029	52 
2030	61 
2031	60 
2032	76 
2033	56 
2034	21 
2035	63 
2036	61 
2037	56 
2038	92 
2039	34 
2040	69 
2041	94 
2042	36 
2043	12 
2044	42 
2045	61 
2046	34 
2047	18 
2048	2 
2049	62 
2050	35 
2051	60 
2052	104 
2053	65 
2054	66 
2055	6 
2056	38 
2057	65 
2058	65 
2059	2 
2060	97 
2061	104 
2062	55 
2063	88 
2064	85 
2065	82 
2066	90 
2067	30 
2068	18 
2069	66 
2070	33 
2071	31 
2072	54 
2073	90 
2074	68 
2075	20 
2076	110 
2077	65 
2078	62 
2079	65 
2080	77 
2081	36 
2082	75 
2083	102 
2084	47 
2085	6 
2086	48 
2087	12 
2088	60 
2089	89 
2090	30 
2091	54 
2092	11 
2093	76 
2094	108 
2095	73 
2096	99 
2097	23 
2098	34 
2099	66 
2100	5 
2101	4 
2102	48 
2103	4 
2104	52 
2105	42 
2106	101 
2107	20 
2108	79 
2109	73 
2110	34 
2111	69 
2112	107 
2113	34 
2114	66 
2115	51 
2116	56 
2117	24 
2118	88 
2119	68 
2120	80 
2121	18 
2122	21 
2123	66 
2124	66 
2125	11 
2126	20 
2127	87 
2128	47 
2129	95 
2130	7 
2131	6 
2132	25 
2133	50 
2134	42 
2135	76 
2136	41 
2137	47 
2138	55 
2139	76 
2140	20 
2141	37 
2142	25 
2143	47 
2144	34 
2145	85 
2146	82 
2147	69 
2148	57 
2149	82 
2150	24 
2151	38 
2152	66 
2153	72 
2154	49 
2155	81 
2156	56 
2157	91 
2158	24 
2159	91 
2160	9 
2161	86 
2162	14 
2163	58 
2164	77 
2165	38 
2166	73 
2167	72 
2168	82 
2169	64 
2170	44 
2171	9 
2172	38 
2173	17 
2174	65 
2175	64 
2176	79 
2177	91 
2178	20 
2179	6 
2180	45 
2181	9 
2182	2 
2183	17 
2184	100 
2185	11 
2186	65 
2187	67 
2188	27 
2189	23 
2190	97 
2191	94 
2192	55 
2193	80 
2194	65 
2195	10 
2196	43 
2197	5 
2198	73 
2199	70 
2200	29 
2201	72 
2202	90 
2203	16 
2204	23 
2205	94 
2206	84 
2207	100 
2208	36 
2209	102 
2210	94 
2211	17 
2212	57 
2213	16 
2214	23 
2215	62 
2216	21 
2217	92 
2218	45 
2219	95 
2220	60 
2221	88 
2222	66 
2223	32 
2224	105 
2225	42 
2226	39 
2227	26 
2228	34 
2229	43 
2230	41 
2231	94 
2232	105 
2233	57 
2234	94 
2235	34 
2236	92 
2237	31 
2238	32 
2239	78 
2240	66 
2241	35 
2242	29 
2243	30 
2244	73 
2245	100 
2246	45 
2247	77 
2248	48 
2249	80 
2250	58 
2251	80 
2252	75 
2253	42 
2254	66 
2255	106 
2256	80 
2257	55 
2258	92 
2259	106 
2260	42 
2261	76 
2262	8 
2263	96 
2264	77 
2265	77 
2266	74 
2267	32 
2268	72 
2269	99 
2270	12 
2271	63 
2272	72 
2273	9 
2274	55 
2275	20 
2276	10 
2277	102 
2278	66 
2279	48 
2280	103 
2281	47 
2282	12 
2283	54 
2284	38 
2285	48 
2286	62 
2287	97 
2288	101 
2289	61 
2290	50 
2291	15 
2292	20 
2293	50 
2294	101 
2295	20 
2296	1 
2297	25 
2298	35 
2299	32 
2300	98 
2301	90 
2302	82 
2303	43 
2304	73 
2305	62 
2306	39 
2307	67 
2308	20 
2309	61 
2310	33 
2311	96 
2312	30 
2313	59 
2314	58 
2315	76 
2316	109 
2317	96 
2318	96 
2319	12 
2320	22 
2321	99 
2322	25 
2323	77 
2324	68 
2325	41 
2326	85 
2327	14 
2328	108 
2329	31 
2330	95 
2331	29 
2332	60 
2333	16 
2334	106 
2335	10 
2336	61 
2337	63 
2338	36 
2339	72 
2340	69 
2341	16 
2342	13 
2343	76 
2344	105 
2345	2 
2346	43 
2347	21 
2348	91 
2349	23 
2350	38 
2351	18 
2352	46 
2353	58 
2354	77 
2355	14 
2356	108 
2357	17 
2358	26 
2359	66 
2360	50 
2361	77 
2362	58 
2363	106 
2364	64 
2365	80 
2366	90 
2367	82 
2368	32 
2369	67 
2370	41 
2371	65 
2372	45 
2373	38 
2374	33 
2375	28 
2376	76 
2377	34 
2378	1 
2379	76 
2380	39 
2381	66 
2382	109 
2383	12 
2384	33 
2385	108 
2386	60 
2387	109 
2388	82 
2389	59 
2390	9 
2391	43 
2392	39 
2393	31 
2394	13 
2395	38 
2396	65 
2397	56 
2398	97 
2399	56 
2400	14 
2401	45 
2402	12 
2403	101 
2404	21 
2405	95 
2406	17 
2407	87 
2408	6 
2409	85 
2410	51 
2411	103 
2412	8 
2413	50 
2414	45 
2415	72 
2416	33 
2417	15 
2418	50 
2419	101 
2420	33 
2421	61 
2422	76 
2423	64 
2424	4 
2425	33 
2426	33 
2427	28 
2428	77 
2429	27 
2430	78 
2431	51 
2432	43 
2433	67 
2434	18 
2435	21 
2436	77 
2437	109 
2438	65 
2439	60 
2440	82 
2441	55 
2442	62 
2443	30 
2444	20 
2445	98 
2446	62 
2447	104 
2448	4 
2449	84 
2450	56 
2451	28 
2452	81 
2453	72 
2454	16 
2455	62 
2456	82 
2457	64 
2458	85 
2459	20 
2460	76 
2461	28 
2462	78 
2463	103 
2464	82 
2465	110 
2466	15 
2467	92 
2468	77 
2469	14 
2470	32 
2471	3 
2472	9 
2473	33 
2474	103 
2475	55 
2476	68 
2477	61 
2478	33 
2479	60 
2480	39 
2481	33 
2482	29 
2483	4 
2484	56 
2485	110 
2486	98 
2487	21 
2488	88 
2489	90 
2490	22 
2491	94 
2492	72 
2493	53 
2494	89 
2495	89 
2496	109 
2497	91 
2498	21 
2499	14 
2500	14 
2501	58 
2502	90 
2503	21 
2504	40 
2505	24 
2506	66 
2507	6 
2508	90 
2509	23 
2510	65 
2511	94 
2512	65 
2513	77 
2514	33 
2515	77 
2516	16 
2517	1 
2518	68 
2519	34 
2520	43 
2521	70 
2522	58 
2523	26 
2524	31 
2525	49 
2526	68 
2527	99 
2528	64 
2529	39 
2530	24 
2531	36 
2532	103 
2533	47 
2534	82 
2535	25 
2536	46 
2537	65 
2538	97 
2539	73 
2540	108 
2541	98 
2542	92 
2543	65 
2544	89 
2545	28 
2546	39 
2547	56 
2548	58 
2549	37 
2550	74 
2551	59 
2552	39 
2553	101 
2554	92 
2555	65 
2556	11 
2557	18 
2558	91 
2559	78 
2560	47 
2561	101 
2562	30 
2563	74 
2564	22 
2565	59 
2566	71 
2567	104 
2568	14 
2569	24 
2570	69 
2571	43 
2572	104 
2573	54 
2574	66 
2575	15 
2576	27 
2577	72 
2578	55 
2579	80 
2580	61 
2581	58 
2582	82 
2583	14 
2584	47 
2585	14 
2586	62 
2587	29 
2588	48 
2589	52 
2590	24 
2591	81 
2592	9 
2593	77 
2594	76 
2595	104 
2596	65 
2597	97 
2598	60 
2599	90 
2600	76 
2601	82 
2602	38 
2603	100 
2604	14 
2605	36 
2606	11 
2607	110 
2608	51 
2609	15 
2610	80 
2611	49 
2612	43 
2613	100 
2614	94 
2615	68 
2616	18 
2617	39 
2618	10 
2619	18 
2620	60 
2621	18 
2622	106 
2623	54 
2624	15 
2625	18 
2626	13 
2627	29 
2628	57 
2629	61 
2630	106 
2631	91 
2632	92 
2633	90 
2634	19 
2635	44 
2636	84 
2637	30 
2638	77 
2639	2 
2640	102 
2641	90 
2642	110 
2643	94 
2644	46 
2645	95 
2646	77 
2647	66 
2648	43 
2649	62 
2650	94 
2651	91 
2652	76 
2653	45 
2654	16 
2655	56 
2656	14 
2657	57 
2658	77 
2659	94 
2660	53 
2661	14 
2662	65 
2663	78 
2664	79 
2665	41 
2666	13 
2667	14 
2668	45 
2669	107 
2670	65 
2671	6 
2672	91 
2673	58 
2674	92 
2675	61 
2676	72 
2677	91 
2678	103 
2679	29 
2680	83 
2681	17 
2682	22 
2683	30 
2684	25 
2685	40 
2686	71 
2687	46 
2688	55 
2689	47 
2690	1 
2691	9 
2692	41 
2693	22 
2694	9 
2695	108 
2696	80 
2697	58 
2698	55 
2699	71 
2700	37 
2701	84 
2702	77 
2703	97 
2704	37 
2705	90 
2706	38 
2707	14 
2708	89 
2709	55 
2710	33 
2711	59 
2712	47 
2713	85 
2714	34 
2715	20 
2716	68 
2717	20 
2718	15 
2719	77 
2720	56 
2721	34 
2722	20 
2723	6 
2724	9 
2725	104 
2726	30 
2727	66 
2728	72 
2729	92 
2730	104 
2731	60 
2732	76 
2733	74 
2734	47 
2735	19 
2736	22 
2737	60 
2738	76 
2739	89 
2740	75 
2741	14 
2742	45 
2743	46 
2744	60 
2745	66 
2746	45 
2747	42 
2748	7 
2749	14 
2750	88 
2751	82 
2752	94 
2753	103 
2754	91 
2755	25 
2756	30 
2757	44 
2758	82 
2759	16 
2760	5 
2761	56 
2762	39 
2763	6 
2764	73 
2765	23 
2766	1 
2767	80 
2768	43 
2769	85 
2770	23 
2771	74 
2772	104 
2773	56 
2774	66 
2775	22 
2776	6 
2777	36 
2778	18 
2779	15 
2780	15 
2781	4 
2782	16 
2783	7 
2784	20 
2785	108 
2786	9 
2787	8 
2788	73 
2789	82 
2790	11 
2791	29 
2792	23 
2793	45 
2794	96 
2795	109 
2796	38 
2797	55 
2798	16 
2799	78 
2800	74 
2801	18 
2802	53 
2803	10 
2804	45 
2805	107 
2806	23 
2807	55 
2808	86 
2809	45 
2810	10 
2811	43 
2812	46 
2813	35 
2814	61 
2815	1 
2816	51 
2817	13 
2818	17 
2819	60 
2820	33 
2821	21 
2822	57 
2823	109 
2824	60 
2825	47 
2826	22 
2827	97 
2828	55 
2829	28 
2830	53 
2831	6 
2832	76 
2833	57 
2834	34 
2835	41 
2836	64 
2837	94 
2838	17 
2839	89 
2840	41 
2841	5 
2842	84 
2843	87 
2844	94 
2845	83 
2846	17 
2847	7 
2848	58 
2849	12 
2850	76 
2851	71 
2852	91 
2853	43 
2854	43 
2855	1 
2856	41 
2857	87 
2858	77 
2859	109 
2860	55 
2861	56 
2862	32 
2863	2 
2864	49 
2865	86 
2866	56 
2867	28 
2868	58 
2869	7 
2870	107 
2871	91 
2872	14 
2873	64 
2874	12 
2875	80 
2876	18 
2877	72 
2878	33 
2879	70 
2880	34 
2881	33 
2882	43 
2883	76 
2884	49 
2885	88 
2886	96 
2887	54 
2888	42 
2889	4 
2890	104 
2891	35 
2892	93 
2893	92 
2894	94 
2895	64 
2896	66 
2897	77 
2898	109 
2899	66 
2900	65 
2901	80 
2902	54 
2903	28 
2904	5 
2905	17 
2906	54 
2907	6 
2908	20 
2909	8 
2910	42 
2911	56 
2912	60 
2913	47 
2914	92 
2915	17 
2916	98 
2917	9 
2918	43 
2919	66 
2920	28 
2921	56 
2922	93 
2923	50 
2924	83 
2925	60 
2926	76 
2927	17 
2928	1 
2929	4 
2930	63 
2931	10 
2932	46 
2933	107 
2934	54 
2935	103 
2936	92 
2937	103 
2938	18 
2939	9 
2940	45 
2941	106 
2942	56 
2943	45 
2944	103 
2945	60 
2946	16 
2947	22 
2948	105 
2949	57 
2950	105 
2951	11 
2952	32 
2953	94 
2954	70 
2955	23 
2956	80 
2957	12 
2958	52 
2959	6 
2960	73 
2961	97 
2962	110 
2963	91 
2964	13 
2965	17 
2966	58 
2967	82 
2968	18 
2969	80 
2970	50 
2971	94 
2972	108 
2973	32 
2974	49 
2975	60 
2976	78 
2977	107 
2978	60 
2979	99 
2980	82 
2981	66 
2982	20 
2983	7 
2984	75 
2985	82 
2986	82 
2987	77 
2988	56 
2989	56 
2990	70 
2991	12 
2992	33 
2993	67 
2994	76 
2995	81 
2996	40 
2997	18 
2998	27 
2999	48 
3000	15 
3001	107 
3002	107 
3003	57 
3004	73 
3005	55 
3006	17 
3007	3 
3008	33 
3009	37 
3010	20 
3011	54 
3012	94 
3013	11 
3014	104 
3015	46 
3016	98 
3017	57 
3018	14 
3019	40 
3020	93 
3021	31 
3022	14 
3023	31 
3024	14 
3025	79 
3026	58 
3027	42 
3028	61 
3029	15 
3030	77 
3031	11 
3032	25 
3033	29 
3034	32 
3035	101 
3036	38 
3037	28 
3038	53 
3039	36 
3040	89 
3041	45 
3042	15 
3043	13 
3044	92 
3045	91 
3046	16 
3047	72 
3048	86 
3049	58 
3050	65 
3051	45 
3052	68 
3053	83 
3054	20 
3055	92 
3056	33 
3057	6 
3058	63 
3059	7 
3060	67 
3061	48 
3062	42 
3063	60 
3064	3 
3065	17 
3066	66 
3067	31 
3068	109 
3069	4 
3070	18 
3071	92 
3072	92 
3073	72 
3074	107 
3075	52 
3076	16 
3077	40 
3078	36 
3079	86 
3080	18 
3081	18 
3082	102 
3083	45 
3084	103 
3085	66 
3086	42 
3087	63 
3088	30 
3089	31 
3090	102 
3091	14 
3092	79 
3093	82 
3094	104 
3095	66 
3096	62 
3097	11 
3098	21 
3099	4 
3100	81 
3101	37 
3102	106 
3103	59 
3104	30 
3105	80 
3106	89 
3107	77 
3108	23 
3109	60 
3110	22 
3111	5 
3112	61 
3113	92 
3114	7 
3115	78 
3116	90 
3117	16 
3118	94 
3119	28 
3120	34 
3121	101 
3122	70 
3123	42 
3124	102 
3125	34 
3126	32 
3127	62 
3128	18 
3129	26 
3130	47 
3131	105 
3132	45 
3133	15 
3134	106 
3135	20 
3136	34 
3137	30 
3138	22 
3139	86 
3140	80 
3141	64 
3142	11 
3143	47 
3144	22 
3145	57 
3146	34 
3147	28 
3148	47 
3149	34 
3150	40 
3151	53 
3152	102 
3153	26 
3154	68 
3155	109 
3156	91 
3157	56 
3158	105 
3159	61 
3160	39 
3161	9 
3162	75 
3163	78 
3164	48 
3165	20 
3166	12 
3167	95 
3168	63 
3169	43 
3170	102 
3171	79 
3172	84 
3173	43 
3174	42 
3175	104 
3176	42 
3177	46 
3178	43 
3179	9 
3180	35 
3181	90 
3182	38 
3183	42 
3184	54 
3185	56 
3186	27 
3187	72 
3188	65 
3189	88 
3190	87 
3191	72 
3192	6 
3193	18 
3194	99 
3195	80 
3196	94 
3197	62 
3198	61 
3199	60 
3200	53 
3201	90 
3202	68 
3203	64 
3204	91 
3205	33 
3206	42 
3207	7 
3208	5 
3209	82 
3210	77 
3211	76 
3212	50 
3213	109 
3214	21 
3215	71 
3216	73 
3217	46 
3218	12 
3219	46 
3220	84 
3221	21 
3222	56 
3223	14 
3224	102 
3225	40 
3226	47 
3227	66 
3228	56 
3229	39 
3230	80 
3231	91 
3232	62 
3233	50 
3234	15 
3235	65 
3236	62 
3237	62 
3238	62 
3239	35 
3240	16 
3241	32 
3242	109 
3243	16 
3244	90 
3245	6 
3246	97 
3247	90 
3248	15 
3249	4 
3250	69 
3251	72 
3252	4 
3253	67 
3254	62 
3255	6 
3256	12 
3257	82 
3258	12 
3259	45 
3260	97 
3261	31 
3262	14 
3263	94 
3264	77 
3265	32 
3266	80 
3267	5 
3268	18 
3269	41 
3270	75 
3271	47 
3272	89 
3273	41 
3274	39 
3275	23 
3276	31 
3277	70 
3278	56 
3279	61 
3280	47 
3281	17 
3282	64 
3283	62 
3284	48 
3285	26 
3286	80 
3287	76 
3288	58 
3289	88 
3290	70 
3291	90 
3292	103 
3293	60 
3294	56 
3295	55 
3296	66 
3297	22 
3298	23 
3299	66 
3300	26 
3301	38 
3302	24 
3303	110 
3304	34 
3305	66 
3306	77 
3307	9 
3308	78 
3309	65 
3310	68 
3311	77 
3312	93 
3313	107 
3314	57 
3315	26 
3316	15 
3317	90 
3318	57 
3319	22 
3320	77 
3321	25 
3322	19 
3323	82 
3324	76 
3325	11 
3326	16 
3327	59 
3328	9 
3329	93 
3330	82 
3331	98 
3332	3 
3333	41 
3334	16 
3335	91 
3336	39 
3337	94 
3338	109 
3339	60 
3340	106 
3341	12 
3342	109 
3343	104 
3344	60 
3345	53 
3346	6 
3347	76 
3348	40 
3349	57 
3350	88 
3351	88 
3352	45 
3353	110 
3354	56 
3355	34 
3356	60 
3357	32 
3358	70 
3359	57 
3360	82 
3361	76 
3362	92 
3363	106 
3364	92 
3365	11 
3366	24 
3367	65 
3368	57 
3369	76 
3370	6 
3371	39 
3372	78 
3373	91 
3374	6 
3375	80 
3376	92 
3377	105 
3378	16 
3379	94 
3380	31 
3381	11 
3382	94 
3383	74 
3384	51 
3385	61 
3386	91 
3387	39 
3388	29 
3389	80 
3390	62 
3391	18 
3392	47 
3393	94 
3394	63 
3395	33 
3396	6 
3397	34 
3398	75 
3399	72 
3400	12 
3401	62 
3402	103 
3403	62 
3404	30 
3405	97 
3406	39 
3407	54 
3408	55 
3409	99 
3410	32 
3411	18 
3412	42 
3413	20 
3414	42 
3415	19 
3416	73 
3417	24 
3418	14 
3419	82 
3420	20 
3421	72 
3422	56 
3423	44 
3424	79 
3425	58 
3426	42 
3427	14 
3428	47 
3429	98 
3430	91 
3431	42 
3432	6 
3433	56 
3434	21 
3435	60 
3436	57 
3437	102 
3438	25 
3439	56 
3440	12 
3441	79 
3442	92 
3443	51 
3444	94 
3445	64 
3446	83 
3447	43 
3448	34 
3449	9 
3450	92 
3451	31 
3452	34 
3453	14 
3454	45 
3455	43 
3456	74 
3457	33 
3458	73 
3459	45 
3460	108 
3461	56 
3462	53 
3463	82 
3464	33 
3465	27 
3466	9 
3467	34 
3468	14 
3469	77 
3470	30 
3471	91 
3472	27 
3473	81 
3474	11 
3475	45 
3476	11 
3477	41 
3478	72 
3479	60 
3480	31 
3481	92 
3482	63 
3483	3 
3484	47 
3485	8 
3486	44 
3487	47 
3488	43 
3489	12 
3490	15 
3491	34 
3492	38 
3493	104 
3494	12 
3495	85 
3496	14 
3497	11 
3498	82 
3499	13 
3500	45 
3501	84 
3502	82 
3503	43 
3504	62 
3505	74 
3506	78 
3507	10 
3508	62 
3509	50 
3510	76 
3511	20 
3512	80 
3513	52 
3514	13 
3515	62 
3516	76 
3517	64 
3518	16 
3519	91 
3520	47 
3521	106 
3522	79 
3523	43 
3524	65 
3525	23 
3526	55 
3527	77 
3528	77 
3529	30 
3530	6 
3531	13 
3532	82 
3533	45 
3534	57 
3535	40 
3536	65 
3537	49 
3538	45 
3539	92 
3540	24 
3541	13 
3542	6 
3543	19 
3544	46 
3545	30 
3546	58 
3547	86 
3548	13 
3549	34 
3550	82 
3551	74 
3552	16 
3553	13 
3554	82 
3555	20 
3556	77 
3557	38 
3558	24 
3559	14 
3560	14 
3561	43 
3562	31 
3563	42 
3564	14 
3565	47 
3566	48 
3567	53 
3568	18 
3569	82 
3570	66 
3571	24 
3572	56 
3573	35 
3574	62 
3575	7 
3576	101 
3577	47 
3578	18 
3579	31 
3580	8 
3581	82 
3582	97 
3583	76 
3584	9 
3585	19 
3586	34 
3587	41 
3588	104 
3589	60 
3590	41 
3591	96 
3592	18 
3593	80 
3594	30 
3595	42 
3596	38 
3597	23 
3598	96 
3599	15 
3600	79 
3601	34 
3602	91 
3603	33 
3604	42 
3605	109 
3606	53 
3607	56 
3608	59 
3609	82 
3610	57 
3611	66 
3612	60 
3613	6 
3614	26 
3615	47 
3616	74 
3617	58 
3618	33 
3619	76 
3620	22 
3621	34 
3622	28 
3623	30 
3624	82 
3625	15 
3626	16 
3627	4 
3628	39 
3629	26 
3630	2 
3631	107 
3632	39 
3633	43 
3634	34 
3635	61 
3636	49 
3637	10 
3638	18 
3639	41 
3640	72 
3641	80 
3642	50 
3643	55 
3644	42 
3645	47 
3646	52 
3647	60 
3648	22 
3649	99 
3650	6 
3651	49 
3652	10 
3653	109 
3654	43 
3655	12 
3656	19 
3657	29 
3658	61 
3659	6 
3660	38 
3661	79 
3662	106 
3663	11 
3664	104 
3665	15 
3666	70 
3667	58 
3668	47 
3669	11 
3670	17 
3671	73 
3672	79 
3673	86 
3674	38 
3675	24 
3676	12 
3677	67 
3678	73 
3679	18 
3680	69 
3681	20 
3682	62 
3683	90 
3684	82 
3685	80 
3686	67 
3687	101 
3688	104 
3689	67 
3690	90 
3691	22 
3692	58 
3693	37 
3694	12 
3695	4 
3696	63 
3697	58 
3698	96 
3699	62 
3700	95 
3701	81 
3702	107 
3703	66 
3704	83 
3705	94 
3706	84 
3707	45 
3708	9 
3709	33 
3710	53 
3711	21 
3712	53 
3713	92 
3714	16 
3715	17 
3716	42 
3717	91 
3718	42 
3719	108 
3720	94 
3721	47 
3722	5 
3723	23 
3724	76 
3725	69 
3726	110 
3727	9 
3728	66 
3729	98 
3730	43 
3731	23 
3732	69 
3733	31 
3734	23 
3735	92 
3736	93 
3737	12 
3738	81 
3739	109 
3740	12 
3741	94 
3742	108 
3743	92 
3744	6 
3745	57 
3746	109 
3747	22 
3748	30 
3749	63 
3750	76 
3751	41 
3752	53 
3753	70 
3754	20 
3755	80 
3756	37 
3757	99 
3758	108 
3759	66 
3760	12 
3761	56 
3762	101 
3763	21 
3764	31 
3765	9 
3766	5 
3767	21 
3768	21 
3769	20 
3770	72 
3771	38 
3772	57 
3773	109 
3774	72 
3775	14 
3776	53 
3777	92 
3778	11 
3779	18 
3780	88 
3781	12 
3782	77 
3783	80 
3784	83 
3785	72 
3786	47 
3787	105 
3788	89 
3789	56 
3790	49 
3791	80 
3792	15 
3793	91 
3794	108 
3795	95 
3796	22 
3797	76 
3798	79 
3799	73 
3800	41 
3801	57 
3802	8 
3803	98 
3804	37 
3805	66 
3806	34 
3807	90 
3808	47 
3809	50 
3810	58 
3811	62 
3812	100 
3813	73 
3814	59 
3815	52 
3816	80 
3817	61 
3818	45 
3819	96 
3820	76 
3821	22 
3822	12 
3823	96 
3824	60 
3825	70 
3826	72 
3827	109 
3828	66 
3829	64 
3830	108 
3831	56 
3832	15 
3833	16 
3834	65 
3835	41 
3836	104 
3837	109 
3838	28 
3839	102 
3840	106 
3841	57 
3842	30 
3843	28 
3844	51 
3845	18 
3846	12 
3847	76 
3848	3 
3849	10 
3850	66 
3851	14 
3852	21 
3853	64 
3854	54 
3855	9 
3856	6 
3857	79 
3858	73 
3859	40 
3860	60 
3861	79 
3862	29 
3863	102 
3864	110 
3865	11 
3866	61 
3867	23 
3868	87 
3869	94 
3870	27 
3871	47 
3872	21 
3873	14 
3874	78 
3875	52 
3876	20 
3877	92 
3878	20 
3879	34 
3880	109 
3881	28 
3882	73 
3883	40 
3884	53 
3885	58 
3886	23 
3887	101 
3888	43 
3889	101 
3890	107 
3891	82 
3892	92 
3893	71 
3894	22 
3895	109 
3896	20 
3897	25 
3898	75 
3899	93 
3900	7 
3901	61 
3902	28 
3903	57 
3904	69 
3905	14 
3906	86 
3907	56 
3908	45 
3909	77 
3910	15 
3911	58 
3912	9 
3913	11 
3914	90 
3915	12 
3916	55 
3917	14 
3918	48 
3919	32 
3920	23 
3921	14 
3922	51 
3923	2 
3924	17 
3925	6 
3926	106 
3927	20 
3928	15 
3929	80 
3930	104 
3931	41 
3932	91 
3933	91 
3934	90 
3935	62 
3936	73 
3937	47 
3938	62 
3939	45 
3940	33 
3941	88 
3942	14 
3943	46 
3944	98 
3945	24 
3946	104 
3947	30 
3948	17 
3949	55 
3950	39 
3951	94 
3952	96 
3953	106 
3954	76 
3955	28 
3956	68 
3957	16 
3958	34 
3959	72 
3960	6 
3961	14 
3962	95 
3963	24 
3964	11 
3965	61 
3966	26 
3967	57 
3968	61 
3969	14 
3970	55 
3971	82 
3972	102 
3973	9 
3974	107 
3975	106 
3976	53 
3977	11 
3978	15 
3979	34 
3980	30 
3981	73 
3982	70 
3983	108 
3984	37 
3985	12 
3986	3 
3987	70 
3988	80 
3989	45 
3990	41 
3991	42 
3992	53 
3993	96 
3994	60 
3995	101 
3996	69 
3997	15 
3998	13 
3999	39 
4000	103 
4001	60 
4002	12 
4003	49 
4004	107 
4005	57 
4006	42 
4007	107 
4008	106 
4009	41 
4010	41 
4011	106 
4012	41 
4013	6 
4014	65 
4015	40 
4016	110 
4017	76 
4018	29 
4019	28 
4020	14 
4021	39 
4022	47 
4023	22 
4024	4 
4025	60 
4026	20 
4027	12 
4028	40 
4029	79 
4030	84 
4031	45 
4032	54 
4033	24 
4034	18 
4035	51 
4036	62 
4037	53 
4038	110 
4039	43 
4040	38 
4041	76 
4042	58 
4043	25 
4044	41 
4045	58 
4046	12 
4047	77 
4048	4 
4049	36 
4050	87 
4051	65 
4052	103 
4053	94 
4054	28 
4055	34 
4056	87 
4057	42 
4058	75 
4059	9 
4060	54 
4061	76 
4062	15 
4063	45 
4064	91 
4065	27 
4066	20 
4067	5 
4068	109 
4069	106 
4070	64 
4071	77 
4072	64 
4073	92 
4074	30 
4075	8 
4076	29 
4077	28 
4078	23 
4079	23 
4080	14 
4081	62 
4082	33 
4083	6 
4084	91 
4085	84 
4086	60 
4087	6 
4088	45 
4089	76 
4090	72 
4091	56 
4092	53 
4093	106 
4094	19 
4095	54 
4096	70 
4097	83 
4098	44 
4099	2 
4100	3 
4101	62 
4102	92 
4103	6 
4104	62 
4105	106 
4106	92 
4107	77 
4108	84 
4109	9 
4110	106 
4111	6 
4112	42 
4113	110 
4114	39 
4115	92 
4116	56 
4117	38 
4118	3 
4119	101 
4120	70 
4121	43 
4122	79 
4123	46 
4124	38 
4125	104 
4126	52 
4127	18 
4128	33 
4129	103 
4130	14 
4131	15 
4132	42 
4133	80 
4134	77 
4135	39 
4136	16 
4137	42 
4138	66 
4139	15 
4140	71 
4141	37 
4142	42 
4143	62 
4144	7 
4145	40 
4146	102 
4147	31 
4148	72 
4149	58 
4150	42 
4151	56 
4152	84 
4153	58 
4154	57 
4155	82 
4156	103 
4157	53 
4158	62 
4159	75 
4160	85 
4161	35 
4162	92 
4163	97 
4164	1 
4165	60 
4166	92 
4167	104 
4168	99 
4169	80 
4170	62 
4171	60 
4172	98 
4173	92 
4174	7 
4175	20 
4176	10 
4177	79 
4178	106 
4179	104 
4180	38 
4181	75 
4182	28 
4183	26 
4184	36 
4185	42 
4186	98 
4187	20 
4188	82 
4189	6 
4190	43 
4191	47 
4192	67 
4193	107 
4194	91 
4195	36 
4196	62 
4197	18 
4198	66 
4199	53 
4200	59 
4201	2 
4202	83 
4203	92 
4204	18 
4205	6 
4206	60 
4207	22 
4208	52 
4209	9 
4210	24 
4211	7 
4212	32 
4213	12 
4214	15 
4215	4 
4216	60 
4217	6 
4218	3 
4219	66 
4220	47 
4221	21 
4222	48 
4223	15 
4224	92 
4225	105 
4226	20 
4227	31 
4228	64 
4229	81 
4230	78 
4231	24 
4232	47 
4233	47 
4234	20 
4235	42 
4236	106 
4237	66 
4238	94 
4239	17 
4240	81 
4241	41 
4242	15 
4243	2 
4244	69 
4245	48 
4246	52 
4247	79 
4248	14 
4249	19 
4250	23 
4251	21 
4252	9 
4253	25 
4254	96 
4255	28 
4256	77 
4257	31 
4258	22 
4259	15 
4260	68 
4261	84 
4262	8 
4263	61 
4264	6 
4265	90 
4266	54 
4267	11 
4268	38 
4269	38 
4270	77 
4271	104 
4272	76 
4273	54 
4274	23 
4275	47 
4276	24 
4277	38 
4278	15 
4279	40 
4280	32 
4281	89 
4282	41 
4283	60 
4284	24 
4285	106 
4286	80 
4287	66 
4288	67 
4289	34 
4290	53 
4291	87 
4292	17 
4293	53 
4294	91 
4295	105 
4296	14 
4297	62 
4298	34 
4299	99 
4300	47 
4301	4 
4302	53 
4303	50 
4304	84 
4305	94 
4306	47 
4307	34 
4308	11 
4309	80 
4310	94 
4311	56 
4312	70 
4313	98 
4314	14 
4315	44 
4316	84 
4317	16 
4318	103 
4319	34 
4320	76 
4321	99 
4322	20 
4323	31 
4324	23 
4325	82 
4326	80 
4327	24 
4328	109 
4329	77 
4330	4 
4331	33 
4332	106 
4333	80 
4334	38 
4335	3 
4336	28 
4337	57 
4338	55 
4339	40 
4340	57 
4341	78 
4342	32 
4343	34 
4344	9 
4345	56 
4346	48 
4347	30 
4348	82 
4349	71 
4350	11 
4351	91 
4352	103 
4353	61 
4354	105 
4355	104 
4356	45 
4357	15 
4358	65 
4359	14 
4360	71 
4361	18 
4362	104 
4363	23 
4364	67 
4365	24 
4366	55 
4367	65 
4368	21 
4369	104 
4370	33 
4371	68 
4372	43 
4373	6 
4374	29 
4375	77 
4376	95 
4377	95 
4378	66 
4379	58 
4380	96 
4381	92 
4382	21 
4383	20 
4384	43 
4385	58 
4386	36 
4387	10 
4388	33 
4389	25 
4390	91 
4391	65 
4392	74 
4393	22 
4394	106 
4395	92 
4396	92 
4397	44 
4398	56 
4399	92 
4400	43 
4401	14 
4402	9 
4403	44 
4404	42 
4405	18 
4406	88 
4407	84 
4408	65 
4409	21 
4410	22 
4411	23 
4412	79 
4413	34 
4414	52 
4415	91 
4416	64 
4417	24 
4418	23 
4419	83 
4420	73 
4421	61 
4422	76 
4423	11 
4424	73 
4425	42 
4426	105 
4427	75 
4428	48 
4429	8 
4430	87 
4431	24 
4432	49 
4433	72 
4434	5 
4435	16 
4436	16 
4437	76 
4438	45 
4439	15 
4440	53 
4441	56 
4442	107 
4443	105 
4444	9 
4445	92 
4446	83 
4447	84 
4448	72 
4449	93 
4450	105 
4451	109 
4452	47 
4453	84 
4454	38 
4455	98 
4456	20 
4457	51 
4458	86 
4459	7 
4460	37 
4461	82 
4462	20 
4463	44 
4464	37 
4465	77 
4466	19 
4467	79 
4468	91 
4469	39 
4470	108 
4471	42 
4472	62 
4473	46 
4474	71 
4475	18 
4476	47 
4477	29 
4478	108 
4479	63 
4480	24 
4481	92 
4482	54 
4483	20 
4484	32 
4485	65 
4486	77 
4487	110 
4488	45 
4489	82 
4490	66 
4491	6 
4492	11 
4493	56 
4494	75 
4495	92 
4496	47 
4497	56 
4498	106 
4499	4 
4500	48 
4501	9 
4502	59 
4503	96 
4504	42 
4505	60 
4506	91 
4507	16 
4508	16 
4509	10 
4510	39 
4511	71 
4512	11 
4513	81 
4514	74 
4515	44 
4516	96 
4517	88 
4518	92 
4519	71 
4520	49 
4521	43 
4522	101 
4523	65 
4524	41 
4525	28 
4526	95 
4527	6 
4528	66 
4529	104 
4530	36 
4531	109 
4532	77 
4533	83 
4534	38 
4535	2 
4536	7 
4537	51 
4538	56 
4539	60 
4540	57 
4541	54 
4542	31 
4543	20 
4544	9 
4545	110 
4546	40 
4547	41 
4548	51 
4549	42 
4550	87 
4551	47 
4552	83 
4553	106 
4554	12 
4555	45 
4556	22 
4557	84 
4558	41 
4559	77 
4560	52 
4561	40 
4562	30 
4563	41 
4564	34 
4565	64 
4566	77 
4567	4 
4568	16 
4569	2 
4570	43 
4571	97 
4572	76 
4573	36 
4574	8 
4575	18 
4576	106 
4577	107 
4578	15 
4579	66 
4580	90 
4581	38 
4582	18 
4583	65 
4584	53 
4585	62 
4586	29 
4587	45 
4588	77 
4589	24 
4590	99 
4591	104 
4592	68 
4593	79 
4594	2 
4595	76 
4596	13 
4597	42 
4598	47 
4599	8 
4600	24 
4601	20 
4602	42 
4603	103 
4604	5 
4605	60 
4606	66 
4607	23 
4608	64 
4609	11 
4610	85 
4611	95 
4612	79 
4613	24 
4614	92 
4615	65 
4616	106 
4617	19 
4618	58 
4619	49 
4620	44 
4621	42 
4622	5 
4623	68 
4624	64 
4625	86 
4626	61 
4627	3 
4628	66 
4629	30 
4630	23 
4631	71 
4632	52 
4633	42 
4634	1 
4635	80 
4636	73 
4637	87 
4638	85 
4639	93 
4640	6 
4641	94 
4642	12 
4643	32 
4644	9 
4645	17 
4646	91 
4647	14 
4648	24 
4649	18 
4650	14 
4651	47 
4652	37 
4653	54 
4654	83 
4655	82 
4656	32 
4657	32 
4658	58 
4659	67 
4660	9 
4661	9 
4662	96 
4663	82 
4664	72 
4665	64 
4666	20 
4667	6 
4668	72 
4669	14 
4670	26 
4671	102 
4672	64 
4673	98 
4674	14 
4675	36 
4676	29 
4677	53 
4678	80 
4679	91 
4680	82 
4681	21 
4682	52 
4683	89 
4684	18 
4685	89 
4686	92 
4687	56 
4688	72 
4689	76 
4690	56 
4691	3 
4692	56 
4693	65 
4694	69 
4695	90 
4696	8 
4697	20 
4698	33 
4699	20 
4700	20 
4701	76 
4702	42 
4703	52 
4704	82 
4705	88 
4706	67 
4707	91 
4708	16 
4709	18 
4710	55 
4711	30 
4712	22 
4713	96 
4714	33 
4715	25 
4716	20 
4717	62 
4718	44 
4719	16 
4720	73 
4721	45 
4722	45 
4723	91 
4724	96 
4725	13 
4726	109 
4727	92 
4728	85 
4729	14 
4730	17 
4731	27 
4732	92 
4733	42 
4734	45 
4735	43 
4736	65 
4737	49 
4738	104 
4739	63 
4740	63 
4741	41 
4742	59 
4743	15 
4744	16 
4745	38 
4746	20 
4747	56 
4748	26 
4749	109 
4750	95 
4751	72 
4752	1 
4753	45 
4754	96 
4755	2 
4756	80 
4757	90 
4758	67 
4759	41 
4760	7 
4761	105 
4762	92 
4763	103 
4764	51 
4765	76 
4766	41 
4767	16 
4768	1 
4769	65 
4770	73 
4771	43 
4772	81 
4773	38 
4774	22 
4775	30 
4776	18 
4777	45 
4778	13 
4779	94 
4780	56 
4781	82 
4782	11 
4783	68 
4784	66 
4785	18 
4786	34 
4787	77 
4788	45 
4789	15 
4790	52 
4791	60 
4792	19 
4793	14 
4794	96 
4795	8 
4796	12 
4797	82 
4798	41 
4799	59 
4800	44 
4801	10 
4802	77 
4803	33 
4804	11 
4805	21 
4806	30 
4807	18 
4808	9 
4809	15 
4810	49 
4811	102 
4812	9 
4813	84 
4814	49 
4815	10 
4816	68 
4817	38 
4818	15 
4819	30 
4820	13 
4821	64 
4822	47 
4823	23 
4824	43 
4825	14 
4826	2 
4827	83 
4828	16 
4829	47 
4830	50 
4831	47 
4832	47 
4833	6 
4834	37 
4835	12 
4836	104 
4837	32 
4838	60 
4839	3 
4840	86 
4841	94 
4842	52 
4843	24 
4844	15 
4845	41 
4846	56 
4847	74 
4848	105 
4849	61 
4850	76 
4851	79 
4852	24 
4853	44 
4854	56 
4855	36 
4856	17 
4857	101 
4858	19 
4859	24 
4860	70 
4861	60 
4862	107 
4863	34 
4864	6 
4865	63 
4866	30 
4867	94 
4868	102 
4869	9 
4870	22 
4871	25 
4872	9 
4873	28 
4874	47 
4875	34 
4876	49 
4877	18 
4878	62 
4879	56 
4880	25 
4881	58 
4882	56 
4883	96 
4884	45 
4885	86 
4886	55 
4887	77 
4888	66 
4889	12 
4890	45 
4891	18 
4892	20 
4893	59 
4894	73 
4895	42 
4896	106 
4897	38 
4898	6 
4899	3 
4900	53 
4901	92 
4902	56 
4903	76 
4904	53 
4905	21 
4906	71 
4907	28 
4908	110 
4909	76 
4910	39 
4911	80 
4912	50 
4913	35 
4914	77 
4915	56 
4916	96 
4917	24 
4918	94 
4919	102 
4920	76 
4921	80 
4922	70 
4923	54 
4924	45 
4925	77 
4926	65 
4927	98 
4928	80 
4929	91 
4930	59 
4931	20 
4932	101 
4933	53 
4934	100 
4935	76 
4936	93 
4937	55 
4938	47 
4939	102 
4940	98 
4941	39 
4942	109 
4943	15 
4944	26 
4945	104 
4946	60 
4947	56 
4948	66 
4949	11 
4950	89 
4951	2 
4952	60 
4953	58 
4954	41 
4955	6 
4956	104 
4957	59 
4958	60 
4959	53 
4960	104 
4961	80 
4962	13 
4963	70 
4964	59 
4965	98 
4966	11 
4967	103 
4968	5 
4969	60 
4970	77 
4971	86 
4972	43 
4973	2 
4974	68 
4975	79 
4976	8 
4977	42 
4978	107 
4979	6 
4980	39 
4981	19 
4982	106 
4983	59 
4984	30 
4985	31 
4986	91 
4987	21 
4988	69 
4989	15 
4990	64 
4991	80 
4992	92 
4993	92 
4994	58 
4995	27 
4996	19 
4997	45 
4998	19 
4999	42 
5000	14 
