1	70 
2	2 
3	46 
4	75 
5	62 
6	10 
7	82 
8	1 
9	15 
10	66 
11	75 
12	17 
13	70 
14	35 
15	28 
16	37 
17	5 
18	16 
19	25 
20	86 
21	37 
22	42 
23	86 
24	31 
25	90 
26	89 
27	17 
28	67 
29	83 
30	69 
31	35 
32	86 
33	89 
34	32 
35	51 
36	42 
37	38 
38	37 
39	96 
40	18 
41	70 
42	12 
43	92 
44	45 
45	17 
46	21 
47	4 
48	91 
49	33 
50	64 
51	42 
52	43 
53	63 
54	74 
55	10 
56	19 
57	53 
58	48 
59	2 
60	66 
61	60 
62	3 
63	12 
64	81 
65	2 
66	30 
67	51 
68	82 
69	45 
70	1 
71	51 
72	23 
73	67 
74	71 
75	43 
76	23 
77	86 
78	8 
79	46 
80	31 
81	38 
82	37 
83	63 
84	67 
85	13 
86	18 
87	6 
88	95 
89	72 
90	63 
91	4 
92	47 
93	63 
94	63 
95	62 
96	34 
97	57 
98	82 
99	34 
100	61 
101	30 
102	72 
103	56 
104	22 
105	38 
106	89 
107	86 
108	62 
109	10 
110	92 
111	69 
112	45 
113	99 
114	35 
115	89 
116	2 
117	72 
118	85 
119	17 
120	87 
121	93 
122	77 
123	4 
124	41 
125	62 
126	51 
127	52 
128	37 
129	1 
130	28 
131	42 
132	44 
133	8 
134	3 
135	82 
136	66 
137	53 
138	85 
139	23 
140	91 
141	1 
142	60 
143	52 
144	34 
145	1 
146	16 
147	99 
148	54 
149	18 
150	80 
151	5 
152	64 
153	83 
154	37 
155	35 
156	89 
157	10 
158	88 
159	62 
160	1 
161	92 
162	48 
163	62 
164	26 
165	63 
166	35 
167	44 
168	46 
169	29 
170	73 
171	51 
172	81 
173	80 
174	62 
175	91 
176	65 
177	82 
178	73 
179	84 
180	56 
181	29 
182	98 
183	84 
184	30 
185	25 
186	19 
187	88 
188	62 
189	26 
190	59 
191	78 
192	14 
193	62 
194	89 
195	64 
196	24 
197	10 
198	66 
199	64 
200	93 
201	29 
202	96 
203	87 
204	64 
205	13 
206	27 
207	40 
208	82 
209	89 
210	9 
211	34 
212	35 
213	80 
214	93 
215	27 
216	51 
217	89 
218	1 
219	4 
220	19 
221	25 
222	44 
223	25 
224	86 
225	82 
226	62 
227	82 
228	66 
229	91 
230	65 
231	46 
232	76 
233	21 
234	27 
235	93 
236	66 
237	60 
238	71 
239	96 
240	19 
241	10 
242	15 
243	43 
244	73 
245	26 
246	29 
247	23 
248	88 
249	17 
250	2 
251	70 
252	59 
253	73 
254	78 
255	87 
256	37 
257	41 
258	42 
259	35 
260	69 
261	28 
262	18 
263	5 
264	75 
265	49 
266	10 
267	37 
268	52 
269	4 
270	87 
271	31 
272	45 
273	74 
274	43 
275	95 
276	86 
277	93 
278	61 
279	76 
280	23 
281	69 
282	82 
283	84 
284	18 
285	8 
286	45 
287	51 
288	66 
289	60 
290	43 
291	89 
292	8 
293	25 
294	70 
295	51 
296	11 
297	8 
298	44 
299	28 
300	91 
301	89 
302	94 
303	10 
304	69 
305	57 
306	83 
307	57 
308	89 
309	67 
310	57 
311	2 
312	73 
313	19 
314	28 
315	62 
316	56 
317	43 
318	18 
319	17 
320	28 
321	37 
322	67 
323	54 
324	66 
325	4 
326	8 
327	52 
328	24 
329	11 
330	2 
331	42 
332	52 
333	87 
334	57 
335	19 
336	51 
337	34 
338	1 
339	62 
340	70 
341	94 
342	66 
343	5 
344	6 
345	38 
346	84 
347	72 
348	21 
349	67 
350	84 
351	69 
352	87 
353	81 
354	17 
355	70 
356	67 
357	40 
358	3 
359	84 
360	39 
361	42 
362	33 
363	64 
364	54 
365	68 
366	98 
367	68 
368	15 
369	2 
370	23 
371	30 
372	9 
373	52 
374	63 
375	59 
376	34 
377	15 
378	66 
379	55 
380	95 
381	77 
382	39 
383	59 
384	99 
385	14 
386	62 
387	15 
388	68 
389	12 
390	46 
391	6 
392	70 
393	30 
394	66 
395	18 
396	55 
397	83 
398	23 
399	7 
400	88 
401	92 
402	70 
403	16 
404	54 
405	64 
406	35 
407	22 
408	57 
409	67 
410	63 
411	99 
412	58 
413	83 
414	8 
415	96 
416	84 
417	15 
418	35 
419	67 
420	72 
421	18 
422	24 
423	69 
424	69 
425	20 
426	45 
427	17 
428	71 
429	71 
430	98 
431	4 
432	27 
433	71 
434	10 
435	5 
436	90 
437	89 
438	25 
439	38 
440	61 
441	74 
442	61 
443	42 
444	68 
445	43 
446	99 
447	44 
448	73 
449	94 
450	94 
451	25 
452	30 
453	36 
454	1 
455	66 
456	7 
457	43 
458	11 
459	84 
460	28 
461	16 
462	2 
463	40 
464	21 
465	18 
466	83 
467	42 
468	34 
469	10 
470	4 
471	91 
472	69 
473	7 
474	13 
475	88 
476	43 
477	92 
478	91 
479	8 
480	62 
481	56 
482	65 
483	81 
484	67 
485	63 
486	58 
487	50 
488	96 
489	83 
490	2 
491	51 
492	78 
493	70 
494	42 
495	39 
496	69 
497	3 
498	66 
499	4 
500	80 
501	19 
502	4 
503	63 
504	92 
505	15 
506	38 
507	4 
508	28 
509	48 
510	85 
511	86 
512	19 
513	1 
514	3 
515	31 
516	87 
517	16 
518	99 
519	42 
520	7 
521	37 
522	30 
523	99 
524	73 
525	55 
526	63 
527	51 
528	67 
529	46 
530	13 
531	93 
532	51 
533	53 
534	36 
535	29 
536	8 
537	89 
538	51 
539	89 
540	30 
541	78 
542	3 
543	59 
544	17 
545	82 
546	8 
547	58 
548	83 
549	57 
550	99 
551	34 
552	16 
553	44 
554	59 
555	44 
556	2 
557	59 
558	83 
559	27 
560	5 
561	25 
562	66 
563	69 
564	83 
565	28 
566	33 
567	42 
568	4 
569	10 
570	64 
571	2 
572	23 
573	41 
574	51 
575	71 
576	76 
577	32 
578	78 
579	30 
580	27 
581	63 
582	68 
583	66 
584	62 
585	19 
586	63 
587	19 
588	59 
589	2 
590	58 
591	24 
592	62 
593	12 
594	22 
595	48 
596	69 
597	28 
598	84 
599	7 
600	86 
601	76 
602	61 
603	56 
604	56 
605	21 
606	1 
607	30 
608	49 
609	77 
610	34 
611	9 
612	60 
613	1 
614	74 
615	64 
616	65 
617	62 
618	48 
619	87 
620	24 
621	34 
622	41 
623	10 
624	50 
625	3 
626	59 
627	30 
628	54 
629	74 
630	73 
631	92 
632	18 
633	51 
634	63 
635	71 
636	28 
637	15 
638	92 
639	67 
640	13 
641	12 
642	32 
643	80 
644	17 
645	30 
646	5 
647	53 
648	4 
649	10 
650	2 
651	1 
652	63 
653	86 
654	16 
655	58 
656	46 
657	90 
658	30 
659	38 
660	37 
661	81 
662	69 
663	61 
664	37 
665	18 
666	2 
667	38 
668	95 
669	37 
670	18 
671	66 
672	89 
673	35 
674	10 
675	28 
676	5 
677	66 
678	36 
679	45 
680	10 
681	82 
682	52 
683	23 
684	25 
685	23 
686	58 
687	46 
688	67 
689	64 
690	44 
691	67 
692	82 
693	54 
694	10 
695	3 
696	9 
697	34 
698	8 
699	1 
700	9 
701	92 
702	83 
703	38 
704	19 
705	7 
706	60 
707	1 
708	25 
709	29 
710	44 
711	19 
712	7 
713	71 
714	5 
715	9 
716	15 
717	35 
718	1 
719	26 
720	89 
721	52 
722	58 
723	99 
724	29 
725	38 
726	82 
727	94 
728	70 
729	22 
730	8 
731	57 
732	7 
733	70 
734	17 
735	96 
736	83 
737	19 
738	49 
739	26 
740	94 
741	32 
742	10 
743	82 
744	2 
745	98 
746	37 
747	87 
748	1 
749	42 
750	98 
751	95 
752	2 
753	6 
754	51 
755	31 
756	23 
757	94 
758	72 
759	92 
760	45 
761	3 
762	4 
763	81 
764	90 
765	45 
766	84 
767	95 
768	69 
769	29 
770	29 
771	8 
772	34 
773	3 
774	47 
775	52 
776	84 
777	29 
778	92 
779	80 
780	96 
781	89 
782	67 
783	59 
784	24 
785	97 
786	87 
787	45 
788	46 
789	1 
790	44 
791	38 
792	77 
793	17 
794	83 
795	91 
796	96 
797	89 
798	70 
799	83 
800	41 
801	99 
802	92 
803	63 
804	89 
805	97 
806	49 
807	72 
808	79 
809	63 
810	21 
811	71 
812	34 
813	82 
814	1 
815	93 
816	10 
817	29 
818	28 
819	86 
820	21 
821	67 
822	21 
823	89 
824	63 
825	51 
826	8 
827	11 
828	10 
829	1 
830	87 
831	4 
832	95 
833	29 
834	64 
835	40 
836	49 
837	44 
838	19 
839	4 
840	4 
841	62 
842	99 
843	44 
844	24 
845	89 
846	17 
847	73 
848	49 
849	28 
850	66 
851	35 
852	91 
853	84 
854	70 
855	95 
856	21 
857	95 
858	3 
859	74 
860	13 
861	38 
862	88 
863	67 
864	34 
865	83 
866	92 
867	71 
868	82 
869	70 
870	58 
871	48 
872	24 
873	2 
874	63 
875	99 
876	7 
877	40 
878	40 
879	43 
880	20 
881	57 
882	60 
883	46 
884	59 
885	84 
886	91 
887	88 
888	51 
889	37 
890	73 
891	88 
892	68 
893	7 
894	34 
895	10 
896	64 
897	97 
898	95 
899	44 
900	41 
901	28 
902	2 
903	64 
904	82 
905	31 
906	29 
907	85 
908	19 
909	25 
910	18 
911	99 
912	67 
913	24 
914	15 
915	61 
916	76 
917	51 
918	63 
919	91 
920	19 
921	23 
922	92 
923	53 
924	67 
925	92 
926	30 
927	74 
928	89 
929	53 
930	2 
931	24 
932	79 
933	29 
934	73 
935	7 
936	28 
937	41 
938	92 
939	88 
940	73 
941	11 
942	80 
943	87 
944	91 
945	18 
946	99 
947	78 
948	35 
949	83 
950	23 
951	18 
952	11 
953	73 
954	85 
955	75 
956	3 
957	19 
958	4 
959	13 
960	76 
961	59 
962	28 
963	24 
964	89 
965	51 
966	95 
967	69 
968	99 
969	19 
970	4 
971	6 
972	28 
973	76 
974	79 
975	14 
976	17 
977	19 
978	55 
979	32 
980	37 
981	6 
982	87 
983	91 
984	32 
985	4 
986	29 
987	24 
988	66 
989	14 
990	98 
991	7 
992	91 
993	12 
994	47 
995	46 
996	5 
997	99 
998	82 
999	9 
1000	31 
1001	13 
1002	8 
1003	6 
1004	19 
1005	96 
1006	68 
1007	97 
1008	82 
1009	4 
1010	70 
1011	71 
1012	4 
1013	66 
1014	79 
1015	2 
1016	51 
1017	66 
1018	1 
1019	3 
1020	80 
1021	55 
1022	34 
1023	92 
1024	67 
1025	50 
1026	28 
1027	19 
1028	96 
1029	76 
1030	62 
1031	95 
1032	44 
1033	95 
1034	59 
1035	55 
1036	27 
1037	75 
1038	17 
1039	64 
1040	2 
1041	29 
1042	19 
1043	99 
1044	91 
1045	86 
1046	39 
1047	33 
1048	89 
1049	34 
1050	88 
1051	93 
1052	96 
1053	12 
1054	37 
1055	15 
1056	55 
1057	7 
1058	33 
1059	93 
1060	40 
1061	75 
1062	67 
1063	93 
1064	94 
1065	19 
1066	91 
1067	66 
1068	23 
1069	51 
1070	95 
1071	15 
1072	99 
1073	57 
1074	86 
1075	70 
1076	99 
1077	77 
1078	49 
1079	8 
1080	34 
1081	37 
1082	8 
1083	34 
1084	97 
1085	96 
1086	99 
1087	25 
1088	65 
1089	94 
1090	18 
1091	45 
1092	26 
1093	8 
1094	38 
1095	64 
1096	2 
1097	99 
1098	69 
1099	4 
1100	28 
1101	7 
1102	30 
1103	60 
1104	61 
1105	16 
1106	21 
1107	9 
1108	93 
1109	99 
1110	7 
1111	90 
1112	40 
1113	87 
1114	72 
1115	83 
1116	31 
1117	70 
1118	68 
1119	83 
1120	53 
1121	23 
1122	62 
1123	84 
1124	42 
1125	38 
1126	89 
1127	17 
1128	69 
1129	54 
1130	23 
1131	10 
1132	84 
1133	8 
1134	58 
1135	30 
1136	41 
1137	23 
1138	91 
1139	33 
1140	89 
1141	46 
1142	32 
1143	60 
1144	72 
1145	83 
1146	29 
1147	38 
1148	17 
1149	62 
1150	2 
1151	18 
1152	16 
1153	41 
1154	49 
1155	9 
1156	8 
1157	42 
1158	29 
1159	16 
1160	66 
1161	82 
1162	53 
1163	11 
1164	66 
1165	29 
1166	19 
1167	8 
1168	85 
1169	89 
1170	9 
1171	66 
1172	44 
1173	32 
1174	60 
1175	24 
1176	92 
1177	84 
1178	99 
1179	30 
1180	73 
1181	83 
1182	62 
1183	22 
1184	51 
1185	66 
1186	21 
1187	45 
1188	98 
1189	89 
1190	85 
1191	86 
1192	88 
1193	72 
1194	66 
1195	92 
1196	9 
1197	43 
1198	19 
1199	28 
1200	68 
1201	49 
1202	44 
1203	18 
1204	28 
1205	87 
1206	91 
1207	87 
1208	79 
1209	13 
1210	34 
1211	26 
1212	86 
1213	99 
1214	63 
1215	82 
1216	68 
1217	27 
1218	63 
1219	62 
1220	2 
1221	63 
1222	75 
1223	4 
1224	34 
1225	13 
1226	27 
1227	95 
1228	4 
1229	35 
1230	64 
1231	7 
1232	44 
1233	70 
1234	43 
1235	23 
1236	10 
1237	29 
1238	35 
1239	49 
1240	63 
1241	92 
1242	15 
1243	98 
1244	63 
1245	31 
1246	63 
1247	21 
1248	22 
1249	2 
1250	84 
1251	84 
1252	76 
1253	17 
1254	68 
1255	77 
1256	38 
1257	99 
1258	56 
1259	97 
1260	57 
1261	89 
1262	35 
1263	73 
1264	37 
1265	74 
1266	79 
1267	18 
1268	64 
1269	36 
1270	93 
1271	19 
1272	30 
1273	3 
1274	70 
1275	91 
1276	10 
1277	49 
1278	85 
1279	57 
1280	91 
1281	37 
1282	73 
1283	46 
1284	30 
1285	87 
1286	35 
1287	93 
1288	55 
1289	62 
1290	72 
1291	18 
1292	49 
1293	54 
1294	65 
1295	54 
1296	2 
1297	18 
1298	69 
1299	92 
1300	68 
1301	84 
1302	91 
1303	36 
1304	3 
1305	37 
1306	3 
1307	99 
1308	63 
1309	67 
1310	82 
1311	86 
1312	71 
1313	36 
1314	3 
1315	68 
1316	66 
1317	8 
1318	62 
1319	69 
1320	46 
1321	67 
1322	58 
1323	30 
1324	24 
1325	63 
1326	99 
1327	20 
1328	16 
1329	51 
1330	52 
1331	29 
1332	44 
1333	34 
1334	17 
1335	18 
1336	13 
1337	57 
1338	83 
1339	16 
1340	6 
1341	51 
1342	87 
1343	47 
1344	37 
1345	60 
1346	57 
1347	46 
1348	28 
1349	14 
1350	40 
1351	72 
1352	34 
1353	5 
1354	36 
1355	19 
1356	66 
1357	79 
1358	82 
1359	30 
1360	35 
1361	62 
1362	31 
1363	74 
1364	41 
1365	24 
1366	44 
1367	46 
1368	82 
1369	18 
1370	79 
1371	8 
1372	53 
1373	92 
1374	24 
1375	42 
1376	56 
1377	70 
1378	13 
1379	50 
1380	91 
1381	28 
1382	92 
1383	62 
1384	43 
1385	74 
1386	29 
1387	10 
1388	19 
1389	65 
1390	38 
1391	8 
1392	79 
1393	7 
1394	55 
1395	24 
1396	88 
1397	58 
1398	1 
1399	51 
1400	83 
1401	42 
1402	30 
1403	57 
1404	91 
1405	84 
1406	83 
1407	8 
1408	30 
1409	75 
1410	86 
1411	53 
1412	51 
1413	8 
1414	13 
1415	89 
1416	99 
1417	11 
1418	63 
1419	10 
1420	29 
1421	53 
1422	73 
1423	24 
1424	64 
1425	15 
1426	83 
1427	29 
1428	83 
1429	40 
1430	91 
1431	35 
1432	28 
1433	83 
1434	99 
1435	53 
1436	15 
1437	70 
1438	21 
1439	57 
1440	55 
1441	61 
1442	92 
1443	14 
1444	64 
1445	82 
1446	66 
1447	58 
1448	68 
1449	52 
1450	8 
1451	38 
1452	92 
1453	57 
1454	63 
1455	50 
1456	56 
1457	28 
1458	6 
1459	8 
1460	66 
1461	67 
1462	10 
1463	74 
1464	36 
1465	34 
1466	63 
1467	44 
1468	37 
1469	90 
1470	5 
1471	60 
1472	4 
1473	13 
1474	27 
1475	4 
1476	28 
1477	35 
1478	61 
1479	7 
1480	99 
1481	46 
1482	12 
1483	25 
1484	87 
1485	45 
1486	66 
1487	47 
1488	66 
1489	81 
1490	3 
1491	87 
1492	43 
1493	73 
1494	95 
1495	30 
1496	41 
1497	73 
1498	44 
1499	29 
1500	2 
1501	64 
1502	19 
1503	70 
1504	93 
1505	38 
1506	66 
1507	82 
1508	83 
1509	60 
1510	19 
1511	53 
1512	84 
1513	19 
1514	9 
1515	93 
1516	89 
1517	68 
1518	29 
1519	17 
1520	19 
1521	70 
1522	11 
1523	74 
1524	34 
1525	62 
1526	33 
1527	7 
1528	97 
1529	24 
1530	24 
1531	45 
1532	43 
1533	39 
1534	28 
1535	59 
1536	88 
1537	69 
1538	63 
1539	86 
1540	34 
1541	47 
1542	20 
1543	67 
1544	54 
1545	34 
1546	23 
1547	36 
1548	96 
1549	52 
1550	67 
1551	19 
1552	44 
1553	34 
1554	93 
1555	34 
1556	95 
1557	59 
1558	75 
1559	28 
1560	19 
1561	21 
1562	63 
1563	61 
1564	56 
1565	99 
1566	33 
1567	95 
1568	14 
1569	79 
1570	73 
1571	2 
1572	8 
1573	30 
1574	94 
1575	1 
1576	47 
1577	54 
1578	5 
1579	57 
1580	29 
1581	73 
1582	41 
1583	89 
1584	4 
1585	50 
1586	76 
1587	38 
1588	70 
1589	82 
1590	26 
1591	38 
1592	10 
1593	21 
1594	33 
1595	86 
1596	66 
1597	63 
1598	79 
1599	66 
1600	82 
1601	70 
1602	68 
1603	4 
1604	18 
1605	51 
1606	52 
1607	35 
1608	34 
1609	44 
1610	4 
1611	87 
1612	67 
1613	30 
1614	37 
1615	51 
1616	2 
1617	86 
1618	85 
1619	81 
1620	64 
1621	95 
1622	63 
1623	77 
1624	31 
1625	38 
1626	62 
1627	83 
1628	51 
1629	4 
1630	61 
1631	26 
1632	10 
1633	15 
1634	42 
1635	58 
1636	13 
1637	86 
1638	44 
1639	8 
1640	92 
1641	17 
1642	63 
1643	1 
1644	65 
1645	34 
1646	19 
1647	79 
1648	62 
1649	83 
1650	40 
1651	46 
1652	99 
1653	67 
1654	31 
1655	62 
1656	74 
1657	90 
1658	18 
1659	45 
1660	82 
1661	83 
1662	95 
1663	59 
1664	32 
1665	69 
1666	52 
1667	3 
1668	41 
1669	7 
1670	21 
1671	46 
1672	24 
1673	26 
1674	20 
1675	60 
1676	63 
1677	6 
1678	84 
1679	67 
1680	69 
1681	21 
1682	29 
1683	65 
1684	98 
1685	99 
1686	52 
1687	92 
1688	63 
1689	24 
1690	20 
1691	16 
1692	49 
1693	12 
1694	35 
1695	55 
1696	10 
1697	1 
1698	8 
1699	94 
1700	67 
1701	30 
1702	79 
1703	73 
1704	73 
1705	77 
1706	95 
1707	17 
1708	35 
1709	32 
1710	55 
1711	35 
1712	33 
1713	70 
1714	65 
1715	91 
1716	19 
1717	37 
1718	91 
1719	89 
1720	52 
1721	50 
1722	44 
1723	87 
1724	74 
1725	34 
1726	13 
1727	64 
1728	1 
1729	7 
1730	91 
1731	40 
1732	57 
1733	28 
1734	64 
1735	5 
1736	51 
1737	66 
1738	23 
1739	25 
1740	89 
1741	22 
1742	88 
1743	23 
1744	49 
1745	19 
1746	46 
1747	32 
1748	86 
1749	92 
1750	41 
1751	92 
1752	49 
1753	43 
1754	86 
1755	69 
1756	57 
1757	7 
1758	24 
1759	4 
1760	45 
1761	59 
1762	49 
1763	21 
1764	31 
1765	85 
1766	78 
1767	51 
1768	66 
1769	93 
1770	74 
1771	72 
1772	71 
1773	66 
1774	43 
1775	84 
1776	50 
1777	18 
1778	27 
1779	1 
1780	1 
1781	92 
1782	90 
1783	63 
1784	13 
1785	9 
1786	1 
1787	19 
1788	27 
1789	63 
1790	74 
1791	34 
1792	70 
1793	42 
1794	21 
1795	30 
1796	2 
1797	56 
1798	39 
1799	90 
1800	84 
1801	35 
1802	68 
1803	32 
1804	99 
1805	75 
1806	11 
1807	58 
1808	4 
1809	8 
1810	73 
1811	19 
1812	37 
1813	89 
1814	67 
1815	25 
1816	66 
1817	74 
1818	99 
1819	59 
1820	89 
1821	94 
1822	99 
1823	99 
1824	92 
1825	7 
1826	1 
1827	84 
1828	67 
1829	89 
1830	90 
1831	69 
1832	91 
1833	27 
1834	50 
1835	77 
1836	91 
1837	54 
1838	8 
1839	77 
1840	76 
1841	21 
1842	69 
1843	7 
1844	6 
1845	9 
1846	8 
1847	52 
1848	35 
1849	88 
1850	7 
1851	68 
1852	63 
1853	99 
1854	59 
1855	84 
1856	82 
1857	37 
1858	3 
1859	58 
1860	48 
1861	17 
1862	92 
1863	41 
1864	91 
1865	88 
1866	92 
1867	31 
1868	8 
1869	2 
1870	11 
1871	91 
1872	38 
1873	34 
1874	99 
1875	59 
1876	87 
1877	70 
1878	57 
1879	4 
1880	63 
1881	21 
1882	36 
1883	38 
1884	92 
1885	6 
1886	72 
1887	53 
1888	91 
1889	88 
1890	27 
1891	40 
1892	90 
1893	99 
1894	70 
1895	9 
1896	59 
1897	12 
1898	28 
1899	57 
1900	10 
1901	3 
1902	73 
1903	97 
1904	46 
1905	83 
1906	23 
1907	15 
1908	19 
1909	59 
1910	92 
1911	93 
1912	43 
1913	66 
1914	19 
1915	40 
1916	4 
1917	44 
1918	20 
1919	25 
1920	79 
1921	96 
1922	42 
1923	18 
1924	30 
1925	94 
1926	34 
1927	68 
1928	96 
1929	3 
1930	83 
1931	71 
1932	43 
1933	23 
1934	8 
1935	22 
1936	58 
1937	59 
1938	45 
1939	83 
1940	70 
1941	7 
1942	24 
1943	56 
1944	46 
1945	78 
1946	64 
1947	93 
1948	98 
1949	11 
1950	51 
1951	91 
1952	93 
1953	84 
1954	62 
1955	1 
1956	55 
1957	86 
1958	15 
1959	4 
1960	99 
1961	66 
1962	32 
1963	5 
1964	78 
1965	97 
1966	34 
1967	29 
1968	39 
1969	37 
1970	37 
1971	32 
1972	65 
1973	14 
1974	82 
1975	85 
1976	69 
1977	17 
1978	48 
1979	92 
1980	30 
1981	92 
1982	85 
1983	35 
1984	82 
1985	8 
1986	99 
1987	6 
1988	43 
1989	25 
1990	68 
1991	95 
1992	97 
1993	5 
1994	4 
1995	7 
1996	14 
1997	73 
1998	77 
1999	99 
2000	67 
2001	69 
2002	82 
2003	28 
2004	70 
2005	41 
2006	2 
2007	64 
2008	76 
2009	49 
2010	83 
2011	24 
2012	54 
2013	59 
2014	51 
2015	89 
2016	65 
2017	8 
2018	58 
2019	7 
2020	37 
2021	15 
2022	64 
2023	45 
2024	81 
2025	15 
2026	37 
2027	87 
2028	28 
2029	86 
2030	15 
2031	38 
2032	97 
2033	49 
2034	7 
2035	82 
2036	7 
2037	74 
2038	80 
2039	87 
2040	86 
2041	64 
2042	5 
2043	28 
2044	94 
2045	46 
2046	3 
2047	63 
2048	52 
2049	50 
2050	28 
2051	17 
2052	91 
2053	91 
2054	83 
2055	84 
2056	68 
2057	81 
2058	80 
2059	35 
2060	35 
2061	40 
2062	3 
2063	42 
2064	25 
2065	10 
2066	4 
2067	74 
2068	95 
2069	89 
2070	45 
2071	59 
2072	17 
2073	73 
2074	80 
2075	69 
2076	55 
2077	11 
2078	16 
2079	29 
2080	37 
2081	84 
2082	42 
2083	17 
2084	17 
2085	10 
2086	58 
2087	62 
2088	23 
2089	91 
2090	41 
2091	82 
2092	30 
2093	19 
2094	8 
2095	63 
2096	25 
2097	2 
2098	6 
2099	94 
2100	22 
2101	68 
2102	19 
2103	53 
2104	63 
2105	64 
2106	54 
2107	3 
2108	99 
2109	69 
2110	72 
2111	57 
2112	69 
2113	82 
2114	59 
2115	18 
2116	10 
2117	89 
2118	28 
2119	19 
2120	23 
2121	82 
2122	69 
2123	18 
2124	24 
2125	42 
2126	50 
2127	70 
2128	51 
2129	73 
2130	73 
2131	31 
2132	6 
2133	1 
2134	70 
2135	59 
2136	53 
2137	68 
2138	43 
2139	3 
2140	96 
2141	88 
2142	63 
2143	63 
2144	46 
2145	47 
2146	77 
2147	30 
2148	83 
2149	54 
2150	82 
2151	41 
2152	93 
2153	60 
2154	83 
2155	59 
2156	43 
2157	46 
2158	87 
2159	80 
2160	38 
2161	38 
2162	15 
2163	17 
2164	99 
2165	29 
2166	43 
2167	42 
2168	45 
2169	2 
2170	1 
2171	7 
2172	41 
2173	66 
2174	51 
2175	21 
2176	3 
2177	8 
2178	27 
2179	77 
2180	67 
2181	75 
2182	65 
2183	81 
2184	13 
2185	10 
2186	97 
2187	71 
2188	16 
2189	10 
2190	82 
2191	89 
2192	30 
2193	67 
2194	16 
2195	43 
2196	86 
2197	29 
2198	73 
2199	78 
2200	69 
2201	4 
2202	13 
2203	51 
2204	45 
2205	4 
2206	14 
2207	68 
2208	97 
2209	88 
2210	1 
2211	87 
2212	96 
2213	25 
2214	18 
2215	74 
2216	4 
2217	63 
2218	65 
2219	96 
2220	53 
2221	76 
2222	87 
2223	54 
2224	89 
2225	78 
2226	61 
2227	33 
2228	87 
2229	35 
2230	30 
2231	98 
2232	98 
2233	13 
2234	65 
2235	50 
2236	27 
2237	95 
2238	15 
2239	64 
2240	10 
2241	41 
2242	68 
2243	67 
2244	92 
2245	70 
2246	64 
2247	44 
2248	43 
2249	10 
2250	69 
2251	86 
2252	41 
2253	43 
2254	70 
2255	35 
2256	1 
2257	8 
2258	5 
2259	4 
2260	40 
2261	19 
2262	95 
2263	70 
2264	1 
2265	8 
2266	99 
2267	85 
2268	83 
2269	34 
2270	20 
2271	91 
2272	83 
2273	99 
2274	37 
2275	83 
2276	24 
2277	66 
2278	83 
2279	57 
2280	41 
2281	6 
2282	66 
2283	1 
2284	83 
2285	63 
2286	5 
2287	19 
2288	62 
2289	1 
2290	99 
2291	36 
2292	55 
2293	62 
2294	73 
2295	90 
2296	58 
2297	44 
2298	63 
2299	95 
2300	7 
2301	18 
2302	1 
2303	66 
2304	62 
2305	62 
2306	41 
2307	76 
2308	91 
2309	23 
2310	51 
2311	89 
2312	67 
2313	37 
2314	19 
2315	20 
2316	93 
2317	43 
2318	12 
2319	58 
2320	7 
2321	83 
2322	80 
2323	58 
2324	9 
2325	10 
2326	63 
2327	25 
2328	40 
2329	87 
2330	82 
2331	45 
2332	18 
2333	14 
2334	9 
2335	86 
2336	10 
2337	15 
2338	67 
2339	85 
2340	12 
2341	63 
2342	1 
2343	22 
2344	61 
2345	91 
2346	38 
2347	4 
2348	34 
2349	18 
2350	60 
2351	49 
2352	1 
2353	90 
2354	66 
2355	17 
2356	29 
2357	82 
2358	28 
2359	96 
2360	40 
2361	5 
2362	33 
2363	57 
2364	43 
2365	18 
2366	53 
2367	99 
2368	68 
2369	67 
2370	56 
2371	42 
2372	19 
2373	51 
2374	59 
2375	21 
2376	52 
2377	88 
2378	64 
2379	24 
2380	47 
2381	88 
2382	99 
2383	59 
2384	84 
2385	86 
2386	63 
2387	26 
2388	7 
2389	95 
2390	23 
2391	34 
2392	95 
2393	65 
2394	57 
2395	80 
2396	84 
2397	66 
2398	74 
2399	89 
2400	4 
2401	43 
2402	9 
2403	18 
2404	37 
2405	67 
2406	38 
2407	29 
2408	49 
2409	47 
2410	49 
2411	75 
2412	67 
2413	22 
2414	84 
2415	30 
2416	64 
2417	91 
2418	30 
2419	83 
2420	57 
2421	29 
2422	82 
2423	89 
2424	99 
2425	4 
2426	65 
2427	27 
2428	19 
2429	95 
2430	23 
2431	38 
2432	57 
2433	37 
2434	67 
2435	78 
2436	34 
2437	17 
2438	8 
2439	5 
2440	70 
2441	86 
2442	62 
2443	75 
2444	63 
2445	55 
2446	69 
2447	87 
2448	57 
2449	86 
2450	2 
2451	74 
2452	19 
2453	23 
2454	24 
2455	25 
2456	99 
2457	74 
2458	16 
2459	47 
2460	24 
2461	44 
2462	62 
2463	99 
2464	22 
2465	33 
2466	97 
2467	85 
2468	69 
2469	62 
2470	34 
2471	76 
2472	85 
2473	89 
2474	1 
2475	97 
2476	26 
2477	81 
2478	86 
2479	1 
2480	18 
2481	20 
2482	80 
2483	70 
2484	5 
2485	3 
2486	4 
2487	37 
2488	28 
2489	96 
2490	38 
2491	70 
2492	10 
2493	45 
2494	14 
2495	4 
2496	34 
2497	54 
2498	30 
2499	68 
2500	75 
2501	61 
2502	59 
2503	80 
2504	55 
2505	13 
2506	77 
2507	84 
2508	78 
2509	99 
2510	34 
2511	78 
2512	79 
2513	30 
2514	65 
2515	24 
2516	95 
2517	41 
2518	38 
2519	4 
2520	67 
2521	83 
2522	37 
2523	8 
2524	93 
2525	55 
2526	72 
2527	9 
2528	63 
2529	42 
2530	78 
2531	29 
2532	38 
2533	76 
2534	64 
2535	84 
2536	68 
2537	28 
2538	82 
2539	2 
2540	7 
2541	35 
2542	52 
2543	28 
2544	95 
2545	28 
2546	94 
2547	35 
2548	4 
2549	99 
2550	92 
2551	29 
2552	71 
2553	23 
2554	28 
2555	28 
2556	34 
2557	80 
2558	97 
2559	53 
2560	61 
2561	30 
2562	29 
2563	88 
2564	62 
2565	89 
2566	71 
2567	93 
2568	10 
2569	36 
2570	3 
2571	96 
2572	57 
2573	64 
2574	56 
2575	87 
2576	41 
2577	12 
2578	30 
2579	88 
2580	34 
2581	37 
2582	70 
2583	93 
2584	83 
2585	37 
2586	67 
2587	19 
2588	52 
2589	1 
2590	35 
2591	23 
2592	1 
2593	2 
2594	37 
2595	25 
2596	51 
2597	88 
2598	15 
2599	91 
2600	59 
2601	64 
2602	44 
2603	83 
2604	80 
2605	35 
2606	76 
2607	88 
2608	88 
2609	42 
2610	30 
2611	69 
2612	92 
2613	69 
2614	2 
2615	84 
2616	44 
2617	65 
2618	49 
2619	37 
2620	80 
2621	4 
2622	61 
2623	62 
2624	69 
2625	83 
2626	24 
2627	84 
2628	8 
2629	7 
2630	66 
2631	23 
2632	90 
2633	86 
2634	5 
2635	52 
2636	74 
2637	68 
2638	91 
2639	24 
2640	42 
2641	1 
2642	1 
2643	18 
2644	40 
2645	89 
2646	29 
2647	66 
2648	29 
2649	1 
2650	30 
2651	19 
2652	90 
2653	8 
2654	34 
2655	24 
2656	35 
2657	25 
2658	28 
2659	43 
2660	90 
2661	83 
2662	1 
2663	69 
2664	25 
2665	82 
2666	84 
2667	49 
2668	67 
2669	73 
2670	74 
2671	4 
2672	24 
2673	65 
2674	47 
2675	19 
2676	35 
2677	86 
2678	99 
2679	80 
2680	72 
2681	20 
2682	84 
2683	68 
2684	69 
2685	36 
2686	80 
2687	62 
2688	45 
2689	55 
2690	69 
2691	72 
2692	82 
2693	89 
2694	22 
2695	84 
2696	53 
2697	57 
2698	95 
2699	42 
2700	73 
2701	6 
2702	69 
2703	4 
2704	42 
2705	3 
2706	25 
2707	85 
2708	15 
2709	10 
2710	75 
2711	89 
2712	47 
2713	1 
2714	45 
2715	15 
2716	94 
2717	20 
2718	16 
2719	85 
2720	59 
2721	57 
2722	9 
2723	40 
2724	86 
2725	60 
2726	28 
2727	44 
2728	2 
2729	66 
2730	49 
2731	78 
2732	10 
2733	37 
2734	66 
2735	48 
2736	19 
2737	35 
2738	28 
2739	16 
2740	21 
2741	38 
2742	36 
2743	78 
2744	96 
2745	68 
2746	56 
2747	19 
2748	55 
2749	93 
2750	71 
2751	91 
2752	49 
2753	72 
2754	17 
2755	28 
2756	1 
2757	20 
2758	19 
2759	22 
2760	12 
2761	29 
2762	48 
2763	37 
2764	83 
2765	96 
2766	7 
2767	28 
2768	2 
2769	64 
2770	95 
2771	24 
2772	25 
2773	82 
2774	82 
2775	38 
2776	28 
2777	47 
2778	76 
2779	89 
2780	19 
2781	45 
2782	17 
2783	1 
2784	81 
2785	23 
2786	56 
2787	86 
2788	46 
2789	40 
2790	86 
2791	98 
2792	25 
2793	68 
2794	7 
2795	99 
2796	52 
2797	57 
2798	56 
2799	28 
2800	26 
2801	51 
2802	63 
2803	12 
2804	30 
2805	88 
2806	29 
2807	25 
2808	86 
2809	1 
2810	19 
2811	42 
2812	85 
2813	92 
2814	1 
2815	6 
2816	53 
2817	61 
2818	89 
2819	73 
2820	90 
2821	66 
2822	86 
2823	55 
2824	67 
2825	29 
2826	25 
2827	91 
2828	87 
2829	75 
2830	92 
2831	5 
2832	34 
2833	63 
2834	83 
2835	20 
2836	17 
2837	99 
2838	1 
2839	81 
2840	91 
2841	79 
2842	28 
2843	65 
2844	85 
2845	17 
2846	49 
2847	52 
2848	89 
2849	83 
2850	52 
2851	2 
2852	27 
2853	35 
2854	1 
2855	91 
2856	17 
2857	18 
2858	73 
2859	10 
2860	59 
2861	57 
2862	99 
2863	92 
2864	60 
2865	62 
2866	70 
2867	74 
2868	17 
2869	57 
2870	94 
2871	8 
2872	69 
2873	86 
2874	62 
2875	79 
2876	88 
2877	8 
2878	8 
2879	35 
2880	44 
2881	56 
2882	64 
2883	83 
2884	55 
2885	20 
2886	80 
2887	75 
2888	35 
2889	82 
2890	8 
2891	18 
2892	81 
2893	15 
2894	29 
2895	30 
2896	89 
2897	43 
2898	35 
2899	71 
2900	71 
2901	8 
2902	94 
2903	59 
2904	69 
2905	38 
2906	7 
2907	38 
2908	83 
2909	87 
2910	32 
2911	16 
2912	72 
2913	35 
2914	59 
2915	64 
2916	62 
2917	19 
2918	18 
2919	2 
2920	86 
2921	23 
2922	7 
2923	35 
2924	15 
2925	7 
2926	57 
2927	57 
2928	73 
2929	4 
2930	71 
2931	53 
2932	15 
2933	93 
2934	95 
2935	91 
2936	16 
2937	82 
2938	59 
2939	64 
2940	78 
2941	18 
2942	91 
2943	4 
2944	5 
2945	51 
2946	22 
2947	70 
2948	4 
2949	70 
2950	66 
2951	86 
2952	68 
2953	23 
2954	3 
2955	88 
2956	8 
2957	65 
2958	93 
2959	29 
2960	39 
2961	94 
2962	83 
2963	37 
2964	45 
2965	36 
2966	10 
2967	66 
2968	45 
2969	61 
2970	8 
2971	14 
2972	1 
2973	43 
2974	43 
2975	74 
2976	70 
2977	90 
2978	30 
2979	84 
2980	34 
2981	64 
2982	23 
2983	18 
2984	29 
2985	85 
2986	70 
2987	95 
2988	54 
2989	43 
2990	19 
2991	2 
2992	21 
2993	28 
2994	96 
2995	19 
2996	5 
2997	54 
2998	36 
2999	70 
3000	83 
3001	9 
3002	54 
3003	89 
3004	4 
3005	16 
3006	10 
3007	70 
3008	72 
3009	71 
3010	37 
3011	1 
3012	65 
3013	46 
3014	41 
3015	60 
3016	58 
3017	49 
3018	68 
3019	51 
3020	65 
3021	2 
3022	58 
3023	23 
3024	18 
3025	4 
3026	58 
3027	27 
3028	72 
3029	80 
3030	83 
3031	38 
3032	1 
3033	51 
3034	34 
3035	90 
3036	76 
3037	96 
3038	5 
3039	44 
3040	47 
3041	37 
3042	45 
3043	69 
3044	92 
3045	45 
3046	66 
3047	18 
3048	53 
3049	66 
3050	50 
3051	46 
3052	97 
3053	10 
3054	41 
3055	10 
3056	92 
3057	63 
3058	88 
3059	19 
3060	34 
3061	73 
3062	83 
3063	61 
3064	1 
3065	35 
3066	41 
3067	29 
3068	2 
3069	64 
3070	7 
3071	91 
3072	32 
3073	32 
3074	84 
3075	88 
3076	21 
3077	18 
3078	62 
3079	3 
3080	83 
3081	40 
3082	95 
3083	44 
3084	14 
3085	73 
3086	10 
3087	42 
3088	83 
3089	41 
3090	97 
3091	86 
3092	64 
3093	34 
3094	4 
3095	8 
3096	35 
3097	7 
3098	57 
3099	37 
3100	99 
3101	95 
3102	99 
3103	37 
3104	59 
3105	73 
3106	34 
3107	7 
3108	74 
3109	66 
3110	92 
3111	62 
3112	72 
3113	22 
3114	34 
3115	84 
3116	26 
3117	56 
3118	87 
3119	70 
3120	36 
3121	49 
3122	83 
3123	28 
3124	1 
3125	84 
3126	70 
3127	76 
3128	60 
3129	76 
3130	64 
3131	82 
3132	17 
3133	84 
3134	80 
3135	1 
3136	12 
3137	35 
3138	77 
3139	97 
3140	1 
3141	71 
3142	40 
3143	69 
3144	31 
3145	66 
3146	69 
3147	76 
3148	14 
3149	2 
3150	43 
3151	93 
3152	41 
3153	28 
3154	17 
3155	78 
3156	29 
3157	7 
3158	19 
3159	73 
3160	28 
3161	61 
3162	92 
3163	7 
3164	45 
3165	46 
3166	73 
3167	18 
3168	26 
3169	76 
3170	17 
3171	17 
3172	38 
3173	15 
3174	46 
3175	9 
3176	38 
3177	80 
3178	21 
3179	35 
3180	14 
3181	65 
3182	28 
3183	45 
3184	62 
3185	48 
3186	24 
3187	99 
3188	39 
3189	78 
3190	21 
3191	82 
3192	12 
3193	82 
3194	66 
3195	35 
3196	95 
3197	21 
3198	71 
3199	19 
3200	21 
3201	50 
3202	50 
3203	3 
3204	81 
3205	77 
3206	37 
3207	85 
3208	14 
3209	91 
3210	30 
3211	25 
3212	2 
3213	99 
3214	28 
3215	66 
3216	59 
3217	28 
3218	58 
3219	63 
3220	8 
3221	11 
3222	10 
3223	65 
3224	5 
3225	47 
3226	25 
3227	66 
3228	92 
3229	78 
3230	7 
3231	66 
3232	19 
3233	62 
3234	59 
3235	82 
3236	88 
3237	2 
3238	5 
3239	45 
3240	30 
3241	62 
3242	45 
3243	73 
3244	95 
3245	21 
3246	54 
3247	52 
3248	29 
3249	83 
3250	84 
3251	76 
3252	61 
3253	37 
3254	95 
3255	73 
3256	66 
3257	33 
3258	15 
3259	69 
3260	18 
3261	51 
3262	53 
3263	67 
3264	95 
3265	40 
3266	69 
3267	92 
3268	8 
3269	69 
3270	5 
3271	47 
3272	35 
3273	42 
3274	97 
3275	2 
3276	68 
3277	55 
3278	41 
3279	91 
3280	61 
3281	24 
3282	28 
3283	10 
3284	88 
3285	39 
3286	2 
3287	93 
3288	83 
3289	24 
3290	35 
3291	87 
3292	9 
3293	4 
3294	10 
3295	91 
3296	70 
3297	7 
3298	29 
3299	7 
3300	35 
3301	20 
3302	17 
3303	5 
3304	58 
3305	73 
3306	14 
3307	37 
3308	58 
3309	39 
3310	11 
3311	45 
3312	66 
3313	62 
3314	76 
3315	44 
3316	7 
3317	24 
3318	62 
3319	57 
3320	60 
3321	84 
3322	27 
3323	87 
3324	25 
3325	53 
3326	62 
3327	99 
3328	98 
3329	92 
3330	68 
3331	67 
3332	59 
3333	66 
3334	67 
3335	83 
3336	63 
3337	41 
3338	94 
3339	8 
3340	44 
3341	51 
3342	29 
3343	68 
3344	82 
3345	59 
3346	69 
3347	37 
3348	98 
3349	5 
3350	29 
3351	71 
3352	48 
3353	73 
3354	5 
3355	57 
3356	8 
3357	28 
3358	19 
3359	35 
3360	74 
3361	38 
3362	50 
3363	82 
3364	80 
3365	8 
3366	84 
3367	68 
3368	24 
3369	97 
3370	66 
3371	59 
3372	59 
3373	60 
3374	82 
3375	76 
3376	41 
3377	9 
3378	10 
3379	34 
3380	78 
3381	19 
3382	66 
3383	62 
3384	21 
3385	66 
3386	33 
3387	82 
3388	86 
3389	29 
3390	2 
3391	70 
3392	99 
3393	28 
3394	61 
3395	62 
3396	80 
3397	99 
3398	89 
3399	51 
3400	55 
3401	66 
3402	74 
3403	70 
3404	30 
3405	7 
3406	1 
3407	55 
3408	20 
3409	67 
3410	74 
3411	8 
3412	21 
3413	20 
3414	45 
3415	10 
3416	23 
3417	23 
3418	93 
3419	99 
3420	33 
3421	17 
3422	43 
3423	99 
3424	20 
3425	80 
3426	16 
3427	21 
3428	3 
3429	91 
3430	45 
3431	42 
3432	69 
3433	8 
3434	43 
3435	29 
3436	54 
3437	41 
3438	61 
3439	69 
3440	94 
3441	12 
3442	24 
3443	54 
3444	29 
3445	64 
3446	84 
3447	80 
3448	67 
3449	37 
3450	90 
3451	61 
3452	8 
3453	36 
3454	4 
3455	21 
3456	80 
3457	41 
3458	75 
3459	3 
3460	75 
3461	86 
3462	1 
3463	2 
3464	92 
3465	34 
3466	22 
3467	56 
3468	44 
3469	92 
3470	84 
3471	51 
3472	42 
3473	26 
3474	26 
3475	84 
3476	27 
3477	35 
3478	6 
3479	42 
3480	87 
3481	92 
3482	7 
3483	8 
3484	18 
3485	86 
3486	62 
3487	91 
3488	86 
3489	5 
3490	67 
3491	36 
3492	30 
3493	21 
3494	9 
3495	37 
3496	31 
3497	76 
3498	28 
3499	86 
3500	64 
3501	35 
3502	34 
3503	84 
3504	66 
3505	2 
3506	56 
3507	98 
3508	76 
3509	70 
3510	10 
3511	69 
3512	38 
3513	84 
3514	10 
3515	27 
3516	86 
3517	40 
3518	28 
3519	90 
3520	7 
3521	33 
3522	27 
3523	69 
3524	18 
3525	17 
3526	41 
3527	25 
3528	52 
3529	8 
3530	35 
3531	80 
3532	70 
3533	28 
3534	35 
3535	46 
3536	10 
3537	69 
3538	77 
3539	86 
3540	52 
3541	67 
3542	50 
3543	38 
3544	39 
3545	29 
3546	21 
3547	50 
3548	35 
3549	67 
3550	82 
3551	48 
3552	18 
3553	4 
3554	94 
3555	40 
3556	29 
3557	92 
3558	21 
3559	4 
3560	38 
3561	61 
3562	64 
3563	72 
3564	26 
3565	99 
3566	59 
3567	4 
3568	5 
3569	12 
3570	91 
3571	73 
3572	15 
3573	12 
3574	4 
3575	19 
3576	49 
3577	68 
3578	35 
3579	38 
3580	80 
3581	95 
3582	3 
3583	10 
3584	3 
3585	36 
3586	77 
3587	7 
3588	71 
3589	4 
3590	41 
3591	35 
3592	82 
3593	82 
3594	4 
3595	10 
3596	34 
3597	83 
3598	7 
3599	5 
3600	55 
3601	67 
3602	35 
3603	41 
3604	56 
3605	17 
3606	91 
3607	18 
3608	14 
3609	58 
3610	74 
3611	52 
3612	70 
3613	26 
3614	62 
3615	24 
3616	43 
3617	86 
3618	15 
3619	92 
3620	66 
3621	3 
3622	37 
3623	20 
3624	82 
3625	12 
3626	71 
3627	19 
3628	34 
3629	8 
3630	43 
3631	73 
3632	10 
3633	29 
3634	51 
3635	45 
3636	61 
3637	56 
3638	3 
3639	88 
3640	66 
3641	66 
3642	80 
3643	41 
3644	89 
3645	91 
3646	30 
3647	63 
3648	80 
3649	63 
3650	68 
3651	15 
3652	48 
3653	68 
3654	26 
3655	94 
3656	62 
3657	99 
3658	68 
3659	86 
3660	25 
3661	71 
3662	40 
3663	92 
3664	7 
3665	34 
3666	87 
3667	54 
3668	84 
3669	25 
3670	63 
3671	23 
3672	8 
3673	74 
3674	38 
3675	66 
3676	48 
3677	14 
3678	66 
3679	4 
3680	99 
3681	30 
3682	3 
3683	29 
3684	76 
3685	62 
3686	95 
3687	69 
3688	4 
3689	36 
3690	35 
3691	46 
3692	15 
3693	91 
3694	59 
3695	2 
3696	48 
3697	61 
3698	7 
3699	4 
3700	41 
3701	86 
3702	38 
3703	7 
3704	27 
3705	63 
3706	41 
3707	26 
3708	69 
3709	7 
3710	82 
3711	1 
3712	42 
3713	7 
3714	78 
3715	16 
3716	44 
3717	43 
3718	34 
3719	51 
3720	73 
3721	56 
3722	9 
3723	38 
3724	13 
3725	26 
3726	81 
3727	7 
3728	29 
3729	37 
3730	19 
3731	59 
3732	58 
3733	17 
3734	65 
3735	85 
3736	88 
3737	88 
3738	9 
3739	5 
3740	74 
3741	95 
3742	70 
3743	44 
3744	15 
3745	28 
3746	86 
3747	19 
3748	91 
3749	64 
3750	63 
3751	1 
3752	34 
3753	66 
3754	1 
3755	71 
3756	84 
3757	55 
3758	50 
3759	20 
3760	71 
3761	61 
3762	14 
3763	37 
3764	11 
3765	76 
3766	41 
3767	55 
3768	99 
3769	83 
3770	73 
3771	54 
3772	35 
3773	29 
3774	18 
3775	7 
3776	47 
3777	37 
3778	84 
3779	68 
3780	99 
3781	3 
3782	20 
3783	17 
3784	14 
3785	42 
3786	4 
3787	83 
3788	49 
3789	88 
3790	30 
3791	5 
3792	27 
3793	30 
3794	1 
3795	9 
3796	6 
3797	62 
3798	18 
3799	8 
3800	58 
3801	70 
3802	8 
3803	94 
3804	62 
3805	77 
3806	45 
3807	63 
3808	68 
3809	98 
3810	52 
3811	87 
3812	17 
3813	77 
3814	58 
3815	29 
3816	32 
3817	23 
3818	35 
3819	68 
3820	43 
3821	31 
3822	30 
3823	61 
3824	34 
3825	81 
3826	15 
3827	72 
3828	81 
3829	30 
3830	56 
3831	45 
3832	1 
3833	23 
3834	90 
3835	95 
3836	76 
3837	73 
3838	86 
3839	40 
3840	10 
3841	15 
3842	18 
3843	10 
3844	99 
3845	67 
3846	34 
3847	65 
3848	19 
3849	29 
3850	72 
3851	34 
3852	92 
3853	29 
3854	34 
3855	1 
3856	18 
3857	30 
3858	8 
3859	83 
3860	98 
3861	8 
3862	44 
3863	8 
3864	68 
3865	63 
3866	63 
3867	42 
3868	16 
3869	12 
3870	99 
3871	13 
3872	67 
3873	46 
3874	64 
3875	87 
3876	82 
3877	22 
3878	1 
3879	4 
3880	8 
3881	57 
3882	37 
3883	49 
3884	71 
3885	29 
3886	26 
3887	85 
3888	10 
3889	80 
3890	35 
3891	91 
3892	46 
3893	69 
3894	34 
3895	69 
3896	2 
3897	37 
3898	60 
3899	4 
3900	19 
3901	32 
3902	4 
3903	37 
3904	89 
3905	15 
3906	16 
3907	90 
3908	80 
3909	19 
3910	93 
3911	1 
3912	3 
3913	21 
3914	79 
3915	21 
3916	86 
3917	29 
3918	74 
3919	83 
3920	89 
3921	39 
3922	73 
3923	19 
3924	71 
3925	21 
3926	34 
3927	66 
3928	92 
3929	23 
3930	71 
3931	62 
3932	87 
3933	73 
3934	19 
3935	60 
3936	90 
3937	21 
3938	66 
3939	28 
3940	89 
3941	3 
3942	39 
3943	62 
3944	33 
3945	83 
3946	35 
3947	1 
3948	89 
3949	38 
3950	34 
3951	67 
3952	45 
3953	92 
3954	75 
3955	82 
3956	80 
3957	38 
3958	94 
3959	83 
3960	38 
3961	63 
3962	5 
3963	22 
3964	34 
3965	83 
3966	86 
3967	7 
3968	92 
3969	24 
3970	30 
3971	37 
3972	66 
3973	1 
3974	82 
3975	15 
3976	82 
3977	76 
3978	88 
3979	70 
3980	20 
3981	35 
3982	8 
3983	53 
3984	10 
3985	54 
3986	24 
3987	70 
3988	67 
3989	29 
3990	73 
3991	62 
3992	12 
3993	3 
3994	64 
3995	24 
3996	34 
3997	5 
3998	55 
3999	18 
4000	84 
4001	30 
4002	49 
4003	38 
4004	95 
4005	96 
4006	21 
4007	62 
4008	38 
4009	53 
4010	2 
4011	16 
4012	40 
4013	35 
4014	99 
4015	35 
4016	86 
4017	28 
4018	68 
4019	23 
4020	62 
4021	62 
4022	18 
4023	72 
4024	90 
4025	37 
4026	5 
4027	38 
4028	94 
4029	92 
4030	20 
4031	44 
4032	28 
4033	12 
4034	42 
4035	95 
4036	46 
4037	62 
4038	5 
4039	21 
4040	1 
4041	67 
4042	30 
4043	17 
4044	4 
4045	95 
4046	71 
4047	52 
4048	41 
4049	10 
4050	23 
4051	85 
4052	3 
4053	83 
4054	18 
4055	78 
4056	55 
4057	38 
4058	86 
4059	75 
4060	35 
4061	42 
4062	38 
4063	88 
4064	8 
4065	88 
4066	9 
4067	31 
4068	99 
4069	83 
4070	66 
4071	32 
4072	58 
4073	17 
4074	9 
4075	64 
4076	78 
4077	59 
4078	99 
4079	23 
4080	43 
4081	19 
4082	34 
4083	76 
4084	17 
4085	37 
4086	32 
4087	60 
4088	34 
4089	29 
4090	41 
4091	34 
4092	10 
4093	27 
4094	47 
4095	68 
4096	51 
4097	11 
4098	91 
4099	93 
4100	10 
4101	7 
4102	25 
4103	43 
4104	62 
4105	46 
4106	70 
4107	88 
4108	60 
4109	12 
4110	71 
4111	19 
4112	52 
4113	8 
4114	72 
4115	4 
4116	67 
4117	91 
4118	27 
4119	66 
4120	1 
4121	53 
4122	2 
4123	21 
4124	58 
4125	23 
4126	35 
4127	40 
4128	2 
4129	80 
4130	18 
4131	4 
4132	36 
4133	83 
4134	37 
4135	22 
4136	68 
4137	75 
4138	16 
4139	48 
4140	42 
4141	92 
4142	4 
4143	68 
4144	28 
4145	72 
4146	46 
4147	8 
4148	13 
4149	62 
4150	78 
4151	30 
4152	73 
4153	63 
4154	28 
4155	45 
4156	36 
4157	4 
4158	18 
4159	13 
4160	91 
4161	41 
4162	29 
4163	65 
4164	24 
4165	2 
4166	17 
4167	83 
4168	67 
4169	86 
4170	65 
4171	96 
4172	65 
4173	38 
4174	38 
4175	41 
4176	39 
4177	24 
4178	42 
4179	60 
4180	42 
4181	91 
4182	84 
4183	72 
4184	47 
4185	77 
4186	86 
4187	29 
4188	46 
4189	43 
4190	90 
4191	50 
4192	95 
4193	60 
4194	29 
4195	49 
4196	23 
4197	60 
4198	51 
4199	74 
4200	91 
4201	46 
4202	45 
4203	32 
4204	8 
4205	5 
4206	74 
4207	59 
4208	42 
4209	13 
4210	60 
4211	69 
4212	82 
4213	35 
4214	72 
4215	85 
4216	73 
4217	11 
4218	5 
4219	27 
4220	44 
4221	30 
4222	6 
4223	98 
4224	81 
4225	55 
4226	23 
4227	8 
4228	88 
4229	18 
4230	2 
4231	36 
4232	42 
4233	19 
4234	29 
4235	34 
4236	61 
4237	1 
4238	99 
4239	17 
4240	55 
4241	78 
4242	96 
4243	83 
4244	1 
4245	34 
4246	51 
4247	37 
4248	81 
4249	19 
4250	2 
4251	34 
4252	87 
4253	19 
4254	29 
4255	63 
4256	18 
4257	63 
4258	63 
4259	1 
4260	92 
4261	37 
4262	18 
4263	94 
4264	33 
4265	82 
4266	97 
4267	74 
4268	45 
4269	28 
4270	84 
4271	23 
4272	57 
4273	42 
4274	39 
4275	35 
4276	17 
4277	98 
4278	4 
4279	93 
4280	25 
4281	8 
4282	76 
4283	58 
4284	35 
4285	48 
4286	18 
4287	9 
4288	84 
4289	85 
4290	79 
4291	63 
4292	98 
4293	36 
4294	55 
4295	5 
4296	16 
4297	73 
4298	90 
4299	86 
4300	19 
4301	20 
4302	29 
4303	70 
4304	14 
4305	78 
4306	78 
4307	4 
4308	53 
4309	70 
4310	64 
4311	69 
4312	86 
4313	4 
4314	56 
4315	69 
4316	51 
4317	76 
4318	95 
4319	5 
4320	16 
4321	19 
4322	96 
4323	57 
4324	98 
4325	68 
4326	19 
4327	51 
4328	1 
4329	64 
4330	9 
4331	95 
4332	40 
4333	71 
4334	38 
4335	97 
4336	39 
4337	6 
4338	75 
4339	66 
4340	10 
4341	58 
4342	41 
4343	62 
4344	56 
4345	2 
4346	69 
4347	38 
4348	95 
4349	15 
4350	86 
4351	68 
4352	33 
4353	62 
4354	57 
4355	37 
4356	58 
4357	3 
4358	91 
4359	99 
4360	31 
4361	79 
4362	8 
4363	18 
4364	30 
4365	88 
4366	16 
4367	77 
4368	99 
4369	21 
4370	23 
4371	7 
4372	98 
4373	76 
4374	84 
4375	82 
4376	16 
4377	82 
4378	22 
4379	23 
4380	80 
4381	81 
4382	7 
4383	71 
4384	41 
4385	34 
4386	24 
4387	68 
4388	29 
4389	88 
4390	95 
4391	1 
4392	86 
4393	19 
4394	73 
4395	46 
4396	45 
4397	80 
4398	87 
4399	51 
4400	18 
4401	19 
4402	96 
4403	96 
4404	9 
4405	71 
4406	4 
4407	87 
4408	7 
4409	57 
4410	29 
4411	37 
4412	86 
4413	39 
4414	64 
4415	81 
4416	56 
4417	84 
4418	63 
4419	66 
4420	21 
4421	96 
4422	92 
4423	20 
4424	19 
4425	73 
4426	69 
4427	57 
4428	70 
4429	69 
4430	92 
4431	9 
4432	68 
4433	82 
4434	57 
4435	71 
4436	69 
4437	24 
4438	46 
4439	62 
4440	96 
4441	7 
4442	11 
4443	59 
4444	84 
4445	54 
4446	16 
4447	32 
4448	63 
4449	55 
4450	55 
4451	91 
4452	86 
4453	44 
4454	94 
4455	73 
4456	66 
4457	92 
4458	28 
4459	82 
4460	18 
4461	84 
4462	96 
4463	82 
4464	87 
4465	32 
4466	2 
4467	63 
4468	28 
4469	82 
4470	37 
4471	17 
4472	33 
4473	66 
4474	19 
4475	99 
4476	74 
4477	51 
4478	82 
4479	98 
4480	10 
4481	87 
4482	67 
4483	62 
4484	52 
4485	51 
4486	89 
4487	2 
4488	29 
4489	37 
4490	25 
4491	34 
4492	32 
4493	17 
4494	33 
4495	40 
4496	99 
4497	10 
4498	62 
4499	2 
4500	7 
4501	10 
4502	35 
4503	73 
4504	15 
4505	89 
4506	57 
4507	7 
4508	95 
4509	5 
4510	77 
4511	35 
4512	63 
4513	77 
4514	5 
4515	89 
4516	91 
4517	50 
4518	58 
4519	37 
4520	23 
4521	37 
4522	55 
4523	80 
4524	8 
4525	16 
4526	31 
4527	91 
4528	68 
4529	99 
4530	17 
4531	51 
4532	46 
4533	87 
4534	73 
4535	92 
4536	11 
4537	14 
4538	52 
4539	37 
4540	4 
4541	8 
4542	86 
4543	37 
4544	38 
4545	76 
4546	42 
4547	22 
4548	49 
4549	1 
4550	96 
4551	89 
4552	65 
4553	26 
4554	95 
4555	70 
4556	84 
4557	1 
4558	42 
4559	29 
4560	9 
4561	14 
4562	4 
4563	88 
4564	27 
4565	12 
4566	72 
4567	62 
4568	86 
4569	64 
4570	55 
4571	4 
4572	37 
4573	33 
4574	16 
4575	14 
4576	10 
4577	4 
4578	4 
4579	77 
4580	63 
4581	71 
4582	69 
4583	30 
4584	72 
4585	86 
4586	52 
4587	73 
4588	51 
4589	10 
4590	67 
4591	16 
4592	46 
4593	69 
4594	37 
4595	62 
4596	1 
4597	7 
4598	82 
4599	57 
4600	99 
4601	34 
4602	74 
4603	48 
4604	73 
4605	58 
4606	12 
4607	76 
4608	98 
4609	81 
4610	27 
4611	5 
4612	75 
4613	34 
4614	16 
4615	16 
4616	16 
4617	21 
4618	54 
4619	15 
4620	64 
4621	86 
4622	99 
4623	23 
4624	87 
4625	99 
4626	91 
4627	1 
4628	41 
4629	52 
4630	73 
4631	72 
4632	63 
4633	11 
4634	53 
4635	64 
4636	83 
4637	60 
4638	89 
4639	67 
4640	64 
4641	28 
4642	81 
4643	45 
4644	63 
4645	86 
4646	45 
4647	71 
4648	56 
4649	58 
4650	91 
4651	77 
4652	69 
4653	37 
4654	74 
4655	12 
4656	28 
4657	84 
4658	39 
4659	48 
4660	75 
4661	86 
4662	25 
4663	34 
4664	29 
4665	26 
4666	8 
4667	95 
4668	95 
4669	11 
4670	94 
4671	23 
4672	93 
4673	34 
4674	2 
4675	31 
4676	66 
4677	96 
4678	70 
4679	67 
4680	3 
4681	4 
4682	14 
4683	64 
4684	1 
4685	18 
4686	43 
4687	85 
4688	23 
4689	62 
4690	75 
4691	99 
4692	14 
4693	82 
4694	77 
4695	14 
4696	37 
4697	30 
4698	62 
4699	99 
4700	26 
4701	28 
4702	91 
4703	82 
4704	19 
4705	20 
4706	27 
4707	67 
4708	52 
4709	1 
4710	73 
4711	34 
4712	25 
4713	16 
4714	24 
4715	51 
4716	29 
4717	34 
4718	46 
4719	68 
4720	32 
4721	7 
4722	88 
4723	37 
4724	17 
4725	52 
4726	62 
4727	29 
4728	19 
4729	76 
4730	4 
4731	39 
4732	21 
4733	9 
4734	88 
4735	63 
4736	57 
4737	61 
4738	19 
4739	97 
4740	34 
4741	46 
4742	83 
4743	71 
4744	22 
4745	37 
4746	42 
4747	24 
4748	6 
4749	88 
4750	83 
4751	5 
4752	65 
4753	10 
4754	34 
4755	55 
4756	19 
4757	92 
4758	93 
4759	84 
4760	84 
4761	86 
4762	75 
4763	17 
4764	44 
4765	89 
4766	7 
4767	89 
4768	87 
4769	12 
4770	8 
4771	64 
4772	21 
4773	89 
4774	71 
4775	44 
4776	25 
4777	52 
4778	68 
4779	34 
4780	51 
4781	34 
4782	57 
4783	95 
4784	8 
4785	93 
4786	36 
4787	5 
4788	10 
4789	22 
4790	4 
4791	76 
4792	34 
4793	8 
4794	8 
4795	36 
4796	6 
4797	17 
4798	19 
4799	50 
4800	89 
4801	63 
4802	3 
4803	71 
4804	62 
4805	11 
4806	18 
4807	19 
4808	32 
4809	92 
4810	25 
4811	46 
4812	14 
4813	97 
4814	37 
4815	62 
4816	80 
4817	2 
4818	52 
4819	55 
4820	56 
4821	34 
4822	67 
4823	63 
4824	75 
4825	6 
4826	82 
4827	80 
4828	24 
4829	34 
4830	69 
4831	80 
4832	62 
4833	84 
4834	89 
4835	70 
4836	84 
4837	99 
4838	82 
4839	32 
4840	18 
4841	70 
4842	16 
4843	83 
4844	37 
4845	66 
4846	88 
4847	95 
4848	68 
4849	58 
4850	91 
4851	29 
4852	19 
4853	83 
4854	98 
4855	93 
4856	83 
4857	12 
4858	74 
4859	9 
4860	33 
4861	12 
4862	89 
4863	91 
4864	16 
4865	96 
4866	92 
4867	19 
4868	93 
4869	69 
4870	63 
4871	20 
4872	53 
4873	80 
4874	65 
4875	69 
4876	19 
4877	43 
4878	94 
4879	58 
4880	41 
4881	82 
4882	52 
4883	10 
4884	37 
4885	28 
4886	4 
4887	5 
4888	94 
4889	40 
4890	8 
4891	55 
4892	4 
4893	84 
4894	3 
4895	75 
4896	87 
4897	11 
4898	82 
4899	10 
4900	43 
4901	80 
4902	37 
4903	95 
4904	44 
4905	46 
4906	27 
4907	89 
4908	40 
4909	62 
4910	37 
4911	26 
4912	84 
4913	59 
4914	7 
4915	25 
4916	84 
4917	28 
4918	14 
4919	83 
4920	99 
4921	22 
4922	37 
4923	38 
4924	16 
4925	97 
4926	50 
4927	46 
4928	86 
4929	80 
4930	81 
4931	1 
4932	88 
4933	24 
4934	46 
4935	28 
4936	88 
4937	2 
4938	56 
4939	54 
4940	8 
4941	67 
4942	23 
4943	10 
4944	69 
4945	19 
4946	83 
4947	46 
4948	6 
4949	59 
4950	52 
4951	66 
4952	69 
4953	81 
4954	15 
4955	10 
4956	86 
4957	4 
4958	19 
4959	14 
4960	66 
4961	81 
4962	73 
4963	86 
4964	84 
4965	50 
4966	35 
4967	67 
4968	8 
4969	64 
4970	73 
4971	62 
4972	7 
4973	28 
4974	45 
4975	69 
4976	27 
4977	29 
4978	28 
4979	2 
4980	95 
4981	31 
4982	55 
4983	29 
4984	22 
4985	5 
4986	57 
4987	6 
4988	27 
4989	72 
4990	62 
4991	45 
4992	86 
4993	28 
4994	76 
4995	30 
4996	34 
4997	30 
4998	28 
4999	37 
5000	10 
