1	104 
2	19 
3	15 
4	75 
5	90 
6	84 
7	103 
8	13 
9	89 
10	41 
11	77 
12	14 
13	83 
14	84 
15	79 
16	56 
17	28 
18	106 
19	35 
20	93 
21	83 
22	94 
23	52 
24	52 
25	91 
26	71 
27	23 
28	26 
29	34 
30	39 
31	18 
32	29 
33	3 
34	5 
35	20 
36	40 
37	23 
38	91 
39	66 
40	15 
41	51 
42	71 
43	75 
44	51 
45	29 
46	33 
47	23 
48	16 
49	92 
50	83 
51	1 
52	64 
53	76 
54	32 
55	20 
56	66 
57	50 
58	20 
59	81 
60	98 
61	10 
62	50 
63	35 
64	54 
65	3 
66	4 
67	22 
68	41 
69	27 
70	71 
71	6 
72	19 
73	53 
74	3 
75	26 
76	12 
77	52 
78	41 
79	15 
80	10 
81	14 
82	97 
83	5 
84	77 
85	98 
86	26 
87	61 
88	50 
89	15 
90	71 
91	26 
92	11 
93	99 
94	68 
95	98 
96	102 
97	42 
98	105 
99	41 
100	14 
101	101 
102	79 
103	88 
104	40 
105	37 
106	35 
107	61 
108	88 
109	41 
110	1 
111	6 
112	3 
113	46 
114	51 
115	14 
116	53 
117	51 
118	75 
119	5 
120	16 
121	40 
122	71 
123	49 
124	54 
125	54 
126	51 
127	3 
128	28 
129	21 
130	39 
131	103 
132	73 
133	78 
134	100 
135	50 
136	89 
137	28 
138	34 
139	5 
140	37 
141	103 
142	70 
143	25 
144	53 
145	19 
146	68 
147	40 
148	13 
149	15 
150	34 
151	8 
152	91 
153	66 
154	27 
155	22 
156	97 
157	94 
158	83 
159	15 
160	18 
161	5 
162	81 
163	34 
164	92 
165	83 
166	72 
167	26 
168	76 
169	68 
170	45 
171	41 
172	3 
173	27 
174	90 
175	18 
176	12 
177	80 
178	51 
179	76 
180	17 
181	13 
182	59 
183	58 
184	52 
185	83 
186	87 
187	40 
188	11 
189	39 
190	84 
191	36 
192	78 
193	37 
194	87 
195	28 
196	30 
197	29 
198	97 
199	35 
200	99 
201	39 
202	97 
203	85 
204	6 
205	4 
206	64 
207	14 
208	11 
209	84 
210	35 
211	87 
212	64 
213	98 
214	84 
215	52 
216	45 
217	41 
218	107 
219	57 
220	1 
221	25 
222	64 
223	5 
224	15 
225	19 
226	103 
227	15 
228	85 
229	64 
230	25 
231	13 
232	75 
233	94 
234	35 
235	88 
236	51 
237	9 
238	18 
239	15 
240	79 
241	88 
242	74 
243	12 
244	72 
245	38 
246	91 
247	20 
248	57 
249	64 
250	89 
251	21 
252	5 
253	36 
254	20 
255	71 
256	27 
257	40 
258	30 
259	56 
260	28 
261	19 
262	54 
263	4 
264	29 
265	55 
266	84 
267	51 
268	14 
269	39 
270	46 
271	75 
272	14 
273	5 
274	35 
275	16 
276	17 
277	67 
278	70 
279	91 
280	14 
281	95 
282	103 
283	88 
284	2 
285	29 
286	20 
287	66 
288	48 
289	67 
290	70 
291	41 
292	54 
293	78 
294	74 
295	66 
296	43 
297	28 
298	20 
299	84 
300	88 
301	36 
302	34 
303	46 
304	70 
305	6 
306	106 
307	78 
308	21 
309	70 
310	76 
311	71 
312	65 
313	28 
314	71 
315	76 
316	99 
317	68 
318	5 
319	92 
320	36 
321	86 
322	54 
323	13 
324	64 
325	83 
326	91 
327	41 
328	42 
329	102 
330	36 
331	62 
332	52 
333	10 
334	41 
335	15 
336	13 
337	54 
338	20 
339	36 
340	63 
341	48 
342	66 
343	59 
344	24 
345	18 
346	43 
347	14 
348	55 
349	39 
350	65 
351	63 
352	53 
353	21 
354	90 
355	74 
356	64 
357	64 
358	16 
359	33 
360	43 
361	17 
362	22 
363	75 
364	70 
365	22 
366	3 
367	60 
368	24 
369	84 
370	57 
371	33 
372	35 
373	30 
374	4 
375	34 
376	16 
377	68 
378	93 
379	82 
380	39 
381	43 
382	77 
383	100 
384	28 
385	83 
386	76 
387	18 
388	72 
389	25 
390	72 
391	20 
392	45 
393	103 
394	31 
395	72 
396	63 
397	100 
398	65 
399	84 
400	65 
401	78 
402	63 
403	30 
404	72 
405	88 
406	38 
407	15 
408	98 
409	75 
410	5 
411	40 
412	85 
413	66 
414	10 
415	103 
416	26 
417	37 
418	49 
419	54 
420	51 
421	103 
422	26 
423	84 
424	43 
425	13 
426	66 
427	84 
428	106 
429	65 
430	68 
431	69 
432	30 
433	45 
434	20 
435	4 
436	105 
437	27 
438	18 
439	93 
440	101 
441	65 
442	22 
443	2 
444	83 
445	3 
446	22 
447	5 
448	20 
449	70 
450	82 
451	53 
452	78 
453	1 
454	31 
455	47 
456	50 
457	67 
458	60 
459	63 
460	79 
461	20 
462	63 
463	26 
464	54 
465	14 
466	66 
467	68 
468	97 
469	14 
470	5 
471	90 
472	91 
473	40 
474	17 
475	62 
476	52 
477	56 
478	50 
479	83 
480	106 
481	75 
482	27 
483	100 
484	50 
485	24 
486	65 
487	57 
488	3 
489	37 
490	46 
491	54 
492	66 
493	84 
494	58 
495	91 
496	25 
497	99 
498	34 
499	83 
500	62 
501	45 
502	69 
503	76 
504	16 
505	6 
506	2 
507	70 
508	66 
509	99 
510	12 
511	5 
512	5 
513	20 
514	82 
515	19 
516	43 
517	98 
518	15 
519	54 
520	12 
521	19 
522	35 
523	58 
524	92 
525	69 
526	6 
527	16 
528	103 
529	20 
530	102 
531	39 
532	14 
533	66 
534	22 
535	97 
536	73 
537	40 
538	48 
539	45 
540	16 
541	45 
542	22 
543	40 
544	48 
545	104 
546	95 
547	89 
548	64 
549	5 
550	103 
551	4 
552	72 
553	16 
554	68 
555	94 
556	62 
557	35 
558	16 
559	3 
560	4 
561	75 
562	6 
563	5 
564	61 
565	74 
566	71 
567	103 
568	43 
569	16 
570	32 
571	91 
572	27 
573	75 
574	84 
575	4 
576	48 
577	93 
578	83 
579	100 
580	18 
581	77 
582	14 
583	20 
584	39 
585	16 
586	16 
587	40 
588	92 
589	60 
590	81 
591	94 
592	54 
593	25 
594	57 
595	27 
596	68 
597	97 
598	79 
599	76 
600	18 
601	51 
602	70 
603	30 
604	64 
605	96 
606	48 
607	74 
608	92 
609	9 
610	92 
611	12 
612	50 
613	46 
614	66 
615	77 
616	17 
617	106 
618	64 
619	33 
620	14 
621	44 
622	67 
623	37 
624	83 
625	14 
626	81 
627	42 
628	59 
629	12 
630	68 
631	100 
632	107 
633	19 
634	16 
635	37 
636	66 
637	53 
638	33 
639	4 
640	66 
641	85 
642	74 
643	70 
644	20 
645	87 
646	93 
647	99 
648	102 
649	2 
650	103 
651	93 
652	48 
653	101 
654	9 
655	57 
656	72 
657	68 
658	26 
659	67 
660	11 
661	9 
662	4 
663	23 
664	51 
665	67 
666	2 
667	104 
668	65 
669	14 
670	29 
671	85 
672	46 
673	96 
674	104 
675	11 
676	78 
677	3 
678	14 
679	43 
680	71 
681	68 
682	69 
683	65 
684	61 
685	47 
686	53 
687	34 
688	74 
689	43 
690	91 
691	105 
692	10 
693	107 
694	16 
695	61 
696	45 
697	12 
698	35 
699	66 
700	95 
701	33 
702	27 
703	71 
704	83 
705	43 
706	39 
707	84 
708	76 
709	2 
710	17 
711	28 
712	88 
713	37 
714	92 
715	23 
716	23 
717	83 
718	12 
719	23 
720	23 
721	83 
722	106 
723	102 
724	58 
725	82 
726	51 
727	11 
728	85 
729	22 
730	15 
731	19 
732	78 
733	22 
734	40 
735	23 
736	105 
737	37 
738	34 
739	23 
740	64 
741	64 
742	14 
743	15 
744	59 
745	18 
746	103 
747	67 
748	64 
749	71 
750	6 
751	71 
752	15 
753	12 
754	1 
755	33 
756	59 
757	1 
758	96 
759	48 
760	84 
761	64 
762	72 
763	96 
764	23 
765	76 
766	103 
767	58 
768	14 
769	85 
770	13 
771	18 
772	13 
773	73 
774	93 
775	66 
776	102 
777	75 
778	92 
779	1 
780	39 
781	38 
782	77 
783	41 
784	15 
785	58 
786	56 
787	71 
788	69 
789	98 
790	4 
791	90 
792	34 
793	99 
794	88 
795	24 
796	22 
797	10 
798	62 
799	23 
800	66 
801	19 
802	64 
803	41 
804	61 
805	67 
806	55 
807	35 
808	96 
809	70 
810	61 
811	29 
812	104 
813	42 
814	54 
815	64 
816	103 
817	14 
818	20 
819	83 
820	43 
821	4 
822	47 
823	77 
824	41 
825	91 
826	92 
827	92 
828	11 
829	9 
830	100 
831	92 
832	83 
833	5 
834	21 
835	92 
836	63 
837	19 
838	76 
839	105 
840	34 
841	53 
842	5 
843	71 
844	55 
845	92 
846	56 
847	51 
848	23 
849	54 
850	61 
851	41 
852	59 
853	78 
854	38 
855	92 
856	102 
857	32 
858	43 
859	91 
860	98 
861	45 
862	50 
863	50 
864	77 
865	104 
866	54 
867	5 
868	12 
869	84 
870	63 
871	88 
872	62 
873	29 
874	31 
875	28 
876	18 
877	103 
878	61 
879	45 
880	76 
881	35 
882	3 
883	54 
884	51 
885	60 
886	42 
887	54 
888	70 
889	48 
890	35 
891	88 
892	44 
893	63 
894	61 
895	97 
896	36 
897	52 
898	5 
899	35 
900	54 
901	75 
902	87 
903	35 
904	96 
905	13 
906	4 
907	17 
908	27 
909	6 
910	74 
911	65 
912	93 
913	64 
914	7 
915	78 
916	22 
917	29 
918	19 
919	51 
920	45 
921	7 
922	65 
923	34 
924	22 
925	37 
926	40 
927	98 
928	17 
929	14 
930	1 
931	81 
932	98 
933	45 
934	64 
935	19 
936	22 
937	34 
938	41 
939	38 
940	40 
941	85 
942	66 
943	18 
944	99 
945	106 
946	54 
947	102 
948	27 
949	76 
950	79 
951	69 
952	86 
953	57 
954	94 
955	34 
956	73 
957	68 
958	14 
959	98 
960	40 
961	59 
962	84 
963	47 
964	65 
965	27 
966	4 
967	87 
968	81 
969	64 
970	67 
971	32 
972	83 
973	105 
974	91 
975	59 
976	75 
977	74 
978	20 
979	47 
980	4 
981	11 
982	6 
983	1 
984	35 
985	72 
986	64 
987	71 
988	100 
989	17 
990	86 
991	31 
992	20 
993	66 
994	71 
995	84 
996	92 
997	74 
998	40 
999	102 
1000	8 
1001	38 
1002	71 
1003	75 
1004	83 
1005	35 
1006	34 
1007	35 
1008	30 
1009	36 
1010	40 
1011	37 
1012	54 
1013	7 
1014	5 
1015	100 
1016	5 
1017	43 
1018	99 
1019	25 
1020	25 
1021	94 
1022	64 
1023	17 
1024	15 
1025	97 
1026	73 
1027	35 
1028	22 
1029	39 
1030	30 
1031	99 
1032	14 
1033	54 
1034	84 
1035	1 
1036	50 
1037	15 
1038	59 
1039	91 
1040	89 
1041	67 
1042	62 
1043	91 
1044	84 
1045	71 
1046	71 
1047	61 
1048	32 
1049	103 
1050	75 
1051	80 
1052	76 
1053	56 
1054	18 
1055	37 
1056	16 
1057	22 
1058	15 
1059	5 
1060	38 
1061	10 
1062	74 
1063	96 
1064	63 
1065	23 
1066	26 
1067	92 
1068	33 
1069	6 
1070	100 
1071	106 
1072	51 
1073	30 
1074	76 
1075	74 
1076	43 
1077	53 
1078	66 
1079	22 
1080	71 
1081	18 
1082	5 
1083	57 
1084	44 
1085	82 
1086	15 
1087	63 
1088	34 
1089	4 
1090	38 
1091	45 
1092	50 
1093	45 
1094	6 
1095	14 
1096	103 
1097	82 
1098	66 
1099	54 
1100	76 
1101	71 
1102	54 
1103	9 
1104	106 
1105	73 
1106	35 
1107	75 
1108	68 
1109	79 
1110	107 
1111	22 
1112	24 
1113	82 
1114	35 
1115	45 
1116	32 
1117	5 
1118	72 
1119	9 
1120	12 
1121	52 
1122	23 
1123	7 
1124	46 
1125	92 
1126	20 
1127	87 
1128	33 
1129	71 
1130	20 
1131	37 
1132	77 
1133	11 
1134	39 
1135	102 
1136	91 
1137	84 
1138	104 
1139	62 
1140	5 
1141	51 
1142	100 
1143	5 
1144	43 
1145	21 
1146	76 
1147	63 
1148	14 
1149	65 
1150	4 
1151	51 
1152	65 
1153	20 
1154	75 
1155	66 
1156	50 
1157	65 
1158	34 
1159	1 
1160	7 
1161	74 
1162	28 
1163	83 
1164	20 
1165	37 
1166	102 
1167	68 
1168	37 
1169	48 
1170	16 
1171	93 
1172	50 
1173	18 
1174	76 
1175	5 
1176	76 
1177	57 
1178	77 
1179	29 
1180	9 
1181	63 
1182	103 
1183	103 
1184	14 
1185	25 
1186	43 
1187	22 
1188	68 
1189	15 
1190	14 
1191	57 
1192	66 
1193	7 
1194	37 
1195	4 
1196	29 
1197	66 
1198	63 
1199	78 
1200	35 
1201	64 
1202	27 
1203	92 
1204	76 
1205	54 
1206	35 
1207	29 
1208	84 
1209	98 
1210	102 
1211	75 
1212	100 
1213	24 
1214	3 
1215	19 
1216	34 
1217	11 
1218	15 
1219	91 
1220	27 
1221	52 
1222	27 
1223	4 
1224	35 
1225	51 
1226	80 
1227	51 
1228	43 
1229	11 
1230	85 
1231	11 
1232	38 
1233	26 
1234	22 
1235	63 
1236	99 
1237	35 
1238	103 
1239	12 
1240	83 
1241	79 
1242	102 
1243	20 
1244	71 
1245	79 
1246	23 
1247	35 
1248	19 
1249	71 
1250	63 
1251	15 
1252	41 
1253	54 
1254	20 
1255	68 
1256	33 
1257	68 
1258	16 
1259	66 
1260	54 
1261	88 
1262	63 
1263	83 
1264	14 
1265	70 
1266	43 
1267	97 
1268	33 
1269	85 
1270	92 
1271	56 
1272	84 
1273	45 
1274	87 
1275	90 
1276	87 
1277	35 
1278	71 
1279	37 
1280	22 
1281	106 
1282	85 
1283	38 
1284	13 
1285	31 
1286	79 
1287	6 
1288	59 
1289	24 
1290	17 
1291	18 
1292	70 
1293	14 
1294	16 
1295	96 
1296	28 
1297	32 
1298	77 
1299	46 
1300	57 
1301	76 
1302	72 
1303	87 
1304	72 
1305	28 
1306	70 
1307	100 
1308	6 
1309	32 
1310	31 
1311	98 
1312	28 
1313	41 
1314	103 
1315	64 
1316	66 
1317	104 
1318	76 
1319	16 
1320	87 
1321	20 
1322	40 
1323	20 
1324	68 
1325	14 
1326	72 
1327	61 
1328	39 
1329	18 
1330	70 
1331	28 
1332	18 
1333	78 
1334	71 
1335	91 
1336	63 
1337	45 
1338	35 
1339	99 
1340	33 
1341	23 
1342	69 
1343	23 
1344	5 
1345	19 
1346	44 
1347	81 
1348	64 
1349	101 
1350	64 
1351	14 
1352	10 
1353	94 
1354	91 
1355	46 
1356	58 
1357	103 
1358	56 
1359	20 
1360	5 
1361	14 
1362	39 
1363	14 
1364	16 
1365	88 
1366	43 
1367	102 
1368	35 
1369	103 
1370	2 
1371	16 
1372	94 
1373	10 
1374	92 
1375	54 
1376	91 
1377	4 
1378	73 
1379	80 
1380	66 
1381	99 
1382	69 
1383	1 
1384	43 
1385	48 
1386	44 
1387	106 
1388	44 
1389	80 
1390	74 
1391	23 
1392	1 
1393	68 
1394	33 
1395	19 
1396	24 
1397	71 
1398	63 
1399	9 
1400	4 
1401	60 
1402	15 
1403	16 
1404	53 
1405	45 
1406	52 
1407	85 
1408	92 
1409	46 
1410	27 
1411	20 
1412	85 
1413	43 
1414	20 
1415	88 
1416	51 
1417	105 
1418	71 
1419	103 
1420	79 
1421	17 
1422	35 
1423	83 
1424	14 
1425	26 
1426	34 
1427	78 
1428	18 
1429	55 
1430	35 
1431	107 
1432	84 
1433	83 
1434	104 
1435	78 
1436	82 
1437	49 
1438	41 
1439	58 
1440	84 
1441	63 
1442	3 
1443	22 
1444	83 
1445	13 
1446	103 
1447	100 
1448	54 
1449	32 
1450	5 
1451	44 
1452	65 
1453	37 
1454	75 
1455	76 
1456	65 
1457	37 
1458	85 
1459	31 
1460	5 
1461	39 
1462	103 
1463	29 
1464	81 
1465	104 
1466	103 
1467	51 
1468	84 
1469	75 
1470	83 
1471	33 
1472	105 
1473	73 
1474	91 
1475	24 
1476	19 
1477	77 
1478	51 
1479	4 
1480	91 
1481	91 
1482	52 
1483	70 
1484	75 
1485	35 
1486	104 
1487	20 
1488	91 
1489	57 
1490	65 
1491	17 
1492	18 
1493	6 
1494	34 
1495	43 
1496	24 
1497	65 
1498	47 
1499	16 
1500	22 
1501	102 
1502	35 
1503	44 
1504	29 
1505	49 
1506	30 
1507	100 
1508	20 
1509	4 
1510	14 
1511	22 
1512	41 
1513	27 
1514	44 
1515	45 
1516	61 
1517	85 
1518	14 
1519	34 
1520	13 
1521	98 
1522	19 
1523	64 
1524	4 
1525	94 
1526	15 
1527	37 
1528	82 
1529	100 
1530	6 
1531	39 
1532	68 
1533	58 
1534	57 
1535	52 
1536	78 
1537	33 
1538	39 
1539	83 
1540	70 
1541	16 
1542	74 
1543	101 
1544	2 
1545	57 
1546	66 
1547	5 
1548	63 
1549	22 
1550	54 
1551	54 
1552	48 
1553	78 
1554	51 
1555	57 
1556	3 
1557	22 
1558	65 
1559	71 
1560	57 
1561	75 
1562	74 
1563	54 
1564	16 
1565	77 
1566	43 
1567	53 
1568	30 
1569	41 
1570	23 
1571	96 
1572	83 
1573	33 
1574	83 
1575	19 
1576	74 
1577	97 
1578	8 
1579	91 
1580	55 
1581	14 
1582	20 
1583	65 
1584	77 
1585	6 
1586	11 
1587	50 
1588	7 
1589	30 
1590	100 
1591	106 
1592	14 
1593	53 
1594	11 
1595	4 
1596	100 
1597	66 
1598	14 
1599	70 
1600	84 
1601	51 
1602	22 
1603	14 
1604	18 
1605	87 
1606	5 
1607	82 
1608	3 
1609	57 
1610	37 
1611	92 
1612	43 
1613	35 
1614	41 
1615	32 
1616	64 
1617	56 
1618	17 
1619	83 
1620	26 
1621	95 
1622	20 
1623	2 
1624	79 
1625	9 
1626	65 
1627	54 
1628	56 
1629	17 
1630	78 
1631	57 
1632	37 
1633	23 
1634	53 
1635	50 
1636	16 
1637	102 
1638	40 
1639	58 
1640	63 
1641	76 
1642	22 
1643	14 
1644	73 
1645	95 
1646	103 
1647	50 
1648	7 
1649	50 
1650	16 
1651	83 
1652	33 
1653	20 
1654	40 
1655	48 
1656	76 
1657	47 
1658	84 
1659	65 
1660	38 
1661	94 
1662	51 
1663	65 
1664	73 
1665	54 
1666	29 
1667	77 
1668	78 
1669	5 
1670	64 
1671	83 
1672	44 
1673	99 
1674	72 
1675	52 
1676	6 
1677	7 
1678	91 
1679	98 
1680	80 
1681	65 
1682	69 
1683	27 
1684	16 
1685	66 
1686	14 
1687	3 
1688	18 
1689	11 
1690	39 
1691	15 
1692	104 
1693	76 
1694	60 
1695	9 
1696	30 
1697	10 
1698	103 
1699	2 
1700	40 
1701	82 
1702	40 
1703	89 
1704	65 
1705	64 
1706	20 
1707	7 
1708	24 
1709	3 
1710	18 
1711	17 
1712	18 
1713	2 
1714	45 
1715	13 
1716	71 
1717	37 
1718	4 
1719	41 
1720	24 
1721	66 
1722	22 
1723	104 
1724	37 
1725	22 
1726	83 
1727	24 
1728	53 
1729	24 
1730	102 
1731	20 
1732	103 
1733	40 
1734	5 
1735	83 
1736	27 
1737	46 
1738	48 
1739	52 
1740	40 
1741	18 
1742	79 
1743	27 
1744	83 
1745	106 
1746	54 
1747	38 
1748	37 
1749	48 
1750	22 
1751	74 
1752	68 
1753	30 
1754	50 
1755	72 
1756	75 
1757	76 
1758	76 
1759	18 
1760	105 
1761	50 
1762	22 
1763	76 
1764	85 
1765	103 
1766	73 
1767	71 
1768	28 
1769	16 
1770	71 
1771	63 
1772	98 
1773	54 
1774	102 
1775	83 
1776	69 
1777	58 
1778	80 
1779	64 
1780	44 
1781	13 
1782	23 
1783	72 
1784	38 
1785	22 
1786	71 
1787	65 
1788	101 
1789	77 
1790	95 
1791	42 
1792	81 
1793	19 
1794	99 
1795	72 
1796	39 
1797	14 
1798	26 
1799	84 
1800	60 
1801	32 
1802	82 
1803	51 
1804	45 
1805	14 
1806	105 
1807	58 
1808	66 
1809	12 
1810	81 
1811	102 
1812	102 
1813	21 
1814	18 
1815	35 
1816	18 
1817	71 
1818	67 
1819	104 
1820	91 
1821	71 
1822	54 
1823	78 
1824	35 
1825	83 
1826	77 
1827	68 
1828	14 
1829	11 
1830	77 
1831	47 
1832	39 
1833	104 
1834	72 
1835	55 
1836	4 
1837	92 
1838	99 
1839	4 
1840	5 
1841	24 
1842	82 
1843	7 
1844	86 
1845	26 
1846	51 
1847	22 
1848	11 
1849	64 
1850	42 
1851	35 
1852	97 
1853	82 
1854	50 
1855	103 
1856	24 
1857	37 
1858	2 
1859	50 
1860	68 
1861	79 
1862	38 
1863	63 
1864	83 
1865	51 
1866	85 
1867	5 
1868	4 
1869	50 
1870	22 
1871	35 
1872	84 
1873	14 
1874	64 
1875	48 
1876	4 
1877	15 
1878	67 
1879	84 
1880	14 
1881	88 
1882	50 
1883	57 
1884	32 
1885	89 
1886	84 
1887	48 
1888	86 
1889	101 
1890	44 
1891	15 
1892	51 
1893	58 
1894	92 
1895	66 
1896	5 
1897	42 
1898	97 
1899	84 
1900	85 
1901	10 
1902	78 
1903	14 
1904	30 
1905	95 
1906	77 
1907	75 
1908	44 
1909	85 
1910	14 
1911	41 
1912	100 
1913	63 
1914	14 
1915	22 
1916	43 
1917	39 
1918	20 
1919	91 
1920	91 
1921	21 
1922	43 
1923	23 
1924	4 
1925	71 
1926	48 
1927	54 
1928	105 
1929	83 
1930	77 
1931	73 
1932	76 
1933	12 
1934	5 
1935	38 
1936	12 
1937	83 
1938	24 
1939	12 
1940	43 
1941	53 
1942	55 
1943	32 
1944	16 
1945	75 
1946	50 
1947	64 
1948	15 
1949	20 
1950	78 
1951	103 
1952	14 
1953	50 
1954	27 
1955	76 
1956	29 
1957	87 
1958	5 
1959	88 
1960	88 
1961	41 
1962	98 
1963	61 
1964	60 
1965	45 
1966	103 
1967	73 
1968	68 
1969	4 
1970	100 
1971	88 
1972	33 
1973	92 
1974	87 
1975	66 
1976	72 
1977	60 
1978	58 
1979	82 
1980	53 
1981	62 
1982	22 
1983	69 
1984	61 
1985	49 
1986	47 
1987	68 
1988	76 
1989	43 
1990	61 
1991	56 
1992	94 
1993	51 
1994	51 
1995	13 
1996	5 
1997	100 
1998	75 
1999	37 
2000	62 
2001	54 
2002	82 
2003	20 
2004	14 
2005	35 
2006	29 
2007	22 
2008	20 
2009	37 
2010	39 
2011	92 
2012	63 
2013	47 
2014	77 
2015	68 
2016	34 
2017	60 
2018	49 
2019	66 
2020	1 
2021	13 
2022	33 
2023	34 
2024	31 
2025	91 
2026	36 
2027	48 
2028	70 
2029	25 
2030	4 
2031	54 
2032	17 
2033	91 
2034	103 
2035	92 
2036	33 
2037	12 
2038	43 
2039	86 
2040	36 
2041	84 
2042	22 
2043	70 
2044	45 
2045	90 
2046	80 
2047	63 
2048	88 
2049	22 
2050	99 
2051	98 
2052	42 
2053	39 
2054	12 
2055	3 
2056	35 
2057	28 
2058	98 
2059	4 
2060	27 
2061	16 
2062	3 
2063	77 
2064	77 
2065	43 
2066	24 
2067	45 
2068	46 
2069	7 
2070	74 
2071	22 
2072	74 
2073	43 
2074	74 
2075	37 
2076	98 
2077	37 
2078	103 
2079	50 
2080	40 
2081	74 
2082	79 
2083	90 
2084	68 
2085	3 
2086	63 
2087	91 
2088	44 
2089	94 
2090	5 
2091	74 
2092	5 
2093	103 
2094	16 
2095	38 
2096	99 
2097	87 
2098	75 
2099	35 
2100	29 
2101	88 
2102	33 
2103	36 
2104	12 
2105	23 
2106	29 
2107	83 
2108	4 
2109	63 
2110	9 
2111	103 
2112	85 
2113	39 
2114	32 
2115	65 
2116	8 
2117	63 
2118	85 
2119	16 
2120	63 
2121	107 
2122	55 
2123	62 
2124	29 
2125	65 
2126	99 
2127	13 
2128	18 
2129	8 
2130	99 
2131	95 
2132	18 
2133	35 
2134	5 
2135	102 
2136	6 
2137	99 
2138	20 
2139	103 
2140	57 
2141	12 
2142	26 
2143	43 
2144	89 
2145	4 
2146	27 
2147	85 
2148	1 
2149	83 
2150	52 
2151	91 
2152	33 
2153	43 
2154	28 
2155	64 
2156	77 
2157	66 
2158	66 
2159	102 
2160	26 
2161	100 
2162	75 
2163	3 
2164	21 
2165	94 
2166	33 
2167	64 
2168	31 
2169	19 
2170	103 
2171	34 
2172	98 
2173	49 
2174	39 
2175	54 
2176	62 
2177	48 
2178	5 
2179	27 
2180	3 
2181	15 
2182	102 
2183	104 
2184	43 
2185	84 
2186	18 
2187	65 
2188	3 
2189	80 
2190	61 
2191	44 
2192	27 
2193	57 
2194	14 
2195	64 
2196	102 
2197	37 
2198	99 
2199	107 
2200	29 
2201	88 
2202	88 
2203	39 
2204	11 
2205	27 
2206	51 
2207	43 
2208	74 
2209	54 
2210	101 
2211	84 
2212	76 
2213	41 
2214	45 
2215	35 
2216	22 
2217	42 
2218	38 
2219	68 
2220	39 
2221	66 
2222	81 
2223	57 
2224	64 
2225	85 
2226	65 
2227	21 
2228	39 
2229	36 
2230	11 
2231	5 
2232	79 
2233	37 
2234	100 
2235	37 
2236	84 
2237	35 
2238	43 
2239	13 
2240	66 
2241	72 
2242	28 
2243	36 
2244	82 
2245	75 
2246	7 
2247	75 
2248	20 
2249	54 
2250	43 
2251	15 
2252	69 
2253	79 
2254	55 
2255	64 
2256	80 
2257	12 
2258	73 
2259	73 
2260	36 
2261	20 
2262	45 
2263	16 
2264	77 
2265	103 
2266	12 
2267	32 
2268	26 
2269	6 
2270	66 
2271	98 
2272	58 
2273	83 
2274	61 
2275	89 
2276	103 
2277	70 
2278	12 
2279	52 
2280	46 
2281	84 
2282	16 
2283	14 
2284	21 
2285	105 
2286	39 
2287	75 
2288	28 
2289	44 
2290	37 
2291	50 
2292	89 
2293	88 
2294	16 
2295	39 
2296	88 
2297	27 
2298	30 
2299	5 
2300	76 
2301	76 
2302	97 
2303	19 
2304	85 
2305	19 
2306	86 
2307	22 
2308	35 
2309	89 
2310	27 
2311	37 
2312	90 
2313	20 
2314	71 
2315	12 
2316	72 
2317	59 
2318	71 
2319	91 
2320	7 
2321	40 
2322	45 
2323	63 
2324	68 
2325	35 
2326	45 
2327	44 
2328	48 
2329	56 
2330	43 
2331	19 
2332	20 
2333	4 
2334	59 
2335	64 
2336	100 
2337	72 
2338	54 
2339	65 
2340	39 
2341	83 
2342	2 
2343	14 
2344	79 
2345	92 
2346	19 
2347	39 
2348	26 
2349	88 
2350	16 
2351	35 
2352	80 
2353	22 
2354	28 
2355	37 
2356	87 
2357	45 
2358	17 
2359	48 
2360	29 
2361	14 
2362	91 
2363	71 
2364	55 
2365	79 
2366	41 
2367	37 
2368	44 
2369	13 
2370	25 
2371	43 
2372	14 
2373	81 
2374	106 
2375	84 
2376	18 
2377	65 
2378	70 
2379	13 
2380	85 
2381	19 
2382	41 
2383	63 
2384	4 
2385	89 
2386	20 
2387	83 
2388	18 
2389	103 
2390	66 
2391	48 
2392	79 
2393	63 
2394	83 
2395	55 
2396	93 
2397	50 
2398	58 
2399	102 
2400	39 
2401	52 
2402	5 
2403	46 
2404	72 
2405	102 
2406	74 
2407	65 
2408	105 
2409	27 
2410	21 
2411	58 
2412	41 
2413	10 
2414	53 
2415	63 
2416	6 
2417	76 
2418	98 
2419	88 
2420	14 
2421	76 
2422	20 
2423	35 
2424	38 
2425	65 
2426	42 
2427	8 
2428	85 
2429	8 
2430	102 
2431	4 
2432	55 
2433	97 
2434	18 
2435	65 
2436	49 
2437	8 
2438	71 
2439	57 
2440	18 
2441	75 
2442	90 
2443	66 
2444	30 
2445	89 
2446	72 
2447	47 
2448	60 
2449	86 
2450	57 
2451	68 
2452	60 
2453	52 
2454	79 
2455	28 
2456	30 
2457	53 
2458	35 
2459	66 
2460	103 
2461	88 
2462	4 
2463	75 
2464	46 
2465	31 
2466	10 
2467	49 
2468	80 
2469	23 
2470	3 
2471	78 
2472	57 
2473	65 
2474	90 
2475	10 
2476	8 
2477	88 
2478	39 
2479	12 
2480	26 
2481	91 
2482	98 
2483	12 
2484	19 
2485	70 
2486	103 
2487	94 
2488	19 
2489	65 
2490	4 
2491	47 
2492	28 
2493	76 
2494	79 
2495	61 
2496	74 
2497	66 
2498	41 
2499	5 
2500	62 
2501	2 
2502	14 
2503	37 
2504	1 
2505	103 
2506	21 
2507	98 
2508	31 
2509	23 
2510	30 
2511	23 
2512	35 
2513	27 
2514	83 
2515	75 
2516	54 
2517	50 
2518	87 
2519	88 
2520	14 
2521	23 
2522	64 
2523	40 
2524	71 
2525	27 
2526	96 
2527	22 
2528	18 
2529	51 
2530	66 
2531	64 
2532	92 
2533	63 
2534	63 
2535	35 
2536	66 
2537	31 
2538	39 
2539	48 
2540	102 
2541	91 
2542	60 
2543	43 
2544	53 
2545	20 
2546	20 
2547	104 
2548	70 
2549	71 
2550	68 
2551	12 
2552	72 
2553	4 
2554	60 
2555	75 
2556	79 
2557	34 
2558	45 
2559	47 
2560	32 
2561	80 
2562	84 
2563	43 
2564	37 
2565	35 
2566	82 
2567	101 
2568	20 
2569	75 
2570	77 
2571	68 
2572	64 
2573	14 
2574	55 
2575	47 
2576	78 
2577	84 
2578	9 
2579	88 
2580	10 
2581	7 
2582	39 
2583	54 
2584	98 
2585	29 
2586	88 
2587	83 
2588	27 
2589	34 
2590	106 
2591	39 
2592	84 
2593	88 
2594	28 
2595	10 
2596	91 
2597	37 
2598	68 
2599	19 
2600	27 
2601	22 
2602	33 
2603	95 
2604	95 
2605	38 
2606	41 
2607	94 
2608	77 
2609	5 
2610	29 
2611	51 
2612	20 
2613	100 
2614	61 
2615	80 
2616	5 
2617	83 
2618	80 
2619	90 
2620	91 
2621	64 
2622	5 
2623	53 
2624	107 
2625	51 
2626	27 
2627	22 
2628	5 
2629	14 
2630	22 
2631	67 
2632	21 
2633	99 
2634	5 
2635	5 
2636	75 
2637	51 
2638	16 
2639	91 
2640	76 
2641	16 
2642	81 
2643	50 
2644	16 
2645	70 
2646	46 
2647	27 
2648	41 
2649	82 
2650	76 
2651	23 
2652	35 
2653	54 
2654	18 
2655	35 
2656	13 
2657	104 
2658	63 
2659	19 
2660	34 
2661	52 
2662	69 
2663	65 
2664	78 
2665	91 
2666	103 
2667	12 
2668	14 
2669	45 
2670	27 
2671	20 
2672	69 
2673	12 
2674	18 
2675	68 
2676	75 
2677	86 
2678	35 
2679	85 
2680	9 
2681	65 
2682	64 
2683	78 
2684	56 
2685	59 
2686	61 
2687	107 
2688	102 
2689	99 
2690	56 
2691	51 
2692	99 
2693	103 
2694	24 
2695	54 
2696	16 
2697	20 
2698	57 
2699	39 
2700	63 
2701	29 
2702	74 
2703	47 
2704	7 
2705	94 
2706	41 
2707	5 
2708	23 
2709	35 
2710	73 
2711	43 
2712	16 
2713	100 
2714	37 
2715	76 
2716	77 
2717	10 
2718	7 
2719	17 
2720	80 
2721	35 
2722	43 
2723	39 
2724	99 
2725	7 
2726	50 
2727	103 
2728	92 
2729	13 
2730	39 
2731	66 
2732	40 
2733	100 
2734	97 
2735	35 
2736	48 
2737	6 
2738	60 
2739	16 
2740	12 
2741	92 
2742	63 
2743	40 
2744	71 
2745	20 
2746	105 
2747	103 
2748	57 
2749	2 
2750	103 
2751	74 
2752	77 
2753	73 
2754	107 
2755	84 
2756	39 
2757	96 
2758	74 
2759	5 
2760	4 
2761	48 
2762	40 
2763	62 
2764	20 
2765	40 
2766	61 
2767	79 
2768	63 
2769	53 
2770	12 
2771	85 
2772	85 
2773	39 
2774	92 
2775	72 
2776	25 
2777	80 
2778	7 
2779	45 
2780	51 
2781	87 
2782	60 
2783	41 
2784	38 
2785	82 
2786	33 
2787	24 
2788	65 
2789	75 
2790	66 
2791	75 
2792	5 
2793	66 
2794	26 
2795	27 
2796	83 
2797	83 
2798	43 
2799	20 
2800	83 
2801	71 
2802	55 
2803	80 
2804	53 
2805	35 
2806	25 
2807	61 
2808	40 
2809	76 
2810	5 
2811	88 
2812	69 
2813	16 
2814	97 
2815	95 
2816	12 
2817	71 
2818	63 
2819	14 
2820	65 
2821	23 
2822	64 
2823	40 
2824	4 
2825	23 
2826	63 
2827	63 
2828	22 
2829	66 
2830	23 
2831	106 
2832	91 
2833	20 
2834	43 
2835	5 
2836	4 
2837	47 
2838	13 
2839	39 
2840	12 
2841	74 
2842	73 
2843	40 
2844	31 
2845	23 
2846	102 
2847	15 
2848	59 
2849	54 
2850	55 
2851	82 
2852	51 
2853	68 
2854	96 
2855	39 
2856	23 
2857	32 
2858	28 
2859	103 
2860	103 
2861	76 
2862	107 
2863	106 
2864	9 
2865	91 
2866	69 
2867	91 
2868	103 
2869	67 
2870	67 
2871	64 
2872	54 
2873	82 
2874	65 
2875	52 
2876	72 
2877	22 
2878	15 
2879	76 
2880	74 
2881	16 
2882	98 
2883	79 
2884	28 
2885	59 
2886	63 
2887	20 
2888	6 
2889	103 
2890	45 
2891	34 
2892	17 
2893	91 
2894	78 
2895	30 
2896	11 
2897	85 
2898	66 
2899	76 
2900	55 
2901	66 
2902	64 
2903	34 
2904	90 
2905	44 
2906	54 
2907	47 
2908	2 
2909	5 
2910	91 
2911	41 
2912	2 
2913	9 
2914	73 
2915	37 
2916	54 
2917	76 
2918	35 
2919	74 
2920	52 
2921	92 
2922	11 
2923	49 
2924	57 
2925	41 
2926	77 
2927	54 
2928	36 
2929	85 
2930	34 
2931	100 
2932	68 
2933	61 
2934	69 
2935	20 
2936	61 
2937	75 
2938	81 
2939	38 
2940	74 
2941	45 
2942	66 
2943	11 
2944	59 
2945	88 
2946	71 
2947	14 
2948	63 
2949	65 
2950	72 
2951	11 
2952	66 
2953	3 
2954	39 
2955	27 
2956	77 
2957	18 
2958	96 
2959	72 
2960	42 
2961	87 
2962	73 
2963	92 
2964	59 
2965	66 
2966	62 
2967	66 
2968	1 
2969	67 
2970	101 
2971	24 
2972	77 
2973	74 
2974	54 
2975	6 
2976	78 
2977	11 
2978	65 
2979	63 
2980	65 
2981	42 
2982	4 
2983	70 
2984	81 
2985	47 
2986	1 
2987	106 
2988	12 
2989	92 
2990	39 
2991	46 
2992	37 
2993	8 
2994	92 
2995	39 
2996	49 
2997	104 
2998	20 
2999	66 
3000	33 
3001	63 
3002	95 
3003	24 
3004	36 
3005	102 
3006	5 
3007	6 
3008	86 
3009	84 
3010	53 
3011	72 
3012	102 
3013	20 
3014	20 
3015	16 
3016	3 
3017	19 
3018	23 
3019	66 
3020	4 
3021	3 
3022	87 
3023	23 
3024	63 
3025	23 
3026	30 
3027	24 
3028	19 
3029	65 
3030	58 
3031	75 
3032	62 
3033	27 
3034	96 
3035	12 
3036	19 
3037	27 
3038	61 
3039	21 
3040	71 
3041	32 
3042	65 
3043	36 
3044	102 
3045	14 
3046	18 
3047	83 
3048	57 
3049	10 
3050	68 
3051	16 
3052	61 
3053	5 
3054	85 
3055	91 
3056	47 
3057	46 
3058	105 
3059	16 
3060	37 
3061	34 
3062	57 
3063	36 
3064	65 
3065	16 
3066	2 
3067	91 
3068	75 
3069	54 
3070	37 
3071	66 
3072	82 
3073	32 
3074	85 
3075	13 
3076	30 
3077	48 
3078	45 
3079	6 
3080	33 
3081	33 
3082	7 
3083	103 
3084	68 
3085	82 
3086	31 
3087	64 
3088	23 
3089	5 
3090	23 
3091	53 
3092	14 
3093	38 
3094	43 
3095	58 
3096	85 
3097	70 
3098	5 
3099	93 
3100	54 
3101	35 
3102	102 
3103	65 
3104	2 
3105	14 
3106	106 
3107	4 
3108	58 
3109	20 
3110	76 
3111	93 
3112	91 
3113	37 
3114	39 
3115	16 
3116	53 
3117	37 
3118	104 
3119	7 
3120	72 
3121	60 
3122	4 
3123	27 
3124	19 
3125	77 
3126	32 
3127	4 
3128	4 
3129	68 
3130	22 
3131	101 
3132	19 
3133	39 
3134	38 
3135	5 
3136	26 
3137	13 
3138	34 
3139	24 
3140	96 
3141	100 
3142	17 
3143	90 
3144	63 
3145	8 
3146	31 
3147	22 
3148	51 
3149	74 
3150	13 
3151	96 
3152	92 
3153	4 
3154	34 
3155	20 
3156	40 
3157	35 
3158	43 
3159	89 
3160	43 
3161	23 
3162	10 
3163	84 
3164	25 
3165	71 
3166	4 
3167	48 
3168	14 
3169	75 
3170	39 
3171	77 
3172	103 
3173	83 
3174	16 
3175	65 
3176	84 
3177	94 
3178	21 
3179	106 
3180	71 
3181	22 
3182	36 
3183	99 
3184	5 
3185	20 
3186	75 
3187	86 
3188	96 
3189	16 
3190	46 
3191	46 
3192	98 
3193	16 
3194	18 
3195	103 
3196	39 
3197	62 
3198	4 
3199	83 
3200	17 
3201	96 
3202	83 
3203	83 
3204	5 
3205	101 
3206	18 
3207	91 
3208	19 
3209	57 
3210	47 
3211	76 
3212	14 
3213	74 
3214	93 
3215	75 
3216	42 
3217	16 
3218	4 
3219	86 
3220	52 
3221	14 
3222	32 
3223	27 
3224	27 
3225	93 
3226	20 
3227	32 
3228	4 
3229	107 
3230	105 
3231	60 
3232	26 
3233	91 
3234	61 
3235	22 
3236	98 
3237	20 
3238	45 
3239	71 
3240	31 
3241	39 
3242	2 
3243	40 
3244	67 
3245	100 
3246	91 
3247	19 
3248	33 
3249	13 
3250	49 
3251	5 
3252	77 
3253	37 
3254	84 
3255	91 
3256	45 
3257	49 
3258	32 
3259	55 
3260	4 
3261	63 
3262	6 
3263	3 
3264	16 
3265	45 
3266	63 
3267	16 
3268	53 
3269	37 
3270	67 
3271	33 
3272	19 
3273	25 
3274	91 
3275	14 
3276	33 
3277	103 
3278	93 
3279	34 
3280	71 
3281	76 
3282	1 
3283	17 
3284	12 
3285	60 
3286	92 
3287	75 
3288	95 
3289	15 
3290	103 
3291	66 
3292	9 
3293	33 
3294	58 
3295	23 
3296	16 
3297	70 
3298	76 
3299	25 
3300	51 
3301	45 
3302	63 
3303	40 
3304	55 
3305	103 
3306	94 
3307	65 
3308	22 
3309	66 
3310	88 
3311	29 
3312	40 
3313	69 
3314	94 
3315	94 
3316	66 
3317	54 
3318	13 
3319	16 
3320	29 
3321	86 
3322	35 
3323	74 
3324	23 
3325	41 
3326	66 
3327	51 
3328	84 
3329	44 
3330	38 
3331	18 
3332	75 
3333	91 
3334	22 
3335	12 
3336	19 
3337	68 
3338	14 
3339	38 
3340	47 
3341	14 
3342	94 
3343	103 
3344	66 
3345	84 
3346	100 
3347	29 
3348	12 
3349	77 
3350	8 
3351	39 
3352	73 
3353	89 
3354	44 
3355	91 
3356	16 
3357	39 
3358	103 
3359	2 
3360	97 
3361	16 
3362	92 
3363	90 
3364	17 
3365	38 
3366	9 
3367	81 
3368	52 
3369	90 
3370	29 
3371	77 
3372	25 
3373	67 
3374	39 
3375	91 
3376	2 
3377	19 
3378	12 
3379	22 
3380	94 
3381	82 
3382	27 
3383	43 
3384	51 
3385	69 
3386	14 
3387	98 
3388	42 
3389	27 
3390	13 
3391	47 
3392	99 
3393	93 
3394	57 
3395	24 
3396	27 
3397	103 
3398	52 
3399	54 
3400	77 
3401	80 
3402	84 
3403	77 
3404	63 
3405	58 
3406	49 
3407	23 
3408	91 
3409	51 
3410	48 
3411	59 
3412	33 
3413	54 
3414	78 
3415	85 
3416	35 
3417	43 
3418	42 
3419	30 
3420	20 
3421	84 
3422	2 
3423	22 
3424	31 
3425	86 
3426	14 
3427	52 
3428	2 
3429	68 
3430	41 
3431	94 
3432	16 
3433	75 
3434	106 
3435	5 
3436	13 
3437	83 
3438	43 
3439	104 
3440	63 
3441	68 
3442	47 
3443	48 
3444	14 
3445	58 
3446	67 
3447	39 
3448	53 
3449	106 
3450	104 
3451	14 
3452	84 
3453	35 
3454	34 
3455	103 
3456	32 
3457	33 
3458	5 
3459	1 
3460	66 
3461	21 
3462	77 
3463	75 
3464	68 
3465	6 
3466	97 
3467	3 
3468	63 
3469	35 
3470	89 
3471	66 
3472	10 
3473	51 
3474	76 
3475	19 
3476	29 
3477	72 
3478	27 
3479	11 
3480	43 
3481	18 
3482	35 
3483	80 
3484	22 
3485	4 
3486	28 
3487	4 
3488	79 
3489	22 
3490	37 
3491	27 
3492	16 
3493	10 
3494	51 
3495	1 
3496	27 
3497	40 
3498	100 
3499	18 
3500	12 
3501	30 
3502	91 
3503	60 
3504	68 
3505	84 
3506	60 
3507	20 
3508	94 
3509	78 
3510	105 
3511	54 
3512	22 
3513	41 
3514	102 
3515	33 
3516	60 
3517	15 
3518	55 
3519	35 
3520	10 
3521	79 
3522	24 
3523	17 
3524	75 
3525	32 
3526	35 
3527	23 
3528	66 
3529	28 
3530	58 
3531	72 
3532	104 
3533	27 
3534	106 
3535	8 
3536	75 
3537	67 
3538	51 
3539	34 
3540	4 
3541	43 
3542	19 
3543	5 
3544	75 
3545	48 
3546	72 
3547	72 
3548	43 
3549	34 
3550	16 
3551	13 
3552	65 
3553	33 
3554	91 
3555	53 
3556	20 
3557	102 
3558	91 
3559	42 
3560	65 
3561	82 
3562	85 
3563	65 
3564	23 
3565	12 
3566	107 
3567	1 
3568	5 
3569	35 
3570	33 
3571	34 
3572	19 
3573	102 
3574	16 
3575	64 
3576	13 
3577	73 
3578	6 
3579	64 
3580	83 
3581	64 
3582	8 
3583	43 
3584	33 
3585	26 
3586	77 
3587	18 
3588	17 
3589	47 
3590	40 
3591	89 
3592	29 
3593	90 
3594	64 
3595	55 
3596	63 
3597	15 
3598	43 
3599	15 
3600	7 
3601	103 
3602	19 
3603	47 
3604	5 
3605	69 
3606	49 
3607	5 
3608	20 
3609	66 
3610	103 
3611	78 
3612	35 
3613	13 
3614	66 
3615	33 
3616	100 
3617	28 
3618	18 
3619	103 
3620	106 
3621	54 
3622	45 
3623	76 
3624	15 
3625	70 
3626	87 
3627	37 
3628	1 
3629	98 
3630	102 
3631	5 
3632	101 
3633	18 
3634	29 
3635	28 
3636	97 
3637	92 
3638	76 
3639	88 
3640	63 
3641	11 
3642	66 
3643	83 
3644	55 
3645	88 
3646	23 
3647	106 
3648	91 
3649	73 
3650	51 
3651	83 
3652	67 
3653	91 
3654	22 
3655	92 
3656	38 
3657	91 
3658	53 
3659	102 
3660	54 
3661	83 
3662	79 
3663	19 
3664	82 
3665	84 
3666	71 
3667	5 
3668	54 
3669	6 
3670	14 
3671	14 
3672	43 
3673	40 
3674	15 
3675	53 
3676	103 
3677	43 
3678	84 
3679	10 
3680	91 
3681	7 
3682	53 
3683	77 
3684	92 
3685	93 
3686	11 
3687	34 
3688	57 
3689	78 
3690	50 
3691	19 
3692	100 
3693	103 
3694	48 
3695	16 
3696	39 
3697	19 
3698	18 
3699	103 
3700	51 
3701	71 
3702	48 
3703	93 
3704	23 
3705	32 
3706	76 
3707	34 
3708	5 
3709	61 
3710	83 
3711	21 
3712	87 
3713	91 
3714	105 
3715	9 
3716	41 
3717	37 
3718	106 
3719	76 
3720	37 
3721	75 
3722	94 
3723	41 
3724	17 
3725	34 
3726	106 
3727	18 
3728	53 
3729	101 
3730	91 
3731	103 
3732	2 
3733	65 
3734	43 
3735	74 
3736	65 
3737	38 
3738	104 
3739	38 
3740	16 
3741	78 
3742	30 
3743	95 
3744	37 
3745	65 
3746	23 
3747	87 
3748	4 
3749	92 
3750	80 
3751	42 
3752	24 
3753	20 
3754	48 
3755	19 
3756	97 
3757	85 
3758	90 
3759	31 
3760	57 
3761	106 
3762	71 
3763	77 
3764	21 
3765	5 
3766	22 
3767	53 
3768	43 
3769	102 
3770	3 
3771	85 
3772	84 
3773	65 
3774	104 
3775	37 
3776	11 
3777	54 
3778	63 
3779	44 
3780	23 
3781	48 
3782	105 
3783	58 
3784	29 
3785	66 
3786	80 
3787	104 
3788	41 
3789	1 
3790	103 
3791	27 
3792	5 
3793	30 
3794	23 
3795	14 
3796	33 
3797	78 
3798	37 
3799	99 
3800	64 
3801	40 
3802	12 
3803	37 
3804	35 
3805	77 
3806	48 
3807	7 
3808	83 
3809	37 
3810	95 
3811	52 
3812	54 
3813	99 
3814	12 
3815	103 
3816	83 
3817	75 
3818	28 
3819	43 
3820	2 
3821	4 
3822	62 
3823	12 
3824	39 
3825	39 
3826	22 
3827	39 
3828	37 
3829	14 
3830	104 
3831	16 
3832	39 
3833	71 
3834	74 
3835	23 
3836	54 
3837	39 
3838	69 
3839	45 
3840	63 
3841	101 
3842	91 
3843	64 
3844	8 
3845	1 
3846	65 
3847	52 
3848	62 
3849	4 
3850	83 
3851	79 
3852	85 
3853	3 
3854	4 
3855	23 
3856	78 
3857	82 
3858	33 
3859	2 
3860	99 
3861	91 
3862	103 
3863	34 
3864	95 
3865	76 
3866	82 
3867	35 
3868	17 
3869	58 
3870	20 
3871	71 
3872	88 
3873	94 
3874	91 
3875	51 
3876	41 
3877	79 
3878	12 
3879	23 
3880	44 
3881	22 
3882	6 
3883	18 
3884	82 
3885	63 
3886	88 
3887	5 
3888	87 
3889	14 
3890	49 
3891	63 
3892	73 
3893	54 
3894	106 
3895	64 
3896	30 
3897	51 
3898	18 
3899	85 
3900	69 
3901	65 
3902	27 
3903	66 
3904	18 
3905	5 
3906	4 
3907	65 
3908	87 
3909	87 
3910	92 
3911	85 
3912	107 
3913	98 
3914	63 
3915	33 
3916	45 
3917	71 
3918	64 
3919	91 
3920	77 
3921	63 
3922	22 
3923	38 
3924	64 
3925	60 
3926	71 
3927	45 
3928	19 
3929	38 
3930	62 
3931	84 
3932	35 
3933	78 
3934	76 
3935	26 
3936	47 
3937	88 
3938	77 
3939	39 
3940	22 
3941	30 
3942	23 
3943	48 
3944	23 
3945	22 
3946	100 
3947	102 
3948	18 
3949	61 
3950	52 
3951	22 
3952	39 
3953	43 
3954	72 
3955	79 
3956	16 
3957	47 
3958	17 
3959	47 
3960	86 
3961	102 
3962	81 
3963	16 
3964	84 
3965	27 
3966	16 
3967	83 
3968	65 
3969	9 
3970	83 
3971	57 
3972	101 
3973	82 
3974	15 
3975	56 
3976	88 
3977	107 
3978	94 
3979	61 
3980	53 
3981	39 
3982	82 
3983	71 
3984	102 
3985	91 
3986	100 
3987	91 
3988	55 
3989	60 
3990	88 
3991	75 
3992	14 
3993	68 
3994	18 
3995	69 
3996	8 
3997	27 
3998	10 
3999	83 
4000	57 
4001	35 
4002	102 
4003	45 
4004	55 
4005	92 
4006	93 
4007	11 
4008	54 
4009	103 
4010	98 
4011	68 
4012	46 
4013	30 
4014	104 
4015	23 
4016	79 
4017	24 
4018	35 
4019	35 
4020	5 
4021	71 
4022	56 
4023	42 
4024	79 
4025	88 
4026	43 
4027	27 
4028	22 
4029	87 
4030	57 
4031	107 
4032	58 
4033	98 
4034	41 
4035	75 
4036	20 
4037	23 
4038	100 
4039	56 
4040	63 
4041	66 
4042	60 
4043	76 
4044	95 
4045	71 
4046	71 
4047	50 
4048	43 
4049	73 
4050	91 
4051	90 
4052	64 
4053	99 
4054	28 
4055	49 
4056	61 
4057	40 
4058	48 
4059	5 
4060	103 
4061	48 
4062	15 
4063	16 
4064	51 
4065	21 
4066	6 
4067	63 
4068	98 
4069	30 
4070	56 
4071	85 
4072	70 
4073	20 
4074	13 
4075	43 
4076	38 
4077	41 
4078	106 
4079	99 
4080	76 
4081	85 
4082	17 
4083	34 
4084	33 
4085	7 
4086	74 
4087	74 
4088	63 
4089	72 
4090	14 
4091	28 
4092	5 
4093	60 
4094	102 
4095	100 
4096	46 
4097	38 
4098	45 
4099	98 
4100	36 
4101	92 
4102	47 
4103	20 
4104	35 
4105	33 
4106	59 
4107	35 
4108	23 
4109	50 
4110	63 
4111	21 
4112	106 
4113	5 
4114	51 
4115	46 
4116	65 
4117	41 
4118	68 
4119	97 
4120	24 
4121	39 
4122	21 
4123	49 
4124	62 
4125	102 
4126	12 
4127	27 
4128	5 
4129	80 
4130	4 
4131	41 
4132	15 
4133	97 
4134	75 
4135	103 
4136	54 
4137	95 
4138	11 
4139	82 
4140	23 
4141	37 
4142	34 
4143	66 
4144	25 
4145	14 
4146	22 
4147	26 
4148	11 
4149	86 
4150	91 
4151	23 
4152	17 
4153	29 
4154	46 
4155	5 
4156	59 
4157	29 
4158	20 
4159	64 
4160	39 
4161	5 
4162	5 
4163	39 
4164	35 
4165	95 
4166	96 
4167	35 
4168	14 
4169	54 
4170	65 
4171	57 
4172	22 
4173	42 
4174	93 
4175	98 
4176	107 
4177	21 
4178	18 
4179	107 
4180	98 
4181	91 
4182	25 
4183	15 
4184	23 
4185	47 
4186	76 
4187	45 
4188	16 
4189	93 
4190	27 
4191	4 
4192	38 
4193	31 
4194	14 
4195	16 
4196	20 
4197	55 
4198	40 
4199	100 
4200	36 
4201	66 
4202	93 
4203	63 
4204	28 
4205	23 
4206	84 
4207	73 
4208	20 
4209	84 
4210	5 
4211	69 
4212	105 
4213	59 
4214	63 
4215	55 
4216	48 
4217	19 
4218	29 
4219	48 
4220	83 
4221	84 
4222	51 
4223	52 
4224	14 
4225	51 
4226	6 
4227	31 
4228	36 
4229	64 
4230	34 
4231	57 
4232	73 
4233	48 
4234	20 
4235	43 
4236	39 
4237	66 
4238	39 
4239	31 
4240	74 
4241	4 
4242	53 
4243	72 
4244	12 
4245	35 
4246	65 
4247	74 
4248	103 
4249	13 
4250	6 
4251	44 
4252	62 
4253	51 
4254	81 
4255	24 
4256	15 
4257	64 
4258	15 
4259	84 
4260	8 
4261	26 
4262	53 
4263	53 
4264	68 
4265	81 
4266	16 
4267	17 
4268	28 
4269	71 
4270	16 
4271	29 
4272	106 
4273	57 
4274	3 
4275	37 
4276	41 
4277	7 
4278	57 
4279	83 
4280	34 
4281	5 
4282	82 
4283	16 
4284	24 
4285	37 
4286	103 
4287	40 
4288	86 
4289	48 
4290	45 
4291	39 
4292	78 
4293	43 
4294	84 
4295	39 
4296	9 
4297	75 
4298	84 
4299	74 
4300	103 
4301	78 
4302	54 
4303	104 
4304	65 
4305	23 
4306	51 
4307	103 
4308	71 
4309	54 
4310	12 
4311	34 
4312	64 
4313	60 
4314	101 
4315	57 
4316	15 
4317	14 
4318	13 
4319	19 
4320	91 
4321	11 
4322	91 
4323	5 
4324	14 
4325	16 
4326	1 
4327	89 
4328	56 
4329	23 
4330	78 
4331	41 
4332	20 
4333	94 
4334	103 
4335	24 
4336	21 
4337	20 
4338	83 
4339	68 
4340	93 
4341	61 
4342	42 
4343	97 
4344	107 
4345	78 
4346	37 
4347	25 
4348	37 
4349	53 
4350	5 
4351	22 
4352	37 
4353	47 
4354	27 
4355	48 
4356	87 
4357	6 
4358	73 
4359	51 
4360	22 
4361	93 
4362	72 
4363	83 
4364	22 
4365	63 
4366	4 
4367	29 
4368	44 
4369	35 
4370	27 
4371	84 
4372	27 
4373	16 
4374	84 
4375	68 
4376	48 
4377	26 
4378	37 
4379	20 
4380	70 
4381	62 
4382	3 
4383	17 
4384	87 
4385	74 
4386	17 
4387	64 
4388	40 
4389	91 
4390	107 
4391	79 
4392	66 
4393	37 
4394	102 
4395	40 
4396	63 
4397	36 
4398	26 
4399	41 
4400	23 
4401	97 
4402	9 
4403	28 
4404	41 
4405	32 
4406	94 
4407	27 
4408	106 
4409	79 
4410	37 
4411	27 
4412	90 
4413	4 
4414	72 
4415	71 
4416	42 
4417	7 
4418	42 
4419	24 
4420	90 
4421	3 
4422	51 
4423	31 
4424	29 
4425	54 
4426	83 
4427	53 
4428	88 
4429	66 
4430	3 
4431	16 
4432	4 
4433	33 
4434	65 
4435	106 
4436	43 
4437	98 
4438	54 
4439	45 
4440	102 
4441	71 
4442	91 
4443	84 
4444	19 
4445	13 
4446	91 
4447	104 
4448	81 
4449	105 
4450	75 
4451	103 
4452	88 
4453	98 
4454	43 
4455	41 
4456	37 
4457	65 
4458	6 
4459	29 
4460	81 
4461	88 
4462	13 
4463	60 
4464	27 
4465	29 
4466	78 
4467	103 
4468	38 
4469	18 
4470	12 
4471	102 
4472	10 
4473	34 
4474	33 
4475	22 
4476	103 
4477	5 
4478	22 
4479	41 
4480	2 
4481	20 
4482	54 
4483	64 
4484	22 
4485	23 
4486	82 
4487	105 
4488	27 
4489	51 
4490	70 
4491	33 
4492	7 
4493	51 
4494	82 
4495	54 
4496	14 
4497	5 
4498	6 
4499	6 
4500	77 
4501	86 
4502	48 
4503	30 
4504	85 
4505	71 
4506	84 
4507	98 
4508	90 
4509	53 
4510	28 
4511	87 
4512	40 
4513	79 
4514	99 
4515	6 
4516	33 
4517	23 
4518	82 
4519	43 
4520	39 
4521	99 
4522	20 
4523	57 
4524	77 
4525	64 
4526	37 
4527	18 
4528	20 
4529	99 
4530	9 
4531	38 
4532	36 
4533	54 
4534	39 
4535	19 
4536	79 
4537	11 
4538	37 
4539	101 
4540	15 
4541	67 
4542	86 
4543	20 
4544	20 
4545	29 
4546	85 
4547	12 
4548	45 
4549	27 
4550	100 
4551	19 
4552	71 
4553	29 
4554	27 
4555	74 
4556	23 
4557	39 
4558	70 
4559	51 
4560	32 
4561	9 
4562	17 
4563	24 
4564	79 
4565	16 
4566	52 
4567	65 
4568	38 
4569	94 
4570	89 
4571	95 
4572	64 
4573	37 
4574	88 
4575	20 
4576	7 
4577	99 
4578	20 
4579	92 
4580	94 
4581	45 
4582	24 
4583	85 
4584	48 
4585	103 
4586	49 
4587	27 
4588	83 
4589	49 
4590	54 
4591	88 
4592	103 
4593	18 
4594	103 
4595	43 
4596	41 
4597	79 
4598	66 
4599	70 
4600	100 
4601	68 
4602	22 
4603	103 
4604	14 
4605	94 
4606	39 
4607	7 
4608	46 
4609	55 
4610	68 
4611	7 
4612	91 
4613	4 
4614	45 
4615	62 
4616	77 
4617	44 
4618	41 
4619	35 
4620	104 
4621	91 
4622	62 
4623	73 
4624	101 
4625	102 
4626	20 
4627	103 
4628	106 
4629	83 
4630	23 
4631	65 
4632	38 
4633	99 
4634	80 
4635	88 
4636	38 
4637	84 
4638	24 
4639	63 
4640	61 
4641	103 
4642	47 
4643	28 
4644	52 
4645	52 
4646	62 
4647	60 
4648	16 
4649	93 
4650	78 
4651	92 
4652	22 
4653	14 
4654	79 
4655	4 
4656	64 
4657	94 
4658	65 
4659	77 
4660	71 
4661	49 
4662	33 
4663	48 
4664	50 
4665	33 
4666	53 
4667	59 
4668	52 
4669	9 
4670	56 
4671	98 
4672	83 
4673	63 
4674	56 
4675	66 
4676	45 
4677	87 
4678	106 
4679	64 
4680	35 
4681	8 
4682	25 
4683	40 
4684	93 
4685	8 
4686	16 
4687	48 
4688	74 
4689	34 
4690	87 
4691	91 
4692	67 
4693	11 
4694	92 
4695	95 
4696	20 
4697	54 
4698	60 
4699	66 
4700	53 
4701	66 
4702	22 
4703	24 
4704	12 
4705	22 
4706	92 
4707	35 
4708	24 
4709	1 
4710	87 
4711	104 
4712	84 
4713	78 
4714	24 
4715	28 
4716	20 
4717	63 
4718	74 
4719	79 
4720	96 
4721	35 
4722	12 
4723	1 
4724	94 
4725	60 
4726	66 
4727	31 
4728	64 
4729	16 
4730	51 
4731	60 
4732	33 
4733	22 
4734	68 
4735	14 
4736	85 
4737	19 
4738	61 
4739	26 
4740	40 
4741	72 
4742	63 
4743	6 
4744	71 
4745	40 
4746	22 
4747	87 
4748	12 
4749	53 
4750	35 
4751	31 
4752	49 
4753	11 
4754	28 
4755	99 
4756	74 
4757	12 
4758	24 
4759	68 
4760	80 
4761	5 
4762	11 
4763	46 
4764	39 
4765	1 
4766	98 
4767	34 
4768	65 
4769	39 
4770	7 
4771	18 
4772	54 
4773	3 
4774	89 
4775	11 
4776	73 
4777	90 
4778	72 
4779	23 
4780	91 
4781	73 
4782	65 
4783	83 
4784	13 
4785	28 
4786	65 
4787	79 
4788	66 
4789	79 
4790	63 
4791	4 
4792	1 
4793	83 
4794	34 
4795	85 
4796	83 
4797	99 
4798	40 
4799	105 
4800	83 
4801	42 
4802	43 
4803	104 
4804	3 
4805	76 
4806	66 
4807	100 
4808	102 
4809	39 
4810	2 
4811	82 
4812	83 
4813	34 
4814	85 
4815	45 
4816	84 
4817	19 
4818	52 
4819	54 
4820	55 
4821	27 
4822	86 
4823	40 
4824	33 
4825	68 
4826	91 
4827	71 
4828	20 
4829	87 
4830	61 
4831	104 
4832	43 
4833	24 
4834	61 
4835	1 
4836	19 
4837	20 
4838	46 
4839	79 
4840	18 
4841	91 
4842	31 
4843	85 
4844	16 
4845	71 
4846	85 
4847	65 
4848	23 
4849	91 
4850	16 
4851	88 
4852	66 
4853	13 
4854	95 
4855	76 
4856	42 
4857	12 
4858	41 
4859	45 
4860	39 
4861	43 
4862	98 
4863	77 
4864	40 
4865	34 
4866	50 
4867	45 
4868	38 
4869	5 
4870	8 
4871	23 
4872	71 
4873	79 
4874	68 
4875	63 
4876	35 
4877	78 
4878	30 
4879	91 
4880	65 
4881	63 
4882	71 
4883	51 
4884	61 
4885	61 
4886	5 
4887	76 
4888	71 
4889	15 
4890	63 
4891	45 
4892	76 
4893	16 
4894	45 
4895	83 
4896	54 
4897	79 
4898	34 
4899	95 
4900	76 
4901	75 
4902	91 
4903	43 
4904	4 
4905	84 
4906	60 
4907	70 
4908	103 
4909	22 
4910	42 
4911	83 
4912	75 
4913	39 
4914	14 
4915	23 
4916	43 
4917	88 
4918	35 
4919	83 
4920	88 
4921	27 
4922	40 
4923	60 
4924	26 
4925	23 
4926	66 
4927	85 
4928	35 
4929	91 
4930	18 
4931	57 
4932	67 
4933	103 
4934	71 
4935	89 
4936	55 
4937	35 
4938	103 
4939	34 
4940	2 
4941	21 
4942	25 
4943	50 
4944	38 
4945	68 
4946	16 
4947	42 
4948	18 
4949	92 
4950	12 
4951	74 
4952	103 
4953	51 
4954	23 
4955	25 
4956	100 
4957	75 
4958	4 
4959	52 
4960	56 
4961	77 
4962	33 
4963	66 
4964	12 
4965	74 
4966	46 
4967	12 
4968	103 
4969	41 
4970	66 
4971	89 
4972	33 
4973	78 
4974	86 
4975	90 
4976	14 
4977	39 
4978	102 
4979	70 
4980	40 
4981	18 
4982	86 
4983	83 
4984	94 
4985	78 
4986	51 
4987	52 
4988	64 
4989	94 
4990	21 
4991	84 
4992	16 
4993	64 
4994	34 
4995	101 
4996	41 
4997	103 
4998	4 
4999	17 
5000	106 
