1	84 
2	90 
3	36 
4	19 
5	89 
6	14 
7	7 
8	11 
9	89 
10	79 
11	15 
12	79 
13	15 
14	64 
15	69 
16	24 
17	20 
18	8 
19	61 
20	85 
21	69 
22	60 
23	17 
24	65 
25	78 
26	99 
27	36 
28	7 
29	65 
30	79 
31	89 
32	92 
33	44 
34	40 
35	52 
36	73 
37	63 
38	86 
39	86 
40	76 
41	38 
42	83 
43	77 
44	13 
45	55 
46	26 
47	73 
48	15 
49	30 
50	37 
51	58 
52	44 
53	99 
54	30 
55	50 
56	76 
57	80 
58	89 
59	1 
60	50 
61	81 
62	15 
63	53 
64	31 
65	34 
66	58 
67	74 
68	50 
69	6 
70	43 
71	86 
72	7 
73	97 
74	21 
75	79 
76	63 
77	79 
78	13 
79	49 
80	66 
81	41 
82	9 
83	44 
84	63 
85	47 
86	24 
87	33 
88	100 
89	52 
90	26 
91	48 
92	34 
93	18 
94	88 
95	1 
96	86 
97	78 
98	16 
99	17 
100	79 
101	37 
102	61 
103	2 
104	82 
105	60 
106	23 
107	40 
108	49 
109	20 
110	14 
111	24 
112	7 
113	72 
114	84 
115	25 
116	31 
117	90 
118	59 
119	7 
120	70 
121	95 
122	78 
123	41 
124	15 
125	2 
126	17 
127	55 
128	45 
129	39 
130	25 
131	37 
132	25 
133	86 
134	23 
135	44 
136	66 
137	78 
138	88 
139	92 
140	84 
141	74 
142	21 
143	63 
144	74 
145	80 
146	94 
147	25 
148	3 
149	54 
150	8 
151	50 
152	64 
153	56 
154	3 
155	15 
156	20 
157	80 
158	92 
159	37 
160	72 
161	30 
162	1 
163	44 
164	62 
165	50 
166	55 
167	79 
168	92 
169	45 
170	36 
171	23 
172	19 
173	65 
174	1 
175	52 
176	75 
177	77 
178	30 
179	41 
180	75 
181	65 
182	33 
183	34 
184	83 
185	30 
186	16 
187	17 
188	62 
189	60 
190	63 
191	31 
192	97 
193	96 
194	79 
195	64 
196	79 
197	97 
198	65 
199	53 
200	25 
201	75 
202	20 
203	40 
204	54 
205	11 
206	58 
207	8 
208	85 
209	61 
210	41 
211	36 
212	49 
213	46 
214	74 
215	78 
216	48 
217	65 
218	51 
219	7 
220	37 
221	75 
222	21 
223	17 
224	80 
225	65 
226	63 
227	76 
228	37 
229	3 
230	44 
231	83 
232	67 
233	31 
234	45 
235	50 
236	42 
237	55 
238	16 
239	60 
240	16 
241	52 
242	6 
243	49 
244	50 
245	49 
246	10 
247	59 
248	31 
249	64 
250	79 
251	31 
252	31 
253	45 
254	23 
255	66 
256	76 
257	45 
258	51 
259	59 
260	62 
261	76 
262	9 
263	83 
264	17 
265	72 
266	74 
267	63 
268	30 
269	83 
270	86 
271	2 
272	59 
273	94 
274	12 
275	2 
276	1 
277	49 
278	84 
279	54 
280	32 
281	34 
282	70 
283	27 
284	16 
285	6 
286	95 
287	35 
288	54 
289	46 
290	97 
291	27 
292	49 
293	74 
294	73 
295	89 
296	68 
297	72 
298	97 
299	36 
300	67 
301	74 
302	37 
303	23 
304	6 
305	19 
306	20 
307	14 
308	87 
309	7 
310	31 
311	65 
312	63 
313	42 
314	16 
315	78 
316	33 
317	8 
318	86 
319	49 
320	15 
321	77 
322	83 
323	56 
324	7 
325	94 
326	78 
327	64 
328	64 
329	16 
330	77 
331	35 
332	99 
333	21 
334	3 
335	78 
336	70 
337	11 
338	34 
339	66 
340	67 
341	45 
342	17 
343	20 
344	8 
345	50 
346	49 
347	81 
348	49 
349	74 
350	45 
351	97 
352	68 
353	46 
354	41 
355	76 
356	4 
357	100 
358	50 
359	15 
360	11 
361	66 
362	41 
363	31 
364	73 
365	55 
366	12 
367	79 
368	8 
369	6 
370	11 
371	39 
372	89 
373	83 
374	86 
375	3 
376	79 
377	15 
378	14 
379	86 
380	79 
381	77 
382	74 
383	87 
384	7 
385	88 
386	70 
387	81 
388	10 
389	16 
390	50 
391	83 
392	72 
393	74 
394	3 
395	33 
396	58 
397	85 
398	45 
399	14 
400	41 
401	24 
402	49 
403	39 
404	23 
405	14 
406	99 
407	37 
408	55 
409	43 
410	51 
411	20 
412	1 
413	11 
414	76 
415	8 
416	69 
417	78 
418	44 
419	93 
420	64 
421	27 
422	54 
423	66 
424	39 
425	23 
426	54 
427	26 
428	20 
429	17 
430	48 
431	31 
432	83 
433	23 
434	45 
435	84 
436	83 
437	27 
438	63 
439	27 
440	30 
441	46 
442	21 
443	27 
444	15 
445	75 
446	77 
447	54 
448	69 
449	89 
450	14 
451	81 
452	39 
453	92 
454	51 
455	79 
456	83 
457	48 
458	88 
459	96 
460	3 
461	69 
462	87 
463	67 
464	4 
465	6 
466	39 
467	66 
468	24 
469	56 
470	62 
471	75 
472	6 
473	85 
474	23 
475	31 
476	1 
477	80 
478	84 
479	13 
480	15 
481	1 
482	83 
483	54 
484	50 
485	22 
486	3 
487	14 
488	31 
489	86 
490	13 
491	85 
492	63 
493	92 
494	48 
495	54 
496	90 
497	84 
498	25 
499	54 
500	64 
501	24 
502	67 
503	70 
504	1 
505	1 
506	40 
507	1 
508	25 
509	97 
510	15 
511	7 
512	89 
513	7 
514	16 
515	96 
516	86 
517	75 
518	100 
519	12 
520	34 
521	50 
522	54 
523	60 
524	14 
525	76 
526	84 
527	49 
528	44 
529	34 
530	11 
531	31 
532	82 
533	6 
534	48 
535	11 
536	84 
537	95 
538	81 
539	16 
540	80 
541	98 
542	4 
543	76 
544	83 
545	61 
546	99 
547	55 
548	16 
549	41 
550	64 
551	84 
552	63 
553	57 
554	21 
555	63 
556	43 
557	77 
558	40 
559	15 
560	51 
561	85 
562	69 
563	80 
564	86 
565	63 
566	32 
567	14 
568	6 
569	33 
570	28 
571	60 
572	78 
573	2 
574	23 
575	61 
576	42 
577	78 
578	91 
579	74 
580	54 
581	41 
582	34 
583	63 
584	81 
585	19 
586	3 
587	63 
588	15 
589	71 
590	33 
591	93 
592	17 
593	61 
594	74 
595	6 
596	86 
597	86 
598	57 
599	17 
600	32 
601	49 
602	34 
603	18 
604	78 
605	83 
606	31 
607	60 
608	20 
609	17 
610	59 
611	66 
612	50 
613	7 
614	96 
615	42 
616	79 
617	63 
618	3 
619	33 
620	54 
621	61 
622	54 
623	47 
624	11 
625	46 
626	79 
627	78 
628	36 
629	23 
630	72 
631	78 
632	68 
633	85 
634	37 
635	7 
636	84 
637	49 
638	14 
639	7 
640	23 
641	24 
642	64 
643	49 
644	74 
645	23 
646	80 
647	69 
648	49 
649	17 
650	6 
651	78 
652	65 
653	98 
654	34 
655	24 
656	30 
657	82 
658	65 
659	24 
660	78 
661	14 
662	59 
663	80 
664	74 
665	31 
666	62 
667	28 
668	23 
669	34 
670	63 
671	11 
672	13 
673	77 
674	84 
675	33 
676	80 
677	2 
678	4 
679	75 
680	64 
681	62 
682	75 
683	64 
684	56 
685	69 
686	7 
687	36 
688	14 
689	7 
690	5 
691	74 
692	35 
693	67 
694	31 
695	93 
696	35 
697	12 
698	1 
699	33 
700	25 
701	98 
702	5 
703	33 
704	22 
705	74 
706	93 
707	8 
708	27 
709	79 
710	39 
711	80 
712	74 
713	75 
714	97 
715	41 
716	27 
717	40 
718	49 
719	44 
720	57 
721	41 
722	8 
723	23 
724	7 
725	82 
726	4 
727	90 
728	58 
729	1 
730	61 
731	74 
732	71 
733	89 
734	24 
735	13 
736	64 
737	91 
738	11 
739	44 
740	76 
741	50 
742	93 
743	83 
744	7 
745	90 
746	84 
747	79 
748	26 
749	95 
750	22 
751	80 
752	96 
753	78 
754	31 
755	57 
756	80 
757	34 
758	29 
759	47 
760	26 
761	53 
762	70 
763	7 
764	69 
765	27 
766	16 
767	74 
768	9 
769	75 
770	37 
771	99 
772	26 
773	57 
774	30 
775	30 
776	77 
777	21 
778	54 
779	82 
780	98 
781	66 
782	22 
783	11 
784	98 
785	57 
786	32 
787	65 
788	50 
789	16 
790	72 
791	51 
792	46 
793	14 
794	35 
795	82 
796	1 
797	75 
798	49 
799	31 
800	57 
801	1 
802	53 
803	75 
804	37 
805	45 
806	30 
807	74 
808	79 
809	41 
810	94 
811	90 
812	25 
813	59 
814	97 
815	6 
816	42 
817	24 
818	5 
819	82 
820	39 
821	37 
822	91 
823	68 
824	1 
825	92 
826	23 
827	11 
828	30 
829	1 
830	70 
831	24 
832	24 
833	18 
834	94 
835	100 
836	78 
837	54 
838	25 
839	28 
840	94 
841	11 
842	7 
843	25 
844	3 
845	71 
846	14 
847	45 
848	23 
849	26 
850	68 
851	79 
852	46 
853	8 
854	65 
855	87 
856	37 
857	83 
858	46 
859	86 
860	5 
861	74 
862	16 
863	17 
864	35 
865	49 
866	83 
867	5 
868	8 
869	46 
870	62 
871	1 
872	83 
873	34 
874	8 
875	77 
876	70 
877	84 
878	26 
879	100 
880	63 
881	85 
882	43 
883	27 
884	7 
885	44 
886	96 
887	77 
888	36 
889	63 
890	23 
891	36 
892	72 
893	11 
894	77 
895	51 
896	100 
897	79 
898	83 
899	47 
900	32 
901	97 
902	68 
903	15 
904	1 
905	1 
906	64 
907	61 
908	17 
909	41 
910	23 
911	41 
912	97 
913	15 
914	30 
915	44 
916	74 
917	76 
918	86 
919	14 
920	80 
921	32 
922	87 
923	36 
924	58 
925	79 
926	23 
927	51 
928	58 
929	84 
930	52 
931	15 
932	78 
933	17 
934	5 
935	75 
936	1 
937	68 
938	91 
939	37 
940	68 
941	63 
942	54 
943	19 
944	36 
945	78 
946	17 
947	74 
948	98 
949	35 
950	15 
951	46 
952	63 
953	88 
954	14 
955	18 
956	85 
957	6 
958	23 
959	31 
960	10 
961	61 
962	96 
963	90 
964	61 
965	58 
966	83 
967	77 
968	46 
969	41 
970	30 
971	58 
972	30 
973	47 
974	2 
975	26 
976	24 
977	8 
978	46 
979	99 
980	50 
981	72 
982	9 
983	18 
984	61 
985	25 
986	56 
987	44 
988	35 
989	74 
990	44 
991	63 
992	64 
993	24 
994	37 
995	50 
996	94 
997	1 
998	79 
999	97 
1000	85 
1001	44 
1002	13 
1003	11 
1004	35 
1005	8 
1006	84 
1007	15 
1008	58 
1009	85 
1010	52 
1011	65 
1012	93 
1013	20 
1014	50 
1015	88 
1016	66 
1017	84 
1018	66 
1019	82 
1020	27 
1021	51 
1022	77 
1023	96 
1024	5 
1025	45 
1026	15 
1027	25 
1028	98 
1029	68 
1030	1 
1031	45 
1032	12 
1033	85 
1034	54 
1035	36 
1036	86 
1037	78 
1038	46 
1039	24 
1040	49 
1041	13 
1042	49 
1043	49 
1044	8 
1045	54 
1046	61 
1047	93 
1048	58 
1049	95 
1050	80 
1051	47 
1052	82 
1053	79 
1054	6 
1055	76 
1056	49 
1057	44 
1058	10 
1059	78 
1060	69 
1061	16 
1062	97 
1063	57 
1064	86 
1065	11 
1066	76 
1067	31 
1068	37 
1069	29 
1070	40 
1071	14 
1072	41 
1073	37 
1074	18 
1075	33 
1076	84 
1077	25 
1078	27 
1079	26 
1080	6 
1081	23 
1082	85 
1083	84 
1084	84 
1085	13 
1086	84 
1087	49 
1088	31 
1089	97 
1090	17 
1091	76 
1092	16 
1093	13 
1094	41 
1095	89 
1096	95 
1097	81 
1098	95 
1099	90 
1100	68 
1101	44 
1102	31 
1103	41 
1104	77 
1105	15 
1106	99 
1107	44 
1108	47 
1109	89 
1110	76 
1111	45 
1112	74 
1113	86 
1114	11 
1115	7 
1116	31 
1117	27 
1118	69 
1119	76 
1120	9 
1121	36 
1122	46 
1123	76 
1124	68 
1125	53 
1126	5 
1127	58 
1128	78 
1129	78 
1130	34 
1131	23 
1132	44 
1133	55 
1134	14 
1135	66 
1136	97 
1137	19 
1138	79 
1139	78 
1140	80 
1141	41 
1142	63 
1143	46 
1144	83 
1145	31 
1146	86 
1147	20 
1148	34 
1149	33 
1150	77 
1151	17 
1152	70 
1153	77 
1154	28 
1155	21 
1156	16 
1157	26 
1158	21 
1159	84 
1160	16 
1161	27 
1162	99 
1163	79 
1164	41 
1165	15 
1166	89 
1167	89 
1168	84 
1169	31 
1170	49 
1171	74 
1172	50 
1173	17 
1174	39 
1175	31 
1176	79 
1177	6 
1178	85 
1179	50 
1180	89 
1181	93 
1182	36 
1183	81 
1184	67 
1185	69 
1186	38 
1187	80 
1188	29 
1189	50 
1190	60 
1191	34 
1192	63 
1193	83 
1194	50 
1195	63 
1196	58 
1197	28 
1198	99 
1199	17 
1200	56 
1201	85 
1202	20 
1203	62 
1204	54 
1205	50 
1206	92 
1207	89 
1208	40 
1209	73 
1210	43 
1211	98 
1212	51 
1213	25 
1214	34 
1215	85 
1216	86 
1217	63 
1218	79 
1219	76 
1220	84 
1221	98 
1222	14 
1223	61 
1224	37 
1225	17 
1226	13 
1227	31 
1228	95 
1229	20 
1230	11 
1231	38 
1232	3 
1233	44 
1234	63 
1235	4 
1236	65 
1237	49 
1238	90 
1239	86 
1240	98 
1241	89 
1242	41 
1243	4 
1244	89 
1245	69 
1246	64 
1247	31 
1248	85 
1249	69 
1250	41 
1251	1 
1252	36 
1253	54 
1254	57 
1255	83 
1256	54 
1257	97 
1258	57 
1259	86 
1260	55 
1261	54 
1262	44 
1263	35 
1264	94 
1265	38 
1266	47 
1267	70 
1268	24 
1269	98 
1270	44 
1271	45 
1272	44 
1273	1 
1274	69 
1275	16 
1276	84 
1277	52 
1278	63 
1279	93 
1280	45 
1281	99 
1282	83 
1283	23 
1284	25 
1285	80 
1286	97 
1287	88 
1288	25 
1289	6 
1290	99 
1291	64 
1292	11 
1293	76 
1294	34 
1295	69 
1296	86 
1297	51 
1298	81 
1299	61 
1300	20 
1301	7 
1302	12 
1303	31 
1304	36 
1305	1 
1306	86 
1307	31 
1308	65 
1309	89 
1310	18 
1311	4 
1312	56 
1313	64 
1314	2 
1315	44 
1316	24 
1317	18 
1318	78 
1319	78 
1320	25 
1321	47 
1322	56 
1323	79 
1324	54 
1325	7 
1326	7 
1327	11 
1328	36 
1329	64 
1330	97 
1331	24 
1332	89 
1333	3 
1334	1 
1335	87 
1336	24 
1337	77 
1338	75 
1339	71 
1340	50 
1341	66 
1342	98 
1343	94 
1344	25 
1345	7 
1346	50 
1347	27 
1348	27 
1349	65 
1350	19 
1351	62 
1352	96 
1353	85 
1354	79 
1355	33 
1356	37 
1357	50 
1358	76 
1359	45 
1360	34 
1361	41 
1362	83 
1363	11 
1364	62 
1365	21 
1366	17 
1367	1 
1368	27 
1369	25 
1370	57 
1371	77 
1372	30 
1373	100 
1374	65 
1375	35 
1376	27 
1377	72 
1378	29 
1379	22 
1380	63 
1381	11 
1382	81 
1383	83 
1384	96 
1385	45 
1386	16 
1387	86 
1388	78 
1389	1 
1390	87 
1391	74 
1392	23 
1393	30 
1394	83 
1395	23 
1396	74 
1397	54 
1398	63 
1399	41 
1400	27 
1401	79 
1402	61 
1403	78 
1404	25 
1405	59 
1406	48 
1407	13 
1408	80 
1409	31 
1410	64 
1411	86 
1412	89 
1413	64 
1414	32 
1415	94 
1416	16 
1417	83 
1418	63 
1419	97 
1420	1 
1421	98 
1422	15 
1423	30 
1424	82 
1425	28 
1426	69 
1427	67 
1428	46 
1429	45 
1430	50 
1431	90 
1432	79 
1433	50 
1434	69 
1435	47 
1436	98 
1437	24 
1438	39 
1439	46 
1440	28 
1441	69 
1442	33 
1443	79 
1444	24 
1445	4 
1446	14 
1447	47 
1448	90 
1449	50 
1450	78 
1451	57 
1452	42 
1453	23 
1454	3 
1455	86 
1456	21 
1457	65 
1458	37 
1459	45 
1460	1 
1461	1 
1462	7 
1463	36 
1464	31 
1465	45 
1466	60 
1467	9 
1468	39 
1469	3 
1470	83 
1471	16 
1472	57 
1473	87 
1474	44 
1475	83 
1476	98 
1477	97 
1478	91 
1479	84 
1480	21 
1481	45 
1482	55 
1483	72 
1484	55 
1485	78 
1486	59 
1487	28 
1488	61 
1489	14 
1490	64 
1491	91 
1492	28 
1493	66 
1494	60 
1495	5 
1496	13 
1497	55 
1498	58 
1499	34 
1500	26 
1501	12 
1502	81 
1503	54 
1504	85 
1505	4 
1506	40 
1507	5 
1508	8 
1509	15 
1510	81 
1511	70 
1512	66 
1513	64 
1514	25 
1515	54 
1516	44 
1517	49 
1518	55 
1519	85 
1520	76 
1521	17 
1522	94 
1523	54 
1524	98 
1525	99 
1526	58 
1527	66 
1528	16 
1529	83 
1530	13 
1531	22 
1532	26 
1533	79 
1534	20 
1535	93 
1536	22 
1537	36 
1538	79 
1539	28 
1540	17 
1541	55 
1542	27 
1543	84 
1544	7 
1545	50 
1546	99 
1547	16 
1548	6 
1549	44 
1550	43 
1551	7 
1552	98 
1553	83 
1554	72 
1555	4 
1556	84 
1557	54 
1558	94 
1559	13 
1560	34 
1561	25 
1562	51 
1563	86 
1564	46 
1565	10 
1566	86 
1567	11 
1568	14 
1569	9 
1570	73 
1571	97 
1572	42 
1573	65 
1574	41 
1575	4 
1576	57 
1577	65 
1578	69 
1579	67 
1580	60 
1581	92 
1582	79 
1583	91 
1584	26 
1585	23 
1586	90 
1587	41 
1588	13 
1589	94 
1590	34 
1591	55 
1592	43 
1593	89 
1594	69 
1595	69 
1596	45 
1597	6 
1598	6 
1599	96 
1600	69 
1601	89 
1602	96 
1603	49 
1604	99 
1605	89 
1606	44 
1607	62 
1608	83 
1609	2 
1610	64 
1611	17 
1612	16 
1613	53 
1614	79 
1615	93 
1616	71 
1617	52 
1618	41 
1619	3 
1620	57 
1621	55 
1622	6 
1623	31 
1624	11 
1625	84 
1626	54 
1627	44 
1628	74 
1629	37 
1630	29 
1631	37 
1632	84 
1633	40 
1634	85 
1635	90 
1636	83 
1637	37 
1638	83 
1639	99 
1640	62 
1641	67 
1642	75 
1643	66 
1644	36 
1645	15 
1646	57 
1647	89 
1648	32 
1649	85 
1650	71 
1651	86 
1652	16 
1653	95 
1654	50 
1655	19 
1656	47 
1657	35 
1658	7 
1659	64 
1660	83 
1661	72 
1662	73 
1663	33 
1664	1 
1665	66 
1666	50 
1667	2 
1668	1 
1669	92 
1670	15 
1671	67 
1672	31 
1673	21 
1674	66 
1675	48 
1676	11 
1677	63 
1678	18 
1679	69 
1680	31 
1681	94 
1682	49 
1683	53 
1684	83 
1685	60 
1686	83 
1687	91 
1688	89 
1689	36 
1690	6 
1691	74 
1692	60 
1693	14 
1694	23 
1695	54 
1696	32 
1697	96 
1698	98 
1699	65 
1700	48 
1701	16 
1702	43 
1703	23 
1704	55 
1705	78 
1706	86 
1707	8 
1708	97 
1709	100 
1710	26 
1711	65 
1712	90 
1713	27 
1714	76 
1715	44 
1716	41 
1717	11 
1718	75 
1719	46 
1720	95 
1721	86 
1722	76 
1723	26 
1724	64 
1725	1 
1726	17 
1727	96 
1728	45 
1729	69 
1730	14 
1731	31 
1732	44 
1733	86 
1734	75 
1735	2 
1736	47 
1737	54 
1738	74 
1739	86 
1740	25 
1741	51 
1742	65 
1743	36 
1744	44 
1745	74 
1746	83 
1747	31 
1748	13 
1749	54 
1750	60 
1751	23 
1752	76 
1753	63 
1754	55 
1755	91 
1756	5 
1757	42 
1758	3 
1759	44 
1760	80 
1761	67 
1762	50 
1763	2 
1764	77 
1765	66 
1766	15 
1767	85 
1768	21 
1769	32 
1770	26 
1771	63 
1772	78 
1773	82 
1774	23 
1775	58 
1776	13 
1777	78 
1778	96 
1779	1 
1780	14 
1781	6 
1782	23 
1783	21 
1784	89 
1785	35 
1786	86 
1787	11 
1788	74 
1789	65 
1790	9 
1791	61 
1792	83 
1793	67 
1794	95 
1795	1 
1796	30 
1797	72 
1798	56 
1799	51 
1800	80 
1801	86 
1802	81 
1803	41 
1804	42 
1805	32 
1806	71 
1807	22 
1808	91 
1809	78 
1810	15 
1811	23 
1812	79 
1813	80 
1814	47 
1815	45 
1816	80 
1817	94 
1818	26 
1819	31 
1820	53 
1821	80 
1822	30 
1823	98 
1824	84 
1825	30 
1826	41 
1827	55 
1828	31 
1829	98 
1830	76 
1831	44 
1832	95 
1833	37 
1834	51 
1835	86 
1836	97 
1837	14 
1838	80 
1839	22 
1840	20 
1841	30 
1842	59 
1843	85 
1844	98 
1845	88 
1846	31 
1847	46 
1848	23 
1849	47 
1850	97 
1851	89 
1852	81 
1853	35 
1854	23 
1855	93 
1856	18 
1857	23 
1858	50 
1859	97 
1860	52 
1861	89 
1862	67 
1863	89 
1864	64 
1865	27 
1866	83 
1867	10 
1868	37 
1869	34 
1870	63 
1871	74 
1872	51 
1873	74 
1874	13 
1875	77 
1876	49 
1877	97 
1878	69 
1879	10 
1880	78 
1881	69 
1882	97 
1883	65 
1884	87 
1885	89 
1886	17 
1887	45 
1888	99 
1889	24 
1890	13 
1891	63 
1892	72 
1893	9 
1894	37 
1895	77 
1896	95 
1897	79 
1898	50 
1899	49 
1900	20 
1901	67 
1902	24 
1903	50 
1904	2 
1905	69 
1906	49 
1907	32 
1908	76 
1909	99 
1910	72 
1911	44 
1912	70 
1913	10 
1914	5 
1915	27 
1916	81 
1917	89 
1918	77 
1919	24 
1920	69 
1921	65 
1922	17 
1923	86 
1924	63 
1925	30 
1926	50 
1927	2 
1928	84 
1929	34 
1930	25 
1931	13 
1932	54 
1933	3 
1934	32 
1935	80 
1936	22 
1937	84 
1938	34 
1939	46 
1940	34 
1941	49 
1942	65 
1943	81 
1944	24 
1945	92 
1946	63 
1947	95 
1948	6 
1949	11 
1950	5 
1951	61 
1952	79 
1953	11 
1954	77 
1955	80 
1956	94 
1957	60 
1958	44 
1959	49 
1960	98 
1961	15 
1962	33 
1963	38 
1964	70 
1965	3 
1966	21 
1967	55 
1968	26 
1969	85 
1970	49 
1971	84 
1972	17 
1973	40 
1974	62 
1975	31 
1976	44 
1977	99 
1978	3 
1979	30 
1980	8 
1981	11 
1982	34 
1983	51 
1984	68 
1985	45 
1986	34 
1987	80 
1988	8 
1989	63 
1990	63 
1991	21 
1992	76 
1993	45 
1994	49 
1995	79 
1996	20 
1997	99 
1998	8 
1999	44 
2000	90 
2001	34 
2002	23 
2003	34 
2004	84 
2005	80 
2006	50 
2007	26 
2008	75 
2009	100 
2010	17 
2011	79 
2012	63 
2013	16 
2014	60 
2015	39 
2016	38 
2017	48 
2018	86 
2019	15 
2020	98 
2021	80 
2022	31 
2023	56 
2024	74 
2025	79 
2026	93 
2027	31 
2028	9 
2029	5 
2030	29 
2031	21 
2032	21 
2033	78 
2034	60 
2035	36 
2036	69 
2037	89 
2038	7 
2039	80 
2040	57 
2041	79 
2042	57 
2043	21 
2044	87 
2045	44 
2046	6 
2047	90 
2048	24 
2049	53 
2050	66 
2051	51 
2052	46 
2053	85 
2054	68 
2055	60 
2056	100 
2057	65 
2058	63 
2059	24 
2060	21 
2061	84 
2062	55 
2063	74 
2064	69 
2065	79 
2066	41 
2067	22 
2068	98 
2069	68 
2070	86 
2071	61 
2072	64 
2073	5 
2074	5 
2075	83 
2076	11 
2077	15 
2078	26 
2079	46 
2080	99 
2081	89 
2082	98 
2083	27 
2084	74 
2085	6 
2086	57 
2087	83 
2088	6 
2089	90 
2090	48 
2091	77 
2092	8 
2093	76 
2094	7 
2095	80 
2096	40 
2097	84 
2098	16 
2099	72 
2100	90 
2101	46 
2102	11 
2103	65 
2104	27 
2105	38 
2106	37 
2107	44 
2108	37 
2109	7 
2110	35 
2111	33 
2112	10 
2113	60 
2114	26 
2115	20 
2116	13 
2117	50 
2118	30 
2119	76 
2120	41 
2121	40 
2122	16 
2123	1 
2124	49 
2125	46 
2126	65 
2127	48 
2128	55 
2129	80 
2130	63 
2131	45 
2132	85 
2133	85 
2134	55 
2135	67 
2136	88 
2137	46 
2138	64 
2139	43 
2140	63 
2141	17 
2142	44 
2143	24 
2144	31 
2145	14 
2146	67 
2147	81 
2148	27 
2149	78 
2150	80 
2151	54 
2152	58 
2153	55 
2154	34 
2155	54 
2156	51 
2157	22 
2158	72 
2159	74 
2160	68 
2161	41 
2162	61 
2163	68 
2164	75 
2165	96 
2166	79 
2167	4 
2168	63 
2169	31 
2170	36 
2171	92 
2172	60 
2173	49 
2174	36 
2175	64 
2176	15 
2177	8 
2178	99 
2179	1 
2180	97 
2181	1 
2182	57 
2183	67 
2184	33 
2185	67 
2186	9 
2187	36 
2188	57 
2189	54 
2190	94 
2191	63 
2192	37 
2193	8 
2194	86 
2195	9 
2196	12 
2197	63 
2198	72 
2199	95 
2200	62 
2201	98 
2202	93 
2203	35 
2204	27 
2205	34 
2206	58 
2207	16 
2208	93 
2209	37 
2210	60 
2211	70 
2212	93 
2213	86 
2214	1 
2215	45 
2216	32 
2217	60 
2218	44 
2219	1 
2220	89 
2221	1 
2222	27 
2223	75 
2224	73 
2225	46 
2226	81 
2227	8 
2228	75 
2229	77 
2230	73 
2231	95 
2232	25 
2233	7 
2234	89 
2235	32 
2236	54 
2237	5 
2238	86 
2239	15 
2240	37 
2241	33 
2242	22 
2243	50 
2244	15 
2245	11 
2246	84 
2247	72 
2248	89 
2249	3 
2250	92 
2251	51 
2252	75 
2253	11 
2254	19 
2255	83 
2256	49 
2257	19 
2258	28 
2259	7 
2260	76 
2261	20 
2262	1 
2263	8 
2264	74 
2265	26 
2266	6 
2267	51 
2268	25 
2269	48 
2270	11 
2271	14 
2272	11 
2273	80 
2274	86 
2275	24 
2276	34 
2277	84 
2278	99 
2279	84 
2280	79 
2281	74 
2282	11 
2283	23 
2284	86 
2285	19 
2286	63 
2287	75 
2288	49 
2289	77 
2290	84 
2291	23 
2292	48 
2293	13 
2294	44 
2295	54 
2296	50 
2297	60 
2298	80 
2299	93 
2300	41 
2301	37 
2302	99 
2303	30 
2304	88 
2305	42 
2306	13 
2307	54 
2308	6 
2309	50 
2310	76 
2311	64 
2312	26 
2313	76 
2314	58 
2315	66 
2316	35 
2317	46 
2318	97 
2319	13 
2320	42 
2321	84 
2322	10 
2323	90 
2324	15 
2325	43 
2326	64 
2327	36 
2328	83 
2329	6 
2330	49 
2331	46 
2332	50 
2333	36 
2334	97 
2335	64 
2336	47 
2337	4 
2338	3 
2339	8 
2340	74 
2341	90 
2342	18 
2343	24 
2344	41 
2345	70 
2346	38 
2347	96 
2348	45 
2349	84 
2350	34 
2351	68 
2352	6 
2353	35 
2354	5 
2355	3 
2356	97 
2357	38 
2358	72 
2359	58 
2360	64 
2361	79 
2362	31 
2363	74 
2364	41 
2365	16 
2366	36 
2367	15 
2368	10 
2369	97 
2370	27 
2371	97 
2372	16 
2373	7 
2374	54 
2375	5 
2376	39 
2377	57 
2378	60 
2379	43 
2380	12 
2381	12 
2382	50 
2383	15 
2384	86 
2385	66 
2386	90 
2387	40 
2388	81 
2389	32 
2390	30 
2391	61 
2392	26 
2393	5 
2394	35 
2395	63 
2396	42 
2397	56 
2398	59 
2399	16 
2400	77 
2401	69 
2402	63 
2403	13 
2404	42 
2405	76 
2406	36 
2407	86 
2408	57 
2409	31 
2410	24 
2411	3 
2412	18 
2413	62 
2414	51 
2415	6 
2416	12 
2417	63 
2418	75 
2419	72 
2420	34 
2421	13 
2422	31 
2423	11 
2424	15 
2425	80 
2426	17 
2427	34 
2428	13 
2429	23 
2430	31 
2431	24 
2432	86 
2433	19 
2434	83 
2435	76 
2436	6 
2437	79 
2438	72 
2439	67 
2440	98 
2441	17 
2442	34 
2443	41 
2444	23 
2445	17 
2446	86 
2447	20 
2448	4 
2449	83 
2450	25 
2451	86 
2452	8 
2453	2 
2454	54 
2455	41 
2456	49 
2457	24 
2458	3 
2459	57 
2460	17 
2461	13 
2462	62 
2463	72 
2464	88 
2465	67 
2466	89 
2467	77 
2468	46 
2469	18 
2470	79 
2471	89 
2472	78 
2473	1 
2474	11 
2475	11 
2476	51 
2477	50 
2478	73 
2479	24 
2480	100 
2481	45 
2482	14 
2483	33 
2484	25 
2485	77 
2486	81 
2487	16 
2488	25 
2489	46 
2490	42 
2491	56 
2492	64 
2493	41 
2494	3 
2495	71 
2496	41 
2497	14 
2498	36 
2499	15 
2500	68 
2501	6 
2502	49 
2503	87 
2504	8 
2505	71 
2506	5 
2507	79 
2508	76 
2509	36 
2510	92 
2511	69 
2512	23 
2513	46 
2514	77 
2515	67 
2516	10 
2517	18 
2518	44 
2519	86 
2520	17 
2521	14 
2522	67 
2523	62 
2524	100 
2525	54 
2526	41 
2527	65 
2528	15 
2529	77 
2530	56 
2531	36 
2532	26 
2533	41 
2534	47 
2535	94 
2536	40 
2537	69 
2538	57 
2539	80 
2540	99 
2541	30 
2542	7 
2543	37 
2544	20 
2545	75 
2546	76 
2547	3 
2548	13 
2549	43 
2550	78 
2551	77 
2552	89 
2553	63 
2554	46 
2555	26 
2556	1 
2557	11 
2558	14 
2559	2 
2560	34 
2561	30 
2562	17 
2563	57 
2564	36 
2565	29 
2566	64 
2567	77 
2568	69 
2569	91 
2570	27 
2571	79 
2572	94 
2573	39 
2574	98 
2575	75 
2576	49 
2577	68 
2578	86 
2579	97 
2580	31 
2581	26 
2582	83 
2583	86 
2584	17 
2585	80 
2586	6 
2587	23 
2588	47 
2589	90 
2590	99 
2591	4 
2592	15 
2593	41 
2594	79 
2595	1 
2596	11 
2597	31 
2598	51 
2599	34 
2600	78 
2601	78 
2602	11 
2603	8 
2604	6 
2605	57 
2606	99 
2607	89 
2608	16 
2609	87 
2610	63 
2611	23 
2612	64 
2613	35 
2614	49 
2615	89 
2616	45 
2617	43 
2618	5 
2619	88 
2620	33 
2621	23 
2622	25 
2623	49 
2624	13 
2625	2 
2626	27 
2627	35 
2628	85 
2629	67 
2630	44 
2631	86 
2632	21 
2633	36 
2634	86 
2635	67 
2636	50 
2637	3 
2638	35 
2639	11 
2640	89 
2641	55 
2642	6 
2643	10 
2644	98 
2645	38 
2646	3 
2647	36 
2648	95 
2649	29 
2650	58 
2651	10 
2652	25 
2653	69 
2654	82 
2655	72 
2656	11 
2657	53 
2658	74 
2659	11 
2660	45 
2661	76 
2662	47 
2663	1 
2664	36 
2665	35 
2666	63 
2667	80 
2668	57 
2669	46 
2670	36 
2671	23 
2672	11 
2673	23 
2674	92 
2675	40 
2676	49 
2677	36 
2678	49 
2679	15 
2680	69 
2681	47 
2682	85 
2683	41 
2684	96 
2685	41 
2686	100 
2687	50 
2688	47 
2689	67 
2690	74 
2691	53 
2692	51 
2693	78 
2694	49 
2695	72 
2696	83 
2697	67 
2698	36 
2699	75 
2700	89 
2701	44 
2702	44 
2703	22 
2704	13 
2705	63 
2706	46 
2707	5 
2708	49 
2709	16 
2710	44 
2711	78 
2712	89 
2713	74 
2714	44 
2715	25 
2716	15 
2717	35 
2718	93 
2719	17 
2720	95 
2721	96 
2722	64 
2723	41 
2724	2 
2725	17 
2726	69 
2727	19 
2728	46 
2729	89 
2730	37 
2731	50 
2732	2 
2733	30 
2734	68 
2735	89 
2736	13 
2737	17 
2738	86 
2739	36 
2740	50 
2741	97 
2742	41 
2743	12 
2744	52 
2745	97 
2746	41 
2747	79 
2748	75 
2749	15 
2750	15 
2751	23 
2752	34 
2753	98 
2754	50 
2755	79 
2756	50 
2757	79 
2758	87 
2759	24 
2760	69 
2761	40 
2762	69 
2763	15 
2764	54 
2765	4 
2766	83 
2767	73 
2768	11 
2769	75 
2770	71 
2771	76 
2772	35 
2773	41 
2774	78 
2775	50 
2776	80 
2777	7 
2778	2 
2779	63 
2780	63 
2781	10 
2782	23 
2783	90 
2784	11 
2785	94 
2786	86 
2787	72 
2788	83 
2789	69 
2790	78 
2791	24 
2792	42 
2793	48 
2794	70 
2795	98 
2796	30 
2797	55 
2798	34 
2799	19 
2800	43 
2801	26 
2802	49 
2803	80 
2804	36 
2805	16 
2806	49 
2807	34 
2808	63 
2809	31 
2810	81 
2811	69 
2812	7 
2813	40 
2814	97 
2815	85 
2816	37 
2817	61 
2818	83 
2819	98 
2820	11 
2821	24 
2822	25 
2823	86 
2824	87 
2825	28 
2826	32 
2827	80 
2828	59 
2829	17 
2830	99 
2831	25 
2832	61 
2833	23 
2834	23 
2835	88 
2836	12 
2837	31 
2838	24 
2839	69 
2840	24 
2841	79 
2842	20 
2843	63 
2844	76 
2845	67 
2846	80 
2847	32 
2848	37 
2849	24 
2850	79 
2851	89 
2852	72 
2853	83 
2854	19 
2855	55 
2856	73 
2857	49 
2858	86 
2859	12 
2860	60 
2861	97 
2862	30 
2863	86 
2864	11 
2865	75 
2866	61 
2867	44 
2868	60 
2869	21 
2870	83 
2871	95 
2872	34 
2873	86 
2874	83 
2875	25 
2876	17 
2877	35 
2878	61 
2879	63 
2880	4 
2881	58 
2882	65 
2883	16 
2884	7 
2885	20 
2886	89 
2887	22 
2888	11 
2889	25 
2890	51 
2891	31 
2892	97 
2893	26 
2894	60 
2895	76 
2896	50 
2897	74 
2898	73 
2899	98 
2900	1 
2901	65 
2902	67 
2903	11 
2904	36 
2905	37 
2906	50 
2907	41 
2908	75 
2909	95 
2910	89 
2911	31 
2912	27 
2913	13 
2914	18 
2915	81 
2916	72 
2917	4 
2918	97 
2919	95 
2920	51 
2921	31 
2922	86 
2923	39 
2924	11 
2925	83 
2926	80 
2927	84 
2928	36 
2929	45 
2930	79 
2931	100 
2932	69 
2933	45 
2934	85 
2935	29 
2936	33 
2937	80 
2938	23 
2939	1 
2940	5 
2941	78 
2942	98 
2943	23 
2944	47 
2945	44 
2946	25 
2947	74 
2948	34 
2949	3 
2950	7 
2951	17 
2952	23 
2953	37 
2954	71 
2955	70 
2956	6 
2957	41 
2958	36 
2959	51 
2960	85 
2961	36 
2962	17 
2963	94 
2964	89 
2965	92 
2966	31 
2967	14 
2968	43 
2969	7 
2970	11 
2971	33 
2972	97 
2973	60 
2974	80 
2975	99 
2976	15 
2977	83 
2978	61 
2979	58 
2980	54 
2981	26 
2982	37 
2983	54 
2984	99 
2985	12 
2986	26 
2987	5 
2988	4 
2989	83 
2990	69 
2991	25 
2992	84 
2993	34 
2994	50 
2995	20 
2996	86 
2997	52 
2998	68 
2999	28 
3000	72 
3001	40 
3002	3 
3003	96 
3004	37 
3005	22 
3006	23 
3007	1 
3008	16 
3009	39 
3010	79 
3011	5 
3012	40 
3013	5 
3014	53 
3015	23 
3016	8 
3017	59 
3018	64 
3019	23 
3020	49 
3021	85 
3022	76 
3023	57 
3024	23 
3025	80 
3026	33 
3027	67 
3028	24 
3029	100 
3030	5 
3031	86 
3032	62 
3033	51 
3034	65 
3035	54 
3036	85 
3037	31 
3038	63 
3039	44 
3040	80 
3041	55 
3042	35 
3043	72 
3044	64 
3045	35 
3046	73 
3047	27 
3048	2 
3049	26 
3050	96 
3051	88 
3052	46 
3053	83 
3054	83 
3055	11 
3056	79 
3057	83 
3058	36 
3059	18 
3060	94 
3061	63 
3062	67 
3063	7 
3064	49 
3065	77 
3066	80 
3067	73 
3068	50 
3069	77 
3070	13 
3071	35 
3072	72 
3073	62 
3074	34 
3075	52 
3076	89 
3077	10 
3078	11 
3079	65 
3080	26 
3081	80 
3082	91 
3083	51 
3084	25 
3085	47 
3086	64 
3087	37 
3088	94 
3089	63 
3090	77 
3091	27 
3092	89 
3093	34 
3094	75 
3095	80 
3096	65 
3097	13 
3098	80 
3099	84 
3100	33 
3101	28 
3102	60 
3103	41 
3104	72 
3105	55 
3106	27 
3107	67 
3108	45 
3109	31 
3110	92 
3111	44 
3112	17 
3113	23 
3114	47 
3115	99 
3116	51 
3117	35 
3118	25 
3119	94 
3120	43 
3121	31 
3122	64 
3123	44 
3124	41 
3125	73 
3126	25 
3127	1 
3128	44 
3129	60 
3130	37 
3131	67 
3132	59 
3133	74 
3134	39 
3135	29 
3136	63 
3137	3 
3138	97 
3139	44 
3140	14 
3141	46 
3142	31 
3143	23 
3144	68 
3145	75 
3146	61 
3147	49 
3148	9 
3149	45 
3150	56 
3151	51 
3152	39 
3153	74 
3154	72 
3155	91 
3156	17 
3157	16 
3158	14 
3159	86 
3160	96 
3161	11 
3162	6 
3163	38 
3164	78 
3165	8 
3166	15 
3167	48 
3168	15 
3169	63 
3170	4 
3171	3 
3172	74 
3173	94 
3174	41 
3175	98 
3176	50 
3177	74 
3178	14 
3179	20 
3180	90 
3181	76 
3182	44 
3183	1 
3184	34 
3185	80 
3186	13 
3187	69 
3188	23 
3189	19 
3190	98 
3191	64 
3192	17 
3193	36 
3194	45 
3195	14 
3196	89 
3197	59 
3198	81 
3199	90 
3200	14 
3201	64 
3202	49 
3203	53 
3204	8 
3205	98 
3206	40 
3207	6 
3208	57 
3209	79 
3210	49 
3211	1 
3212	45 
3213	34 
3214	3 
3215	29 
3216	84 
3217	30 
3218	49 
3219	74 
3220	80 
3221	74 
3222	97 
3223	20 
3224	49 
3225	16 
3226	40 
3227	58 
3228	50 
3229	100 
3230	79 
3231	98 
3232	30 
3233	31 
3234	85 
3235	84 
3236	36 
3237	98 
3238	64 
3239	9 
3240	34 
3241	74 
3242	45 
3243	55 
3244	69 
3245	50 
3246	76 
3247	85 
3248	54 
3249	16 
3250	47 
3251	28 
3252	84 
3253	1 
3254	54 
3255	92 
3256	65 
3257	3 
3258	34 
3259	68 
3260	73 
3261	55 
3262	45 
3263	36 
3264	37 
3265	44 
3266	51 
3267	61 
3268	74 
3269	90 
3270	95 
3271	48 
3272	11 
3273	34 
3274	59 
3275	56 
3276	36 
3277	1 
3278	84 
3279	23 
3280	14 
3281	17 
3282	51 
3283	12 
3284	54 
3285	37 
3286	74 
3287	8 
3288	86 
3289	85 
3290	25 
3291	64 
3292	49 
3293	13 
3294	61 
3295	84 
3296	49 
3297	62 
3298	51 
3299	54 
3300	47 
3301	7 
3302	7 
3303	44 
3304	37 
3305	26 
3306	45 
3307	31 
3308	54 
3309	83 
3310	85 
3311	41 
3312	49 
3313	36 
3314	14 
3315	96 
3316	13 
3317	93 
3318	64 
3319	26 
3320	23 
3321	84 
3322	78 
3323	61 
3324	75 
3325	80 
3326	20 
3327	10 
3328	1 
3329	89 
3330	83 
3331	23 
3332	90 
3333	31 
3334	8 
3335	79 
3336	79 
3337	38 
3338	46 
3339	83 
3340	2 
3341	74 
3342	74 
3343	68 
3344	54 
3345	11 
3346	80 
3347	36 
3348	1 
3349	49 
3350	32 
3351	81 
3352	90 
3353	49 
3354	54 
3355	62 
3356	53 
3357	56 
3358	1 
3359	87 
3360	84 
3361	90 
3362	46 
3363	59 
3364	9 
3365	19 
3366	17 
3367	63 
3368	44 
3369	41 
3370	4 
3371	98 
3372	51 
3373	97 
3374	95 
3375	33 
3376	49 
3377	49 
3378	86 
3379	96 
3380	63 
3381	30 
3382	63 
3383	41 
3384	71 
3385	11 
3386	7 
3387	88 
3388	11 
3389	78 
3390	10 
3391	62 
3392	34 
3393	57 
3394	36 
3395	79 
3396	30 
3397	65 
3398	32 
3399	18 
3400	91 
3401	7 
3402	27 
3403	23 
3404	19 
3405	17 
3406	78 
3407	53 
3408	98 
3409	50 
3410	66 
3411	16 
3412	2 
3413	81 
3414	36 
3415	94 
3416	25 
3417	95 
3418	17 
3419	1 
3420	4 
3421	54 
3422	5 
3423	65 
3424	76 
3425	71 
3426	34 
3427	30 
3428	90 
3429	7 
3430	27 
3431	18 
3432	92 
3433	80 
3434	9 
3435	31 
3436	74 
3437	64 
3438	97 
3439	93 
3440	93 
3441	74 
3442	58 
3443	23 
3444	76 
3445	33 
3446	76 
3447	64 
3448	77 
3449	50 
3450	21 
3451	63 
3452	25 
3453	65 
3454	87 
3455	10 
3456	75 
3457	74 
3458	30 
3459	78 
3460	5 
3461	41 
3462	66 
3463	83 
3464	79 
3465	78 
3466	77 
3467	50 
3468	18 
3469	60 
3470	83 
3471	6 
3472	36 
3473	17 
3474	16 
3475	61 
3476	37 
3477	63 
3478	82 
3479	64 
3480	47 
3481	74 
3482	52 
3483	31 
3484	74 
3485	89 
3486	79 
3487	15 
3488	35 
3489	35 
3490	84 
3491	60 
3492	71 
3493	37 
3494	74 
3495	24 
3496	79 
3497	82 
3498	18 
3499	92 
3500	45 
3501	97 
3502	86 
3503	26 
3504	54 
3505	57 
3506	63 
3507	78 
3508	18 
3509	64 
3510	59 
3511	96 
3512	35 
3513	90 
3514	23 
3515	49 
3516	16 
3517	3 
3518	21 
3519	34 
3520	84 
3521	15 
3522	37 
3523	7 
3524	1 
3525	74 
3526	78 
3527	55 
3528	27 
3529	54 
3530	23 
3531	11 
3532	1 
3533	46 
3534	23 
3535	41 
3536	88 
3537	15 
3538	7 
3539	6 
3540	29 
3541	24 
3542	74 
3543	65 
3544	90 
3545	31 
3546	78 
3547	3 
3548	78 
3549	76 
3550	4 
3551	33 
3552	31 
3553	41 
3554	66 
3555	16 
3556	8 
3557	53 
3558	41 
3559	13 
3560	37 
3561	38 
3562	83 
3563	1 
3564	23 
3565	44 
3566	66 
3567	18 
3568	41 
3569	93 
3570	77 
3571	23 
3572	36 
3573	49 
3574	76 
3575	40 
3576	61 
3577	80 
3578	27 
3579	5 
3580	80 
3581	39 
3582	16 
3583	77 
3584	84 
3585	74 
3586	24 
3587	45 
3588	31 
3589	64 
3590	77 
3591	75 
3592	85 
3593	61 
3594	14 
3595	44 
3596	11 
3597	79 
3598	14 
3599	73 
3600	25 
3601	3 
3602	53 
3603	32 
3604	13 
3605	50 
3606	90 
3607	89 
3608	60 
3609	91 
3610	31 
3611	81 
3612	70 
3613	20 
3614	34 
3615	86 
3616	86 
3617	83 
3618	18 
3619	41 
3620	57 
3621	24 
3622	19 
3623	57 
3624	71 
3625	82 
3626	27 
3627	78 
3628	50 
3629	5 
3630	74 
3631	31 
3632	5 
3633	54 
3634	48 
3635	64 
3636	74 
3637	36 
3638	99 
3639	55 
3640	68 
3641	1 
3642	64 
3643	83 
3644	27 
3645	92 
3646	67 
3647	23 
3648	3 
3649	24 
3650	24 
3651	88 
3652	76 
3653	98 
3654	23 
3655	100 
3656	79 
3657	99 
3658	67 
3659	1 
3660	98 
3661	2 
3662	80 
3663	7 
3664	36 
3665	5 
3666	79 
3667	50 
3668	44 
3669	89 
3670	1 
3671	89 
3672	58 
3673	78 
3674	74 
3675	78 
3676	80 
3677	13 
3678	37 
3679	9 
3680	99 
3681	13 
3682	76 
3683	16 
3684	6 
3685	57 
3686	50 
3687	98 
3688	86 
3689	89 
3690	90 
3691	24 
3692	34 
3693	2 
3694	14 
3695	26 
3696	91 
3697	58 
3698	44 
3699	34 
3700	98 
3701	41 
3702	85 
3703	30 
3704	64 
3705	1 
3706	17 
3707	54 
3708	50 
3709	3 
3710	89 
3711	79 
3712	91 
3713	70 
3714	78 
3715	21 
3716	64 
3717	97 
3718	63 
3719	28 
3720	22 
3721	54 
3722	3 
3723	7 
3724	84 
3725	87 
3726	98 
3727	94 
3728	80 
3729	83 
3730	82 
3731	26 
3732	55 
3733	33 
3734	85 
3735	58 
3736	57 
3737	27 
3738	99 
3739	11 
3740	85 
3741	72 
3742	22 
3743	65 
3744	92 
3745	48 
3746	80 
3747	76 
3748	20 
3749	7 
3750	100 
3751	7 
3752	60 
3753	42 
3754	69 
3755	30 
3756	54 
3757	21 
3758	65 
3759	56 
3760	27 
3761	36 
3762	79 
3763	65 
3764	95 
3765	46 
3766	26 
3767	97 
3768	15 
3769	83 
3770	86 
3771	95 
3772	82 
3773	35 
3774	45 
3775	6 
3776	29 
3777	97 
3778	61 
3779	37 
3780	33 
3781	49 
3782	34 
3783	41 
3784	34 
3785	58 
3786	75 
3787	79 
3788	28 
3789	64 
3790	40 
3791	19 
3792	49 
3793	3 
3794	25 
3795	80 
3796	48 
3797	98 
3798	11 
3799	20 
3800	79 
3801	17 
3802	37 
3803	22 
3804	60 
3805	47 
3806	84 
3807	40 
3808	40 
3809	1 
3810	69 
3811	44 
3812	11 
3813	86 
3814	25 
3815	78 
3816	78 
3817	16 
3818	76 
3819	74 
3820	1 
3821	42 
3822	16 
3823	15 
3824	83 
3825	61 
3826	89 
3827	33 
3828	97 
3829	27 
3830	48 
3831	84 
3832	26 
3833	39 
3834	28 
3835	78 
3836	1 
3837	42 
3838	64 
3839	61 
3840	17 
3841	24 
3842	1 
3843	50 
3844	32 
3845	59 
3846	13 
3847	64 
3848	31 
3849	26 
3850	55 
3851	74 
3852	80 
3853	69 
3854	46 
3855	16 
3856	27 
3857	63 
3858	65 
3859	63 
3860	74 
3861	98 
3862	11 
3863	45 
3864	37 
3865	1 
3866	83 
3867	96 
3868	58 
3869	66 
3870	30 
3871	6 
3872	90 
3873	24 
3874	65 
3875	63 
3876	6 
3877	49 
3878	5 
3879	50 
3880	62 
3881	5 
3882	78 
3883	54 
3884	65 
3885	20 
3886	19 
3887	97 
3888	83 
3889	15 
3890	75 
3891	11 
3892	41 
3893	30 
3894	79 
3895	27 
3896	25 
3897	80 
3898	1 
3899	98 
3900	95 
3901	12 
3902	41 
3903	20 
3904	77 
3905	67 
3906	53 
3907	38 
3908	25 
3909	31 
3910	42 
3911	49 
3912	83 
3913	66 
3914	69 
3915	6 
3916	98 
3917	81 
3918	35 
3919	49 
3920	41 
3921	84 
3922	81 
3923	66 
3924	37 
3925	98 
3926	9 
3927	34 
3928	47 
3929	49 
3930	22 
3931	44 
3932	25 
3933	32 
3934	51 
3935	61 
3936	93 
3937	36 
3938	31 
3939	63 
3940	47 
3941	48 
3942	86 
3943	67 
3944	17 
3945	97 
3946	73 
3947	79 
3948	79 
3949	58 
3950	21 
3951	31 
3952	17 
3953	57 
3954	80 
3955	84 
3956	30 
3957	86 
3958	34 
3959	78 
3960	93 
3961	58 
3962	76 
3963	23 
3964	26 
3965	86 
3966	19 
3967	86 
3968	84 
3969	72 
3970	50 
3971	69 
3972	86 
3973	85 
3974	40 
3975	95 
3976	37 
3977	78 
3978	40 
3979	40 
3980	16 
3981	87 
3982	32 
3983	8 
3984	11 
3985	71 
3986	61 
3987	41 
3988	78 
3989	29 
3990	57 
3991	24 
3992	89 
3993	97 
3994	80 
3995	16 
3996	13 
3997	75 
3998	35 
3999	29 
4000	46 
4001	30 
4002	75 
4003	84 
4004	47 
4005	44 
4006	67 
4007	41 
4008	50 
4009	65 
4010	2 
4011	46 
4012	74 
4013	54 
4014	24 
4015	2 
4016	58 
4017	38 
4018	64 
4019	86 
4020	89 
4021	37 
4022	50 
4023	4 
4024	57 
4025	63 
4026	82 
4027	37 
4028	77 
4029	93 
4030	76 
4031	96 
4032	64 
4033	66 
4034	65 
4035	6 
4036	3 
4037	17 
4038	46 
4039	89 
4040	84 
4041	83 
4042	52 
4043	20 
4044	15 
4045	77 
4046	28 
4047	10 
4048	23 
4049	46 
4050	38 
4051	13 
4052	96 
4053	33 
4054	70 
4055	60 
4056	44 
4057	36 
4058	17 
4059	79 
4060	52 
4061	63 
4062	23 
4063	34 
4064	48 
4065	83 
4066	94 
4067	94 
4068	31 
4069	11 
4070	32 
4071	18 
4072	63 
4073	22 
4074	97 
4075	44 
4076	95 
4077	55 
4078	66 
4079	74 
4080	98 
4081	46 
4082	91 
4083	49 
4084	26 
4085	43 
4086	93 
4087	5 
4088	98 
4089	59 
4090	97 
4091	20 
4092	50 
4093	99 
4094	20 
4095	58 
4096	41 
4097	49 
4098	90 
4099	46 
4100	32 
4101	12 
4102	85 
4103	30 
4104	36 
4105	27 
4106	72 
4107	80 
4108	96 
4109	84 
4110	7 
4111	31 
4112	11 
4113	14 
4114	16 
4115	29 
4116	86 
4117	34 
4118	36 
4119	98 
4120	31 
4121	52 
4122	74 
4123	4 
4124	65 
4125	99 
4126	18 
4127	31 
4128	36 
4129	8 
4130	75 
4131	29 
4132	16 
4133	28 
4134	63 
4135	56 
4136	14 
4137	33 
4138	34 
4139	81 
4140	8 
4141	2 
4142	31 
4143	88 
4144	33 
4145	85 
4146	26 
4147	96 
4148	65 
4149	65 
4150	92 
4151	34 
4152	27 
4153	98 
4154	25 
4155	44 
4156	37 
4157	81 
4158	37 
4159	83 
4160	41 
4161	69 
4162	86 
4163	21 
4164	75 
4165	57 
4166	23 
4167	85 
4168	14 
4169	37 
4170	65 
4171	40 
4172	25 
4173	45 
4174	47 
4175	85 
4176	31 
4177	11 
4178	14 
4179	80 
4180	54 
4181	49 
4182	89 
4183	49 
4184	80 
4185	55 
4186	11 
4187	65 
4188	85 
4189	97 
4190	31 
4191	62 
4192	61 
4193	20 
4194	17 
4195	86 
4196	30 
4197	78 
4198	23 
4199	45 
4200	3 
4201	4 
4202	44 
4203	80 
4204	50 
4205	34 
4206	81 
4207	75 
4208	8 
4209	57 
4210	60 
4211	54 
4212	62 
4213	38 
4214	69 
4215	24 
4216	17 
4217	86 
4218	44 
4219	50 
4220	36 
4221	67 
4222	31 
4223	93 
4224	49 
4225	65 
4226	90 
4227	89 
4228	89 
4229	8 
4230	63 
4231	67 
4232	78 
4233	17 
4234	44 
4235	18 
4236	89 
4237	6 
4238	24 
4239	99 
4240	55 
4241	23 
4242	89 
4243	78 
4244	54 
4245	33 
4246	63 
4247	51 
4248	76 
4249	30 
4250	13 
4251	71 
4252	31 
4253	67 
4254	55 
4255	96 
4256	81 
4257	88 
4258	16 
4259	97 
4260	49 
4261	3 
4262	84 
4263	98 
4264	50 
4265	6 
4266	100 
4267	84 
4268	79 
4269	28 
4270	15 
4271	5 
4272	96 
4273	11 
4274	45 
4275	4 
4276	79 
4277	31 
4278	98 
4279	66 
4280	8 
4281	50 
4282	26 
4283	13 
4284	76 
4285	83 
4286	13 
4287	37 
4288	17 
4289	35 
4290	61 
4291	65 
4292	32 
4293	31 
4294	44 
4295	48 
4296	83 
4297	1 
4298	99 
4299	84 
4300	29 
4301	69 
4302	41 
4303	21 
4304	48 
4305	76 
4306	73 
4307	90 
4308	5 
4309	24 
4310	44 
4311	57 
4312	38 
4313	76 
4314	3 
4315	84 
4316	85 
4317	95 
4318	43 
4319	64 
4320	72 
4321	77 
4322	31 
4323	1 
4324	100 
4325	64 
4326	45 
4327	2 
4328	78 
4329	42 
4330	43 
4331	74 
4332	69 
4333	8 
4334	42 
4335	28 
4336	52 
4337	3 
4338	33 
4339	76 
4340	97 
4341	92 
4342	79 
4343	60 
4344	6 
4345	77 
4346	44 
4347	65 
4348	81 
4349	88 
4350	63 
4351	69 
4352	83 
4353	68 
4354	57 
4355	54 
4356	13 
4357	78 
4358	98 
4359	20 
4360	94 
4361	21 
4362	5 
4363	28 
4364	37 
4365	20 
4366	41 
4367	46 
4368	88 
4369	33 
4370	82 
4371	17 
4372	34 
4373	64 
4374	58 
4375	40 
4376	86 
4377	44 
4378	61 
4379	89 
4380	41 
4381	24 
4382	33 
4383	54 
4384	6 
4385	20 
4386	20 
4387	26 
4388	3 
4389	55 
4390	78 
4391	49 
4392	80 
4393	45 
4394	79 
4395	82 
4396	89 
4397	30 
4398	64 
4399	8 
4400	60 
4401	87 
4402	83 
4403	74 
4404	97 
4405	14 
4406	21 
4407	99 
4408	97 
4409	75 
4410	7 
4411	19 
4412	89 
4413	37 
4414	41 
4415	89 
4416	54 
4417	90 
4418	69 
4419	77 
4420	62 
4421	74 
4422	2 
4423	13 
4424	37 
4425	7 
4426	55 
4427	72 
4428	19 
4429	36 
4430	76 
4431	6 
4432	97 
4433	32 
4434	60 
4435	57 
4436	44 
4437	31 
4438	60 
4439	23 
4440	17 
4441	94 
4442	82 
4443	65 
4444	43 
4445	81 
4446	50 
4447	12 
4448	26 
4449	6 
4450	83 
4451	60 
4452	65 
4453	11 
4454	79 
4455	44 
4456	75 
4457	99 
4458	85 
4459	36 
4460	55 
4461	26 
4462	11 
4463	78 
4464	41 
4465	99 
4466	76 
4467	77 
4468	69 
4469	74 
4470	7 
4471	79 
4472	90 
4473	46 
4474	6 
4475	11 
4476	10 
4477	30 
4478	54 
4479	63 
4480	66 
4481	81 
4482	14 
4483	35 
4484	50 
4485	84 
4486	71 
4487	58 
4488	7 
4489	89 
4490	8 
4491	47 
4492	99 
4493	27 
4494	49 
4495	79 
4496	21 
4497	84 
4498	7 
4499	60 
4500	66 
4501	86 
4502	61 
4503	78 
4504	8 
4505	23 
4506	14 
4507	65 
4508	82 
4509	59 
4510	92 
4511	45 
4512	79 
4513	40 
4514	63 
4515	62 
4516	64 
4517	89 
4518	68 
4519	8 
4520	34 
4521	75 
4522	42 
4523	84 
4524	84 
4525	98 
4526	23 
4527	25 
4528	27 
4529	69 
4530	79 
4531	31 
4532	74 
4533	65 
4534	16 
4535	96 
4536	45 
4537	31 
4538	44 
4539	11 
4540	63 
4541	76 
4542	51 
4543	21 
4544	62 
4545	90 
4546	18 
4547	76 
4548	64 
4549	30 
4550	72 
4551	36 
4552	13 
4553	63 
4554	55 
4555	55 
4556	86 
4557	84 
4558	90 
4559	26 
4560	35 
4561	30 
4562	82 
4563	37 
4564	20 
4565	80 
4566	78 
4567	99 
4568	12 
4569	57 
4570	7 
4571	69 
4572	3 
4573	55 
4574	97 
4575	13 
4576	94 
4577	21 
4578	14 
4579	11 
4580	16 
4581	12 
4582	65 
4583	98 
4584	79 
4585	54 
4586	11 
4587	1 
4588	41 
4589	94 
4590	24 
4591	90 
4592	37 
4593	34 
4594	37 
4595	90 
4596	97 
4597	92 
4598	74 
4599	24 
4600	41 
4601	24 
4602	41 
4603	15 
4604	48 
4605	44 
4606	13 
4607	31 
4608	54 
4609	54 
4610	100 
4611	55 
4612	89 
4613	45 
4614	1 
4615	21 
4616	34 
4617	96 
4618	7 
4619	18 
4620	79 
4621	41 
4622	5 
4623	9 
4624	94 
4625	23 
4626	52 
4627	16 
4628	20 
4629	55 
4630	83 
4631	97 
4632	54 
4633	26 
4634	76 
4635	86 
4636	79 
4637	10 
4638	6 
4639	85 
4640	56 
4641	50 
4642	86 
4643	64 
4644	32 
4645	21 
4646	7 
4647	85 
4648	4 
4649	46 
4650	79 
4651	1 
4652	6 
4653	15 
4654	64 
4655	72 
4656	63 
4657	11 
4658	45 
4659	76 
4660	43 
4661	84 
4662	54 
4663	3 
4664	47 
4665	41 
4666	36 
4667	85 
4668	35 
4669	80 
4670	40 
4671	57 
4672	1 
4673	41 
4674	54 
4675	37 
4676	79 
4677	27 
4678	84 
4679	69 
4680	83 
4681	10 
4682	28 
4683	64 
4684	23 
4685	32 
4686	64 
4687	49 
4688	97 
4689	96 
4690	23 
4691	11 
4692	86 
4693	45 
4694	94 
4695	90 
4696	11 
4697	77 
4698	63 
4699	37 
4700	90 
4701	54 
4702	6 
4703	15 
4704	49 
4705	17 
4706	15 
4707	63 
4708	64 
4709	18 
4710	41 
4711	45 
4712	61 
4713	97 
4714	6 
4715	86 
4716	7 
4717	59 
4718	11 
4719	49 
4720	51 
4721	45 
4722	58 
4723	53 
4724	15 
4725	74 
4726	80 
4727	34 
4728	81 
4729	38 
4730	17 
4731	71 
4732	23 
4733	49 
4734	87 
4735	85 
4736	25 
4737	13 
4738	46 
4739	44 
4740	33 
4741	34 
4742	20 
4743	49 
4744	63 
4745	16 
4746	24 
4747	91 
4748	62 
4749	3 
4750	74 
4751	64 
4752	98 
4753	84 
4754	75 
4755	60 
4756	41 
4757	41 
4758	31 
4759	34 
4760	52 
4761	82 
4762	64 
4763	83 
4764	44 
4765	97 
4766	71 
4767	23 
4768	40 
4769	38 
4770	1 
4771	41 
4772	78 
4773	31 
4774	14 
4775	99 
4776	56 
4777	98 
4778	49 
4779	72 
4780	44 
4781	63 
4782	2 
4783	90 
4784	86 
4785	55 
4786	80 
4787	78 
4788	75 
4789	84 
4790	23 
4791	21 
4792	68 
4793	89 
4794	88 
4795	63 
4796	84 
4797	44 
4798	6 
4799	9 
4800	63 
4801	89 
4802	49 
4803	5 
4804	52 
4805	60 
4806	14 
4807	44 
4808	41 
4809	11 
4810	26 
4811	46 
4812	35 
4813	15 
4814	10 
4815	62 
4816	44 
4817	3 
4818	97 
4819	80 
4820	7 
4821	27 
4822	34 
4823	13 
4824	7 
4825	70 
4826	78 
4827	35 
4828	6 
4829	50 
4830	30 
4831	41 
4832	83 
4833	72 
4834	96 
4835	17 
4836	1 
4837	54 
4838	74 
4839	79 
4840	69 
4841	3 
4842	59 
4843	53 
4844	74 
4845	16 
4846	63 
4847	84 
4848	15 
4849	17 
4850	97 
4851	16 
4852	84 
4853	93 
4854	88 
4855	97 
4856	20 
4857	78 
4858	68 
4859	84 
4860	68 
4861	40 
4862	94 
4863	98 
4864	23 
4865	23 
4866	3 
4867	57 
4868	98 
4869	57 
4870	61 
4871	13 
4872	16 
4873	58 
4874	94 
4875	85 
4876	44 
4877	60 
4878	97 
4879	30 
4880	69 
4881	16 
4882	74 
4883	80 
4884	68 
4885	25 
4886	27 
4887	23 
4888	77 
4889	44 
4890	60 
4891	49 
4892	60 
4893	31 
4894	9 
4895	54 
4896	74 
4897	46 
4898	17 
4899	72 
4900	63 
4901	41 
4902	74 
4903	1 
4904	8 
4905	29 
4906	31 
4907	64 
4908	17 
4909	11 
4910	47 
4911	50 
4912	61 
4913	45 
4914	79 
4915	72 
4916	27 
4917	69 
4918	11 
4919	69 
4920	84 
4921	98 
4922	20 
4923	49 
4924	33 
4925	86 
4926	11 
4927	94 
4928	44 
4929	23 
4930	36 
4931	41 
4932	80 
4933	25 
4934	7 
4935	76 
4936	89 
4937	31 
4938	34 
4939	63 
4940	98 
4941	70 
4942	55 
4943	23 
4944	50 
4945	25 
4946	49 
4947	77 
4948	80 
4949	68 
4950	20 
4951	64 
4952	78 
4953	10 
4954	69 
4955	29 
4956	7 
4957	89 
4958	85 
4959	26 
4960	96 
4961	93 
4962	31 
4963	43 
4964	45 
4965	89 
4966	30 
4967	34 
4968	23 
4969	96 
4970	74 
4971	79 
4972	17 
4973	45 
4974	17 
4975	14 
4976	63 
4977	28 
4978	44 
4979	63 
4980	56 
4981	6 
4982	25 
4983	77 
4984	14 
4985	84 
4986	14 
4987	77 
4988	89 
4989	91 
4990	80 
4991	97 
4992	58 
4993	87 
4994	31 
4995	98 
4996	50 
4997	79 
4998	37 
4999	44 
5000	63 
