1	47 
2	79 
3	86 
4	21 
5	56 
6	67 
7	23 
8	84 
9	56 
10	32 
11	52 
12	54 
13	50 
14	21 
15	83 
16	84 
17	76 
18	97 
19	72 
20	88 
21	18 
22	51 
23	34 
24	26 
25	90 
26	54 
27	23 
28	72 
29	52 
30	85 
31	89 
32	11 
33	59 
34	59 
35	33 
36	39 
37	41 
38	9 
39	97 
40	99 
41	1 
42	82 
43	3 
44	5 
45	38 
46	46 
47	13 
48	50 
49	16 
50	55 
51	38 
52	92 
53	56 
54	56 
55	51 
56	30 
57	69 
58	33 
59	94 
60	34 
61	58 
62	95 
63	41 
64	94 
65	35 
66	9 
67	46 
68	7 
69	17 
70	16 
71	71 
72	96 
73	35 
74	28 
75	16 
76	59 
77	84 
78	33 
79	52 
80	1 
81	88 
82	34 
83	9 
84	1 
85	63 
86	28 
87	53 
88	79 
89	6 
90	92 
91	89 
92	41 
93	11 
94	10 
95	59 
96	72 
97	66 
98	91 
99	33 
100	13 
101	22 
102	53 
103	27 
104	6 
105	7 
106	92 
107	49 
108	29 
109	100 
110	59 
111	3 
112	99 
113	11 
114	90 
115	95 
116	9 
117	97 
118	93 
119	23 
120	32 
121	9 
122	92 
123	22 
124	83 
125	47 
126	54 
127	87 
128	16 
129	67 
130	19 
131	9 
132	27 
133	91 
134	13 
135	27 
136	75 
137	14 
138	1 
139	28 
140	7 
141	90 
142	23 
143	76 
144	61 
145	45 
146	22 
147	90 
148	96 
149	27 
150	85 
151	52 
152	66 
153	91 
154	50 
155	49 
156	7 
157	93 
158	94 
159	11 
160	7 
161	2 
162	58 
163	86 
164	9 
165	74 
166	91 
167	51 
168	92 
169	29 
170	79 
171	34 
172	52 
173	39 
174	74 
175	98 
176	91 
177	99 
178	58 
179	1 
180	33 
181	41 
182	9 
183	36 
184	97 
185	73 
186	72 
187	45 
188	82 
189	95 
190	67 
191	3 
192	50 
193	59 
194	47 
195	21 
196	60 
197	95 
198	98 
199	97 
200	21 
201	50 
202	69 
203	46 
204	12 
205	9 
206	18 
207	29 
208	3 
209	71 
210	49 
211	92 
212	23 
213	94 
214	19 
215	23 
216	57 
217	18 
218	59 
219	88 
220	72 
221	49 
222	90 
223	47 
224	84 
225	80 
226	57 
227	12 
228	34 
229	49 
230	13 
231	72 
232	58 
233	85 
234	86 
235	67 
236	82 
237	97 
238	4 
239	81 
240	48 
241	92 
242	48 
243	93 
244	7 
245	21 
246	17 
247	84 
248	66 
249	22 
250	3 
251	63 
252	62 
253	30 
254	44 
255	93 
256	53 
257	92 
258	76 
259	76 
260	41 
261	14 
262	100 
263	9 
264	56 
265	97 
266	14 
267	97 
268	59 
269	84 
270	84 
271	61 
272	87 
273	27 
274	19 
275	92 
276	90 
277	19 
278	79 
279	58 
280	44 
281	10 
282	58 
283	57 
284	51 
285	69 
286	29 
287	29 
288	35 
289	11 
290	95 
291	89 
292	68 
293	96 
294	94 
295	94 
296	22 
297	59 
298	22 
299	61 
300	7 
301	28 
302	38 
303	76 
304	40 
305	99 
306	95 
307	35 
308	18 
309	40 
310	61 
311	71 
312	73 
313	99 
314	86 
315	69 
316	63 
317	43 
318	5 
319	2 
320	21 
321	62 
322	57 
323	78 
324	37 
325	66 
326	40 
327	24 
328	43 
329	94 
330	7 
331	76 
332	58 
333	82 
334	86 
335	7 
336	65 
337	67 
338	67 
339	58 
340	14 
341	94 
342	65 
343	37 
344	25 
345	58 
346	69 
347	27 
348	84 
349	12 
350	4 
351	37 
352	91 
353	79 
354	9 
355	66 
356	51 
357	11 
358	66 
359	46 
360	23 
361	29 
362	92 
363	90 
364	36 
365	95 
366	25 
367	27 
368	22 
369	94 
370	74 
371	55 
372	7 
373	61 
374	61 
375	3 
376	73 
377	3 
378	53 
379	90 
380	48 
381	37 
382	86 
383	89 
384	23 
385	79 
386	86 
387	23 
388	62 
389	80 
390	64 
391	63 
392	40 
393	7 
394	67 
395	50 
396	21 
397	96 
398	92 
399	18 
400	53 
401	5 
402	29 
403	58 
404	59 
405	43 
406	67 
407	67 
408	91 
409	7 
410	51 
411	34 
412	28 
413	59 
414	3 
415	91 
416	27 
417	78 
418	14 
419	4 
420	49 
421	57 
422	59 
423	94 
424	88 
425	34 
426	23 
427	33 
428	38 
429	92 
430	11 
431	27 
432	22 
433	84 
434	42 
435	14 
436	58 
437	26 
438	55 
439	3 
440	65 
441	24 
442	68 
443	59 
444	25 
445	7 
446	94 
447	90 
448	46 
449	58 
450	49 
451	53 
452	85 
453	62 
454	11 
455	95 
456	51 
457	92 
458	76 
459	96 
460	61 
461	41 
462	66 
463	14 
464	62 
465	58 
466	43 
467	52 
468	89 
469	9 
470	96 
471	57 
472	27 
473	18 
474	59 
475	29 
476	14 
477	84 
478	67 
479	99 
480	98 
481	41 
482	21 
483	89 
484	92 
485	24 
486	59 
487	97 
488	39 
489	48 
490	55 
491	57 
492	68 
493	92 
494	92 
495	7 
496	17 
497	57 
498	49 
499	67 
500	59 
501	57 
502	27 
503	40 
504	27 
505	88 
506	6 
507	19 
508	87 
509	56 
510	28 
511	13 
512	42 
513	21 
514	70 
515	64 
516	45 
517	58 
518	53 
519	78 
520	84 
521	63 
522	89 
523	87 
524	86 
525	20 
526	19 
527	23 
528	21 
529	32 
530	33 
531	49 
532	5 
533	78 
534	91 
535	92 
536	59 
537	59 
538	7 
539	28 
540	48 
541	20 
542	94 
543	9 
544	90 
545	44 
546	89 
547	84 
548	9 
549	7 
550	21 
551	27 
552	3 
553	54 
554	85 
555	45 
556	44 
557	48 
558	44 
559	92 
560	58 
561	36 
562	37 
563	95 
564	92 
565	15 
566	37 
567	49 
568	1 
569	98 
570	36 
571	90 
572	55 
573	83 
574	47 
575	6 
576	81 
577	53 
578	19 
579	43 
580	7 
581	87 
582	17 
583	59 
584	40 
585	27 
586	62 
587	11 
588	35 
589	25 
590	60 
591	53 
592	35 
593	92 
594	21 
595	86 
596	36 
597	11 
598	24 
599	31 
600	37 
601	72 
602	21 
603	1 
604	27 
605	38 
606	76 
607	7 
608	42 
609	30 
610	47 
611	87 
612	13 
613	14 
614	61 
615	93 
616	27 
617	13 
618	9 
619	21 
620	14 
621	7 
622	23 
623	95 
624	31 
625	34 
626	62 
627	1 
628	48 
629	27 
630	71 
631	58 
632	78 
633	25 
634	88 
635	7 
636	17 
637	52 
638	29 
639	89 
640	58 
641	53 
642	83 
643	53 
644	21 
645	49 
646	91 
647	90 
648	39 
649	19 
650	61 
651	97 
652	28 
653	33 
654	85 
655	25 
656	19 
657	9 
658	8 
659	46 
660	33 
661	59 
662	84 
663	70 
664	89 
665	57 
666	67 
667	15 
668	58 
669	52 
670	54 
671	86 
672	43 
673	31 
674	2 
675	41 
676	76 
677	34 
678	89 
679	58 
680	40 
681	7 
682	9 
683	33 
684	84 
685	21 
686	70 
687	3 
688	28 
689	28 
690	81 
691	53 
692	95 
693	13 
694	92 
695	30 
696	28 
697	9 
698	92 
699	48 
700	14 
701	18 
702	82 
703	9 
704	58 
705	44 
706	20 
707	83 
708	53 
709	22 
710	59 
711	64 
712	55 
713	92 
714	46 
715	63 
716	49 
717	13 
718	1 
719	24 
720	65 
721	76 
722	41 
723	21 
724	74 
725	7 
726	90 
727	74 
728	84 
729	11 
730	25 
731	58 
732	66 
733	61 
734	5 
735	89 
736	76 
737	19 
738	84 
739	25 
740	52 
741	21 
742	70 
743	38 
744	27 
745	13 
746	21 
747	80 
748	59 
749	58 
750	61 
751	6 
752	62 
753	24 
754	3 
755	79 
756	23 
757	11 
758	59 
759	3 
760	7 
761	33 
762	1 
763	25 
764	58 
765	52 
766	74 
767	95 
768	97 
769	22 
770	38 
771	75 
772	60 
773	91 
774	71 
775	44 
776	83 
777	95 
778	60 
779	27 
780	71 
781	69 
782	59 
783	82 
784	82 
785	76 
786	25 
787	71 
788	37 
789	61 
790	28 
791	61 
792	14 
793	14 
794	76 
795	62 
796	56 
797	43 
798	38 
799	63 
800	11 
801	37 
802	23 
803	89 
804	48 
805	9 
806	32 
807	93 
808	82 
809	14 
810	20 
811	97 
812	5 
813	18 
814	9 
815	86 
816	25 
817	1 
818	100 
819	43 
820	52 
821	59 
822	43 
823	41 
824	46 
825	99 
826	61 
827	27 
828	56 
829	40 
830	68 
831	72 
832	17 
833	66 
834	71 
835	19 
836	63 
837	6 
838	97 
839	6 
840	49 
841	78 
842	86 
843	76 
844	28 
845	27 
846	84 
847	86 
848	24 
849	41 
850	28 
851	4 
852	23 
853	31 
854	52 
855	25 
856	33 
857	28 
858	52 
859	28 
860	81 
861	61 
862	95 
863	7 
864	89 
865	37 
866	61 
867	43 
868	25 
869	81 
870	64 
871	6 
872	70 
873	94 
874	89 
875	94 
876	97 
877	59 
878	25 
879	80 
880	16 
881	8 
882	60 
883	56 
884	31 
885	88 
886	44 
887	22 
888	29 
889	23 
890	18 
891	29 
892	7 
893	33 
894	39 
895	91 
896	23 
897	81 
898	52 
899	74 
900	99 
901	33 
902	40 
903	77 
904	13 
905	64 
906	7 
907	86 
908	7 
909	37 
910	90 
911	22 
912	11 
913	18 
914	2 
915	19 
916	84 
917	3 
918	33 
919	21 
920	92 
921	9 
922	17 
923	1 
924	58 
925	38 
926	97 
927	77 
928	7 
929	31 
930	37 
931	28 
932	10 
933	21 
934	19 
935	61 
936	1 
937	76 
938	36 
939	40 
940	27 
941	66 
942	100 
943	86 
944	12 
945	43 
946	73 
947	41 
948	37 
949	3 
950	37 
951	8 
952	76 
953	72 
954	85 
955	50 
956	90 
957	67 
958	50 
959	25 
960	53 
961	66 
962	52 
963	90 
964	76 
965	62 
966	84 
967	21 
968	14 
969	2 
970	92 
971	94 
972	53 
973	17 
974	39 
975	8 
976	11 
977	29 
978	92 
979	50 
980	86 
981	84 
982	72 
983	58 
984	90 
985	41 
986	11 
987	79 
988	20 
989	77 
990	35 
991	38 
992	90 
993	34 
994	52 
995	54 
996	31 
997	89 
998	7 
999	41 
1000	7 
1001	52 
1002	98 
1003	100 
1004	19 
1005	60 
1006	84 
1007	53 
1008	42 
1009	97 
1010	49 
1011	58 
1012	97 
1013	63 
1014	69 
1015	90 
1016	29 
1017	95 
1018	84 
1019	63 
1020	77 
1021	76 
1022	19 
1023	67 
1024	10 
1025	51 
1026	75 
1027	89 
1028	66 
1029	60 
1030	71 
1031	49 
1032	3 
1033	73 
1034	46 
1035	3 
1036	95 
1037	29 
1038	4 
1039	17 
1040	40 
1041	87 
1042	79 
1043	19 
1044	41 
1045	19 
1046	2 
1047	11 
1048	28 
1049	46 
1050	42 
1051	54 
1052	1 
1053	43 
1054	22 
1055	55 
1056	79 
1057	92 
1058	60 
1059	16 
1060	96 
1061	18 
1062	19 
1063	71 
1064	13 
1065	80 
1066	41 
1067	79 
1068	89 
1069	26 
1070	58 
1071	19 
1072	53 
1073	69 
1074	33 
1075	11 
1076	42 
1077	42 
1078	14 
1079	75 
1080	86 
1081	43 
1082	11 
1083	2 
1084	91 
1085	55 
1086	97 
1087	91 
1088	72 
1089	92 
1090	3 
1091	75 
1092	63 
1093	97 
1094	63 
1095	55 
1096	40 
1097	9 
1098	32 
1099	67 
1100	94 
1101	10 
1102	16 
1103	61 
1104	69 
1105	28 
1106	25 
1107	55 
1108	49 
1109	90 
1110	92 
1111	23 
1112	37 
1113	21 
1114	14 
1115	84 
1116	91 
1117	63 
1118	71 
1119	91 
1120	49 
1121	6 
1122	64 
1123	96 
1124	17 
1125	19 
1126	25 
1127	4 
1128	49 
1129	19 
1130	57 
1131	72 
1132	27 
1133	90 
1134	11 
1135	44 
1136	63 
1137	50 
1138	49 
1139	27 
1140	17 
1141	49 
1142	63 
1143	45 
1144	58 
1145	9 
1146	92 
1147	49 
1148	61 
1149	72 
1150	33 
1151	51 
1152	58 
1153	13 
1154	94 
1155	92 
1156	26 
1157	11 
1158	4 
1159	19 
1160	61 
1161	14 
1162	89 
1163	29 
1164	31 
1165	59 
1166	50 
1167	74 
1168	34 
1169	96 
1170	78 
1171	99 
1172	80 
1173	30 
1174	79 
1175	80 
1176	92 
1177	97 
1178	18 
1179	84 
1180	53 
1181	3 
1182	59 
1183	28 
1184	35 
1185	52 
1186	23 
1187	92 
1188	18 
1189	81 
1190	42 
1191	52 
1192	81 
1193	90 
1194	77 
1195	60 
1196	17 
1197	89 
1198	68 
1199	76 
1200	80 
1201	38 
1202	13 
1203	99 
1204	49 
1205	10 
1206	18 
1207	59 
1208	79 
1209	21 
1210	9 
1211	63 
1212	54 
1213	29 
1214	14 
1215	50 
1216	3 
1217	97 
1218	51 
1219	61 
1220	23 
1221	86 
1222	38 
1223	1 
1224	53 
1225	33 
1226	79 
1227	42 
1228	42 
1229	14 
1230	89 
1231	28 
1232	89 
1233	13 
1234	31 
1235	85 
1236	56 
1237	34 
1238	9 
1239	23 
1240	66 
1241	34 
1242	43 
1243	99 
1244	14 
1245	11 
1246	59 
1247	10 
1248	62 
1249	17 
1250	84 
1251	9 
1252	6 
1253	25 
1254	97 
1255	82 
1256	53 
1257	58 
1258	7 
1259	61 
1260	25 
1261	81 
1262	51 
1263	5 
1264	64 
1265	94 
1266	44 
1267	49 
1268	83 
1269	89 
1270	89 
1271	11 
1272	61 
1273	76 
1274	19 
1275	6 
1276	34 
1277	19 
1278	79 
1279	69 
1280	54 
1281	64 
1282	58 
1283	84 
1284	23 
1285	93 
1286	7 
1287	91 
1288	5 
1289	36 
1290	68 
1291	16 
1292	94 
1293	88 
1294	52 
1295	49 
1296	80 
1297	54 
1298	6 
1299	66 
1300	65 
1301	92 
1302	99 
1303	59 
1304	5 
1305	45 
1306	75 
1307	39 
1308	100 
1309	58 
1310	35 
1311	95 
1312	49 
1313	92 
1314	84 
1315	75 
1316	14 
1317	97 
1318	92 
1319	23 
1320	10 
1321	87 
1322	36 
1323	67 
1324	61 
1325	16 
1326	54 
1327	2 
1328	94 
1329	13 
1330	38 
1331	96 
1332	67 
1333	23 
1334	23 
1335	25 
1336	32 
1337	29 
1338	13 
1339	60 
1340	55 
1341	56 
1342	94 
1343	38 
1344	65 
1345	42 
1346	9 
1347	71 
1348	97 
1349	31 
1350	8 
1351	68 
1352	84 
1353	10 
1354	28 
1355	88 
1356	89 
1357	61 
1358	89 
1359	77 
1360	9 
1361	52 
1362	36 
1363	45 
1364	19 
1365	78 
1366	90 
1367	17 
1368	97 
1369	57 
1370	51 
1371	53 
1372	10 
1373	19 
1374	56 
1375	91 
1376	90 
1377	44 
1378	1 
1379	42 
1380	49 
1381	3 
1382	57 
1383	76 
1384	18 
1385	27 
1386	59 
1387	11 
1388	50 
1389	41 
1390	95 
1391	13 
1392	50 
1393	28 
1394	89 
1395	23 
1396	23 
1397	40 
1398	37 
1399	22 
1400	7 
1401	21 
1402	44 
1403	59 
1404	26 
1405	31 
1406	9 
1407	21 
1408	34 
1409	14 
1410	51 
1411	62 
1412	82 
1413	26 
1414	14 
1415	27 
1416	28 
1417	54 
1418	16 
1419	9 
1420	49 
1421	12 
1422	16 
1423	9 
1424	51 
1425	30 
1426	84 
1427	54 
1428	26 
1429	79 
1430	27 
1431	68 
1432	79 
1433	73 
1434	84 
1435	61 
1436	94 
1437	57 
1438	19 
1439	14 
1440	10 
1441	49 
1442	9 
1443	86 
1444	76 
1445	53 
1446	41 
1447	100 
1448	95 
1449	34 
1450	13 
1451	23 
1452	91 
1453	21 
1454	58 
1455	11 
1456	31 
1457	9 
1458	53 
1459	23 
1460	50 
1461	55 
1462	20 
1463	38 
1464	3 
1465	25 
1466	98 
1467	13 
1468	61 
1469	24 
1470	81 
1471	93 
1472	45 
1473	78 
1474	30 
1475	53 
1476	61 
1477	82 
1478	88 
1479	90 
1480	5 
1481	34 
1482	82 
1483	2 
1484	98 
1485	71 
1486	33 
1487	92 
1488	50 
1489	91 
1490	99 
1491	72 
1492	80 
1493	96 
1494	7 
1495	55 
1496	49 
1497	89 
1498	11 
1499	21 
1500	61 
1501	83 
1502	43 
1503	29 
1504	44 
1505	64 
1506	15 
1507	98 
1508	33 
1509	73 
1510	69 
1511	51 
1512	49 
1513	88 
1514	26 
1515	10 
1516	59 
1517	93 
1518	43 
1519	25 
1520	59 
1521	96 
1522	71 
1523	28 
1524	70 
1525	1 
1526	58 
1527	91 
1528	41 
1529	13 
1530	92 
1531	3 
1532	26 
1533	37 
1534	24 
1535	24 
1536	90 
1537	3 
1538	3 
1539	55 
1540	3 
1541	58 
1542	65 
1543	66 
1544	3 
1545	63 
1546	65 
1547	58 
1548	97 
1549	49 
1550	3 
1551	43 
1552	89 
1553	23 
1554	37 
1555	70 
1556	94 
1557	90 
1558	90 
1559	42 
1560	52 
1561	91 
1562	38 
1563	66 
1564	74 
1565	62 
1566	6 
1567	49 
1568	59 
1569	88 
1570	1 
1571	52 
1572	24 
1573	78 
1574	64 
1575	55 
1576	63 
1577	63 
1578	38 
1579	41 
1580	11 
1581	20 
1582	24 
1583	52 
1584	26 
1585	11 
1586	14 
1587	55 
1588	15 
1589	14 
1590	12 
1591	8 
1592	29 
1593	49 
1594	97 
1595	56 
1596	17 
1597	7 
1598	19 
1599	16 
1600	9 
1601	36 
1602	46 
1603	82 
1604	94 
1605	59 
1606	61 
1607	36 
1608	97 
1609	92 
1610	68 
1611	81 
1612	13 
1613	50 
1614	72 
1615	54 
1616	3 
1617	84 
1618	48 
1619	12 
1620	82 
1621	59 
1622	44 
1623	75 
1624	32 
1625	18 
1626	11 
1627	69 
1628	52 
1629	24 
1630	92 
1631	69 
1632	11 
1633	20 
1634	25 
1635	58 
1636	28 
1637	76 
1638	89 
1639	69 
1640	71 
1641	63 
1642	88 
1643	7 
1644	1 
1645	37 
1646	85 
1647	59 
1648	42 
1649	50 
1650	81 
1651	58 
1652	62 
1653	94 
1654	28 
1655	97 
1656	94 
1657	23 
1658	6 
1659	38 
1660	57 
1661	52 
1662	95 
1663	19 
1664	21 
1665	75 
1666	37 
1667	94 
1668	71 
1669	58 
1670	52 
1671	36 
1672	42 
1673	69 
1674	88 
1675	100 
1676	76 
1677	5 
1678	92 
1679	22 
1680	53 
1681	66 
1682	81 
1683	100 
1684	97 
1685	90 
1686	80 
1687	31 
1688	86 
1689	13 
1690	2 
1691	89 
1692	3 
1693	73 
1694	63 
1695	42 
1696	20 
1697	63 
1698	35 
1699	7 
1700	3 
1701	9 
1702	58 
1703	71 
1704	82 
1705	39 
1706	69 
1707	9 
1708	7 
1709	34 
1710	22 
1711	18 
1712	1 
1713	32 
1714	30 
1715	3 
1716	52 
1717	32 
1718	51 
1719	72 
1720	56 
1721	22 
1722	41 
1723	58 
1724	58 
1725	68 
1726	53 
1727	76 
1728	5 
1729	27 
1730	35 
1731	32 
1732	3 
1733	91 
1734	19 
1735	34 
1736	19 
1737	56 
1738	55 
1739	49 
1740	11 
1741	23 
1742	40 
1743	1 
1744	3 
1745	71 
1746	9 
1747	9 
1748	92 
1749	22 
1750	92 
1751	86 
1752	20 
1753	18 
1754	70 
1755	6 
1756	30 
1757	70 
1758	3 
1759	63 
1760	41 
1761	24 
1762	96 
1763	84 
1764	53 
1765	83 
1766	22 
1767	98 
1768	97 
1769	64 
1770	84 
1771	36 
1772	92 
1773	78 
1774	21 
1775	97 
1776	23 
1777	25 
1778	99 
1779	16 
1780	94 
1781	92 
1782	88 
1783	57 
1784	22 
1785	40 
1786	71 
1787	58 
1788	28 
1789	23 
1790	87 
1791	49 
1792	42 
1793	71 
1794	89 
1795	62 
1796	55 
1797	83 
1798	11 
1799	85 
1800	9 
1801	49 
1802	93 
1803	8 
1804	58 
1805	56 
1806	82 
1807	43 
1808	24 
1809	22 
1810	91 
1811	62 
1812	58 
1813	6 
1814	53 
1815	52 
1816	58 
1817	41 
1818	16 
1819	34 
1820	67 
1821	97 
1822	66 
1823	25 
1824	97 
1825	19 
1826	58 
1827	77 
1828	76 
1829	27 
1830	23 
1831	45 
1832	82 
1833	94 
1834	37 
1835	4 
1836	25 
1837	84 
1838	94 
1839	91 
1840	82 
1841	14 
1842	100 
1843	83 
1844	25 
1845	7 
1846	23 
1847	95 
1848	57 
1849	39 
1850	60 
1851	53 
1852	11 
1853	56 
1854	67 
1855	39 
1856	3 
1857	1 
1858	22 
1859	78 
1860	95 
1861	81 
1862	27 
1863	40 
1864	20 
1865	83 
1866	84 
1867	11 
1868	19 
1869	83 
1870	72 
1871	72 
1872	89 
1873	66 
1874	34 
1875	67 
1876	18 
1877	61 
1878	66 
1879	81 
1880	57 
1881	84 
1882	25 
1883	18 
1884	25 
1885	23 
1886	90 
1887	92 
1888	42 
1889	65 
1890	23 
1891	18 
1892	5 
1893	60 
1894	58 
1895	72 
1896	21 
1897	92 
1898	31 
1899	3 
1900	2 
1901	80 
1902	66 
1903	95 
1904	70 
1905	43 
1906	84 
1907	17 
1908	84 
1909	17 
1910	42 
1911	13 
1912	38 
1913	97 
1914	83 
1915	85 
1916	6 
1917	31 
1918	43 
1919	15 
1920	35 
1921	95 
1922	23 
1923	74 
1924	42 
1925	95 
1926	92 
1927	84 
1928	14 
1929	12 
1930	19 
1931	38 
1932	25 
1933	81 
1934	93 
1935	4 
1936	84 
1937	31 
1938	63 
1939	4 
1940	19 
1941	52 
1942	87 
1943	42 
1944	82 
1945	76 
1946	26 
1947	67 
1948	24 
1949	43 
1950	52 
1951	38 
1952	68 
1953	34 
1954	3 
1955	54 
1956	66 
1957	9 
1958	21 
1959	18 
1960	58 
1961	14 
1962	34 
1963	1 
1964	76 
1965	61 
1966	66 
1967	22 
1968	34 
1969	83 
1970	95 
1971	63 
1972	42 
1973	92 
1974	37 
1975	92 
1976	43 
1977	28 
1978	46 
1979	89 
1980	49 
1981	89 
1982	65 
1983	42 
1984	79 
1985	78 
1986	26 
1987	1 
1988	73 
1989	51 
1990	5 
1991	36 
1992	67 
1993	97 
1994	76 
1995	65 
1996	71 
1997	8 
1998	1 
1999	52 
2000	64 
2001	75 
2002	94 
2003	89 
2004	8 
2005	35 
2006	66 
2007	78 
2008	83 
2009	69 
2010	11 
2011	20 
2012	99 
2013	59 
2014	14 
2015	32 
2016	11 
2017	29 
2018	96 
2019	88 
2020	81 
2021	54 
2022	76 
2023	62 
2024	86 
2025	76 
2026	14 
2027	58 
2028	82 
2029	58 
2030	2 
2031	3 
2032	52 
2033	50 
2034	49 
2035	26 
2036	23 
2037	90 
2038	78 
2039	96 
2040	45 
2041	91 
2042	24 
2043	88 
2044	21 
2045	84 
2046	22 
2047	85 
2048	95 
2049	78 
2050	80 
2051	81 
2052	59 
2053	53 
2054	76 
2055	23 
2056	9 
2057	89 
2058	39 
2059	68 
2060	95 
2061	43 
2062	62 
2063	51 
2064	67 
2065	35 
2066	96 
2067	77 
2068	19 
2069	36 
2070	58 
2071	44 
2072	25 
2073	59 
2074	27 
2075	68 
2076	15 
2077	23 
2078	45 
2079	29 
2080	91 
2081	31 
2082	53 
2083	33 
2084	40 
2085	8 
2086	6 
2087	95 
2088	14 
2089	37 
2090	76 
2091	4 
2092	88 
2093	25 
2094	7 
2095	76 
2096	21 
2097	59 
2098	74 
2099	22 
2100	98 
2101	18 
2102	52 
2103	16 
2104	97 
2105	9 
2106	86 
2107	92 
2108	70 
2109	38 
2110	27 
2111	15 
2112	85 
2113	52 
2114	47 
2115	23 
2116	97 
2117	24 
2118	44 
2119	93 
2120	3 
2121	19 
2122	25 
2123	90 
2124	53 
2125	69 
2126	13 
2127	32 
2128	51 
2129	56 
2130	7 
2131	9 
2132	44 
2133	59 
2134	81 
2135	55 
2136	89 
2137	85 
2138	6 
2139	7 
2140	69 
2141	91 
2142	91 
2143	11 
2144	81 
2145	1 
2146	63 
2147	93 
2148	25 
2149	61 
2150	53 
2151	30 
2152	19 
2153	87 
2154	1 
2155	56 
2156	90 
2157	45 
2158	77 
2159	40 
2160	42 
2161	92 
2162	84 
2163	67 
2164	78 
2165	12 
2166	3 
2167	12 
2168	28 
2169	10 
2170	21 
2171	23 
2172	16 
2173	34 
2174	92 
2175	5 
2176	66 
2177	53 
2178	19 
2179	36 
2180	63 
2181	89 
2182	42 
2183	71 
2184	99 
2185	26 
2186	37 
2187	49 
2188	88 
2189	26 
2190	56 
2191	59 
2192	13 
2193	89 
2194	91 
2195	60 
2196	67 
2197	49 
2198	14 
2199	70 
2200	38 
2201	97 
2202	52 
2203	42 
2204	23 
2205	14 
2206	88 
2207	18 
2208	62 
2209	53 
2210	67 
2211	62 
2212	67 
2213	54 
2214	36 
2215	87 
2216	37 
2217	97 
2218	44 
2219	36 
2220	43 
2221	89 
2222	25 
2223	65 
2224	33 
2225	93 
2226	59 
2227	24 
2228	67 
2229	49 
2230	43 
2231	82 
2232	36 
2233	83 
2234	89 
2235	24 
2236	52 
2237	48 
2238	80 
2239	61 
2240	31 
2241	97 
2242	67 
2243	45 
2244	45 
2245	95 
2246	37 
2247	72 
2248	30 
2249	70 
2250	28 
2251	40 
2252	61 
2253	22 
2254	22 
2255	27 
2256	17 
2257	58 
2258	78 
2259	75 
2260	25 
2261	9 
2262	5 
2263	72 
2264	12 
2265	53 
2266	52 
2267	61 
2268	17 
2269	12 
2270	95 
2271	1 
2272	29 
2273	1 
2274	61 
2275	67 
2276	41 
2277	40 
2278	49 
2279	47 
2280	2 
2281	33 
2282	76 
2283	76 
2284	59 
2285	68 
2286	58 
2287	90 
2288	45 
2289	36 
2290	25 
2291	9 
2292	30 
2293	55 
2294	89 
2295	23 
2296	69 
2297	90 
2298	89 
2299	42 
2300	82 
2301	20 
2302	31 
2303	58 
2304	53 
2305	75 
2306	5 
2307	53 
2308	12 
2309	2 
2310	59 
2311	55 
2312	93 
2313	64 
2314	28 
2315	75 
2316	34 
2317	48 
2318	94 
2319	43 
2320	76 
2321	30 
2322	17 
2323	25 
2324	7 
2325	11 
2326	95 
2327	19 
2328	15 
2329	37 
2330	53 
2331	7 
2332	45 
2333	51 
2334	93 
2335	34 
2336	90 
2337	48 
2338	100 
2339	58 
2340	50 
2341	59 
2342	55 
2343	71 
2344	97 
2345	7 
2346	11 
2347	61 
2348	44 
2349	8 
2350	49 
2351	38 
2352	13 
2353	92 
2354	63 
2355	88 
2356	18 
2357	49 
2358	42 
2359	96 
2360	23 
2361	65 
2362	84 
2363	13 
2364	25 
2365	86 
2366	19 
2367	50 
2368	91 
2369	3 
2370	49 
2371	3 
2372	90 
2373	86 
2374	70 
2375	4 
2376	43 
2377	59 
2378	44 
2379	58 
2380	16 
2381	37 
2382	41 
2383	76 
2384	71 
2385	84 
2386	94 
2387	59 
2388	89 
2389	84 
2390	34 
2391	52 
2392	95 
2393	80 
2394	82 
2395	20 
2396	28 
2397	18 
2398	25 
2399	76 
2400	41 
2401	20 
2402	40 
2403	43 
2404	76 
2405	48 
2406	87 
2407	81 
2408	37 
2409	100 
2410	93 
2411	87 
2412	1 
2413	38 
2414	37 
2415	61 
2416	59 
2417	72 
2418	44 
2419	54 
2420	82 
2421	30 
2422	5 
2423	75 
2424	66 
2425	59 
2426	1 
2427	89 
2428	28 
2429	41 
2430	39 
2431	80 
2432	90 
2433	41 
2434	62 
2435	77 
2436	47 
2437	24 
2438	91 
2439	41 
2440	88 
2441	36 
2442	10 
2443	54 
2444	74 
2445	63 
2446	72 
2447	52 
2448	88 
2449	90 
2450	15 
2451	14 
2452	95 
2453	11 
2454	63 
2455	34 
2456	38 
2457	28 
2458	90 
2459	18 
2460	13 
2461	12 
2462	34 
2463	21 
2464	38 
2465	22 
2466	77 
2467	40 
2468	95 
2469	83 
2470	59 
2471	40 
2472	19 
2473	62 
2474	31 
2475	97 
2476	49 
2477	27 
2478	72 
2479	100 
2480	60 
2481	59 
2482	19 
2483	21 
2484	52 
2485	11 
2486	16 
2487	96 
2488	3 
2489	60 
2490	94 
2491	94 
2492	92 
2493	1 
2494	70 
2495	41 
2496	73 
2497	63 
2498	24 
2499	83 
2500	84 
2501	95 
2502	40 
2503	88 
2504	67 
2505	74 
2506	49 
2507	49 
2508	49 
2509	54 
2510	43 
2511	97 
2512	70 
2513	65 
2514	25 
2515	3 
2516	13 
2517	98 
2518	94 
2519	17 
2520	83 
2521	84 
2522	51 
2523	42 
2524	22 
2525	12 
2526	17 
2527	90 
2528	28 
2529	71 
2530	9 
2531	26 
2532	49 
2533	71 
2534	83 
2535	85 
2536	95 
2537	82 
2538	37 
2539	71 
2540	21 
2541	84 
2542	100 
2543	80 
2544	57 
2545	28 
2546	97 
2547	14 
2548	76 
2549	62 
2550	64 
2551	27 
2552	78 
2553	24 
2554	81 
2555	25 
2556	1 
2557	28 
2558	1 
2559	43 
2560	43 
2561	13 
2562	79 
2563	50 
2564	17 
2565	27 
2566	72 
2567	95 
2568	37 
2569	92 
2570	88 
2571	92 
2572	14 
2573	49 
2574	1 
2575	68 
2576	46 
2577	99 
2578	59 
2579	27 
2580	21 
2581	64 
2582	85 
2583	63 
2584	19 
2585	92 
2586	49 
2587	76 
2588	52 
2589	89 
2590	52 
2591	81 
2592	81 
2593	35 
2594	29 
2595	43 
2596	92 
2597	49 
2598	95 
2599	60 
2600	27 
2601	14 
2602	34 
2603	71 
2604	23 
2605	93 
2606	59 
2607	7 
2608	90 
2609	44 
2610	9 
2611	59 
2612	99 
2613	45 
2614	90 
2615	46 
2616	32 
2617	6 
2618	69 
2619	11 
2620	48 
2621	70 
2622	21 
2623	32 
2624	52 
2625	49 
2626	39 
2627	11 
2628	48 
2629	3 
2630	43 
2631	69 
2632	54 
2633	82 
2634	30 
2635	12 
2636	9 
2637	24 
2638	13 
2639	23 
2640	66 
2641	96 
2642	31 
2643	70 
2644	57 
2645	1 
2646	86 
2647	77 
2648	97 
2649	61 
2650	38 
2651	89 
2652	54 
2653	80 
2654	18 
2655	9 
2656	50 
2657	38 
2658	82 
2659	95 
2660	3 
2661	56 
2662	46 
2663	8 
2664	97 
2665	54 
2666	82 
2667	67 
2668	82 
2669	28 
2670	24 
2671	92 
2672	29 
2673	19 
2674	28 
2675	54 
2676	21 
2677	93 
2678	9 
2679	99 
2680	13 
2681	86 
2682	51 
2683	9 
2684	28 
2685	19 
2686	73 
2687	68 
2688	7 
2689	21 
2690	12 
2691	96 
2692	93 
2693	19 
2694	73 
2695	97 
2696	68 
2697	90 
2698	90 
2699	23 
2700	31 
2701	82 
2702	49 
2703	84 
2704	75 
2705	96 
2706	38 
2707	48 
2708	95 
2709	67 
2710	54 
2711	66 
2712	82 
2713	25 
2714	59 
2715	95 
2716	45 
2717	43 
2718	59 
2719	88 
2720	93 
2721	2 
2722	57 
2723	19 
2724	23 
2725	21 
2726	60 
2727	81 
2728	99 
2729	27 
2730	10 
2731	79 
2732	19 
2733	28 
2734	86 
2735	36 
2736	21 
2737	26 
2738	79 
2739	55 
2740	30 
2741	59 
2742	82 
2743	11 
2744	78 
2745	82 
2746	5 
2747	77 
2748	39 
2749	76 
2750	17 
2751	47 
2752	7 
2753	62 
2754	64 
2755	25 
2756	2 
2757	31 
2758	52 
2759	8 
2760	41 
2761	3 
2762	93 
2763	53 
2764	42 
2765	86 
2766	11 
2767	82 
2768	23 
2769	82 
2770	50 
2771	32 
2772	49 
2773	34 
2774	3 
2775	30 
2776	48 
2777	41 
2778	34 
2779	90 
2780	89 
2781	23 
2782	75 
2783	51 
2784	61 
2785	58 
2786	58 
2787	1 
2788	83 
2789	84 
2790	4 
2791	49 
2792	50 
2793	27 
2794	86 
2795	83 
2796	95 
2797	89 
2798	72 
2799	11 
2800	90 
2801	34 
2802	95 
2803	58 
2804	50 
2805	45 
2806	84 
2807	95 
2808	66 
2809	47 
2810	89 
2811	63 
2812	76 
2813	55 
2814	77 
2815	15 
2816	1 
2817	90 
2818	51 
2819	41 
2820	62 
2821	24 
2822	48 
2823	38 
2824	59 
2825	41 
2826	28 
2827	74 
2828	73 
2829	3 
2830	38 
2831	90 
2832	14 
2833	85 
2834	58 
2835	51 
2836	7 
2837	59 
2838	53 
2839	92 
2840	23 
2841	84 
2842	64 
2843	53 
2844	82 
2845	48 
2846	50 
2847	93 
2848	92 
2849	97 
2850	3 
2851	51 
2852	33 
2853	25 
2854	19 
2855	63 
2856	97 
2857	66 
2858	53 
2859	37 
2860	23 
2861	69 
2862	27 
2863	28 
2864	90 
2865	10 
2866	89 
2867	95 
2868	11 
2869	9 
2870	63 
2871	44 
2872	53 
2873	22 
2874	30 
2875	19 
2876	77 
2877	52 
2878	93 
2879	19 
2880	82 
2881	100 
2882	28 
2883	53 
2884	48 
2885	89 
2886	49 
2887	19 
2888	75 
2889	34 
2890	84 
2891	11 
2892	40 
2893	45 
2894	65 
2895	25 
2896	67 
2897	96 
2898	85 
2899	9 
2900	29 
2901	17 
2902	21 
2903	22 
2904	84 
2905	43 
2906	25 
2907	31 
2908	24 
2909	88 
2910	93 
2911	47 
2912	84 
2913	56 
2914	72 
2915	25 
2916	28 
2917	30 
2918	65 
2919	29 
2920	47 
2921	52 
2922	11 
2923	88 
2924	58 
2925	19 
2926	94 
2927	51 
2928	77 
2929	33 
2930	66 
2931	68 
2932	92 
2933	86 
2934	11 
2935	13 
2936	95 
2937	24 
2938	7 
2939	67 
2940	4 
2941	23 
2942	34 
2943	43 
2944	34 
2945	47 
2946	61 
2947	13 
2948	62 
2949	10 
2950	67 
2951	100 
2952	26 
2953	31 
2954	50 
2955	99 
2956	62 
2957	19 
2958	91 
2959	22 
2960	25 
2961	9 
2962	84 
2963	32 
2964	40 
2965	1 
2966	43 
2967	84 
2968	84 
2969	29 
2970	90 
2971	91 
2972	98 
2973	90 
2974	30 
2975	3 
2976	49 
2977	53 
2978	14 
2979	85 
2980	11 
2981	92 
2982	22 
2983	23 
2984	16 
2985	9 
2986	83 
2987	70 
2988	42 
2989	76 
2990	53 
2991	61 
2992	57 
2993	67 
2994	62 
2995	92 
2996	76 
2997	51 
2998	9 
2999	69 
3000	17 
3001	63 
3002	11 
3003	37 
3004	91 
3005	79 
3006	15 
3007	49 
3008	81 
3009	41 
3010	11 
3011	84 
3012	91 
3013	29 
3014	89 
3015	27 
3016	76 
3017	24 
3018	97 
3019	67 
3020	1 
3021	83 
3022	89 
3023	25 
3024	32 
3025	28 
3026	17 
3027	60 
3028	31 
3029	50 
3030	63 
3031	47 
3032	67 
3033	17 
3034	10 
3035	50 
3036	94 
3037	55 
3038	97 
3039	53 
3040	17 
3041	59 
3042	78 
3043	59 
3044	53 
3045	48 
3046	80 
3047	13 
3048	70 
3049	90 
3050	9 
3051	52 
3052	33 
3053	59 
3054	71 
3055	13 
3056	36 
3057	99 
3058	87 
3059	89 
3060	19 
3061	17 
3062	7 
3063	97 
3064	35 
3065	11 
3066	49 
3067	36 
3068	9 
3069	52 
3070	22 
3071	60 
3072	88 
3073	43 
3074	35 
3075	11 
3076	25 
3077	15 
3078	16 
3079	9 
3080	3 
3081	37 
3082	66 
3083	42 
3084	57 
3085	52 
3086	45 
3087	55 
3088	83 
3089	84 
3090	7 
3091	37 
3092	29 
3093	61 
3094	94 
3095	1 
3096	29 
3097	90 
3098	11 
3099	96 
3100	81 
3101	9 
3102	55 
3103	58 
3104	34 
3105	49 
3106	45 
3107	59 
3108	91 
3109	89 
3110	7 
3111	91 
3112	67 
3113	2 
3114	10 
3115	30 
3116	31 
3117	85 
3118	53 
3119	43 
3120	39 
3121	44 
3122	37 
3123	29 
3124	31 
3125	83 
3126	50 
3127	28 
3128	9 
3129	37 
3130	50 
3131	90 
3132	81 
3133	97 
3134	31 
3135	97 
3136	22 
3137	55 
3138	48 
3139	46 
3140	1 
3141	72 
3142	84 
3143	67 
3144	99 
3145	30 
3146	57 
3147	37 
3148	67 
3149	41 
3150	53 
3151	61 
3152	91 
3153	92 
3154	31 
3155	54 
3156	37 
3157	92 
3158	14 
3159	40 
3160	83 
3161	23 
3162	68 
3163	59 
3164	49 
3165	92 
3166	68 
3167	34 
3168	46 
3169	57 
3170	76 
3171	1 
3172	11 
3173	89 
3174	45 
3175	58 
3176	35 
3177	97 
3178	94 
3179	76 
3180	9 
3181	93 
3182	93 
3183	46 
3184	45 
3185	41 
3186	42 
3187	22 
3188	64 
3189	49 
3190	17 
3191	100 
3192	84 
3193	89 
3194	51 
3195	95 
3196	97 
3197	91 
3198	11 
3199	20 
3200	38 
3201	35 
3202	3 
3203	21 
3204	27 
3205	67 
3206	64 
3207	22 
3208	6 
3209	94 
3210	17 
3211	28 
3212	95 
3213	10 
3214	11 
3215	68 
3216	49 
3217	36 
3218	10 
3219	25 
3220	84 
3221	97 
3222	45 
3223	94 
3224	11 
3225	21 
3226	3 
3227	89 
3228	51 
3229	81 
3230	98 
3231	22 
3232	7 
3233	40 
3234	66 
3235	58 
3236	17 
3237	9 
3238	8 
3239	10 
3240	82 
3241	81 
3242	4 
3243	88 
3244	42 
3245	11 
3246	3 
3247	57 
3248	96 
3249	92 
3250	12 
3251	37 
3252	98 
3253	20 
3254	61 
3255	90 
3256	67 
3257	3 
3258	54 
3259	35 
3260	37 
3261	51 
3262	30 
3263	59 
3264	4 
3265	39 
3266	27 
3267	22 
3268	78 
3269	99 
3270	53 
3271	60 
3272	28 
3273	34 
3274	63 
3275	59 
3276	69 
3277	24 
3278	15 
3279	88 
3280	7 
3281	95 
3282	18 
3283	95 
3284	63 
3285	12 
3286	3 
3287	26 
3288	54 
3289	94 
3290	43 
3291	15 
3292	14 
3293	1 
3294	36 
3295	69 
3296	2 
3297	53 
3298	95 
3299	73 
3300	14 
3301	22 
3302	61 
3303	40 
3304	41 
3305	18 
3306	17 
3307	80 
3308	92 
3309	11 
3310	35 
3311	95 
3312	98 
3313	43 
3314	17 
3315	38 
3316	55 
3317	19 
3318	85 
3319	59 
3320	27 
3321	92 
3322	94 
3323	91 
3324	84 
3325	63 
3326	97 
3327	91 
3328	42 
3329	68 
3330	92 
3331	53 
3332	51 
3333	61 
3334	82 
3335	17 
3336	40 
3337	92 
3338	96 
3339	95 
3340	7 
3341	89 
3342	28 
3343	38 
3344	4 
3345	65 
3346	80 
3347	67 
3348	74 
3349	86 
3350	23 
3351	76 
3352	36 
3353	48 
3354	88 
3355	86 
3356	94 
3357	69 
3358	76 
3359	31 
3360	17 
3361	8 
3362	90 
3363	45 
3364	66 
3365	15 
3366	91 
3367	49 
3368	17 
3369	93 
3370	39 
3371	49 
3372	52 
3373	60 
3374	66 
3375	25 
3376	7 
3377	93 
3378	96 
3379	23 
3380	88 
3381	14 
3382	67 
3383	71 
3384	61 
3385	29 
3386	72 
3387	66 
3388	84 
3389	38 
3390	11 
3391	93 
3392	86 
3393	95 
3394	37 
3395	15 
3396	83 
3397	41 
3398	67 
3399	7 
3400	40 
3401	37 
3402	74 
3403	1 
3404	85 
3405	43 
3406	44 
3407	94 
3408	14 
3409	30 
3410	89 
3411	71 
3412	99 
3413	66 
3414	77 
3415	92 
3416	91 
3417	96 
3418	3 
3419	95 
3420	81 
3421	9 
3422	54 
3423	88 
3424	25 
3425	80 
3426	89 
3427	79 
3428	92 
3429	95 
3430	60 
3431	16 
3432	70 
3433	59 
3434	49 
3435	6 
3436	91 
3437	59 
3438	8 
3439	53 
3440	37 
3441	43 
3442	91 
3443	69 
3444	66 
3445	91 
3446	24 
3447	95 
3448	88 
3449	72 
3450	53 
3451	87 
3452	54 
3453	45 
3454	21 
3455	28 
3456	55 
3457	96 
3458	91 
3459	97 
3460	59 
3461	77 
3462	88 
3463	53 
3464	76 
3465	96 
3466	85 
3467	71 
3468	58 
3469	49 
3470	67 
3471	62 
3472	51 
3473	13 
3474	41 
3475	42 
3476	94 
3477	21 
3478	100 
3479	69 
3480	48 
3481	61 
3482	42 
3483	34 
3484	43 
3485	25 
3486	76 
3487	36 
3488	80 
3489	41 
3490	7 
3491	63 
3492	38 
3493	77 
3494	58 
3495	22 
3496	49 
3497	39 
3498	51 
3499	21 
3500	20 
3501	27 
3502	37 
3503	45 
3504	11 
3505	86 
3506	84 
3507	23 
3508	35 
3509	27 
3510	59 
3511	47 
3512	2 
3513	76 
3514	18 
3515	87 
3516	94 
3517	4 
3518	23 
3519	3 
3520	55 
3521	69 
3522	22 
3523	10 
3524	24 
3525	65 
3526	14 
3527	90 
3528	89 
3529	23 
3530	81 
3531	5 
3532	19 
3533	8 
3534	97 
3535	4 
3536	58 
3537	33 
3538	18 
3539	6 
3540	69 
3541	69 
3542	16 
3543	85 
3544	20 
3545	27 
3546	23 
3547	11 
3548	17 
3549	90 
3550	37 
3551	92 
3552	45 
3553	13 
3554	81 
3555	75 
3556	94 
3557	21 
3558	6 
3559	89 
3560	32 
3561	58 
3562	99 
3563	4 
3564	71 
3565	97 
3566	94 
3567	98 
3568	91 
3569	21 
3570	23 
3571	84 
3572	60 
3573	19 
3574	69 
3575	21 
3576	97 
3577	58 
3578	1 
3579	53 
3580	55 
3581	62 
3582	67 
3583	43 
3584	9 
3585	3 
3586	94 
3587	54 
3588	95 
3589	42 
3590	74 
3591	33 
3592	76 
3593	67 
3594	61 
3595	19 
3596	62 
3597	25 
3598	90 
3599	28 
3600	96 
3601	29 
3602	92 
3603	11 
3604	39 
3605	19 
3606	20 
3607	53 
3608	54 
3609	66 
3610	25 
3611	83 
3612	57 
3613	81 
3614	91 
3615	59 
3616	72 
3617	80 
3618	88 
3619	31 
3620	33 
3621	14 
3622	57 
3623	87 
3624	86 
3625	68 
3626	86 
3627	51 
3628	12 
3629	77 
3630	28 
3631	28 
3632	7 
3633	21 
3634	97 
3635	10 
3636	90 
3637	35 
3638	1 
3639	83 
3640	25 
3641	90 
3642	27 
3643	17 
3644	52 
3645	1 
3646	19 
3647	89 
3648	90 
3649	95 
3650	99 
3651	59 
3652	80 
3653	34 
3654	52 
3655	72 
3656	87 
3657	71 
3658	88 
3659	90 
3660	92 
3661	75 
3662	53 
3663	2 
3664	99 
3665	50 
3666	100 
3667	60 
3668	25 
3669	83 
3670	53 
3671	82 
3672	14 
3673	7 
3674	11 
3675	65 
3676	59 
3677	76 
3678	69 
3679	28 
3680	25 
3681	30 
3682	58 
3683	36 
3684	51 
3685	21 
3686	33 
3687	54 
3688	68 
3689	28 
3690	19 
3691	7 
3692	35 
3693	13 
3694	24 
3695	76 
3696	38 
3697	68 
3698	28 
3699	81 
3700	48 
3701	7 
3702	70 
3703	59 
3704	88 
3705	9 
3706	25 
3707	58 
3708	23 
3709	85 
3710	69 
3711	90 
3712	86 
3713	90 
3714	49 
3715	30 
3716	21 
3717	31 
3718	64 
3719	93 
3720	68 
3721	37 
3722	28 
3723	58 
3724	88 
3725	45 
3726	45 
3727	82 
3728	87 
3729	56 
3730	23 
3731	19 
3732	42 
3733	57 
3734	58 
3735	11 
3736	41 
3737	98 
3738	8 
3739	35 
3740	52 
3741	13 
3742	52 
3743	19 
3744	67 
3745	94 
3746	59 
3747	11 
3748	42 
3749	69 
3750	12 
3751	29 
3752	5 
3753	99 
3754	69 
3755	88 
3756	95 
3757	53 
3758	54 
3759	8 
3760	33 
3761	21 
3762	71 
3763	34 
3764	22 
3765	13 
3766	66 
3767	91 
3768	31 
3769	37 
3770	24 
3771	87 
3772	79 
3773	15 
3774	92 
3775	10 
3776	51 
3777	20 
3778	84 
3779	87 
3780	49 
3781	46 
3782	66 
3783	34 
3784	91 
3785	47 
3786	9 
3787	42 
3788	69 
3789	63 
3790	89 
3791	37 
3792	85 
3793	53 
3794	28 
3795	53 
3796	54 
3797	80 
3798	51 
3799	37 
3800	58 
3801	96 
3802	91 
3803	30 
3804	3 
3805	72 
3806	1 
3807	87 
3808	9 
3809	97 
3810	86 
3811	28 
3812	99 
3813	66 
3814	58 
3815	7 
3816	49 
3817	28 
3818	9 
3819	71 
3820	100 
3821	17 
3822	23 
3823	65 
3824	88 
3825	47 
3826	12 
3827	40 
3828	42 
3829	42 
3830	12 
3831	49 
3832	50 
3833	89 
3834	50 
3835	12 
3836	56 
3837	16 
3838	9 
3839	21 
3840	57 
3841	59 
3842	61 
3843	29 
3844	92 
3845	67 
3846	13 
3847	63 
3848	83 
3849	32 
3850	87 
3851	63 
3852	23 
3853	81 
3854	9 
3855	82 
3856	23 
3857	77 
3858	25 
3859	63 
3860	65 
3861	53 
3862	66 
3863	91 
3864	62 
3865	85 
3866	99 
3867	34 
3868	95 
3869	78 
3870	26 
3871	43 
3872	6 
3873	92 
3874	16 
3875	76 
3876	90 
3877	14 
3878	29 
3879	11 
3880	13 
3881	53 
3882	43 
3883	97 
3884	14 
3885	98 
3886	51 
3887	83 
3888	45 
3889	91 
3890	95 
3891	58 
3892	58 
3893	18 
3894	3 
3895	16 
3896	21 
3897	98 
3898	41 
3899	67 
3900	28 
3901	31 
3902	29 
3903	95 
3904	53 
3905	23 
3906	69 
3907	80 
3908	1 
3909	80 
3910	41 
3911	39 
3912	17 
3913	49 
3914	66 
3915	76 
3916	23 
3917	68 
3918	28 
3919	76 
3920	38 
3921	79 
3922	41 
3923	9 
3924	95 
3925	28 
3926	42 
3927	88 
3928	100 
3929	29 
3930	53 
3931	33 
3932	61 
3933	23 
3934	9 
3935	9 
3936	14 
3937	16 
3938	8 
3939	68 
3940	99 
3941	53 
3942	48 
3943	98 
3944	66 
3945	29 
3946	94 
3947	16 
3948	7 
3949	54 
3950	42 
3951	62 
3952	23 
3953	47 
3954	30 
3955	93 
3956	17 
3957	54 
3958	97 
3959	9 
3960	61 
3961	27 
3962	7 
3963	9 
3964	91 
3965	15 
3966	72 
3967	13 
3968	67 
3969	50 
3970	19 
3971	37 
3972	32 
3973	92 
3974	83 
3975	95 
3976	26 
3977	69 
3978	12 
3979	62 
3980	90 
3981	13 
3982	89 
3983	62 
3984	19 
3985	67 
3986	55 
3987	22 
3988	24 
3989	37 
3990	19 
3991	9 
3992	59 
3993	19 
3994	90 
3995	97 
3996	55 
3997	92 
3998	37 
3999	75 
4000	50 
4001	37 
4002	7 
4003	44 
4004	35 
4005	58 
4006	58 
4007	62 
4008	84 
4009	7 
4010	52 
4011	53 
4012	53 
4013	23 
4014	23 
4015	53 
4016	8 
4017	7 
4018	1 
4019	13 
4020	84 
4021	10 
4022	51 
4023	22 
4024	7 
4025	22 
4026	90 
4027	78 
4028	60 
4029	98 
4030	41 
4031	63 
4032	42 
4033	93 
4034	25 
4035	91 
4036	25 
4037	21 
4038	11 
4039	23 
4040	28 
4041	50 
4042	40 
4043	58 
4044	59 
4045	53 
4046	61 
4047	34 
4048	59 
4049	99 
4050	32 
4051	59 
4052	61 
4053	50 
4054	92 
4055	35 
4056	47 
4057	61 
4058	14 
4059	48 
4060	56 
4061	37 
4062	62 
4063	91 
4064	50 
4065	83 
4066	58 
4067	21 
4068	25 
4069	15 
4070	7 
4071	17 
4072	7 
4073	85 
4074	67 
4075	42 
4076	89 
4077	17 
4078	61 
4079	73 
4080	97 
4081	52 
4082	49 
4083	7 
4084	86 
4085	60 
4086	18 
4087	51 
4088	19 
4089	52 
4090	58 
4091	67 
4092	27 
4093	43 
4094	83 
4095	30 
4096	66 
4097	41 
4098	58 
4099	96 
4100	71 
4101	14 
4102	70 
4103	50 
4104	27 
4105	42 
4106	53 
4107	76 
4108	32 
4109	83 
4110	17 
4111	21 
4112	44 
4113	73 
4114	61 
4115	62 
4116	72 
4117	88 
4118	63 
4119	92 
4120	12 
4121	92 
4122	42 
4123	78 
4124	84 
4125	28 
4126	62 
4127	40 
4128	6 
4129	19 
4130	18 
4131	35 
4132	92 
4133	59 
4134	10 
4135	63 
4136	27 
4137	42 
4138	55 
4139	23 
4140	11 
4141	84 
4142	17 
4143	80 
4144	78 
4145	81 
4146	84 
4147	100 
4148	89 
4149	89 
4150	42 
4151	17 
4152	44 
4153	21 
4154	28 
4155	94 
4156	58 
4157	69 
4158	28 
4159	33 
4160	14 
4161	28 
4162	60 
4163	84 
4164	94 
4165	45 
4166	26 
4167	70 
4168	20 
4169	4 
4170	37 
4171	30 
4172	62 
4173	11 
4174	67 
4175	15 
4176	58 
4177	28 
4178	63 
4179	75 
4180	94 
4181	19 
4182	2 
4183	6 
4184	10 
4185	59 
4186	84 
4187	23 
4188	77 
4189	9 
4190	23 
4191	73 
4192	97 
4193	49 
4194	95 
4195	38 
4196	22 
4197	68 
4198	30 
4199	87 
4200	9 
4201	73 
4202	36 
4203	49 
4204	9 
4205	66 
4206	67 
4207	49 
4208	29 
4209	28 
4210	84 
4211	19 
4212	79 
4213	43 
4214	59 
4215	5 
4216	57 
4217	94 
4218	25 
4219	55 
4220	3 
4221	48 
4222	73 
4223	76 
4224	98 
4225	1 
4226	5 
4227	14 
4228	28 
4229	16 
4230	15 
4231	31 
4232	3 
4233	23 
4234	19 
4235	59 
4236	19 
4237	56 
4238	7 
4239	85 
4240	85 
4241	63 
4242	61 
4243	23 
4244	93 
4245	45 
4246	51 
4247	49 
4248	15 
4249	36 
4250	27 
4251	66 
4252	3 
4253	57 
4254	50 
4255	99 
4256	90 
4257	90 
4258	33 
4259	81 
4260	40 
4261	19 
4262	21 
4263	90 
4264	2 
4265	93 
4266	87 
4267	22 
4268	17 
4269	58 
4270	97 
4271	49 
4272	13 
4273	90 
4274	76 
4275	44 
4276	48 
4277	74 
4278	56 
4279	81 
4280	88 
4281	6 
4282	31 
4283	34 
4284	72 
4285	93 
4286	8 
4287	14 
4288	21 
4289	4 
4290	7 
4291	90 
4292	68 
4293	3 
4294	22 
4295	81 
4296	3 
4297	100 
4298	41 
4299	74 
4300	85 
4301	1 
4302	33 
4303	7 
4304	63 
4305	30 
4306	49 
4307	7 
4308	41 
4309	3 
4310	67 
4311	61 
4312	29 
4313	9 
4314	90 
4315	49 
4316	40 
4317	19 
4318	32 
4319	9 
4320	67 
4321	2 
4322	35 
4323	45 
4324	7 
4325	61 
4326	52 
4327	54 
4328	67 
4329	63 
4330	36 
4331	58 
4332	21 
4333	84 
4334	42 
4335	96 
4336	34 
4337	17 
4338	14 
4339	92 
4340	40 
4341	17 
4342	7 
4343	72 
4344	45 
4345	42 
4346	25 
4347	57 
4348	65 
4349	91 
4350	89 
4351	8 
4352	6 
4353	90 
4354	97 
4355	95 
4356	19 
4357	91 
4358	82 
4359	8 
4360	98 
4361	14 
4362	61 
4363	76 
4364	11 
4365	57 
4366	10 
4367	62 
4368	66 
4369	9 
4370	44 
4371	53 
4372	41 
4373	80 
4374	61 
4375	74 
4376	90 
4377	27 
4378	11 
4379	28 
4380	49 
4381	52 
4382	85 
4383	59 
4384	70 
4385	20 
4386	37 
4387	54 
4388	84 
4389	19 
4390	27 
4391	19 
4392	6 
4393	67 
4394	20 
4395	28 
4396	91 
4397	13 
4398	40 
4399	89 
4400	66 
4401	28 
4402	92 
4403	90 
4404	3 
4405	6 
4406	63 
4407	97 
4408	24 
4409	51 
4410	24 
4411	20 
4412	7 
4413	67 
4414	69 
4415	27 
4416	47 
4417	50 
4418	76 
4419	69 
4420	63 
4421	76 
4422	78 
4423	5 
4424	11 
4425	63 
4426	49 
4427	4 
4428	13 
4429	81 
4430	18 
4431	79 
4432	9 
4433	10 
4434	17 
4435	58 
4436	82 
4437	3 
4438	94 
4439	23 
4440	82 
4441	76 
4442	92 
4443	90 
4444	86 
4445	12 
4446	89 
4447	90 
4448	3 
4449	40 
4450	99 
4451	16 
4452	14 
4453	95 
4454	52 
4455	68 
4456	69 
4457	97 
4458	9 
4459	57 
4460	39 
4461	17 
4462	45 
4463	51 
4464	67 
4465	83 
4466	52 
4467	6 
4468	72 
4469	61 
4470	3 
4471	50 
4472	37 
4473	17 
4474	17 
4475	76 
4476	78 
4477	68 
4478	28 
4479	22 
4480	47 
4481	76 
4482	58 
4483	84 
4484	21 
4485	29 
4486	99 
4487	65 
4488	50 
4489	25 
4490	48 
4491	69 
4492	49 
4493	39 
4494	11 
4495	53 
4496	7 
4497	36 
4498	46 
4499	44 
4500	20 
4501	23 
4502	38 
4503	7 
4504	69 
4505	27 
4506	41 
4507	23 
4508	59 
4509	67 
4510	30 
4511	59 
4512	30 
4513	1 
4514	49 
4515	96 
4516	20 
4517	3 
4518	58 
4519	21 
4520	90 
4521	29 
4522	85 
4523	76 
4524	6 
4525	91 
4526	20 
4527	53 
4528	98 
4529	59 
4530	9 
4531	1 
4532	20 
4533	27 
4534	89 
4535	92 
4536	3 
4537	53 
4538	59 
4539	25 
4540	44 
4541	55 
4542	3 
4543	80 
4544	23 
4545	78 
4546	79 
4547	74 
4548	67 
4549	24 
4550	3 
4551	97 
4552	49 
4553	43 
4554	95 
4555	59 
4556	89 
4557	72 
4558	38 
4559	42 
4560	91 
4561	47 
4562	95 
4563	4 
4564	43 
4565	94 
4566	31 
4567	96 
4568	41 
4569	53 
4570	62 
4571	84 
4572	9 
4573	48 
4574	69 
4575	78 
4576	9 
4577	58 
4578	9 
4579	67 
4580	63 
4581	28 
4582	7 
4583	62 
4584	99 
4585	83 
4586	49 
4587	38 
4588	98 
4589	10 
4590	3 
4591	41 
4592	96 
4593	69 
4594	50 
4595	56 
4596	73 
4597	19 
4598	63 
4599	63 
4600	1 
4601	39 
4602	94 
4603	37 
4604	7 
4605	53 
4606	40 
4607	14 
4608	68 
4609	86 
4610	72 
4611	65 
4612	38 
4613	28 
4614	31 
4615	66 
4616	9 
4617	42 
4618	89 
4619	24 
4620	89 
4621	49 
4622	43 
4623	81 
4624	33 
4625	63 
4626	61 
4627	47 
4628	61 
4629	96 
4630	79 
4631	27 
4632	34 
4633	5 
4634	65 
4635	21 
4636	95 
4637	85 
4638	16 
4639	9 
4640	32 
4641	11 
4642	85 
4643	13 
4644	22 
4645	85 
4646	60 
4647	99 
4648	32 
4649	16 
4650	40 
4651	56 
4652	92 
4653	20 
4654	53 
4655	29 
4656	44 
4657	92 
4658	29 
4659	53 
4660	58 
4661	32 
4662	42 
4663	84 
4664	16 
4665	19 
4666	88 
4667	86 
4668	63 
4669	11 
4670	96 
4671	4 
4672	93 
4673	49 
4674	33 
4675	50 
4676	28 
4677	41 
4678	11 
4679	45 
4680	44 
4681	31 
4682	35 
4683	36 
4684	3 
4685	52 
4686	19 
4687	24 
4688	50 
4689	48 
4690	41 
4691	10 
4692	42 
4693	63 
4694	95 
4695	82 
4696	37 
4697	90 
4698	54 
4699	18 
4700	75 
4701	28 
4702	1 
4703	82 
4704	28 
4705	52 
4706	81 
4707	21 
4708	41 
4709	85 
4710	51 
4711	14 
4712	97 
4713	49 
4714	89 
4715	27 
4716	27 
4717	92 
4718	37 
4719	22 
4720	9 
4721	25 
4722	84 
4723	56 
4724	52 
4725	22 
4726	57 
4727	92 
4728	23 
4729	31 
4730	67 
4731	21 
4732	57 
4733	82 
4734	46 
4735	55 
4736	58 
4737	41 
4738	94 
4739	53 
4740	7 
4741	43 
4742	64 
4743	54 
4744	94 
4745	2 
4746	21 
4747	94 
4748	31 
4749	91 
4750	97 
4751	27 
4752	40 
4753	1 
4754	80 
4755	28 
4756	75 
4757	13 
4758	19 
4759	9 
4760	22 
4761	1 
4762	92 
4763	97 
4764	53 
4765	81 
4766	83 
4767	44 
4768	61 
4769	41 
4770	11 
4771	95 
4772	95 
4773	99 
4774	65 
4775	28 
4776	21 
4777	45 
4778	98 
4779	39 
4780	1 
4781	19 
4782	2 
4783	58 
4784	73 
4785	30 
4786	9 
4787	42 
4788	36 
4789	88 
4790	1 
4791	51 
4792	64 
4793	5 
4794	95 
4795	69 
4796	76 
4797	50 
4798	67 
4799	17 
4800	89 
4801	53 
4802	59 
4803	94 
4804	14 
4805	16 
4806	49 
4807	56 
4808	49 
4809	66 
4810	73 
4811	2 
4812	71 
4813	49 
4814	29 
4815	3 
4816	86 
4817	74 
4818	38 
4819	14 
4820	8 
4821	94 
4822	58 
4823	13 
4824	62 
4825	31 
4826	55 
4827	97 
4828	33 
4829	49 
4830	4 
4831	63 
4832	92 
4833	17 
4834	78 
4835	56 
4836	92 
4837	58 
4838	42 
4839	14 
4840	39 
4841	20 
4842	50 
4843	85 
4844	25 
4845	61 
4846	48 
4847	21 
4848	27 
4849	69 
4850	21 
4851	62 
4852	51 
4853	77 
4854	19 
4855	98 
4856	13 
4857	1 
4858	53 
4859	3 
4860	3 
4861	57 
4862	76 
4863	79 
4864	9 
4865	57 
4866	81 
4867	13 
4868	45 
4869	52 
4870	97 
4871	28 
4872	85 
4873	13 
4874	86 
4875	76 
4876	11 
4877	60 
4878	9 
4879	58 
4880	61 
4881	11 
4882	52 
4883	14 
4884	80 
4885	32 
4886	59 
4887	28 
4888	63 
4889	85 
4890	78 
4891	28 
4892	99 
4893	57 
4894	41 
4895	63 
4896	83 
4897	89 
4898	6 
4899	21 
4900	21 
4901	88 
4902	81 
4903	43 
4904	23 
4905	62 
4906	81 
4907	69 
4908	59 
4909	49 
4910	83 
4911	7 
4912	69 
4913	1 
4914	27 
4915	38 
4916	63 
4917	45 
4918	95 
4919	68 
4920	78 
4921	69 
4922	52 
4923	24 
4924	90 
4925	83 
4926	32 
4927	91 
4928	31 
4929	91 
4930	9 
4931	80 
4932	28 
4933	66 
4934	9 
4935	90 
4936	5 
4937	28 
4938	58 
4939	3 
4940	83 
4941	76 
4942	38 
4943	30 
4944	66 
4945	84 
4946	7 
4947	81 
4948	49 
4949	7 
4950	43 
4951	19 
4952	62 
4953	61 
4954	34 
4955	59 
4956	84 
4957	25 
4958	91 
4959	18 
4960	5 
4961	37 
4962	6 
4963	27 
4964	69 
4965	72 
4966	51 
4967	16 
4968	92 
4969	11 
4970	31 
4971	95 
4972	7 
4973	17 
4974	50 
4975	69 
4976	52 
4977	66 
4978	84 
4979	14 
4980	86 
4981	43 
4982	13 
4983	34 
4984	13 
4985	97 
4986	37 
4987	36 
4988	38 
4989	43 
4990	81 
4991	50 
4992	61 
4993	90 
4994	19 
4995	76 
4996	82 
4997	24 
4998	43 
4999	25 
5000	9 
