1	21 
2	86 
3	76 
4	20 
5	43 
6	62 
7	9 
8	21 
9	23 
10	86 
11	90 
12	53 
13	88 
14	34 
15	56 
16	74 
17	37 
18	90 
19	48 
20	89 
21	12 
22	44 
23	1 
24	1 
25	56 
26	59 
27	25 
28	87 
29	40 
30	82 
31	33 
32	27 
33	56 
34	11 
35	7 
36	64 
37	20 
38	2 
39	18 
40	37 
41	57 
42	62 
43	76 
44	72 
45	47 
46	71 
47	67 
48	89 
49	61 
50	6 
51	8 
52	75 
53	14 
54	28 
55	60 
56	85 
57	51 
58	54 
59	97 
60	62 
61	67 
62	67 
63	46 
64	9 
65	87 
66	10 
67	1 
68	34 
69	83 
70	93 
71	58 
72	14 
73	86 
74	16 
75	2 
76	56 
77	2 
78	91 
79	80 
80	36 
81	33 
82	51 
83	42 
84	50 
85	95 
86	31 
87	66 
88	29 
89	61 
90	28 
91	4 
92	6 
93	22 
94	8 
95	79 
96	48 
97	52 
98	50 
99	80 
100	2 
101	72 
102	33 
103	77 
104	92 
105	61 
106	14 
107	67 
108	35 
109	60 
110	91 
111	33 
112	71 
113	53 
114	86 
115	12 
116	86 
117	40 
118	27 
119	37 
120	31 
121	25 
122	28 
123	24 
124	89 
125	46 
126	40 
127	86 
128	52 
129	41 
130	18 
131	50 
132	90 
133	12 
134	50 
135	39 
136	82 
137	84 
138	83 
139	40 
140	8 
141	71 
142	53 
143	75 
144	4 
145	46 
146	54 
147	65 
148	9 
149	21 
150	33 
151	94 
152	9 
153	26 
154	79 
155	8 
156	67 
157	25 
158	40 
159	34 
160	73 
161	96 
162	39 
163	53 
164	1 
165	72 
166	71 
167	21 
168	74 
169	91 
170	60 
171	69 
172	67 
173	65 
174	56 
175	1 
176	13 
177	61 
178	32 
179	2 
180	38 
181	15 
182	16 
183	21 
184	20 
185	93 
186	27 
187	88 
188	38 
189	85 
190	55 
191	52 
192	56 
193	66 
194	43 
195	49 
196	68 
197	12 
198	75 
199	26 
200	40 
201	24 
202	87 
203	66 
204	83 
205	18 
206	85 
207	40 
208	79 
209	59 
210	96 
211	42 
212	3 
213	69 
214	75 
215	32 
216	69 
217	87 
218	46 
219	53 
220	41 
221	64 
222	13 
223	5 
224	86 
225	28 
226	51 
227	16 
228	94 
229	39 
230	71 
231	41 
232	33 
233	44 
234	71 
235	11 
236	21 
237	28 
238	91 
239	92 
240	9 
241	73 
242	41 
243	72 
244	86 
245	92 
246	97 
247	94 
248	37 
249	68 
250	74 
251	63 
252	43 
253	15 
254	9 
255	66 
256	32 
257	34 
258	66 
259	4 
260	35 
261	46 
262	37 
263	27 
264	6 
265	84 
266	5 
267	18 
268	68 
269	13 
270	75 
271	16 
272	84 
273	75 
274	64 
275	80 
276	66 
277	9 
278	80 
279	94 
280	48 
281	74 
282	62 
283	76 
284	69 
285	42 
286	21 
287	62 
288	16 
289	69 
290	40 
291	20 
292	45 
293	93 
294	20 
295	67 
296	65 
297	3 
298	76 
299	41 
300	3 
301	26 
302	1 
303	51 
304	19 
305	37 
306	48 
307	13 
308	60 
309	7 
310	17 
311	47 
312	79 
313	78 
314	44 
315	53 
316	75 
317	26 
318	38 
319	40 
320	79 
321	36 
322	31 
323	69 
324	37 
325	7 
326	15 
327	50 
328	85 
329	34 
330	34 
331	46 
332	62 
333	36 
334	38 
335	35 
336	26 
337	65 
338	86 
339	44 
340	52 
341	74 
342	59 
343	20 
344	13 
345	85 
346	75 
347	68 
348	44 
349	86 
350	89 
351	44 
352	80 
353	10 
354	80 
355	42 
356	65 
357	61 
358	13 
359	47 
360	67 
361	32 
362	97 
363	48 
364	67 
365	94 
366	87 
367	83 
368	48 
369	25 
370	40 
371	46 
372	68 
373	53 
374	69 
375	3 
376	12 
377	26 
378	84 
379	3 
380	16 
381	34 
382	11 
383	56 
384	61 
385	62 
386	27 
387	38 
388	56 
389	55 
390	71 
391	81 
392	89 
393	51 
394	41 
395	40 
396	35 
397	71 
398	89 
399	62 
400	23 
401	86 
402	78 
403	56 
404	86 
405	71 
406	14 
407	61 
408	87 
409	35 
410	59 
411	92 
412	10 
413	18 
414	13 
415	88 
416	69 
417	20 
418	53 
419	96 
420	47 
421	22 
422	21 
423	95 
424	44 
425	52 
426	80 
427	8 
428	37 
429	34 
430	14 
431	2 
432	85 
433	97 
434	28 
435	92 
436	1 
437	48 
438	41 
439	41 
440	80 
441	42 
442	79 
443	76 
444	11 
445	38 
446	46 
447	69 
448	12 
449	41 
450	62 
451	75 
452	59 
453	83 
454	73 
455	36 
456	3 
457	46 
458	71 
459	55 
460	39 
461	69 
462	80 
463	69 
464	34 
465	20 
466	66 
467	77 
468	38 
469	10 
470	52 
471	74 
472	60 
473	56 
474	11 
475	96 
476	33 
477	56 
478	5 
479	47 
480	76 
481	36 
482	55 
483	58 
484	22 
485	69 
486	63 
487	76 
488	68 
489	20 
490	16 
491	22 
492	94 
493	47 
494	78 
495	13 
496	77 
497	53 
498	50 
499	67 
500	77 
501	63 
502	40 
503	47 
504	71 
505	60 
506	41 
507	26 
508	24 
509	1 
510	43 
511	86 
512	46 
513	48 
514	16 
515	44 
516	13 
517	52 
518	63 
519	34 
520	8 
521	74 
522	71 
523	56 
524	43 
525	62 
526	62 
527	89 
528	60 
529	26 
530	7 
531	18 
532	32 
533	48 
534	64 
535	1 
536	45 
537	79 
538	6 
539	95 
540	91 
541	68 
542	54 
543	62 
544	55 
545	68 
546	91 
547	30 
548	30 
549	13 
550	49 
551	15 
552	16 
553	18 
554	66 
555	15 
556	91 
557	33 
558	37 
559	71 
560	42 
561	47 
562	70 
563	57 
564	56 
565	81 
566	80 
567	74 
568	87 
569	41 
570	1 
571	29 
572	8 
573	22 
574	76 
575	42 
576	48 
577	44 
578	21 
579	8 
580	97 
581	86 
582	68 
583	93 
584	44 
585	27 
586	47 
587	75 
588	26 
589	45 
590	41 
591	54 
592	92 
593	34 
594	52 
595	81 
596	51 
597	6 
598	34 
599	46 
600	23 
601	38 
602	28 
603	70 
604	50 
605	34 
606	42 
607	43 
608	33 
609	90 
610	41 
611	41 
612	56 
613	13 
614	7 
615	34 
616	33 
617	72 
618	39 
619	21 
620	75 
621	66 
622	89 
623	87 
624	53 
625	43 
626	83 
627	58 
628	21 
629	96 
630	27 
631	53 
632	1 
633	73 
634	1 
635	88 
636	21 
637	38 
638	33 
639	95 
640	11 
641	91 
642	75 
643	83 
644	71 
645	82 
646	9 
647	56 
648	80 
649	83 
650	33 
651	11 
652	22 
653	58 
654	30 
655	61 
656	40 
657	68 
658	13 
659	77 
660	77 
661	71 
662	90 
663	89 
664	31 
665	44 
666	40 
667	60 
668	37 
669	56 
670	75 
671	60 
672	61 
673	47 
674	89 
675	67 
676	39 
677	97 
678	23 
679	52 
680	8 
681	2 
682	41 
683	13 
684	92 
685	56 
686	68 
687	23 
688	61 
689	39 
690	86 
691	60 
692	42 
693	86 
694	18 
695	71 
696	86 
697	48 
698	46 
699	41 
700	66 
701	49 
702	58 
703	52 
704	6 
705	1 
706	41 
707	1 
708	8 
709	58 
710	96 
711	9 
712	74 
713	16 
714	22 
715	81 
716	16 
717	32 
718	95 
719	61 
720	50 
721	79 
722	10 
723	76 
724	41 
725	52 
726	97 
727	12 
728	44 
729	83 
730	70 
731	37 
732	58 
733	74 
734	30 
735	41 
736	22 
737	19 
738	91 
739	3 
740	40 
741	41 
742	37 
743	12 
744	38 
745	7 
746	90 
747	61 
748	33 
749	31 
750	97 
751	87 
752	25 
753	77 
754	40 
755	42 
756	28 
757	40 
758	21 
759	95 
760	71 
761	19 
762	22 
763	12 
764	75 
765	64 
766	79 
767	16 
768	54 
769	61 
770	73 
771	56 
772	95 
773	93 
774	27 
775	13 
776	44 
777	66 
778	92 
779	48 
780	26 
781	86 
782	87 
783	34 
784	56 
785	88 
786	68 
787	10 
788	55 
789	46 
790	86 
791	73 
792	9 
793	7 
794	56 
795	50 
796	16 
797	3 
798	61 
799	61 
800	63 
801	66 
802	16 
803	40 
804	5 
805	87 
806	67 
807	74 
808	7 
809	28 
810	38 
811	88 
812	7 
813	91 
814	35 
815	6 
816	42 
817	77 
818	26 
819	33 
820	77 
821	56 
822	40 
823	75 
824	32 
825	37 
826	17 
827	1 
828	69 
829	28 
830	97 
831	32 
832	38 
833	8 
834	20 
835	46 
836	40 
837	22 
838	96 
839	9 
840	21 
841	67 
842	7 
843	60 
844	12 
845	74 
846	28 
847	27 
848	94 
849	44 
850	34 
851	9 
852	1 
853	14 
854	48 
855	50 
856	82 
857	1 
858	6 
859	53 
860	24 
861	10 
862	79 
863	66 
864	44 
865	41 
866	55 
867	46 
868	92 
869	46 
870	56 
871	76 
872	6 
873	86 
874	22 
875	63 
876	74 
877	58 
878	13 
879	95 
880	18 
881	91 
882	60 
883	11 
884	25 
885	97 
886	39 
887	27 
888	76 
889	38 
890	6 
891	55 
892	34 
893	51 
894	81 
895	3 
896	83 
897	44 
898	71 
899	18 
900	48 
901	1 
902	35 
903	65 
904	68 
905	76 
906	34 
907	38 
908	23 
909	76 
910	3 
911	9 
912	45 
913	96 
914	13 
915	3 
916	59 
917	9 
918	42 
919	49 
920	52 
921	32 
922	95 
923	43 
924	53 
925	63 
926	56 
927	28 
928	63 
929	81 
930	80 
931	44 
932	27 
933	12 
934	22 
935	17 
936	16 
937	21 
938	38 
939	69 
940	45 
941	26 
942	69 
943	29 
944	93 
945	66 
946	5 
947	61 
948	48 
949	43 
950	51 
951	85 
952	52 
953	77 
954	65 
955	14 
956	95 
957	46 
958	53 
959	39 
960	15 
961	45 
962	14 
963	76 
964	83 
965	69 
966	75 
967	27 
968	56 
969	62 
970	77 
971	36 
972	8 
973	52 
974	34 
975	30 
976	72 
977	69 
978	69 
979	97 
980	84 
981	31 
982	40 
983	37 
984	69 
985	69 
986	49 
987	23 
988	96 
989	81 
990	10 
991	84 
992	20 
993	96 
994	8 
995	18 
996	74 
997	46 
998	40 
999	41 
1000	87 
1001	91 
1002	34 
1003	83 
1004	89 
1005	67 
1006	77 
1007	59 
1008	11 
1009	5 
1010	76 
1011	45 
1012	19 
1013	73 
1014	23 
1015	51 
1016	10 
1017	83 
1018	71 
1019	39 
1020	36 
1021	27 
1022	39 
1023	72 
1024	20 
1025	30 
1026	22 
1027	79 
1028	64 
1029	6 
1030	7 
1031	76 
1032	46 
1033	28 
1034	58 
1035	27 
1036	18 
1037	21 
1038	7 
1039	62 
1040	40 
1041	34 
1042	42 
1043	6 
1044	59 
1045	38 
1046	86 
1047	92 
1048	13 
1049	67 
1050	72 
1051	71 
1052	95 
1053	50 
1054	8 
1055	14 
1056	46 
1057	21 
1058	22 
1059	44 
1060	95 
1061	7 
1062	24 
1063	67 
1064	66 
1065	1 
1066	86 
1067	86 
1068	53 
1069	37 
1070	28 
1071	86 
1072	26 
1073	77 
1074	76 
1075	21 
1076	59 
1077	94 
1078	51 
1079	38 
1080	89 
1081	79 
1082	69 
1083	34 
1084	18 
1085	20 
1086	30 
1087	81 
1088	91 
1089	25 
1090	14 
1091	91 
1092	21 
1093	84 
1094	61 
1095	89 
1096	21 
1097	76 
1098	91 
1099	3 
1100	91 
1101	19 
1102	23 
1103	32 
1104	7 
1105	56 
1106	51 
1107	74 
1108	1 
1109	28 
1110	10 
1111	22 
1112	1 
1113	69 
1114	22 
1115	56 
1116	71 
1117	38 
1118	12 
1119	59 
1120	92 
1121	21 
1122	86 
1123	22 
1124	72 
1125	30 
1126	4 
1127	75 
1128	91 
1129	56 
1130	19 
1131	20 
1132	16 
1133	86 
1134	82 
1135	12 
1136	87 
1137	16 
1138	44 
1139	34 
1140	33 
1141	22 
1142	75 
1143	72 
1144	15 
1145	92 
1146	9 
1147	42 
1148	9 
1149	1 
1150	6 
1151	41 
1152	27 
1153	75 
1154	65 
1155	53 
1156	1 
1157	28 
1158	67 
1159	63 
1160	82 
1161	86 
1162	39 
1163	40 
1164	44 
1165	86 
1166	71 
1167	38 
1168	76 
1169	84 
1170	58 
1171	25 
1172	55 
1173	42 
1174	91 
1175	21 
1176	80 
1177	37 
1178	58 
1179	9 
1180	1 
1181	59 
1182	43 
1183	12 
1184	80 
1185	97 
1186	68 
1187	17 
1188	40 
1189	97 
1190	79 
1191	28 
1192	38 
1193	66 
1194	64 
1195	74 
1196	24 
1197	9 
1198	15 
1199	55 
1200	96 
1201	16 
1202	84 
1203	63 
1204	39 
1205	2 
1206	66 
1207	75 
1208	53 
1209	21 
1210	86 
1211	52 
1212	16 
1213	52 
1214	19 
1215	67 
1216	7 
1217	8 
1218	12 
1219	43 
1220	13 
1221	53 
1222	87 
1223	96 
1224	27 
1225	51 
1226	85 
1227	87 
1228	87 
1229	84 
1230	7 
1231	82 
1232	24 
1233	22 
1234	52 
1235	62 
1236	20 
1237	42 
1238	43 
1239	1 
1240	44 
1241	57 
1242	27 
1243	58 
1244	40 
1245	16 
1246	1 
1247	80 
1248	52 
1249	76 
1250	45 
1251	21 
1252	62 
1253	79 
1254	66 
1255	31 
1256	11 
1257	70 
1258	22 
1259	4 
1260	16 
1261	3 
1262	58 
1263	21 
1264	40 
1265	47 
1266	34 
1267	40 
1268	15 
1269	41 
1270	13 
1271	42 
1272	62 
1273	10 
1274	86 
1275	53 
1276	8 
1277	41 
1278	50 
1279	45 
1280	97 
1281	75 
1282	34 
1283	8 
1284	13 
1285	45 
1286	8 
1287	59 
1288	73 
1289	61 
1290	79 
1291	79 
1292	19 
1293	43 
1294	85 
1295	40 
1296	37 
1297	32 
1298	16 
1299	38 
1300	18 
1301	47 
1302	53 
1303	44 
1304	64 
1305	32 
1306	3 
1307	78 
1308	42 
1309	22 
1310	56 
1311	38 
1312	95 
1313	9 
1314	86 
1315	3 
1316	58 
1317	8 
1318	85 
1319	91 
1320	91 
1321	95 
1322	89 
1323	55 
1324	29 
1325	75 
1326	35 
1327	51 
1328	10 
1329	34 
1330	20 
1331	25 
1332	12 
1333	85 
1334	81 
1335	89 
1336	44 
1337	63 
1338	60 
1339	77 
1340	20 
1341	59 
1342	89 
1343	20 
1344	91 
1345	27 
1346	58 
1347	76 
1348	31 
1349	15 
1350	1 
1351	40 
1352	22 
1353	85 
1354	33 
1355	21 
1356	76 
1357	58 
1358	13 
1359	44 
1360	59 
1361	81 
1362	1 
1363	89 
1364	31 
1365	85 
1366	46 
1367	21 
1368	76 
1369	10 
1370	21 
1371	38 
1372	74 
1373	90 
1374	9 
1375	16 
1376	71 
1377	54 
1378	9 
1379	60 
1380	37 
1381	49 
1382	92 
1383	87 
1384	34 
1385	75 
1386	40 
1387	46 
1388	27 
1389	20 
1390	83 
1391	3 
1392	72 
1393	46 
1394	56 
1395	28 
1396	84 
1397	16 
1398	48 
1399	58 
1400	56 
1401	27 
1402	77 
1403	89 
1404	21 
1405	16 
1406	76 
1407	5 
1408	7 
1409	31 
1410	88 
1411	70 
1412	16 
1413	1 
1414	11 
1415	29 
1416	42 
1417	71 
1418	34 
1419	37 
1420	47 
1421	10 
1422	59 
1423	45 
1424	16 
1425	16 
1426	80 
1427	61 
1428	10 
1429	38 
1430	30 
1431	66 
1432	75 
1433	87 
1434	5 
1435	51 
1436	13 
1437	88 
1438	20 
1439	2 
1440	21 
1441	73 
1442	18 
1443	59 
1444	29 
1445	87 
1446	13 
1447	57 
1448	10 
1449	33 
1450	62 
1451	16 
1452	61 
1453	89 
1454	37 
1455	66 
1456	13 
1457	27 
1458	17 
1459	85 
1460	40 
1461	68 
1462	28 
1463	19 
1464	39 
1465	53 
1466	3 
1467	11 
1468	13 
1469	18 
1470	67 
1471	82 
1472	48 
1473	55 
1474	17 
1475	59 
1476	71 
1477	45 
1478	27 
1479	43 
1480	79 
1481	56 
1482	35 
1483	12 
1484	96 
1485	39 
1486	95 
1487	34 
1488	69 
1489	86 
1490	17 
1491	66 
1492	66 
1493	74 
1494	28 
1495	55 
1496	38 
1497	3 
1498	50 
1499	42 
1500	56 
1501	96 
1502	69 
1503	84 
1504	48 
1505	10 
1506	7 
1507	89 
1508	22 
1509	63 
1510	9 
1511	56 
1512	63 
1513	69 
1514	28 
1515	25 
1516	75 
1517	39 
1518	51 
1519	60 
1520	49 
1521	49 
1522	92 
1523	67 
1524	33 
1525	93 
1526	76 
1527	22 
1528	82 
1529	1 
1530	33 
1531	15 
1532	75 
1533	74 
1534	6 
1535	3 
1536	58 
1537	7 
1538	87 
1539	61 
1540	34 
1541	71 
1542	82 
1543	28 
1544	54 
1545	92 
1546	1 
1547	81 
1548	25 
1549	80 
1550	94 
1551	41 
1552	18 
1553	56 
1554	7 
1555	67 
1556	13 
1557	14 
1558	22 
1559	75 
1560	46 
1561	28 
1562	85 
1563	75 
1564	67 
1565	13 
1566	22 
1567	46 
1568	22 
1569	72 
1570	89 
1571	39 
1572	42 
1573	45 
1574	76 
1575	71 
1576	71 
1577	46 
1578	56 
1579	45 
1580	76 
1581	73 
1582	33 
1583	64 
1584	2 
1585	38 
1586	91 
1587	56 
1588	62 
1589	78 
1590	44 
1591	4 
1592	34 
1593	78 
1594	29 
1595	48 
1596	56 
1597	89 
1598	78 
1599	8 
1600	91 
1601	27 
1602	39 
1603	49 
1604	83 
1605	63 
1606	56 
1607	8 
1608	44 
1609	21 
1610	87 
1611	91 
1612	21 
1613	67 
1614	91 
1615	73 
1616	40 
1617	12 
1618	26 
1619	41 
1620	92 
1621	46 
1622	29 
1623	15 
1624	19 
1625	87 
1626	89 
1627	7 
1628	79 
1629	12 
1630	70 
1631	67 
1632	42 
1633	7 
1634	93 
1635	61 
1636	48 
1637	66 
1638	67 
1639	47 
1640	10 
1641	29 
1642	56 
1643	46 
1644	13 
1645	81 
1646	35 
1647	88 
1648	85 
1649	77 
1650	85 
1651	34 
1652	58 
1653	59 
1654	71 
1655	21 
1656	3 
1657	67 
1658	95 
1659	78 
1660	48 
1661	8 
1662	21 
1663	2 
1664	50 
1665	30 
1666	31 
1667	9 
1668	92 
1669	9 
1670	81 
1671	3 
1672	16 
1673	46 
1674	63 
1675	29 
1676	20 
1677	50 
1678	94 
1679	41 
1680	59 
1681	93 
1682	89 
1683	13 
1684	32 
1685	33 
1686	33 
1687	83 
1688	81 
1689	14 
1690	4 
1691	67 
1692	46 
1693	12 
1694	64 
1695	58 
1696	48 
1697	76 
1698	16 
1699	27 
1700	90 
1701	40 
1702	44 
1703	52 
1704	89 
1705	37 
1706	79 
1707	86 
1708	13 
1709	66 
1710	32 
1711	60 
1712	66 
1713	89 
1714	8 
1715	58 
1716	71 
1717	47 
1718	55 
1719	22 
1720	76 
1721	85 
1722	66 
1723	66 
1724	10 
1725	11 
1726	16 
1727	96 
1728	13 
1729	61 
1730	42 
1731	92 
1732	16 
1733	11 
1734	81 
1735	87 
1736	86 
1737	85 
1738	80 
1739	58 
1740	74 
1741	74 
1742	59 
1743	70 
1744	48 
1745	29 
1746	26 
1747	80 
1748	12 
1749	45 
1750	64 
1751	58 
1752	28 
1753	20 
1754	42 
1755	42 
1756	53 
1757	26 
1758	79 
1759	44 
1760	51 
1761	12 
1762	22 
1763	1 
1764	77 
1765	74 
1766	20 
1767	91 
1768	15 
1769	18 
1770	46 
1771	45 
1772	64 
1773	71 
1774	14 
1775	5 
1776	33 
1777	6 
1778	67 
1779	37 
1780	97 
1781	78 
1782	82 
1783	13 
1784	67 
1785	53 
1786	61 
1787	86 
1788	95 
1789	86 
1790	91 
1791	46 
1792	1 
1793	51 
1794	14 
1795	59 
1796	11 
1797	86 
1798	45 
1799	79 
1800	48 
1801	63 
1802	14 
1803	14 
1804	47 
1805	48 
1806	2 
1807	39 
1808	67 
1809	92 
1810	91 
1811	60 
1812	44 
1813	32 
1814	17 
1815	58 
1816	92 
1817	23 
1818	1 
1819	68 
1820	68 
1821	92 
1822	37 
1823	34 
1824	76 
1825	53 
1826	28 
1827	44 
1828	86 
1829	39 
1830	1 
1831	62 
1832	75 
1833	12 
1834	84 
1835	83 
1836	1 
1837	28 
1838	85 
1839	85 
1840	69 
1841	40 
1842	39 
1843	20 
1844	14 
1845	34 
1846	29 
1847	80 
1848	84 
1849	30 
1850	34 
1851	95 
1852	69 
1853	19 
1854	84 
1855	33 
1856	38 
1857	65 
1858	66 
1859	21 
1860	13 
1861	53 
1862	14 
1863	61 
1864	9 
1865	20 
1866	90 
1867	85 
1868	86 
1869	56 
1870	45 
1871	6 
1872	61 
1873	96 
1874	77 
1875	92 
1876	14 
1877	38 
1878	3 
1879	34 
1880	42 
1881	56 
1882	84 
1883	97 
1884	7 
1885	1 
1886	58 
1887	37 
1888	86 
1889	50 
1890	53 
1891	60 
1892	25 
1893	75 
1894	29 
1895	68 
1896	43 
1897	69 
1898	95 
1899	92 
1900	56 
1901	30 
1902	75 
1903	96 
1904	68 
1905	38 
1906	10 
1907	58 
1908	75 
1909	72 
1910	24 
1911	3 
1912	12 
1913	71 
1914	3 
1915	40 
1916	14 
1917	48 
1918	92 
1919	74 
1920	84 
1921	9 
1922	43 
1923	93 
1924	10 
1925	56 
1926	1 
1927	74 
1928	16 
1929	58 
1930	19 
1931	91 
1932	66 
1933	85 
1934	67 
1935	48 
1936	83 
1937	38 
1938	48 
1939	69 
1940	91 
1941	44 
1942	22 
1943	21 
1944	86 
1945	6 
1946	80 
1947	82 
1948	69 
1949	1 
1950	27 
1951	12 
1952	66 
1953	83 
1954	45 
1955	56 
1956	46 
1957	96 
1958	31 
1959	75 
1960	41 
1961	96 
1962	58 
1963	8 
1964	91 
1965	75 
1966	78 
1967	64 
1968	82 
1969	52 
1970	85 
1971	67 
1972	97 
1973	71 
1974	27 
1975	71 
1976	47 
1977	66 
1978	15 
1979	81 
1980	80 
1981	76 
1982	8 
1983	67 
1984	21 
1985	13 
1986	33 
1987	72 
1988	74 
1989	90 
1990	9 
1991	43 
1992	62 
1993	81 
1994	51 
1995	47 
1996	45 
1997	8 
1998	27 
1999	73 
2000	18 
2001	53 
2002	9 
2003	82 
2004	55 
2005	85 
2006	69 
2007	50 
2008	85 
2009	71 
2010	17 
2011	91 
2012	80 
2013	17 
2014	11 
2015	86 
2016	16 
2017	58 
2018	16 
2019	1 
2020	51 
2021	40 
2022	46 
2023	16 
2024	22 
2025	97 
2026	68 
2027	96 
2028	90 
2029	40 
2030	13 
2031	67 
2032	33 
2033	80 
2034	29 
2035	76 
2036	45 
2037	7 
2038	48 
2039	59 
2040	67 
2041	91 
2042	1 
2043	64 
2044	66 
2045	59 
2046	76 
2047	21 
2048	39 
2049	88 
2050	96 
2051	42 
2052	3 
2053	16 
2054	48 
2055	76 
2056	63 
2057	96 
2058	39 
2059	77 
2060	28 
2061	61 
2062	58 
2063	21 
2064	43 
2065	73 
2066	22 
2067	95 
2068	13 
2069	12 
2070	33 
2071	63 
2072	25 
2073	42 
2074	48 
2075	40 
2076	46 
2077	77 
2078	66 
2079	67 
2080	35 
2081	20 
2082	25 
2083	96 
2084	13 
2085	1 
2086	33 
2087	41 
2088	84 
2089	13 
2090	33 
2091	92 
2092	13 
2093	53 
2094	20 
2095	76 
2096	65 
2097	27 
2098	13 
2099	71 
2100	15 
2101	86 
2102	58 
2103	8 
2104	48 
2105	39 
2106	93 
2107	91 
2108	80 
2109	15 
2110	7 
2111	92 
2112	41 
2113	4 
2114	11 
2115	84 
2116	37 
2117	23 
2118	75 
2119	3 
2120	53 
2121	53 
2122	17 
2123	26 
2124	39 
2125	92 
2126	37 
2127	37 
2128	74 
2129	53 
2130	38 
2131	93 
2132	8 
2133	85 
2134	48 
2135	77 
2136	62 
2137	1 
2138	60 
2139	80 
2140	69 
2141	93 
2142	9 
2143	2 
2144	87 
2145	51 
2146	2 
2147	45 
2148	60 
2149	8 
2150	79 
2151	41 
2152	56 
2153	3 
2154	28 
2155	14 
2156	63 
2157	76 
2158	89 
2159	71 
2160	97 
2161	92 
2162	77 
2163	50 
2164	45 
2165	7 
2166	58 
2167	58 
2168	39 
2169	48 
2170	85 
2171	3 
2172	42 
2173	59 
2174	70 
2175	13 
2176	87 
2177	48 
2178	86 
2179	5 
2180	54 
2181	43 
2182	84 
2183	13 
2184	72 
2185	40 
2186	38 
2187	3 
2188	80 
2189	22 
2190	40 
2191	63 
2192	85 
2193	95 
2194	57 
2195	50 
2196	16 
2197	63 
2198	67 
2199	61 
2200	95 
2201	50 
2202	33 
2203	11 
2204	24 
2205	31 
2206	20 
2207	57 
2208	55 
2209	62 
2210	83 
2211	26 
2212	56 
2213	12 
2214	60 
2215	89 
2216	64 
2217	9 
2218	86 
2219	73 
2220	48 
2221	36 
2222	16 
2223	73 
2224	87 
2225	83 
2226	88 
2227	49 
2228	72 
2229	46 
2230	66 
2231	76 
2232	16 
2233	30 
2234	47 
2235	79 
2236	64 
2237	79 
2238	69 
2239	94 
2240	48 
2241	18 
2242	36 
2243	44 
2244	39 
2245	85 
2246	29 
2247	17 
2248	76 
2249	67 
2250	54 
2251	21 
2252	57 
2253	50 
2254	44 
2255	48 
2256	56 
2257	49 
2258	23 
2259	12 
2260	52 
2261	16 
2262	97 
2263	22 
2264	91 
2265	7 
2266	41 
2267	42 
2268	33 
2269	90 
2270	20 
2271	33 
2272	64 
2273	95 
2274	80 
2275	36 
2276	93 
2277	9 
2278	75 
2279	46 
2280	69 
2281	4 
2282	17 
2283	68 
2284	78 
2285	92 
2286	89 
2287	66 
2288	92 
2289	8 
2290	15 
2291	59 
2292	79 
2293	21 
2294	91 
2295	92 
2296	69 
2297	45 
2298	84 
2299	49 
2300	43 
2301	66 
2302	40 
2303	44 
2304	69 
2305	59 
2306	83 
2307	38 
2308	34 
2309	26 
2310	72 
2311	46 
2312	89 
2313	46 
2314	20 
2315	17 
2316	56 
2317	30 
2318	90 
2319	67 
2320	58 
2321	96 
2322	66 
2323	60 
2324	9 
2325	29 
2326	9 
2327	59 
2328	58 
2329	77 
2330	15 
2331	13 
2332	37 
2333	22 
2334	67 
2335	69 
2336	48 
2337	8 
2338	32 
2339	37 
2340	87 
2341	69 
2342	45 
2343	55 
2344	71 
2345	44 
2346	5 
2347	56 
2348	66 
2349	48 
2350	7 
2351	86 
2352	69 
2353	38 
2354	95 
2355	72 
2356	51 
2357	43 
2358	12 
2359	71 
2360	8 
2361	59 
2362	25 
2363	43 
2364	27 
2365	59 
2366	67 
2367	6 
2368	69 
2369	10 
2370	43 
2371	33 
2372	16 
2373	85 
2374	69 
2375	24 
2376	41 
2377	50 
2378	24 
2379	10 
2380	33 
2381	73 
2382	75 
2383	68 
2384	22 
2385	3 
2386	51 
2387	44 
2388	96 
2389	2 
2390	31 
2391	44 
2392	87 
2393	3 
2394	83 
2395	63 
2396	56 
2397	79 
2398	11 
2399	33 
2400	68 
2401	70 
2402	65 
2403	27 
2404	45 
2405	85 
2406	46 
2407	71 
2408	46 
2409	45 
2410	9 
2411	79 
2412	91 
2413	41 
2414	89 
2415	63 
2416	45 
2417	55 
2418	85 
2419	88 
2420	75 
2421	86 
2422	60 
2423	90 
2424	18 
2425	93 
2426	35 
2427	60 
2428	41 
2429	41 
2430	39 
2431	68 
2432	82 
2433	91 
2434	82 
2435	48 
2436	87 
2437	40 
2438	90 
2439	6 
2440	44 
2441	92 
2442	3 
2443	8 
2444	85 
2445	89 
2446	21 
2447	11 
2448	49 
2449	53 
2450	28 
2451	41 
2452	25 
2453	7 
2454	18 
2455	72 
2456	1 
2457	26 
2458	95 
2459	48 
2460	42 
2461	38 
2462	20 
2463	38 
2464	68 
2465	13 
2466	53 
2467	42 
2468	66 
2469	5 
2470	40 
2471	33 
2472	66 
2473	16 
2474	57 
2475	21 
2476	78 
2477	8 
2478	67 
2479	28 
2480	40 
2481	40 
2482	50 
2483	10 
2484	69 
2485	42 
2486	25 
2487	22 
2488	16 
2489	13 
2490	13 
2491	56 
2492	20 
2493	83 
2494	11 
2495	92 
2496	34 
2497	4 
2498	77 
2499	48 
2500	10 
2501	13 
2502	46 
2503	63 
2504	25 
2505	17 
2506	1 
2507	48 
2508	60 
2509	86 
2510	60 
2511	74 
2512	79 
2513	45 
2514	10 
2515	66 
2516	92 
2517	76 
2518	64 
2519	14 
2520	42 
2521	35 
2522	40 
2523	20 
2524	11 
2525	3 
2526	46 
2527	85 
2528	80 
2529	48 
2530	33 
2531	44 
2532	19 
2533	46 
2534	61 
2535	41 
2536	53 
2537	36 
2538	53 
2539	46 
2540	91 
2541	71 
2542	92 
2543	89 
2544	79 
2545	86 
2546	67 
2547	42 
2548	26 
2549	81 
2550	16 
2551	76 
2552	74 
2553	38 
2554	40 
2555	91 
2556	26 
2557	22 
2558	91 
2559	95 
2560	82 
2561	22 
2562	7 
2563	33 
2564	16 
2565	22 
2566	22 
2567	27 
2568	31 
2569	9 
2570	18 
2571	12 
2572	81 
2573	14 
2574	21 
2575	38 
2576	8 
2577	21 
2578	86 
2579	68 
2580	48 
2581	3 
2582	61 
2583	66 
2584	16 
2585	22 
2586	86 
2587	69 
2588	90 
2589	43 
2590	37 
2591	9 
2592	74 
2593	36 
2594	69 
2595	45 
2596	42 
2597	75 
2598	35 
2599	82 
2600	9 
2601	84 
2602	36 
2603	1 
2604	63 
2605	5 
2606	4 
2607	21 
2608	32 
2609	75 
2610	34 
2611	95 
2612	58 
2613	4 
2614	59 
2615	53 
2616	16 
2617	54 
2618	39 
2619	87 
2620	60 
2621	61 
2622	72 
2623	16 
2624	16 
2625	28 
2626	39 
2627	20 
2628	68 
2629	92 
2630	76 
2631	20 
2632	2 
2633	21 
2634	24 
2635	13 
2636	18 
2637	6 
2638	28 
2639	27 
2640	33 
2641	7 
2642	38 
2643	85 
2644	88 
2645	69 
2646	86 
2647	56 
2648	58 
2649	80 
2650	62 
2651	6 
2652	39 
2653	61 
2654	95 
2655	15 
2656	91 
2657	45 
2658	34 
2659	70 
2660	52 
2661	91 
2662	47 
2663	76 
2664	78 
2665	26 
2666	58 
2667	51 
2668	88 
2669	40 
2670	47 
2671	36 
2672	66 
2673	85 
2674	77 
2675	39 
2676	40 
2677	86 
2678	27 
2679	4 
2680	57 
2681	16 
2682	89 
2683	30 
2684	34 
2685	73 
2686	21 
2687	13 
2688	8 
2689	50 
2690	82 
2691	69 
2692	27 
2693	58 
2694	27 
2695	91 
2696	8 
2697	70 
2698	16 
2699	28 
2700	3 
2701	38 
2702	3 
2703	12 
2704	85 
2705	67 
2706	1 
2707	69 
2708	75 
2709	7 
2710	64 
2711	62 
2712	58 
2713	38 
2714	32 
2715	27 
2716	64 
2717	33 
2718	3 
2719	8 
2720	86 
2721	57 
2722	58 
2723	61 
2724	89 
2725	86 
2726	47 
2727	46 
2728	56 
2729	21 
2730	66 
2731	8 
2732	38 
2733	9 
2734	86 
2735	40 
2736	67 
2737	91 
2738	67 
2739	3 
2740	47 
2741	97 
2742	6 
2743	89 
2744	41 
2745	18 
2746	71 
2747	29 
2748	85 
2749	19 
2750	56 
2751	27 
2752	40 
2753	64 
2754	71 
2755	79 
2756	69 
2757	89 
2758	18 
2759	81 
2760	70 
2761	89 
2762	26 
2763	86 
2764	47 
2765	65 
2766	80 
2767	86 
2768	37 
2769	56 
2770	22 
2771	60 
2772	69 
2773	42 
2774	16 
2775	13 
2776	24 
2777	38 
2778	55 
2779	21 
2780	20 
2781	50 
2782	22 
2783	9 
2784	14 
2785	44 
2786	41 
2787	39 
2788	66 
2789	8 
2790	9 
2791	3 
2792	22 
2793	53 
2794	77 
2795	20 
2796	41 
2797	13 
2798	23 
2799	21 
2800	15 
2801	20 
2802	12 
2803	67 
2804	79 
2805	43 
2806	68 
2807	67 
2808	34 
2809	85 
2810	18 
2811	6 
2812	14 
2813	5 
2814	5 
2815	48 
2816	61 
2817	89 
2818	94 
2819	91 
2820	58 
2821	62 
2822	57 
2823	27 
2824	85 
2825	15 
2826	48 
2827	92 
2828	28 
2829	69 
2830	8 
2831	13 
2832	46 
2833	27 
2834	48 
2835	77 
2836	60 
2837	20 
2838	63 
2839	40 
2840	33 
2841	40 
2842	44 
2843	30 
2844	41 
2845	11 
2846	22 
2847	83 
2848	31 
2849	8 
2850	29 
2851	50 
2852	55 
2853	6 
2854	53 
2855	66 
2856	38 
2857	1 
2858	40 
2859	95 
2860	40 
2861	34 
2862	8 
2863	96 
2864	78 
2865	10 
2866	71 
2867	41 
2868	92 
2869	86 
2870	74 
2871	41 
2872	40 
2873	21 
2874	10 
2875	63 
2876	67 
2877	41 
2878	9 
2879	19 
2880	22 
2881	95 
2882	48 
2883	37 
2884	57 
2885	8 
2886	16 
2887	78 
2888	69 
2889	21 
2890	73 
2891	3 
2892	56 
2893	2 
2894	47 
2895	48 
2896	15 
2897	89 
2898	41 
2899	72 
2900	11 
2901	16 
2902	37 
2903	76 
2904	16 
2905	42 
2906	71 
2907	74 
2908	44 
2909	69 
2910	95 
2911	8 
2912	18 
2913	28 
2914	91 
2915	56 
2916	76 
2917	94 
2918	44 
2919	57 
2920	23 
2921	33 
2922	48 
2923	70 
2924	90 
2925	92 
2926	85 
2927	1 
2928	37 
2929	4 
2930	16 
2931	4 
2932	16 
2933	79 
2934	84 
2935	85 
2936	53 
2937	22 
2938	24 
2939	82 
2940	58 
2941	76 
2942	38 
2943	92 
2944	11 
2945	32 
2946	7 
2947	26 
2948	60 
2949	81 
2950	89 
2951	90 
2952	89 
2953	42 
2954	90 
2955	9 
2956	88 
2957	41 
2958	40 
2959	66 
2960	64 
2961	78 
2962	56 
2963	12 
2964	41 
2965	14 
2966	42 
2967	40 
2968	26 
2969	16 
2970	41 
2971	27 
2972	80 
2973	38 
2974	2 
2975	91 
2976	20 
2977	1 
2978	67 
2979	89 
2980	84 
2981	38 
2982	21 
2983	80 
2984	14 
2985	37 
2986	62 
2987	8 
2988	45 
2989	21 
2990	7 
2991	79 
2992	16 
2993	66 
2994	48 
2995	52 
2996	76 
2997	86 
2998	11 
2999	67 
3000	74 
3001	40 
3002	65 
3003	41 
3004	42 
3005	1 
3006	69 
3007	67 
3008	2 
3009	67 
3010	51 
3011	60 
3012	33 
3013	61 
3014	58 
3015	56 
3016	12 
3017	13 
3018	47 
3019	16 
3020	60 
3021	47 
3022	37 
3023	80 
3024	38 
3025	67 
3026	75 
3027	33 
3028	52 
3029	56 
3030	22 
3031	17 
3032	81 
3033	2 
3034	27 
3035	44 
3036	64 
3037	48 
3038	24 
3039	94 
3040	58 
3041	34 
3042	69 
3043	65 
3044	58 
3045	68 
3046	32 
3047	94 
3048	9 
3049	26 
3050	20 
3051	15 
3052	63 
3053	81 
3054	79 
3055	84 
3056	61 
3057	78 
3058	15 
3059	6 
3060	59 
3061	28 
3062	32 
3063	76 
3064	86 
3065	66 
3066	8 
3067	86 
3068	35 
3069	81 
3070	57 
3071	8 
3072	21 
3073	71 
3074	44 
3075	23 
3076	55 
3077	36 
3078	14 
3079	81 
3080	68 
3081	22 
3082	69 
3083	16 
3084	2 
3085	40 
3086	17 
3087	23 
3088	13 
3089	78 
3090	85 
3091	92 
3092	17 
3093	46 
3094	48 
3095	44 
3096	85 
3097	82 
3098	52 
3099	7 
3100	13 
3101	68 
3102	88 
3103	31 
3104	40 
3105	48 
3106	85 
3107	69 
3108	64 
3109	37 
3110	16 
3111	73 
3112	33 
3113	97 
3114	15 
3115	39 
3116	27 
3117	16 
3118	69 
3119	66 
3120	7 
3121	4 
3122	64 
3123	66 
3124	82 
3125	74 
3126	17 
3127	38 
3128	20 
3129	21 
3130	51 
3131	15 
3132	38 
3133	33 
3134	26 
3135	84 
3136	14 
3137	86 
3138	36 
3139	92 
3140	64 
3141	32 
3142	18 
3143	23 
3144	90 
3145	67 
3146	1 
3147	9 
3148	4 
3149	4 
3150	48 
3151	63 
3152	94 
3153	8 
3154	73 
3155	28 
3156	40 
3157	74 
3158	19 
3159	14 
3160	8 
3161	32 
3162	58 
3163	37 
3164	79 
3165	48 
3166	91 
3167	16 
3168	20 
3169	13 
3170	51 
3171	32 
3172	70 
3173	85 
3174	40 
3175	84 
3176	87 
3177	40 
3178	33 
3179	22 
3180	81 
3181	66 
3182	91 
3183	46 
3184	42 
3185	10 
3186	15 
3187	1 
3188	52 
3189	38 
3190	35 
3191	86 
3192	30 
3193	7 
3194	52 
3195	25 
3196	84 
3197	52 
3198	89 
3199	90 
3200	38 
3201	92 
3202	61 
3203	92 
3204	30 
3205	57 
3206	53 
3207	53 
3208	47 
3209	80 
3210	9 
3211	20 
3212	8 
3213	67 
3214	44 
3215	44 
3216	21 
3217	67 
3218	49 
3219	60 
3220	93 
3221	1 
3222	11 
3223	5 
3224	66 
3225	16 
3226	38 
3227	13 
3228	63 
3229	9 
3230	56 
3231	27 
3232	76 
3233	25 
3234	44 
3235	56 
3236	75 
3237	41 
3238	87 
3239	66 
3240	63 
3241	67 
3242	11 
3243	90 
3244	33 
3245	12 
3246	33 
3247	83 
3248	47 
3249	16 
3250	71 
3251	69 
3252	76 
3253	41 
3254	20 
3255	91 
3256	43 
3257	48 
3258	62 
3259	21 
3260	61 
3261	56 
3262	20 
3263	6 
3264	40 
3265	70 
3266	5 
3267	76 
3268	73 
3269	34 
3270	73 
3271	69 
3272	3 
3273	18 
3274	8 
3275	71 
3276	28 
3277	76 
3278	34 
3279	7 
3280	13 
3281	43 
3282	33 
3283	53 
3284	68 
3285	79 
3286	41 
3287	45 
3288	80 
3289	70 
3290	81 
3291	27 
3292	67 
3293	78 
3294	90 
3295	58 
3296	60 
3297	52 
3298	75 
3299	61 
3300	79 
3301	40 
3302	1 
3303	1 
3304	67 
3305	82 
3306	67 
3307	48 
3308	76 
3309	71 
3310	33 
3311	44 
3312	87 
3313	33 
3314	15 
3315	57 
3316	41 
3317	41 
3318	89 
3319	46 
3320	51 
3321	53 
3322	82 
3323	58 
3324	80 
3325	6 
3326	19 
3327	77 
3328	95 
3329	91 
3330	62 
3331	49 
3332	56 
3333	1 
3334	18 
3335	66 
3336	9 
3337	27 
3338	68 
3339	71 
3340	41 
3341	61 
3342	9 
3343	41 
3344	29 
3345	38 
3346	27 
3347	68 
3348	41 
3349	75 
3350	56 
3351	75 
3352	34 
3353	48 
3354	44 
3355	65 
3356	56 
3357	80 
3358	36 
3359	41 
3360	52 
3361	81 
3362	74 
3363	20 
3364	7 
3365	22 
3366	62 
3367	46 
3368	8 
3369	24 
3370	59 
3371	13 
3372	48 
3373	38 
3374	42 
3375	77 
3376	48 
3377	1 
3378	51 
3379	53 
3380	13 
3381	79 
3382	30 
3383	83 
3384	20 
3385	88 
3386	69 
3387	48 
3388	41 
3389	7 
3390	66 
3391	54 
3392	61 
3393	33 
3394	73 
3395	21 
3396	16 
3397	50 
3398	94 
3399	33 
3400	84 
3401	81 
3402	34 
3403	43 
3404	83 
3405	86 
3406	13 
3407	3 
3408	71 
3409	94 
3410	15 
3411	76 
3412	1 
3413	64 
3414	5 
3415	79 
3416	73 
3417	88 
3418	42 
3419	58 
3420	49 
3421	91 
3422	61 
3423	7 
3424	76 
3425	25 
3426	70 
3427	77 
3428	12 
3429	22 
3430	44 
3431	14 
3432	2 
3433	75 
3434	16 
3435	66 
3436	27 
3437	80 
3438	44 
3439	12 
3440	52 
3441	28 
3442	92 
3443	34 
3444	58 
3445	1 
3446	43 
3447	16 
3448	76 
3449	60 
3450	7 
3451	80 
3452	44 
3453	69 
3454	74 
3455	56 
3456	71 
3457	56 
3458	41 
3459	11 
3460	89 
3461	16 
3462	3 
3463	71 
3464	8 
3465	48 
3466	75 
3467	56 
3468	37 
3469	41 
3470	58 
3471	8 
3472	79 
3473	67 
3474	7 
3475	71 
3476	89 
3477	58 
3478	83 
3479	7 
3480	83 
3481	28 
3482	68 
3483	97 
3484	7 
3485	43 
3486	75 
3487	83 
3488	33 
3489	25 
3490	84 
3491	89 
3492	33 
3493	75 
3494	95 
3495	97 
3496	22 
3497	6 
3498	61 
3499	9 
3500	27 
3501	75 
3502	40 
3503	71 
3504	54 
3505	10 
3506	33 
3507	37 
3508	80 
3509	13 
3510	23 
3511	66 
3512	51 
3513	87 
3514	38 
3515	44 
3516	22 
3517	67 
3518	1 
3519	62 
3520	5 
3521	70 
3522	21 
3523	45 
3524	86 
3525	34 
3526	7 
3527	86 
3528	85 
3529	87 
3530	18 
3531	77 
3532	35 
3533	37 
3534	72 
3535	96 
3536	76 
3537	61 
3538	79 
3539	67 
3540	14 
3541	56 
3542	9 
3543	71 
3544	46 
3545	53 
3546	29 
3547	38 
3548	27 
3549	28 
3550	76 
3551	28 
3552	62 
3553	86 
3554	74 
3555	64 
3556	1 
3557	37 
3558	27 
3559	40 
3560	71 
3561	70 
3562	87 
3563	52 
3564	50 
3565	71 
3566	27 
3567	85 
3568	55 
3569	36 
3570	51 
3571	22 
3572	7 
3573	58 
3574	97 
3575	91 
3576	56 
3577	65 
3578	46 
3579	27 
3580	76 
3581	41 
3582	8 
3583	60 
3584	96 
3585	46 
3586	86 
3587	16 
3588	89 
3589	7 
3590	48 
3591	47 
3592	91 
3593	19 
3594	82 
3595	83 
3596	66 
3597	79 
3598	49 
3599	80 
3600	8 
3601	62 
3602	48 
3603	75 
3604	96 
3605	20 
3606	81 
3607	37 
3608	17 
3609	80 
3610	27 
3611	27 
3612	67 
3613	28 
3614	21 
3615	42 
3616	13 
3617	64 
3618	14 
3619	49 
3620	1 
3621	97 
3622	48 
3623	95 
3624	92 
3625	80 
3626	23 
3627	34 
3628	48 
3629	41 
3630	57 
3631	89 
3632	38 
3633	67 
3634	75 
3635	75 
3636	92 
3637	38 
3638	18 
3639	42 
3640	56 
3641	7 
3642	3 
3643	41 
3644	54 
3645	41 
3646	41 
3647	56 
3648	9 
3649	89 
3650	33 
3651	74 
3652	80 
3653	1 
3654	22 
3655	42 
3656	70 
3657	40 
3658	30 
3659	51 
3660	54 
3661	87 
3662	79 
3663	63 
3664	56 
3665	6 
3666	76 
3667	26 
3668	91 
3669	62 
3670	54 
3671	44 
3672	59 
3673	92 
3674	5 
3675	85 
3676	48 
3677	62 
3678	68 
3679	48 
3680	66 
3681	10 
3682	37 
3683	95 
3684	72 
3685	87 
3686	94 
3687	75 
3688	74 
3689	85 
3690	34 
3691	34 
3692	1 
3693	34 
3694	53 
3695	17 
3696	11 
3697	48 
3698	10 
3699	68 
3700	91 
3701	38 
3702	44 
3703	33 
3704	20 
3705	8 
3706	67 
3707	94 
3708	7 
3709	75 
3710	69 
3711	88 
3712	3 
3713	58 
3714	93 
3715	75 
3716	52 
3717	55 
3718	52 
3719	17 
3720	81 
3721	27 
3722	59 
3723	7 
3724	86 
3725	76 
3726	42 
3727	23 
3728	95 
3729	67 
3730	16 
3731	53 
3732	75 
3733	86 
3734	67 
3735	92 
3736	41 
3737	41 
3738	15 
3739	34 
3740	46 
3741	86 
3742	83 
3743	4 
3744	14 
3745	89 
3746	23 
3747	50 
3748	56 
3749	94 
3750	50 
3751	87 
3752	53 
3753	27 
3754	36 
3755	64 
3756	40 
3757	20 
3758	50 
3759	26 
3760	72 
3761	39 
3762	44 
3763	68 
3764	33 
3765	68 
3766	66 
3767	85 
3768	92 
3769	53 
3770	6 
3771	67 
3772	82 
3773	68 
3774	61 
3775	3 
3776	37 
3777	22 
3778	21 
3779	66 
3780	39 
3781	16 
3782	28 
3783	10 
3784	11 
3785	28 
3786	19 
3787	14 
3788	81 
3789	79 
3790	24 
3791	5 
3792	57 
3793	75 
3794	53 
3795	14 
3796	53 
3797	3 
3798	13 
3799	2 
3800	29 
3801	30 
3802	90 
3803	75 
3804	95 
3805	81 
3806	44 
3807	11 
3808	64 
3809	75 
3810	34 
3811	34 
3812	77 
3813	92 
3814	9 
3815	96 
3816	82 
3817	97 
3818	61 
3819	67 
3820	53 
3821	86 
3822	56 
3823	89 
3824	42 
3825	3 
3826	18 
3827	51 
3828	4 
3829	15 
3830	7 
3831	36 
3832	22 
3833	79 
3834	31 
3835	63 
3836	85 
3837	63 
3838	54 
3839	71 
3840	66 
3841	68 
3842	85 
3843	74 
3844	9 
3845	47 
3846	3 
3847	69 
3848	1 
3849	66 
3850	8 
3851	4 
3852	79 
3853	24 
3854	56 
3855	91 
3856	70 
3857	76 
3858	7 
3859	67 
3860	82 
3861	71 
3862	7 
3863	85 
3864	20 
3865	1 
3866	46 
3867	1 
3868	21 
3869	28 
3870	18 
3871	89 
3872	48 
3873	61 
3874	29 
3875	79 
3876	75 
3877	81 
3878	63 
3879	61 
3880	48 
3881	44 
3882	45 
3883	40 
3884	75 
3885	34 
3886	12 
3887	13 
3888	27 
3889	79 
3890	8 
3891	62 
3892	19 
3893	33 
3894	8 
3895	4 
3896	46 
3897	35 
3898	89 
3899	69 
3900	34 
3901	9 
3902	89 
3903	85 
3904	8 
3905	74 
3906	48 
3907	22 
3908	8 
3909	82 
3910	39 
3911	48 
3912	27 
3913	52 
3914	29 
3915	7 
3916	75 
3917	86 
3918	14 
3919	69 
3920	54 
3921	53 
3922	71 
3923	53 
3924	20 
3925	22 
3926	53 
3927	41 
3928	38 
3929	61 
3930	30 
3931	65 
3932	48 
3933	47 
3934	52 
3935	83 
3936	68 
3937	79 
3938	66 
3939	50 
3940	45 
3941	44 
3942	34 
3943	24 
3944	89 
3945	29 
3946	12 
3947	75 
3948	4 
3949	59 
3950	57 
3951	82 
3952	21 
3953	11 
3954	53 
3955	53 
3956	97 
3957	67 
3958	76 
3959	46 
3960	20 
3961	23 
3962	48 
3963	69 
3964	86 
3965	58 
3966	75 
3967	58 
3968	37 
3969	40 
3970	76 
3971	73 
3972	58 
3973	53 
3974	38 
3975	74 
3976	68 
3977	92 
3978	50 
3979	1 
3980	69 
3981	69 
3982	76 
3983	51 
3984	78 
3985	89 
3986	87 
3987	48 
3988	44 
3989	92 
3990	80 
3991	71 
3992	65 
3993	61 
3994	1 
3995	22 
3996	16 
3997	8 
3998	43 
3999	59 
4000	27 
4001	80 
4002	47 
4003	16 
4004	87 
4005	83 
4006	58 
4007	91 
4008	47 
4009	36 
4010	49 
4011	58 
4012	66 
4013	65 
4014	1 
4015	86 
4016	62 
4017	15 
4018	46 
4019	5 
4020	87 
4021	15 
4022	37 
4023	89 
4024	48 
4025	33 
4026	11 
4027	63 
4028	84 
4029	34 
4030	22 
4031	21 
4032	19 
4033	41 
4034	89 
4035	93 
4036	24 
4037	48 
4038	86 
4039	40 
4040	59 
4041	70 
4042	46 
4043	65 
4044	95 
4045	46 
4046	15 
4047	69 
4048	66 
4049	81 
4050	48 
4051	19 
4052	21 
4053	41 
4054	50 
4055	68 
4056	52 
4057	71 
4058	18 
4059	69 
4060	3 
4061	94 
4062	22 
4063	56 
4064	18 
4065	58 
4066	14 
4067	77 
4068	45 
4069	25 
4070	51 
4071	77 
4072	67 
4073	12 
4074	45 
4075	92 
4076	21 
4077	87 
4078	31 
4079	86 
4080	7 
4081	66 
4082	89 
4083	9 
4084	35 
4085	33 
4086	45 
4087	1 
4088	16 
4089	79 
4090	91 
4091	7 
4092	86 
4093	27 
4094	49 
4095	93 
4096	37 
4097	1 
4098	24 
4099	91 
4100	94 
4101	9 
4102	23 
4103	92 
4104	93 
4105	38 
4106	13 
4107	50 
4108	81 
4109	53 
4110	19 
4111	35 
4112	22 
4113	74 
4114	87 
4115	44 
4116	54 
4117	8 
4118	63 
4119	16 
4120	47 
4121	51 
4122	22 
4123	88 
4124	96 
4125	38 
4126	66 
4127	47 
4128	70 
4129	83 
4130	9 
4131	92 
4132	12 
4133	25 
4134	33 
4135	96 
4136	90 
4137	23 
4138	33 
4139	8 
4140	12 
4141	88 
4142	3 
4143	1 
4144	19 
4145	22 
4146	57 
4147	20 
4148	28 
4149	68 
4150	75 
4151	58 
4152	73 
4153	83 
4154	19 
4155	72 
4156	50 
4157	94 
4158	58 
4159	89 
4160	9 
4161	61 
4162	73 
4163	56 
4164	51 
4165	68 
4166	63 
4167	51 
4168	83 
4169	72 
4170	20 
4171	36 
4172	2 
4173	71 
4174	83 
4175	11 
4176	34 
4177	3 
4178	21 
4179	34 
4180	28 
4181	42 
4182	8 
4183	70 
4184	77 
4185	33 
4186	1 
4187	84 
4188	15 
4189	54 
4190	46 
4191	67 
4192	8 
4193	80 
4194	85 
4195	32 
4196	68 
4197	49 
4198	67 
4199	71 
4200	40 
4201	10 
4202	25 
4203	95 
4204	36 
4205	31 
4206	44 
4207	3 
4208	92 
4209	73 
4210	51 
4211	52 
4212	58 
4213	64 
4214	86 
4215	41 
4216	37 
4217	3 
4218	8 
4219	16 
4220	53 
4221	91 
4222	54 
4223	62 
4224	96 
4225	10 
4226	26 
4227	38 
4228	57 
4229	61 
4230	86 
4231	19 
4232	76 
4233	68 
4234	37 
4235	24 
4236	92 
4237	72 
4238	21 
4239	40 
4240	69 
4241	96 
4242	33 
4243	7 
4244	34 
4245	20 
4246	45 
4247	75 
4248	41 
4249	47 
4250	22 
4251	63 
4252	27 
4253	27 
4254	77 
4255	97 
4256	44 
4257	48 
4258	91 
4259	44 
4260	52 
4261	80 
4262	77 
4263	56 
4264	74 
4265	48 
4266	40 
4267	55 
4268	46 
4269	95 
4270	22 
4271	63 
4272	33 
4273	15 
4274	79 
4275	22 
4276	40 
4277	3 
4278	95 
4279	69 
4280	69 
4281	12 
4282	20 
4283	45 
4284	81 
4285	41 
4286	18 
4287	7 
4288	46 
4289	8 
4290	86 
4291	10 
4292	60 
4293	45 
4294	85 
4295	20 
4296	86 
4297	67 
4298	56 
4299	45 
4300	44 
4301	33 
4302	34 
4303	70 
4304	3 
4305	76 
4306	48 
4307	37 
4308	32 
4309	75 
4310	3 
4311	42 
4312	24 
4313	69 
4314	45 
4315	71 
4316	41 
4317	48 
4318	69 
4319	43 
4320	86 
4321	12 
4322	44 
4323	73 
4324	46 
4325	46 
4326	84 
4327	56 
4328	71 
4329	34 
4330	37 
4331	74 
4332	16 
4333	41 
4334	9 
4335	60 
4336	43 
4337	66 
4338	85 
4339	92 
4340	9 
4341	24 
4342	16 
4343	3 
4344	83 
4345	38 
4346	45 
4347	28 
4348	95 
4349	96 
4350	21 
4351	89 
4352	41 
4353	66 
4354	18 
4355	62 
4356	14 
4357	8 
4358	48 
4359	45 
4360	74 
4361	1 
4362	58 
4363	95 
4364	71 
4365	45 
4366	87 
4367	8 
4368	69 
4369	44 
4370	87 
4371	34 
4372	16 
4373	61 
4374	85 
4375	69 
4376	95 
4377	16 
4378	67 
4379	33 
4380	92 
4381	22 
4382	56 
4383	40 
4384	83 
4385	25 
4386	40 
4387	59 
4388	68 
4389	76 
4390	86 
4391	12 
4392	58 
4393	86 
4394	53 
4395	70 
4396	62 
4397	82 
4398	67 
4399	33 
4400	40 
4401	56 
4402	4 
4403	44 
4404	62 
4405	26 
4406	56 
4407	40 
4408	8 
4409	36 
4410	69 
4411	75 
4412	58 
4413	83 
4414	66 
4415	67 
4416	18 
4417	1 
4418	39 
4419	86 
4420	79 
4421	91 
4422	9 
4423	19 
4424	66 
4425	52 
4426	1 
4427	61 
4428	8 
4429	42 
4430	51 
4431	69 
4432	1 
4433	91 
4434	7 
4435	67 
4436	42 
4437	76 
4438	27 
4439	71 
4440	11 
4441	80 
4442	67 
4443	45 
4444	58 
4445	62 
4446	29 
4447	83 
4448	13 
4449	75 
4450	42 
4451	62 
4452	40 
4453	71 
4454	82 
4455	67 
4456	34 
4457	37 
4458	56 
4459	48 
4460	89 
4461	61 
4462	3 
4463	6 
4464	21 
4465	15 
4466	58 
4467	39 
4468	38 
4469	63 
4470	46 
4471	58 
4472	39 
4473	33 
4474	48 
4475	9 
4476	68 
4477	50 
4478	44 
4479	3 
4480	68 
4481	91 
4482	46 
4483	96 
4484	82 
4485	64 
4486	38 
4487	11 
4488	41 
4489	21 
4490	53 
4491	40 
4492	81 
4493	50 
4494	77 
4495	39 
4496	75 
4497	13 
4498	28 
4499	25 
4500	56 
4501	20 
4502	34 
4503	39 
4504	6 
4505	38 
4506	91 
4507	33 
4508	61 
4509	80 
4510	47 
4511	42 
4512	40 
4513	33 
4514	9 
4515	92 
4516	7 
4517	44 
4518	33 
4519	47 
4520	58 
4521	79 
4522	37 
4523	9 
4524	53 
4525	27 
4526	58 
4527	62 
4528	79 
4529	69 
4530	87 
4531	48 
4532	62 
4533	85 
4534	21 
4535	63 
4536	39 
4537	33 
4538	44 
4539	33 
4540	20 
4541	89 
4542	39 
4543	87 
4544	85 
4545	37 
4546	7 
4547	79 
4548	67 
4549	81 
4550	33 
4551	25 
4552	68 
4553	27 
4554	41 
4555	61 
4556	46 
4557	44 
4558	42 
4559	13 
4560	12 
4561	45 
4562	40 
4563	9 
4564	71 
4565	13 
4566	61 
4567	95 
4568	9 
4569	40 
4570	40 
4571	40 
4572	34 
4573	22 
4574	6 
4575	73 
4576	64 
4577	50 
4578	18 
4579	44 
4580	12 
4581	7 
4582	89 
4583	27 
4584	9 
4585	87 
4586	83 
4587	33 
4588	47 
4589	87 
4590	33 
4591	22 
4592	62 
4593	87 
4594	89 
4595	61 
4596	91 
4597	46 
4598	50 
4599	80 
4600	16 
4601	1 
4602	85 
4603	59 
4604	61 
4605	15 
4606	53 
4607	40 
4608	12 
4609	76 
4610	1 
4611	67 
4612	79 
4613	85 
4614	50 
4615	80 
4616	48 
4617	39 
4618	21 
4619	8 
4620	92 
4621	1 
4622	83 
4623	71 
4624	59 
4625	22 
4626	80 
4627	74 
4628	89 
4629	68 
4630	87 
4631	84 
4632	67 
4633	92 
4634	38 
4635	71 
4636	75 
4637	40 
4638	6 
4639	51 
4640	38 
4641	8 
4642	7 
4643	95 
4644	53 
4645	80 
4646	68 
4647	38 
4648	52 
4649	16 
4650	69 
4651	63 
4652	15 
4653	62 
4654	71 
4655	51 
4656	18 
4657	20 
4658	44 
4659	89 
4660	51 
4661	87 
4662	58 
4663	34 
4664	33 
4665	56 
4666	53 
4667	91 
4668	53 
4669	59 
4670	11 
4671	95 
4672	69 
4673	79 
4674	15 
4675	91 
4676	59 
4677	52 
4678	21 
4679	71 
4680	22 
4681	67 
4682	11 
4683	84 
4684	53 
4685	28 
4686	33 
4687	6 
4688	39 
4689	33 
4690	95 
4691	91 
4692	20 
4693	40 
4694	1 
4695	16 
4696	89 
4697	37 
4698	58 
4699	48 
4700	58 
4701	8 
4702	34 
4703	62 
4704	45 
4705	1 
4706	76 
4707	14 
4708	18 
4709	27 
4710	8 
4711	84 
4712	39 
4713	76 
4714	45 
4715	22 
4716	22 
4717	15 
4718	66 
4719	69 
4720	27 
4721	56 
4722	16 
4723	41 
4724	7 
4725	58 
4726	75 
4727	86 
4728	21 
4729	42 
4730	79 
4731	6 
4732	76 
4733	53 
4734	18 
4735	1 
4736	84 
4737	42 
4738	63 
4739	46 
4740	44 
4741	33 
4742	56 
4743	60 
4744	59 
4745	60 
4746	71 
4747	15 
4748	53 
4749	67 
4750	13 
4751	39 
4752	22 
4753	69 
4754	40 
4755	96 
4756	11 
4757	9 
4758	60 
4759	16 
4760	69 
4761	21 
4762	67 
4763	34 
4764	95 
4765	53 
4766	63 
4767	95 
4768	75 
4769	34 
4770	92 
4771	95 
4772	75 
4773	15 
4774	86 
4775	38 
4776	22 
4777	79 
4778	92 
4779	37 
4780	8 
4781	71 
4782	42 
4783	27 
4784	92 
4785	40 
4786	16 
4787	79 
4788	21 
4789	34 
4790	39 
4791	3 
4792	33 
4793	34 
4794	9 
4795	56 
4796	39 
4797	76 
4798	28 
4799	68 
4800	67 
4801	67 
4802	48 
4803	21 
4804	92 
4805	56 
4806	62 
4807	3 
4808	34 
4809	87 
4810	39 
4811	66 
4812	53 
4813	16 
4814	67 
4815	27 
4816	16 
4817	86 
4818	80 
4819	28 
4820	21 
4821	67 
4822	13 
4823	33 
4824	15 
4825	66 
4826	75 
4827	83 
4828	68 
4829	16 
4830	56 
4831	16 
4832	44 
4833	79 
4834	62 
4835	68 
4836	75 
4837	48 
4838	40 
4839	53 
4840	87 
4841	34 
4842	15 
4843	27 
4844	21 
4845	22 
4846	34 
4847	58 
4848	69 
4849	22 
4850	41 
4851	91 
4852	86 
4853	91 
4854	34 
4855	79 
4856	85 
4857	71 
4858	34 
4859	58 
4860	61 
4861	8 
4862	41 
4863	92 
4864	71 
4865	86 
4866	61 
4867	48 
4868	75 
4869	45 
4870	9 
4871	1 
4872	13 
4873	13 
4874	42 
4875	48 
4876	13 
4877	89 
4878	68 
4879	61 
4880	86 
4881	56 
4882	75 
4883	66 
4884	41 
4885	41 
4886	1 
4887	44 
4888	13 
4889	80 
4890	8 
4891	34 
4892	42 
4893	13 
4894	12 
4895	13 
4896	68 
4897	1 
4898	16 
4899	86 
4900	89 
4901	45 
4902	89 
4903	33 
4904	69 
4905	9 
4906	33 
4907	1 
4908	33 
4909	38 
4910	53 
4911	16 
4912	91 
4913	48 
4914	45 
4915	7 
4916	46 
4917	9 
4918	53 
4919	28 
4920	13 
4921	79 
4922	61 
4923	41 
4924	33 
4925	89 
4926	48 
4927	3 
4928	41 
4929	44 
4930	41 
4931	68 
4932	53 
4933	28 
4934	67 
4935	8 
4936	7 
4937	28 
4938	13 
4939	27 
4940	53 
4941	41 
4942	22 
4943	16 
4944	45 
4945	40 
4946	38 
4947	71 
4948	13 
4949	3 
4950	92 
4951	13 
4952	53 
4953	21 
4954	42 
4955	61 
4956	75 
4957	86 
4958	42 
4959	40 
4960	22 
4961	69 
4962	67 
4963	27 
4964	33 
4965	1 
4966	66 
4967	67 
4968	20 
4969	40 
4970	9 
4971	1 
4972	21 
4973	56 
4974	33 
4975	76 
4976	46 
4977	56 
4978	34 
4979	16 
4980	13 
4981	16 
4982	40 
4983	8 
4984	69 
4985	22 
4986	41 
4987	7 
4988	1 
4989	89 
4990	53 
4991	86 
4992	91 
4993	71 
4994	46 
4995	38 
4996	27 
4997	22 
4998	48 
4999	3 
5000	46 
