1	19 
2	102 
3	33 
4	48 
5	50 
6	2 
7	6 
8	8 
9	42 
10	93 
11	44 
12	88 
13	111 
14	73 
15	109 
16	42 
17	20 
18	107 
19	98 
20	57 
21	111 
22	52 
23	87 
24	90 
25	85 
26	63 
27	20 
28	5 
29	34 
30	85 
31	17 
32	50 
33	48 
34	25 
35	102 
36	107 
37	68 
38	52 
39	51 
40	56 
41	59 
42	5 
43	86 
44	111 
45	18 
46	94 
47	78 
48	13 
49	77 
50	28 
51	50 
52	88 
53	41 
54	7 
55	82 
56	58 
57	40 
58	44 
59	46 
60	6 
61	71 
62	111 
63	18 
64	108 
65	4 
66	93 
67	94 
68	102 
69	87 
70	57 
71	13 
72	24 
73	46 
74	63 
75	65 
76	88 
77	103 
78	60 
79	53 
80	71 
81	43 
82	86 
83	63 
84	53 
85	42 
86	58 
87	33 
88	42 
89	13 
90	72 
91	50 
92	93 
93	103 
94	63 
95	24 
96	17 
97	104 
98	46 
99	104 
100	86 
101	86 
102	103 
103	40 
104	70 
105	71 
106	99 
107	52 
108	53 
109	30 
110	48 
111	16 
112	98 
113	8 
114	48 
115	86 
116	42 
117	21 
118	66 
119	86 
120	87 
121	100 
122	49 
123	65 
124	71 
125	10 
126	11 
127	80 
128	91 
129	98 
130	111 
131	60 
132	41 
133	12 
134	72 
135	90 
136	82 
137	39 
138	70 
139	90 
140	107 
141	107 
142	63 
143	56 
144	63 
145	93 
146	71 
147	77 
148	50 
149	42 
150	53 
151	100 
152	51 
153	64 
154	63 
155	61 
156	111 
157	27 
158	35 
159	86 
160	108 
161	85 
162	52 
163	88 
164	61 
165	70 
166	46 
167	6 
168	84 
169	91 
170	59 
171	53 
172	77 
173	103 
174	7 
175	32 
176	27 
177	90 
178	7 
179	25 
180	56 
181	89 
182	9 
183	44 
184	66 
185	23 
186	59 
187	85 
188	98 
189	50 
190	31 
191	6 
192	25 
193	23 
194	44 
195	22 
196	106 
197	1 
198	70 
199	33 
200	50 
201	56 
202	19 
203	81 
204	24 
205	101 
206	24 
207	101 
208	109 
209	7 
210	24 
211	70 
212	18 
213	69 
214	4 
215	1 
216	87 
217	92 
218	86 
219	68 
220	22 
221	74 
222	17 
223	8 
224	69 
225	107 
226	102 
227	1 
228	7 
229	91 
230	103 
231	95 
232	21 
233	25 
234	42 
235	41 
236	63 
237	38 
238	43 
239	47 
240	16 
241	53 
242	78 
243	101 
244	4 
245	110 
246	110 
247	66 
248	69 
249	47 
250	65 
251	23 
252	104 
253	1 
254	84 
255	110 
256	12 
257	36 
258	1 
259	57 
260	67 
261	82 
262	85 
263	71 
264	28 
265	107 
266	61 
267	86 
268	18 
269	39 
270	52 
271	20 
272	25 
273	76 
274	52 
275	32 
276	103 
277	53 
278	12 
279	4 
280	53 
281	107 
282	87 
283	19 
284	81 
285	88 
286	108 
287	36 
288	87 
289	53 
290	5 
291	61 
292	63 
293	57 
294	70 
295	67 
296	66 
297	13 
298	47 
299	20 
300	50 
301	71 
302	30 
303	8 
304	69 
305	8 
306	40 
307	23 
308	67 
309	63 
310	71 
311	34 
312	16 
313	40 
314	73 
315	52 
316	49 
317	9 
318	56 
319	50 
320	48 
321	24 
322	4 
323	40 
324	4 
325	36 
326	17 
327	45 
328	85 
329	10 
330	18 
331	82 
332	67 
333	70 
334	7 
335	33 
336	23 
337	32 
338	95 
339	78 
340	95 
341	63 
342	70 
343	16 
344	50 
345	36 
346	62 
347	98 
348	107 
349	21 
350	82 
351	95 
352	67 
353	44 
354	101 
355	20 
356	50 
357	103 
358	14 
359	56 
360	42 
361	69 
362	63 
363	64 
364	86 
365	25 
366	46 
367	46 
368	35 
369	18 
370	64 
371	45 
372	95 
373	33 
374	106 
375	59 
376	64 
377	63 
378	104 
379	61 
380	55 
381	35 
382	110 
383	56 
384	82 
385	49 
386	78 
387	90 
388	83 
389	96 
390	24 
391	87 
392	19 
393	104 
394	40 
395	92 
396	66 
397	76 
398	2 
399	9 
400	100 
401	109 
402	83 
403	90 
404	85 
405	7 
406	40 
407	78 
408	73 
409	83 
410	27 
411	36 
412	111 
413	33 
414	28 
415	111 
416	38 
417	81 
418	104 
419	37 
420	13 
421	24 
422	13 
423	4 
424	10 
425	28 
426	107 
427	10 
428	81 
429	87 
430	74 
431	56 
432	51 
433	2 
434	97 
435	91 
436	36 
437	89 
438	84 
439	3 
440	64 
441	65 
442	16 
443	34 
444	50 
445	103 
446	75 
447	111 
448	63 
449	88 
450	29 
451	26 
452	22 
453	65 
454	51 
455	85 
456	8 
457	107 
458	71 
459	15 
460	78 
461	58 
462	6 
463	72 
464	19 
465	107 
466	24 
467	76 
468	21 
469	64 
470	86 
471	13 
472	100 
473	7 
474	88 
475	56 
476	27 
477	53 
478	47 
479	50 
480	1 
481	88 
482	24 
483	58 
484	67 
485	98 
486	50 
487	34 
488	102 
489	1 
490	43 
491	76 
492	16 
493	58 
494	31 
495	60 
496	56 
497	91 
498	33 
499	58 
500	36 
501	18 
502	26 
503	67 
504	33 
505	101 
506	97 
507	82 
508	11 
509	95 
510	35 
511	82 
512	53 
513	77 
514	110 
515	51 
516	108 
517	86 
518	8 
519	56 
520	24 
521	61 
522	30 
523	51 
524	90 
525	100 
526	110 
527	67 
528	25 
529	103 
530	22 
531	91 
532	102 
533	69 
534	70 
535	102 
536	104 
537	70 
538	11 
539	6 
540	102 
541	21 
542	12 
543	98 
544	107 
545	35 
546	73 
547	43 
548	111 
549	80 
550	106 
551	33 
552	102 
553	107 
554	73 
555	88 
556	55 
557	50 
558	11 
559	71 
560	51 
561	96 
562	25 
563	58 
564	85 
565	111 
566	85 
567	20 
568	21 
569	14 
570	39 
571	88 
572	51 
573	70 
574	58 
575	11 
576	60 
577	78 
578	53 
579	73 
580	46 
581	63 
582	82 
583	90 
584	20 
585	8 
586	98 
587	81 
588	39 
589	63 
590	71 
591	92 
592	56 
593	51 
594	54 
595	43 
596	12 
597	57 
598	56 
599	106 
600	11 
601	33 
602	52 
603	55 
604	71 
605	31 
606	50 
607	4 
608	52 
609	40 
610	68 
611	101 
612	40 
613	75 
614	40 
615	64 
616	97 
617	17 
618	55 
619	44 
620	56 
621	9 
622	13 
623	64 
624	18 
625	64 
626	104 
627	53 
628	41 
629	49 
630	77 
631	47 
632	84 
633	7 
634	88 
635	91 
636	68 
637	58 
638	13 
639	76 
640	98 
641	70 
642	107 
643	94 
644	13 
645	78 
646	92 
647	43 
648	82 
649	50 
650	67 
651	67 
652	63 
653	42 
654	53 
655	58 
656	40 
657	49 
658	7 
659	51 
660	5 
661	64 
662	54 
663	102 
664	8 
665	67 
666	58 
667	4 
668	74 
669	10 
670	89 
671	86 
672	41 
673	3 
674	23 
675	46 
676	95 
677	102 
678	71 
679	86 
680	91 
681	58 
682	36 
683	46 
684	81 
685	40 
686	4 
687	4 
688	80 
689	76 
690	111 
691	52 
692	85 
693	53 
694	23 
695	14 
696	13 
697	12 
698	69 
699	102 
700	68 
701	23 
702	39 
703	91 
704	22 
705	47 
706	53 
707	61 
708	36 
709	65 
710	13 
711	67 
712	64 
713	93 
714	8 
715	17 
716	52 
717	71 
718	26 
719	42 
720	29 
721	97 
722	33 
723	79 
724	32 
725	39 
726	51 
727	107 
728	71 
729	53 
730	50 
731	42 
732	72 
733	83 
734	75 
735	98 
736	99 
737	6 
738	61 
739	15 
740	1 
741	61 
742	74 
743	104 
744	61 
745	88 
746	9 
747	56 
748	56 
749	44 
750	86 
751	106 
752	71 
753	102 
754	77 
755	65 
756	93 
757	92 
758	104 
759	6 
760	4 
761	10 
762	50 
763	63 
764	70 
765	99 
766	71 
767	28 
768	25 
769	88 
770	37 
771	55 
772	4 
773	35 
774	51 
775	86 
776	45 
777	94 
778	58 
779	40 
780	9 
781	16 
782	71 
783	97 
784	82 
785	28 
786	46 
787	27 
788	104 
789	102 
790	4 
791	59 
792	97 
793	52 
794	58 
795	50 
796	63 
797	64 
798	20 
799	109 
800	103 
801	28 
802	38 
803	40 
804	63 
805	48 
806	37 
807	47 
808	6 
809	104 
810	26 
811	104 
812	83 
813	82 
814	66 
815	111 
816	59 
817	37 
818	87 
819	63 
820	27 
821	63 
822	82 
823	15 
824	23 
825	44 
826	42 
827	2 
828	36 
829	95 
830	54 
831	32 
832	106 
833	97 
834	78 
835	76 
836	21 
837	45 
838	109 
839	87 
840	8 
841	29 
842	36 
843	58 
844	99 
845	56 
846	11 
847	38 
848	11 
849	34 
850	18 
851	86 
852	11 
853	85 
854	35 
855	21 
856	86 
857	107 
858	87 
859	62 
860	67 
861	85 
862	39 
863	110 
864	86 
865	64 
866	30 
867	90 
868	6 
869	103 
870	60 
871	61 
872	61 
873	40 
874	4 
875	56 
876	33 
877	96 
878	35 
879	72 
880	8 
881	109 
882	40 
883	6 
884	40 
885	44 
886	17 
887	16 
888	16 
889	104 
890	71 
891	36 
892	107 
893	95 
894	102 
895	50 
896	3 
897	50 
898	73 
899	89 
900	7 
901	85 
902	70 
903	36 
904	94 
905	89 
906	78 
907	52 
908	89 
909	50 
910	54 
911	111 
912	11 
913	98 
914	73 
915	56 
916	40 
917	56 
918	24 
919	90 
920	83 
921	73 
922	70 
923	7 
924	102 
925	44 
926	86 
927	95 
928	19 
929	15 
930	70 
931	102 
932	23 
933	78 
934	78 
935	49 
936	81 
937	109 
938	73 
939	89 
940	31 
941	50 
942	91 
943	60 
944	28 
945	104 
946	74 
947	41 
948	102 
949	85 
950	97 
951	82 
952	95 
953	65 
954	37 
955	24 
956	71 
957	56 
958	61 
959	74 
960	4 
961	26 
962	77 
963	23 
964	51 
965	104 
966	40 
967	56 
968	13 
969	61 
970	27 
971	79 
972	52 
973	39 
974	110 
975	41 
976	105 
977	59 
978	26 
979	18 
980	86 
981	50 
982	70 
983	42 
984	3 
985	50 
986	70 
987	107 
988	75 
989	56 
990	100 
991	65 
992	88 
993	105 
994	8 
995	15 
996	54 
997	71 
998	89 
999	64 
1000	110 
1001	56 
1002	30 
1003	83 
1004	9 
1005	50 
1006	26 
1007	15 
1008	49 
1009	84 
1010	63 
1011	67 
1012	51 
1013	13 
1014	75 
1015	39 
1016	46 
1017	19 
1018	10 
1019	44 
1020	95 
1021	27 
1022	40 
1023	56 
1024	9 
1025	69 
1026	30 
1027	61 
1028	25 
1029	91 
1030	82 
1031	18 
1032	40 
1033	19 
1034	76 
1035	42 
1036	19 
1037	86 
1038	3 
1039	61 
1040	8 
1041	8 
1042	33 
1043	67 
1044	95 
1045	39 
1046	103 
1047	56 
1048	46 
1049	107 
1050	6 
1051	54 
1052	4 
1053	96 
1054	26 
1055	69 
1056	71 
1057	31 
1058	4 
1059	13 
1060	41 
1061	87 
1062	81 
1063	110 
1064	45 
1065	3 
1066	29 
1067	4 
1068	102 
1069	63 
1070	109 
1071	45 
1072	51 
1073	85 
1074	71 
1075	5 
1076	63 
1077	58 
1078	27 
1079	107 
1080	3 
1081	33 
1082	20 
1083	90 
1084	103 
1085	35 
1086	99 
1087	18 
1088	68 
1089	111 
1090	70 
1091	63 
1092	61 
1093	99 
1094	46 
1095	91 
1096	17 
1097	54 
1098	4 
1099	24 
1100	32 
1101	52 
1102	42 
1103	67 
1104	93 
1105	40 
1106	41 
1107	59 
1108	7 
1109	91 
1110	58 
1111	76 
1112	27 
1113	85 
1114	110 
1115	59 
1116	11 
1117	9 
1118	78 
1119	6 
1120	98 
1121	86 
1122	67 
1123	111 
1124	85 
1125	86 
1126	107 
1127	69 
1128	86 
1129	5 
1130	21 
1131	34 
1132	3 
1133	27 
1134	58 
1135	73 
1136	67 
1137	7 
1138	4 
1139	104 
1140	28 
1141	106 
1142	33 
1143	97 
1144	9 
1145	76 
1146	51 
1147	42 
1148	110 
1149	16 
1150	97 
1151	89 
1152	71 
1153	54 
1154	6 
1155	111 
1156	31 
1157	10 
1158	56 
1159	34 
1160	4 
1161	56 
1162	42 
1163	27 
1164	60 
1165	61 
1166	69 
1167	89 
1168	34 
1169	32 
1170	42 
1171	109 
1172	82 
1173	66 
1174	33 
1175	78 
1176	7 
1177	111 
1178	77 
1179	69 
1180	22 
1181	24 
1182	71 
1183	41 
1184	90 
1185	77 
1186	111 
1187	22 
1188	101 
1189	95 
1190	107 
1191	68 
1192	35 
1193	67 
1194	54 
1195	91 
1196	8 
1197	83 
1198	16 
1199	71 
1200	106 
1201	102 
1202	77 
1203	3 
1204	44 
1205	23 
1206	46 
1207	41 
1208	47 
1209	88 
1210	42 
1211	30 
1212	56 
1213	46 
1214	6 
1215	111 
1216	49 
1217	40 
1218	70 
1219	63 
1220	107 
1221	60 
1222	85 
1223	63 
1224	31 
1225	79 
1226	53 
1227	2 
1228	53 
1229	56 
1230	14 
1231	97 
1232	55 
1233	68 
1234	40 
1235	82 
1236	87 
1237	4 
1238	78 
1239	96 
1240	78 
1241	33 
1242	29 
1243	42 
1244	65 
1245	93 
1246	89 
1247	61 
1248	102 
1249	40 
1250	82 
1251	84 
1252	15 
1253	10 
1254	67 
1255	39 
1256	74 
1257	21 
1258	98 
1259	54 
1260	87 
1261	76 
1262	104 
1263	15 
1264	23 
1265	22 
1266	42 
1267	100 
1268	54 
1269	102 
1270	63 
1271	71 
1272	50 
1273	79 
1274	6 
1275	78 
1276	39 
1277	72 
1278	4 
1279	71 
1280	107 
1281	47 
1282	60 
1283	38 
1284	27 
1285	91 
1286	73 
1287	46 
1288	69 
1289	26 
1290	86 
1291	33 
1292	82 
1293	110 
1294	50 
1295	37 
1296	97 
1297	8 
1298	8 
1299	31 
1300	11 
1301	41 
1302	27 
1303	70 
1304	66 
1305	24 
1306	2 
1307	78 
1308	54 
1309	68 
1310	86 
1311	4 
1312	102 
1313	66 
1314	70 
1315	7 
1316	39 
1317	63 
1318	102 
1319	41 
1320	71 
1321	5 
1322	74 
1323	86 
1324	102 
1325	60 
1326	63 
1327	4 
1328	28 
1329	50 
1330	5 
1331	3 
1332	63 
1333	51 
1334	40 
1335	40 
1336	52 
1337	21 
1338	91 
1339	14 
1340	102 
1341	19 
1342	59 
1343	53 
1344	4 
1345	20 
1346	89 
1347	60 
1348	32 
1349	107 
1350	111 
1351	68 
1352	61 
1353	71 
1354	85 
1355	51 
1356	39 
1357	32 
1358	91 
1359	40 
1360	4 
1361	66 
1362	28 
1363	46 
1364	79 
1365	63 
1366	71 
1367	12 
1368	44 
1369	54 
1370	95 
1371	110 
1372	23 
1373	78 
1374	71 
1375	78 
1376	4 
1377	85 
1378	67 
1379	60 
1380	67 
1381	37 
1382	96 
1383	110 
1384	64 
1385	91 
1386	61 
1387	76 
1388	25 
1389	33 
1390	104 
1391	86 
1392	70 
1393	27 
1394	63 
1395	109 
1396	84 
1397	34 
1398	4 
1399	44 
1400	111 
1401	42 
1402	70 
1403	104 
1404	100 
1405	79 
1406	11 
1407	7 
1408	57 
1409	32 
1410	7 
1411	43 
1412	4 
1413	10 
1414	13 
1415	63 
1416	13 
1417	70 
1418	98 
1419	67 
1420	86 
1421	8 
1422	26 
1423	20 
1424	100 
1425	96 
1426	78 
1427	80 
1428	39 
1429	36 
1430	102 
1431	62 
1432	36 
1433	95 
1434	88 
1435	109 
1436	15 
1437	34 
1438	42 
1439	4 
1440	76 
1441	4 
1442	3 
1443	3 
1444	67 
1445	53 
1446	87 
1447	33 
1448	105 
1449	55 
1450	97 
1451	41 
1452	53 
1453	4 
1454	35 
1455	20 
1456	19 
1457	50 
1458	32 
1459	77 
1460	8 
1461	8 
1462	98 
1463	47 
1464	77 
1465	61 
1466	71 
1467	35 
1468	37 
1469	80 
1470	111 
1471	88 
1472	103 
1473	61 
1474	29 
1475	45 
1476	91 
1477	13 
1478	83 
1479	34 
1480	13 
1481	40 
1482	108 
1483	100 
1484	42 
1485	62 
1486	73 
1487	108 
1488	87 
1489	102 
1490	27 
1491	82 
1492	100 
1493	55 
1494	11 
1495	44 
1496	106 
1497	33 
1498	98 
1499	31 
1500	53 
1501	25 
1502	22 
1503	81 
1504	23 
1505	4 
1506	4 
1507	2 
1508	23 
1509	20 
1510	94 
1511	56 
1512	2 
1513	84 
1514	42 
1515	18 
1516	109 
1517	68 
1518	40 
1519	89 
1520	23 
1521	62 
1522	13 
1523	11 
1524	110 
1525	61 
1526	73 
1527	29 
1528	27 
1529	3 
1530	42 
1531	50 
1532	48 
1533	20 
1534	86 
1535	8 
1536	85 
1537	40 
1538	56 
1539	39 
1540	54 
1541	24 
1542	50 
1543	82 
1544	28 
1545	19 
1546	66 
1547	16 
1548	85 
1549	50 
1550	66 
1551	46 
1552	89 
1553	42 
1554	6 
1555	43 
1556	70 
1557	42 
1558	111 
1559	39 
1560	91 
1561	4 
1562	92 
1563	53 
1564	33 
1565	14 
1566	52 
1567	97 
1568	61 
1569	103 
1570	71 
1571	71 
1572	36 
1573	82 
1574	28 
1575	91 
1576	15 
1577	33 
1578	89 
1579	60 
1580	34 
1581	58 
1582	84 
1583	67 
1584	110 
1585	96 
1586	76 
1587	93 
1588	44 
1589	99 
1590	111 
1591	14 
1592	105 
1593	79 
1594	69 
1595	86 
1596	37 
1597	30 
1598	63 
1599	44 
1600	56 
1601	50 
1602	82 
1603	39 
1604	111 
1605	51 
1606	109 
1607	71 
1608	22 
1609	17 
1610	21 
1611	89 
1612	46 
1613	61 
1614	25 
1615	56 
1616	40 
1617	79 
1618	59 
1619	82 
1620	3 
1621	103 
1622	19 
1623	84 
1624	84 
1625	14 
1626	83 
1627	58 
1628	69 
1629	63 
1630	80 
1631	50 
1632	79 
1633	36 
1634	71 
1635	52 
1636	77 
1637	30 
1638	107 
1639	79 
1640	28 
1641	40 
1642	97 
1643	104 
1644	42 
1645	104 
1646	64 
1647	26 
1648	2 
1649	50 
1650	41 
1651	56 
1652	83 
1653	67 
1654	25 
1655	25 
1656	36 
1657	42 
1658	56 
1659	47 
1660	28 
1661	31 
1662	86 
1663	50 
1664	61 
1665	71 
1666	105 
1667	29 
1668	62 
1669	28 
1670	68 
1671	5 
1672	31 
1673	93 
1674	58 
1675	85 
1676	83 
1677	78 
1678	44 
1679	36 
1680	40 
1681	3 
1682	104 
1683	75 
1684	23 
1685	30 
1686	50 
1687	80 
1688	20 
1689	13 
1690	12 
1691	31 
1692	63 
1693	98 
1694	10 
1695	107 
1696	111 
1697	44 
1698	28 
1699	104 
1700	42 
1701	97 
1702	31 
1703	108 
1704	13 
1705	78 
1706	58 
1707	91 
1708	86 
1709	67 
1710	19 
1711	43 
1712	57 
1713	58 
1714	5 
1715	24 
1716	5 
1717	69 
1718	21 
1719	41 
1720	91 
1721	79 
1722	55 
1723	31 
1724	90 
1725	70 
1726	12 
1727	104 
1728	70 
1729	31 
1730	87 
1731	64 
1732	14 
1733	89 
1734	37 
1735	89 
1736	40 
1737	50 
1738	48 
1739	84 
1740	22 
1741	69 
1742	111 
1743	46 
1744	111 
1745	53 
1746	4 
1747	69 
1748	17 
1749	14 
1750	86 
1751	44 
1752	48 
1753	39 
1754	28 
1755	50 
1756	111 
1757	7 
1758	49 
1759	61 
1760	100 
1761	95 
1762	111 
1763	47 
1764	55 
1765	42 
1766	50 
1767	41 
1768	95 
1769	57 
1770	22 
1771	111 
1772	98 
1773	86 
1774	61 
1775	14 
1776	42 
1777	42 
1778	37 
1779	74 
1780	72 
1781	34 
1782	31 
1783	36 
1784	26 
1785	74 
1786	2 
1787	66 
1788	80 
1789	77 
1790	3 
1791	26 
1792	107 
1793	10 
1794	102 
1795	33 
1796	8 
1797	30 
1798	34 
1799	78 
1800	61 
1801	88 
1802	43 
1803	44 
1804	47 
1805	80 
1806	53 
1807	39 
1808	21 
1809	97 
1810	52 
1811	4 
1812	38 
1813	8 
1814	30 
1815	96 
1816	21 
1817	4 
1818	88 
1819	39 
1820	54 
1821	81 
1822	42 
1823	31 
1824	97 
1825	40 
1826	59 
1827	74 
1828	42 
1829	39 
1830	67 
1831	4 
1832	33 
1833	104 
1834	63 
1835	54 
1836	87 
1837	21 
1838	21 
1839	80 
1840	40 
1841	42 
1842	40 
1843	105 
1844	20 
1845	19 
1846	41 
1847	59 
1848	25 
1849	7 
1850	95 
1851	78 
1852	42 
1853	104 
1854	8 
1855	79 
1856	18 
1857	71 
1858	35 
1859	52 
1860	45 
1861	80 
1862	44 
1863	73 
1864	88 
1865	80 
1866	17 
1867	33 
1868	38 
1869	33 
1870	19 
1871	23 
1872	85 
1873	67 
1874	98 
1875	52 
1876	103 
1877	103 
1878	12 
1879	27 
1880	81 
1881	13 
1882	26 
1883	81 
1884	52 
1885	102 
1886	99 
1887	68 
1888	97 
1889	3 
1890	52 
1891	90 
1892	97 
1893	54 
1894	95 
1895	70 
1896	42 
1897	34 
1898	71 
1899	8 
1900	69 
1901	56 
1902	72 
1903	110 
1904	42 
1905	45 
1906	55 
1907	88 
1908	97 
1909	100 
1910	38 
1911	45 
1912	44 
1913	71 
1914	45 
1915	1 
1916	52 
1917	20 
1918	76 
1919	71 
1920	44 
1921	71 
1922	15 
1923	102 
1924	42 
1925	107 
1926	85 
1927	55 
1928	99 
1929	67 
1930	62 
1931	69 
1932	74 
1933	95 
1934	11 
1935	100 
1936	86 
1937	45 
1938	29 
1939	102 
1940	91 
1941	63 
1942	13 
1943	87 
1944	47 
1945	31 
1946	34 
1947	80 
1948	107 
1949	33 
1950	91 
1951	14 
1952	69 
1953	76 
1954	77 
1955	86 
1956	82 
1957	65 
1958	107 
1959	66 
1960	104 
1961	19 
1962	95 
1963	41 
1964	102 
1965	67 
1966	8 
1967	7 
1968	90 
1969	51 
1970	33 
1971	104 
1972	57 
1973	33 
1974	63 
1975	61 
1976	35 
1977	95 
1978	107 
1979	50 
1980	81 
1981	107 
1982	41 
1983	5 
1984	70 
1985	41 
1986	74 
1987	21 
1988	70 
1989	25 
1990	50 
1991	83 
1992	69 
1993	29 
1994	35 
1995	59 
1996	91 
1997	3 
1998	92 
1999	66 
2000	108 
2001	51 
2002	56 
2003	77 
2004	21 
2005	78 
2006	110 
2007	6 
2008	41 
2009	98 
2010	101 
2011	69 
2012	69 
2013	70 
2014	34 
2015	43 
2016	97 
2017	74 
2018	61 
2019	102 
2020	96 
2021	86 
2022	36 
2023	94 
2024	40 
2025	78 
2026	31 
2027	46 
2028	96 
2029	42 
2030	111 
2031	61 
2032	14 
2033	35 
2034	96 
2035	15 
2036	24 
2037	35 
2038	79 
2039	97 
2040	56 
2041	107 
2042	33 
2043	50 
2044	8 
2045	31 
2046	36 
2047	42 
2048	20 
2049	87 
2050	46 
2051	108 
2052	18 
2053	82 
2054	51 
2055	50 
2056	95 
2057	42 
2058	10 
2059	7 
2060	45 
2061	25 
2062	38 
2063	19 
2064	99 
2065	95 
2066	82 
2067	11 
2068	34 
2069	61 
2070	10 
2071	25 
2072	41 
2073	30 
2074	96 
2075	24 
2076	108 
2077	51 
2078	52 
2079	57 
2080	68 
2081	13 
2082	38 
2083	40 
2084	102 
2085	34 
2086	48 
2087	45 
2088	8 
2089	95 
2090	107 
2091	70 
2092	31 
2093	98 
2094	102 
2095	4 
2096	21 
2097	18 
2098	31 
2099	54 
2100	4 
2101	86 
2102	16 
2103	77 
2104	12 
2105	54 
2106	69 
2107	14 
2108	73 
2109	25 
2110	67 
2111	75 
2112	67 
2113	34 
2114	25 
2115	4 
2116	16 
2117	65 
2118	1 
2119	44 
2120	44 
2121	36 
2122	38 
2123	33 
2124	80 
2125	83 
2126	36 
2127	57 
2128	18 
2129	89 
2130	49 
2131	42 
2132	67 
2133	25 
2134	32 
2135	107 
2136	51 
2137	61 
2138	62 
2139	39 
2140	61 
2141	68 
2142	88 
2143	28 
2144	38 
2145	39 
2146	13 
2147	98 
2148	24 
2149	56 
2150	88 
2151	20 
2152	20 
2153	91 
2154	10 
2155	63 
2156	28 
2157	37 
2158	47 
2159	24 
2160	53 
2161	49 
2162	61 
2163	35 
2164	2 
2165	77 
2166	42 
2167	46 
2168	88 
2169	56 
2170	100 
2171	1 
2172	92 
2173	104 
2174	73 
2175	76 
2176	42 
2177	50 
2178	66 
2179	31 
2180	13 
2181	31 
2182	82 
2183	90 
2184	8 
2185	96 
2186	26 
2187	109 
2188	35 
2189	39 
2190	20 
2191	21 
2192	70 
2193	75 
2194	33 
2195	42 
2196	15 
2197	101 
2198	27 
2199	98 
2200	3 
2201	91 
2202	97 
2203	10 
2204	90 
2205	55 
2206	81 
2207	111 
2208	95 
2209	69 
2210	44 
2211	69 
2212	67 
2213	67 
2214	13 
2215	4 
2216	80 
2217	73 
2218	37 
2219	34 
2220	69 
2221	107 
2222	84 
2223	106 
2224	1 
2225	13 
2226	111 
2227	13 
2228	56 
2229	87 
2230	58 
2231	98 
2232	16 
2233	52 
2234	102 
2235	87 
2236	71 
2237	75 
2238	110 
2239	43 
2240	61 
2241	70 
2242	35 
2243	39 
2244	30 
2245	70 
2246	111 
2247	37 
2248	92 
2249	89 
2250	102 
2251	90 
2252	109 
2253	29 
2254	90 
2255	42 
2256	52 
2257	100 
2258	111 
2259	16 
2260	7 
2261	71 
2262	65 
2263	86 
2264	110 
2265	10 
2266	83 
2267	85 
2268	89 
2269	79 
2270	28 
2271	103 
2272	13 
2273	58 
2274	10 
2275	54 
2276	10 
2277	22 
2278	95 
2279	108 
2280	58 
2281	105 
2282	9 
2283	81 
2284	26 
2285	99 
2286	40 
2287	36 
2288	105 
2289	102 
2290	91 
2291	67 
2292	75 
2293	70 
2294	24 
2295	83 
2296	14 
2297	43 
2298	2 
2299	25 
2300	31 
2301	27 
2302	86 
2303	97 
2304	92 
2305	66 
2306	27 
2307	47 
2308	46 
2309	29 
2310	20 
2311	95 
2312	56 
2313	99 
2314	38 
2315	101 
2316	100 
2317	36 
2318	66 
2319	40 
2320	78 
2321	58 
2322	111 
2323	33 
2324	39 
2325	64 
2326	24 
2327	24 
2328	34 
2329	76 
2330	56 
2331	41 
2332	78 
2333	44 
2334	26 
2335	36 
2336	28 
2337	40 
2338	17 
2339	6 
2340	51 
2341	88 
2342	4 
2343	110 
2344	94 
2345	71 
2346	92 
2347	39 
2348	6 
2349	91 
2350	109 
2351	23 
2352	104 
2353	27 
2354	91 
2355	73 
2356	71 
2357	84 
2358	24 
2359	39 
2360	34 
2361	64 
2362	75 
2363	16 
2364	52 
2365	65 
2366	88 
2367	101 
2368	103 
2369	89 
2370	32 
2371	58 
2372	111 
2373	38 
2374	48 
2375	11 
2376	18 
2377	8 
2378	107 
2379	110 
2380	71 
2381	34 
2382	50 
2383	88 
2384	54 
2385	71 
2386	98 
2387	71 
2388	65 
2389	67 
2390	56 
2391	12 
2392	71 
2393	50 
2394	92 
2395	71 
2396	69 
2397	8 
2398	61 
2399	69 
2400	82 
2401	16 
2402	16 
2403	44 
2404	67 
2405	98 
2406	19 
2407	83 
2408	64 
2409	80 
2410	111 
2411	99 
2412	70 
2413	12 
2414	72 
2415	31 
2416	104 
2417	34 
2418	60 
2419	91 
2420	108 
2421	41 
2422	44 
2423	97 
2424	25 
2425	53 
2426	32 
2427	49 
2428	108 
2429	86 
2430	50 
2431	41 
2432	7 
2433	58 
2434	78 
2435	11 
2436	39 
2437	77 
2438	45 
2439	103 
2440	73 
2441	92 
2442	94 
2443	50 
2444	106 
2445	8 
2446	104 
2447	100 
2448	106 
2449	95 
2450	31 
2451	36 
2452	85 
2453	44 
2454	80 
2455	50 
2456	31 
2457	67 
2458	91 
2459	75 
2460	42 
2461	104 
2462	107 
2463	78 
2464	110 
2465	13 
2466	70 
2467	67 
2468	103 
2469	63 
2470	44 
2471	34 
2472	111 
2473	68 
2474	50 
2475	8 
2476	95 
2477	89 
2478	104 
2479	84 
2480	73 
2481	70 
2482	69 
2483	95 
2484	1 
2485	44 
2486	104 
2487	105 
2488	40 
2489	104 
2490	42 
2491	24 
2492	23 
2493	18 
2494	82 
2495	66 
2496	90 
2497	25 
2498	66 
2499	88 
2500	105 
2501	94 
2502	109 
2503	54 
2504	74 
2505	85 
2506	99 
2507	63 
2508	19 
2509	67 
2510	15 
2511	4 
2512	42 
2513	56 
2514	26 
2515	95 
2516	107 
2517	64 
2518	4 
2519	61 
2520	69 
2521	78 
2522	17 
2523	108 
2524	105 
2525	110 
2526	81 
2527	62 
2528	108 
2529	65 
2530	42 
2531	63 
2532	77 
2533	42 
2534	42 
2535	54 
2536	86 
2537	82 
2538	15 
2539	52 
2540	77 
2541	78 
2542	4 
2543	108 
2544	19 
2545	104 
2546	20 
2547	70 
2548	49 
2549	101 
2550	19 
2551	92 
2552	104 
2553	56 
2554	49 
2555	54 
2556	12 
2557	31 
2558	71 
2559	31 
2560	88 
2561	21 
2562	31 
2563	49 
2564	10 
2565	33 
2566	71 
2567	92 
2568	64 
2569	4 
2570	103 
2571	44 
2572	21 
2573	66 
2574	43 
2575	4 
2576	111 
2577	41 
2578	42 
2579	28 
2580	52 
2581	88 
2582	89 
2583	66 
2584	3 
2585	111 
2586	77 
2587	6 
2588	67 
2589	28 
2590	71 
2591	42 
2592	85 
2593	10 
2594	103 
2595	109 
2596	51 
2597	24 
2598	101 
2599	4 
2600	53 
2601	96 
2602	109 
2603	91 
2604	88 
2605	19 
2606	1 
2607	13 
2608	87 
2609	73 
2610	10 
2611	107 
2612	97 
2613	92 
2614	101 
2615	97 
2616	61 
2617	63 
2618	67 
2619	70 
2620	42 
2621	44 
2622	10 
2623	46 
2624	103 
2625	46 
2626	25 
2627	107 
2628	4 
2629	101 
2630	32 
2631	48 
2632	69 
2633	11 
2634	110 
2635	81 
2636	92 
2637	31 
2638	54 
2639	33 
2640	5 
2641	74 
2642	70 
2643	54 
2644	61 
2645	42 
2646	11 
2647	39 
2648	85 
2649	70 
2650	6 
2651	42 
2652	70 
2653	78 
2654	68 
2655	67 
2656	29 
2657	82 
2658	71 
2659	57 
2660	63 
2661	87 
2662	39 
2663	10 
2664	52 
2665	56 
2666	111 
2667	87 
2668	9 
2669	12 
2670	99 
2671	36 
2672	87 
2673	50 
2674	7 
2675	104 
2676	69 
2677	38 
2678	88 
2679	21 
2680	8 
2681	61 
2682	57 
2683	103 
2684	31 
2685	62 
2686	105 
2687	40 
2688	64 
2689	60 
2690	73 
2691	53 
2692	73 
2693	61 
2694	111 
2695	63 
2696	56 
2697	78 
2698	64 
2699	36 
2700	24 
2701	5 
2702	73 
2703	99 
2704	101 
2705	85 
2706	44 
2707	40 
2708	104 
2709	36 
2710	40 
2711	91 
2712	95 
2713	106 
2714	70 
2715	56 
2716	50 
2717	67 
2718	40 
2719	109 
2720	72 
2721	66 
2722	78 
2723	53 
2724	28 
2725	5 
2726	28 
2727	97 
2728	43 
2729	69 
2730	67 
2731	54 
2732	72 
2733	84 
2734	74 
2735	60 
2736	77 
2737	20 
2738	42 
2739	36 
2740	83 
2741	33 
2742	49 
2743	11 
2744	100 
2745	88 
2746	7 
2747	41 
2748	106 
2749	40 
2750	61 
2751	107 
2752	45 
2753	82 
2754	56 
2755	107 
2756	63 
2757	69 
2758	40 
2759	86 
2760	104 
2761	32 
2762	52 
2763	67 
2764	70 
2765	98 
2766	42 
2767	7 
2768	56 
2769	35 
2770	86 
2771	44 
2772	87 
2773	9 
2774	95 
2775	89 
2776	67 
2777	67 
2778	36 
2779	109 
2780	39 
2781	101 
2782	92 
2783	5 
2784	63 
2785	20 
2786	35 
2787	56 
2788	98 
2789	53 
2790	33 
2791	7 
2792	110 
2793	85 
2794	6 
2795	67 
2796	71 
2797	37 
2798	103 
2799	27 
2800	96 
2801	53 
2802	63 
2803	14 
2804	47 
2805	17 
2806	95 
2807	74 
2808	42 
2809	70 
2810	13 
2811	4 
2812	71 
2813	7 
2814	92 
2815	103 
2816	4 
2817	13 
2818	4 
2819	61 
2820	80 
2821	92 
2822	7 
2823	7 
2824	75 
2825	44 
2826	4 
2827	39 
2828	83 
2829	89 
2830	105 
2831	40 
2832	33 
2833	110 
2834	57 
2835	41 
2836	75 
2837	31 
2838	39 
2839	90 
2840	26 
2841	40 
2842	107 
2843	64 
2844	13 
2845	111 
2846	41 
2847	107 
2848	19 
2849	92 
2850	61 
2851	89 
2852	5 
2853	85 
2854	27 
2855	58 
2856	14 
2857	42 
2858	23 
2859	110 
2860	36 
2861	24 
2862	41 
2863	71 
2864	111 
2865	70 
2866	15 
2867	70 
2868	111 
2869	69 
2870	80 
2871	28 
2872	42 
2873	111 
2874	15 
2875	86 
2876	66 
2877	41 
2878	67 
2879	110 
2880	84 
2881	82 
2882	86 
2883	91 
2884	92 
2885	39 
2886	85 
2887	98 
2888	71 
2889	11 
2890	79 
2891	10 
2892	44 
2893	46 
2894	29 
2895	92 
2896	88 
2897	91 
2898	16 
2899	8 
2900	17 
2901	56 
2902	15 
2903	35 
2904	102 
2905	74 
2906	82 
2907	16 
2908	92 
2909	17 
2910	111 
2911	42 
2912	52 
2913	47 
2914	67 
2915	59 
2916	57 
2917	20 
2918	68 
2919	46 
2920	64 
2921	24 
2922	28 
2923	61 
2924	51 
2925	8 
2926	31 
2927	56 
2928	81 
2929	27 
2930	4 
2931	104 
2932	88 
2933	4 
2934	93 
2935	63 
2936	24 
2937	81 
2938	68 
2939	10 
2940	98 
2941	50 
2942	23 
2943	11 
2944	37 
2945	107 
2946	12 
2947	66 
2948	63 
2949	53 
2950	67 
2951	24 
2952	24 
2953	63 
2954	53 
2955	69 
2956	31 
2957	86 
2958	60 
2959	65 
2960	56 
2961	107 
2962	33 
2963	69 
2964	78 
2965	31 
2966	102 
2967	60 
2968	88 
2969	27 
2970	78 
2971	24 
2972	62 
2973	24 
2974	69 
2975	51 
2976	77 
2977	19 
2978	79 
2979	53 
2980	68 
2981	24 
2982	110 
2983	39 
2984	57 
2985	20 
2986	48 
2987	91 
2988	78 
2989	8 
2990	60 
2991	50 
2992	1 
2993	3 
2994	3 
2995	33 
2996	85 
2997	70 
2998	86 
2999	63 
3000	43 
3001	65 
3002	86 
3003	107 
3004	5 
3005	61 
3006	56 
3007	51 
3008	13 
3009	93 
3010	69 
3011	91 
3012	29 
3013	57 
3014	7 
3015	92 
3016	13 
3017	74 
3018	52 
3019	70 
3020	110 
3021	71 
3022	45 
3023	103 
3024	42 
3025	67 
3026	7 
3027	93 
3028	25 
3029	32 
3030	98 
3031	77 
3032	4 
3033	31 
3034	91 
3035	91 
3036	21 
3037	103 
3038	19 
3039	60 
3040	5 
3041	7 
3042	92 
3043	102 
3044	66 
3045	51 
3046	101 
3047	68 
3048	69 
3049	107 
3050	42 
3051	42 
3052	78 
3053	110 
3054	94 
3055	3 
3056	43 
3057	2 
3058	44 
3059	11 
3060	41 
3061	17 
3062	56 
3063	4 
3064	84 
3065	104 
3066	85 
3067	56 
3068	67 
3069	94 
3070	98 
3071	35 
3072	42 
3073	65 
3074	21 
3075	44 
3076	51 
3077	42 
3078	4 
3079	67 
3080	98 
3081	78 
3082	40 
3083	21 
3084	35 
3085	41 
3086	71 
3087	55 
3088	64 
3089	102 
3090	42 
3091	58 
3092	29 
3093	24 
3094	50 
3095	49 
3096	25 
3097	8 
3098	97 
3099	75 
3100	73 
3101	42 
3102	91 
3103	8 
3104	56 
3105	11 
3106	21 
3107	6 
3108	13 
3109	21 
3110	17 
3111	103 
3112	90 
3113	67 
3114	32 
3115	87 
3116	99 
3117	20 
3118	92 
3119	63 
3120	6 
3121	7 
3122	91 
3123	22 
3124	55 
3125	105 
3126	36 
3127	28 
3128	110 
3129	25 
3130	82 
3131	78 
3132	18 
3133	70 
3134	97 
3135	69 
3136	13 
3137	38 
3138	15 
3139	78 
3140	111 
3141	24 
3142	88 
3143	108 
3144	91 
3145	36 
3146	82 
3147	101 
3148	98 
3149	16 
3150	67 
3151	66 
3152	74 
3153	102 
3154	103 
3155	18 
3156	75 
3157	43 
3158	98 
3159	24 
3160	13 
3161	66 
3162	85 
3163	57 
3164	19 
3165	54 
3166	56 
3167	7 
3168	11 
3169	62 
3170	63 
3171	19 
3172	78 
3173	73 
3174	107 
3175	36 
3176	10 
3177	56 
3178	111 
3179	15 
3180	87 
3181	84 
3182	33 
3183	14 
3184	42 
3185	101 
3186	80 
3187	84 
3188	71 
3189	95 
3190	57 
3191	20 
3192	63 
3193	32 
3194	5 
3195	6 
3196	42 
3197	10 
3198	105 
3199	60 
3200	40 
3201	37 
3202	103 
3203	98 
3204	107 
3205	34 
3206	71 
3207	40 
3208	55 
3209	79 
3210	89 
3211	20 
3212	69 
3213	79 
3214	73 
3215	105 
3216	11 
3217	75 
3218	56 
3219	8 
3220	78 
3221	48 
3222	48 
3223	43 
3224	87 
3225	70 
3226	11 
3227	51 
3228	71 
3229	18 
3230	18 
3231	40 
3232	12 
3233	39 
3234	48 
3235	35 
3236	29 
3237	59 
3238	34 
3239	82 
3240	2 
3241	76 
3242	17 
3243	40 
3244	79 
3245	59 
3246	70 
3247	50 
3248	71 
3249	94 
3250	13 
3251	66 
3252	4 
3253	21 
3254	108 
3255	11 
3256	100 
3257	35 
3258	93 
3259	1 
3260	51 
3261	20 
3262	100 
3263	104 
3264	104 
3265	61 
3266	111 
3267	7 
3268	52 
3269	20 
3270	85 
3271	103 
3272	97 
3273	29 
3274	86 
3275	78 
3276	82 
3277	108 
3278	79 
3279	103 
3280	90 
3281	50 
3282	82 
3283	104 
3284	69 
3285	20 
3286	100 
3287	18 
3288	7 
3289	104 
3290	20 
3291	44 
3292	67 
3293	103 
3294	16 
3295	10 
3296	82 
3297	63 
3298	78 
3299	39 
3300	91 
3301	20 
3302	41 
3303	68 
3304	28 
3305	24 
3306	67 
3307	107 
3308	69 
3309	27 
3310	78 
3311	89 
3312	72 
3313	31 
3314	84 
3315	24 
3316	28 
3317	31 
3318	7 
3319	96 
3320	85 
3321	56 
3322	98 
3323	76 
3324	104 
3325	71 
3326	75 
3327	12 
3328	71 
3329	102 
3330	86 
3331	70 
3332	70 
3333	23 
3334	25 
3335	7 
3336	86 
3337	99 
3338	102 
3339	8 
3340	87 
3341	43 
3342	85 
3343	13 
3344	102 
3345	69 
3346	74 
3347	28 
3348	92 
3349	109 
3350	104 
3351	21 
3352	88 
3353	76 
3354	32 
3355	63 
3356	61 
3357	75 
3358	14 
3359	107 
3360	92 
3361	81 
3362	49 
3363	60 
3364	43 
3365	6 
3366	22 
3367	88 
3368	39 
3369	7 
3370	71 
3371	43 
3372	70 
3373	44 
3374	85 
3375	41 
3376	67 
3377	64 
3378	96 
3379	64 
3380	51 
3381	28 
3382	101 
3383	74 
3384	91 
3385	106 
3386	98 
3387	98 
3388	70 
3389	5 
3390	19 
3391	41 
3392	16 
3393	67 
3394	34 
3395	111 
3396	23 
3397	26 
3398	102 
3399	63 
3400	1 
3401	71 
3402	67 
3403	41 
3404	104 
3405	18 
3406	52 
3407	68 
3408	102 
3409	30 
3410	54 
3411	68 
3412	75 
3413	60 
3414	53 
3415	41 
3416	50 
3417	111 
3418	18 
3419	50 
3420	91 
3421	105 
3422	36 
3423	30 
3424	14 
3425	50 
3426	44 
3427	40 
3428	20 
3429	69 
3430	2 
3431	71 
3432	83 
3433	42 
3434	102 
3435	31 
3436	11 
3437	21 
3438	6 
3439	71 
3440	74 
3441	87 
3442	38 
3443	26 
3444	14 
3445	53 
3446	11 
3447	111 
3448	15 
3449	64 
3450	40 
3451	104 
3452	46 
3453	74 
3454	51 
3455	56 
3456	84 
3457	52 
3458	61 
3459	48 
3460	31 
3461	54 
3462	77 
3463	85 
3464	78 
3465	93 
3466	22 
3467	27 
3468	59 
3469	104 
3470	63 
3471	26 
3472	95 
3473	68 
3474	95 
3475	84 
3476	63 
3477	109 
3478	53 
3479	67 
3480	63 
3481	58 
3482	69 
3483	40 
3484	86 
3485	20 
3486	95 
3487	43 
3488	43 
3489	36 
3490	19 
3491	47 
3492	104 
3493	58 
3494	34 
3495	71 
3496	42 
3497	86 
3498	109 
3499	8 
3500	53 
3501	50 
3502	25 
3503	87 
3504	101 
3505	41 
3506	68 
3507	92 
3508	96 
3509	75 
3510	85 
3511	26 
3512	24 
3513	78 
3514	78 
3515	23 
3516	33 
3517	51 
3518	54 
3519	52 
3520	70 
3521	4 
3522	42 
3523	24 
3524	74 
3525	50 
3526	27 
3527	85 
3528	38 
3529	70 
3530	73 
3531	12 
3532	93 
3533	46 
3534	87 
3535	52 
3536	99 
3537	72 
3538	45 
3539	63 
3540	46 
3541	66 
3542	21 
3543	78 
3544	85 
3545	91 
3546	77 
3547	44 
3548	9 
3549	92 
3550	5 
3551	47 
3552	50 
3553	55 
3554	10 
3555	53 
3556	31 
3557	70 
3558	110 
3559	67 
3560	87 
3561	46 
3562	36 
3563	59 
3564	110 
3565	57 
3566	111 
3567	36 
3568	16 
3569	105 
3570	11 
3571	3 
3572	54 
3573	63 
3574	109 
3575	72 
3576	59 
3577	27 
3578	22 
3579	41 
3580	21 
3581	4 
3582	94 
3583	44 
3584	67 
3585	7 
3586	44 
3587	67 
3588	104 
3589	54 
3590	111 
3591	74 
3592	25 
3593	70 
3594	60 
3595	102 
3596	77 
3597	73 
3598	27 
3599	50 
3600	50 
3601	61 
3602	82 
3603	100 
3604	22 
3605	63 
3606	69 
3607	27 
3608	72 
3609	110 
3610	98 
3611	68 
3612	6 
3613	51 
3614	91 
3615	41 
3616	25 
3617	28 
3618	34 
3619	5 
3620	24 
3621	52 
3622	92 
3623	6 
3624	41 
3625	9 
3626	29 
3627	97 
3628	26 
3629	109 
3630	21 
3631	111 
3632	102 
3633	85 
3634	27 
3635	28 
3636	17 
3637	83 
3638	84 
3639	32 
3640	87 
3641	66 
3642	86 
3643	20 
3644	108 
3645	1 
3646	91 
3647	108 
3648	89 
3649	86 
3650	37 
3651	94 
3652	17 
3653	69 
3654	15 
3655	111 
3656	40 
3657	21 
3658	39 
3659	6 
3660	104 
3661	29 
3662	46 
3663	85 
3664	48 
3665	20 
3666	19 
3667	8 
3668	18 
3669	107 
3670	23 
3671	74 
3672	59 
3673	94 
3674	19 
3675	42 
3676	43 
3677	42 
3678	102 
3679	88 
3680	49 
3681	50 
3682	84 
3683	90 
3684	100 
3685	41 
3686	78 
3687	78 
3688	19 
3689	102 
3690	33 
3691	110 
3692	30 
3693	70 
3694	78 
3695	98 
3696	111 
3697	70 
3698	53 
3699	68 
3700	98 
3701	69 
3702	68 
3703	104 
3704	72 
3705	104 
3706	69 
3707	69 
3708	25 
3709	100 
3710	101 
3711	89 
3712	98 
3713	97 
3714	22 
3715	98 
3716	50 
3717	109 
3718	78 
3719	80 
3720	57 
3721	75 
3722	44 
3723	58 
3724	100 
3725	90 
3726	63 
3727	71 
3728	70 
3729	71 
3730	50 
3731	78 
3732	109 
3733	90 
3734	110 
3735	53 
3736	21 
3737	46 
3738	63 
3739	91 
3740	56 
3741	80 
3742	67 
3743	80 
3744	99 
3745	109 
3746	9 
3747	1 
3748	26 
3749	71 
3750	27 
3751	39 
3752	41 
3753	42 
3754	4 
3755	102 
3756	77 
3757	56 
3758	93 
3759	39 
3760	77 
3761	75 
3762	71 
3763	56 
3764	13 
3765	10 
3766	22 
3767	109 
3768	87 
3769	19 
3770	104 
3771	6 
3772	70 
3773	17 
3774	92 
3775	50 
3776	4 
3777	4 
3778	63 
3779	56 
3780	89 
3781	87 
3782	86 
3783	42 
3784	102 
3785	44 
3786	67 
3787	40 
3788	24 
3789	110 
3790	85 
3791	8 
3792	7 
3793	19 
3794	95 
3795	43 
3796	38 
3797	109 
3798	24 
3799	10 
3800	11 
3801	108 
3802	33 
3803	62 
3804	41 
3805	6 
3806	110 
3807	40 
3808	103 
3809	40 
3810	79 
3811	85 
3812	54 
3813	36 
3814	63 
3815	43 
3816	57 
3817	52 
3818	111 
3819	56 
3820	3 
3821	103 
3822	88 
3823	37 
3824	7 
3825	11 
3826	71 
3827	61 
3828	79 
3829	76 
3830	107 
3831	3 
3832	86 
3833	98 
3834	86 
3835	50 
3836	77 
3837	82 
3838	44 
3839	39 
3840	2 
3841	104 
3842	62 
3843	36 
3844	33 
3845	4 
3846	83 
3847	68 
3848	53 
3849	24 
3850	8 
3851	34 
3852	39 
3853	70 
3854	23 
3855	7 
3856	91 
3857	48 
3858	69 
3859	38 
3860	84 
3861	8 
3862	54 
3863	21 
3864	70 
3865	20 
3866	84 
3867	111 
3868	71 
3869	28 
3870	35 
3871	24 
3872	52 
3873	68 
3874	33 
3875	71 
3876	68 
3877	58 
3878	19 
3879	11 
3880	71 
3881	67 
3882	107 
3883	71 
3884	111 
3885	111 
3886	33 
3887	42 
3888	44 
3889	70 
3890	50 
3891	78 
3892	7 
3893	107 
3894	58 
3895	21 
3896	31 
3897	70 
3898	51 
3899	73 
3900	8 
3901	64 
3902	106 
3903	107 
3904	25 
3905	10 
3906	44 
3907	57 
3908	26 
3909	13 
3910	61 
3911	62 
3912	42 
3913	1 
3914	25 
3915	24 
3916	103 
3917	108 
3918	26 
3919	30 
3920	6 
3921	36 
3922	84 
3923	48 
3924	74 
3925	92 
3926	106 
3927	76 
3928	91 
3929	54 
3930	82 
3931	26 
3932	56 
3933	73 
3934	91 
3935	19 
3936	27 
3937	34 
3938	67 
3939	88 
3940	82 
3941	82 
3942	69 
3943	33 
3944	72 
3945	53 
3946	83 
3947	23 
3948	67 
3949	69 
3950	111 
3951	70 
3952	63 
3953	87 
3954	103 
3955	28 
3956	109 
3957	40 
3958	61 
3959	47 
3960	49 
3961	30 
3962	49 
3963	86 
3964	79 
3965	102 
3966	12 
3967	71 
3968	53 
3969	92 
3970	10 
3971	53 
3972	44 
3973	40 
3974	27 
3975	21 
3976	110 
3977	107 
3978	53 
3979	97 
3980	88 
3981	7 
3982	39 
3983	58 
3984	77 
3985	40 
3986	41 
3987	98 
3988	31 
3989	24 
3990	34 
3991	40 
3992	51 
3993	90 
3994	69 
3995	36 
3996	18 
3997	58 
3998	85 
3999	16 
4000	36 
4001	89 
4002	88 
4003	109 
4004	95 
4005	53 
4006	56 
4007	111 
4008	35 
4009	100 
4010	40 
4011	59 
4012	49 
4013	111 
4014	7 
4015	57 
4016	56 
4017	53 
4018	49 
4019	59 
4020	30 
4021	111 
4022	85 
4023	38 
4024	13 
4025	109 
4026	23 
4027	38 
4028	16 
4029	51 
4030	93 
4031	40 
4032	82 
4033	70 
4034	33 
4035	62 
4036	106 
4037	89 
4038	53 
4039	17 
4040	88 
4041	89 
4042	92 
4043	69 
4044	9 
4045	53 
4046	13 
4047	13 
4048	91 
4049	12 
4050	52 
4051	54 
4052	105 
4053	26 
4054	25 
4055	46 
4056	64 
4057	86 
4058	58 
4059	16 
4060	32 
4061	90 
4062	96 
4063	39 
4064	6 
4065	80 
4066	52 
4067	75 
4068	111 
4069	98 
4070	45 
4071	17 
4072	54 
4073	45 
4074	110 
4075	53 
4076	7 
4077	101 
4078	14 
4079	50 
4080	72 
4081	49 
4082	17 
4083	58 
4084	91 
4085	2 
4086	100 
4087	36 
4088	2 
4089	75 
4090	41 
4091	17 
4092	70 
4093	92 
4094	15 
4095	1 
4096	111 
4097	98 
4098	9 
4099	8 
4100	15 
4101	87 
4102	36 
4103	7 
4104	94 
4105	36 
4106	109 
4107	77 
4108	53 
4109	42 
4110	61 
4111	6 
4112	102 
4113	70 
4114	102 
4115	105 
4116	52 
4117	37 
4118	37 
4119	66 
4120	41 
4121	61 
4122	42 
4123	104 
4124	34 
4125	82 
4126	108 
4127	51 
4128	33 
4129	33 
4130	70 
4131	15 
4132	25 
4133	80 
4134	9 
4135	110 
4136	98 
4137	111 
4138	56 
4139	88 
4140	61 
4141	13 
4142	95 
4143	25 
4144	32 
4145	106 
4146	56 
4147	82 
4148	30 
4149	66 
4150	63 
4151	16 
4152	7 
4153	78 
4154	73 
4155	109 
4156	65 
4157	38 
4158	4 
4159	65 
4160	111 
4161	92 
4162	31 
4163	51 
4164	25 
4165	66 
4166	23 
4167	64 
4168	25 
4169	4 
4170	71 
4171	13 
4172	53 
4173	38 
4174	109 
4175	33 
4176	28 
4177	41 
4178	36 
4179	47 
4180	91 
4181	25 
4182	62 
4183	36 
4184	32 
4185	109 
4186	41 
4187	63 
4188	103 
4189	24 
4190	50 
4191	74 
4192	100 
4193	23 
4194	29 
4195	107 
4196	70 
4197	62 
4198	104 
4199	97 
4200	33 
4201	28 
4202	81 
4203	111 
4204	98 
4205	108 
4206	104 
4207	16 
4208	67 
4209	88 
4210	86 
4211	20 
4212	46 
4213	50 
4214	77 
4215	56 
4216	18 
4217	91 
4218	30 
4219	77 
4220	7 
4221	7 
4222	40 
4223	21 
4224	84 
4225	58 
4226	7 
4227	63 
4228	33 
4229	35 
4230	26 
4231	52 
4232	5 
4233	61 
4234	78 
4235	74 
4236	43 
4237	8 
4238	24 
4239	70 
4240	67 
4241	31 
4242	25 
4243	69 
4244	50 
4245	97 
4246	58 
4247	4 
4248	26 
4249	13 
4250	20 
4251	53 
4252	41 
4253	67 
4254	52 
4255	52 
4256	85 
4257	6 
4258	33 
4259	101 
4260	67 
4261	102 
4262	50 
4263	107 
4264	87 
4265	101 
4266	104 
4267	16 
4268	91 
4269	103 
4270	42 
4271	54 
4272	41 
4273	71 
4274	30 
4275	73 
4276	71 
4277	94 
4278	20 
4279	41 
4280	110 
4281	43 
4282	107 
4283	31 
4284	63 
4285	50 
4286	8 
4287	91 
4288	9 
4289	51 
4290	63 
4291	62 
4292	48 
4293	93 
4294	77 
4295	88 
4296	8 
4297	63 
4298	107 
4299	20 
4300	26 
4301	88 
4302	63 
4303	50 
4304	60 
4305	81 
4306	52 
4307	70 
4308	103 
4309	63 
4310	20 
4311	41 
4312	63 
4313	42 
4314	8 
4315	111 
4316	95 
4317	85 
4318	95 
4319	2 
4320	13 
4321	27 
4322	44 
4323	72 
4324	111 
4325	67 
4326	44 
4327	86 
4328	8 
4329	88 
4330	78 
4331	34 
4332	13 
4333	32 
4334	16 
4335	4 
4336	51 
4337	100 
4338	101 
4339	63 
4340	24 
4341	88 
4342	58 
4343	73 
4344	53 
4345	42 
4346	66 
4347	4 
4348	34 
4349	8 
4350	3 
4351	71 
4352	36 
4353	58 
4354	78 
4355	31 
4356	100 
4357	85 
4358	33 
4359	18 
4360	78 
4361	10 
4362	21 
4363	92 
4364	90 
4365	2 
4366	53 
4367	62 
4368	13 
4369	82 
4370	52 
4371	69 
4372	63 
4373	45 
4374	42 
4375	21 
4376	63 
4377	15 
4378	12 
4379	91 
4380	34 
4381	38 
4382	88 
4383	93 
4384	33 
4385	69 
4386	80 
4387	5 
4388	7 
4389	8 
4390	98 
4391	7 
4392	103 
4393	29 
4394	94 
4395	66 
4396	13 
4397	33 
4398	91 
4399	104 
4400	23 
4401	11 
4402	106 
4403	107 
4404	104 
4405	104 
4406	42 
4407	88 
4408	111 
4409	38 
4410	104 
4411	97 
4412	63 
4413	91 
4414	14 
4415	63 
4416	96 
4417	4 
4418	7 
4419	14 
4420	41 
4421	104 
4422	89 
4423	7 
4424	20 
4425	23 
4426	14 
4427	92 
4428	70 
4429	26 
4430	45 
4431	36 
4432	85 
4433	53 
4434	12 
4435	71 
4436	7 
4437	86 
4438	67 
4439	67 
4440	13 
4441	69 
4442	33 
4443	87 
4444	89 
4445	10 
4446	57 
4447	102 
4448	4 
4449	17 
4450	103 
4451	87 
4452	111 
4453	82 
4454	87 
4455	93 
4456	107 
4457	83 
4458	82 
4459	46 
4460	12 
4461	13 
4462	23 
4463	103 
4464	43 
4465	98 
4466	33 
4467	23 
4468	20 
4469	39 
4470	7 
4471	73 
4472	25 
4473	90 
4474	78 
4475	91 
4476	49 
4477	31 
4478	82 
4479	18 
4480	63 
4481	56 
4482	40 
4483	111 
4484	55 
4485	45 
4486	66 
4487	71 
4488	79 
4489	74 
4490	85 
4491	103 
4492	72 
4493	20 
4494	100 
4495	3 
4496	73 
4497	104 
4498	111 
4499	33 
4500	58 
4501	49 
4502	97 
4503	69 
4504	5 
4505	23 
4506	13 
4507	44 
4508	68 
4509	101 
4510	102 
4511	101 
4512	35 
4513	75 
4514	67 
4515	104 
4516	110 
4517	57 
4518	4 
4519	111 
4520	103 
4521	11 
4522	8 
4523	49 
4524	77 
4525	103 
4526	7 
4527	24 
4528	101 
4529	3 
4530	45 
4531	13 
4532	44 
4533	108 
4534	102 
4535	42 
4536	36 
4537	50 
4538	31 
4539	111 
4540	54 
4541	62 
4542	109 
4543	99 
4544	28 
4545	53 
4546	27 
4547	94 
4548	102 
4549	7 
4550	40 
4551	40 
4552	80 
4553	67 
4554	48 
4555	46 
4556	63 
4557	102 
4558	71 
4559	36 
4560	105 
4561	45 
4562	6 
4563	7 
4564	52 
4565	89 
4566	13 
4567	25 
4568	91 
4569	25 
4570	52 
4571	39 
4572	53 
4573	4 
4574	7 
4575	47 
4576	70 
4577	23 
4578	47 
4579	107 
4580	34 
4581	55 
4582	4 
4583	50 
4584	32 
4585	102 
4586	84 
4587	7 
4588	95 
4589	46 
4590	71 
4591	56 
4592	88 
4593	74 
4594	35 
4595	85 
4596	68 
4597	40 
4598	2 
4599	68 
4600	104 
4601	74 
4602	88 
4603	7 
4604	103 
4605	86 
4606	82 
4607	20 
4608	93 
4609	87 
4610	55 
4611	12 
4612	78 
4613	13 
4614	92 
4615	33 
4616	17 
4617	17 
4618	3 
4619	50 
4620	62 
4621	111 
4622	56 
4623	52 
4624	32 
4625	102 
4626	15 
4627	47 
4628	16 
4629	17 
4630	31 
4631	7 
4632	110 
4633	4 
4634	107 
4635	60 
4636	68 
4637	89 
4638	67 
4639	109 
4640	29 
4641	33 
4642	56 
4643	51 
4644	39 
4645	91 
4646	110 
4647	81 
4648	64 
4649	11 
4650	88 
4651	15 
4652	82 
4653	65 
4654	87 
4655	87 
4656	107 
4657	34 
4658	56 
4659	52 
4660	70 
4661	81 
4662	71 
4663	70 
4664	85 
4665	83 
4666	93 
4667	84 
4668	5 
4669	34 
4670	94 
4671	69 
4672	41 
4673	86 
4674	25 
4675	17 
4676	87 
4677	19 
4678	82 
4679	16 
4680	69 
4681	104 
4682	109 
4683	36 
4684	10 
4685	12 
4686	108 
4687	110 
4688	96 
4689	50 
4690	67 
4691	42 
4692	101 
4693	74 
4694	69 
4695	27 
4696	85 
4697	49 
4698	47 
4699	11 
4700	58 
4701	103 
4702	58 
4703	107 
4704	64 
4705	60 
4706	70 
4707	33 
4708	104 
4709	33 
4710	107 
4711	93 
4712	61 
4713	16 
4714	86 
4715	91 
4716	39 
4717	17 
4718	31 
4719	62 
4720	78 
4721	42 
4722	17 
4723	10 
4724	66 
4725	47 
4726	89 
4727	110 
4728	36 
4729	51 
4730	64 
4731	40 
4732	30 
4733	42 
4734	76 
4735	97 
4736	49 
4737	39 
4738	38 
4739	104 
4740	81 
4741	63 
4742	82 
4743	35 
4744	46 
4745	3 
4746	98 
4747	74 
4748	50 
4749	50 
4750	5 
4751	110 
4752	46 
4753	40 
4754	51 
4755	81 
4756	111 
4757	50 
4758	40 
4759	49 
4760	56 
4761	50 
4762	111 
4763	17 
4764	63 
4765	91 
4766	69 
4767	85 
4768	34 
4769	10 
4770	89 
4771	8 
4772	95 
4773	56 
4774	36 
4775	86 
4776	63 
4777	82 
4778	18 
4779	17 
4780	107 
4781	78 
4782	54 
4783	44 
4784	36 
4785	71 
4786	33 
4787	6 
4788	103 
4789	21 
4790	42 
4791	21 
4792	92 
4793	50 
4794	47 
4795	108 
4796	4 
4797	61 
4798	39 
4799	39 
4800	44 
4801	32 
4802	111 
4803	42 
4804	50 
4805	14 
4806	111 
4807	111 
4808	33 
4809	69 
4810	82 
4811	73 
4812	23 
4813	91 
4814	89 
4815	21 
4816	50 
4817	10 
4818	13 
4819	57 
4820	13 
4821	36 
4822	70 
4823	78 
4824	67 
4825	60 
4826	61 
4827	23 
4828	31 
4829	101 
4830	8 
4831	91 
4832	12 
4833	91 
4834	84 
4835	63 
4836	91 
4837	56 
4838	74 
4839	63 
4840	54 
4841	6 
4842	60 
4843	61 
4844	63 
4845	86 
4846	84 
4847	35 
4848	71 
4849	4 
4850	13 
4851	71 
4852	8 
4853	36 
4854	95 
4855	36 
4856	39 
4857	74 
4858	98 
4859	86 
4860	34 
4861	3 
4862	95 
4863	87 
4864	39 
4865	16 
4866	102 
4867	21 
4868	85 
4869	86 
4870	67 
4871	10 
4872	52 
4873	3 
4874	16 
4875	10 
4876	56 
4877	44 
4878	7 
4879	110 
4880	60 
4881	98 
4882	78 
4883	36 
4884	68 
4885	36 
4886	70 
4887	98 
4888	31 
4889	71 
4890	24 
4891	54 
4892	69 
4893	82 
4894	61 
4895	17 
4896	98 
4897	6 
4898	91 
4899	111 
4900	86 
4901	19 
4902	41 
4903	39 
4904	78 
4905	70 
4906	53 
4907	18 
4908	56 
4909	13 
4910	61 
4911	46 
4912	23 
4913	6 
4914	50 
4915	51 
4916	4 
4917	40 
4918	52 
4919	41 
4920	24 
4921	107 
4922	51 
4923	103 
4924	67 
4925	85 
4926	100 
4927	102 
4928	85 
4929	82 
4930	20 
4931	53 
4932	78 
4933	87 
4934	61 
4935	107 
4936	71 
4937	70 
4938	42 
4939	67 
4940	19 
4941	89 
4942	28 
4943	70 
4944	107 
4945	52 
4946	13 
4947	85 
4948	61 
4949	23 
4950	64 
4951	77 
4952	42 
4953	51 
4954	19 
4955	100 
4956	34 
4957	74 
4958	16 
4959	111 
4960	8 
4961	86 
4962	24 
4963	8 
4964	78 
4965	78 
4966	110 
4967	8 
4968	85 
4969	98 
4970	69 
4971	71 
4972	10 
4973	42 
4974	50 
4975	92 
4976	107 
4977	28 
4978	86 
4979	103 
4980	107 
4981	89 
4982	91 
4983	13 
4984	44 
4985	70 
4986	53 
4987	61 
4988	97 
4989	61 
4990	91 
4991	70 
4992	24 
4993	36 
4994	39 
4995	86 
4996	36 
4997	107 
4998	98 
4999	98 
5000	86 
