1	23 
2	56 
3	75 
4	29 
5	7 
6	26 
7	34 
8	32 
9	38 
10	86 
11	30 
12	78 
13	2 
14	7 
15	45 
16	61 
17	57 
18	80 
19	50 
20	72 
21	51 
22	31 
23	18 
24	41 
25	92 
26	81 
27	77 
28	68 
29	16 
30	89 
31	81 
32	3 
33	34 
34	91 
35	11 
36	57 
37	75 
38	10 
39	31 
40	80 
41	71 
42	18 
43	79 
44	56 
45	82 
46	84 
47	31 
48	80 
49	27 
50	88 
51	16 
52	58 
53	65 
54	38 
55	78 
56	89 
57	62 
58	48 
59	44 
60	92 
61	7 
62	77 
63	64 
64	88 
65	44 
66	37 
67	65 
68	99 
69	34 
70	45 
71	21 
72	51 
73	78 
74	26 
75	96 
76	42 
77	15 
78	52 
79	79 
80	91 
81	31 
82	46 
83	77 
84	39 
85	35 
86	76 
87	50 
88	18 
89	20 
90	52 
91	6 
92	65 
93	45 
94	53 
95	96 
96	97 
97	34 
98	57 
99	70 
100	85 
101	72 
102	46 
103	17 
104	16 
105	29 
106	49 
107	89 
108	85 
109	98 
110	53 
111	18 
112	44 
113	71 
114	33 
115	34 
116	3 
117	32 
118	59 
119	62 
120	56 
121	80 
122	31 
123	31 
124	71 
125	40 
126	96 
127	46 
128	20 
129	3 
130	46 
131	19 
132	51 
133	64 
134	29 
135	24 
136	1 
137	13 
138	5 
139	99 
140	93 
141	22 
142	1 
143	48 
144	52 
145	88 
146	51 
147	39 
148	39 
149	22 
150	85 
151	77 
152	11 
153	75 
154	88 
155	27 
156	70 
157	88 
158	18 
159	35 
160	25 
161	75 
162	44 
163	3 
164	21 
165	20 
166	75 
167	77 
168	8 
169	23 
170	62 
171	45 
172	70 
173	32 
174	95 
175	57 
176	63 
177	66 
178	35 
179	29 
180	58 
181	51 
182	82 
183	77 
184	35 
185	86 
186	54 
187	98 
188	22 
189	30 
190	54 
191	21 
192	89 
193	27 
194	2 
195	44 
196	5 
197	99 
198	21 
199	82 
200	16 
201	52 
202	34 
203	59 
204	73 
205	62 
206	64 
207	16 
208	11 
209	48 
210	11 
211	16 
212	71 
213	59 
214	96 
215	92 
216	9 
217	45 
218	17 
219	52 
220	27 
221	22 
222	89 
223	77 
224	8 
225	77 
226	63 
227	52 
228	3 
229	48 
230	82 
231	36 
232	93 
233	98 
234	29 
235	41 
236	20 
237	48 
238	8 
239	75 
240	14 
241	52 
242	41 
243	36 
244	27 
245	60 
246	73 
247	29 
248	35 
249	58 
250	46 
251	73 
252	83 
253	87 
254	76 
255	33 
256	3 
257	86 
258	17 
259	37 
260	68 
261	64 
262	72 
263	46 
264	17 
265	26 
266	51 
267	20 
268	75 
269	94 
270	29 
271	18 
272	66 
273	34 
274	75 
275	66 
276	29 
277	14 
278	78 
279	77 
280	11 
281	75 
282	63 
283	69 
284	56 
285	80 
286	1 
287	66 
288	21 
289	80 
290	27 
291	38 
292	98 
293	84 
294	36 
295	77 
296	31 
297	94 
298	60 
299	73 
300	67 
301	44 
302	75 
303	3 
304	85 
305	75 
306	51 
307	45 
308	70 
309	16 
310	51 
311	42 
312	81 
313	70 
314	97 
315	22 
316	8 
317	55 
318	84 
319	67 
320	29 
321	97 
322	84 
323	7 
324	42 
325	57 
326	86 
327	19 
328	77 
329	32 
330	55 
331	46 
332	77 
333	67 
334	38 
335	43 
336	44 
337	90 
338	48 
339	97 
340	51 
341	11 
342	7 
343	69 
344	57 
345	82 
346	23 
347	72 
348	2 
349	43 
350	56 
351	56 
352	6 
353	7 
354	88 
355	49 
356	72 
357	66 
358	92 
359	43 
360	10 
361	96 
362	7 
363	61 
364	6 
365	98 
366	66 
367	12 
368	22 
369	66 
370	88 
371	39 
372	3 
373	92 
374	63 
375	41 
376	27 
377	14 
378	52 
379	51 
380	98 
381	45 
382	76 
383	47 
384	61 
385	87 
386	5 
387	14 
388	31 
389	40 
390	41 
391	43 
392	58 
393	80 
394	85 
395	11 
396	71 
397	78 
398	21 
399	34 
400	44 
401	74 
402	38 
403	22 
404	21 
405	66 
406	75 
407	44 
408	88 
409	98 
410	80 
411	55 
412	43 
413	23 
414	71 
415	99 
416	25 
417	37 
418	86 
419	2 
420	90 
421	8 
422	44 
423	29 
424	92 
425	49 
426	70 
427	74 
428	66 
429	4 
430	34 
431	74 
432	96 
433	61 
434	49 
435	21 
436	87 
437	40 
438	38 
439	80 
440	51 
441	85 
442	88 
443	82 
444	92 
445	30 
446	85 
447	28 
448	84 
449	90 
450	5 
451	29 
452	68 
453	74 
454	67 
455	54 
456	83 
457	95 
458	22 
459	44 
460	46 
461	24 
462	46 
463	26 
464	80 
465	38 
466	92 
467	59 
468	23 
469	31 
470	73 
471	70 
472	17 
473	66 
474	26 
475	72 
476	14 
477	87 
478	40 
479	5 
480	74 
481	27 
482	57 
483	20 
484	78 
485	11 
486	12 
487	78 
488	95 
489	66 
490	7 
491	44 
492	87 
493	55 
494	46 
495	81 
496	6 
497	55 
498	31 
499	45 
500	3 
501	89 
502	51 
503	24 
504	67 
505	43 
506	29 
507	58 
508	34 
509	23 
510	31 
511	6 
512	45 
513	39 
514	44 
515	72 
516	84 
517	84 
518	44 
519	57 
520	6 
521	1 
522	64 
523	10 
524	45 
525	66 
526	51 
527	11 
528	33 
529	93 
530	13 
531	41 
532	96 
533	5 
534	80 
535	85 
536	11 
537	98 
538	77 
539	75 
540	22 
541	83 
542	20 
543	42 
544	57 
545	67 
546	34 
547	29 
548	64 
549	85 
550	34 
551	74 
552	97 
553	66 
554	64 
555	66 
556	78 
557	95 
558	45 
559	87 
560	6 
561	50 
562	29 
563	57 
564	50 
565	31 
566	34 
567	79 
568	49 
569	50 
570	71 
571	97 
572	29 
573	79 
574	60 
575	88 
576	57 
577	46 
578	19 
579	35 
580	83 
581	23 
582	22 
583	51 
584	87 
585	76 
586	75 
587	93 
588	51 
589	83 
590	83 
591	35 
592	21 
593	70 
594	20 
595	5 
596	53 
597	52 
598	63 
599	24 
600	19 
601	25 
602	66 
603	78 
604	58 
605	19 
606	50 
607	39 
608	95 
609	44 
610	48 
611	81 
612	29 
613	20 
614	31 
615	44 
616	41 
617	78 
618	63 
619	49 
620	43 
621	29 
622	90 
623	75 
624	80 
625	70 
626	65 
627	77 
628	98 
629	52 
630	60 
631	85 
632	68 
633	59 
634	84 
635	60 
636	20 
637	98 
638	68 
639	17 
640	80 
641	76 
642	15 
643	46 
644	23 
645	92 
646	82 
647	38 
648	66 
649	82 
650	78 
651	58 
652	88 
653	26 
654	5 
655	65 
656	82 
657	22 
658	18 
659	85 
660	24 
661	51 
662	63 
663	25 
664	93 
665	32 
666	42 
667	7 
668	32 
669	34 
670	75 
671	57 
672	41 
673	50 
674	52 
675	38 
676	48 
677	20 
678	92 
679	88 
680	6 
681	4 
682	32 
683	39 
684	97 
685	85 
686	95 
687	11 
688	2 
689	97 
690	48 
691	22 
692	54 
693	49 
694	16 
695	88 
696	80 
697	53 
698	16 
699	80 
700	79 
701	4 
702	44 
703	1 
704	2 
705	98 
706	78 
707	35 
708	22 
709	3 
710	79 
711	34 
712	89 
713	3 
714	23 
715	81 
716	99 
717	18 
718	34 
719	26 
720	51 
721	51 
722	44 
723	97 
724	45 
725	1 
726	43 
727	77 
728	2 
729	23 
730	95 
731	68 
732	58 
733	55 
734	70 
735	62 
736	48 
737	78 
738	81 
739	46 
740	34 
741	82 
742	97 
743	85 
744	70 
745	60 
746	84 
747	51 
748	92 
749	35 
750	88 
751	92 
752	88 
753	60 
754	61 
755	50 
756	16 
757	70 
758	36 
759	67 
760	59 
761	58 
762	97 
763	11 
764	82 
765	27 
766	21 
767	66 
768	94 
769	19 
770	78 
771	63 
772	29 
773	27 
774	91 
775	24 
776	16 
777	3 
778	56 
779	78 
780	48 
781	91 
782	43 
783	85 
784	29 
785	34 
786	8 
787	21 
788	84 
789	76 
790	3 
791	89 
792	60 
793	67 
794	60 
795	39 
796	33 
797	55 
798	54 
799	78 
800	21 
801	24 
802	51 
803	7 
804	7 
805	40 
806	13 
807	70 
808	2 
809	57 
810	58 
811	57 
812	36 
813	11 
814	95 
815	63 
816	72 
817	74 
818	5 
819	89 
820	52 
821	80 
822	97 
823	14 
824	22 
825	29 
826	50 
827	85 
828	85 
829	31 
830	77 
831	45 
832	35 
833	53 
834	44 
835	52 
836	33 
837	6 
838	76 
839	44 
840	74 
841	97 
842	93 
843	52 
844	21 
845	38 
846	38 
847	50 
848	14 
849	10 
850	92 
851	83 
852	10 
853	71 
854	20 
855	51 
856	58 
857	29 
858	87 
859	39 
860	85 
861	87 
862	80 
863	64 
864	22 
865	49 
866	98 
867	84 
868	44 
869	46 
870	4 
871	2 
872	10 
873	41 
874	99 
875	20 
876	75 
877	25 
878	24 
879	14 
880	43 
881	40 
882	46 
883	7 
884	98 
885	40 
886	6 
887	49 
888	97 
889	77 
890	41 
891	87 
892	77 
893	1 
894	60 
895	13 
896	78 
897	40 
898	75 
899	59 
900	1 
901	14 
902	70 
903	26 
904	36 
905	80 
906	88 
907	76 
908	66 
909	37 
910	70 
911	97 
912	56 
913	11 
914	13 
915	42 
916	27 
917	14 
918	84 
919	55 
920	59 
921	10 
922	80 
923	44 
924	66 
925	80 
926	12 
927	38 
928	98 
929	6 
930	36 
931	56 
932	10 
933	55 
934	42 
935	88 
936	97 
937	65 
938	15 
939	67 
940	13 
941	62 
942	50 
943	84 
944	83 
945	88 
946	6 
947	23 
948	46 
949	10 
950	27 
951	20 
952	52 
953	61 
954	62 
955	58 
956	21 
957	78 
958	97 
959	78 
960	72 
961	67 
962	61 
963	34 
964	98 
965	11 
966	18 
967	97 
968	89 
969	97 
970	6 
971	41 
972	63 
973	98 
974	23 
975	34 
976	7 
977	82 
978	21 
979	11 
980	14 
981	83 
982	51 
983	70 
984	76 
985	61 
986	88 
987	57 
988	60 
989	22 
990	67 
991	44 
992	44 
993	95 
994	60 
995	82 
996	11 
997	43 
998	45 
999	38 
1000	70 
1001	49 
1002	2 
1003	45 
1004	57 
1005	44 
1006	89 
1007	26 
1008	40 
1009	76 
1010	7 
1011	85 
1012	48 
1013	74 
1014	32 
1015	45 
1016	60 
1017	53 
1018	42 
1019	95 
1020	97 
1021	92 
1022	4 
1023	43 
1024	14 
1025	55 
1026	3 
1027	52 
1028	81 
1029	79 
1030	91 
1031	14 
1032	98 
1033	37 
1034	69 
1035	70 
1036	67 
1037	60 
1038	21 
1039	11 
1040	50 
1041	22 
1042	93 
1043	18 
1044	70 
1045	61 
1046	49 
1047	82 
1048	31 
1049	64 
1050	93 
1051	8 
1052	68 
1053	44 
1054	11 
1055	7 
1056	61 
1057	40 
1058	50 
1059	89 
1060	22 
1061	29 
1062	36 
1063	7 
1064	32 
1065	66 
1066	82 
1067	22 
1068	3 
1069	42 
1070	23 
1071	55 
1072	8 
1073	22 
1074	78 
1075	65 
1076	85 
1077	40 
1078	58 
1079	89 
1080	66 
1081	40 
1082	30 
1083	72 
1084	8 
1085	21 
1086	42 
1087	7 
1088	19 
1089	3 
1090	80 
1091	19 
1092	99 
1093	19 
1094	61 
1095	70 
1096	41 
1097	14 
1098	58 
1099	3 
1100	91 
1101	78 
1102	3 
1103	31 
1104	17 
1105	10 
1106	45 
1107	39 
1108	9 
1109	52 
1110	84 
1111	85 
1112	38 
1113	16 
1114	86 
1115	31 
1116	11 
1117	36 
1118	83 
1119	75 
1120	99 
1121	52 
1122	16 
1123	70 
1124	78 
1125	78 
1126	3 
1127	70 
1128	44 
1129	43 
1130	82 
1131	93 
1132	92 
1133	71 
1134	95 
1135	66 
1136	57 
1137	47 
1138	89 
1139	70 
1140	61 
1141	6 
1142	29 
1143	82 
1144	40 
1145	68 
1146	6 
1147	70 
1148	49 
1149	24 
1150	41 
1151	41 
1152	97 
1153	6 
1154	97 
1155	72 
1156	7 
1157	65 
1158	60 
1159	58 
1160	41 
1161	66 
1162	43 
1163	88 
1164	85 
1165	51 
1166	21 
1167	13 
1168	50 
1169	60 
1170	3 
1171	1 
1172	45 
1173	78 
1174	10 
1175	4 
1176	78 
1177	80 
1178	44 
1179	8 
1180	82 
1181	69 
1182	84 
1183	78 
1184	6 
1185	88 
1186	11 
1187	20 
1188	49 
1189	30 
1190	35 
1191	29 
1192	53 
1193	65 
1194	10 
1195	48 
1196	61 
1197	58 
1198	1 
1199	85 
1200	72 
1201	43 
1202	56 
1203	6 
1204	51 
1205	45 
1206	49 
1207	7 
1208	83 
1209	43 
1210	82 
1211	29 
1212	58 
1213	85 
1214	61 
1215	66 
1216	38 
1217	14 
1218	96 
1219	3 
1220	92 
1221	77 
1222	34 
1223	85 
1224	85 
1225	21 
1226	22 
1227	68 
1228	68 
1229	21 
1230	64 
1231	18 
1232	37 
1233	96 
1234	45 
1235	29 
1236	8 
1237	22 
1238	61 
1239	98 
1240	79 
1241	92 
1242	64 
1243	58 
1244	48 
1245	84 
1246	35 
1247	5 
1248	94 
1249	31 
1250	30 
1251	42 
1252	41 
1253	9 
1254	87 
1255	62 
1256	1 
1257	2 
1258	10 
1259	27 
1260	80 
1261	77 
1262	36 
1263	81 
1264	5 
1265	98 
1266	70 
1267	18 
1268	80 
1269	8 
1270	3 
1271	6 
1272	71 
1273	78 
1274	63 
1275	54 
1276	13 
1277	18 
1278	54 
1279	20 
1280	89 
1281	42 
1282	91 
1283	88 
1284	31 
1285	19 
1286	23 
1287	74 
1288	33 
1289	16 
1290	16 
1291	21 
1292	64 
1293	39 
1294	97 
1295	61 
1296	21 
1297	80 
1298	51 
1299	38 
1300	8 
1301	51 
1302	45 
1303	52 
1304	48 
1305	22 
1306	40 
1307	28 
1308	59 
1309	43 
1310	44 
1311	59 
1312	70 
1313	88 
1314	98 
1315	21 
1316	62 
1317	52 
1318	49 
1319	41 
1320	92 
1321	14 
1322	10 
1323	61 
1324	69 
1325	16 
1326	72 
1327	39 
1328	3 
1329	89 
1330	30 
1331	31 
1332	95 
1333	57 
1334	98 
1335	16 
1336	98 
1337	55 
1338	98 
1339	43 
1340	38 
1341	75 
1342	34 
1343	37 
1344	26 
1345	4 
1346	61 
1347	70 
1348	76 
1349	17 
1350	72 
1351	49 
1352	32 
1353	59 
1354	83 
1355	94 
1356	21 
1357	82 
1358	65 
1359	20 
1360	90 
1361	19 
1362	28 
1363	29 
1364	92 
1365	92 
1366	8 
1367	90 
1368	84 
1369	68 
1370	57 
1371	65 
1372	91 
1373	82 
1374	62 
1375	98 
1376	43 
1377	80 
1378	51 
1379	58 
1380	45 
1381	70 
1382	44 
1383	96 
1384	32 
1385	81 
1386	56 
1387	78 
1388	62 
1389	55 
1390	7 
1391	21 
1392	57 
1393	91 
1394	70 
1395	85 
1396	79 
1397	17 
1398	44 
1399	15 
1400	98 
1401	52 
1402	57 
1403	66 
1404	38 
1405	11 
1406	99 
1407	29 
1408	85 
1409	90 
1410	28 
1411	29 
1412	1 
1413	67 
1414	43 
1415	40 
1416	2 
1417	32 
1418	36 
1419	11 
1420	51 
1421	11 
1422	78 
1423	76 
1424	74 
1425	21 
1426	50 
1427	2 
1428	41 
1429	97 
1430	44 
1431	73 
1432	66 
1433	5 
1434	44 
1435	75 
1436	83 
1437	68 
1438	6 
1439	51 
1440	80 
1441	42 
1442	46 
1443	27 
1444	1 
1445	3 
1446	43 
1447	77 
1448	47 
1449	48 
1450	84 
1451	79 
1452	41 
1453	72 
1454	71 
1455	96 
1456	12 
1457	65 
1458	56 
1459	45 
1460	6 
1461	37 
1462	54 
1463	51 
1464	98 
1465	52 
1466	41 
1467	61 
1468	56 
1469	45 
1470	80 
1471	50 
1472	92 
1473	41 
1474	45 
1475	96 
1476	91 
1477	30 
1478	61 
1479	4 
1480	51 
1481	38 
1482	67 
1483	61 
1484	45 
1485	40 
1486	2 
1487	57 
1488	13 
1489	95 
1490	22 
1491	25 
1492	72 
1493	78 
1494	26 
1495	8 
1496	97 
1497	80 
1498	38 
1499	56 
1500	97 
1501	82 
1502	21 
1503	98 
1504	5 
1505	98 
1506	73 
1507	44 
1508	92 
1509	33 
1510	81 
1511	54 
1512	87 
1513	41 
1514	72 
1515	24 
1516	80 
1517	77 
1518	2 
1519	55 
1520	11 
1521	77 
1522	3 
1523	72 
1524	57 
1525	56 
1526	92 
1527	31 
1528	56 
1529	8 
1530	12 
1531	28 
1532	50 
1533	70 
1534	32 
1535	26 
1536	49 
1537	92 
1538	76 
1539	75 
1540	94 
1541	50 
1542	72 
1543	49 
1544	20 
1545	96 
1546	19 
1547	81 
1548	16 
1549	83 
1550	38 
1551	92 
1552	72 
1553	51 
1554	10 
1555	58 
1556	31 
1557	6 
1558	57 
1559	3 
1560	41 
1561	34 
1562	34 
1563	58 
1564	77 
1565	49 
1566	72 
1567	92 
1568	89 
1569	54 
1570	98 
1571	68 
1572	44 
1573	44 
1574	39 
1575	63 
1576	85 
1577	46 
1578	79 
1579	62 
1580	20 
1581	77 
1582	90 
1583	66 
1584	5 
1585	30 
1586	56 
1587	60 
1588	7 
1589	18 
1590	1 
1591	7 
1592	57 
1593	97 
1594	35 
1595	41 
1596	52 
1597	84 
1598	27 
1599	85 
1600	30 
1601	48 
1602	68 
1603	57 
1604	13 
1605	30 
1606	11 
1607	49 
1608	90 
1609	27 
1610	98 
1611	81 
1612	56 
1613	38 
1614	98 
1615	98 
1616	9 
1617	72 
1618	60 
1619	69 
1620	46 
1621	22 
1622	14 
1623	76 
1624	72 
1625	73 
1626	61 
1627	97 
1628	15 
1629	37 
1630	10 
1631	31 
1632	35 
1633	52 
1634	84 
1635	7 
1636	29 
1637	45 
1638	90 
1639	93 
1640	98 
1641	29 
1642	72 
1643	61 
1644	99 
1645	70 
1646	77 
1647	45 
1648	51 
1649	92 
1650	61 
1651	37 
1652	12 
1653	45 
1654	61 
1655	22 
1656	1 
1657	11 
1658	70 
1659	65 
1660	61 
1661	17 
1662	7 
1663	27 
1664	50 
1665	7 
1666	14 
1667	96 
1668	35 
1669	48 
1670	38 
1671	95 
1672	38 
1673	58 
1674	51 
1675	87 
1676	88 
1677	24 
1678	77 
1679	43 
1680	76 
1681	35 
1682	30 
1683	69 
1684	46 
1685	52 
1686	7 
1687	78 
1688	4 
1689	61 
1690	5 
1691	82 
1692	21 
1693	98 
1694	98 
1695	79 
1696	95 
1697	12 
1698	50 
1699	98 
1700	80 
1701	60 
1702	35 
1703	75 
1704	60 
1705	53 
1706	98 
1707	54 
1708	8 
1709	39 
1710	75 
1711	65 
1712	60 
1713	28 
1714	41 
1715	38 
1716	86 
1717	5 
1718	41 
1719	54 
1720	46 
1721	14 
1722	42 
1723	40 
1724	98 
1725	30 
1726	80 
1727	34 
1728	77 
1729	23 
1730	42 
1731	1 
1732	37 
1733	34 
1734	5 
1735	23 
1736	21 
1737	34 
1738	19 
1739	46 
1740	22 
1741	3 
1742	61 
1743	98 
1744	78 
1745	7 
1746	19 
1747	92 
1748	85 
1749	61 
1750	97 
1751	35 
1752	58 
1753	35 
1754	45 
1755	2 
1756	63 
1757	9 
1758	1 
1759	8 
1760	22 
1761	10 
1762	94 
1763	57 
1764	79 
1765	54 
1766	29 
1767	59 
1768	61 
1769	21 
1770	1 
1771	76 
1772	84 
1773	23 
1774	65 
1775	87 
1776	27 
1777	45 
1778	14 
1779	85 
1780	48 
1781	51 
1782	56 
1783	87 
1784	20 
1785	85 
1786	45 
1787	98 
1788	84 
1789	43 
1790	23 
1791	61 
1792	88 
1793	54 
1794	78 
1795	89 
1796	7 
1797	45 
1798	51 
1799	14 
1800	17 
1801	85 
1802	3 
1803	96 
1804	34 
1805	46 
1806	18 
1807	85 
1808	57 
1809	72 
1810	88 
1811	63 
1812	57 
1813	75 
1814	12 
1815	50 
1816	3 
1817	72 
1818	76 
1819	99 
1820	8 
1821	73 
1822	34 
1823	77 
1824	75 
1825	1 
1826	75 
1827	31 
1828	99 
1829	62 
1830	7 
1831	21 
1832	38 
1833	77 
1834	89 
1835	98 
1836	62 
1837	54 
1838	44 
1839	24 
1840	41 
1841	66 
1842	40 
1843	81 
1844	27 
1845	6 
1846	72 
1847	91 
1848	72 
1849	76 
1850	57 
1851	66 
1852	9 
1853	79 
1854	45 
1855	51 
1856	1 
1857	76 
1858	92 
1859	80 
1860	60 
1861	95 
1862	48 
1863	15 
1864	43 
1865	55 
1866	72 
1867	44 
1868	63 
1869	13 
1870	58 
1871	41 
1872	34 
1873	9 
1874	89 
1875	76 
1876	74 
1877	85 
1878	21 
1879	78 
1880	94 
1881	58 
1882	67 
1883	19 
1884	79 
1885	15 
1886	76 
1887	75 
1888	97 
1889	31 
1890	66 
1891	77 
1892	96 
1893	50 
1894	20 
1895	10 
1896	70 
1897	54 
1898	69 
1899	5 
1900	5 
1901	33 
1902	58 
1903	57 
1904	7 
1905	45 
1906	70 
1907	78 
1908	63 
1909	11 
1910	51 
1911	11 
1912	81 
1913	76 
1914	95 
1915	89 
1916	61 
1917	50 
1918	51 
1919	66 
1920	85 
1921	23 
1922	84 
1923	87 
1924	56 
1925	4 
1926	98 
1927	41 
1928	19 
1929	84 
1930	70 
1931	9 
1932	33 
1933	35 
1934	41 
1935	24 
1936	82 
1937	29 
1938	97 
1939	50 
1940	30 
1941	80 
1942	34 
1943	79 
1944	7 
1945	32 
1946	86 
1947	85 
1948	68 
1949	71 
1950	25 
1951	29 
1952	83 
1953	72 
1954	26 
1955	43 
1956	36 
1957	51 
1958	55 
1959	72 
1960	1 
1961	56 
1962	92 
1963	72 
1964	72 
1965	22 
1966	49 
1967	45 
1968	88 
1969	53 
1970	84 
1971	84 
1972	13 
1973	21 
1974	97 
1975	49 
1976	96 
1977	84 
1978	48 
1979	44 
1980	77 
1981	46 
1982	41 
1983	45 
1984	68 
1985	2 
1986	14 
1987	16 
1988	22 
1989	57 
1990	67 
1991	40 
1992	41 
1993	20 
1994	48 
1995	3 
1996	39 
1997	26 
1998	6 
1999	98 
2000	91 
2001	50 
2002	3 
2003	21 
2004	74 
2005	19 
2006	43 
2007	22 
2008	64 
2009	72 
2010	75 
2011	30 
2012	60 
2013	99 
2014	77 
2015	94 
2016	14 
2017	58 
2018	45 
2019	85 
2020	14 
2021	85 
2022	47 
2023	1 
2024	44 
2025	8 
2026	18 
2027	11 
2028	65 
2029	78 
2030	53 
2031	44 
2032	80 
2033	85 
2034	69 
2035	25 
2036	6 
2037	77 
2038	70 
2039	34 
2040	16 
2041	38 
2042	96 
2043	78 
2044	66 
2045	44 
2046	29 
2047	49 
2048	17 
2049	14 
2050	72 
2051	1 
2052	36 
2053	36 
2054	58 
2055	5 
2056	45 
2057	40 
2058	35 
2059	11 
2060	78 
2061	79 
2062	58 
2063	72 
2064	34 
2065	11 
2066	46 
2067	34 
2068	47 
2069	64 
2070	39 
2071	41 
2072	70 
2073	78 
2074	34 
2075	4 
2076	78 
2077	7 
2078	85 
2079	11 
2080	21 
2081	10 
2082	41 
2083	77 
2084	22 
2085	84 
2086	1 
2087	44 
2088	6 
2089	84 
2090	79 
2091	41 
2092	16 
2093	49 
2094	11 
2095	74 
2096	8 
2097	44 
2098	11 
2099	82 
2100	98 
2101	84 
2102	92 
2103	61 
2104	2 
2105	3 
2106	82 
2107	5 
2108	66 
2109	41 
2110	90 
2111	7 
2112	7 
2113	97 
2114	43 
2115	75 
2116	72 
2117	78 
2118	31 
2119	2 
2120	67 
2121	5 
2122	62 
2123	10 
2124	31 
2125	43 
2126	20 
2127	34 
2128	74 
2129	40 
2130	29 
2131	2 
2132	50 
2133	24 
2134	89 
2135	67 
2136	61 
2137	52 
2138	19 
2139	72 
2140	40 
2141	89 
2142	11 
2143	3 
2144	77 
2145	58 
2146	85 
2147	62 
2148	16 
2149	78 
2150	84 
2151	88 
2152	11 
2153	45 
2154	16 
2155	21 
2156	7 
2157	65 
2158	7 
2159	89 
2160	7 
2161	61 
2162	37 
2163	49 
2164	23 
2165	71 
2166	31 
2167	76 
2168	49 
2169	4 
2170	56 
2171	94 
2172	34 
2173	20 
2174	46 
2175	66 
2176	65 
2177	70 
2178	41 
2179	22 
2180	1 
2181	85 
2182	11 
2183	47 
2184	43 
2185	31 
2186	16 
2187	3 
2188	20 
2189	21 
2190	97 
2191	72 
2192	10 
2193	20 
2194	56 
2195	41 
2196	3 
2197	44 
2198	59 
2199	54 
2200	51 
2201	14 
2202	24 
2203	69 
2204	5 
2205	52 
2206	16 
2207	49 
2208	98 
2209	34 
2210	13 
2211	79 
2212	58 
2213	21 
2214	20 
2215	5 
2216	47 
2217	81 
2218	58 
2219	28 
2220	46 
2221	85 
2222	70 
2223	67 
2224	35 
2225	82 
2226	43 
2227	5 
2228	23 
2229	76 
2230	14 
2231	2 
2232	11 
2233	74 
2234	2 
2235	98 
2236	95 
2237	6 
2238	80 
2239	91 
2240	80 
2241	26 
2242	57 
2243	55 
2244	33 
2245	54 
2246	3 
2247	85 
2248	3 
2249	19 
2250	6 
2251	23 
2252	80 
2253	34 
2254	16 
2255	96 
2256	72 
2257	77 
2258	7 
2259	1 
2260	73 
2261	40 
2262	42 
2263	31 
2264	38 
2265	42 
2266	89 
2267	97 
2268	64 
2269	53 
2270	47 
2271	65 
2272	29 
2273	70 
2274	75 
2275	45 
2276	57 
2277	76 
2278	78 
2279	32 
2280	12 
2281	80 
2282	26 
2283	11 
2284	29 
2285	66 
2286	13 
2287	18 
2288	59 
2289	46 
2290	75 
2291	44 
2292	41 
2293	63 
2294	33 
2295	41 
2296	61 
2297	92 
2298	26 
2299	49 
2300	64 
2301	14 
2302	61 
2303	61 
2304	66 
2305	2 
2306	47 
2307	8 
2308	44 
2309	77 
2310	62 
2311	51 
2312	2 
2313	54 
2314	61 
2315	76 
2316	76 
2317	14 
2318	9 
2319	43 
2320	47 
2321	42 
2322	22 
2323	14 
2324	58 
2325	18 
2326	51 
2327	38 
2328	78 
2329	79 
2330	88 
2331	44 
2332	58 
2333	94 
2334	49 
2335	34 
2336	39 
2337	85 
2338	45 
2339	71 
2340	10 
2341	49 
2342	44 
2343	6 
2344	72 
2345	74 
2346	26 
2347	31 
2348	41 
2349	43 
2350	44 
2351	74 
2352	11 
2353	56 
2354	18 
2355	90 
2356	11 
2357	10 
2358	15 
2359	55 
2360	16 
2361	18 
2362	88 
2363	41 
2364	77 
2365	20 
2366	59 
2367	80 
2368	26 
2369	21 
2370	77 
2371	77 
2372	75 
2373	97 
2374	72 
2375	19 
2376	62 
2377	70 
2378	21 
2379	57 
2380	6 
2381	57 
2382	18 
2383	2 
2384	79 
2385	6 
2386	45 
2387	34 
2388	21 
2389	49 
2390	54 
2391	10 
2392	56 
2393	75 
2394	52 
2395	93 
2396	54 
2397	33 
2398	6 
2399	48 
2400	70 
2401	44 
2402	28 
2403	36 
2404	22 
2405	76 
2406	31 
2407	66 
2408	37 
2409	14 
2410	82 
2411	24 
2412	52 
2413	78 
2414	18 
2415	38 
2416	10 
2417	57 
2418	68 
2419	34 
2420	40 
2421	40 
2422	92 
2423	20 
2424	21 
2425	28 
2426	99 
2427	3 
2428	15 
2429	31 
2430	81 
2431	75 
2432	2 
2433	9 
2434	49 
2435	79 
2436	70 
2437	11 
2438	48 
2439	77 
2440	42 
2441	78 
2442	91 
2443	31 
2444	16 
2445	98 
2446	45 
2447	55 
2448	93 
2449	78 
2450	95 
2451	11 
2452	26 
2453	56 
2454	18 
2455	26 
2456	74 
2457	16 
2458	44 
2459	26 
2460	41 
2461	23 
2462	38 
2463	78 
2464	95 
2465	3 
2466	63 
2467	86 
2468	6 
2469	93 
2470	37 
2471	82 
2472	21 
2473	53 
2474	64 
2475	66 
2476	47 
2477	8 
2478	67 
2479	98 
2480	64 
2481	44 
2482	29 
2483	58 
2484	56 
2485	90 
2486	91 
2487	31 
2488	62 
2489	61 
2490	62 
2491	49 
2492	11 
2493	20 
2494	63 
2495	23 
2496	21 
2497	41 
2498	56 
2499	86 
2500	36 
2501	37 
2502	21 
2503	52 
2504	72 
2505	29 
2506	93 
2507	2 
2508	50 
2509	92 
2510	49 
2511	16 
2512	87 
2513	54 
2514	77 
2515	21 
2516	51 
2517	38 
2518	83 
2519	95 
2520	80 
2521	54 
2522	41 
2523	98 
2524	90 
2525	36 
2526	6 
2527	80 
2528	28 
2529	2 
2530	14 
2531	98 
2532	32 
2533	2 
2534	54 
2535	67 
2536	75 
2537	87 
2538	75 
2539	92 
2540	98 
2541	70 
2542	99 
2543	20 
2544	50 
2545	96 
2546	93 
2547	57 
2548	29 
2549	23 
2550	85 
2551	72 
2552	98 
2553	17 
2554	70 
2555	47 
2556	38 
2557	49 
2558	14 
2559	93 
2560	8 
2561	77 
2562	53 
2563	76 
2564	20 
2565	83 
2566	80 
2567	56 
2568	11 
2569	60 
2570	74 
2571	92 
2572	26 
2573	23 
2574	12 
2575	89 
2576	55 
2577	89 
2578	88 
2579	21 
2580	14 
2581	40 
2582	48 
2583	2 
2584	35 
2585	41 
2586	92 
2587	61 
2588	50 
2589	64 
2590	92 
2591	81 
2592	68 
2593	38 
2594	20 
2595	1 
2596	62 
2597	52 
2598	70 
2599	75 
2600	85 
2601	7 
2602	7 
2603	66 
2604	63 
2605	77 
2606	18 
2607	70 
2608	2 
2609	60 
2610	57 
2611	43 
2612	57 
2613	46 
2614	77 
2615	31 
2616	30 
2617	40 
2618	96 
2619	68 
2620	6 
2621	73 
2622	16 
2623	84 
2624	21 
2625	23 
2626	57 
2627	80 
2628	85 
2629	11 
2630	60 
2631	29 
2632	42 
2633	33 
2634	61 
2635	21 
2636	27 
2637	98 
2638	52 
2639	86 
2640	89 
2641	83 
2642	81 
2643	14 
2644	78 
2645	66 
2646	20 
2647	77 
2648	49 
2649	33 
2650	3 
2651	34 
2652	99 
2653	46 
2654	80 
2655	5 
2656	50 
2657	78 
2658	62 
2659	12 
2660	34 
2661	69 
2662	77 
2663	27 
2664	66 
2665	63 
2666	50 
2667	11 
2668	39 
2669	25 
2670	44 
2671	54 
2672	49 
2673	50 
2674	55 
2675	56 
2676	67 
2677	61 
2678	70 
2679	40 
2680	35 
2681	15 
2682	94 
2683	38 
2684	2 
2685	44 
2686	31 
2687	26 
2688	87 
2689	80 
2690	48 
2691	61 
2692	62 
2693	14 
2694	21 
2695	31 
2696	44 
2697	3 
2698	48 
2699	21 
2700	99 
2701	45 
2702	40 
2703	17 
2704	46 
2705	79 
2706	1 
2707	17 
2708	75 
2709	49 
2710	18 
2711	48 
2712	51 
2713	89 
2714	41 
2715	14 
2716	7 
2717	81 
2718	6 
2719	22 
2720	23 
2721	34 
2722	24 
2723	44 
2724	3 
2725	66 
2726	43 
2727	9 
2728	4 
2729	79 
2730	45 
2731	90 
2732	51 
2733	4 
2734	20 
2735	4 
2736	20 
2737	75 
2738	45 
2739	76 
2740	97 
2741	21 
2742	63 
2743	18 
2744	14 
2745	24 
2746	86 
2747	11 
2748	2 
2749	62 
2750	29 
2751	89 
2752	49 
2753	7 
2754	1 
2755	85 
2756	83 
2757	61 
2758	66 
2759	72 
2760	36 
2761	50 
2762	43 
2763	77 
2764	6 
2765	71 
2766	53 
2767	25 
2768	61 
2769	70 
2770	85 
2771	77 
2772	50 
2773	97 
2774	89 
2775	44 
2776	20 
2777	3 
2778	80 
2779	14 
2780	84 
2781	89 
2782	56 
2783	34 
2784	63 
2785	44 
2786	47 
2787	33 
2788	55 
2789	98 
2790	10 
2791	29 
2792	93 
2793	76 
2794	43 
2795	21 
2796	57 
2797	72 
2798	39 
2799	46 
2800	54 
2801	15 
2802	58 
2803	31 
2804	79 
2805	28 
2806	55 
2807	96 
2808	39 
2809	76 
2810	60 
2811	23 
2812	4 
2813	98 
2814	77 
2815	72 
2816	47 
2817	67 
2818	7 
2819	37 
2820	2 
2821	2 
2822	1 
2823	84 
2824	40 
2825	22 
2826	11 
2827	88 
2828	80 
2829	84 
2830	98 
2831	59 
2832	11 
2833	37 
2834	91 
2835	42 
2836	2 
2837	23 
2838	12 
2839	8 
2840	41 
2841	37 
2842	23 
2843	81 
2844	84 
2845	28 
2846	66 
2847	38 
2848	98 
2849	23 
2850	75 
2851	75 
2852	56 
2853	2 
2854	87 
2855	92 
2856	39 
2857	81 
2858	26 
2859	39 
2860	80 
2861	62 
2862	27 
2863	92 
2864	3 
2865	85 
2866	58 
2867	1 
2868	75 
2869	51 
2870	18 
2871	27 
2872	55 
2873	73 
2874	60 
2875	49 
2876	45 
2877	89 
2878	65 
2879	3 
2880	61 
2881	39 
2882	10 
2883	33 
2884	50 
2885	69 
2886	36 
2887	91 
2888	69 
2889	86 
2890	83 
2891	94 
2892	82 
2893	97 
2894	1 
2895	74 
2896	1 
2897	24 
2898	32 
2899	2 
2900	89 
2901	20 
2902	49 
2903	79 
2904	31 
2905	14 
2906	85 
2907	54 
2908	1 
2909	1 
2910	38 
2911	45 
2912	73 
2913	67 
2914	60 
2915	88 
2916	37 
2917	70 
2918	14 
2919	60 
2920	83 
2921	11 
2922	77 
2923	29 
2924	81 
2925	45 
2926	54 
2927	1 
2928	72 
2929	80 
2930	2 
2931	80 
2932	29 
2933	17 
2934	3 
2935	85 
2936	78 
2937	18 
2938	2 
2939	62 
2940	36 
2941	28 
2942	34 
2943	97 
2944	83 
2945	78 
2946	52 
2947	34 
2948	47 
2949	98 
2950	61 
2951	21 
2952	52 
2953	82 
2954	85 
2955	77 
2956	55 
2957	85 
2958	18 
2959	83 
2960	8 
2961	49 
2962	4 
2963	49 
2964	84 
2965	21 
2966	3 
2967	9 
2968	46 
2969	50 
2970	35 
2971	6 
2972	46 
2973	70 
2974	49 
2975	10 
2976	79 
2977	88 
2978	70 
2979	9 
2980	65 
2981	81 
2982	31 
2983	97 
2984	43 
2985	70 
2986	62 
2987	75 
2988	38 
2989	68 
2990	74 
2991	41 
2992	11 
2993	6 
2994	89 
2995	62 
2996	44 
2997	42 
2998	43 
2999	85 
3000	8 
3001	66 
3002	85 
3003	54 
3004	84 
3005	35 
3006	65 
3007	96 
3008	77 
3009	94 
3010	94 
3011	40 
3012	1 
3013	42 
3014	85 
3015	31 
3016	22 
3017	68 
3018	37 
3019	80 
3020	24 
3021	32 
3022	11 
3023	90 
3024	14 
3025	16 
3026	88 
3027	55 
3028	83 
3029	3 
3030	38 
3031	34 
3032	55 
3033	58 
3034	82 
3035	29 
3036	87 
3037	70 
3038	23 
3039	19 
3040	25 
3041	58 
3042	44 
3043	16 
3044	75 
3045	81 
3046	79 
3047	32 
3048	45 
3049	21 
3050	66 
3051	65 
3052	82 
3053	61 
3054	36 
3055	98 
3056	66 
3057	77 
3058	44 
3059	20 
3060	15 
3061	76 
3062	14 
3063	1 
3064	21 
3065	7 
3066	40 
3067	43 
3068	39 
3069	91 
3070	34 
3071	61 
3072	34 
3073	78 
3074	92 
3075	48 
3076	86 
3077	63 
3078	78 
3079	53 
3080	26 
3081	34 
3082	31 
3083	58 
3084	65 
3085	23 
3086	40 
3087	23 
3088	92 
3089	96 
3090	78 
3091	44 
3092	85 
3093	97 
3094	31 
3095	31 
3096	64 
3097	40 
3098	70 
3099	86 
3100	32 
3101	32 
3102	75 
3103	41 
3104	75 
3105	98 
3106	99 
3107	54 
3108	43 
3109	44 
3110	28 
3111	49 
3112	29 
3113	44 
3114	24 
3115	62 
3116	66 
3117	27 
3118	14 
3119	24 
3120	21 
3121	10 
3122	91 
3123	67 
3124	49 
3125	54 
3126	77 
3127	86 
3128	84 
3129	65 
3130	90 
3131	38 
3132	89 
3133	38 
3134	29 
3135	44 
3136	93 
3137	14 
3138	25 
3139	89 
3140	56 
3141	11 
3142	70 
3143	49 
3144	24 
3145	84 
3146	23 
3147	58 
3148	54 
3149	74 
3150	17 
3151	49 
3152	98 
3153	72 
3154	77 
3155	34 
3156	77 
3157	2 
3158	77 
3159	26 
3160	78 
3161	79 
3162	57 
3163	76 
3164	29 
3165	31 
3166	22 
3167	46 
3168	16 
3169	82 
3170	87 
3171	29 
3172	98 
3173	45 
3174	11 
3175	61 
3176	49 
3177	11 
3178	88 
3179	77 
3180	85 
3181	10 
3182	19 
3183	78 
3184	31 
3185	39 
3186	68 
3187	43 
3188	27 
3189	84 
3190	64 
3191	51 
3192	76 
3193	17 
3194	44 
3195	93 
3196	22 
3197	51 
3198	78 
3199	49 
3200	92 
3201	45 
3202	74 
3203	56 
3204	37 
3205	66 
3206	35 
3207	29 
3208	79 
3209	73 
3210	87 
3211	45 
3212	98 
3213	13 
3214	97 
3215	3 
3216	15 
3217	3 
3218	68 
3219	3 
3220	51 
3221	38 
3222	76 
3223	15 
3224	37 
3225	17 
3226	9 
3227	70 
3228	97 
3229	1 
3230	85 
3231	16 
3232	69 
3233	11 
3234	16 
3235	7 
3236	9 
3237	60 
3238	99 
3239	29 
3240	51 
3241	38 
3242	29 
3243	3 
3244	35 
3245	92 
3246	54 
3247	92 
3248	39 
3249	54 
3250	39 
3251	27 
3252	69 
3253	72 
3254	78 
3255	40 
3256	73 
3257	77 
3258	84 
3259	69 
3260	98 
3261	21 
3262	47 
3263	40 
3264	68 
3265	84 
3266	97 
3267	78 
3268	61 
3269	20 
3270	58 
3271	1 
3272	29 
3273	56 
3274	4 
3275	33 
3276	10 
3277	40 
3278	43 
3279	95 
3280	75 
3281	35 
3282	52 
3283	24 
3284	2 
3285	80 
3286	4 
3287	54 
3288	31 
3289	44 
3290	52 
3291	2 
3292	93 
3293	3 
3294	77 
3295	1 
3296	64 
3297	58 
3298	40 
3299	74 
3300	2 
3301	66 
3302	78 
3303	85 
3304	17 
3305	37 
3306	58 
3307	70 
3308	72 
3309	49 
3310	94 
3311	92 
3312	18 
3313	22 
3314	70 
3315	93 
3316	11 
3317	19 
3318	84 
3319	3 
3320	72 
3321	24 
3322	57 
3323	10 
3324	50 
3325	95 
3326	66 
3327	68 
3328	51 
3329	79 
3330	49 
3331	45 
3332	22 
3333	92 
3334	91 
3335	21 
3336	40 
3337	23 
3338	85 
3339	77 
3340	45 
3341	18 
3342	78 
3343	94 
3344	29 
3345	99 
3346	80 
3347	95 
3348	78 
3349	66 
3350	31 
3351	23 
3352	65 
3353	58 
3354	65 
3355	85 
3356	97 
3357	79 
3358	62 
3359	14 
3360	72 
3361	23 
3362	49 
3363	58 
3364	60 
3365	46 
3366	61 
3367	32 
3368	34 
3369	3 
3370	3 
3371	67 
3372	70 
3373	85 
3374	10 
3375	38 
3376	31 
3377	13 
3378	57 
3379	86 
3380	98 
3381	57 
3382	29 
3383	72 
3384	81 
3385	86 
3386	89 
3387	76 
3388	10 
3389	79 
3390	78 
3391	78 
3392	98 
3393	95 
3394	49 
3395	41 
3396	65 
3397	8 
3398	11 
3399	41 
3400	72 
3401	80 
3402	41 
3403	27 
3404	45 
3405	45 
3406	35 
3407	82 
3408	91 
3409	5 
3410	44 
3411	49 
3412	38 
3413	85 
3414	87 
3415	87 
3416	64 
3417	78 
3418	28 
3419	53 
3420	27 
3421	96 
3422	85 
3423	58 
3424	93 
3425	83 
3426	22 
3427	45 
3428	38 
3429	70 
3430	52 
3431	88 
3432	30 
3433	74 
3434	2 
3435	81 
3436	44 
3437	3 
3438	24 
3439	57 
3440	85 
3441	49 
3442	21 
3443	44 
3444	22 
3445	41 
3446	72 
3447	44 
3448	75 
3449	84 
3450	48 
3451	6 
3452	50 
3453	8 
3454	98 
3455	68 
3456	23 
3457	85 
3458	63 
3459	1 
3460	73 
3461	75 
3462	46 
3463	21 
3464	44 
3465	84 
3466	26 
3467	76 
3468	85 
3469	6 
3470	61 
3471	72 
3472	44 
3473	41 
3474	10 
3475	31 
3476	56 
3477	57 
3478	26 
3479	23 
3480	2 
3481	4 
3482	22 
3483	34 
3484	74 
3485	52 
3486	12 
3487	68 
3488	85 
3489	14 
3490	2 
3491	28 
3492	11 
3493	71 
3494	66 
3495	44 
3496	87 
3497	62 
3498	63 
3499	48 
3500	45 
3501	22 
3502	68 
3503	93 
3504	43 
3505	61 
3506	80 
3507	97 
3508	12 
3509	31 
3510	88 
3511	54 
3512	3 
3513	99 
3514	93 
3515	54 
3516	35 
3517	61 
3518	89 
3519	17 
3520	94 
3521	36 
3522	64 
3523	9 
3524	34 
3525	11 
3526	77 
3527	34 
3528	92 
3529	97 
3530	76 
3531	8 
3532	87 
3533	72 
3534	21 
3535	45 
3536	36 
3537	10 
3538	71 
3539	43 
3540	57 
3541	78 
3542	18 
3543	49 
3544	61 
3545	60 
3546	76 
3547	69 
3548	23 
3549	3 
3550	13 
3551	30 
3552	79 
3553	31 
3554	78 
3555	86 
3556	84 
3557	87 
3558	23 
3559	72 
3560	51 
3561	69 
3562	79 
3563	44 
3564	95 
3565	80 
3566	63 
3567	46 
3568	31 
3569	17 
3570	7 
3571	45 
3572	68 
3573	34 
3574	60 
3575	23 
3576	31 
3577	21 
3578	45 
3579	16 
3580	39 
3581	52 
3582	91 
3583	79 
3584	82 
3585	25 
3586	2 
3587	58 
3588	9 
3589	11 
3590	80 
3591	7 
3592	26 
3593	25 
3594	54 
3595	77 
3596	87 
3597	70 
3598	46 
3599	58 
3600	85 
3601	70 
3602	2 
3603	89 
3604	85 
3605	34 
3606	1 
3607	71 
3608	5 
3609	97 
3610	29 
3611	52 
3612	28 
3613	41 
3614	43 
3615	57 
3616	53 
3617	9 
3618	49 
3619	26 
3620	11 
3621	53 
3622	57 
3623	75 
3624	8 
3625	79 
3626	24 
3627	67 
3628	7 
3629	76 
3630	19 
3631	7 
3632	63 
3633	77 
3634	22 
3635	43 
3636	16 
3637	9 
3638	7 
3639	8 
3640	29 
3641	23 
3642	57 
3643	41 
3644	24 
3645	75 
3646	85 
3647	85 
3648	89 
3649	1 
3650	52 
3651	17 
3652	48 
3653	94 
3654	21 
3655	88 
3656	70 
3657	31 
3658	14 
3659	71 
3660	50 
3661	98 
3662	20 
3663	44 
3664	34 
3665	57 
3666	33 
3667	72 
3668	21 
3669	2 
3670	92 
3671	77 
3672	36 
3673	1 
3674	72 
3675	58 
3676	85 
3677	51 
3678	29 
3679	77 
3680	45 
3681	70 
3682	61 
3683	41 
3684	88 
3685	72 
3686	88 
3687	61 
3688	56 
3689	92 
3690	77 
3691	35 
3692	77 
3693	45 
3694	38 
3695	32 
3696	11 
3697	15 
3698	90 
3699	39 
3700	14 
3701	50 
3702	85 
3703	72 
3704	87 
3705	78 
3706	45 
3707	46 
3708	63 
3709	40 
3710	7 
3711	1 
3712	7 
3713	61 
3714	54 
3715	3 
3716	77 
3717	77 
3718	24 
3719	51 
3720	93 
3721	88 
3722	80 
3723	51 
3724	45 
3725	89 
3726	65 
3727	34 
3728	7 
3729	78 
3730	75 
3731	58 
3732	50 
3733	34 
3734	3 
3735	20 
3736	79 
3737	83 
3738	28 
3739	58 
3740	80 
3741	28 
3742	43 
3743	36 
3744	51 
3745	49 
3746	79 
3747	93 
3748	31 
3749	52 
3750	11 
3751	34 
3752	72 
3753	66 
3754	41 
3755	1 
3756	58 
3757	69 
3758	75 
3759	41 
3760	82 
3761	97 
3762	58 
3763	19 
3764	12 
3765	80 
3766	68 
3767	92 
3768	95 
3769	38 
3770	41 
3771	21 
3772	29 
3773	9 
3774	92 
3775	26 
3776	93 
3777	98 
3778	51 
3779	93 
3780	32 
3781	49 
3782	74 
3783	75 
3784	11 
3785	47 
3786	14 
3787	79 
3788	63 
3789	89 
3790	31 
3791	80 
3792	23 
3793	65 
3794	56 
3795	46 
3796	75 
3797	65 
3798	19 
3799	3 
3800	51 
3801	92 
3802	63 
3803	87 
3804	1 
3805	75 
3806	45 
3807	66 
3808	62 
3809	8 
3810	46 
3811	31 
3812	36 
3813	79 
3814	41 
3815	61 
3816	13 
3817	72 
3818	11 
3819	26 
3820	78 
3821	23 
3822	87 
3823	72 
3824	70 
3825	49 
3826	68 
3827	26 
3828	80 
3829	77 
3830	33 
3831	55 
3832	21 
3833	1 
3834	74 
3835	44 
3836	34 
3837	78 
3838	63 
3839	72 
3840	67 
3841	82 
3842	69 
3843	31 
3844	3 
3845	35 
3846	93 
3847	85 
3848	34 
3849	81 
3850	61 
3851	75 
3852	97 
3853	95 
3854	72 
3855	44 
3856	66 
3857	87 
3858	29 
3859	16 
3860	58 
3861	41 
3862	55 
3863	85 
3864	78 
3865	61 
3866	26 
3867	49 
3868	50 
3869	39 
3870	52 
3871	61 
3872	6 
3873	31 
3874	49 
3875	90 
3876	98 
3877	34 
3878	92 
3879	56 
3880	44 
3881	79 
3882	25 
3883	78 
3884	31 
3885	72 
3886	78 
3887	31 
3888	20 
3889	88 
3890	61 
3891	20 
3892	49 
3893	1 
3894	22 
3895	90 
3896	1 
3897	38 
3898	60 
3899	73 
3900	97 
3901	31 
3902	51 
3903	22 
3904	50 
3905	49 
3906	81 
3907	20 
3908	80 
3909	72 
3910	33 
3911	87 
3912	60 
3913	75 
3914	97 
3915	44 
3916	77 
3917	44 
3918	96 
3919	74 
3920	67 
3921	34 
3922	51 
3923	78 
3924	40 
3925	13 
3926	12 
3927	44 
3928	26 
3929	5 
3930	24 
3931	41 
3932	40 
3933	14 
3934	91 
3935	81 
3936	94 
3937	48 
3938	12 
3939	20 
3940	83 
3941	24 
3942	24 
3943	10 
3944	76 
3945	46 
3946	76 
3947	44 
3948	56 
3949	17 
3950	5 
3951	34 
3952	94 
3953	85 
3954	28 
3955	66 
3956	44 
3957	3 
3958	55 
3959	22 
3960	75 
3961	72 
3962	73 
3963	58 
3964	75 
3965	61 
3966	93 
3967	2 
3968	11 
3969	68 
3970	29 
3971	26 
3972	51 
3973	26 
3974	98 
3975	53 
3976	10 
3977	76 
3978	88 
3979	68 
3980	8 
3981	54 
3982	36 
3983	70 
3984	2 
3985	5 
3986	28 
3987	73 
3988	44 
3989	38 
3990	21 
3991	31 
3992	52 
3993	98 
3994	58 
3995	15 
3996	63 
3997	8 
3998	46 
3999	59 
4000	24 
4001	81 
4002	53 
4003	67 
4004	14 
4005	20 
4006	17 
4007	21 
4008	92 
4009	16 
4010	64 
4011	50 
4012	86 
4013	60 
4014	77 
4015	20 
4016	56 
4017	99 
4018	33 
4019	14 
4020	65 
4021	96 
4022	63 
4023	55 
4024	41 
4025	27 
4026	93 
4027	67 
4028	39 
4029	35 
4030	61 
4031	10 
4032	47 
4033	3 
4034	31 
4035	92 
4036	7 
4037	61 
4038	34 
4039	93 
4040	23 
4041	25 
4042	38 
4043	44 
4044	87 
4045	6 
4046	63 
4047	93 
4048	41 
4049	15 
4050	58 
4051	84 
4052	38 
4053	89 
4054	50 
4055	85 
4056	80 
4057	34 
4058	25 
4059	89 
4060	43 
4061	1 
4062	88 
4063	4 
4064	92 
4065	2 
4066	10 
4067	92 
4068	87 
4069	69 
4070	72 
4071	16 
4072	8 
4073	38 
4074	72 
4075	51 
4076	96 
4077	31 
4078	8 
4079	83 
4080	84 
4081	54 
4082	21 
4083	10 
4084	21 
4085	89 
4086	29 
4087	56 
4088	28 
4089	27 
4090	3 
4091	46 
4092	54 
4093	40 
4094	89 
4095	61 
4096	39 
4097	45 
4098	21 
4099	49 
4100	7 
4101	80 
4102	59 
4103	45 
4104	70 
4105	21 
4106	29 
4107	20 
4108	31 
4109	84 
4110	84 
4111	72 
4112	74 
4113	89 
4114	77 
4115	80 
4116	70 
4117	97 
4118	26 
4119	83 
4120	56 
4121	57 
4122	7 
4123	16 
4124	79 
4125	75 
4126	37 
4127	57 
4128	7 
4129	15 
4130	1 
4131	57 
4132	47 
4133	34 
4134	45 
4135	4 
4136	48 
4137	82 
4138	46 
4139	92 
4140	38 
4141	16 
4142	65 
4143	20 
4144	46 
4145	7 
4146	70 
4147	70 
4148	19 
4149	88 
4150	38 
4151	18 
4152	49 
4153	78 
4154	76 
4155	21 
4156	46 
4157	17 
4158	26 
4159	38 
4160	24 
4161	57 
4162	58 
4163	61 
4164	9 
4165	44 
4166	75 
4167	98 
4168	68 
4169	77 
4170	76 
4171	66 
4172	96 
4173	25 
4174	63 
4175	1 
4176	95 
4177	80 
4178	98 
4179	79 
4180	34 
4181	65 
4182	40 
4183	86 
4184	55 
4185	83 
4186	2 
4187	56 
4188	99 
4189	3 
4190	5 
4191	57 
4192	61 
4193	92 
4194	77 
4195	84 
4196	40 
4197	25 
4198	45 
4199	75 
4200	83 
4201	77 
4202	21 
4203	84 
4204	96 
4205	21 
4206	44 
4207	1 
4208	81 
4209	60 
4210	17 
4211	12 
4212	59 
4213	10 
4214	92 
4215	81 
4216	64 
4217	1 
4218	24 
4219	51 
4220	78 
4221	44 
4222	45 
4223	51 
4224	62 
4225	7 
4226	22 
4227	77 
4228	34 
4229	1 
4230	78 
4231	22 
4232	45 
4233	61 
4234	95 
4235	52 
4236	28 
4237	22 
4238	14 
4239	88 
4240	30 
4241	84 
4242	75 
4243	61 
4244	10 
4245	6 
4246	1 
4247	73 
4248	99 
4249	13 
4250	97 
4251	96 
4252	34 
4253	88 
4254	98 
4255	46 
4256	6 
4257	87 
4258	97 
4259	36 
4260	5 
4261	57 
4262	70 
4263	88 
4264	71 
4265	97 
4266	85 
4267	77 
4268	7 
4269	59 
4270	44 
4271	15 
4272	44 
4273	43 
4274	64 
4275	84 
4276	49 
4277	98 
4278	77 
4279	50 
4280	11 
4281	56 
4282	87 
4283	18 
4284	6 
4285	44 
4286	2 
4287	88 
4288	44 
4289	87 
4290	34 
4291	43 
4292	94 
4293	85 
4294	11 
4295	96 
4296	55 
4297	18 
4298	21 
4299	27 
4300	43 
4301	71 
4302	57 
4303	77 
4304	90 
4305	80 
4306	12 
4307	7 
4308	31 
4309	20 
4310	96 
4311	45 
4312	34 
4313	92 
4314	70 
4315	46 
4316	87 
4317	56 
4318	13 
4319	84 
4320	87 
4321	49 
4322	97 
4323	68 
4324	49 
4325	16 
4326	6 
4327	10 
4328	45 
4329	84 
4330	86 
4331	98 
4332	51 
4333	89 
4334	44 
4335	19 
4336	4 
4337	7 
4338	7 
4339	85 
4340	25 
4341	20 
4342	76 
4343	90 
4344	52 
4345	48 
4346	61 
4347	92 
4348	1 
4349	88 
4350	27 
4351	70 
4352	63 
4353	96 
4354	46 
4355	75 
4356	52 
4357	24 
4358	23 
4359	81 
4360	10 
4361	18 
4362	87 
4363	74 
4364	81 
4365	75 
4366	15 
4367	41 
4368	21 
4369	32 
4370	66 
4371	67 
4372	56 
4373	60 
4374	47 
4375	89 
4376	43 
4377	7 
4378	63 
4379	57 
4380	14 
4381	55 
4382	50 
4383	60 
4384	75 
4385	97 
4386	53 
4387	75 
4388	38 
4389	78 
4390	92 
4391	4 
4392	61 
4393	69 
4394	18 
4395	3 
4396	87 
4397	58 
4398	21 
4399	7 
4400	94 
4401	41 
4402	5 
4403	89 
4404	23 
4405	63 
4406	32 
4407	17 
4408	98 
4409	78 
4410	96 
4411	2 
4412	61 
4413	83 
4414	63 
4415	51 
4416	74 
4417	6 
4418	55 
4419	8 
4420	75 
4421	54 
4422	29 
4423	74 
4424	52 
4425	98 
4426	54 
4427	50 
4428	21 
4429	74 
4430	98 
4431	20 
4432	45 
4433	45 
4434	11 
4435	51 
4436	18 
4437	16 
4438	60 
4439	85 
4440	90 
4441	89 
4442	46 
4443	84 
4444	45 
4445	21 
4446	76 
4447	29 
4448	29 
4449	41 
4450	60 
4451	70 
4452	11 
4453	66 
4454	24 
4455	75 
4456	45 
4457	21 
4458	51 
4459	6 
4460	21 
4461	7 
4462	6 
4463	66 
4464	29 
4465	11 
4466	90 
4467	61 
4468	21 
4469	34 
4470	87 
4471	57 
4472	46 
4473	21 
4474	1 
4475	61 
4476	98 
4477	77 
4478	79 
4479	2 
4480	96 
4481	91 
4482	36 
4483	43 
4484	92 
4485	47 
4486	93 
4487	97 
4488	21 
4489	72 
4490	77 
4491	61 
4492	39 
4493	75 
4494	84 
4495	27 
4496	76 
4497	61 
4498	11 
4499	49 
4500	30 
4501	41 
4502	58 
4503	75 
4504	61 
4505	41 
4506	96 
4507	88 
4508	37 
4509	61 
4510	34 
4511	79 
4512	51 
4513	5 
4514	4 
4515	93 
4516	20 
4517	75 
4518	43 
4519	21 
4520	51 
4521	96 
4522	22 
4523	44 
4524	53 
4525	23 
4526	70 
4527	16 
4528	30 
4529	26 
4530	77 
4531	74 
4532	50 
4533	31 
4534	56 
4535	61 
4536	82 
4537	88 
4538	91 
4539	43 
4540	76 
4541	69 
4542	90 
4543	50 
4544	6 
4545	81 
4546	17 
4547	61 
4548	52 
4549	66 
4550	14 
4551	21 
4552	98 
4553	1 
4554	26 
4555	55 
4556	57 
4557	71 
4558	6 
4559	14 
4560	45 
4561	12 
4562	21 
4563	38 
4564	75 
4565	62 
4566	88 
4567	67 
4568	94 
4569	49 
4570	48 
4571	54 
4572	77 
4573	12 
4574	20 
4575	74 
4576	72 
4577	21 
4578	70 
4579	88 
4580	48 
4581	44 
4582	31 
4583	93 
4584	98 
4585	48 
4586	45 
4587	14 
4588	53 
4589	41 
4590	7 
4591	3 
4592	2 
4593	51 
4594	96 
4595	11 
4596	66 
4597	71 
4598	70 
4599	46 
4600	5 
4601	87 
4602	67 
4603	83 
4604	46 
4605	28 
4606	98 
4607	36 
4608	49 
4609	41 
4610	2 
4611	22 
4612	1 
4613	77 
4614	94 
4615	11 
4616	6 
4617	87 
4618	7 
4619	43 
4620	1 
4621	90 
4622	3 
4623	79 
4624	62 
4625	91 
4626	65 
4627	96 
4628	64 
4629	7 
4630	75 
4631	38 
4632	82 
4633	8 
4634	8 
4635	89 
4636	94 
4637	8 
4638	73 
4639	20 
4640	10 
4641	55 
4642	72 
4643	72 
4644	43 
4645	21 
4646	69 
4647	57 
4648	97 
4649	78 
4650	77 
4651	92 
4652	33 
4653	88 
4654	76 
4655	63 
4656	7 
4657	77 
4658	91 
4659	71 
4660	15 
4661	38 
4662	98 
4663	30 
4664	80 
4665	2 
4666	87 
4667	60 
4668	80 
4669	25 
4670	82 
4671	16 
4672	50 
4673	5 
4674	55 
4675	95 
4676	50 
4677	24 
4678	37 
4679	76 
4680	45 
4681	45 
4682	19 
4683	45 
4684	21 
4685	90 
4686	60 
4687	49 
4688	79 
4689	84 
4690	54 
4691	91 
4692	42 
4693	71 
4694	23 
4695	60 
4696	6 
4697	18 
4698	84 
4699	19 
4700	87 
4701	61 
4702	29 
4703	80 
4704	2 
4705	24 
4706	63 
4707	10 
4708	90 
4709	34 
4710	2 
4711	14 
4712	61 
4713	48 
4714	14 
4715	74 
4716	55 
4717	80 
4718	2 
4719	85 
4720	92 
4721	18 
4722	6 
4723	97 
4724	2 
4725	98 
4726	16 
4727	48 
4728	58 
4729	31 
4730	42 
4731	55 
4732	46 
4733	11 
4734	78 
4735	72 
4736	69 
4737	32 
4738	16 
4739	7 
4740	33 
4741	20 
4742	88 
4743	29 
4744	29 
4745	35 
4746	76 
4747	51 
4748	28 
4749	49 
4750	75 
4751	77 
4752	4 
4753	80 
4754	56 
4755	1 
4756	90 
4757	3 
4758	2 
4759	11 
4760	31 
4761	64 
4762	84 
4763	3 
4764	54 
4765	34 
4766	26 
4767	43 
4768	43 
4769	78 
4770	7 
4771	18 
4772	98 
4773	52 
4774	23 
4775	56 
4776	98 
4777	34 
4778	64 
4779	34 
4780	81 
4781	82 
4782	72 
4783	98 
4784	23 
4785	91 
4786	66 
4787	46 
4788	84 
4789	1 
4790	10 
4791	72 
4792	31 
4793	45 
4794	90 
4795	23 
4796	31 
4797	2 
4798	61 
4799	52 
4800	10 
4801	35 
4802	65 
4803	17 
4804	97 
4805	95 
4806	88 
4807	78 
4808	49 
4809	5 
4810	76 
4811	75 
4812	3 
4813	40 
4814	17 
4815	72 
4816	98 
4817	84 
4818	31 
4819	46 
4820	8 
4821	56 
4822	81 
4823	49 
4824	60 
4825	21 
4826	75 
4827	45 
4828	75 
4829	23 
4830	97 
4831	50 
4832	41 
4833	55 
4834	2 
4835	29 
4836	34 
4837	11 
4838	31 
4839	49 
4840	70 
4841	41 
4842	32 
4843	85 
4844	97 
4845	38 
4846	5 
4847	63 
4848	11 
4849	95 
4850	34 
4851	46 
4852	76 
4853	78 
4854	21 
4855	7 
4856	19 
4857	58 
4858	57 
4859	85 
4860	22 
4861	72 
4862	21 
4863	8 
4864	85 
4865	7 
4866	54 
4867	52 
4868	21 
4869	98 
4870	43 
4871	52 
4872	64 
4873	14 
4874	22 
4875	46 
4876	77 
4877	18 
4878	57 
4879	2 
4880	48 
4881	58 
4882	95 
4883	80 
4884	38 
4885	1 
4886	56 
4887	65 
4888	85 
4889	31 
4890	87 
4891	79 
4892	54 
4893	65 
4894	48 
4895	8 
4896	38 
4897	76 
4898	76 
4899	92 
4900	16 
4901	65 
4902	11 
4903	3 
4904	49 
4905	2 
4906	11 
4907	72 
4908	54 
4909	8 
4910	6 
4911	72 
4912	14 
4913	95 
4914	8 
4915	21 
4916	3 
4917	58 
4918	29 
4919	72 
4920	84 
4921	23 
4922	93 
4923	97 
4924	45 
4925	11 
4926	87 
4927	7 
4928	85 
4929	78 
4930	49 
4931	44 
4932	22 
4933	97 
4934	55 
4935	58 
4936	67 
4937	48 
4938	38 
4939	77 
4940	45 
4941	85 
4942	78 
4943	79 
4944	92 
4945	98 
4946	10 
4947	97 
4948	77 
4949	66 
4950	61 
4951	85 
4952	51 
4953	11 
4954	89 
4955	82 
4956	76 
4957	63 
4958	80 
4959	23 
4960	31 
4961	20 
4962	80 
4963	8 
4964	70 
4965	44 
4966	56 
4967	77 
4968	5 
4969	31 
4970	21 
4971	21 
4972	70 
4973	1 
4974	23 
4975	70 
4976	61 
4977	34 
4978	18 
4979	66 
4980	78 
4981	18 
4982	31 
4983	93 
4984	41 
4985	10 
4986	66 
4987	80 
4988	22 
4989	84 
4990	23 
4991	61 
4992	8 
4993	23 
4994	22 
4995	72 
4996	1 
4997	49 
4998	54 
4999	52 
5000	61 
