1	104 
2	103 
3	19 
4	50 
5	28 
6	28 
7	30 
8	90 
9	97 
10	33 
11	57 
12	68 
13	77 
14	82 
15	46 
16	75 
17	30 
18	93 
19	83 
20	52 
21	6 
22	99 
23	9 
24	14 
25	33 
26	37 
27	99 
28	95 
29	44 
30	13 
31	10 
32	30 
33	41 
34	62 
35	80 
36	57 
37	77 
38	100 
39	26 
40	39 
41	19 
42	12 
43	25 
44	100 
45	36 
46	69 
47	56 
48	65 
49	48 
50	15 
51	104 
52	64 
53	85 
54	78 
55	70 
56	70 
57	11 
58	47 
59	40 
60	60 
61	11 
62	96 
63	42 
64	72 
65	95 
66	4 
67	47 
68	90 
69	79 
70	100 
71	75 
72	77 
73	78 
74	80 
75	72 
76	77 
77	64 
78	83 
79	1 
80	38 
81	43 
82	68 
83	82 
84	41 
85	35 
86	86 
87	52 
88	86 
89	3 
90	73 
91	63 
92	99 
93	97 
94	53 
95	59 
96	100 
97	41 
98	25 
99	53 
100	25 
101	93 
102	53 
103	54 
104	12 
105	41 
106	77 
107	23 
108	49 
109	94 
110	21 
111	72 
112	54 
113	97 
114	13 
115	13 
116	78 
117	44 
118	11 
119	50 
120	67 
121	104 
122	77 
123	31 
124	42 
125	27 
126	80 
127	5 
128	39 
129	12 
130	100 
131	68 
132	54 
133	5 
134	66 
135	1 
136	4 
137	4 
138	85 
139	47 
140	17 
141	12 
142	98 
143	69 
144	32 
145	67 
146	33 
147	21 
148	67 
149	90 
150	36 
151	95 
152	57 
153	35 
154	37 
155	25 
156	65 
157	104 
158	48 
159	80 
160	44 
161	67 
162	33 
163	33 
164	93 
165	56 
166	36 
167	91 
168	17 
169	39 
170	62 
171	6 
172	97 
173	35 
174	90 
175	9 
176	53 
177	52 
178	89 
179	72 
180	79 
181	45 
182	30 
183	99 
184	45 
185	95 
186	22 
187	43 
188	99 
189	42 
190	21 
191	39 
192	2 
193	18 
194	82 
195	52 
196	93 
197	85 
198	95 
199	100 
200	26 
201	100 
202	87 
203	82 
204	6 
205	39 
206	20 
207	101 
208	53 
209	38 
210	79 
211	65 
212	77 
213	99 
214	33 
215	84 
216	59 
217	70 
218	58 
219	4 
220	7 
221	40 
222	100 
223	102 
224	38 
225	97 
226	11 
227	80 
228	99 
229	83 
230	6 
231	87 
232	76 
233	18 
234	25 
235	37 
236	21 
237	91 
238	38 
239	33 
240	25 
241	99 
242	32 
243	93 
244	6 
245	40 
246	11 
247	40 
248	91 
249	9 
250	32 
251	30 
252	77 
253	98 
254	11 
255	73 
256	51 
257	33 
258	4 
259	11 
260	77 
261	79 
262	93 
263	14 
264	18 
265	101 
266	49 
267	18 
268	30 
269	6 
270	1 
271	101 
272	52 
273	97 
274	3 
275	6 
276	67 
277	84 
278	24 
279	72 
280	10 
281	98 
282	27 
283	46 
284	39 
285	19 
286	50 
287	21 
288	31 
289	49 
290	23 
291	3 
292	69 
293	83 
294	1 
295	47 
296	78 
297	47 
298	11 
299	33 
300	64 
301	58 
302	6 
303	42 
304	100 
305	59 
306	25 
307	37 
308	99 
309	91 
310	90 
311	11 
312	20 
313	10 
314	31 
315	58 
316	18 
317	39 
318	13 
319	34 
320	27 
321	43 
322	37 
323	77 
324	5 
325	50 
326	79 
327	44 
328	93 
329	42 
330	21 
331	83 
332	79 
333	48 
334	71 
335	52 
336	95 
337	94 
338	5 
339	57 
340	93 
341	30 
342	77 
343	85 
344	94 
345	86 
346	61 
347	40 
348	87 
349	41 
350	55 
351	5 
352	34 
353	49 
354	49 
355	71 
356	74 
357	48 
358	25 
359	78 
360	14 
361	101 
362	51 
363	35 
364	13 
365	16 
366	75 
367	73 
368	18 
369	97 
370	42 
371	89 
372	28 
373	47 
374	71 
375	59 
376	39 
377	52 
378	79 
379	41 
380	31 
381	13 
382	86 
383	74 
384	91 
385	93 
386	80 
387	76 
388	53 
389	15 
390	80 
391	104 
392	71 
393	99 
394	57 
395	73 
396	97 
397	37 
398	22 
399	6 
400	41 
401	68 
402	61 
403	29 
404	50 
405	18 
406	7 
407	5 
408	90 
409	88 
410	71 
411	99 
412	51 
413	104 
414	82 
415	23 
416	15 
417	91 
418	28 
419	75 
420	86 
421	100 
422	10 
423	104 
424	59 
425	100 
426	100 
427	13 
428	100 
429	1 
430	103 
431	87 
432	71 
433	5 
434	84 
435	100 
436	19 
437	101 
438	77 
439	7 
440	103 
441	45 
442	38 
443	62 
444	70 
445	64 
446	4 
447	100 
448	104 
449	27 
450	53 
451	6 
452	50 
453	46 
454	82 
455	52 
456	6 
457	17 
458	79 
459	3 
460	8 
461	46 
462	23 
463	9 
464	86 
465	64 
466	3 
467	6 
468	20 
469	65 
470	77 
471	11 
472	80 
473	45 
474	35 
475	5 
476	62 
477	47 
478	104 
479	4 
480	25 
481	15 
482	18 
483	56 
484	26 
485	58 
486	24 
487	76 
488	82 
489	15 
490	80 
491	35 
492	103 
493	82 
494	92 
495	57 
496	35 
497	6 
498	24 
499	2 
500	18 
501	97 
502	4 
503	62 
504	58 
505	78 
506	71 
507	4 
508	53 
509	4 
510	47 
511	58 
512	31 
513	100 
514	71 
515	50 
516	63 
517	78 
518	87 
519	52 
520	33 
521	36 
522	22 
523	24 
524	53 
525	56 
526	28 
527	57 
528	97 
529	57 
530	77 
531	103 
532	11 
533	20 
534	83 
535	44 
536	42 
537	72 
538	51 
539	17 
540	57 
541	89 
542	51 
543	57 
544	4 
545	99 
546	67 
547	86 
548	33 
549	50 
550	80 
551	62 
552	8 
553	26 
554	46 
555	20 
556	8 
557	100 
558	6 
559	47 
560	32 
561	23 
562	21 
563	23 
564	28 
565	36 
566	44 
567	95 
568	69 
569	30 
570	4 
571	22 
572	25 
573	97 
574	87 
575	6 
576	63 
577	12 
578	81 
579	14 
580	100 
581	102 
582	33 
583	37 
584	46 
585	43 
586	87 
587	100 
588	55 
589	5 
590	8 
591	5 
592	17 
593	82 
594	70 
595	1 
596	73 
597	101 
598	82 
599	102 
600	84 
601	94 
602	69 
603	20 
604	27 
605	66 
606	77 
607	97 
608	35 
609	87 
610	67 
611	98 
612	6 
613	70 
614	43 
615	41 
616	31 
617	48 
618	9 
619	57 
620	90 
621	41 
622	64 
623	47 
624	98 
625	43 
626	33 
627	40 
628	70 
629	93 
630	54 
631	100 
632	46 
633	5 
634	21 
635	28 
636	11 
637	23 
638	89 
639	103 
640	4 
641	96 
642	59 
643	81 
644	47 
645	75 
646	41 
647	13 
648	58 
649	22 
650	65 
651	64 
652	84 
653	39 
654	53 
655	89 
656	64 
657	44 
658	17 
659	32 
660	5 
661	8 
662	50 
663	43 
664	39 
665	15 
666	40 
667	4 
668	59 
669	6 
670	33 
671	48 
672	77 
673	5 
674	42 
675	34 
676	52 
677	52 
678	27 
679	81 
680	51 
681	30 
682	25 
683	27 
684	57 
685	97 
686	25 
687	79 
688	52 
689	12 
690	43 
691	66 
692	26 
693	47 
694	48 
695	99 
696	93 
697	21 
698	91 
699	53 
700	56 
701	11 
702	23 
703	11 
704	33 
705	70 
706	14 
707	45 
708	8 
709	91 
710	4 
711	23 
712	56 
713	22 
714	40 
715	35 
716	65 
717	102 
718	100 
719	16 
720	21 
721	51 
722	101 
723	15 
724	61 
725	3 
726	98 
727	99 
728	71 
729	45 
730	78 
731	61 
732	31 
733	67 
734	92 
735	75 
736	4 
737	25 
738	94 
739	85 
740	9 
741	14 
742	99 
743	9 
744	65 
745	78 
746	81 
747	34 
748	76 
749	99 
750	18 
751	52 
752	58 
753	14 
754	22 
755	57 
756	64 
757	34 
758	25 
759	71 
760	59 
761	65 
762	21 
763	44 
764	44 
765	23 
766	27 
767	22 
768	24 
769	54 
770	13 
771	88 
772	2 
773	4 
774	11 
775	87 
776	9 
777	21 
778	30 
779	30 
780	71 
781	46 
782	28 
783	79 
784	52 
785	91 
786	55 
787	4 
788	97 
789	78 
790	38 
791	76 
792	78 
793	46 
794	52 
795	37 
796	6 
797	31 
798	53 
799	78 
800	18 
801	8 
802	61 
803	47 
804	82 
805	42 
806	104 
807	93 
808	79 
809	5 
810	91 
811	95 
812	93 
813	30 
814	69 
815	97 
816	54 
817	52 
818	19 
819	63 
820	25 
821	25 
822	75 
823	85 
824	64 
825	14 
826	63 
827	46 
828	43 
829	52 
830	102 
831	36 
832	73 
833	31 
834	33 
835	94 
836	43 
837	44 
838	83 
839	16 
840	28 
841	100 
842	1 
843	93 
844	69 
845	57 
846	15 
847	95 
848	80 
849	102 
850	65 
851	64 
852	27 
853	77 
854	86 
855	25 
856	78 
857	18 
858	87 
859	99 
860	26 
861	89 
862	102 
863	101 
864	56 
865	69 
866	81 
867	65 
868	4 
869	88 
870	21 
871	12 
872	74 
873	4 
874	41 
875	45 
876	4 
877	56 
878	41 
879	41 
880	24 
881	36 
882	33 
883	103 
884	37 
885	6 
886	24 
887	8 
888	98 
889	54 
890	80 
891	90 
892	73 
893	24 
894	15 
895	29 
896	33 
897	17 
898	18 
899	71 
900	80 
901	66 
902	31 
903	19 
904	57 
905	59 
906	93 
907	24 
908	12 
909	85 
910	42 
911	100 
912	5 
913	35 
914	39 
915	69 
916	63 
917	60 
918	31 
919	30 
920	98 
921	8 
922	89 
923	35 
924	42 
925	75 
926	8 
927	101 
928	95 
929	4 
930	72 
931	41 
932	98 
933	46 
934	77 
935	45 
936	3 
937	25 
938	34 
939	15 
940	6 
941	69 
942	87 
943	33 
944	2 
945	19 
946	46 
947	78 
948	85 
949	81 
950	99 
951	4 
952	52 
953	45 
954	13 
955	15 
956	78 
957	14 
958	34 
959	28 
960	33 
961	37 
962	82 
963	94 
964	99 
965	11 
966	25 
967	91 
968	1 
969	47 
970	66 
971	10 
972	15 
973	51 
974	21 
975	93 
976	53 
977	33 
978	36 
979	65 
980	19 
981	79 
982	71 
983	20 
984	7 
985	60 
986	82 
987	90 
988	5 
989	55 
990	44 
991	96 
992	33 
993	38 
994	12 
995	56 
996	4 
997	97 
998	52 
999	52 
1000	68 
1001	4 
1002	81 
1003	44 
1004	30 
1005	57 
1006	32 
1007	4 
1008	7 
1009	59 
1010	84 
1011	52 
1012	52 
1013	2 
1014	10 
1015	6 
1016	63 
1017	6 
1018	37 
1019	52 
1020	83 
1021	31 
1022	14 
1023	54 
1024	101 
1025	65 
1026	28 
1027	79 
1028	11 
1029	68 
1030	24 
1031	39 
1032	78 
1033	42 
1034	18 
1035	32 
1036	41 
1037	78 
1038	89 
1039	19 
1040	54 
1041	60 
1042	91 
1043	75 
1044	64 
1045	87 
1046	6 
1047	53 
1048	98 
1049	89 
1050	68 
1051	43 
1052	24 
1053	41 
1054	87 
1055	50 
1056	38 
1057	67 
1058	85 
1059	84 
1060	58 
1061	2 
1062	65 
1063	65 
1064	37 
1065	10 
1066	18 
1067	63 
1068	11 
1069	61 
1070	67 
1071	99 
1072	17 
1073	3 
1074	80 
1075	82 
1076	69 
1077	69 
1078	69 
1079	12 
1080	78 
1081	95 
1082	30 
1083	58 
1084	21 
1085	90 
1086	20 
1087	86 
1088	36 
1089	32 
1090	39 
1091	90 
1092	62 
1093	54 
1094	70 
1095	15 
1096	98 
1097	22 
1098	25 
1099	70 
1100	77 
1101	14 
1102	48 
1103	75 
1104	55 
1105	46 
1106	4 
1107	49 
1108	86 
1109	31 
1110	90 
1111	16 
1112	35 
1113	67 
1114	63 
1115	73 
1116	45 
1117	45 
1118	85 
1119	58 
1120	31 
1121	72 
1122	82 
1123	14 
1124	104 
1125	65 
1126	63 
1127	4 
1128	48 
1129	44 
1130	29 
1131	36 
1132	101 
1133	38 
1134	99 
1135	87 
1136	8 
1137	42 
1138	65 
1139	91 
1140	6 
1141	32 
1142	103 
1143	53 
1144	4 
1145	100 
1146	85 
1147	37 
1148	25 
1149	104 
1150	67 
1151	61 
1152	17 
1153	62 
1154	30 
1155	91 
1156	98 
1157	37 
1158	61 
1159	77 
1160	43 
1161	75 
1162	27 
1163	47 
1164	33 
1165	3 
1166	22 
1167	21 
1168	61 
1169	14 
1170	81 
1171	43 
1172	22 
1173	51 
1174	37 
1175	21 
1176	71 
1177	90 
1178	8 
1179	18 
1180	100 
1181	55 
1182	81 
1183	104 
1184	97 
1185	6 
1186	6 
1187	33 
1188	76 
1189	8 
1190	64 
1191	8 
1192	90 
1193	81 
1194	33 
1195	53 
1196	81 
1197	83 
1198	75 
1199	25 
1200	46 
1201	74 
1202	32 
1203	37 
1204	36 
1205	21 
1206	103 
1207	74 
1208	102 
1209	41 
1210	80 
1211	83 
1212	46 
1213	33 
1214	102 
1215	25 
1216	73 
1217	6 
1218	79 
1219	74 
1220	32 
1221	78 
1222	63 
1223	79 
1224	8 
1225	54 
1226	16 
1227	100 
1228	17 
1229	31 
1230	67 
1231	92 
1232	26 
1233	81 
1234	21 
1235	4 
1236	91 
1237	97 
1238	25 
1239	22 
1240	55 
1241	97 
1242	89 
1243	79 
1244	59 
1245	39 
1246	69 
1247	75 
1248	78 
1249	13 
1250	6 
1251	19 
1252	1 
1253	103 
1254	90 
1255	35 
1256	88 
1257	39 
1258	52 
1259	21 
1260	86 
1261	18 
1262	81 
1263	33 
1264	57 
1265	38 
1266	66 
1267	21 
1268	47 
1269	80 
1270	32 
1271	67 
1272	99 
1273	99 
1274	4 
1275	79 
1276	57 
1277	47 
1278	36 
1279	1 
1280	90 
1281	51 
1282	24 
1283	47 
1284	41 
1285	11 
1286	5 
1287	8 
1288	39 
1289	89 
1290	26 
1291	33 
1292	5 
1293	104 
1294	40 
1295	65 
1296	25 
1297	74 
1298	24 
1299	8 
1300	20 
1301	85 
1302	57 
1303	1 
1304	34 
1305	17 
1306	50 
1307	104 
1308	93 
1309	11 
1310	39 
1311	86 
1312	73 
1313	58 
1314	81 
1315	69 
1316	66 
1317	37 
1318	90 
1319	82 
1320	28 
1321	93 
1322	43 
1323	86 
1324	54 
1325	97 
1326	31 
1327	5 
1328	17 
1329	20 
1330	3 
1331	47 
1332	83 
1333	3 
1334	67 
1335	4 
1336	79 
1337	94 
1338	90 
1339	44 
1340	92 
1341	12 
1342	43 
1343	71 
1344	26 
1345	4 
1346	86 
1347	11 
1348	4 
1349	16 
1350	95 
1351	82 
1352	6 
1353	67 
1354	98 
1355	14 
1356	93 
1357	77 
1358	23 
1359	99 
1360	36 
1361	48 
1362	23 
1363	49 
1364	2 
1365	78 
1366	79 
1367	90 
1368	98 
1369	99 
1370	79 
1371	88 
1372	25 
1373	102 
1374	38 
1375	78 
1376	78 
1377	62 
1378	64 
1379	58 
1380	103 
1381	97 
1382	26 
1383	1 
1384	64 
1385	70 
1386	32 
1387	46 
1388	88 
1389	6 
1390	2 
1391	13 
1392	98 
1393	22 
1394	78 
1395	89 
1396	40 
1397	36 
1398	8 
1399	39 
1400	11 
1401	25 
1402	25 
1403	85 
1404	33 
1405	100 
1406	94 
1407	99 
1408	58 
1409	38 
1410	52 
1411	31 
1412	20 
1413	89 
1414	7 
1415	82 
1416	99 
1417	78 
1418	19 
1419	31 
1420	52 
1421	29 
1422	72 
1423	84 
1424	87 
1425	104 
1426	77 
1427	99 
1428	45 
1429	101 
1430	103 
1431	33 
1432	21 
1433	41 
1434	45 
1435	78 
1436	38 
1437	6 
1438	91 
1439	3 
1440	92 
1441	90 
1442	44 
1443	13 
1444	56 
1445	70 
1446	45 
1447	25 
1448	6 
1449	33 
1450	94 
1451	90 
1452	4 
1453	46 
1454	36 
1455	78 
1456	44 
1457	61 
1458	19 
1459	93 
1460	6 
1461	36 
1462	22 
1463	53 
1464	59 
1465	36 
1466	30 
1467	30 
1468	93 
1469	99 
1470	64 
1471	36 
1472	21 
1473	64 
1474	60 
1475	17 
1476	22 
1477	35 
1478	20 
1479	7 
1480	84 
1481	78 
1482	36 
1483	100 
1484	43 
1485	81 
1486	99 
1487	80 
1488	65 
1489	56 
1490	33 
1491	25 
1492	37 
1493	22 
1494	41 
1495	28 
1496	30 
1497	24 
1498	10 
1499	81 
1500	71 
1501	82 
1502	50 
1503	91 
1504	84 
1505	5 
1506	54 
1507	72 
1508	48 
1509	60 
1510	99 
1511	22 
1512	97 
1513	17 
1514	34 
1515	58 
1516	70 
1517	5 
1518	28 
1519	87 
1520	44 
1521	30 
1522	14 
1523	36 
1524	65 
1525	32 
1526	31 
1527	12 
1528	86 
1529	22 
1530	22 
1531	99 
1532	92 
1533	33 
1534	64 
1535	43 
1536	13 
1537	7 
1538	103 
1539	68 
1540	51 
1541	27 
1542	104 
1543	94 
1544	81 
1545	5 
1546	36 
1547	4 
1548	96 
1549	40 
1550	55 
1551	57 
1552	80 
1553	14 
1554	49 
1555	99 
1556	69 
1557	29 
1558	89 
1559	67 
1560	12 
1561	66 
1562	77 
1563	57 
1564	87 
1565	48 
1566	78 
1567	93 
1568	91 
1569	79 
1570	29 
1571	78 
1572	95 
1573	98 
1574	53 
1575	2 
1576	66 
1577	55 
1578	57 
1579	92 
1580	17 
1581	70 
1582	64 
1583	46 
1584	102 
1585	22 
1586	65 
1587	94 
1588	50 
1589	84 
1590	75 
1591	13 
1592	36 
1593	14 
1594	59 
1595	29 
1596	57 
1597	4 
1598	72 
1599	74 
1600	22 
1601	20 
1602	73 
1603	33 
1604	13 
1605	75 
1606	6 
1607	57 
1608	50 
1609	54 
1610	51 
1611	1 
1612	9 
1613	58 
1614	67 
1615	38 
1616	94 
1617	18 
1618	52 
1619	100 
1620	69 
1621	96 
1622	35 
1623	58 
1624	30 
1625	96 
1626	102 
1627	1 
1628	100 
1629	28 
1630	92 
1631	46 
1632	90 
1633	25 
1634	98 
1635	6 
1636	87 
1637	95 
1638	46 
1639	69 
1640	55 
1641	86 
1642	1 
1643	99 
1644	72 
1645	44 
1646	89 
1647	60 
1648	82 
1649	104 
1650	79 
1651	60 
1652	31 
1653	2 
1654	38 
1655	72 
1656	25 
1657	8 
1658	46 
1659	31 
1660	56 
1661	62 
1662	59 
1663	36 
1664	33 
1665	99 
1666	35 
1667	46 
1668	64 
1669	53 
1670	30 
1671	43 
1672	98 
1673	56 
1674	56 
1675	35 
1676	98 
1677	6 
1678	17 
1679	41 
1680	93 
1681	22 
1682	57 
1683	25 
1684	87 
1685	65 
1686	92 
1687	5 
1688	81 
1689	64 
1690	58 
1691	82 
1692	7 
1693	1 
1694	36 
1695	46 
1696	52 
1697	102 
1698	84 
1699	20 
1700	35 
1701	50 
1702	8 
1703	104 
1704	89 
1705	9 
1706	66 
1707	27 
1708	65 
1709	25 
1710	90 
1711	4 
1712	91 
1713	25 
1714	85 
1715	53 
1716	22 
1717	33 
1718	92 
1719	10 
1720	8 
1721	73 
1722	78 
1723	102 
1724	99 
1725	54 
1726	31 
1727	57 
1728	10 
1729	57 
1730	28 
1731	77 
1732	64 
1733	95 
1734	99 
1735	93 
1736	54 
1737	54 
1738	29 
1739	7 
1740	21 
1741	104 
1742	79 
1743	95 
1744	28 
1745	12 
1746	46 
1747	78 
1748	93 
1749	80 
1750	12 
1751	76 
1752	100 
1753	21 
1754	6 
1755	46 
1756	100 
1757	33 
1758	56 
1759	79 
1760	43 
1761	49 
1762	57 
1763	11 
1764	17 
1765	37 
1766	40 
1767	84 
1768	16 
1769	10 
1770	57 
1771	78 
1772	6 
1773	40 
1774	87 
1775	42 
1776	1 
1777	78 
1778	67 
1779	88 
1780	82 
1781	58 
1782	94 
1783	17 
1784	65 
1785	6 
1786	86 
1787	21 
1788	90 
1789	32 
1790	6 
1791	79 
1792	17 
1793	92 
1794	77 
1795	6 
1796	4 
1797	62 
1798	22 
1799	98 
1800	44 
1801	65 
1802	53 
1803	53 
1804	4 
1805	42 
1806	22 
1807	82 
1808	38 
1809	104 
1810	86 
1811	85 
1812	52 
1813	55 
1814	60 
1815	80 
1816	50 
1817	28 
1818	37 
1819	14 
1820	98 
1821	53 
1822	39 
1823	31 
1824	100 
1825	99 
1826	93 
1827	21 
1828	78 
1829	6 
1830	71 
1831	6 
1832	93 
1833	24 
1834	24 
1835	49 
1836	58 
1837	31 
1838	65 
1839	62 
1840	35 
1841	72 
1842	64 
1843	22 
1844	80 
1845	84 
1846	101 
1847	49 
1848	15 
1849	41 
1850	32 
1851	103 
1852	24 
1853	71 
1854	77 
1855	97 
1856	94 
1857	15 
1858	1 
1859	9 
1860	37 
1861	82 
1862	98 
1863	47 
1864	84 
1865	8 
1866	102 
1867	35 
1868	5 
1869	26 
1870	43 
1871	91 
1872	18 
1873	99 
1874	71 
1875	95 
1876	96 
1877	8 
1878	71 
1879	14 
1880	63 
1881	52 
1882	51 
1883	28 
1884	21 
1885	6 
1886	82 
1887	28 
1888	30 
1889	55 
1890	91 
1891	54 
1892	67 
1893	20 
1894	85 
1895	38 
1896	80 
1897	6 
1898	43 
1899	2 
1900	58 
1901	30 
1902	39 
1903	99 
1904	98 
1905	43 
1906	22 
1907	3 
1908	25 
1909	80 
1910	99 
1911	21 
1912	89 
1913	71 
1914	67 
1915	90 
1916	22 
1917	100 
1918	41 
1919	69 
1920	78 
1921	81 
1922	27 
1923	94 
1924	50 
1925	47 
1926	64 
1927	27 
1928	33 
1929	64 
1930	12 
1931	71 
1932	104 
1933	68 
1934	43 
1935	49 
1936	81 
1937	30 
1938	77 
1939	89 
1940	15 
1941	50 
1942	43 
1943	12 
1944	21 
1945	74 
1946	75 
1947	20 
1948	18 
1949	32 
1950	36 
1951	77 
1952	96 
1953	26 
1954	62 
1955	90 
1956	35 
1957	82 
1958	69 
1959	18 
1960	94 
1961	2 
1962	25 
1963	100 
1964	46 
1965	25 
1966	50 
1967	84 
1968	1 
1969	97 
1970	32 
1971	61 
1972	75 
1973	20 
1974	94 
1975	80 
1976	57 
1977	34 
1978	40 
1979	32 
1980	73 
1981	39 
1982	89 
1983	79 
1984	86 
1985	58 
1986	95 
1987	90 
1988	88 
1989	2 
1990	83 
1991	57 
1992	50 
1993	41 
1994	75 
1995	57 
1996	35 
1997	9 
1998	17 
1999	52 
2000	52 
2001	32 
2002	78 
2003	43 
2004	3 
2005	51 
2006	94 
2007	6 
2008	1 
2009	86 
2010	21 
2011	64 
2012	65 
2013	18 
2014	40 
2015	18 
2016	68 
2017	97 
2018	79 
2019	43 
2020	53 
2021	36 
2022	66 
2023	74 
2024	46 
2025	45 
2026	97 
2027	45 
2028	43 
2029	43 
2030	78 
2031	21 
2032	79 
2033	71 
2034	9 
2035	47 
2036	28 
2037	103 
2038	100 
2039	52 
2040	29 
2041	48 
2042	29 
2043	10 
2044	38 
2045	51 
2046	55 
2047	31 
2048	32 
2049	100 
2050	61 
2051	13 
2052	10 
2053	71 
2054	95 
2055	53 
2056	20 
2057	15 
2058	86 
2059	6 
2060	102 
2061	70 
2062	4 
2063	2 
2064	3 
2065	98 
2066	78 
2067	18 
2068	91 
2069	6 
2070	91 
2071	18 
2072	36 
2073	65 
2074	32 
2075	88 
2076	75 
2077	57 
2078	51 
2079	49 
2080	34 
2081	97 
2082	35 
2083	79 
2084	100 
2085	14 
2086	52 
2087	61 
2088	21 
2089	80 
2090	40 
2091	47 
2092	65 
2093	54 
2094	42 
2095	19 
2096	11 
2097	57 
2098	50 
2099	28 
2100	86 
2101	104 
2102	62 
2103	59 
2104	64 
2105	6 
2106	85 
2107	8 
2108	51 
2109	41 
2110	52 
2111	47 
2112	91 
2113	71 
2114	64 
2115	3 
2116	25 
2117	21 
2118	85 
2119	88 
2120	62 
2121	104 
2122	84 
2123	15 
2124	7 
2125	82 
2126	51 
2127	29 
2128	35 
2129	39 
2130	60 
2131	55 
2132	100 
2133	59 
2134	47 
2135	50 
2136	101 
2137	25 
2138	86 
2139	20 
2140	4 
2141	44 
2142	22 
2143	32 
2144	32 
2145	78 
2146	102 
2147	50 
2148	28 
2149	85 
2150	84 
2151	62 
2152	58 
2153	61 
2154	91 
2155	57 
2156	22 
2157	26 
2158	36 
2159	52 
2160	47 
2161	10 
2162	1 
2163	97 
2164	28 
2165	88 
2166	35 
2167	21 
2168	46 
2169	36 
2170	33 
2171	97 
2172	37 
2173	6 
2174	55 
2175	38 
2176	36 
2177	104 
2178	98 
2179	78 
2180	93 
2181	28 
2182	87 
2183	56 
2184	74 
2185	17 
2186	49 
2187	78 
2188	67 
2189	50 
2190	33 
2191	80 
2192	25 
2193	45 
2194	77 
2195	37 
2196	45 
2197	93 
2198	62 
2199	14 
2200	104 
2201	66 
2202	80 
2203	28 
2204	47 
2205	72 
2206	11 
2207	21 
2208	47 
2209	9 
2210	23 
2211	37 
2212	52 
2213	80 
2214	5 
2215	38 
2216	62 
2217	78 
2218	65 
2219	86 
2220	76 
2221	42 
2222	5 
2223	94 
2224	57 
2225	4 
2226	103 
2227	13 
2228	42 
2229	18 
2230	52 
2231	18 
2232	51 
2233	62 
2234	33 
2235	54 
2236	96 
2237	60 
2238	97 
2239	1 
2240	52 
2241	82 
2242	44 
2243	43 
2244	103 
2245	76 
2246	104 
2247	47 
2248	25 
2249	6 
2250	21 
2251	7 
2252	8 
2253	11 
2254	61 
2255	36 
2256	39 
2257	40 
2258	14 
2259	62 
2260	69 
2261	69 
2262	73 
2263	31 
2264	14 
2265	16 
2266	18 
2267	3 
2268	33 
2269	49 
2270	24 
2271	87 
2272	75 
2273	43 
2274	58 
2275	34 
2276	77 
2277	25 
2278	74 
2279	62 
2280	8 
2281	17 
2282	23 
2283	4 
2284	38 
2285	30 
2286	98 
2287	36 
2288	26 
2289	58 
2290	52 
2291	5 
2292	95 
2293	65 
2294	30 
2295	9 
2296	61 
2297	88 
2298	78 
2299	45 
2300	65 
2301	75 
2302	50 
2303	49 
2304	102 
2305	51 
2306	5 
2307	12 
2308	88 
2309	15 
2310	46 
2311	15 
2312	22 
2313	85 
2314	74 
2315	50 
2316	17 
2317	97 
2318	104 
2319	88 
2320	93 
2321	25 
2322	102 
2323	48 
2324	31 
2325	52 
2326	18 
2327	84 
2328	83 
2329	65 
2330	82 
2331	19 
2332	16 
2333	52 
2334	18 
2335	50 
2336	29 
2337	83 
2338	2 
2339	82 
2340	93 
2341	57 
2342	70 
2343	99 
2344	80 
2345	67 
2346	75 
2347	103 
2348	18 
2349	23 
2350	47 
2351	83 
2352	75 
2353	46 
2354	5 
2355	81 
2356	38 
2357	101 
2358	36 
2359	70 
2360	53 
2361	25 
2362	35 
2363	61 
2364	94 
2365	35 
2366	61 
2367	71 
2368	82 
2369	46 
2370	25 
2371	64 
2372	61 
2373	90 
2374	80 
2375	91 
2376	5 
2377	61 
2378	98 
2379	80 
2380	26 
2381	82 
2382	71 
2383	80 
2384	36 
2385	85 
2386	84 
2387	100 
2388	99 
2389	22 
2390	10 
2391	86 
2392	79 
2393	21 
2394	66 
2395	89 
2396	51 
2397	85 
2398	51 
2399	2 
2400	55 
2401	37 
2402	72 
2403	13 
2404	1 
2405	100 
2406	4 
2407	46 
2408	7 
2409	36 
2410	39 
2411	79 
2412	35 
2413	1 
2414	97 
2415	58 
2416	25 
2417	73 
2418	62 
2419	52 
2420	39 
2421	81 
2422	27 
2423	10 
2424	8 
2425	64 
2426	58 
2427	53 
2428	48 
2429	22 
2430	45 
2431	36 
2432	89 
2433	90 
2434	23 
2435	21 
2436	76 
2437	3 
2438	11 
2439	97 
2440	77 
2441	11 
2442	36 
2443	79 
2444	69 
2445	21 
2446	20 
2447	58 
2448	89 
2449	9 
2450	78 
2451	8 
2452	76 
2453	87 
2454	72 
2455	20 
2456	75 
2457	1 
2458	72 
2459	59 
2460	11 
2461	6 
2462	38 
2463	1 
2464	61 
2465	44 
2466	37 
2467	32 
2468	85 
2469	101 
2470	1 
2471	44 
2472	54 
2473	46 
2474	37 
2475	30 
2476	53 
2477	103 
2478	74 
2479	85 
2480	82 
2481	18 
2482	75 
2483	18 
2484	18 
2485	31 
2486	79 
2487	96 
2488	9 
2489	29 
2490	10 
2491	82 
2492	100 
2493	86 
2494	84 
2495	18 
2496	72 
2497	17 
2498	83 
2499	65 
2500	78 
2501	25 
2502	99 
2503	64 
2504	5 
2505	25 
2506	78 
2507	82 
2508	93 
2509	38 
2510	38 
2511	50 
2512	67 
2513	34 
2514	60 
2515	42 
2516	98 
2517	21 
2518	55 
2519	93 
2520	20 
2521	61 
2522	51 
2523	31 
2524	94 
2525	56 
2526	4 
2527	27 
2528	17 
2529	33 
2530	72 
2531	18 
2532	39 
2533	64 
2534	25 
2535	51 
2536	66 
2537	71 
2538	53 
2539	32 
2540	32 
2541	26 
2542	79 
2543	65 
2544	1 
2545	1 
2546	32 
2547	99 
2548	99 
2549	62 
2550	20 
2551	27 
2552	103 
2553	104 
2554	58 
2555	55 
2556	11 
2557	60 
2558	70 
2559	32 
2560	30 
2561	24 
2562	6 
2563	36 
2564	97 
2565	31 
2566	64 
2567	100 
2568	9 
2569	78 
2570	99 
2571	30 
2572	13 
2573	11 
2574	22 
2575	92 
2576	4 
2577	79 
2578	56 
2579	91 
2580	91 
2581	26 
2582	63 
2583	36 
2584	34 
2585	56 
2586	75 
2587	32 
2588	33 
2589	75 
2590	46 
2591	8 
2592	54 
2593	79 
2594	75 
2595	6 
2596	37 
2597	59 
2598	82 
2599	53 
2600	101 
2601	70 
2602	104 
2603	52 
2604	47 
2605	90 
2606	65 
2607	103 
2608	98 
2609	66 
2610	25 
2611	65 
2612	67 
2613	58 
2614	33 
2615	82 
2616	14 
2617	49 
2618	24 
2619	5 
2620	94 
2621	31 
2622	47 
2623	52 
2624	84 
2625	69 
2626	57 
2627	33 
2628	101 
2629	4 
2630	74 
2631	14 
2632	35 
2633	60 
2634	57 
2635	31 
2636	32 
2637	30 
2638	99 
2639	25 
2640	94 
2641	75 
2642	57 
2643	79 
2644	48 
2645	46 
2646	4 
2647	35 
2648	42 
2649	79 
2650	54 
2651	95 
2652	88 
2653	33 
2654	91 
2655	5 
2656	14 
2657	6 
2658	32 
2659	33 
2660	1 
2661	51 
2662	82 
2663	36 
2664	79 
2665	100 
2666	67 
2667	28 
2668	62 
2669	22 
2670	100 
2671	103 
2672	89 
2673	48 
2674	91 
2675	77 
2676	82 
2677	57 
2678	93 
2679	81 
2680	104 
2681	93 
2682	92 
2683	65 
2684	100 
2685	101 
2686	86 
2687	51 
2688	93 
2689	51 
2690	31 
2691	45 
2692	6 
2693	99 
2694	87 
2695	50 
2696	7 
2697	92 
2698	44 
2699	85 
2700	2 
2701	68 
2702	65 
2703	41 
2704	52 
2705	78 
2706	78 
2707	78 
2708	53 
2709	12 
2710	46 
2711	11 
2712	81 
2713	16 
2714	57 
2715	93 
2716	18 
2717	48 
2718	99 
2719	68 
2720	102 
2721	17 
2722	22 
2723	35 
2724	88 
2725	99 
2726	89 
2727	63 
2728	90 
2729	96 
2730	32 
2731	89 
2732	104 
2733	78 
2734	102 
2735	50 
2736	79 
2737	39 
2738	18 
2739	40 
2740	33 
2741	2 
2742	93 
2743	86 
2744	32 
2745	74 
2746	69 
2747	81 
2748	61 
2749	56 
2750	38 
2751	4 
2752	73 
2753	36 
2754	89 
2755	85 
2756	53 
2757	53 
2758	16 
2759	9 
2760	31 
2761	5 
2762	52 
2763	56 
2764	38 
2765	96 
2766	25 
2767	50 
2768	56 
2769	75 
2770	46 
2771	63 
2772	44 
2773	52 
2774	87 
2775	103 
2776	41 
2777	12 
2778	56 
2779	33 
2780	31 
2781	36 
2782	52 
2783	85 
2784	46 
2785	30 
2786	8 
2787	47 
2788	30 
2789	89 
2790	36 
2791	89 
2792	34 
2793	28 
2794	12 
2795	71 
2796	37 
2797	66 
2798	10 
2799	80 
2800	31 
2801	17 
2802	51 
2803	25 
2804	96 
2805	48 
2806	101 
2807	57 
2808	58 
2809	43 
2810	67 
2811	102 
2812	26 
2813	79 
2814	17 
2815	16 
2816	50 
2817	86 
2818	57 
2819	26 
2820	62 
2821	24 
2822	91 
2823	64 
2824	3 
2825	82 
2826	56 
2827	30 
2828	18 
2829	56 
2830	35 
2831	11 
2832	100 
2833	22 
2834	32 
2835	45 
2836	17 
2837	84 
2838	79 
2839	46 
2840	94 
2841	31 
2842	52 
2843	73 
2844	68 
2845	48 
2846	34 
2847	100 
2848	18 
2849	62 
2850	34 
2851	61 
2852	39 
2853	25 
2854	64 
2855	104 
2856	87 
2857	25 
2858	101 
2859	26 
2860	77 
2861	34 
2862	83 
2863	73 
2864	89 
2865	101 
2866	98 
2867	3 
2868	81 
2869	62 
2870	36 
2871	11 
2872	100 
2873	24 
2874	32 
2875	99 
2876	65 
2877	99 
2878	25 
2879	52 
2880	94 
2881	102 
2882	22 
2883	90 
2884	92 
2885	7 
2886	81 
2887	52 
2888	8 
2889	81 
2890	44 
2891	40 
2892	78 
2893	69 
2894	64 
2895	76 
2896	103 
2897	36 
2898	43 
2899	89 
2900	15 
2901	32 
2902	88 
2903	9 
2904	57 
2905	89 
2906	63 
2907	93 
2908	52 
2909	5 
2910	21 
2911	82 
2912	90 
2913	46 
2914	33 
2915	59 
2916	12 
2917	3 
2918	32 
2919	14 
2920	77 
2921	14 
2922	43 
2923	71 
2924	30 
2925	18 
2926	12 
2927	53 
2928	33 
2929	56 
2930	24 
2931	65 
2932	63 
2933	79 
2934	47 
2935	10 
2936	93 
2937	81 
2938	67 
2939	62 
2940	104 
2941	65 
2942	98 
2943	79 
2944	25 
2945	5 
2946	35 
2947	62 
2948	57 
2949	44 
2950	36 
2951	30 
2952	88 
2953	36 
2954	91 
2955	37 
2956	20 
2957	44 
2958	99 
2959	43 
2960	38 
2961	65 
2962	50 
2963	6 
2964	41 
2965	74 
2966	4 
2967	103 
2968	89 
2969	46 
2970	99 
2971	61 
2972	35 
2973	33 
2974	61 
2975	31 
2976	53 
2977	25 
2978	79 
2979	11 
2980	25 
2981	18 
2982	73 
2983	29 
2984	56 
2985	2 
2986	71 
2987	28 
2988	102 
2989	47 
2990	85 
2991	42 
2992	101 
2993	60 
2994	77 
2995	53 
2996	52 
2997	79 
2998	26 
2999	98 
3000	47 
3001	20 
3002	40 
3003	6 
3004	64 
3005	9 
3006	33 
3007	93 
3008	92 
3009	32 
3010	54 
3011	20 
3012	65 
3013	21 
3014	48 
3015	71 
3016	11 
3017	13 
3018	77 
3019	30 
3020	28 
3021	7 
3022	82 
3023	93 
3024	80 
3025	37 
3026	11 
3027	54 
3028	28 
3029	4 
3030	53 
3031	91 
3032	65 
3033	59 
3034	41 
3035	77 
3036	68 
3037	67 
3038	47 
3039	78 
3040	72 
3041	93 
3042	47 
3043	61 
3044	27 
3045	57 
3046	81 
3047	37 
3048	74 
3049	18 
3050	85 
3051	32 
3052	42 
3053	16 
3054	58 
3055	98 
3056	5 
3057	93 
3058	38 
3059	22 
3060	87 
3061	46 
3062	17 
3063	27 
3064	70 
3065	66 
3066	18 
3067	31 
3068	38 
3069	5 
3070	92 
3071	70 
3072	13 
3073	72 
3074	1 
3075	86 
3076	79 
3077	42 
3078	99 
3079	12 
3080	27 
3081	16 
3082	99 
3083	47 
3084	91 
3085	7 
3086	55 
3087	39 
3088	32 
3089	76 
3090	17 
3091	52 
3092	68 
3093	6 
3094	99 
3095	24 
3096	33 
3097	52 
3098	24 
3099	52 
3100	80 
3101	35 
3102	32 
3103	82 
3104	89 
3105	31 
3106	96 
3107	25 
3108	39 
3109	24 
3110	77 
3111	52 
3112	98 
3113	46 
3114	59 
3115	29 
3116	28 
3117	66 
3118	47 
3119	35 
3120	7 
3121	10 
3122	40 
3123	41 
3124	66 
3125	46 
3126	95 
3127	70 
3128	1 
3129	96 
3130	19 
3131	36 
3132	24 
3133	37 
3134	86 
3135	58 
3136	96 
3137	74 
3138	82 
3139	82 
3140	76 
3141	52 
3142	61 
3143	93 
3144	97 
3145	29 
3146	28 
3147	85 
3148	87 
3149	21 
3150	42 
3151	64 
3152	71 
3153	90 
3154	43 
3155	104 
3156	4 
3157	64 
3158	71 
3159	45 
3160	49 
3161	69 
3162	60 
3163	89 
3164	10 
3165	93 
3166	87 
3167	3 
3168	78 
3169	51 
3170	6 
3171	77 
3172	50 
3173	97 
3174	41 
3175	65 
3176	89 
3177	11 
3178	17 
3179	46 
3180	58 
3181	31 
3182	79 
3183	2 
3184	65 
3185	32 
3186	56 
3187	31 
3188	32 
3189	82 
3190	93 
3191	74 
3192	85 
3193	2 
3194	39 
3195	22 
3196	39 
3197	68 
3198	21 
3199	86 
3200	40 
3201	15 
3202	84 
3203	1 
3204	15 
3205	98 
3206	87 
3207	80 
3208	2 
3209	93 
3210	21 
3211	12 
3212	43 
3213	1 
3214	75 
3215	25 
3216	97 
3217	2 
3218	41 
3219	72 
3220	86 
3221	98 
3222	29 
3223	26 
3224	22 
3225	57 
3226	28 
3227	46 
3228	61 
3229	7 
3230	34 
3231	81 
3232	15 
3233	32 
3234	18 
3235	33 
3236	96 
3237	102 
3238	31 
3239	5 
3240	56 
3241	43 
3242	102 
3243	36 
3244	100 
3245	11 
3246	40 
3247	47 
3248	64 
3249	56 
3250	79 
3251	11 
3252	85 
3253	71 
3254	58 
3255	15 
3256	16 
3257	66 
3258	32 
3259	5 
3260	92 
3261	102 
3262	36 
3263	98 
3264	77 
3265	86 
3266	99 
3267	38 
3268	31 
3269	64 
3270	64 
3271	58 
3272	17 
3273	47 
3274	18 
3275	86 
3276	91 
3277	14 
3278	83 
3279	78 
3280	73 
3281	25 
3282	73 
3283	35 
3284	9 
3285	55 
3286	15 
3287	40 
3288	58 
3289	85 
3290	51 
3291	28 
3292	54 
3293	41 
3294	61 
3295	82 
3296	93 
3297	57 
3298	78 
3299	50 
3300	101 
3301	17 
3302	28 
3303	81 
3304	21 
3305	19 
3306	51 
3307	101 
3308	41 
3309	21 
3310	54 
3311	96 
3312	10 
3313	6 
3314	16 
3315	17 
3316	100 
3317	92 
3318	91 
3319	63 
3320	45 
3321	79 
3322	20 
3323	80 
3324	15 
3325	37 
3326	35 
3327	20 
3328	95 
3329	78 
3330	18 
3331	37 
3332	92 
3333	5 
3334	71 
3335	97 
3336	21 
3337	100 
3338	1 
3339	36 
3340	39 
3341	32 
3342	12 
3343	75 
3344	74 
3345	97 
3346	53 
3347	36 
3348	1 
3349	18 
3350	30 
3351	31 
3352	78 
3353	57 
3354	11 
3355	91 
3356	72 
3357	19 
3358	33 
3359	28 
3360	9 
3361	89 
3362	38 
3363	65 
3364	79 
3365	73 
3366	87 
3367	45 
3368	64 
3369	52 
3370	80 
3371	92 
3372	5 
3373	30 
3374	63 
3375	53 
3376	19 
3377	58 
3378	28 
3379	87 
3380	22 
3381	32 
3382	16 
3383	49 
3384	60 
3385	48 
3386	36 
3387	66 
3388	43 
3389	5 
3390	92 
3391	88 
3392	42 
3393	14 
3394	51 
3395	50 
3396	17 
3397	30 
3398	79 
3399	79 
3400	54 
3401	4 
3402	11 
3403	87 
3404	38 
3405	39 
3406	76 
3407	100 
3408	37 
3409	51 
3410	41 
3411	21 
3412	52 
3413	26 
3414	33 
3415	30 
3416	59 
3417	25 
3418	20 
3419	46 
3420	16 
3421	65 
3422	50 
3423	94 
3424	91 
3425	57 
3426	8 
3427	40 
3428	79 
3429	79 
3430	55 
3431	6 
3432	53 
3433	41 
3434	104 
3435	25 
3436	17 
3437	85 
3438	18 
3439	43 
3440	52 
3441	82 
3442	93 
3443	56 
3444	4 
3445	30 
3446	19 
3447	47 
3448	33 
3449	43 
3450	103 
3451	47 
3452	52 
3453	43 
3454	31 
3455	43 
3456	36 
3457	82 
3458	87 
3459	10 
3460	26 
3461	49 
3462	64 
3463	21 
3464	77 
3465	28 
3466	85 
3467	10 
3468	103 
3469	98 
3470	97 
3471	104 
3472	75 
3473	8 
3474	78 
3475	44 
3476	17 
3477	7 
3478	69 
3479	23 
3480	75 
3481	72 
3482	58 
3483	45 
3484	85 
3485	37 
3486	24 
3487	46 
3488	2 
3489	43 
3490	24 
3491	93 
3492	78 
3493	33 
3494	65 
3495	69 
3496	98 
3497	69 
3498	23 
3499	87 
3500	49 
3501	102 
3502	25 
3503	33 
3504	98 
3505	1 
3506	85 
3507	98 
3508	72 
3509	48 
3510	63 
3511	22 
3512	73 
3513	30 
3514	71 
3515	51 
3516	26 
3517	81 
3518	65 
3519	62 
3520	45 
3521	77 
3522	46 
3523	96 
3524	60 
3525	31 
3526	57 
3527	96 
3528	23 
3529	50 
3530	30 
3531	51 
3532	6 
3533	54 
3534	46 
3535	93 
3536	21 
3537	32 
3538	48 
3539	65 
3540	38 
3541	94 
3542	35 
3543	91 
3544	74 
3545	60 
3546	94 
3547	38 
3548	85 
3549	54 
3550	65 
3551	32 
3552	52 
3553	103 
3554	66 
3555	25 
3556	7 
3557	82 
3558	101 
3559	16 
3560	46 
3561	87 
3562	80 
3563	52 
3564	32 
3565	29 
3566	78 
3567	59 
3568	98 
3569	99 
3570	34 
3571	81 
3572	78 
3573	52 
3574	83 
3575	69 
3576	79 
3577	96 
3578	35 
3579	89 
3580	93 
3581	71 
3582	56 
3583	95 
3584	71 
3585	45 
3586	104 
3587	69 
3588	94 
3589	8 
3590	9 
3591	31 
3592	32 
3593	4 
3594	32 
3595	32 
3596	47 
3597	57 
3598	98 
3599	15 
3600	43 
3601	24 
3602	47 
3603	102 
3604	5 
3605	36 
3606	91 
3607	12 
3608	6 
3609	62 
3610	45 
3611	42 
3612	60 
3613	57 
3614	57 
3615	56 
3616	38 
3617	47 
3618	97 
3619	85 
3620	68 
3621	84 
3622	89 
3623	58 
3624	14 
3625	100 
3626	18 
3627	32 
3628	64 
3629	86 
3630	99 
3631	100 
3632	12 
3633	41 
3634	43 
3635	11 
3636	50 
3637	53 
3638	104 
3639	9 
3640	50 
3641	2 
3642	103 
3643	81 
3644	77 
3645	81 
3646	25 
3647	60 
3648	83 
3649	58 
3650	69 
3651	20 
3652	64 
3653	93 
3654	52 
3655	30 
3656	81 
3657	72 
3658	65 
3659	19 
3660	85 
3661	90 
3662	14 
3663	31 
3664	11 
3665	10 
3666	56 
3667	90 
3668	91 
3669	100 
3670	55 
3671	89 
3672	58 
3673	39 
3674	79 
3675	76 
3676	66 
3677	60 
3678	71 
3679	62 
3680	38 
3681	43 
3682	25 
3683	1 
3684	76 
3685	32 
3686	100 
3687	40 
3688	21 
3689	13 
3690	33 
3691	37 
3692	80 
3693	97 
3694	15 
3695	73 
3696	78 
3697	18 
3698	79 
3699	61 
3700	75 
3701	99 
3702	74 
3703	20 
3704	9 
3705	31 
3706	47 
3707	53 
3708	71 
3709	29 
3710	76 
3711	41 
3712	25 
3713	65 
3714	102 
3715	36 
3716	52 
3717	95 
3718	46 
3719	101 
3720	84 
3721	28 
3722	67 
3723	60 
3724	38 
3725	26 
3726	99 
3727	56 
3728	66 
3729	77 
3730	80 
3731	77 
3732	55 
3733	60 
3734	81 
3735	10 
3736	39 
3737	41 
3738	5 
3739	77 
3740	86 
3741	14 
3742	18 
3743	6 
3744	71 
3745	46 
3746	33 
3747	29 
3748	4 
3749	56 
3750	5 
3751	27 
3752	15 
3753	21 
3754	88 
3755	28 
3756	25 
3757	40 
3758	57 
3759	35 
3760	68 
3761	57 
3762	69 
3763	7 
3764	37 
3765	89 
3766	13 
3767	30 
3768	31 
3769	84 
3770	53 
3771	50 
3772	21 
3773	101 
3774	25 
3775	36 
3776	20 
3777	84 
3778	102 
3779	81 
3780	62 
3781	80 
3782	100 
3783	86 
3784	99 
3785	47 
3786	22 
3787	39 
3788	8 
3789	5 
3790	68 
3791	8 
3792	50 
3793	22 
3794	37 
3795	93 
3796	74 
3797	71 
3798	58 
3799	76 
3800	97 
3801	32 
3802	4 
3803	42 
3804	81 
3805	29 
3806	31 
3807	87 
3808	21 
3809	37 
3810	23 
3811	26 
3812	8 
3813	47 
3814	69 
3815	101 
3816	26 
3817	11 
3818	87 
3819	13 
3820	83 
3821	72 
3822	51 
3823	56 
3824	62 
3825	57 
3826	36 
3827	104 
3828	39 
3829	26 
3830	6 
3831	38 
3832	25 
3833	71 
3834	27 
3835	74 
3836	41 
3837	93 
3838	29 
3839	35 
3840	32 
3841	22 
3842	82 
3843	38 
3844	40 
3845	102 
3846	77 
3847	83 
3848	32 
3849	62 
3850	78 
3851	9 
3852	101 
3853	8 
3854	82 
3855	28 
3856	3 
3857	25 
3858	95 
3859	52 
3860	44 
3861	96 
3862	71 
3863	58 
3864	38 
3865	50 
3866	61 
3867	52 
3868	56 
3869	80 
3870	4 
3871	72 
3872	52 
3873	34 
3874	92 
3875	25 
3876	27 
3877	99 
3878	57 
3879	71 
3880	79 
3881	97 
3882	68 
3883	68 
3884	21 
3885	21 
3886	71 
3887	11 
3888	103 
3889	90 
3890	78 
3891	27 
3892	7 
3893	25 
3894	18 
3895	2 
3896	61 
3897	38 
3898	40 
3899	104 
3900	55 
3901	79 
3902	37 
3903	74 
3904	15 
3905	101 
3906	34 
3907	51 
3908	32 
3909	11 
3910	41 
3911	74 
3912	101 
3913	43 
3914	94 
3915	36 
3916	36 
3917	101 
3918	44 
3919	50 
3920	24 
3921	45 
3922	2 
3923	4 
3924	49 
3925	10 
3926	67 
3927	39 
3928	93 
3929	93 
3930	55 
3931	36 
3932	1 
3933	4 
3934	28 
3935	81 
3936	101 
3937	48 
3938	64 
3939	71 
3940	20 
3941	8 
3942	78 
3943	53 
3944	71 
3945	90 
3946	16 
3947	28 
3948	11 
3949	64 
3950	40 
3951	74 
3952	16 
3953	46 
3954	6 
3955	5 
3956	19 
3957	77 
3958	54 
3959	81 
3960	14 
3961	50 
3962	64 
3963	79 
3964	46 
3965	93 
3966	79 
3967	81 
3968	45 
3969	75 
3970	30 
3971	10 
3972	61 
3973	12 
3974	97 
3975	43 
3976	17 
3977	43 
3978	17 
3979	1 
3980	49 
3981	81 
3982	19 
3983	52 
3984	4 
3985	32 
3986	81 
3987	90 
3988	11 
3989	49 
3990	80 
3991	5 
3992	1 
3993	99 
3994	102 
3995	104 
3996	88 
3997	24 
3998	70 
3999	46 
4000	19 
4001	20 
4002	100 
4003	56 
4004	19 
4005	31 
4006	50 
4007	44 
4008	39 
4009	31 
4010	101 
4011	94 
4012	11 
4013	52 
4014	99 
4015	47 
4016	80 
4017	65 
4018	68 
4019	18 
4020	67 
4021	64 
4022	99 
4023	78 
4024	11 
4025	37 
4026	92 
4027	39 
4028	52 
4029	81 
4030	33 
4031	50 
4032	59 
4033	86 
4034	66 
4035	5 
4036	76 
4037	16 
4038	91 
4039	58 
4040	33 
4041	11 
4042	5 
4043	41 
4044	92 
4045	93 
4046	71 
4047	97 
4048	99 
4049	22 
4050	46 
4051	51 
4052	57 
4053	102 
4054	81 
4055	31 
4056	57 
4057	87 
4058	32 
4059	64 
4060	90 
4061	1 
4062	64 
4063	23 
4064	25 
4065	4 
4066	100 
4067	93 
4068	28 
4069	59 
4070	104 
4071	50 
4072	52 
4073	94 
4074	27 
4075	75 
4076	40 
4077	57 
4078	76 
4079	78 
4080	104 
4081	6 
4082	37 
4083	30 
4084	23 
4085	64 
4086	3 
4087	11 
4088	33 
4089	30 
4090	6 
4091	70 
4092	20 
4093	6 
4094	39 
4095	83 
4096	2 
4097	58 
4098	81 
4099	32 
4100	98 
4101	79 
4102	62 
4103	78 
4104	37 
4105	103 
4106	50 
4107	87 
4108	39 
4109	6 
4110	31 
4111	50 
4112	56 
4113	99 
4114	98 
4115	80 
4116	69 
4117	5 
4118	5 
4119	34 
4120	104 
4121	57 
4122	96 
4123	41 
4124	59 
4125	99 
4126	99 
4127	30 
4128	25 
4129	98 
4130	43 
4131	36 
4132	45 
4133	98 
4134	2 
4135	15 
4136	21 
4137	24 
4138	91 
4139	17 
4140	6 
4141	50 
4142	34 
4143	21 
4144	80 
4145	48 
4146	41 
4147	96 
4148	39 
4149	41 
4150	29 
4151	76 
4152	66 
4153	40 
4154	54 
4155	92 
4156	91 
4157	78 
4158	77 
4159	72 
4160	43 
4161	89 
4162	99 
4163	92 
4164	37 
4165	58 
4166	5 
4167	58 
4168	78 
4169	32 
4170	100 
4171	86 
4172	26 
4173	30 
4174	92 
4175	104 
4176	36 
4177	24 
4178	80 
4179	87 
4180	14 
4181	25 
4182	41 
4183	23 
4184	58 
4185	44 
4186	55 
4187	39 
4188	8 
4189	89 
4190	42 
4191	4 
4192	38 
4193	86 
4194	54 
4195	24 
4196	100 
4197	58 
4198	33 
4199	17 
4200	17 
4201	47 
4202	28 
4203	80 
4204	15 
4205	57 
4206	56 
4207	50 
4208	53 
4209	70 
4210	13 
4211	2 
4212	39 
4213	104 
4214	40 
4215	18 
4216	28 
4217	69 
4218	91 
4219	1 
4220	53 
4221	47 
4222	57 
4223	43 
4224	65 
4225	55 
4226	26 
4227	46 
4228	71 
4229	74 
4230	28 
4231	21 
4232	1 
4233	4 
4234	59 
4235	55 
4236	20 
4237	92 
4238	81 
4239	93 
4240	6 
4241	28 
4242	99 
4243	84 
4244	38 
4245	99 
4246	98 
4247	8 
4248	32 
4249	52 
4250	21 
4251	48 
4252	2 
4253	78 
4254	47 
4255	82 
4256	94 
4257	72 
4258	46 
4259	99 
4260	66 
4261	85 
4262	31 
4263	33 
4264	44 
4265	51 
4266	97 
4267	17 
4268	47 
4269	6 
4270	57 
4271	28 
4272	17 
4273	84 
4274	89 
4275	35 
4276	33 
4277	2 
4278	97 
4279	30 
4280	27 
4281	66 
4282	36 
4283	100 
4284	86 
4285	31 
4286	4 
4287	89 
4288	56 
4289	30 
4290	17 
4291	85 
4292	40 
4293	57 
4294	78 
4295	97 
4296	50 
4297	56 
4298	33 
4299	33 
4300	41 
4301	40 
4302	52 
4303	57 
4304	4 
4305	55 
4306	2 
4307	43 
4308	64 
4309	78 
4310	65 
4311	14 
4312	69 
4313	10 
4314	99 
4315	50 
4316	78 
4317	40 
4318	100 
4319	64 
4320	51 
4321	80 
4322	6 
4323	65 
4324	4 
4325	24 
4326	47 
4327	94 
4328	93 
4329	93 
4330	28 
4331	30 
4332	85 
4333	95 
4334	67 
4335	79 
4336	86 
4337	57 
4338	32 
4339	20 
4340	57 
4341	43 
4342	43 
4343	69 
4344	69 
4345	8 
4346	36 
4347	38 
4348	25 
4349	14 
4350	99 
4351	67 
4352	90 
4353	62 
4354	35 
4355	55 
4356	22 
4357	69 
4358	8 
4359	87 
4360	31 
4361	40 
4362	67 
4363	57 
4364	22 
4365	4 
4366	48 
4367	31 
4368	40 
4369	47 
4370	6 
4371	43 
4372	91 
4373	81 
4374	61 
4375	6 
4376	25 
4377	33 
4378	25 
4379	45 
4380	21 
4381	70 
4382	39 
4383	50 
4384	26 
4385	55 
4386	31 
4387	59 
4388	25 
4389	21 
4390	99 
4391	31 
4392	98 
4393	81 
4394	67 
4395	6 
4396	6 
4397	65 
4398	90 
4399	78 
4400	95 
4401	91 
4402	104 
4403	70 
4404	55 
4405	5 
4406	21 
4407	17 
4408	40 
4409	79 
4410	22 
4411	55 
4412	46 
4413	102 
4414	35 
4415	77 
4416	10 
4417	25 
4418	47 
4419	66 
4420	99 
4421	41 
4422	70 
4423	102 
4424	67 
4425	70 
4426	2 
4427	30 
4428	86 
4429	43 
4430	85 
4431	85 
4432	103 
4433	17 
4434	85 
4435	39 
4436	55 
4437	80 
4438	55 
4439	58 
4440	104 
4441	25 
4442	11 
4443	92 
4444	55 
4445	80 
4446	75 
4447	43 
4448	57 
4449	46 
4450	52 
4451	31 
4452	33 
4453	51 
4454	33 
4455	93 
4456	30 
4457	53 
4458	72 
4459	50 
4460	75 
4461	70 
4462	54 
4463	90 
4464	99 
4465	10 
4466	18 
4467	86 
4468	66 
4469	85 
4470	86 
4471	5 
4472	99 
4473	86 
4474	46 
4475	50 
4476	24 
4477	104 
4478	98 
4479	101 
4480	58 
4481	99 
4482	98 
4483	43 
4484	79 
4485	38 
4486	57 
4487	52 
4488	25 
4489	98 
4490	6 
4491	33 
4492	104 
4493	32 
4494	30 
4495	30 
4496	91 
4497	93 
4498	80 
4499	6 
4500	36 
4501	46 
4502	8 
4503	44 
4504	33 
4505	41 
4506	93 
4507	100 
4508	43 
4509	51 
4510	80 
4511	2 
4512	82 
4513	24 
4514	4 
4515	4 
4516	85 
4517	39 
4518	75 
4519	36 
4520	40 
4521	18 
4522	100 
4523	10 
4524	32 
4525	32 
4526	61 
4527	64 
4528	89 
4529	65 
4530	28 
4531	10 
4532	32 
4533	43 
4534	32 
4535	53 
4536	101 
4537	36 
4538	50 
4539	103 
4540	104 
4541	52 
4542	65 
4543	98 
4544	37 
4545	36 
4546	86 
4547	44 
4548	101 
4549	4 
4550	18 
4551	78 
4552	41 
4553	99 
4554	57 
4555	75 
4556	33 
4557	100 
4558	43 
4559	14 
4560	81 
4561	38 
4562	101 
4563	50 
4564	54 
4565	36 
4566	99 
4567	102 
4568	75 
4569	15 
4570	32 
4571	58 
4572	104 
4573	32 
4574	93 
4575	100 
4576	10 
4577	11 
4578	43 
4579	87 
4580	35 
4581	57 
4582	1 
4583	90 
4584	81 
4585	41 
4586	51 
4587	52 
4588	55 
4589	41 
4590	10 
4591	100 
4592	104 
4593	15 
4594	98 
4595	85 
4596	65 
4597	89 
4598	43 
4599	102 
4600	51 
4601	11 
4602	78 
4603	64 
4604	81 
4605	67 
4606	100 
4607	77 
4608	25 
4609	81 
4610	4 
4611	2 
4612	11 
4613	85 
4614	67 
4615	85 
4616	40 
4617	71 
4618	53 
4619	87 
4620	43 
4621	50 
4622	77 
4623	57 
4624	100 
4625	5 
4626	24 
4627	32 
4628	36 
4629	86 
4630	28 
4631	30 
4632	80 
4633	28 
4634	39 
4635	52 
4636	101 
4637	69 
4638	6 
4639	82 
4640	75 
4641	30 
4642	54 
4643	50 
4644	78 
4645	33 
4646	77 
4647	79 
4648	86 
4649	85 
4650	64 
4651	52 
4652	30 
4653	5 
4654	55 
4655	41 
4656	50 
4657	54 
4658	41 
4659	8 
4660	86 
4661	17 
4662	28 
4663	37 
4664	43 
4665	30 
4666	80 
4667	79 
4668	57 
4669	20 
4670	91 
4671	50 
4672	39 
4673	64 
4674	22 
4675	82 
4676	87 
4677	31 
4678	64 
4679	67 
4680	55 
4681	104 
4682	39 
4683	99 
4684	35 
4685	104 
4686	90 
4687	52 
4688	104 
4689	4 
4690	46 
4691	31 
4692	32 
4693	104 
4694	25 
4695	86 
4696	6 
4697	54 
4698	87 
4699	82 
4700	47 
4701	91 
4702	40 
4703	75 
4704	32 
4705	43 
4706	58 
4707	78 
4708	86 
4709	93 
4710	56 
4711	36 
4712	58 
4713	25 
4714	43 
4715	41 
4716	67 
4717	79 
4718	8 
4719	32 
4720	47 
4721	38 
4722	57 
4723	87 
4724	46 
4725	78 
4726	50 
4727	4 
4728	79 
4729	46 
4730	56 
4731	38 
4732	40 
4733	82 
4734	64 
4735	46 
4736	18 
4737	65 
4738	86 
4739	75 
4740	17 
4741	67 
4742	98 
4743	28 
4744	32 
4745	37 
4746	36 
4747	22 
4748	21 
4749	1 
4750	5 
4751	8 
4752	86 
4753	57 
4754	50 
4755	89 
4756	41 
4757	86 
4758	90 
4759	37 
4760	8 
4761	33 
4762	6 
4763	32 
4764	50 
4765	30 
4766	58 
4767	46 
4768	99 
4769	78 
4770	71 
4771	93 
4772	36 
4773	22 
4774	22 
4775	6 
4776	99 
4777	22 
4778	36 
4779	67 
4780	52 
4781	86 
4782	35 
4783	87 
4784	104 
4785	33 
4786	80 
4787	85 
4788	41 
4789	98 
4790	56 
4791	50 
4792	47 
4793	64 
4794	79 
4795	67 
4796	78 
4797	46 
4798	75 
4799	43 
4800	50 
4801	67 
4802	4 
4803	46 
4804	100 
4805	53 
4806	78 
4807	89 
4808	4 
4809	82 
4810	38 
4811	81 
4812	25 
4813	90 
4814	100 
4815	30 
4816	98 
4817	18 
4818	38 
4819	47 
4820	104 
4821	8 
4822	65 
4823	99 
4824	38 
4825	99 
4826	22 
4827	21 
4828	28 
4829	100 
4830	33 
4831	65 
4832	52 
4833	98 
4834	79 
4835	86 
4836	57 
4837	104 
4838	85 
4839	39 
4840	93 
4841	36 
4842	71 
4843	99 
4844	93 
4845	36 
4846	25 
4847	32 
4848	43 
4849	77 
4850	22 
4851	28 
4852	11 
4853	37 
4854	98 
4855	46 
4856	6 
4857	36 
4858	79 
4859	28 
4860	36 
4861	50 
4862	93 
4863	99 
4864	77 
4865	58 
4866	4 
4867	33 
4868	36 
4869	52 
4870	52 
4871	80 
4872	11 
4873	31 
4874	100 
4875	38 
4876	58 
4877	18 
4878	25 
4879	86 
4880	31 
4881	52 
4882	46 
4883	64 
4884	57 
4885	52 
4886	11 
4887	28 
4888	41 
4889	21 
4890	43 
4891	43 
4892	31 
4893	57 
4894	50 
4895	58 
4896	30 
4897	80 
4898	85 
4899	99 
4900	82 
4901	50 
4902	64 
4903	32 
4904	65 
4905	36 
4906	57 
4907	57 
4908	41 
4909	33 
4910	47 
4911	6 
4912	52 
4913	11 
4914	32 
4915	41 
4916	28 
4917	64 
4918	64 
4919	78 
4920	36 
4921	100 
4922	64 
4923	36 
4924	100 
4925	50 
4926	93 
4927	5 
4928	79 
4929	31 
4930	36 
4931	82 
4932	57 
4933	86 
4934	30 
4935	31 
4936	25 
4937	79 
4938	65 
4939	5 
4940	86 
4941	86 
4942	31 
4943	11 
4944	41 
4945	6 
4946	52 
4947	99 
4948	21 
4949	32 
4950	18 
4951	5 
4952	4 
4953	99 
4954	41 
4955	46 
4956	36 
4957	18 
4958	52 
4959	99 
4960	65 
4961	57 
4962	31 
4963	31 
4964	43 
4965	79 
4966	6 
4967	25 
4968	32 
4969	65 
4970	65 
4971	78 
4972	4 
4973	52 
4974	30 
4975	57 
4976	65 
4977	4 
4978	31 
4979	64 
4980	100 
4981	36 
4982	32 
4983	99 
4984	46 
4985	93 
4986	6 
4987	4 
4988	30 
4989	36 
4990	4 
4991	25 
4992	99 
4993	78 
4994	36 
4995	33 
4996	65 
4997	36 
4998	52 
4999	33 
5000	50 
