1	98 
2	64 
3	76 
4	97 
5	6 
6	60 
7	34 
8	46 
9	25 
10	7 
11	59 
12	10 
13	68 
14	71 
15	5 
16	75 
17	32 
18	38 
19	68 
20	54 
21	49 
22	59 
23	80 
24	71 
25	33 
26	75 
27	3 
28	35 
29	70 
30	83 
31	46 
32	67 
33	34 
34	57 
35	9 
36	44 
37	34 
38	90 
39	66 
40	84 
41	77 
42	16 
43	55 
44	29 
45	26 
46	54 
47	5 
48	25 
49	10 
50	18 
51	81 
52	75 
53	96 
54	95 
55	76 
56	89 
57	34 
58	75 
59	7 
60	85 
61	33 
62	58 
63	36 
64	67 
65	22 
66	7 
67	31 
68	16 
69	20 
70	19 
71	2 
72	4 
73	96 
74	91 
75	1 
76	85 
77	95 
78	63 
79	38 
80	54 
81	75 
82	54 
83	16 
84	5 
85	7 
86	21 
87	10 
88	18 
89	11 
90	80 
91	13 
92	58 
93	40 
94	6 
95	34 
96	4 
97	7 
98	19 
99	22 
100	5 
101	87 
102	23 
103	73 
104	1 
105	73 
106	73 
107	84 
108	60 
109	75 
110	66 
111	7 
112	82 
113	28 
114	77 
115	8 
116	38 
117	49 
118	12 
119	10 
120	69 
121	78 
122	10 
123	35 
124	69 
125	79 
126	69 
127	8 
128	76 
129	92 
130	28 
131	67 
132	79 
133	88 
134	83 
135	71 
136	77 
137	85 
138	49 
139	4 
140	36 
141	21 
142	6 
143	53 
144	78 
145	31 
146	67 
147	11 
148	6 
149	38 
150	29 
151	58 
152	33 
153	7 
154	99 
155	5 
156	67 
157	92 
158	25 
159	2 
160	2 
161	72 
162	74 
163	18 
164	30 
165	20 
166	84 
167	71 
168	5 
169	42 
170	49 
171	1 
172	21 
173	16 
174	15 
175	54 
176	88 
177	50 
178	91 
179	79 
180	88 
181	36 
182	1 
183	48 
184	76 
185	1 
186	33 
187	51 
188	48 
189	83 
190	67 
191	91 
192	44 
193	76 
194	95 
195	42 
196	82 
197	45 
198	51 
199	10 
200	4 
201	27 
202	75 
203	66 
204	54 
205	87 
206	93 
207	60 
208	67 
209	54 
210	45 
211	62 
212	49 
213	72 
214	52 
215	54 
216	17 
217	50 
218	83 
219	49 
220	28 
221	44 
222	4 
223	80 
224	4 
225	18 
226	91 
227	25 
228	61 
229	21 
230	17 
231	31 
232	8 
233	25 
234	36 
235	51 
236	79 
237	16 
238	52 
239	49 
240	18 
241	86 
242	4 
243	40 
244	77 
245	97 
246	96 
247	13 
248	97 
249	32 
250	73 
251	20 
252	26 
253	37 
254	4 
255	9 
256	96 
257	25 
258	72 
259	69 
260	52 
261	69 
262	77 
263	56 
264	67 
265	51 
266	77 
267	53 
268	89 
269	78 
270	93 
271	94 
272	77 
273	71 
274	58 
275	25 
276	4 
277	87 
278	83 
279	53 
280	10 
281	67 
282	91 
283	59 
284	68 
285	94 
286	69 
287	2 
288	39 
289	10 
290	98 
291	56 
292	32 
293	34 
294	73 
295	49 
296	85 
297	92 
298	10 
299	9 
300	65 
301	7 
302	81 
303	94 
304	1 
305	75 
306	86 
307	60 
308	93 
309	28 
310	91 
311	64 
312	53 
313	68 
314	79 
315	21 
316	14 
317	68 
318	21 
319	6 
320	4 
321	55 
322	19 
323	42 
324	38 
325	44 
326	72 
327	8 
328	73 
329	38 
330	30 
331	36 
332	51 
333	68 
334	8 
335	76 
336	84 
337	97 
338	23 
339	10 
340	69 
341	78 
342	70 
343	21 
344	60 
345	81 
346	38 
347	58 
348	65 
349	18 
350	71 
351	9 
352	51 
353	57 
354	3 
355	2 
356	67 
357	18 
358	16 
359	59 
360	16 
361	31 
362	79 
363	80 
364	78 
365	64 
366	98 
367	63 
368	6 
369	52 
370	96 
371	87 
372	59 
373	70 
374	87 
375	79 
376	1 
377	97 
378	49 
379	69 
380	77 
381	59 
382	38 
383	16 
384	40 
385	19 
386	2 
387	97 
388	21 
389	5 
390	72 
391	41 
392	91 
393	21 
394	87 
395	33 
396	1 
397	20 
398	25 
399	28 
400	82 
401	27 
402	36 
403	4 
404	70 
405	54 
406	18 
407	15 
408	23 
409	86 
410	33 
411	4 
412	72 
413	63 
414	72 
415	82 
416	69 
417	41 
418	14 
419	33 
420	99 
421	71 
422	85 
423	76 
424	49 
425	29 
426	64 
427	84 
428	4 
429	59 
430	87 
431	43 
432	97 
433	81 
434	15 
435	56 
436	40 
437	33 
438	40 
439	71 
440	9 
441	87 
442	11 
443	3 
444	71 
445	88 
446	10 
447	33 
448	77 
449	8 
450	14 
451	82 
452	10 
453	23 
454	79 
455	69 
456	15 
457	26 
458	19 
459	54 
460	79 
461	67 
462	38 
463	71 
464	73 
465	6 
466	18 
467	1 
468	79 
469	56 
470	33 
471	83 
472	44 
473	47 
474	30 
475	6 
476	10 
477	79 
478	59 
479	49 
480	23 
481	72 
482	1 
483	85 
484	44 
485	6 
486	30 
487	18 
488	6 
489	39 
490	97 
491	69 
492	6 
493	12 
494	49 
495	63 
496	83 
497	21 
498	6 
499	6 
500	4 
501	29 
502	51 
503	6 
504	1 
505	21 
506	50 
507	44 
508	79 
509	84 
510	96 
511	14 
512	69 
513	25 
514	98 
515	72 
516	93 
517	82 
518	1 
519	85 
520	28 
521	44 
522	34 
523	79 
524	30 
525	4 
526	67 
527	87 
528	10 
529	10 
530	1 
531	4 
532	25 
533	21 
534	81 
535	58 
536	63 
537	79 
538	79 
539	82 
540	10 
541	77 
542	59 
543	44 
544	96 
545	58 
546	21 
547	6 
548	54 
549	32 
550	22 
551	23 
552	83 
553	87 
554	48 
555	85 
556	33 
557	44 
558	69 
559	80 
560	91 
561	72 
562	12 
563	97 
564	69 
565	36 
566	38 
567	43 
568	18 
569	60 
570	30 
571	33 
572	22 
573	60 
574	27 
575	40 
576	15 
577	21 
578	44 
579	71 
580	83 
581	51 
582	69 
583	44 
584	23 
585	28 
586	44 
587	56 
588	86 
589	75 
590	10 
591	55 
592	59 
593	16 
594	81 
595	75 
596	59 
597	85 
598	90 
599	89 
600	93 
601	83 
602	33 
603	24 
604	34 
605	79 
606	6 
607	2 
608	28 
609	44 
610	21 
611	21 
612	6 
613	10 
614	69 
615	85 
616	69 
617	47 
618	25 
619	54 
620	67 
621	31 
622	6 
623	97 
624	40 
625	53 
626	18 
627	6 
628	16 
629	7 
630	67 
631	38 
632	4 
633	83 
634	75 
635	52 
636	10 
637	1 
638	18 
639	82 
640	72 
641	36 
642	38 
643	70 
644	63 
645	87 
646	90 
647	21 
648	96 
649	5 
650	4 
651	34 
652	80 
653	87 
654	5 
655	75 
656	97 
657	27 
658	80 
659	14 
660	36 
661	46 
662	79 
663	23 
664	73 
665	81 
666	32 
667	33 
668	40 
669	92 
670	9 
671	77 
672	94 
673	59 
674	71 
675	69 
676	26 
677	23 
678	4 
679	72 
680	79 
681	81 
682	40 
683	6 
684	9 
685	83 
686	44 
687	68 
688	23 
689	85 
690	50 
691	56 
692	38 
693	41 
694	2 
695	1 
696	33 
697	91 
698	58 
699	21 
700	25 
701	75 
702	15 
703	97 
704	12 
705	37 
706	61 
707	34 
708	52 
709	28 
710	36 
711	9 
712	47 
713	21 
714	35 
715	1 
716	9 
717	58 
718	67 
719	60 
720	31 
721	3 
722	81 
723	79 
724	10 
725	78 
726	68 
727	8 
728	84 
729	91 
730	50 
731	66 
732	95 
733	73 
734	1 
735	94 
736	2 
737	66 
738	2 
739	10 
740	10 
741	52 
742	11 
743	75 
744	9 
745	91 
746	59 
747	49 
748	95 
749	23 
750	16 
751	79 
752	40 
753	15 
754	16 
755	85 
756	60 
757	34 
758	7 
759	25 
760	75 
761	36 
762	54 
763	43 
764	54 
765	58 
766	2 
767	99 
768	55 
769	4 
770	29 
771	20 
772	80 
773	88 
774	77 
775	88 
776	32 
777	57 
778	73 
779	52 
780	86 
781	41 
782	48 
783	27 
784	29 
785	11 
786	36 
787	29 
788	80 
789	9 
790	30 
791	78 
792	26 
793	8 
794	69 
795	45 
796	28 
797	58 
798	72 
799	21 
800	59 
801	84 
802	14 
803	45 
804	85 
805	28 
806	58 
807	6 
808	12 
809	6 
810	38 
811	34 
812	26 
813	94 
814	4 
815	62 
816	72 
817	23 
818	60 
819	41 
820	70 
821	72 
822	79 
823	30 
824	38 
825	91 
826	42 
827	77 
828	2 
829	85 
830	72 
831	21 
832	48 
833	8 
834	75 
835	13 
836	40 
837	25 
838	91 
839	27 
840	60 
841	35 
842	75 
843	46 
844	67 
845	91 
846	95 
847	34 
848	24 
849	49 
850	1 
851	2 
852	58 
853	6 
854	76 
855	17 
856	69 
857	49 
858	79 
859	99 
860	93 
861	2 
862	40 
863	16 
864	17 
865	1 
866	26 
867	10 
868	36 
869	41 
870	76 
871	38 
872	58 
873	27 
874	21 
875	69 
876	7 
877	17 
878	75 
879	52 
880	89 
881	34 
882	76 
883	49 
884	27 
885	2 
886	49 
887	19 
888	48 
889	5 
890	34 
891	90 
892	27 
893	75 
894	82 
895	59 
896	90 
897	72 
898	60 
899	36 
900	58 
901	10 
902	67 
903	59 
904	46 
905	68 
906	30 
907	16 
908	92 
909	27 
910	69 
911	4 
912	63 
913	90 
914	16 
915	18 
916	69 
917	75 
918	23 
919	77 
920	59 
921	61 
922	56 
923	45 
924	68 
925	38 
926	67 
927	35 
928	61 
929	1 
930	49 
931	61 
932	4 
933	39 
934	88 
935	71 
936	31 
937	14 
938	8 
939	79 
940	36 
941	41 
942	78 
943	1 
944	49 
945	19 
946	72 
947	7 
948	38 
949	27 
950	47 
951	87 
952	34 
953	51 
954	93 
955	67 
956	2 
957	49 
958	22 
959	84 
960	69 
961	69 
962	27 
963	94 
964	31 
965	72 
966	44 
967	91 
968	83 
969	86 
970	21 
971	56 
972	1 
973	72 
974	10 
975	9 
976	7 
977	23 
978	71 
979	54 
980	86 
981	25 
982	38 
983	6 
984	88 
985	56 
986	92 
987	44 
988	61 
989	6 
990	10 
991	69 
992	49 
993	61 
994	17 
995	71 
996	89 
997	29 
998	69 
999	72 
1000	90 
1001	81 
1002	48 
1003	13 
1004	85 
1005	27 
1006	23 
1007	40 
1008	91 
1009	23 
1010	4 
1011	49 
1012	77 
1013	6 
1014	27 
1015	28 
1016	94 
1017	26 
1018	7 
1019	7 
1020	29 
1021	18 
1022	55 
1023	94 
1024	23 
1025	57 
1026	91 
1027	83 
1028	70 
1029	23 
1030	76 
1031	95 
1032	16 
1033	31 
1034	13 
1035	67 
1036	17 
1037	21 
1038	52 
1039	58 
1040	81 
1041	57 
1042	69 
1043	9 
1044	79 
1045	88 
1046	69 
1047	64 
1048	5 
1049	83 
1050	4 
1051	70 
1052	73 
1053	60 
1054	23 
1055	50 
1056	79 
1057	86 
1058	5 
1059	60 
1060	43 
1061	73 
1062	81 
1063	80 
1064	47 
1065	24 
1066	60 
1067	54 
1068	2 
1069	57 
1070	93 
1071	64 
1072	91 
1073	22 
1074	78 
1075	96 
1076	73 
1077	12 
1078	35 
1079	84 
1080	38 
1081	16 
1082	69 
1083	89 
1084	33 
1085	96 
1086	7 
1087	24 
1088	49 
1089	88 
1090	54 
1091	89 
1092	69 
1093	83 
1094	38 
1095	42 
1096	23 
1097	6 
1098	45 
1099	35 
1100	63 
1101	69 
1102	7 
1103	41 
1104	14 
1105	81 
1106	60 
1107	60 
1108	72 
1109	38 
1110	92 
1111	91 
1112	73 
1113	51 
1114	54 
1115	57 
1116	33 
1117	29 
1118	78 
1119	79 
1120	63 
1121	58 
1122	1 
1123	66 
1124	97 
1125	69 
1126	97 
1127	55 
1128	32 
1129	96 
1130	60 
1131	48 
1132	54 
1133	23 
1134	49 
1135	36 
1136	16 
1137	86 
1138	2 
1139	81 
1140	24 
1141	32 
1142	90 
1143	14 
1144	21 
1145	8 
1146	10 
1147	12 
1148	27 
1149	81 
1150	69 
1151	33 
1152	87 
1153	40 
1154	46 
1155	60 
1156	52 
1157	85 
1158	4 
1159	43 
1160	2 
1161	67 
1162	54 
1163	3 
1164	62 
1165	54 
1166	75 
1167	70 
1168	5 
1169	70 
1170	30 
1171	31 
1172	15 
1173	95 
1174	25 
1175	19 
1176	69 
1177	24 
1178	18 
1179	72 
1180	49 
1181	23 
1182	79 
1183	5 
1184	26 
1185	32 
1186	75 
1187	33 
1188	85 
1189	2 
1190	10 
1191	40 
1192	21 
1193	83 
1194	34 
1195	57 
1196	66 
1197	7 
1198	7 
1199	8 
1200	27 
1201	82 
1202	19 
1203	59 
1204	42 
1205	37 
1206	2 
1207	99 
1208	38 
1209	93 
1210	25 
1211	59 
1212	29 
1213	16 
1214	16 
1215	11 
1216	26 
1217	60 
1218	38 
1219	45 
1220	84 
1221	35 
1222	41 
1223	87 
1224	51 
1225	28 
1226	63 
1227	22 
1228	59 
1229	40 
1230	38 
1231	58 
1232	72 
1233	88 
1234	17 
1235	25 
1236	65 
1237	23 
1238	8 
1239	94 
1240	10 
1241	25 
1242	45 
1243	58 
1244	16 
1245	59 
1246	93 
1247	89 
1248	75 
1249	14 
1250	65 
1251	75 
1252	21 
1253	16 
1254	84 
1255	70 
1256	18 
1257	2 
1258	86 
1259	4 
1260	73 
1261	73 
1262	8 
1263	5 
1264	36 
1265	9 
1266	28 
1267	71 
1268	23 
1269	37 
1270	63 
1271	75 
1272	45 
1273	11 
1274	9 
1275	25 
1276	16 
1277	40 
1278	70 
1279	75 
1280	8 
1281	41 
1282	66 
1283	68 
1284	25 
1285	65 
1286	2 
1287	76 
1288	69 
1289	60 
1290	69 
1291	42 
1292	3 
1293	6 
1294	37 
1295	18 
1296	87 
1297	70 
1298	85 
1299	87 
1300	77 
1301	83 
1302	18 
1303	5 
1304	83 
1305	58 
1306	66 
1307	1 
1308	64 
1309	12 
1310	69 
1311	55 
1312	72 
1313	79 
1314	18 
1315	67 
1316	33 
1317	39 
1318	12 
1319	76 
1320	49 
1321	47 
1322	50 
1323	97 
1324	2 
1325	72 
1326	50 
1327	79 
1328	12 
1329	79 
1330	91 
1331	75 
1332	28 
1333	25 
1334	90 
1335	58 
1336	6 
1337	9 
1338	86 
1339	23 
1340	44 
1341	63 
1342	99 
1343	44 
1344	70 
1345	27 
1346	16 
1347	89 
1348	72 
1349	38 
1350	80 
1351	47 
1352	47 
1353	91 
1354	21 
1355	16 
1356	13 
1357	41 
1358	9 
1359	36 
1360	88 
1361	49 
1362	3 
1363	3 
1364	70 
1365	13 
1366	66 
1367	42 
1368	72 
1369	8 
1370	48 
1371	6 
1372	6 
1373	31 
1374	8 
1375	67 
1376	22 
1377	57 
1378	1 
1379	13 
1380	53 
1381	51 
1382	31 
1383	96 
1384	88 
1385	83 
1386	26 
1387	28 
1388	9 
1389	50 
1390	58 
1391	13 
1392	92 
1393	44 
1394	4 
1395	87 
1396	88 
1397	13 
1398	23 
1399	40 
1400	71 
1401	16 
1402	8 
1403	23 
1404	23 
1405	26 
1406	71 
1407	5 
1408	45 
1409	51 
1410	58 
1411	93 
1412	16 
1413	51 
1414	67 
1415	79 
1416	89 
1417	54 
1418	71 
1419	81 
1420	37 
1421	61 
1422	71 
1423	88 
1424	16 
1425	33 
1426	87 
1427	75 
1428	42 
1429	36 
1430	85 
1431	41 
1432	51 
1433	76 
1434	21 
1435	95 
1436	88 
1437	23 
1438	78 
1439	69 
1440	1 
1441	18 
1442	33 
1443	60 
1444	33 
1445	38 
1446	4 
1447	51 
1448	10 
1449	34 
1450	73 
1451	37 
1452	28 
1453	20 
1454	25 
1455	45 
1456	16 
1457	93 
1458	6 
1459	33 
1460	93 
1461	26 
1462	49 
1463	6 
1464	59 
1465	24 
1466	58 
1467	1 
1468	61 
1469	80 
1470	54 
1471	8 
1472	25 
1473	16 
1474	8 
1475	54 
1476	33 
1477	6 
1478	49 
1479	85 
1480	31 
1481	4 
1482	92 
1483	58 
1484	47 
1485	71 
1486	26 
1487	69 
1488	25 
1489	70 
1490	97 
1491	70 
1492	12 
1493	43 
1494	52 
1495	29 
1496	79 
1497	93 
1498	87 
1499	72 
1500	40 
1501	40 
1502	70 
1503	33 
1504	81 
1505	73 
1506	60 
1507	19 
1508	99 
1509	22 
1510	34 
1511	91 
1512	74 
1513	90 
1514	23 
1515	56 
1516	56 
1517	1 
1518	21 
1519	4 
1520	91 
1521	58 
1522	75 
1523	58 
1524	27 
1525	29 
1526	25 
1527	27 
1528	95 
1529	11 
1530	77 
1531	32 
1532	65 
1533	69 
1534	18 
1535	89 
1536	83 
1537	50 
1538	4 
1539	34 
1540	1 
1541	41 
1542	53 
1543	99 
1544	44 
1545	5 
1546	54 
1547	89 
1548	94 
1549	75 
1550	16 
1551	67 
1552	73 
1553	16 
1554	98 
1555	72 
1556	41 
1557	40 
1558	67 
1559	18 
1560	72 
1561	48 
1562	97 
1563	58 
1564	68 
1565	89 
1566	58 
1567	18 
1568	21 
1569	20 
1570	53 
1571	12 
1572	12 
1573	4 
1574	52 
1575	18 
1576	4 
1577	48 
1578	84 
1579	88 
1580	44 
1581	93 
1582	23 
1583	54 
1584	33 
1585	51 
1586	29 
1587	45 
1588	9 
1589	85 
1590	66 
1591	87 
1592	4 
1593	66 
1594	58 
1595	21 
1596	16 
1597	54 
1598	6 
1599	89 
1600	60 
1601	1 
1602	77 
1603	22 
1604	22 
1605	15 
1606	6 
1607	99 
1608	75 
1609	86 
1610	85 
1611	60 
1612	26 
1613	53 
1614	16 
1615	40 
1616	69 
1617	21 
1618	92 
1619	33 
1620	93 
1621	43 
1622	30 
1623	44 
1624	6 
1625	88 
1626	9 
1627	49 
1628	9 
1629	89 
1630	38 
1631	9 
1632	72 
1633	87 
1634	55 
1635	58 
1636	9 
1637	70 
1638	31 
1639	88 
1640	97 
1641	11 
1642	98 
1643	52 
1644	1 
1645	28 
1646	5 
1647	85 
1648	50 
1649	80 
1650	60 
1651	58 
1652	8 
1653	9 
1654	69 
1655	54 
1656	18 
1657	12 
1658	10 
1659	49 
1660	63 
1661	25 
1662	54 
1663	2 
1664	79 
1665	44 
1666	81 
1667	10 
1668	83 
1669	50 
1670	56 
1671	49 
1672	59 
1673	68 
1674	60 
1675	5 
1676	77 
1677	95 
1678	67 
1679	41 
1680	7 
1681	22 
1682	1 
1683	12 
1684	74 
1685	57 
1686	54 
1687	59 
1688	3 
1689	52 
1690	49 
1691	89 
1692	83 
1693	21 
1694	22 
1695	10 
1696	37 
1697	57 
1698	52 
1699	99 
1700	83 
1701	23 
1702	7 
1703	7 
1704	53 
1705	27 
1706	59 
1707	88 
1708	76 
1709	18 
1710	68 
1711	87 
1712	97 
1713	44 
1714	23 
1715	79 
1716	94 
1717	18 
1718	26 
1719	29 
1720	69 
1721	74 
1722	85 
1723	55 
1724	81 
1725	25 
1726	75 
1727	89 
1728	19 
1729	20 
1730	69 
1731	34 
1732	77 
1733	17 
1734	8 
1735	10 
1736	4 
1737	79 
1738	71 
1739	81 
1740	1 
1741	66 
1742	28 
1743	48 
1744	27 
1745	44 
1746	67 
1747	72 
1748	3 
1749	79 
1750	51 
1751	35 
1752	31 
1753	18 
1754	21 
1755	47 
1756	25 
1757	2 
1758	77 
1759	67 
1760	37 
1761	86 
1762	75 
1763	91 
1764	86 
1765	19 
1766	36 
1767	12 
1768	30 
1769	72 
1770	18 
1771	10 
1772	80 
1773	73 
1774	1 
1775	89 
1776	28 
1777	60 
1778	40 
1779	85 
1780	9 
1781	83 
1782	23 
1783	30 
1784	59 
1785	47 
1786	26 
1787	71 
1788	64 
1789	97 
1790	43 
1791	67 
1792	60 
1793	17 
1794	1 
1795	21 
1796	18 
1797	52 
1798	26 
1799	48 
1800	99 
1801	33 
1802	75 
1803	38 
1804	62 
1805	78 
1806	23 
1807	88 
1808	19 
1809	23 
1810	62 
1811	89 
1812	28 
1813	2 
1814	91 
1815	47 
1816	70 
1817	98 
1818	54 
1819	14 
1820	76 
1821	59 
1822	13 
1823	20 
1824	12 
1825	97 
1826	97 
1827	15 
1828	94 
1829	72 
1830	38 
1831	38 
1832	81 
1833	18 
1834	69 
1835	19 
1836	70 
1837	47 
1838	61 
1839	83 
1840	67 
1841	27 
1842	15 
1843	18 
1844	98 
1845	54 
1846	49 
1847	73 
1848	60 
1849	84 
1850	67 
1851	65 
1852	18 
1853	64 
1854	25 
1855	96 
1856	71 
1857	59 
1858	39 
1859	2 
1860	2 
1861	38 
1862	15 
1863	70 
1864	70 
1865	52 
1866	10 
1867	7 
1868	36 
1869	90 
1870	34 
1871	6 
1872	41 
1873	47 
1874	12 
1875	58 
1876	39 
1877	67 
1878	15 
1879	60 
1880	34 
1881	38 
1882	59 
1883	90 
1884	37 
1885	69 
1886	5 
1887	12 
1888	75 
1889	70 
1890	73 
1891	7 
1892	44 
1893	8 
1894	64 
1895	83 
1896	41 
1897	60 
1898	23 
1899	44 
1900	73 
1901	97 
1902	58 
1903	5 
1904	35 
1905	25 
1906	10 
1907	82 
1908	13 
1909	2 
1910	44 
1911	35 
1912	80 
1913	78 
1914	7 
1915	20 
1916	15 
1917	50 
1918	21 
1919	28 
1920	36 
1921	40 
1922	14 
1923	34 
1924	92 
1925	97 
1926	83 
1927	23 
1928	36 
1929	9 
1930	57 
1931	7 
1932	47 
1933	50 
1934	84 
1935	58 
1936	28 
1937	25 
1938	26 
1939	50 
1940	51 
1941	80 
1942	53 
1943	8 
1944	54 
1945	54 
1946	73 
1947	22 
1948	23 
1949	6 
1950	72 
1951	47 
1952	97 
1953	29 
1954	16 
1955	49 
1956	84 
1957	62 
1958	83 
1959	37 
1960	79 
1961	31 
1962	23 
1963	46 
1964	69 
1965	38 
1966	21 
1967	99 
1968	79 
1969	63 
1970	79 
1971	58 
1972	70 
1973	85 
1974	86 
1975	16 
1976	40 
1977	23 
1978	53 
1979	47 
1980	34 
1981	64 
1982	87 
1983	44 
1984	38 
1985	95 
1986	23 
1987	48 
1988	4 
1989	68 
1990	25 
1991	40 
1992	96 
1993	38 
1994	84 
1995	73 
1996	85 
1997	87 
1998	55 
1999	21 
2000	50 
2001	60 
2002	49 
2003	35 
2004	5 
2005	28 
2006	14 
2007	40 
2008	51 
2009	34 
2010	59 
2011	45 
2012	84 
2013	72 
2014	50 
2015	23 
2016	68 
2017	60 
2018	44 
2019	33 
2020	20 
2021	54 
2022	77 
2023	38 
2024	10 
2025	66 
2026	73 
2027	97 
2028	97 
2029	43 
2030	21 
2031	86 
2032	36 
2033	84 
2034	6 
2035	47 
2036	46 
2037	71 
2038	24 
2039	27 
2040	59 
2041	21 
2042	49 
2043	11 
2044	65 
2045	18 
2046	69 
2047	70 
2048	47 
2049	4 
2050	93 
2051	87 
2052	34 
2053	28 
2054	24 
2055	5 
2056	27 
2057	3 
2058	94 
2059	67 
2060	41 
2061	28 
2062	49 
2063	44 
2064	41 
2065	33 
2066	51 
2067	61 
2068	55 
2069	10 
2070	6 
2071	63 
2072	47 
2073	16 
2074	6 
2075	79 
2076	49 
2077	27 
2078	78 
2079	81 
2080	38 
2081	94 
2082	1 
2083	88 
2084	59 
2085	14 
2086	80 
2087	62 
2088	60 
2089	89 
2090	81 
2091	85 
2092	28 
2093	6 
2094	33 
2095	33 
2096	21 
2097	5 
2098	72 
2099	33 
2100	58 
2101	59 
2102	36 
2103	68 
2104	36 
2105	89 
2106	16 
2107	69 
2108	77 
2109	15 
2110	67 
2111	19 
2112	19 
2113	30 
2114	36 
2115	34 
2116	16 
2117	87 
2118	57 
2119	59 
2120	10 
2121	92 
2122	40 
2123	17 
2124	10 
2125	38 
2126	14 
2127	52 
2128	78 
2129	51 
2130	18 
2131	41 
2132	42 
2133	42 
2134	5 
2135	40 
2136	63 
2137	83 
2138	50 
2139	4 
2140	1 
2141	41 
2142	52 
2143	59 
2144	25 
2145	18 
2146	23 
2147	37 
2148	25 
2149	43 
2150	5 
2151	42 
2152	6 
2153	61 
2154	69 
2155	67 
2156	25 
2157	23 
2158	85 
2159	3 
2160	55 
2161	5 
2162	50 
2163	7 
2164	70 
2165	47 
2166	50 
2167	71 
2168	69 
2169	11 
2170	23 
2171	6 
2172	16 
2173	65 
2174	7 
2175	74 
2176	13 
2177	18 
2178	69 
2179	81 
2180	42 
2181	36 
2182	83 
2183	25 
2184	89 
2185	12 
2186	78 
2187	4 
2188	42 
2189	20 
2190	54 
2191	49 
2192	33 
2193	38 
2194	84 
2195	62 
2196	95 
2197	13 
2198	93 
2199	57 
2200	34 
2201	54 
2202	39 
2203	47 
2204	23 
2205	16 
2206	1 
2207	32 
2208	80 
2209	2 
2210	4 
2211	43 
2212	4 
2213	58 
2214	44 
2215	6 
2216	82 
2217	58 
2218	36 
2219	79 
2220	20 
2221	29 
2222	40 
2223	79 
2224	80 
2225	81 
2226	27 
2227	89 
2228	77 
2229	93 
2230	76 
2231	73 
2232	87 
2233	27 
2234	27 
2235	6 
2236	53 
2237	9 
2238	28 
2239	53 
2240	58 
2241	77 
2242	91 
2243	4 
2244	33 
2245	4 
2246	72 
2247	40 
2248	29 
2249	65 
2250	27 
2251	47 
2252	64 
2253	67 
2254	50 
2255	33 
2256	61 
2257	85 
2258	80 
2259	21 
2260	87 
2261	41 
2262	1 
2263	5 
2264	61 
2265	79 
2266	4 
2267	10 
2268	4 
2269	71 
2270	60 
2271	44 
2272	82 
2273	68 
2274	22 
2275	5 
2276	68 
2277	23 
2278	18 
2279	37 
2280	45 
2281	6 
2282	56 
2283	3 
2284	18 
2285	24 
2286	5 
2287	25 
2288	26 
2289	51 
2290	44 
2291	72 
2292	48 
2293	27 
2294	73 
2295	7 
2296	21 
2297	58 
2298	41 
2299	16 
2300	52 
2301	6 
2302	67 
2303	60 
2304	8 
2305	33 
2306	91 
2307	53 
2308	73 
2309	94 
2310	41 
2311	33 
2312	97 
2313	63 
2314	69 
2315	38 
2316	23 
2317	59 
2318	42 
2319	29 
2320	54 
2321	21 
2322	91 
2323	1 
2324	85 
2325	79 
2326	43 
2327	83 
2328	36 
2329	58 
2330	21 
2331	5 
2332	99 
2333	49 
2334	26 
2335	54 
2336	28 
2337	58 
2338	56 
2339	49 
2340	8 
2341	76 
2342	31 
2343	69 
2344	60 
2345	87 
2346	3 
2347	37 
2348	99 
2349	44 
2350	47 
2351	65 
2352	70 
2353	58 
2354	8 
2355	45 
2356	68 
2357	52 
2358	71 
2359	22 
2360	4 
2361	77 
2362	28 
2363	92 
2364	15 
2365	7 
2366	34 
2367	72 
2368	68 
2369	5 
2370	20 
2371	23 
2372	49 
2373	77 
2374	33 
2375	4 
2376	21 
2377	65 
2378	69 
2379	70 
2380	49 
2381	43 
2382	17 
2383	23 
2384	16 
2385	14 
2386	87 
2387	33 
2388	74 
2389	42 
2390	1 
2391	65 
2392	45 
2393	1 
2394	33 
2395	85 
2396	32 
2397	35 
2398	58 
2399	35 
2400	88 
2401	58 
2402	68 
2403	39 
2404	25 
2405	71 
2406	16 
2407	96 
2408	8 
2409	24 
2410	49 
2411	39 
2412	24 
2413	25 
2414	6 
2415	7 
2416	4 
2417	18 
2418	46 
2419	17 
2420	8 
2421	18 
2422	65 
2423	6 
2424	9 
2425	47 
2426	81 
2427	97 
2428	73 
2429	91 
2430	67 
2431	66 
2432	25 
2433	54 
2434	68 
2435	79 
2436	25 
2437	42 
2438	64 
2439	44 
2440	97 
2441	77 
2442	2 
2443	60 
2444	76 
2445	25 
2446	44 
2447	94 
2448	1 
2449	1 
2450	8 
2451	78 
2452	85 
2453	16 
2454	45 
2455	2 
2456	75 
2457	42 
2458	68 
2459	27 
2460	25 
2461	4 
2462	66 
2463	29 
2464	5 
2465	59 
2466	4 
2467	60 
2468	12 
2469	37 
2470	30 
2471	27 
2472	28 
2473	25 
2474	69 
2475	66 
2476	2 
2477	13 
2478	15 
2479	76 
2480	60 
2481	30 
2482	49 
2483	8 
2484	33 
2485	87 
2486	88 
2487	18 
2488	38 
2489	87 
2490	92 
2491	25 
2492	86 
2493	78 
2494	58 
2495	27 
2496	33 
2497	44 
2498	33 
2499	11 
2500	22 
2501	80 
2502	84 
2503	76 
2504	50 
2505	2 
2506	84 
2507	18 
2508	86 
2509	5 
2510	21 
2511	73 
2512	87 
2513	99 
2514	38 
2515	45 
2516	59 
2517	34 
2518	77 
2519	96 
2520	89 
2521	36 
2522	19 
2523	41 
2524	59 
2525	68 
2526	71 
2527	10 
2528	34 
2529	36 
2530	97 
2531	85 
2532	91 
2533	76 
2534	76 
2535	18 
2536	44 
2537	9 
2538	18 
2539	21 
2540	59 
2541	2 
2542	94 
2543	62 
2544	40 
2545	54 
2546	89 
2547	8 
2548	71 
2549	25 
2550	42 
2551	69 
2552	7 
2553	17 
2554	29 
2555	96 
2556	65 
2557	61 
2558	11 
2559	66 
2560	78 
2561	6 
2562	49 
2563	5 
2564	87 
2565	86 
2566	59 
2567	95 
2568	70 
2569	42 
2570	40 
2571	72 
2572	89 
2573	47 
2574	52 
2575	86 
2576	69 
2577	21 
2578	17 
2579	23 
2580	13 
2581	49 
2582	18 
2583	60 
2584	69 
2585	60 
2586	41 
2587	97 
2588	51 
2589	69 
2590	4 
2591	65 
2592	62 
2593	9 
2594	23 
2595	10 
2596	26 
2597	94 
2598	23 
2599	72 
2600	18 
2601	3 
2602	70 
2603	71 
2604	99 
2605	72 
2606	40 
2607	25 
2608	58 
2609	87 
2610	33 
2611	33 
2612	21 
2613	49 
2614	67 
2615	97 
2616	2 
2617	75 
2618	60 
2619	23 
2620	88 
2621	70 
2622	97 
2623	67 
2624	58 
2625	4 
2626	98 
2627	23 
2628	44 
2629	77 
2630	58 
2631	91 
2632	16 
2633	76 
2634	43 
2635	55 
2636	48 
2637	29 
2638	8 
2639	6 
2640	81 
2641	28 
2642	41 
2643	8 
2644	6 
2645	72 
2646	56 
2647	72 
2648	60 
2649	30 
2650	62 
2651	54 
2652	85 
2653	10 
2654	30 
2655	4 
2656	82 
2657	9 
2658	84 
2659	28 
2660	91 
2661	79 
2662	16 
2663	92 
2664	34 
2665	33 
2666	12 
2667	91 
2668	28 
2669	67 
2670	36 
2671	96 
2672	72 
2673	85 
2674	79 
2675	51 
2676	39 
2677	35 
2678	34 
2679	34 
2680	79 
2681	28 
2682	81 
2683	9 
2684	85 
2685	37 
2686	66 
2687	38 
2688	86 
2689	41 
2690	44 
2691	5 
2692	52 
2693	7 
2694	5 
2695	4 
2696	19 
2697	97 
2698	18 
2699	10 
2700	35 
2701	34 
2702	70 
2703	88 
2704	40 
2705	67 
2706	22 
2707	6 
2708	38 
2709	8 
2710	38 
2711	5 
2712	7 
2713	44 
2714	40 
2715	5 
2716	83 
2717	37 
2718	51 
2719	44 
2720	61 
2721	42 
2722	28 
2723	49 
2724	90 
2725	6 
2726	59 
2727	99 
2728	32 
2729	40 
2730	38 
2731	71 
2732	5 
2733	54 
2734	50 
2735	83 
2736	6 
2737	69 
2738	1 
2739	78 
2740	28 
2741	86 
2742	71 
2743	10 
2744	87 
2745	47 
2746	33 
2747	66 
2748	67 
2749	53 
2750	73 
2751	79 
2752	86 
2753	97 
2754	28 
2755	97 
2756	65 
2757	89 
2758	45 
2759	21 
2760	59 
2761	52 
2762	94 
2763	26 
2764	14 
2765	66 
2766	62 
2767	59 
2768	9 
2769	18 
2770	34 
2771	98 
2772	23 
2773	40 
2774	31 
2775	40 
2776	45 
2777	80 
2778	80 
2779	81 
2780	65 
2781	21 
2782	68 
2783	49 
2784	1 
2785	4 
2786	2 
2787	5 
2788	4 
2789	78 
2790	41 
2791	10 
2792	69 
2793	90 
2794	68 
2795	36 
2796	14 
2797	8 
2798	44 
2799	19 
2800	60 
2801	96 
2802	41 
2803	28 
2804	62 
2805	89 
2806	36 
2807	79 
2808	31 
2809	24 
2810	70 
2811	85 
2812	16 
2813	12 
2814	76 
2815	88 
2816	95 
2817	92 
2818	37 
2819	60 
2820	70 
2821	2 
2822	97 
2823	9 
2824	52 
2825	53 
2826	44 
2827	35 
2828	13 
2829	6 
2830	85 
2831	21 
2832	98 
2833	83 
2834	12 
2835	81 
2836	21 
2837	81 
2838	75 
2839	18 
2840	67 
2841	13 
2842	97 
2843	24 
2844	2 
2845	20 
2846	76 
2847	75 
2848	59 
2849	25 
2850	62 
2851	12 
2852	69 
2853	98 
2854	59 
2855	90 
2856	41 
2857	99 
2858	67 
2859	17 
2860	88 
2861	30 
2862	92 
2863	4 
2864	41 
2865	23 
2866	73 
2867	4 
2868	4 
2869	49 
2870	21 
2871	43 
2872	71 
2873	6 
2874	2 
2875	58 
2876	94 
2877	29 
2878	63 
2879	2 
2880	12 
2881	58 
2882	29 
2883	9 
2884	72 
2885	79 
2886	82 
2887	49 
2888	38 
2889	4 
2890	55 
2891	23 
2892	4 
2893	23 
2894	89 
2895	9 
2896	25 
2897	95 
2898	28 
2899	4 
2900	26 
2901	69 
2902	84 
2903	60 
2904	91 
2905	10 
2906	15 
2907	75 
2908	27 
2909	89 
2910	19 
2911	64 
2912	37 
2913	71 
2914	25 
2915	68 
2916	81 
2917	83 
2918	45 
2919	87 
2920	16 
2921	82 
2922	43 
2923	79 
2924	78 
2925	25 
2926	45 
2927	50 
2928	6 
2929	77 
2930	8 
2931	79 
2932	59 
2933	36 
2934	49 
2935	79 
2936	26 
2937	38 
2938	91 
2939	60 
2940	10 
2941	21 
2942	69 
2943	44 
2944	98 
2945	30 
2946	6 
2947	8 
2948	13 
2949	18 
2950	2 
2951	81 
2952	28 
2953	69 
2954	9 
2955	78 
2956	13 
2957	12 
2958	7 
2959	6 
2960	60 
2961	5 
2962	2 
2963	99 
2964	79 
2965	1 
2966	89 
2967	48 
2968	46 
2969	94 
2970	97 
2971	97 
2972	50 
2973	33 
2974	59 
2975	4 
2976	85 
2977	62 
2978	65 
2979	97 
2980	98 
2981	75 
2982	6 
2983	42 
2984	69 
2985	86 
2986	40 
2987	14 
2988	33 
2989	31 
2990	79 
2991	23 
2992	19 
2993	72 
2994	70 
2995	2 
2996	73 
2997	18 
2998	2 
2999	17 
3000	27 
3001	86 
3002	51 
3003	28 
3004	44 
3005	2 
3006	99 
3007	96 
3008	91 
3009	58 
3010	38 
3011	4 
3012	81 
3013	1 
3014	4 
3015	11 
3016	79 
3017	18 
3018	94 
3019	21 
3020	66 
3021	85 
3022	24 
3023	40 
3024	67 
3025	12 
3026	22 
3027	73 
3028	24 
3029	72 
3030	56 
3031	56 
3032	78 
3033	5 
3034	83 
3035	63 
3036	60 
3037	72 
3038	71 
3039	52 
3040	78 
3041	7 
3042	44 
3043	1 
3044	75 
3045	80 
3046	95 
3047	49 
3048	21 
3049	98 
3050	12 
3051	22 
3052	44 
3053	76 
3054	6 
3055	98 
3056	6 
3057	71 
3058	30 
3059	57 
3060	8 
3061	59 
3062	38 
3063	66 
3064	36 
3065	5 
3066	38 
3067	76 
3068	40 
3069	18 
3070	40 
3071	69 
3072	10 
3073	21 
3074	47 
3075	35 
3076	87 
3077	55 
3078	63 
3079	52 
3080	83 
3081	21 
3082	23 
3083	65 
3084	40 
3085	73 
3086	71 
3087	58 
3088	79 
3089	67 
3090	1 
3091	60 
3092	1 
3093	55 
3094	3 
3095	43 
3096	65 
3097	14 
3098	91 
3099	93 
3100	7 
3101	4 
3102	52 
3103	65 
3104	86 
3105	68 
3106	83 
3107	96 
3108	15 
3109	75 
3110	31 
3111	81 
3112	60 
3113	80 
3114	44 
3115	73 
3116	83 
3117	57 
3118	58 
3119	26 
3120	99 
3121	89 
3122	95 
3123	16 
3124	46 
3125	1 
3126	22 
3127	87 
3128	48 
3129	47 
3130	87 
3131	97 
3132	83 
3133	75 
3134	82 
3135	89 
3136	79 
3137	79 
3138	36 
3139	84 
3140	62 
3141	54 
3142	94 
3143	2 
3144	79 
3145	89 
3146	51 
3147	23 
3148	58 
3149	21 
3150	54 
3151	22 
3152	8 
3153	68 
3154	97 
3155	34 
3156	58 
3157	38 
3158	6 
3159	84 
3160	29 
3161	14 
3162	44 
3163	23 
3164	35 
3165	77 
3166	34 
3167	27 
3168	12 
3169	16 
3170	52 
3171	49 
3172	34 
3173	12 
3174	44 
3175	19 
3176	8 
3177	34 
3178	67 
3179	15 
3180	44 
3181	18 
3182	53 
3183	86 
3184	83 
3185	59 
3186	55 
3187	23 
3188	71 
3189	69 
3190	26 
3191	22 
3192	88 
3193	59 
3194	19 
3195	81 
3196	69 
3197	85 
3198	39 
3199	79 
3200	75 
3201	81 
3202	87 
3203	49 
3204	28 
3205	26 
3206	70 
3207	86 
3208	9 
3209	32 
3210	73 
3211	4 
3212	1 
3213	99 
3214	69 
3215	28 
3216	90 
3217	74 
3218	21 
3219	12 
3220	92 
3221	56 
3222	75 
3223	36 
3224	67 
3225	41 
3226	36 
3227	14 
3228	70 
3229	23 
3230	5 
3231	44 
3232	67 
3233	50 
3234	40 
3235	3 
3236	47 
3237	28 
3238	21 
3239	86 
3240	8 
3241	58 
3242	48 
3243	76 
3244	1 
3245	49 
3246	32 
3247	88 
3248	91 
3249	3 
3250	38 
3251	1 
3252	13 
3253	6 
3254	20 
3255	60 
3256	26 
3257	87 
3258	67 
3259	27 
3260	29 
3261	93 
3262	25 
3263	21 
3264	58 
3265	33 
3266	63 
3267	75 
3268	18 
3269	7 
3270	6 
3271	60 
3272	48 
3273	21 
3274	6 
3275	49 
3276	69 
3277	74 
3278	90 
3279	99 
3280	95 
3281	23 
3282	9 
3283	38 
3284	25 
3285	80 
3286	47 
3287	1 
3288	71 
3289	16 
3290	28 
3291	21 
3292	34 
3293	10 
3294	58 
3295	70 
3296	99 
3297	34 
3298	79 
3299	11 
3300	30 
3301	28 
3302	99 
3303	21 
3304	4 
3305	78 
3306	3 
3307	78 
3308	8 
3309	36 
3310	88 
3311	67 
3312	88 
3313	19 
3314	14 
3315	86 
3316	38 
3317	58 
3318	41 
3319	17 
3320	6 
3321	8 
3322	14 
3323	85 
3324	22 
3325	67 
3326	13 
3327	54 
3328	91 
3329	32 
3330	21 
3331	47 
3332	86 
3333	4 
3334	58 
3335	72 
3336	96 
3337	24 
3338	79 
3339	93 
3340	71 
3341	26 
3342	81 
3343	8 
3344	60 
3345	10 
3346	23 
3347	50 
3348	41 
3349	48 
3350	34 
3351	72 
3352	59 
3353	88 
3354	96 
3355	27 
3356	83 
3357	8 
3358	9 
3359	47 
3360	10 
3361	95 
3362	96 
3363	77 
3364	4 
3365	52 
3366	49 
3367	60 
3368	4 
3369	21 
3370	46 
3371	97 
3372	70 
3373	93 
3374	44 
3375	76 
3376	44 
3377	73 
3378	38 
3379	11 
3380	71 
3381	19 
3382	49 
3383	30 
3384	75 
3385	32 
3386	54 
3387	3 
3388	68 
3389	6 
3390	97 
3391	86 
3392	25 
3393	82 
3394	89 
3395	1 
3396	25 
3397	38 
3398	73 
3399	11 
3400	38 
3401	8 
3402	43 
3403	58 
3404	15 
3405	70 
3406	68 
3407	62 
3408	5 
3409	93 
3410	79 
3411	77 
3412	6 
3413	49 
3414	72 
3415	79 
3416	83 
3417	43 
3418	10 
3419	84 
3420	19 
3421	97 
3422	59 
3423	73 
3424	10 
3425	81 
3426	64 
3427	54 
3428	99 
3429	80 
3430	37 
3431	97 
3432	34 
3433	18 
3434	79 
3435	91 
3436	21 
3437	72 
3438	37 
3439	12 
3440	64 
3441	44 
3442	63 
3443	28 
3444	71 
3445	60 
3446	76 
3447	1 
3448	16 
3449	47 
3450	2 
3451	9 
3452	49 
3453	50 
3454	16 
3455	53 
3456	81 
3457	75 
3458	58 
3459	5 
3460	55 
3461	25 
3462	59 
3463	72 
3464	96 
3465	14 
3466	91 
3467	54 
3468	81 
3469	91 
3470	7 
3471	14 
3472	60 
3473	42 
3474	70 
3475	50 
3476	25 
3477	61 
3478	8 
3479	18 
3480	78 
3481	2 
3482	73 
3483	42 
3484	91 
3485	6 
3486	6 
3487	60 
3488	80 
3489	80 
3490	57 
3491	30 
3492	74 
3493	15 
3494	4 
3495	36 
3496	21 
3497	90 
3498	83 
3499	21 
3500	57 
3501	81 
3502	12 
3503	9 
3504	84 
3505	1 
3506	77 
3507	74 
3508	67 
3509	2 
3510	34 
3511	58 
3512	87 
3513	36 
3514	33 
3515	85 
3516	19 
3517	82 
3518	25 
3519	1 
3520	81 
3521	69 
3522	16 
3523	9 
3524	19 
3525	80 
3526	61 
3527	1 
3528	79 
3529	1 
3530	68 
3531	38 
3532	69 
3533	7 
3534	28 
3535	5 
3536	38 
3537	14 
3538	2 
3539	35 
3540	97 
3541	1 
3542	60 
3543	51 
3544	44 
3545	28 
3546	40 
3547	91 
3548	75 
3549	18 
3550	40 
3551	22 
3552	21 
3553	42 
3554	54 
3555	40 
3556	11 
3557	70 
3558	45 
3559	44 
3560	23 
3561	36 
3562	80 
3563	6 
3564	91 
3565	85 
3566	60 
3567	72 
3568	21 
3569	56 
3570	46 
3571	20 
3572	9 
3573	15 
3574	41 
3575	43 
3576	53 
3577	73 
3578	37 
3579	6 
3580	71 
3581	10 
3582	18 
3583	52 
3584	4 
3585	46 
3586	94 
3587	27 
3588	67 
3589	35 
3590	86 
3591	1 
3592	66 
3593	40 
3594	6 
3595	28 
3596	49 
3597	75 
3598	2 
3599	35 
3600	7 
3601	51 
3602	32 
3603	34 
3604	36 
3605	83 
3606	39 
3607	37 
3608	37 
3609	68 
3610	53 
3611	22 
3612	79 
3613	91 
3614	6 
3615	49 
3616	5 
3617	56 
3618	60 
3619	39 
3620	27 
3621	79 
3622	16 
3623	84 
3624	87 
3625	9 
3626	13 
3627	33 
3628	28 
3629	23 
3630	86 
3631	16 
3632	58 
3633	35 
3634	13 
3635	67 
3636	36 
3637	72 
3638	94 
3639	38 
3640	81 
3641	88 
3642	59 
3643	28 
3644	34 
3645	21 
3646	33 
3647	91 
3648	43 
3649	20 
3650	79 
3651	18 
3652	75 
3653	94 
3654	83 
3655	59 
3656	60 
3657	2 
3658	94 
3659	90 
3660	8 
3661	39 
3662	10 
3663	27 
3664	8 
3665	38 
3666	58 
3667	50 
3668	12 
3669	33 
3670	93 
3671	5 
3672	1 
3673	38 
3674	7 
3675	2 
3676	33 
3677	34 
3678	36 
3679	71 
3680	19 
3681	77 
3682	68 
3683	25 
3684	95 
3685	18 
3686	60 
3687	69 
3688	89 
3689	78 
3690	1 
3691	83 
3692	71 
3693	45 
3694	73 
3695	85 
3696	6 
3697	75 
3698	34 
3699	33 
3700	23 
3701	23 
3702	97 
3703	84 
3704	56 
3705	54 
3706	1 
3707	41 
3708	18 
3709	55 
3710	10 
3711	79 
3712	44 
3713	47 
3714	73 
3715	58 
3716	36 
3717	50 
3718	8 
3719	95 
3720	38 
3721	13 
3722	77 
3723	60 
3724	28 
3725	46 
3726	29 
3727	40 
3728	18 
3729	10 
3730	87 
3731	79 
3732	39 
3733	11 
3734	49 
3735	83 
3736	11 
3737	60 
3738	38 
3739	79 
3740	6 
3741	61 
3742	5 
3743	9 
3744	72 
3745	9 
3746	63 
3747	49 
3748	51 
3749	40 
3750	20 
3751	93 
3752	1 
3753	39 
3754	8 
3755	16 
3756	9 
3757	89 
3758	14 
3759	59 
3760	5 
3761	97 
3762	27 
3763	81 
3764	88 
3765	33 
3766	81 
3767	59 
3768	78 
3769	34 
3770	59 
3771	10 
3772	59 
3773	34 
3774	25 
3775	77 
3776	86 
3777	52 
3778	54 
3779	12 
3780	45 
3781	58 
3782	87 
3783	25 
3784	45 
3785	32 
3786	14 
3787	25 
3788	33 
3789	16 
3790	69 
3791	16 
3792	77 
3793	41 
3794	3 
3795	38 
3796	44 
3797	26 
3798	43 
3799	19 
3800	40 
3801	46 
3802	33 
3803	89 
3804	9 
3805	75 
3806	71 
3807	75 
3808	34 
3809	4 
3810	9 
3811	97 
3812	8 
3813	96 
3814	81 
3815	73 
3816	79 
3817	57 
3818	60 
3819	72 
3820	68 
3821	64 
3822	30 
3823	74 
3824	10 
3825	16 
3826	1 
3827	69 
3828	69 
3829	96 
3830	23 
3831	84 
3832	67 
3833	65 
3834	79 
3835	7 
3836	5 
3837	2 
3838	69 
3839	15 
3840	78 
3841	64 
3842	94 
3843	5 
3844	7 
3845	89 
3846	29 
3847	69 
3848	12 
3849	60 
3850	69 
3851	85 
3852	22 
3853	78 
3854	26 
3855	56 
3856	49 
3857	40 
3858	97 
3859	6 
3860	60 
3861	27 
3862	53 
3863	40 
3864	92 
3865	43 
3866	87 
3867	80 
3868	58 
3869	97 
3870	80 
3871	71 
3872	60 
3873	78 
3874	83 
3875	25 
3876	80 
3877	39 
3878	94 
3879	51 
3880	12 
3881	13 
3882	28 
3883	46 
3884	85 
3885	74 
3886	77 
3887	87 
3888	53 
3889	49 
3890	58 
3891	14 
3892	35 
3893	19 
3894	84 
3895	34 
3896	9 
3897	27 
3898	60 
3899	75 
3900	72 
3901	49 
3902	87 
3903	51 
3904	88 
3905	54 
3906	69 
3907	38 
3908	55 
3909	67 
3910	49 
3911	58 
3912	30 
3913	19 
3914	79 
3915	59 
3916	6 
3917	19 
3918	12 
3919	71 
3920	2 
3921	31 
3922	49 
3923	16 
3924	10 
3925	38 
3926	51 
3927	71 
3928	75 
3929	54 
3930	97 
3931	58 
3932	33 
3933	53 
3934	60 
3935	15 
3936	37 
3937	39 
3938	40 
3939	69 
3940	54 
3941	15 
3942	72 
3943	6 
3944	89 
3945	58 
3946	69 
3947	22 
3948	94 
3949	27 
3950	18 
3951	2 
3952	86 
3953	4 
3954	80 
3955	86 
3956	77 
3957	74 
3958	14 
3959	2 
3960	69 
3961	38 
3962	30 
3963	72 
3964	2 
3965	25 
3966	97 
3967	64 
3968	6 
3969	7 
3970	1 
3971	99 
3972	81 
3973	6 
3974	65 
3975	94 
3976	86 
3977	19 
3978	10 
3979	27 
3980	87 
3981	6 
3982	95 
3983	5 
3984	94 
3985	9 
3986	47 
3987	36 
3988	10 
3989	59 
3990	51 
3991	85 
3992	44 
3993	38 
3994	48 
3995	23 
3996	25 
3997	40 
3998	91 
3999	94 
4000	27 
4001	70 
4002	36 
4003	28 
4004	83 
4005	88 
4006	23 
4007	38 
4008	18 
4009	23 
4010	68 
4011	2 
4012	88 
4013	69 
4014	78 
4015	82 
4016	18 
4017	61 
4018	8 
4019	57 
4020	33 
4021	69 
4022	81 
4023	91 
4024	9 
4025	29 
4026	48 
4027	4 
4028	34 
4029	76 
4030	20 
4031	22 
4032	22 
4033	4 
4034	27 
4035	26 
4036	73 
4037	81 
4038	76 
4039	88 
4040	11 
4041	67 
4042	51 
4043	1 
4044	69 
4045	89 
4046	83 
4047	26 
4048	50 
4049	74 
4050	42 
4051	34 
4052	49 
4053	4 
4054	49 
4055	28 
4056	97 
4057	10 
4058	80 
4059	35 
4060	76 
4061	97 
4062	85 
4063	36 
4064	5 
4065	21 
4066	10 
4067	84 
4068	75 
4069	75 
4070	13 
4071	21 
4072	77 
4073	25 
4074	13 
4075	85 
4076	71 
4077	44 
4078	74 
4079	27 
4080	11 
4081	22 
4082	15 
4083	9 
4084	54 
4085	88 
4086	17 
4087	63 
4088	72 
4089	20 
4090	31 
4091	46 
4092	73 
4093	44 
4094	57 
4095	16 
4096	21 
4097	24 
4098	40 
4099	53 
4100	81 
4101	41 
4102	84 
4103	2 
4104	57 
4105	1 
4106	9 
4107	98 
4108	39 
4109	66 
4110	34 
4111	88 
4112	59 
4113	36 
4114	7 
4115	67 
4116	16 
4117	60 
4118	74 
4119	58 
4120	77 
4121	5 
4122	83 
4123	76 
4124	30 
4125	83 
4126	33 
4127	60 
4128	28 
4129	83 
4130	54 
4131	28 
4132	96 
4133	60 
4134	21 
4135	29 
4136	49 
4137	54 
4138	40 
4139	21 
4140	56 
4141	2 
4142	2 
4143	49 
4144	10 
4145	87 
4146	45 
4147	6 
4148	72 
4149	86 
4150	31 
4151	58 
4152	57 
4153	19 
4154	14 
4155	69 
4156	38 
4157	16 
4158	15 
4159	9 
4160	45 
4161	94 
4162	39 
4163	83 
4164	28 
4165	75 
4166	83 
4167	77 
4168	79 
4169	1 
4170	38 
4171	7 
4172	55 
4173	23 
4174	83 
4175	50 
4176	5 
4177	4 
4178	51 
4179	86 
4180	1 
4181	56 
4182	43 
4183	49 
4184	21 
4185	54 
4186	75 
4187	4 
4188	58 
4189	96 
4190	22 
4191	49 
4192	80 
4193	50 
4194	5 
4195	87 
4196	30 
4197	40 
4198	56 
4199	66 
4200	5 
4201	21 
4202	87 
4203	33 
4204	81 
4205	49 
4206	5 
4207	1 
4208	6 
4209	23 
4210	33 
4211	76 
4212	3 
4213	35 
4214	75 
4215	10 
4216	54 
4217	19 
4218	53 
4219	13 
4220	94 
4221	2 
4222	54 
4223	96 
4224	79 
4225	57 
4226	96 
4227	60 
4228	52 
4229	44 
4230	30 
4231	94 
4232	60 
4233	5 
4234	4 
4235	77 
4236	79 
4237	92 
4238	77 
4239	23 
4240	16 
4241	58 
4242	18 
4243	38 
4244	54 
4245	4 
4246	77 
4247	15 
4248	2 
4249	18 
4250	95 
4251	45 
4252	71 
4253	10 
4254	4 
4255	20 
4256	47 
4257	14 
4258	18 
4259	38 
4260	5 
4261	94 
4262	35 
4263	59 
4264	23 
4265	67 
4266	44 
4267	54 
4268	70 
4269	27 
4270	81 
4271	69 
4272	49 
4273	70 
4274	77 
4275	5 
4276	6 
4277	36 
4278	60 
4279	3 
4280	38 
4281	9 
4282	28 
4283	6 
4284	5 
4285	27 
4286	85 
4287	64 
4288	10 
4289	37 
4290	93 
4291	72 
4292	88 
4293	74 
4294	22 
4295	3 
4296	93 
4297	65 
4298	12 
4299	33 
4300	23 
4301	36 
4302	49 
4303	18 
4304	66 
4305	40 
4306	58 
4307	28 
4308	14 
4309	23 
4310	91 
4311	69 
4312	45 
4313	53 
4314	58 
4315	10 
4316	8 
4317	79 
4318	10 
4319	92 
4320	50 
4321	48 
4322	34 
4323	90 
4324	6 
4325	35 
4326	41 
4327	51 
4328	97 
4329	58 
4330	6 
4331	16 
4332	12 
4333	73 
4334	10 
4335	12 
4336	77 
4337	8 
4338	31 
4339	70 
4340	13 
4341	62 
4342	56 
4343	60 
4344	20 
4345	57 
4346	26 
4347	76 
4348	1 
4349	55 
4350	97 
4351	23 
4352	34 
4353	76 
4354	33 
4355	92 
4356	19 
4357	95 
4358	73 
4359	18 
4360	28 
4361	15 
4362	65 
4363	40 
4364	10 
4365	22 
4366	96 
4367	38 
4368	10 
4369	13 
4370	51 
4371	7 
4372	54 
4373	87 
4374	77 
4375	53 
4376	70 
4377	23 
4378	50 
4379	16 
4380	18 
4381	23 
4382	58 
4383	61 
4384	34 
4385	8 
4386	18 
4387	89 
4388	13 
4389	91 
4390	22 
4391	1 
4392	1 
4393	97 
4394	25 
4395	5 
4396	9 
4397	92 
4398	74 
4399	6 
4400	15 
4401	96 
4402	49 
4403	2 
4404	23 
4405	94 
4406	6 
4407	58 
4408	81 
4409	75 
4410	80 
4411	60 
4412	21 
4413	26 
4414	54 
4415	67 
4416	38 
4417	28 
4418	23 
4419	81 
4420	22 
4421	84 
4422	36 
4423	37 
4424	86 
4425	86 
4426	23 
4427	9 
4428	88 
4429	9 
4430	8 
4431	44 
4432	9 
4433	69 
4434	45 
4435	35 
4436	27 
4437	43 
4438	4 
4439	55 
4440	99 
4441	5 
4442	85 
4443	71 
4444	83 
4445	98 
4446	87 
4447	18 
4448	16 
4449	47 
4450	72 
4451	24 
4452	69 
4453	28 
4454	75 
4455	82 
4456	40 
4457	42 
4458	49 
4459	18 
4460	86 
4461	10 
4462	12 
4463	60 
4464	7 
4465	83 
4466	54 
4467	6 
4468	40 
4469	77 
4470	34 
4471	4 
4472	58 
4473	8 
4474	2 
4475	46 
4476	69 
4477	45 
4478	8 
4479	79 
4480	24 
4481	6 
4482	34 
4483	33 
4484	8 
4485	67 
4486	19 
4487	75 
4488	21 
4489	64 
4490	48 
4491	75 
4492	94 
4493	73 
4494	20 
4495	38 
4496	10 
4497	68 
4498	8 
4499	9 
4500	9 
4501	72 
4502	36 
4503	38 
4504	79 
4505	83 
4506	12 
4507	78 
4508	19 
4509	27 
4510	49 
4511	54 
4512	83 
4513	79 
4514	10 
4515	72 
4516	21 
4517	47 
4518	2 
4519	91 
4520	54 
4521	83 
4522	21 
4523	41 
4524	59 
4525	1 
4526	78 
4527	26 
4528	60 
4529	72 
4530	24 
4531	75 
4532	80 
4533	56 
4534	18 
4535	76 
4536	59 
4537	27 
4538	86 
4539	2 
4540	10 
4541	2 
4542	8 
4543	57 
4544	1 
4545	86 
4546	22 
4547	96 
4548	30 
4549	98 
4550	54 
4551	95 
4552	81 
4553	31 
4554	97 
4555	40 
4556	5 
4557	67 
4558	4 
4559	91 
4560	21 
4561	84 
4562	72 
4563	43 
4564	52 
4565	54 
4566	18 
4567	22 
4568	65 
4569	33 
4570	5 
4571	4 
4572	68 
4573	80 
4574	23 
4575	18 
4576	88 
4577	33 
4578	70 
4579	13 
4580	60 
4581	30 
4582	60 
4583	63 
4584	26 
4585	9 
4586	34 
4587	68 
4588	67 
4589	4 
4590	65 
4591	72 
4592	30 
4593	77 
4594	97 
4595	64 
4596	62 
4597	51 
4598	9 
4599	34 
4600	69 
4601	49 
4602	44 
4603	21 
4604	35 
4605	48 
4606	74 
4607	73 
4608	25 
4609	14 
4610	51 
4611	87 
4612	26 
4613	66 
4614	38 
4615	47 
4616	52 
4617	23 
4618	71 
4619	79 
4620	45 
4621	4 
4622	49 
4623	27 
4624	83 
4625	59 
4626	86 
4627	41 
4628	88 
4629	50 
4630	44 
4631	64 
4632	58 
4633	4 
4634	1 
4635	44 
4636	5 
4637	45 
4638	64 
4639	98 
4640	79 
4641	85 
4642	81 
4643	35 
4644	38 
4645	87 
4646	88 
4647	74 
4648	21 
4649	71 
4650	29 
4651	44 
4652	89 
4653	44 
4654	68 
4655	72 
4656	65 
4657	27 
4658	97 
4659	88 
4660	28 
4661	58 
4662	34 
4663	97 
4664	29 
4665	10 
4666	75 
4667	86 
4668	43 
4669	23 
4670	45 
4671	53 
4672	36 
4673	17 
4674	49 
4675	60 
4676	99 
4677	30 
4678	93 
4679	79 
4680	54 
4681	84 
4682	99 
4683	4 
4684	25 
4685	96 
4686	40 
4687	41 
4688	25 
4689	44 
4690	49 
4691	28 
4692	5 
4693	2 
4694	52 
4695	85 
4696	92 
4697	60 
4698	83 
4699	35 
4700	16 
4701	10 
4702	75 
4703	30 
4704	33 
4705	54 
4706	48 
4707	18 
4708	6 
4709	54 
4710	77 
4711	60 
4712	71 
4713	51 
4714	71 
4715	50 
4716	7 
4717	26 
4718	12 
4719	41 
4720	42 
4721	1 
4722	73 
4723	1 
4724	38 
4725	95 
4726	9 
4727	84 
4728	21 
4729	21 
4730	34 
4731	15 
4732	64 
4733	17 
4734	72 
4735	80 
4736	48 
4737	10 
4738	60 
4739	59 
4740	18 
4741	87 
4742	73 
4743	88 
4744	21 
4745	72 
4746	38 
4747	71 
4748	38 
4749	18 
4750	1 
4751	20 
4752	25 
4753	25 
4754	70 
4755	33 
4756	41 
4757	82 
4758	9 
4759	4 
4760	44 
4761	99 
4762	69 
4763	40 
4764	40 
4765	7 
4766	4 
4767	24 
4768	31 
4769	54 
4770	81 
4771	10 
4772	92 
4773	17 
4774	73 
4775	75 
4776	36 
4777	41 
4778	12 
4779	69 
4780	87 
4781	18 
4782	1 
4783	44 
4784	87 
4785	27 
4786	78 
4787	7 
4788	70 
4789	49 
4790	30 
4791	49 
4792	31 
4793	67 
4794	27 
4795	85 
4796	81 
4797	58 
4798	38 
4799	77 
4800	82 
4801	38 
4802	52 
4803	56 
4804	35 
4805	76 
4806	52 
4807	54 
4808	6 
4809	5 
4810	27 
4811	58 
4812	60 
4813	96 
4814	14 
4815	63 
4816	21 
4817	88 
4818	44 
4819	80 
4820	27 
4821	10 
4822	18 
4823	29 
4824	58 
4825	79 
4826	54 
4827	59 
4828	8 
4829	88 
4830	57 
4831	36 
4832	40 
4833	39 
4834	68 
4835	72 
4836	10 
4837	2 
4838	87 
4839	83 
4840	5 
4841	54 
4842	80 
4843	54 
4844	47 
4845	68 
4846	59 
4847	41 
4848	2 
4849	4 
4850	41 
4851	89 
4852	20 
4853	52 
4854	2 
4855	75 
4856	25 
4857	72 
4858	53 
4859	36 
4860	27 
4861	44 
4862	79 
4863	52 
4864	60 
4865	66 
4866	79 
4867	72 
4868	60 
4869	44 
4870	58 
4871	8 
4872	18 
4873	77 
4874	97 
4875	58 
4876	78 
4877	71 
4878	78 
4879	7 
4880	15 
4881	83 
4882	75 
4883	86 
4884	58 
4885	23 
4886	57 
4887	60 
4888	10 
4889	70 
4890	19 
4891	58 
4892	47 
4893	6 
4894	96 
4895	63 
4896	9 
4897	9 
4898	42 
4899	69 
4900	16 
4901	92 
4902	58 
4903	17 
4904	28 
4905	93 
4906	61 
4907	59 
4908	96 
4909	4 
4910	7 
4911	88 
4912	4 
4913	75 
4914	62 
4915	40 
4916	49 
4917	34 
4918	28 
4919	7 
4920	94 
4921	4 
4922	51 
4923	2 
4924	73 
4925	46 
4926	29 
4927	72 
4928	12 
4929	79 
4930	80 
4931	78 
4932	70 
4933	72 
4934	80 
4935	44 
4936	27 
4937	50 
4938	25 
4939	32 
4940	23 
4941	58 
4942	44 
4943	77 
4944	79 
4945	97 
4946	16 
4947	10 
4948	41 
4949	75 
4950	10 
4951	59 
4952	60 
4953	33 
4954	70 
4955	70 
4956	16 
4957	25 
4958	80 
4959	57 
4960	9 
4961	13 
4962	38 
4963	6 
4964	56 
4965	60 
4966	67 
4967	79 
4968	28 
4969	29 
4970	4 
4971	2 
4972	68 
4973	58 
4974	54 
4975	33 
4976	10 
4977	85 
4978	64 
4979	7 
4980	5 
4981	18 
4982	33 
4983	23 
4984	86 
4985	70 
4986	46 
4987	27 
4988	88 
4989	4 
4990	60 
4991	28 
4992	97 
4993	27 
4994	79 
4995	90 
4996	73 
4997	38 
4998	54 
4999	54 
5000	47 
