1	92 
2	49 
3	82 
4	64 
5	68 
6	40 
7	39 
8	71 
9	43 
10	17 
11	4 
12	25 
13	48 
14	79 
15	69 
16	27 
17	91 
18	41 
19	84 
20	11 
21	17 
22	81 
23	92 
24	56 
25	1 
26	36 
27	39 
28	61 
29	28 
30	83 
31	93 
32	75 
33	76 
34	34 
35	26 
36	44 
37	33 
38	90 
39	93 
40	68 
41	57 
42	94 
43	40 
44	83 
45	95 
46	69 
47	3 
48	62 
49	49 
50	18 
51	46 
52	29 
53	42 
54	64 
55	60 
56	41 
57	83 
58	66 
59	26 
60	30 
61	53 
62	77 
63	63 
64	7 
65	23 
66	66 
67	19 
68	64 
69	27 
70	95 
71	63 
72	39 
73	89 
74	36 
75	71 
76	26 
77	9 
78	95 
79	40 
80	7 
81	36 
82	21 
83	40 
84	26 
85	26 
86	61 
87	19 
88	34 
89	34 
90	33 
91	15 
92	1 
93	65 
94	4 
95	3 
96	91 
97	82 
98	60 
99	94 
100	3 
101	22 
102	61 
103	31 
104	5 
105	64 
106	79 
107	90 
108	18 
109	84 
110	59 
111	14 
112	26 
113	56 
114	36 
115	59 
116	55 
117	19 
118	21 
119	82 
120	7 
121	84 
122	30 
123	94 
124	60 
125	41 
126	74 
127	3 
128	28 
129	50 
130	46 
131	19 
132	70 
133	14 
134	67 
135	34 
136	40 
137	50 
138	16 
139	93 
140	47 
141	51 
142	58 
143	29 
144	60 
145	2 
146	7 
147	23 
148	49 
149	27 
150	53 
151	2 
152	1 
153	49 
154	64 
155	8 
156	76 
157	58 
158	37 
159	94 
160	93 
161	62 
162	17 
163	80 
164	86 
165	13 
166	25 
167	16 
168	72 
169	86 
170	29 
171	27 
172	71 
173	73 
174	34 
175	4 
176	22 
177	54 
178	62 
179	95 
180	92 
181	28 
182	68 
183	38 
184	27 
185	40 
186	64 
187	43 
188	28 
189	1 
190	56 
191	58 
192	51 
193	91 
194	44 
195	17 
196	49 
197	43 
198	79 
199	30 
200	34 
201	75 
202	89 
203	74 
204	58 
205	18 
206	95 
207	75 
208	6 
209	42 
210	85 
211	21 
212	72 
213	72 
214	59 
215	80 
216	81 
217	53 
218	17 
219	55 
220	4 
221	92 
222	45 
223	22 
224	89 
225	32 
226	28 
227	56 
228	17 
229	3 
230	89 
231	55 
232	94 
233	42 
234	67 
235	54 
236	31 
237	37 
238	3 
239	82 
240	71 
241	13 
242	23 
243	64 
244	89 
245	34 
246	40 
247	72 
248	49 
249	11 
250	47 
251	4 
252	71 
253	52 
254	94 
255	29 
256	43 
257	36 
258	95 
259	95 
260	60 
261	40 
262	46 
263	22 
264	1 
265	30 
266	93 
267	71 
268	17 
269	79 
270	70 
271	31 
272	45 
273	61 
274	72 
275	1 
276	17 
277	50 
278	65 
279	30 
280	18 
281	44 
282	93 
283	71 
284	21 
285	95 
286	46 
287	30 
288	60 
289	3 
290	15 
291	91 
292	3 
293	54 
294	71 
295	73 
296	70 
297	85 
298	13 
299	26 
300	80 
301	21 
302	3 
303	10 
304	71 
305	26 
306	34 
307	56 
308	89 
309	39 
310	11 
311	3 
312	4 
313	32 
314	80 
315	58 
316	67 
317	88 
318	6 
319	7 
320	3 
321	36 
322	56 
323	54 
324	64 
325	63 
326	19 
327	35 
328	40 
329	37 
330	20 
331	51 
332	47 
333	91 
334	30 
335	51 
336	67 
337	2 
338	32 
339	55 
340	4 
341	3 
342	21 
343	61 
344	2 
345	21 
346	30 
347	70 
348	76 
349	62 
350	77 
351	26 
352	81 
353	14 
354	34 
355	37 
356	39 
357	62 
358	29 
359	72 
360	3 
361	56 
362	14 
363	18 
364	87 
365	79 
366	41 
367	53 
368	12 
369	1 
370	58 
371	54 
372	29 
373	11 
374	1 
375	30 
376	57 
377	69 
378	70 
379	57 
380	14 
381	38 
382	71 
383	27 
384	83 
385	88 
386	6 
387	34 
388	21 
389	2 
390	64 
391	29 
392	23 
393	40 
394	79 
395	41 
396	9 
397	2 
398	27 
399	19 
400	21 
401	79 
402	44 
403	74 
404	71 
405	47 
406	12 
407	43 
408	58 
409	74 
410	36 
411	70 
412	73 
413	60 
414	2 
415	93 
416	45 
417	49 
418	14 
419	26 
420	37 
421	23 
422	13 
423	38 
424	24 
425	53 
426	55 
427	13 
428	92 
429	82 
430	43 
431	38 
432	16 
433	74 
434	5 
435	41 
436	70 
437	35 
438	35 
439	34 
440	6 
441	33 
442	8 
443	92 
444	26 
445	17 
446	1 
447	24 
448	36 
449	90 
450	26 
451	58 
452	47 
453	66 
454	17 
455	20 
456	61 
457	37 
458	19 
459	65 
460	10 
461	62 
462	72 
463	74 
464	42 
465	26 
466	50 
467	69 
468	42 
469	86 
470	13 
471	82 
472	53 
473	52 
474	88 
475	60 
476	47 
477	80 
478	2 
479	4 
480	2 
481	47 
482	16 
483	62 
484	16 
485	34 
486	62 
487	38 
488	91 
489	44 
490	38 
491	23 
492	40 
493	20 
494	49 
495	81 
496	20 
497	13 
498	18 
499	60 
500	71 
501	21 
502	29 
503	76 
504	84 
505	9 
506	74 
507	41 
508	12 
509	82 
510	49 
511	82 
512	47 
513	58 
514	9 
515	40 
516	34 
517	74 
518	32 
519	20 
520	2 
521	21 
522	48 
523	2 
524	89 
525	29 
526	44 
527	20 
528	45 
529	27 
530	68 
531	66 
532	51 
533	87 
534	94 
535	50 
536	44 
537	66 
538	25 
539	32 
540	72 
541	69 
542	35 
543	92 
544	41 
545	36 
546	52 
547	2 
548	54 
549	92 
550	17 
551	35 
552	64 
553	85 
554	92 
555	20 
556	72 
557	63 
558	94 
559	31 
560	70 
561	76 
562	50 
563	80 
564	27 
565	3 
566	69 
567	81 
568	31 
569	12 
570	34 
571	33 
572	41 
573	95 
574	2 
575	8 
576	71 
577	6 
578	57 
579	38 
580	73 
581	46 
582	54 
583	2 
584	52 
585	86 
586	45 
587	74 
588	39 
589	16 
590	40 
591	93 
592	93 
593	81 
594	57 
595	93 
596	46 
597	11 
598	94 
599	23 
600	14 
601	30 
602	86 
603	41 
604	68 
605	37 
606	3 
607	27 
608	62 
609	58 
610	81 
611	3 
612	53 
613	10 
614	84 
615	46 
616	6 
617	64 
618	83 
619	71 
620	37 
621	82 
622	26 
623	1 
624	86 
625	74 
626	58 
627	88 
628	49 
629	64 
630	40 
631	34 
632	23 
633	92 
634	86 
635	4 
636	34 
637	71 
638	65 
639	53 
640	20 
641	35 
642	95 
643	59 
644	80 
645	24 
646	57 
647	3 
648	40 
649	5 
650	40 
651	80 
652	7 
653	33 
654	80 
655	41 
656	84 
657	62 
658	64 
659	74 
660	44 
661	31 
662	9 
663	6 
664	50 
665	32 
666	54 
667	69 
668	37 
669	19 
670	4 
671	27 
672	67 
673	80 
674	7 
675	2 
676	54 
677	65 
678	47 
679	86 
680	78 
681	93 
682	69 
683	3 
684	57 
685	92 
686	48 
687	8 
688	7 
689	13 
690	36 
691	39 
692	61 
693	46 
694	82 
695	2 
696	21 
697	31 
698	27 
699	3 
700	1 
701	37 
702	31 
703	64 
704	24 
705	7 
706	68 
707	86 
708	34 
709	83 
710	49 
711	81 
712	44 
713	93 
714	58 
715	26 
716	41 
717	3 
718	40 
719	92 
720	93 
721	73 
722	45 
723	34 
724	49 
725	78 
726	34 
727	70 
728	42 
729	36 
730	93 
731	64 
732	37 
733	62 
734	55 
735	47 
736	20 
737	95 
738	44 
739	10 
740	81 
741	35 
742	85 
743	40 
744	35 
745	28 
746	70 
747	77 
748	44 
749	39 
750	34 
751	64 
752	63 
753	87 
754	82 
755	64 
756	11 
757	53 
758	83 
759	77 
760	50 
761	72 
762	27 
763	80 
764	34 
765	14 
766	67 
767	62 
768	33 
769	31 
770	29 
771	77 
772	74 
773	24 
774	19 
775	1 
776	50 
777	40 
778	22 
779	2 
780	26 
781	13 
782	1 
783	66 
784	2 
785	47 
786	80 
787	16 
788	17 
789	10 
790	70 
791	19 
792	18 
793	9 
794	92 
795	26 
796	66 
797	59 
798	94 
799	67 
800	49 
801	11 
802	3 
803	66 
804	78 
805	11 
806	78 
807	59 
808	26 
809	1 
810	63 
811	1 
812	92 
813	6 
814	48 
815	6 
816	72 
817	58 
818	26 
819	92 
820	21 
821	20 
822	2 
823	69 
824	20 
825	34 
826	77 
827	86 
828	33 
829	77 
830	1 
831	72 
832	47 
833	40 
834	34 
835	41 
836	89 
837	57 
838	27 
839	36 
840	42 
841	69 
842	65 
843	47 
844	56 
845	81 
846	72 
847	54 
848	29 
849	60 
850	40 
851	50 
852	23 
853	70 
854	13 
855	22 
856	64 
857	26 
858	55 
859	27 
860	34 
861	39 
862	59 
863	93 
864	87 
865	51 
866	64 
867	19 
868	90 
869	18 
870	54 
871	64 
872	94 
873	81 
874	33 
875	66 
876	6 
877	49 
878	95 
879	40 
880	26 
881	47 
882	6 
883	22 
884	5 
885	80 
886	61 
887	49 
888	83 
889	11 
890	31 
891	81 
892	11 
893	95 
894	6 
895	70 
896	30 
897	4 
898	41 
899	8 
900	24 
901	38 
902	19 
903	74 
904	95 
905	83 
906	35 
907	58 
908	8 
909	69 
910	47 
911	19 
912	49 
913	93 
914	55 
915	4 
916	80 
917	19 
918	43 
919	61 
920	77 
921	44 
922	33 
923	71 
924	6 
925	93 
926	34 
927	60 
928	78 
929	51 
930	24 
931	19 
932	78 
933	6 
934	91 
935	2 
936	25 
937	13 
938	24 
939	89 
940	11 
941	16 
942	30 
943	76 
944	85 
945	47 
946	86 
947	92 
948	93 
949	44 
950	79 
951	8 
952	9 
953	65 
954	3 
955	40 
956	24 
957	80 
958	69 
959	35 
960	45 
961	65 
962	17 
963	92 
964	36 
965	24 
966	16 
967	11 
968	48 
969	60 
970	24 
971	62 
972	64 
973	4 
974	2 
975	82 
976	62 
977	76 
978	69 
979	83 
980	68 
981	58 
982	43 
983	83 
984	17 
985	87 
986	4 
987	34 
988	44 
989	33 
990	40 
991	54 
992	81 
993	31 
994	60 
995	58 
996	56 
997	87 
998	46 
999	72 
1000	76 
1001	80 
1002	91 
1003	76 
1004	35 
1005	81 
1006	65 
1007	82 
1008	45 
1009	41 
1010	94 
1011	41 
1012	5 
1013	77 
1014	41 
1015	19 
1016	51 
1017	2 
1018	36 
1019	80 
1020	58 
1021	39 
1022	2 
1023	49 
1024	24 
1025	64 
1026	41 
1027	62 
1028	37 
1029	54 
1030	77 
1031	14 
1032	65 
1033	30 
1034	71 
1035	72 
1036	2 
1037	55 
1038	14 
1039	44 
1040	43 
1041	95 
1042	13 
1043	73 
1044	76 
1045	71 
1046	62 
1047	27 
1048	6 
1049	82 
1050	17 
1051	58 
1052	20 
1053	44 
1054	95 
1055	58 
1056	54 
1057	71 
1058	65 
1059	47 
1060	60 
1061	68 
1062	36 
1063	18 
1064	69 
1065	71 
1066	93 
1067	10 
1068	25 
1069	50 
1070	36 
1071	82 
1072	1 
1073	56 
1074	7 
1075	71 
1076	27 
1077	34 
1078	6 
1079	64 
1080	48 
1081	57 
1082	42 
1083	40 
1084	44 
1085	64 
1086	29 
1087	11 
1088	79 
1089	23 
1090	12 
1091	74 
1092	6 
1093	72 
1094	7 
1095	55 
1096	2 
1097	93 
1098	72 
1099	1 
1100	39 
1101	91 
1102	13 
1103	30 
1104	3 
1105	41 
1106	80 
1107	2 
1108	43 
1109	64 
1110	23 
1111	55 
1112	82 
1113	16 
1114	22 
1115	33 
1116	17 
1117	41 
1118	42 
1119	33 
1120	28 
1121	79 
1122	3 
1123	52 
1124	47 
1125	76 
1126	44 
1127	62 
1128	86 
1129	73 
1130	74 
1131	42 
1132	81 
1133	33 
1134	21 
1135	87 
1136	70 
1137	42 
1138	49 
1139	33 
1140	92 
1141	77 
1142	93 
1143	36 
1144	14 
1145	18 
1146	32 
1147	43 
1148	3 
1149	42 
1150	3 
1151	42 
1152	45 
1153	28 
1154	1 
1155	56 
1156	40 
1157	72 
1158	84 
1159	50 
1160	65 
1161	30 
1162	24 
1163	71 
1164	71 
1165	94 
1166	18 
1167	66 
1168	5 
1169	78 
1170	48 
1171	91 
1172	58 
1173	2 
1174	43 
1175	86 
1176	30 
1177	42 
1178	41 
1179	6 
1180	61 
1181	26 
1182	7 
1183	21 
1184	2 
1185	64 
1186	85 
1187	86 
1188	44 
1189	45 
1190	1 
1191	69 
1192	69 
1193	49 
1194	38 
1195	47 
1196	41 
1197	46 
1198	54 
1199	74 
1200	80 
1201	47 
1202	67 
1203	95 
1204	49 
1205	58 
1206	78 
1207	37 
1208	81 
1209	90 
1210	17 
1211	65 
1212	60 
1213	80 
1214	48 
1215	26 
1216	73 
1217	94 
1218	78 
1219	22 
1220	47 
1221	68 
1222	35 
1223	14 
1224	39 
1225	70 
1226	61 
1227	36 
1228	4 
1229	2 
1230	86 
1231	41 
1232	21 
1233	62 
1234	45 
1235	93 
1236	94 
1237	65 
1238	95 
1239	21 
1240	71 
1241	27 
1242	81 
1243	79 
1244	45 
1245	37 
1246	86 
1247	21 
1248	35 
1249	60 
1250	37 
1251	49 
1252	7 
1253	21 
1254	60 
1255	58 
1256	70 
1257	65 
1258	23 
1259	24 
1260	92 
1261	23 
1262	24 
1263	47 
1264	75 
1265	15 
1266	43 
1267	11 
1268	89 
1269	29 
1270	63 
1271	5 
1272	13 
1273	12 
1274	60 
1275	5 
1276	44 
1277	40 
1278	64 
1279	58 
1280	19 
1281	33 
1282	47 
1283	79 
1284	84 
1285	2 
1286	67 
1287	47 
1288	22 
1289	48 
1290	72 
1291	50 
1292	67 
1293	70 
1294	31 
1295	42 
1296	18 
1297	73 
1298	36 
1299	48 
1300	18 
1301	30 
1302	24 
1303	40 
1304	22 
1305	88 
1306	77 
1307	43 
1308	35 
1309	82 
1310	94 
1311	69 
1312	26 
1313	94 
1314	55 
1315	50 
1316	31 
1317	82 
1318	57 
1319	30 
1320	20 
1321	76 
1322	27 
1323	30 
1324	47 
1325	37 
1326	32 
1327	17 
1328	69 
1329	8 
1330	50 
1331	6 
1332	37 
1333	68 
1334	89 
1335	4 
1336	49 
1337	11 
1338	91 
1339	56 
1340	93 
1341	86 
1342	23 
1343	42 
1344	79 
1345	92 
1346	84 
1347	68 
1348	28 
1349	52 
1350	33 
1351	4 
1352	73 
1353	48 
1354	1 
1355	31 
1356	16 
1357	83 
1358	44 
1359	75 
1360	1 
1361	47 
1362	63 
1363	54 
1364	11 
1365	29 
1366	93 
1367	92 
1368	70 
1369	9 
1370	7 
1371	6 
1372	22 
1373	22 
1374	13 
1375	38 
1376	42 
1377	23 
1378	95 
1379	53 
1380	27 
1381	68 
1382	34 
1383	33 
1384	42 
1385	4 
1386	37 
1387	60 
1388	89 
1389	34 
1390	34 
1391	3 
1392	56 
1393	40 
1394	74 
1395	10 
1396	75 
1397	1 
1398	45 
1399	76 
1400	40 
1401	11 
1402	71 
1403	65 
1404	58 
1405	78 
1406	63 
1407	71 
1408	22 
1409	87 
1410	36 
1411	14 
1412	28 
1413	35 
1414	4 
1415	83 
1416	53 
1417	15 
1418	6 
1419	74 
1420	21 
1421	81 
1422	50 
1423	52 
1424	88 
1425	40 
1426	36 
1427	71 
1428	79 
1429	91 
1430	6 
1431	1 
1432	21 
1433	17 
1434	90 
1435	32 
1436	72 
1437	45 
1438	1 
1439	21 
1440	83 
1441	6 
1442	40 
1443	58 
1444	41 
1445	63 
1446	71 
1447	86 
1448	35 
1449	42 
1450	29 
1451	2 
1452	41 
1453	35 
1454	41 
1455	93 
1456	94 
1457	7 
1458	53 
1459	78 
1460	67 
1461	32 
1462	3 
1463	89 
1464	95 
1465	20 
1466	6 
1467	84 
1468	23 
1469	2 
1470	31 
1471	24 
1472	69 
1473	30 
1474	1 
1475	1 
1476	46 
1477	27 
1478	94 
1479	78 
1480	44 
1481	41 
1482	58 
1483	45 
1484	61 
1485	79 
1486	21 
1487	16 
1488	6 
1489	56 
1490	61 
1491	10 
1492	55 
1493	41 
1494	51 
1495	46 
1496	89 
1497	13 
1498	12 
1499	2 
1500	26 
1501	71 
1502	49 
1503	41 
1504	1 
1505	92 
1506	53 
1507	29 
1508	23 
1509	44 
1510	3 
1511	47 
1512	35 
1513	22 
1514	16 
1515	6 
1516	26 
1517	23 
1518	85 
1519	35 
1520	32 
1521	34 
1522	93 
1523	14 
1524	51 
1525	66 
1526	44 
1527	27 
1528	69 
1529	35 
1530	43 
1531	91 
1532	34 
1533	54 
1534	30 
1535	68 
1536	52 
1537	87 
1538	54 
1539	34 
1540	86 
1541	74 
1542	17 
1543	27 
1544	4 
1545	64 
1546	33 
1547	62 
1548	13 
1549	74 
1550	57 
1551	2 
1552	79 
1553	39 
1554	43 
1555	2 
1556	84 
1557	67 
1558	37 
1559	33 
1560	62 
1561	52 
1562	72 
1563	16 
1564	67 
1565	45 
1566	6 
1567	10 
1568	69 
1569	6 
1570	46 
1571	26 
1572	77 
1573	77 
1574	39 
1575	60 
1576	15 
1577	71 
1578	28 
1579	17 
1580	60 
1581	22 
1582	74 
1583	45 
1584	86 
1585	25 
1586	50 
1587	24 
1588	21 
1589	95 
1590	66 
1591	70 
1592	38 
1593	93 
1594	12 
1595	70 
1596	17 
1597	29 
1598	74 
1599	1 
1600	5 
1601	23 
1602	83 
1603	16 
1604	3 
1605	82 
1606	68 
1607	72 
1608	47 
1609	24 
1610	78 
1611	82 
1612	23 
1613	71 
1614	17 
1615	39 
1616	22 
1617	74 
1618	61 
1619	45 
1620	71 
1621	94 
1622	68 
1623	5 
1624	23 
1625	12 
1626	25 
1627	92 
1628	48 
1629	47 
1630	74 
1631	72 
1632	36 
1633	78 
1634	69 
1635	93 
1636	51 
1637	34 
1638	19 
1639	49 
1640	69 
1641	33 
1642	3 
1643	93 
1644	40 
1645	34 
1646	30 
1647	43 
1648	4 
1649	58 
1650	6 
1651	82 
1652	31 
1653	87 
1654	39 
1655	2 
1656	65 
1657	40 
1658	91 
1659	86 
1660	34 
1661	73 
1662	13 
1663	72 
1664	30 
1665	36 
1666	29 
1667	13 
1668	56 
1669	49 
1670	44 
1671	49 
1672	7 
1673	18 
1674	30 
1675	49 
1676	21 
1677	71 
1678	32 
1679	20 
1680	66 
1681	43 
1682	83 
1683	27 
1684	70 
1685	65 
1686	22 
1687	90 
1688	36 
1689	34 
1690	86 
1691	77 
1692	80 
1693	71 
1694	33 
1695	91 
1696	40 
1697	95 
1698	20 
1699	4 
1700	62 
1701	89 
1702	32 
1703	75 
1704	26 
1705	77 
1706	47 
1707	34 
1708	87 
1709	44 
1710	22 
1711	49 
1712	23 
1713	26 
1714	70 
1715	10 
1716	41 
1717	2 
1718	71 
1719	35 
1720	14 
1721	20 
1722	37 
1723	93 
1724	26 
1725	80 
1726	50 
1727	33 
1728	64 
1729	29 
1730	66 
1731	6 
1732	13 
1733	49 
1734	8 
1735	45 
1736	5 
1737	34 
1738	81 
1739	47 
1740	89 
1741	66 
1742	59 
1743	8 
1744	49 
1745	2 
1746	82 
1747	13 
1748	66 
1749	2 
1750	22 
1751	80 
1752	37 
1753	41 
1754	93 
1755	2 
1756	80 
1757	79 
1758	82 
1759	8 
1760	36 
1761	95 
1762	13 
1763	79 
1764	91 
1765	67 
1766	92 
1767	64 
1768	81 
1769	65 
1770	56 
1771	17 
1772	6 
1773	44 
1774	41 
1775	14 
1776	48 
1777	50 
1778	30 
1779	36 
1780	22 
1781	30 
1782	82 
1783	50 
1784	56 
1785	55 
1786	31 
1787	91 
1788	23 
1789	44 
1790	83 
1791	17 
1792	73 
1793	14 
1794	15 
1795	72 
1796	66 
1797	41 
1798	68 
1799	80 
1800	41 
1801	62 
1802	61 
1803	53 
1804	67 
1805	72 
1806	63 
1807	94 
1808	94 
1809	44 
1810	63 
1811	38 
1812	80 
1813	90 
1814	2 
1815	69 
1816	27 
1817	34 
1818	36 
1819	41 
1820	74 
1821	63 
1822	94 
1823	25 
1824	81 
1825	64 
1826	2 
1827	6 
1828	62 
1829	65 
1830	93 
1831	64 
1832	41 
1833	64 
1834	54 
1835	41 
1836	10 
1837	95 
1838	39 
1839	68 
1840	81 
1841	74 
1842	78 
1843	22 
1844	82 
1845	44 
1846	34 
1847	7 
1848	47 
1849	41 
1850	89 
1851	39 
1852	11 
1853	71 
1854	92 
1855	93 
1856	2 
1857	42 
1858	42 
1859	20 
1860	29 
1861	78 
1862	26 
1863	94 
1864	58 
1865	64 
1866	51 
1867	54 
1868	33 
1869	74 
1870	90 
1871	23 
1872	77 
1873	93 
1874	34 
1875	41 
1876	31 
1877	94 
1878	25 
1879	91 
1880	76 
1881	21 
1882	90 
1883	66 
1884	84 
1885	14 
1886	76 
1887	44 
1888	21 
1889	44 
1890	88 
1891	82 
1892	45 
1893	93 
1894	62 
1895	35 
1896	19 
1897	65 
1898	87 
1899	78 
1900	93 
1901	48 
1902	11 
1903	21 
1904	70 
1905	44 
1906	44 
1907	6 
1908	62 
1909	14 
1910	36 
1911	57 
1912	54 
1913	85 
1914	7 
1915	34 
1916	56 
1917	23 
1918	73 
1919	71 
1920	90 
1921	6 
1922	13 
1923	19 
1924	70 
1925	81 
1926	19 
1927	25 
1928	64 
1929	64 
1930	26 
1931	82 
1932	36 
1933	74 
1934	90 
1935	77 
1936	75 
1937	3 
1938	84 
1939	73 
1940	91 
1941	46 
1942	86 
1943	3 
1944	47 
1945	31 
1946	21 
1947	72 
1948	41 
1949	30 
1950	81 
1951	40 
1952	51 
1953	37 
1954	25 
1955	69 
1956	21 
1957	2 
1958	67 
1959	3 
1960	8 
1961	48 
1962	63 
1963	8 
1964	13 
1965	26 
1966	77 
1967	72 
1968	57 
1969	89 
1970	76 
1971	88 
1972	30 
1973	1 
1974	80 
1975	67 
1976	35 
1977	7 
1978	47 
1979	62 
1980	13 
1981	26 
1982	81 
1983	13 
1984	2 
1985	86 
1986	12 
1987	75 
1988	38 
1989	47 
1990	3 
1991	24 
1992	82 
1993	55 
1994	86 
1995	30 
1996	78 
1997	21 
1998	50 
1999	70 
2000	52 
2001	48 
2002	64 
2003	18 
2004	1 
2005	90 
2006	11 
2007	21 
2008	3 
2009	65 
2010	92 
2011	75 
2012	56 
2013	29 
2014	16 
2015	94 
2016	13 
2017	49 
2018	93 
2019	40 
2020	26 
2021	2 
2022	79 
2023	25 
2024	71 
2025	83 
2026	67 
2027	16 
2028	63 
2029	94 
2030	88 
2031	13 
2032	86 
2033	62 
2034	47 
2035	50 
2036	32 
2037	17 
2038	39 
2039	56 
2040	13 
2041	70 
2042	59 
2043	23 
2044	13 
2045	27 
2046	67 
2047	49 
2048	46 
2049	23 
2050	52 
2051	84 
2052	49 
2053	2 
2054	24 
2055	68 
2056	74 
2057	30 
2058	89 
2059	33 
2060	67 
2061	35 
2062	30 
2063	21 
2064	30 
2065	28 
2066	82 
2067	34 
2068	47 
2069	27 
2070	3 
2071	15 
2072	91 
2073	44 
2074	40 
2075	38 
2076	78 
2077	19 
2078	22 
2079	89 
2080	56 
2081	4 
2082	86 
2083	13 
2084	13 
2085	3 
2086	86 
2087	56 
2088	34 
2089	13 
2090	70 
2091	44 
2092	49 
2093	19 
2094	54 
2095	95 
2096	95 
2097	76 
2098	21 
2099	73 
2100	49 
2101	81 
2102	53 
2103	67 
2104	24 
2105	49 
2106	62 
2107	17 
2108	26 
2109	24 
2110	65 
2111	6 
2112	62 
2113	69 
2114	16 
2115	94 
2116	7 
2117	71 
2118	78 
2119	30 
2120	63 
2121	77 
2122	57 
2123	78 
2124	71 
2125	15 
2126	79 
2127	41 
2128	14 
2129	34 
2130	63 
2131	91 
2132	94 
2133	56 
2134	82 
2135	84 
2136	72 
2137	78 
2138	74 
2139	33 
2140	85 
2141	37 
2142	36 
2143	21 
2144	64 
2145	44 
2146	49 
2147	35 
2148	94 
2149	19 
2150	36 
2151	50 
2152	49 
2153	31 
2154	5 
2155	33 
2156	64 
2157	49 
2158	66 
2159	61 
2160	79 
2161	2 
2162	43 
2163	14 
2164	32 
2165	3 
2166	82 
2167	41 
2168	44 
2169	22 
2170	72 
2171	84 
2172	47 
2173	73 
2174	23 
2175	15 
2176	2 
2177	41 
2178	55 
2179	80 
2180	26 
2181	42 
2182	80 
2183	34 
2184	17 
2185	5 
2186	22 
2187	53 
2188	34 
2189	77 
2190	56 
2191	12 
2192	61 
2193	23 
2194	13 
2195	75 
2196	74 
2197	6 
2198	14 
2199	33 
2200	15 
2201	78 
2202	26 
2203	86 
2204	64 
2205	50 
2206	94 
2207	11 
2208	60 
2209	92 
2210	70 
2211	2 
2212	39 
2213	54 
2214	63 
2215	56 
2216	87 
2217	72 
2218	2 
2219	34 
2220	70 
2221	34 
2222	47 
2223	86 
2224	78 
2225	64 
2226	40 
2227	80 
2228	46 
2229	46 
2230	9 
2231	94 
2232	29 
2233	35 
2234	25 
2235	47 
2236	95 
2237	82 
2238	77 
2239	66 
2240	87 
2241	74 
2242	32 
2243	81 
2244	64 
2245	11 
2246	44 
2247	22 
2248	20 
2249	86 
2250	43 
2251	4 
2252	54 
2253	40 
2254	47 
2255	58 
2256	44 
2257	80 
2258	45 
2259	54 
2260	31 
2261	4 
2262	37 
2263	54 
2264	40 
2265	88 
2266	31 
2267	14 
2268	68 
2269	74 
2270	12 
2271	77 
2272	41 
2273	14 
2274	91 
2275	88 
2276	44 
2277	92 
2278	3 
2279	70 
2280	84 
2281	50 
2282	64 
2283	63 
2284	34 
2285	74 
2286	74 
2287	69 
2288	13 
2289	66 
2290	79 
2291	15 
2292	70 
2293	23 
2294	17 
2295	55 
2296	81 
2297	18 
2298	60 
2299	82 
2300	61 
2301	48 
2302	70 
2303	18 
2304	35 
2305	79 
2306	66 
2307	90 
2308	51 
2309	57 
2310	65 
2311	19 
2312	12 
2313	15 
2314	74 
2315	11 
2316	55 
2317	95 
2318	86 
2319	58 
2320	74 
2321	64 
2322	42 
2323	86 
2324	83 
2325	31 
2326	2 
2327	48 
2328	53 
2329	49 
2330	11 
2331	1 
2332	93 
2333	95 
2334	30 
2335	18 
2336	79 
2337	3 
2338	22 
2339	40 
2340	83 
2341	21 
2342	10 
2343	15 
2344	54 
2345	85 
2346	30 
2347	82 
2348	26 
2349	64 
2350	29 
2351	38 
2352	71 
2353	92 
2354	28 
2355	62 
2356	94 
2357	92 
2358	37 
2359	65 
2360	55 
2361	21 
2362	43 
2363	57 
2364	68 
2365	94 
2366	48 
2367	31 
2368	35 
2369	73 
2370	37 
2371	80 
2372	17 
2373	41 
2374	27 
2375	58 
2376	73 
2377	55 
2378	17 
2379	1 
2380	94 
2381	88 
2382	49 
2383	76 
2384	30 
2385	79 
2386	72 
2387	13 
2388	2 
2389	86 
2390	36 
2391	34 
2392	86 
2393	39 
2394	31 
2395	32 
2396	23 
2397	65 
2398	1 
2399	38 
2400	44 
2401	66 
2402	76 
2403	53 
2404	50 
2405	28 
2406	42 
2407	78 
2408	80 
2409	64 
2410	15 
2411	42 
2412	25 
2413	33 
2414	72 
2415	92 
2416	43 
2417	11 
2418	13 
2419	23 
2420	21 
2421	55 
2422	46 
2423	22 
2424	1 
2425	50 
2426	49 
2427	6 
2428	71 
2429	76 
2430	42 
2431	27 
2432	46 
2433	44 
2434	86 
2435	70 
2436	27 
2437	86 
2438	34 
2439	9 
2440	7 
2441	77 
2442	67 
2443	41 
2444	29 
2445	82 
2446	36 
2447	46 
2448	34 
2449	54 
2450	50 
2451	27 
2452	35 
2453	84 
2454	6 
2455	86 
2456	41 
2457	42 
2458	60 
2459	67 
2460	89 
2461	54 
2462	80 
2463	41 
2464	53 
2465	57 
2466	41 
2467	62 
2468	1 
2469	85 
2470	81 
2471	58 
2472	90 
2473	58 
2474	48 
2475	41 
2476	31 
2477	45 
2478	85 
2479	1 
2480	36 
2481	77 
2482	35 
2483	51 
2484	55 
2485	85 
2486	12 
2487	69 
2488	52 
2489	3 
2490	43 
2491	86 
2492	2 
2493	40 
2494	26 
2495	66 
2496	11 
2497	74 
2498	21 
2499	78 
2500	13 
2501	40 
2502	86 
2503	1 
2504	34 
2505	86 
2506	72 
2507	4 
2508	13 
2509	43 
2510	72 
2511	49 
2512	56 
2513	6 
2514	94 
2515	58 
2516	93 
2517	31 
2518	44 
2519	6 
2520	34 
2521	36 
2522	69 
2523	26 
2524	9 
2525	93 
2526	10 
2527	64 
2528	36 
2529	13 
2530	41 
2531	79 
2532	94 
2533	4 
2534	27 
2535	41 
2536	74 
2537	32 
2538	74 
2539	77 
2540	35 
2541	55 
2542	39 
2543	43 
2544	56 
2545	74 
2546	45 
2547	25 
2548	71 
2549	71 
2550	27 
2551	6 
2552	11 
2553	63 
2554	43 
2555	23 
2556	4 
2557	27 
2558	68 
2559	10 
2560	54 
2561	34 
2562	83 
2563	76 
2564	74 
2565	83 
2566	84 
2567	53 
2568	54 
2569	62 
2570	35 
2571	77 
2572	67 
2573	3 
2574	1 
2575	28 
2576	59 
2577	47 
2578	61 
2579	39 
2580	37 
2581	1 
2582	75 
2583	14 
2584	75 
2585	58 
2586	29 
2587	2 
2588	4 
2589	54 
2590	3 
2591	2 
2592	77 
2593	86 
2594	45 
2595	74 
2596	72 
2597	44 
2598	20 
2599	87 
2600	41 
2601	85 
2602	38 
2603	94 
2604	23 
2605	61 
2606	13 
2607	49 
2608	6 
2609	70 
2610	65 
2611	77 
2612	87 
2613	35 
2614	7 
2615	71 
2616	65 
2617	77 
2618	54 
2619	91 
2620	65 
2621	22 
2622	82 
2623	30 
2624	95 
2625	53 
2626	83 
2627	13 
2628	2 
2629	85 
2630	73 
2631	83 
2632	42 
2633	7 
2634	33 
2635	44 
2636	23 
2637	56 
2638	9 
2639	73 
2640	22 
2641	67 
2642	6 
2643	6 
2644	2 
2645	19 
2646	89 
2647	73 
2648	13 
2649	81 
2650	70 
2651	80 
2652	86 
2653	23 
2654	67 
2655	95 
2656	41 
2657	75 
2658	17 
2659	13 
2660	61 
2661	67 
2662	65 
2663	29 
2664	33 
2665	60 
2666	62 
2667	74 
2668	36 
2669	38 
2670	40 
2671	74 
2672	43 
2673	48 
2674	7 
2675	63 
2676	1 
2677	26 
2678	69 
2679	60 
2680	29 
2681	74 
2682	92 
2683	70 
2684	72 
2685	40 
2686	9 
2687	62 
2688	81 
2689	35 
2690	22 
2691	8 
2692	41 
2693	70 
2694	41 
2695	71 
2696	91 
2697	34 
2698	13 
2699	68 
2700	17 
2701	27 
2702	28 
2703	22 
2704	2 
2705	71 
2706	4 
2707	35 
2708	36 
2709	90 
2710	58 
2711	26 
2712	3 
2713	1 
2714	46 
2715	28 
2716	44 
2717	7 
2718	19 
2719	71 
2720	49 
2721	47 
2722	34 
2723	49 
2724	40 
2725	27 
2726	21 
2727	58 
2728	33 
2729	39 
2730	95 
2731	74 
2732	13 
2733	78 
2734	33 
2735	72 
2736	41 
2737	37 
2738	17 
2739	49 
2740	41 
2741	2 
2742	89 
2743	41 
2744	44 
2745	73 
2746	11 
2747	53 
2748	55 
2749	36 
2750	20 
2751	29 
2752	22 
2753	19 
2754	92 
2755	68 
2756	91 
2757	57 
2758	58 
2759	37 
2760	70 
2761	60 
2762	26 
2763	22 
2764	70 
2765	81 
2766	91 
2767	95 
2768	94 
2769	73 
2770	13 
2771	59 
2772	49 
2773	41 
2774	20 
2775	54 
2776	83 
2777	78 
2778	83 
2779	21 
2780	79 
2781	95 
2782	49 
2783	80 
2784	41 
2785	20 
2786	50 
2787	69 
2788	27 
2789	56 
2790	24 
2791	39 
2792	24 
2793	77 
2794	77 
2795	32 
2796	78 
2797	7 
2798	53 
2799	77 
2800	61 
2801	78 
2802	14 
2803	49 
2804	4 
2805	71 
2806	15 
2807	6 
2808	4 
2809	87 
2810	70 
2811	63 
2812	44 
2813	14 
2814	72 
2815	47 
2816	90 
2817	26 
2818	67 
2819	43 
2820	39 
2821	74 
2822	53 
2823	75 
2824	82 
2825	21 
2826	22 
2827	53 
2828	44 
2829	62 
2830	89 
2831	73 
2832	7 
2833	74 
2834	26 
2835	87 
2836	40 
2837	7 
2838	50 
2839	54 
2840	59 
2841	13 
2842	34 
2843	23 
2844	95 
2845	25 
2846	71 
2847	68 
2848	33 
2849	11 
2850	12 
2851	65 
2852	4 
2853	1 
2854	66 
2855	6 
2856	16 
2857	32 
2858	71 
2859	32 
2860	29 
2861	14 
2862	72 
2863	30 
2864	26 
2865	36 
2866	36 
2867	15 
2868	55 
2869	67 
2870	11 
2871	59 
2872	18 
2873	26 
2874	93 
2875	7 
2876	43 
2877	41 
2878	80 
2879	47 
2880	60 
2881	13 
2882	92 
2883	40 
2884	91 
2885	79 
2886	17 
2887	13 
2888	78 
2889	41 
2890	47 
2891	36 
2892	50 
2893	93 
2894	93 
2895	82 
2896	30 
2897	38 
2898	34 
2899	90 
2900	3 
2901	44 
2902	18 
2903	23 
2904	63 
2905	17 
2906	9 
2907	37 
2908	39 
2909	81 
2910	26 
2911	25 
2912	21 
2913	31 
2914	14 
2915	4 
2916	78 
2917	17 
2918	77 
2919	7 
2920	6 
2921	61 
2922	18 
2923	88 
2924	11 
2925	82 
2926	9 
2927	17 
2928	7 
2929	58 
2930	65 
2931	46 
2932	5 
2933	90 
2934	35 
2935	35 
2936	36 
2937	66 
2938	4 
2939	17 
2940	51 
2941	13 
2942	41 
2943	22 
2944	32 
2945	70 
2946	65 
2947	24 
2948	60 
2949	2 
2950	66 
2951	20 
2952	34 
2953	35 
2954	23 
2955	58 
2956	33 
2957	78 
2958	91 
2959	77 
2960	36 
2961	86 
2962	44 
2963	64 
2964	73 
2965	1 
2966	74 
2967	79 
2968	40 
2969	70 
2970	92 
2971	70 
2972	55 
2973	35 
2974	22 
2975	64 
2976	78 
2977	1 
2978	64 
2979	4 
2980	30 
2981	50 
2982	86 
2983	44 
2984	46 
2985	3 
2986	49 
2987	6 
2988	8 
2989	24 
2990	20 
2991	87 
2992	66 
2993	70 
2994	41 
2995	59 
2996	4 
2997	46 
2998	32 
2999	2 
3000	26 
3001	36 
3002	72 
3003	15 
3004	72 
3005	9 
3006	14 
3007	78 
3008	25 
3009	29 
3010	17 
3011	51 
3012	41 
3013	72 
3014	63 
3015	27 
3016	80 
3017	33 
3018	67 
3019	19 
3020	9 
3021	87 
3022	90 
3023	95 
3024	50 
3025	46 
3026	95 
3027	24 
3028	56 
3029	17 
3030	40 
3031	2 
3032	14 
3033	32 
3034	9 
3035	26 
3036	26 
3037	92 
3038	69 
3039	78 
3040	23 
3041	43 
3042	9 
3043	65 
3044	91 
3045	66 
3046	84 
3047	77 
3048	19 
3049	89 
3050	27 
3051	3 
3052	33 
3053	33 
3054	62 
3055	94 
3056	62 
3057	16 
3058	18 
3059	42 
3060	12 
3061	86 
3062	55 
3063	75 
3064	33 
3065	36 
3066	44 
3067	17 
3068	83 
3069	17 
3070	13 
3071	41 
3072	94 
3073	86 
3074	53 
3075	57 
3076	23 
3077	63 
3078	2 
3079	94 
3080	82 
3081	9 
3082	87 
3083	94 
3084	21 
3085	23 
3086	20 
3087	4 
3088	6 
3089	6 
3090	81 
3091	80 
3092	11 
3093	72 
3094	48 
3095	64 
3096	30 
3097	83 
3098	65 
3099	22 
3100	50 
3101	14 
3102	7 
3103	11 
3104	48 
3105	86 
3106	45 
3107	53 
3108	86 
3109	44 
3110	48 
3111	21 
3112	48 
3113	91 
3114	77 
3115	40 
3116	85 
3117	30 
3118	77 
3119	6 
3120	34 
3121	6 
3122	35 
3123	45 
3124	93 
3125	11 
3126	64 
3127	10 
3128	78 
3129	21 
3130	43 
3131	66 
3132	13 
3133	2 
3134	44 
3135	92 
3136	37 
3137	79 
3138	79 
3139	54 
3140	90 
3141	52 
3142	70 
3143	37 
3144	19 
3145	93 
3146	91 
3147	66 
3148	89 
3149	93 
3150	30 
3151	33 
3152	86 
3153	16 
3154	34 
3155	63 
3156	54 
3157	75 
3158	55 
3159	49 
3160	42 
3161	20 
3162	17 
3163	67 
3164	69 
3165	51 
3166	6 
3167	66 
3168	37 
3169	88 
3170	95 
3171	2 
3172	3 
3173	86 
3174	48 
3175	55 
3176	6 
3177	40 
3178	49 
3179	36 
3180	70 
3181	58 
3182	44 
3183	47 
3184	83 
3185	2 
3186	34 
3187	49 
3188	65 
3189	46 
3190	92 
3191	63 
3192	47 
3193	6 
3194	70 
3195	69 
3196	6 
3197	79 
3198	30 
3199	54 
3200	53 
3201	9 
3202	79 
3203	67 
3204	94 
3205	84 
3206	2 
3207	46 
3208	44 
3209	71 
3210	43 
3211	41 
3212	88 
3213	4 
3214	33 
3215	26 
3216	88 
3217	67 
3218	38 
3219	42 
3220	1 
3221	64 
3222	56 
3223	59 
3224	13 
3225	79 
3226	35 
3227	72 
3228	79 
3229	23 
3230	2 
3231	53 
3232	15 
3233	9 
3234	71 
3235	13 
3236	2 
3237	39 
3238	64 
3239	80 
3240	34 
3241	94 
3242	20 
3243	93 
3244	56 
3245	49 
3246	86 
3247	6 
3248	65 
3249	27 
3250	33 
3251	33 
3252	46 
3253	60 
3254	18 
3255	72 
3256	48 
3257	26 
3258	21 
3259	37 
3260	70 
3261	53 
3262	56 
3263	53 
3264	11 
3265	40 
3266	64 
3267	44 
3268	60 
3269	50 
3270	21 
3271	16 
3272	3 
3273	61 
3274	71 
3275	76 
3276	66 
3277	47 
3278	63 
3279	92 
3280	23 
3281	21 
3282	44 
3283	21 
3284	33 
3285	23 
3286	2 
3287	2 
3288	81 
3289	34 
3290	27 
3291	81 
3292	20 
3293	64 
3294	47 
3295	78 
3296	74 
3297	53 
3298	54 
3299	52 
3300	34 
3301	89 
3302	22 
3303	21 
3304	17 
3305	8 
3306	11 
3307	8 
3308	3 
3309	23 
3310	19 
3311	3 
3312	60 
3313	21 
3314	70 
3315	74 
3316	31 
3317	40 
3318	83 
3319	2 
3320	92 
3321	70 
3322	12 
3323	58 
3324	65 
3325	75 
3326	4 
3327	32 
3328	2 
3329	39 
3330	35 
3331	74 
3332	23 
3333	93 
3334	33 
3335	74 
3336	88 
3337	87 
3338	56 
3339	72 
3340	3 
3341	19 
3342	57 
3343	24 
3344	54 
3345	6 
3346	95 
3347	90 
3348	36 
3349	70 
3350	23 
3351	23 
3352	94 
3353	84 
3354	81 
3355	24 
3356	28 
3357	44 
3358	14 
3359	14 
3360	37 
3361	71 
3362	72 
3363	29 
3364	3 
3365	32 
3366	19 
3367	83 
3368	49 
3369	86 
3370	45 
3371	74 
3372	20 
3373	82 
3374	4 
3375	17 
3376	27 
3377	7 
3378	24 
3379	69 
3380	31 
3381	94 
3382	50 
3383	39 
3384	80 
3385	47 
3386	83 
3387	37 
3388	66 
3389	30 
3390	21 
3391	33 
3392	94 
3393	89 
3394	48 
3395	34 
3396	63 
3397	86 
3398	42 
3399	35 
3400	8 
3401	1 
3402	88 
3403	16 
3404	44 
3405	66 
3406	83 
3407	67 
3408	69 
3409	86 
3410	34 
3411	42 
3412	32 
3413	47 
3414	71 
3415	6 
3416	41 
3417	51 
3418	86 
3419	32 
3420	90 
3421	60 
3422	5 
3423	72 
3424	72 
3425	45 
3426	12 
3427	1 
3428	31 
3429	38 
3430	2 
3431	70 
3432	1 
3433	49 
3434	94 
3435	26 
3436	16 
3437	22 
3438	26 
3439	34 
3440	9 
3441	57 
3442	20 
3443	65 
3444	73 
3445	36 
3446	13 
3447	42 
3448	49 
3449	54 
3450	93 
3451	37 
3452	86 
3453	41 
3454	7 
3455	51 
3456	95 
3457	86 
3458	44 
3459	51 
3460	71 
3461	1 
3462	65 
3463	93 
3464	3 
3465	41 
3466	80 
3467	40 
3468	36 
3469	11 
3470	19 
3471	74 
3472	66 
3473	7 
3474	35 
3475	53 
3476	79 
3477	75 
3478	17 
3479	21 
3480	57 
3481	80 
3482	40 
3483	4 
3484	24 
3485	63 
3486	39 
3487	43 
3488	2 
3489	95 
3490	11 
3491	60 
3492	48 
3493	27 
3494	63 
3495	39 
3496	50 
3497	74 
3498	4 
3499	44 
3500	3 
3501	71 
3502	13 
3503	29 
3504	10 
3505	47 
3506	26 
3507	16 
3508	56 
3509	21 
3510	52 
3511	21 
3512	72 
3513	20 
3514	41 
3515	13 
3516	11 
3517	4 
3518	21 
3519	86 
3520	52 
3521	66 
3522	71 
3523	7 
3524	50 
3525	64 
3526	6 
3527	1 
3528	5 
3529	32 
3530	52 
3531	74 
3532	84 
3533	34 
3534	7 
3535	17 
3536	92 
3537	40 
3538	83 
3539	34 
3540	15 
3541	34 
3542	66 
3543	8 
3544	5 
3545	44 
3546	49 
3547	39 
3548	86 
3549	40 
3550	56 
3551	49 
3552	38 
3553	58 
3554	31 
3555	58 
3556	46 
3557	49 
3558	47 
3559	17 
3560	39 
3561	20 
3562	81 
3563	60 
3564	52 
3565	19 
3566	33 
3567	57 
3568	36 
3569	18 
3570	80 
3571	56 
3572	95 
3573	71 
3574	72 
3575	67 
3576	70 
3577	64 
3578	11 
3579	44 
3580	83 
3581	94 
3582	23 
3583	74 
3584	63 
3585	7 
3586	49 
3587	42 
3588	78 
3589	14 
3590	18 
3591	52 
3592	27 
3593	85 
3594	33 
3595	53 
3596	13 
3597	74 
3598	58 
3599	3 
3600	64 
3601	35 
3602	40 
3603	94 
3604	29 
3605	41 
3606	65 
3607	89 
3608	19 
3609	5 
3610	94 
3611	79 
3612	57 
3613	20 
3614	9 
3615	38 
3616	81 
3617	71 
3618	18 
3619	64 
3620	93 
3621	49 
3622	21 
3623	72 
3624	23 
3625	21 
3626	83 
3627	27 
3628	46 
3629	74 
3630	17 
3631	17 
3632	6 
3633	80 
3634	40 
3635	70 
3636	34 
3637	37 
3638	32 
3639	53 
3640	17 
3641	45 
3642	34 
3643	40 
3644	27 
3645	27 
3646	74 
3647	41 
3648	72 
3649	26 
3650	83 
3651	6 
3652	55 
3653	45 
3654	59 
3655	64 
3656	12 
3657	37 
3658	92 
3659	77 
3660	39 
3661	41 
3662	44 
3663	43 
3664	22 
3665	29 
3666	12 
3667	86 
3668	23 
3669	3 
3670	37 
3671	36 
3672	80 
3673	80 
3674	65 
3675	24 
3676	30 
3677	18 
3678	41 
3679	33 
3680	34 
3681	92 
3682	65 
3683	78 
3684	45 
3685	13 
3686	71 
3687	94 
3688	26 
3689	11 
3690	41 
3691	92 
3692	58 
3693	1 
3694	46 
3695	21 
3696	41 
3697	5 
3698	16 
3699	79 
3700	47 
3701	38 
3702	46 
3703	74 
3704	24 
3705	44 
3706	10 
3707	36 
3708	48 
3709	50 
3710	82 
3711	49 
3712	6 
3713	4 
3714	55 
3715	47 
3716	32 
3717	44 
3718	94 
3719	94 
3720	26 
3721	72 
3722	18 
3723	63 
3724	77 
3725	6 
3726	37 
3727	11 
3728	3 
3729	90 
3730	6 
3731	12 
3732	44 
3733	75 
3734	75 
3735	30 
3736	31 
3737	58 
3738	59 
3739	94 
3740	85 
3741	6 
3742	81 
3743	6 
3744	45 
3745	40 
3746	33 
3747	16 
3748	22 
3749	52 
3750	14 
3751	40 
3752	81 
3753	21 
3754	86 
3755	94 
3756	93 
3757	22 
3758	4 
3759	41 
3760	92 
3761	22 
3762	39 
3763	74 
3764	63 
3765	4 
3766	49 
3767	2 
3768	26 
3769	25 
3770	23 
3771	1 
3772	16 
3773	93 
3774	27 
3775	93 
3776	10 
3777	1 
3778	51 
3779	78 
3780	72 
3781	49 
3782	18 
3783	58 
3784	86 
3785	52 
3786	31 
3787	18 
3788	69 
3789	69 
3790	70 
3791	26 
3792	56 
3793	70 
3794	47 
3795	40 
3796	72 
3797	25 
3798	69 
3799	57 
3800	24 
3801	16 
3802	43 
3803	51 
3804	33 
3805	59 
3806	92 
3807	23 
3808	94 
3809	28 
3810	64 
3811	17 
3812	3 
3813	17 
3814	56 
3815	22 
3816	47 
3817	68 
3818	77 
3819	34 
3820	54 
3821	64 
3822	35 
3823	27 
3824	92 
3825	47 
3826	43 
3827	35 
3828	35 
3829	23 
3830	48 
3831	61 
3832	91 
3833	29 
3834	18 
3835	95 
3836	64 
3837	26 
3838	84 
3839	13 
3840	44 
3841	27 
3842	26 
3843	72 
3844	30 
3845	29 
3846	86 
3847	41 
3848	80 
3849	1 
3850	10 
3851	60 
3852	27 
3853	21 
3854	14 
3855	37 
3856	73 
3857	17 
3858	36 
3859	12 
3860	28 
3861	12 
3862	80 
3863	82 
3864	79 
3865	69 
3866	19 
3867	24 
3868	40 
3869	3 
3870	93 
3871	92 
3872	41 
3873	26 
3874	4 
3875	60 
3876	12 
3877	93 
3878	47 
3879	95 
3880	43 
3881	26 
3882	94 
3883	58 
3884	17 
3885	44 
3886	1 
3887	37 
3888	49 
3889	42 
3890	92 
3891	15 
3892	40 
3893	77 
3894	30 
3895	39 
3896	25 
3897	10 
3898	52 
3899	13 
3900	88 
3901	15 
3902	23 
3903	60 
3904	1 
3905	74 
3906	45 
3907	3 
3908	95 
3909	53 
3910	9 
3911	52 
3912	20 
3913	21 
3914	56 
3915	33 
3916	60 
3917	44 
3918	94 
3919	16 
3920	74 
3921	44 
3922	20 
3923	78 
3924	24 
3925	43 
3926	2 
3927	54 
3928	72 
3929	65 
3930	50 
3931	67 
3932	93 
3933	49 
3934	65 
3935	27 
3936	18 
3937	95 
3938	39 
3939	83 
3940	86 
3941	68 
3942	59 
3943	63 
3944	13 
3945	88 
3946	34 
3947	1 
3948	48 
3949	23 
3950	75 
3951	77 
3952	24 
3953	2 
3954	55 
3955	16 
3956	56 
3957	23 
3958	48 
3959	71 
3960	23 
3961	26 
3962	23 
3963	52 
3964	64 
3965	56 
3966	71 
3967	91 
3968	63 
3969	87 
3970	39 
3971	47 
3972	26 
3973	63 
3974	35 
3975	73 
3976	44 
3977	37 
3978	20 
3979	14 
3980	95 
3981	41 
3982	77 
3983	45 
3984	57 
3985	46 
3986	94 
3987	46 
3988	82 
3989	42 
3990	18 
3991	9 
3992	70 
3993	63 
3994	80 
3995	77 
3996	6 
3997	82 
3998	41 
3999	82 
4000	29 
4001	44 
4002	2 
4003	80 
4004	49 
4005	14 
4006	2 
4007	3 
4008	16 
4009	49 
4010	31 
4011	6 
4012	62 
4013	31 
4014	6 
4015	80 
4016	88 
4017	68 
4018	31 
4019	15 
4020	77 
4021	63 
4022	77 
4023	79 
4024	73 
4025	30 
4026	26 
4027	45 
4028	54 
4029	32 
4030	95 
4031	8 
4032	41 
4033	42 
4034	13 
4035	34 
4036	20 
4037	61 
4038	50 
4039	89 
4040	58 
4041	1 
4042	56 
4043	20 
4044	62 
4045	46 
4046	74 
4047	71 
4048	56 
4049	92 
4050	13 
4051	78 
4052	85 
4053	71 
4054	74 
4055	9 
4056	80 
4057	54 
4058	72 
4059	14 
4060	52 
4061	80 
4062	29 
4063	93 
4064	94 
4065	27 
4066	6 
4067	10 
4068	54 
4069	60 
4070	70 
4071	17 
4072	40 
4073	17 
4074	20 
4075	32 
4076	70 
4077	48 
4078	63 
4079	50 
4080	93 
4081	4 
4082	48 
4083	4 
4084	45 
4085	56 
4086	58 
4087	26 
4088	50 
4089	77 
4090	77 
4091	60 
4092	32 
4093	86 
4094	25 
4095	47 
4096	58 
4097	80 
4098	82 
4099	83 
4100	2 
4101	57 
4102	11 
4103	55 
4104	18 
4105	67 
4106	92 
4107	72 
4108	95 
4109	1 
4110	54 
4111	93 
4112	42 
4113	5 
4114	79 
4115	35 
4116	70 
4117	16 
4118	15 
4119	93 
4120	93 
4121	71 
4122	95 
4123	49 
4124	35 
4125	26 
4126	63 
4127	13 
4128	54 
4129	64 
4130	49 
4131	46 
4132	33 
4133	11 
4134	27 
4135	92 
4136	21 
4137	8 
4138	43 
4139	23 
4140	53 
4141	16 
4142	93 
4143	26 
4144	41 
4145	22 
4146	66 
4147	90 
4148	74 
4149	26 
4150	4 
4151	52 
4152	44 
4153	37 
4154	10 
4155	82 
4156	6 
4157	5 
4158	21 
4159	56 
4160	68 
4161	67 
4162	46 
4163	91 
4164	91 
4165	26 
4166	92 
4167	4 
4168	36 
4169	80 
4170	34 
4171	82 
4172	45 
4173	72 
4174	15 
4175	44 
4176	45 
4177	89 
4178	21 
4179	53 
4180	46 
4181	35 
4182	68 
4183	93 
4184	6 
4185	26 
4186	29 
4187	45 
4188	13 
4189	82 
4190	10 
4191	26 
4192	41 
4193	46 
4194	21 
4195	19 
4196	44 
4197	78 
4198	52 
4199	91 
4200	81 
4201	52 
4202	77 
4203	56 
4204	44 
4205	11 
4206	65 
4207	62 
4208	60 
4209	58 
4210	55 
4211	1 
4212	49 
4213	69 
4214	6 
4215	47 
4216	29 
4217	35 
4218	93 
4219	63 
4220	85 
4221	28 
4222	4 
4223	40 
4224	52 
4225	16 
4226	19 
4227	72 
4228	21 
4229	50 
4230	26 
4231	77 
4232	80 
4233	26 
4234	51 
4235	31 
4236	6 
4237	68 
4238	3 
4239	93 
4240	41 
4241	82 
4242	13 
4243	1 
4244	44 
4245	80 
4246	3 
4247	32 
4248	26 
4249	67 
4250	25 
4251	86 
4252	7 
4253	47 
4254	80 
4255	58 
4256	71 
4257	80 
4258	82 
4259	10 
4260	78 
4261	8 
4262	39 
4263	58 
4264	4 
4265	19 
4266	21 
4267	92 
4268	94 
4269	37 
4270	7 
4271	74 
4272	26 
4273	58 
4274	20 
4275	65 
4276	2 
4277	68 
4278	21 
4279	52 
4280	17 
4281	86 
4282	95 
4283	8 
4284	49 
4285	82 
4286	39 
4287	37 
4288	56 
4289	80 
4290	11 
4291	26 
4292	10 
4293	59 
4294	75 
4295	77 
4296	32 
4297	63 
4298	62 
4299	34 
4300	80 
4301	77 
4302	85 
4303	56 
4304	77 
4305	69 
4306	21 
4307	37 
4308	70 
4309	2 
4310	40 
4311	16 
4312	9 
4313	48 
4314	10 
4315	56 
4316	24 
4317	93 
4318	24 
4319	80 
4320	4 
4321	86 
4322	80 
4323	49 
4324	57 
4325	79 
4326	1 
4327	22 
4328	88 
4329	9 
4330	42 
4331	29 
4332	47 
4333	58 
4334	61 
4335	6 
4336	41 
4337	95 
4338	87 
4339	9 
4340	78 
4341	30 
4342	50 
4343	9 
4344	72 
4345	33 
4346	7 
4347	65 
4348	92 
4349	18 
4350	29 
4351	57 
4352	71 
4353	2 
4354	38 
4355	80 
4356	45 
4357	78 
4358	57 
4359	16 
4360	34 
4361	50 
4362	34 
4363	38 
4364	78 
4365	65 
4366	85 
4367	29 
4368	30 
4369	20 
4370	85 
4371	82 
4372	93 
4373	95 
4374	42 
4375	37 
4376	94 
4377	90 
4378	39 
4379	64 
4380	58 
4381	17 
4382	50 
4383	69 
4384	86 
4385	11 
4386	14 
4387	91 
4388	71 
4389	40 
4390	71 
4391	51 
4392	13 
4393	70 
4394	25 
4395	29 
4396	13 
4397	66 
4398	53 
4399	2 
4400	15 
4401	80 
4402	24 
4403	7 
4404	58 
4405	3 
4406	42 
4407	47 
4408	33 
4409	3 
4410	49 
4411	65 
4412	24 
4413	72 
4414	6 
4415	82 
4416	40 
4417	34 
4418	36 
4419	73 
4420	81 
4421	25 
4422	66 
4423	66 
4424	54 
4425	9 
4426	30 
4427	62 
4428	93 
4429	84 
4430	6 
4431	52 
4432	40 
4433	18 
4434	89 
4435	67 
4436	82 
4437	91 
4438	29 
4439	82 
4440	53 
4441	6 
4442	24 
4443	44 
4444	9 
4445	50 
4446	2 
4447	92 
4448	92 
4449	94 
4450	35 
4451	89 
4452	7 
4453	7 
4454	42 
4455	92 
4456	23 
4457	46 
4458	94 
4459	87 
4460	24 
4461	26 
4462	75 
4463	24 
4464	23 
4465	13 
4466	37 
4467	74 
4468	29 
4469	41 
4470	85 
4471	41 
4472	3 
4473	92 
4474	70 
4475	45 
4476	19 
4477	94 
4478	6 
4479	15 
4480	74 
4481	81 
4482	46 
4483	94 
4484	15 
4485	44 
4486	93 
4487	70 
4488	23 
4489	3 
4490	45 
4491	62 
4492	50 
4493	53 
4494	41 
4495	75 
4496	42 
4497	2 
4498	1 
4499	84 
4500	80 
4501	89 
4502	1 
4503	1 
4504	82 
4505	62 
4506	31 
4507	2 
4508	73 
4509	77 
4510	64 
4511	2 
4512	35 
4513	74 
4514	33 
4515	81 
4516	67 
4517	33 
4518	31 
4519	69 
4520	77 
4521	79 
4522	92 
4523	24 
4524	92 
4525	26 
4526	79 
4527	47 
4528	2 
4529	91 
4530	36 
4531	30 
4532	70 
4533	13 
4534	39 
4535	71 
4536	40 
4537	89 
4538	86 
4539	38 
4540	46 
4541	51 
4542	64 
4543	9 
4544	89 
4545	3 
4546	57 
4547	73 
4548	32 
4549	61 
4550	61 
4551	65 
4552	51 
4553	3 
4554	33 
4555	58 
4556	22 
4557	10 
4558	40 
4559	56 
4560	29 
4561	57 
4562	27 
4563	58 
4564	86 
4565	83 
4566	13 
4567	6 
4568	64 
4569	70 
4570	32 
4571	1 
4572	7 
4573	23 
4574	38 
4575	47 
4576	53 
4577	32 
4578	11 
4579	14 
4580	6 
4581	47 
4582	95 
4583	1 
4584	26 
4585	39 
4586	27 
4587	93 
4588	23 
4589	17 
4590	26 
4591	36 
4592	18 
4593	11 
4594	50 
4595	17 
4596	34 
4597	38 
4598	41 
4599	20 
4600	91 
4601	4 
4602	36 
4603	1 
4604	22 
4605	72 
4606	19 
4607	10 
4608	36 
4609	81 
4610	74 
4611	11 
4612	73 
4613	47 
4614	94 
4615	51 
4616	58 
4617	40 
4618	17 
4619	77 
4620	22 
4621	82 
4622	2 
4623	79 
4624	51 
4625	52 
4626	27 
4627	53 
4628	3 
4629	6 
4630	34 
4631	86 
4632	39 
4633	69 
4634	4 
4635	7 
4636	67 
4637	41 
4638	49 
4639	44 
4640	4 
4641	63 
4642	26 
4643	36 
4644	11 
4645	20 
4646	20 
4647	91 
4648	39 
4649	2 
4650	71 
4651	54 
4652	80 
4653	53 
4654	2 
4655	86 
4656	34 
4657	64 
4658	48 
4659	22 
4660	83 
4661	19 
4662	9 
4663	86 
4664	57 
4665	22 
4666	77 
4667	33 
4668	30 
4669	26 
4670	17 
4671	94 
4672	73 
4673	52 
4674	23 
4675	35 
4676	73 
4677	42 
4678	80 
4679	94 
4680	37 
4681	58 
4682	4 
4683	53 
4684	81 
4685	65 
4686	55 
4687	35 
4688	46 
4689	3 
4690	93 
4691	27 
4692	18 
4693	78 
4694	26 
4695	1 
4696	56 
4697	26 
4698	79 
4699	49 
4700	71 
4701	71 
4702	50 
4703	68 
4704	70 
4705	47 
4706	92 
4707	19 
4708	44 
4709	62 
4710	9 
4711	35 
4712	18 
4713	16 
4714	79 
4715	34 
4716	33 
4717	49 
4718	29 
4719	71 
4720	1 
4721	23 
4722	50 
4723	44 
4724	69 
4725	89 
4726	80 
4727	29 
4728	2 
4729	6 
4730	24 
4731	72 
4732	86 
4733	70 
4734	41 
4735	86 
4736	55 
4737	40 
4738	22 
4739	63 
4740	40 
4741	48 
4742	21 
4743	62 
4744	19 
4745	41 
4746	69 
4747	6 
4748	17 
4749	37 
4750	21 
4751	69 
4752	44 
4753	45 
4754	13 
4755	65 
4756	34 
4757	56 
4758	20 
4759	21 
4760	56 
4761	16 
4762	40 
4763	74 
4764	86 
4765	21 
4766	72 
4767	26 
4768	60 
4769	70 
4770	92 
4771	33 
4772	78 
4773	63 
4774	22 
4775	4 
4776	45 
4777	6 
4778	39 
4779	72 
4780	45 
4781	21 
4782	67 
4783	80 
4784	31 
4785	6 
4786	26 
4787	79 
4788	80 
4789	49 
4790	82 
4791	21 
4792	6 
4793	37 
4794	70 
4795	67 
4796	95 
4797	11 
4798	39 
4799	82 
4800	33 
4801	13 
4802	47 
4803	44 
4804	54 
4805	62 
4806	63 
4807	3 
4808	74 
4809	36 
4810	29 
4811	65 
4812	89 
4813	26 
4814	78 
4815	27 
4816	70 
4817	34 
4818	21 
4819	62 
4820	20 
4821	24 
4822	37 
4823	60 
4824	1 
4825	54 
4826	72 
4827	56 
4828	43 
4829	80 
4830	27 
4831	23 
4832	27 
4833	30 
4834	35 
4835	7 
4836	19 
4837	64 
4838	2 
4839	11 
4840	17 
4841	2 
4842	18 
4843	50 
4844	40 
4845	95 
4846	94 
4847	64 
4848	41 
4849	49 
4850	72 
4851	19 
4852	14 
4853	64 
4854	13 
4855	91 
4856	18 
4857	39 
4858	41 
4859	95 
4860	42 
4861	2 
4862	70 
4863	82 
4864	37 
4865	82 
4866	7 
4867	22 
4868	2 
4869	26 
4870	41 
4871	83 
4872	33 
4873	45 
4874	3 
4875	44 
4876	11 
4877	56 
4878	26 
4879	30 
4880	86 
4881	11 
4882	6 
4883	92 
4884	78 
4885	47 
4886	26 
4887	35 
4888	47 
4889	1 
4890	30 
4891	70 
4892	92 
4893	81 
4894	71 
4895	24 
4896	13 
4897	93 
4898	21 
4899	86 
4900	65 
4901	33 
4902	40 
4903	50 
4904	34 
4905	6 
4906	77 
4907	95 
4908	49 
4909	71 
4910	94 
4911	56 
4912	70 
4913	19 
4914	27 
4915	74 
4916	50 
4917	77 
4918	30 
4919	56 
4920	40 
4921	20 
4922	45 
4923	40 
4924	41 
4925	23 
4926	70 
4927	92 
4928	65 
4929	45 
4930	81 
4931	24 
4932	47 
4933	50 
4934	19 
4935	26 
4936	69 
4937	86 
4938	21 
4939	3 
4940	40 
4941	36 
4942	11 
4943	58 
4944	26 
4945	11 
4946	72 
4947	27 
4948	7 
4949	80 
4950	82 
4951	95 
4952	4 
4953	74 
4954	17 
4955	92 
4956	64 
4957	65 
4958	17 
4959	92 
4960	95 
4961	13 
4962	24 
4963	86 
4964	26 
4965	29 
4966	69 
4967	69 
4968	93 
4969	23 
4970	71 
4971	17 
4972	27 
4973	93 
4974	27 
4975	37 
4976	41 
4977	77 
4978	65 
4979	11 
4980	11 
4981	26 
4982	56 
4983	86 
4984	77 
4985	71 
4986	95 
4987	1 
4988	77 
4989	30 
4990	37 
4991	47 
4992	3 
4993	86 
4994	65 
4995	30 
4996	36 
4997	50 
4998	78 
4999	50 
5000	74 
