1	76 
2	63 
3	108 
4	82 
5	6 
6	47 
7	59 
8	108 
9	71 
10	2 
11	97 
12	68 
13	62 
14	103 
15	18 
16	88 
17	78 
18	45 
19	47 
20	75 
21	4 
22	8 
23	27 
24	58 
25	12 
26	97 
27	110 
28	103 
29	100 
30	43 
31	57 
32	22 
33	72 
34	103 
35	56 
36	54 
37	19 
38	59 
39	36 
40	69 
41	62 
42	83 
43	64 
44	32 
45	52 
46	51 
47	91 
48	62 
49	59 
50	29 
51	88 
52	30 
53	69 
54	95 
55	74 
56	104 
57	52 
58	110 
59	36 
60	101 
61	25 
62	11 
63	77 
64	78 
65	77 
66	29 
67	77 
68	83 
69	79 
70	78 
71	8 
72	22 
73	95 
74	53 
75	66 
76	92 
77	75 
78	4 
79	52 
80	96 
81	92 
82	96 
83	90 
84	88 
85	44 
86	95 
87	26 
88	5 
89	33 
90	106 
91	20 
92	35 
93	52 
94	74 
95	53 
96	67 
97	101 
98	50 
99	84 
100	103 
101	13 
102	28 
103	92 
104	17 
105	110 
106	51 
107	78 
108	8 
109	72 
110	88 
111	95 
112	32 
113	47 
114	101 
115	29 
116	101 
117	41 
118	109 
119	105 
120	13 
121	38 
122	29 
123	99 
124	40 
125	78 
126	27 
127	110 
128	17 
129	34 
130	11 
131	74 
132	89 
133	103 
134	67 
135	33 
136	1 
137	32 
138	62 
139	21 
140	91 
141	29 
142	13 
143	62 
144	18 
145	46 
146	74 
147	98 
148	21 
149	60 
150	110 
151	88 
152	88 
153	27 
154	30 
155	98 
156	27 
157	106 
158	67 
159	103 
160	111 
161	69 
162	23 
163	18 
164	61 
165	36 
166	6 
167	36 
168	52 
169	18 
170	32 
171	91 
172	1 
173	47 
174	53 
175	23 
176	57 
177	25 
178	58 
179	2 
180	69 
181	25 
182	31 
183	71 
184	18 
185	108 
186	3 
187	27 
188	75 
189	49 
190	111 
191	47 
192	101 
193	10 
194	8 
195	24 
196	74 
197	29 
198	77 
199	55 
200	21 
201	66 
202	62 
203	5 
204	87 
205	8 
206	8 
207	40 
208	60 
209	8 
210	9 
211	41 
212	78 
213	41 
214	40 
215	58 
216	46 
217	110 
218	109 
219	44 
220	45 
221	15 
222	102 
223	54 
224	25 
225	77 
226	73 
227	27 
228	18 
229	69 
230	88 
231	36 
232	72 
233	42 
234	77 
235	39 
236	63 
237	62 
238	59 
239	8 
240	75 
241	3 
242	24 
243	91 
244	53 
245	92 
246	110 
247	33 
248	96 
249	90 
250	24 
251	35 
252	30 
253	15 
254	67 
255	13 
256	90 
257	67 
258	79 
259	12 
260	58 
261	51 
262	67 
263	15 
264	32 
265	57 
266	37 
267	19 
268	25 
269	97 
270	108 
271	34 
272	91 
273	43 
274	71 
275	25 
276	42 
277	77 
278	103 
279	84 
280	71 
281	71 
282	12 
283	76 
284	63 
285	61 
286	40 
287	66 
288	32 
289	96 
290	104 
291	30 
292	67 
293	27 
294	31 
295	63 
296	38 
297	88 
298	43 
299	48 
300	94 
301	34 
302	104 
303	21 
304	110 
305	74 
306	88 
307	100 
308	65 
309	74 
310	105 
311	52 
312	69 
313	29 
314	60 
315	72 
316	91 
317	92 
318	68 
319	38 
320	87 
321	8 
322	51 
323	101 
324	69 
325	66 
326	78 
327	49 
328	59 
329	1 
330	82 
331	27 
332	52 
333	95 
334	40 
335	81 
336	41 
337	27 
338	54 
339	110 
340	29 
341	77 
342	10 
343	52 
344	47 
345	5 
346	87 
347	57 
348	104 
349	83 
350	80 
351	69 
352	56 
353	13 
354	81 
355	78 
356	107 
357	38 
358	40 
359	89 
360	104 
361	46 
362	78 
363	61 
364	75 
365	42 
366	13 
367	27 
368	8 
369	52 
370	56 
371	77 
372	60 
373	62 
374	27 
375	44 
376	78 
377	61 
378	34 
379	72 
380	107 
381	69 
382	6 
383	34 
384	32 
385	91 
386	81 
387	17 
388	82 
389	76 
390	20 
391	6 
392	75 
393	62 
394	96 
395	49 
396	74 
397	20 
398	107 
399	103 
400	87 
401	100 
402	103 
403	48 
404	74 
405	17 
406	68 
407	55 
408	25 
409	27 
410	19 
411	49 
412	60 
413	74 
414	78 
415	5 
416	69 
417	78 
418	28 
419	110 
420	36 
421	67 
422	103 
423	95 
424	29 
425	33 
426	8 
427	69 
428	54 
429	11 
430	45 
431	73 
432	28 
433	111 
434	47 
435	59 
436	98 
437	44 
438	69 
439	88 
440	27 
441	78 
442	32 
443	25 
444	15 
445	86 
446	88 
447	27 
448	74 
449	103 
450	76 
451	36 
452	71 
453	41 
454	11 
455	85 
456	32 
457	61 
458	72 
459	79 
460	11 
461	8 
462	89 
463	80 
464	33 
465	49 
466	30 
467	58 
468	4 
469	85 
470	15 
471	103 
472	53 
473	27 
474	94 
475	87 
476	65 
477	39 
478	31 
479	111 
480	7 
481	91 
482	69 
483	66 
484	59 
485	94 
486	53 
487	51 
488	79 
489	24 
490	22 
491	18 
492	44 
493	89 
494	107 
495	6 
496	67 
497	69 
498	2 
499	81 
500	84 
501	63 
502	58 
503	78 
504	103 
505	4 
506	92 
507	14 
508	43 
509	40 
510	107 
511	63 
512	74 
513	78 
514	109 
515	51 
516	5 
517	51 
518	53 
519	15 
520	9 
521	104 
522	53 
523	36 
524	88 
525	29 
526	18 
527	7 
528	62 
529	28 
530	67 
531	8 
532	52 
533	13 
534	93 
535	7 
536	69 
537	21 
538	13 
539	3 
540	76 
541	70 
542	49 
543	106 
544	5 
545	20 
546	29 
547	56 
548	101 
549	102 
550	69 
551	57 
552	27 
553	5 
554	64 
555	97 
556	77 
557	16 
558	70 
559	106 
560	95 
561	54 
562	11 
563	80 
564	8 
565	74 
566	102 
567	47 
568	40 
569	52 
570	84 
571	35 
572	42 
573	105 
574	27 
575	83 
576	17 
577	100 
578	75 
579	17 
580	27 
581	103 
582	27 
583	12 
584	8 
585	100 
586	75 
587	110 
588	100 
589	8 
590	47 
591	25 
592	29 
593	36 
594	102 
595	40 
596	52 
597	33 
598	78 
599	8 
600	51 
601	66 
602	35 
603	78 
604	105 
605	88 
606	99 
607	6 
608	81 
609	87 
610	29 
611	29 
612	38 
613	15 
614	20 
615	51 
616	35 
617	85 
618	26 
619	36 
620	73 
621	66 
622	1 
623	51 
624	102 
625	62 
626	41 
627	70 
628	94 
629	40 
630	64 
631	101 
632	83 
633	77 
634	62 
635	100 
636	101 
637	22 
638	45 
639	101 
640	10 
641	69 
642	9 
643	34 
644	15 
645	33 
646	75 
647	22 
648	74 
649	17 
650	61 
651	29 
652	47 
653	105 
654	14 
655	107 
656	15 
657	71 
658	29 
659	38 
660	21 
661	72 
662	52 
663	17 
664	101 
665	42 
666	23 
667	71 
668	56 
669	32 
670	25 
671	62 
672	7 
673	29 
674	48 
675	62 
676	69 
677	62 
678	35 
679	33 
680	39 
681	50 
682	49 
683	76 
684	19 
685	76 
686	101 
687	78 
688	15 
689	39 
690	71 
691	9 
692	8 
693	36 
694	90 
695	98 
696	50 
697	6 
698	27 
699	80 
700	61 
701	17 
702	23 
703	25 
704	69 
705	5 
706	36 
707	52 
708	61 
709	59 
710	81 
711	69 
712	12 
713	40 
714	16 
715	24 
716	43 
717	61 
718	7 
719	5 
720	28 
721	5 
722	36 
723	36 
724	27 
725	106 
726	58 
727	20 
728	110 
729	19 
730	43 
731	83 
732	8 
733	52 
734	27 
735	67 
736	69 
737	9 
738	19 
739	78 
740	67 
741	51 
742	40 
743	35 
744	8 
745	100 
746	84 
747	111 
748	83 
749	75 
750	100 
751	24 
752	21 
753	32 
754	17 
755	21 
756	78 
757	33 
758	34 
759	38 
760	41 
761	74 
762	30 
763	59 
764	90 
765	49 
766	61 
767	30 
768	39 
769	85 
770	61 
771	106 
772	67 
773	36 
774	9 
775	98 
776	110 
777	62 
778	95 
779	47 
780	76 
781	98 
782	26 
783	30 
784	40 
785	57 
786	6 
787	21 
788	76 
789	13 
790	11 
791	100 
792	27 
793	78 
794	39 
795	22 
796	103 
797	56 
798	76 
799	106 
800	24 
801	22 
802	90 
803	52 
804	8 
805	30 
806	26 
807	30 
808	7 
809	29 
810	9 
811	103 
812	93 
813	8 
814	34 
815	103 
816	76 
817	24 
818	12 
819	14 
820	21 
821	92 
822	103 
823	35 
824	52 
825	59 
826	62 
827	97 
828	27 
829	49 
830	27 
831	48 
832	17 
833	89 
834	65 
835	25 
836	36 
837	18 
838	83 
839	46 
840	84 
841	97 
842	42 
843	32 
844	19 
845	96 
846	2 
847	36 
848	109 
849	70 
850	5 
851	5 
852	92 
853	14 
854	97 
855	19 
856	17 
857	58 
858	103 
859	61 
860	48 
861	12 
862	29 
863	103 
864	60 
865	17 
866	88 
867	40 
868	49 
869	42 
870	78 
871	72 
872	62 
873	86 
874	93 
875	65 
876	103 
877	76 
878	56 
879	38 
880	61 
881	87 
882	27 
883	95 
884	5 
885	56 
886	31 
887	25 
888	103 
889	92 
890	4 
891	53 
892	103 
893	83 
894	34 
895	18 
896	55 
897	25 
898	17 
899	65 
900	83 
901	66 
902	89 
903	90 
904	83 
905	88 
906	96 
907	43 
908	70 
909	53 
910	32 
911	38 
912	42 
913	29 
914	79 
915	69 
916	5 
917	49 
918	53 
919	30 
920	53 
921	20 
922	6 
923	35 
924	25 
925	60 
926	19 
927	34 
928	60 
929	83 
930	29 
931	30 
932	85 
933	15 
934	37 
935	71 
936	8 
937	16 
938	88 
939	103 
940	30 
941	81 
942	43 
943	104 
944	28 
945	36 
946	25 
947	31 
948	56 
949	81 
950	36 
951	18 
952	99 
953	19 
954	39 
955	15 
956	74 
957	37 
958	78 
959	80 
960	18 
961	15 
962	51 
963	77 
964	88 
965	49 
966	74 
967	5 
968	36 
969	104 
970	93 
971	64 
972	29 
973	45 
974	29 
975	53 
976	27 
977	73 
978	86 
979	97 
980	87 
981	90 
982	52 
983	24 
984	75 
985	39 
986	36 
987	24 
988	71 
989	22 
990	100 
991	73 
992	39 
993	42 
994	91 
995	27 
996	83 
997	27 
998	40 
999	9 
1000	105 
1001	3 
1002	52 
1003	84 
1004	71 
1005	36 
1006	32 
1007	28 
1008	98 
1009	29 
1010	107 
1011	107 
1012	76 
1013	36 
1014	103 
1015	39 
1016	21 
1017	13 
1018	65 
1019	4 
1020	57 
1021	50 
1022	100 
1023	47 
1024	74 
1025	8 
1026	49 
1027	73 
1028	88 
1029	62 
1030	105 
1031	35 
1032	100 
1033	39 
1034	30 
1035	67 
1036	77 
1037	36 
1038	91 
1039	65 
1040	70 
1041	21 
1042	49 
1043	49 
1044	52 
1045	15 
1046	70 
1047	80 
1048	69 
1049	54 
1050	79 
1051	61 
1052	56 
1053	61 
1054	52 
1055	67 
1056	98 
1057	33 
1058	90 
1059	85 
1060	92 
1061	109 
1062	39 
1063	27 
1064	83 
1065	90 
1066	33 
1067	70 
1068	27 
1069	77 
1070	37 
1071	61 
1072	27 
1073	30 
1074	15 
1075	69 
1076	100 
1077	25 
1078	101 
1079	74 
1080	62 
1081	73 
1082	74 
1083	3 
1084	79 
1085	16 
1086	78 
1087	57 
1088	53 
1089	5 
1090	59 
1091	76 
1092	33 
1093	66 
1094	22 
1095	76 
1096	8 
1097	72 
1098	58 
1099	66 
1100	49 
1101	42 
1102	58 
1103	9 
1104	63 
1105	27 
1106	85 
1107	70 
1108	57 
1109	9 
1110	30 
1111	45 
1112	106 
1113	74 
1114	62 
1115	15 
1116	29 
1117	97 
1118	63 
1119	90 
1120	72 
1121	27 
1122	28 
1123	18 
1124	40 
1125	9 
1126	29 
1127	44 
1128	42 
1129	27 
1130	57 
1131	28 
1132	96 
1133	43 
1134	38 
1135	80 
1136	47 
1137	5 
1138	49 
1139	1 
1140	5 
1141	36 
1142	1 
1143	52 
1144	78 
1145	36 
1146	62 
1147	25 
1148	69 
1149	24 
1150	9 
1151	5 
1152	23 
1153	74 
1154	40 
1155	107 
1156	38 
1157	2 
1158	91 
1159	47 
1160	43 
1161	23 
1162	6 
1163	103 
1164	74 
1165	45 
1166	23 
1167	33 
1168	74 
1169	24 
1170	64 
1171	30 
1172	34 
1173	40 
1174	74 
1175	107 
1176	15 
1177	80 
1178	9 
1179	20 
1180	2 
1181	96 
1182	79 
1183	52 
1184	66 
1185	8 
1186	76 
1187	106 
1188	83 
1189	68 
1190	56 
1191	110 
1192	6 
1193	18 
1194	110 
1195	25 
1196	95 
1197	62 
1198	2 
1199	104 
1200	16 
1201	54 
1202	32 
1203	74 
1204	14 
1205	110 
1206	36 
1207	52 
1208	56 
1209	77 
1210	106 
1211	29 
1212	78 
1213	51 
1214	30 
1215	109 
1216	101 
1217	83 
1218	80 
1219	25 
1220	59 
1221	111 
1222	36 
1223	107 
1224	27 
1225	15 
1226	109 
1227	77 
1228	37 
1229	34 
1230	51 
1231	56 
1232	50 
1233	100 
1234	25 
1235	57 
1236	67 
1237	29 
1238	8 
1239	88 
1240	30 
1241	79 
1242	49 
1243	95 
1244	108 
1245	2 
1246	20 
1247	35 
1248	89 
1249	59 
1250	46 
1251	81 
1252	105 
1253	88 
1254	55 
1255	54 
1256	53 
1257	69 
1258	111 
1259	100 
1260	19 
1261	91 
1262	3 
1263	105 
1264	17 
1265	102 
1266	25 
1267	28 
1268	93 
1269	49 
1270	21 
1271	8 
1272	82 
1273	49 
1274	74 
1275	8 
1276	9 
1277	52 
1278	15 
1279	49 
1280	94 
1281	4 
1282	13 
1283	39 
1284	107 
1285	81 
1286	87 
1287	30 
1288	29 
1289	13 
1290	27 
1291	40 
1292	39 
1293	21 
1294	62 
1295	11 
1296	4 
1297	8 
1298	62 
1299	95 
1300	30 
1301	22 
1302	3 
1303	91 
1304	52 
1305	91 
1306	57 
1307	27 
1308	72 
1309	49 
1310	94 
1311	40 
1312	20 
1313	75 
1314	91 
1315	103 
1316	87 
1317	36 
1318	69 
1319	106 
1320	30 
1321	90 
1322	18 
1323	7 
1324	20 
1325	100 
1326	43 
1327	58 
1328	50 
1329	103 
1330	74 
1331	60 
1332	25 
1333	92 
1334	19 
1335	23 
1336	92 
1337	66 
1338	25 
1339	31 
1340	100 
1341	97 
1342	52 
1343	82 
1344	21 
1345	90 
1346	77 
1347	29 
1348	21 
1349	52 
1350	26 
1351	68 
1352	8 
1353	40 
1354	62 
1355	27 
1356	2 
1357	82 
1358	52 
1359	27 
1360	72 
1361	2 
1362	38 
1363	72 
1364	29 
1365	59 
1366	76 
1367	74 
1368	110 
1369	36 
1370	99 
1371	82 
1372	99 
1373	25 
1374	71 
1375	57 
1376	25 
1377	61 
1378	51 
1379	3 
1380	16 
1381	105 
1382	5 
1383	44 
1384	2 
1385	51 
1386	80 
1387	67 
1388	36 
1389	36 
1390	27 
1391	78 
1392	76 
1393	2 
1394	57 
1395	102 
1396	77 
1397	4 
1398	100 
1399	34 
1400	52 
1401	91 
1402	92 
1403	91 
1404	93 
1405	50 
1406	76 
1407	29 
1408	49 
1409	26 
1410	36 
1411	15 
1412	57 
1413	77 
1414	8 
1415	87 
1416	8 
1417	40 
1418	16 
1419	4 
1420	67 
1421	41 
1422	74 
1423	8 
1424	27 
1425	105 
1426	40 
1427	92 
1428	8 
1429	39 
1430	15 
1431	69 
1432	39 
1433	9 
1434	90 
1435	15 
1436	27 
1437	100 
1438	110 
1439	57 
1440	53 
1441	9 
1442	25 
1443	11 
1444	100 
1445	78 
1446	57 
1447	109 
1448	77 
1449	98 
1450	70 
1451	22 
1452	45 
1453	19 
1454	43 
1455	5 
1456	13 
1457	8 
1458	105 
1459	71 
1460	26 
1461	10 
1462	31 
1463	62 
1464	74 
1465	30 
1466	29 
1467	13 
1468	66 
1469	98 
1470	13 
1471	72 
1472	84 
1473	74 
1474	9 
1475	57 
1476	61 
1477	104 
1478	40 
1479	27 
1480	25 
1481	104 
1482	37 
1483	36 
1484	9 
1485	79 
1486	38 
1487	52 
1488	29 
1489	38 
1490	90 
1491	9 
1492	30 
1493	29 
1494	73 
1495	39 
1496	102 
1497	12 
1498	77 
1499	60 
1500	36 
1501	83 
1502	101 
1503	57 
1504	50 
1505	64 
1506	66 
1507	107 
1508	103 
1509	24 
1510	13 
1511	36 
1512	16 
1513	47 
1514	61 
1515	49 
1516	11 
1517	76 
1518	75 
1519	11 
1520	76 
1521	96 
1522	69 
1523	6 
1524	16 
1525	76 
1526	41 
1527	106 
1528	67 
1529	101 
1530	103 
1531	100 
1532	62 
1533	9 
1534	27 
1535	40 
1536	29 
1537	8 
1538	1 
1539	77 
1540	38 
1541	78 
1542	89 
1543	74 
1544	40 
1545	101 
1546	78 
1547	96 
1548	78 
1549	37 
1550	13 
1551	77 
1552	21 
1553	40 
1554	77 
1555	28 
1556	15 
1557	15 
1558	29 
1559	54 
1560	27 
1561	35 
1562	103 
1563	7 
1564	80 
1565	24 
1566	27 
1567	70 
1568	101 
1569	23 
1570	69 
1571	32 
1572	3 
1573	102 
1574	53 
1575	25 
1576	2 
1577	69 
1578	72 
1579	67 
1580	47 
1581	103 
1582	33 
1583	54 
1584	9 
1585	74 
1586	51 
1587	109 
1588	17 
1589	82 
1590	31 
1591	92 
1592	62 
1593	23 
1594	33 
1595	98 
1596	2 
1597	64 
1598	36 
1599	80 
1600	20 
1601	26 
1602	35 
1603	74 
1604	38 
1605	77 
1606	32 
1607	29 
1608	85 
1609	82 
1610	17 
1611	18 
1612	102 
1613	2 
1614	71 
1615	73 
1616	74 
1617	62 
1618	17 
1619	57 
1620	25 
1621	25 
1622	81 
1623	78 
1624	40 
1625	90 
1626	63 
1627	56 
1628	20 
1629	32 
1630	89 
1631	90 
1632	20 
1633	30 
1634	5 
1635	100 
1636	75 
1637	69 
1638	94 
1639	75 
1640	96 
1641	14 
1642	57 
1643	101 
1644	32 
1645	77 
1646	24 
1647	13 
1648	77 
1649	10 
1650	46 
1651	47 
1652	99 
1653	78 
1654	67 
1655	99 
1656	93 
1657	80 
1658	108 
1659	75 
1660	63 
1661	5 
1662	111 
1663	74 
1664	108 
1665	15 
1666	70 
1667	107 
1668	92 
1669	32 
1670	80 
1671	43 
1672	1 
1673	45 
1674	10 
1675	85 
1676	30 
1677	94 
1678	31 
1679	90 
1680	70 
1681	80 
1682	29 
1683	107 
1684	22 
1685	27 
1686	20 
1687	47 
1688	44 
1689	111 
1690	105 
1691	11 
1692	57 
1693	6 
1694	88 
1695	58 
1696	83 
1697	28 
1698	97 
1699	35 
1700	83 
1701	105 
1702	24 
1703	93 
1704	106 
1705	39 
1706	2 
1707	78 
1708	39 
1709	20 
1710	12 
1711	9 
1712	66 
1713	67 
1714	105 
1715	76 
1716	52 
1717	56 
1718	27 
1719	25 
1720	34 
1721	68 
1722	9 
1723	11 
1724	9 
1725	97 
1726	35 
1727	93 
1728	23 
1729	98 
1730	87 
1731	4 
1732	40 
1733	103 
1734	25 
1735	59 
1736	91 
1737	10 
1738	101 
1739	71 
1740	13 
1741	87 
1742	19 
1743	25 
1744	2 
1745	9 
1746	18 
1747	94 
1748	73 
1749	52 
1750	67 
1751	107 
1752	111 
1753	105 
1754	43 
1755	1 
1756	30 
1757	25 
1758	47 
1759	2 
1760	61 
1761	33 
1762	2 
1763	62 
1764	100 
1765	59 
1766	55 
1767	14 
1768	41 
1769	52 
1770	24 
1771	17 
1772	13 
1773	69 
1774	21 
1775	33 
1776	56 
1777	6 
1778	24 
1779	103 
1780	90 
1781	49 
1782	21 
1783	24 
1784	85 
1785	39 
1786	12 
1787	110 
1788	100 
1789	71 
1790	23 
1791	11 
1792	33 
1793	44 
1794	51 
1795	25 
1796	8 
1797	75 
1798	48 
1799	64 
1800	55 
1801	8 
1802	103 
1803	53 
1804	69 
1805	100 
1806	57 
1807	108 
1808	49 
1809	78 
1810	36 
1811	101 
1812	8 
1813	24 
1814	17 
1815	63 
1816	19 
1817	34 
1818	66 
1819	35 
1820	62 
1821	9 
1822	87 
1823	105 
1824	35 
1825	34 
1826	8 
1827	110 
1828	74 
1829	75 
1830	100 
1831	58 
1832	19 
1833	71 
1834	50 
1835	49 
1836	74 
1837	10 
1838	91 
1839	83 
1840	51 
1841	109 
1842	101 
1843	35 
1844	39 
1845	37 
1846	61 
1847	60 
1848	100 
1849	88 
1850	17 
1851	27 
1852	13 
1853	62 
1854	56 
1855	99 
1856	52 
1857	29 
1858	24 
1859	14 
1860	13 
1861	85 
1862	84 
1863	56 
1864	36 
1865	33 
1866	70 
1867	79 
1868	39 
1869	39 
1870	24 
1871	54 
1872	110 
1873	108 
1874	62 
1875	39 
1876	18 
1877	51 
1878	103 
1879	21 
1880	53 
1881	90 
1882	78 
1883	52 
1884	12 
1885	100 
1886	72 
1887	44 
1888	109 
1889	3 
1890	84 
1891	60 
1892	16 
1893	25 
1894	8 
1895	32 
1896	62 
1897	78 
1898	78 
1899	51 
1900	36 
1901	15 
1902	14 
1903	2 
1904	49 
1905	74 
1906	97 
1907	110 
1908	42 
1909	54 
1910	51 
1911	20 
1912	90 
1913	56 
1914	11 
1915	74 
1916	96 
1917	77 
1918	3 
1919	59 
1920	102 
1921	86 
1922	4 
1923	75 
1924	21 
1925	62 
1926	66 
1927	5 
1928	6 
1929	91 
1930	36 
1931	6 
1932	25 
1933	52 
1934	44 
1935	90 
1936	103 
1937	17 
1938	11 
1939	62 
1940	86 
1941	78 
1942	50 
1943	60 
1944	78 
1945	80 
1946	100 
1947	26 
1948	42 
1949	52 
1950	17 
1951	38 
1952	15 
1953	33 
1954	106 
1955	65 
1956	53 
1957	103 
1958	78 
1959	54 
1960	9 
1961	15 
1962	102 
1963	21 
1964	56 
1965	24 
1966	5 
1967	98 
1968	31 
1969	37 
1970	6 
1971	15 
1972	82 
1973	103 
1974	78 
1975	78 
1976	63 
1977	15 
1978	102 
1979	52 
1980	49 
1981	57 
1982	62 
1983	83 
1984	73 
1985	62 
1986	30 
1987	32 
1988	77 
1989	18 
1990	82 
1991	69 
1992	11 
1993	35 
1994	45 
1995	8 
1996	51 
1997	1 
1998	74 
1999	24 
2000	66 
2001	54 
2002	72 
2003	13 
2004	30 
2005	10 
2006	51 
2007	24 
2008	80 
2009	27 
2010	87 
2011	51 
2012	97 
2013	83 
2014	59 
2015	87 
2016	3 
2017	13 
2018	93 
2019	102 
2020	74 
2021	49 
2022	11 
2023	98 
2024	61 
2025	8 
2026	90 
2027	58 
2028	41 
2029	37 
2030	6 
2031	97 
2032	52 
2033	8 
2034	78 
2035	78 
2036	27 
2037	92 
2038	56 
2039	92 
2040	29 
2041	33 
2042	102 
2043	31 
2044	32 
2045	92 
2046	77 
2047	28 
2048	36 
2049	70 
2050	78 
2051	37 
2052	81 
2053	49 
2054	101 
2055	28 
2056	52 
2057	49 
2058	69 
2059	10 
2060	57 
2061	40 
2062	63 
2063	109 
2064	9 
2065	81 
2066	9 
2067	30 
2068	25 
2069	75 
2070	27 
2071	3 
2072	98 
2073	74 
2074	100 
2075	46 
2076	32 
2077	45 
2078	27 
2079	91 
2080	32 
2081	35 
2082	14 
2083	45 
2084	67 
2085	25 
2086	87 
2087	21 
2088	13 
2089	90 
2090	3 
2091	75 
2092	36 
2093	84 
2094	33 
2095	53 
2096	21 
2097	69 
2098	40 
2099	59 
2100	35 
2101	7 
2102	52 
2103	11 
2104	49 
2105	63 
2106	51 
2107	59 
2108	69 
2109	26 
2110	102 
2111	24 
2112	70 
2113	22 
2114	68 
2115	91 
2116	96 
2117	69 
2118	25 
2119	5 
2120	103 
2121	109 
2122	57 
2123	101 
2124	30 
2125	97 
2126	42 
2127	16 
2128	11 
2129	20 
2130	45 
2131	24 
2132	15 
2133	32 
2134	45 
2135	57 
2136	21 
2137	33 
2138	109 
2139	27 
2140	4 
2141	90 
2142	10 
2143	30 
2144	27 
2145	49 
2146	16 
2147	102 
2148	56 
2149	42 
2150	78 
2151	49 
2152	78 
2153	91 
2154	51 
2155	69 
2156	98 
2157	86 
2158	69 
2159	80 
2160	13 
2161	109 
2162	76 
2163	63 
2164	23 
2165	31 
2166	103 
2167	25 
2168	30 
2169	104 
2170	98 
2171	61 
2172	10 
2173	45 
2174	105 
2175	15 
2176	83 
2177	17 
2178	90 
2179	23 
2180	77 
2181	59 
2182	105 
2183	40 
2184	29 
2185	84 
2186	100 
2187	2 
2188	71 
2189	3 
2190	47 
2191	74 
2192	94 
2193	10 
2194	63 
2195	5 
2196	59 
2197	4 
2198	8 
2199	51 
2200	5 
2201	90 
2202	11 
2203	101 
2204	77 
2205	8 
2206	54 
2207	51 
2208	41 
2209	90 
2210	12 
2211	61 
2212	107 
2213	35 
2214	15 
2215	62 
2216	25 
2217	78 
2218	9 
2219	96 
2220	88 
2221	104 
2222	74 
2223	91 
2224	48 
2225	29 
2226	49 
2227	83 
2228	103 
2229	23 
2230	25 
2231	90 
2232	52 
2233	44 
2234	36 
2235	54 
2236	33 
2237	5 
2238	41 
2239	15 
2240	27 
2241	24 
2242	98 
2243	56 
2244	41 
2245	40 
2246	74 
2247	96 
2248	41 
2249	30 
2250	16 
2251	111 
2252	18 
2253	103 
2254	71 
2255	15 
2256	4 
2257	2 
2258	21 
2259	110 
2260	55 
2261	29 
2262	88 
2263	82 
2264	36 
2265	17 
2266	30 
2267	56 
2268	52 
2269	100 
2270	45 
2271	66 
2272	92 
2273	57 
2274	36 
2275	104 
2276	77 
2277	10 
2278	105 
2279	107 
2280	39 
2281	70 
2282	39 
2283	30 
2284	51 
2285	2 
2286	11 
2287	72 
2288	1 
2289	41 
2290	83 
2291	103 
2292	77 
2293	74 
2294	91 
2295	64 
2296	88 
2297	22 
2298	6 
2299	24 
2300	29 
2301	54 
2302	105 
2303	77 
2304	70 
2305	8 
2306	68 
2307	67 
2308	35 
2309	72 
2310	88 
2311	6 
2312	58 
2313	18 
2314	78 
2315	67 
2316	49 
2317	59 
2318	91 
2319	75 
2320	17 
2321	47 
2322	83 
2323	35 
2324	100 
2325	78 
2326	38 
2327	57 
2328	61 
2329	32 
2330	40 
2331	69 
2332	71 
2333	89 
2334	79 
2335	24 
2336	33 
2337	83 
2338	70 
2339	32 
2340	9 
2341	97 
2342	72 
2343	70 
2344	52 
2345	54 
2346	34 
2347	32 
2348	35 
2349	42 
2350	6 
2351	83 
2352	55 
2353	1 
2354	104 
2355	83 
2356	57 
2357	80 
2358	62 
2359	54 
2360	27 
2361	43 
2362	47 
2363	89 
2364	47 
2365	53 
2366	5 
2367	30 
2368	78 
2369	3 
2370	2 
2371	2 
2372	8 
2373	71 
2374	51 
2375	26 
2376	67 
2377	105 
2378	68 
2379	47 
2380	36 
2381	24 
2382	9 
2383	59 
2384	75 
2385	52 
2386	8 
2387	15 
2388	36 
2389	51 
2390	101 
2391	38 
2392	49 
2393	40 
2394	36 
2395	74 
2396	70 
2397	1 
2398	85 
2399	101 
2400	34 
2401	100 
2402	69 
2403	21 
2404	36 
2405	38 
2406	91 
2407	66 
2408	74 
2409	27 
2410	74 
2411	89 
2412	75 
2413	86 
2414	64 
2415	77 
2416	29 
2417	82 
2418	71 
2419	24 
2420	49 
2421	25 
2422	47 
2423	99 
2424	49 
2425	106 
2426	70 
2427	67 
2428	83 
2429	80 
2430	16 
2431	86 
2432	103 
2433	37 
2434	41 
2435	78 
2436	74 
2437	83 
2438	26 
2439	28 
2440	35 
2441	86 
2442	32 
2443	26 
2444	79 
2445	69 
2446	70 
2447	57 
2448	59 
2449	90 
2450	51 
2451	104 
2452	49 
2453	39 
2454	48 
2455	16 
2456	13 
2457	18 
2458	64 
2459	71 
2460	47 
2461	101 
2462	105 
2463	74 
2464	88 
2465	105 
2466	30 
2467	17 
2468	102 
2469	36 
2470	2 
2471	110 
2472	4 
2473	35 
2474	84 
2475	20 
2476	30 
2477	31 
2478	27 
2479	16 
2480	102 
2481	91 
2482	13 
2483	81 
2484	110 
2485	4 
2486	30 
2487	12 
2488	17 
2489	58 
2490	90 
2491	9 
2492	27 
2493	83 
2494	27 
2495	92 
2496	79 
2497	78 
2498	38 
2499	105 
2500	66 
2501	29 
2502	58 
2503	90 
2504	57 
2505	36 
2506	88 
2507	56 
2508	41 
2509	111 
2510	9 
2511	83 
2512	88 
2513	106 
2514	44 
2515	8 
2516	71 
2517	64 
2518	49 
2519	98 
2520	30 
2521	60 
2522	64 
2523	17 
2524	55 
2525	39 
2526	3 
2527	18 
2528	66 
2529	100 
2530	62 
2531	62 
2532	86 
2533	1 
2534	62 
2535	52 
2536	88 
2537	56 
2538	38 
2539	13 
2540	106 
2541	2 
2542	29 
2543	28 
2544	36 
2545	96 
2546	96 
2547	46 
2548	61 
2549	2 
2550	83 
2551	99 
2552	101 
2553	32 
2554	96 
2555	15 
2556	32 
2557	42 
2558	107 
2559	26 
2560	36 
2561	101 
2562	34 
2563	30 
2564	35 
2565	77 
2566	57 
2567	49 
2568	110 
2569	90 
2570	20 
2571	39 
2572	51 
2573	84 
2574	32 
2575	15 
2576	8 
2577	72 
2578	71 
2579	17 
2580	108 
2581	56 
2582	12 
2583	59 
2584	83 
2585	108 
2586	110 
2587	74 
2588	29 
2589	74 
2590	77 
2591	39 
2592	68 
2593	90 
2594	102 
2595	27 
2596	4 
2597	65 
2598	52 
2599	47 
2600	17 
2601	92 
2602	96 
2603	101 
2604	46 
2605	20 
2606	88 
2607	17 
2608	93 
2609	36 
2610	40 
2611	74 
2612	71 
2613	71 
2614	19 
2615	52 
2616	57 
2617	4 
2618	22 
2619	13 
2620	94 
2621	88 
2622	100 
2623	100 
2624	24 
2625	93 
2626	92 
2627	6 
2628	28 
2629	100 
2630	108 
2631	80 
2632	59 
2633	74 
2634	53 
2635	77 
2636	111 
2637	48 
2638	100 
2639	101 
2640	111 
2641	15 
2642	61 
2643	75 
2644	88 
2645	32 
2646	90 
2647	36 
2648	98 
2649	24 
2650	47 
2651	105 
2652	82 
2653	32 
2654	26 
2655	83 
2656	99 
2657	35 
2658	96 
2659	80 
2660	30 
2661	13 
2662	67 
2663	34 
2664	32 
2665	55 
2666	17 
2667	59 
2668	47 
2669	44 
2670	110 
2671	110 
2672	72 
2673	100 
2674	108 
2675	74 
2676	12 
2677	86 
2678	30 
2679	21 
2680	78 
2681	103 
2682	74 
2683	8 
2684	95 
2685	65 
2686	36 
2687	88 
2688	40 
2689	38 
2690	19 
2691	16 
2692	70 
2693	76 
2694	23 
2695	84 
2696	57 
2697	64 
2698	97 
2699	88 
2700	30 
2701	10 
2702	29 
2703	45 
2704	8 
2705	38 
2706	69 
2707	52 
2708	93 
2709	52 
2710	88 
2711	111 
2712	69 
2713	18 
2714	27 
2715	25 
2716	49 
2717	27 
2718	106 
2719	24 
2720	14 
2721	32 
2722	75 
2723	27 
2724	71 
2725	61 
2726	88 
2727	71 
2728	78 
2729	31 
2730	52 
2731	25 
2732	13 
2733	37 
2734	97 
2735	66 
2736	88 
2737	96 
2738	52 
2739	88 
2740	17 
2741	67 
2742	15 
2743	30 
2744	100 
2745	44 
2746	79 
2747	32 
2748	78 
2749	8 
2750	85 
2751	18 
2752	92 
2753	96 
2754	78 
2755	88 
2756	29 
2757	17 
2758	3 
2759	12 
2760	74 
2761	66 
2762	55 
2763	104 
2764	15 
2765	110 
2766	73 
2767	21 
2768	15 
2769	98 
2770	94 
2771	57 
2772	69 
2773	81 
2774	104 
2775	20 
2776	61 
2777	97 
2778	48 
2779	110 
2780	23 
2781	15 
2782	8 
2783	25 
2784	27 
2785	82 
2786	72 
2787	92 
2788	44 
2789	61 
2790	32 
2791	5 
2792	77 
2793	26 
2794	71 
2795	19 
2796	13 
2797	5 
2798	102 
2799	29 
2800	105 
2801	52 
2802	35 
2803	28 
2804	77 
2805	34 
2806	8 
2807	88 
2808	29 
2809	76 
2810	18 
2811	85 
2812	34 
2813	107 
2814	70 
2815	75 
2816	4 
2817	44 
2818	92 
2819	59 
2820	95 
2821	80 
2822	32 
2823	96 
2824	26 
2825	59 
2826	25 
2827	91 
2828	108 
2829	16 
2830	83 
2831	32 
2832	49 
2833	53 
2834	78 
2835	86 
2836	6 
2837	5 
2838	69 
2839	101 
2840	100 
2841	8 
2842	100 
2843	88 
2844	76 
2845	70 
2846	21 
2847	73 
2848	73 
2849	83 
2850	47 
2851	49 
2852	36 
2853	52 
2854	59 
2855	103 
2856	62 
2857	104 
2858	40 
2859	49 
2860	23 
2861	31 
2862	92 
2863	76 
2864	92 
2865	21 
2866	67 
2867	34 
2868	57 
2869	56 
2870	103 
2871	82 
2872	62 
2873	111 
2874	8 
2875	30 
2876	33 
2877	17 
2878	11 
2879	77 
2880	26 
2881	5 
2882	83 
2883	51 
2884	35 
2885	14 
2886	15 
2887	103 
2888	98 
2889	62 
2890	71 
2891	40 
2892	39 
2893	9 
2894	52 
2895	103 
2896	87 
2897	62 
2898	50 
2899	87 
2900	66 
2901	77 
2902	67 
2903	61 
2904	46 
2905	15 
2906	103 
2907	79 
2908	17 
2909	2 
2910	18 
2911	104 
2912	70 
2913	76 
2914	47 
2915	104 
2916	68 
2917	39 
2918	36 
2919	51 
2920	29 
2921	76 
2922	73 
2923	108 
2924	79 
2925	104 
2926	96 
2927	84 
2928	65 
2929	39 
2930	52 
2931	100 
2932	12 
2933	14 
2934	94 
2935	73 
2936	16 
2937	72 
2938	88 
2939	59 
2940	26 
2941	103 
2942	27 
2943	72 
2944	40 
2945	83 
2946	89 
2947	88 
2948	39 
2949	77 
2950	100 
2951	93 
2952	39 
2953	2 
2954	6 
2955	40 
2956	29 
2957	84 
2958	101 
2959	77 
2960	2 
2961	78 
2962	24 
2963	56 
2964	75 
2965	108 
2966	41 
2967	83 
2968	56 
2969	55 
2970	55 
2971	11 
2972	3 
2973	57 
2974	88 
2975	51 
2976	68 
2977	94 
2978	63 
2979	105 
2980	90 
2981	40 
2982	110 
2983	73 
2984	11 
2985	74 
2986	23 
2987	91 
2988	84 
2989	21 
2990	29 
2991	9 
2992	24 
2993	109 
2994	49 
2995	5 
2996	50 
2997	96 
2998	53 
2999	59 
3000	46 
3001	43 
3002	9 
3003	3 
3004	27 
3005	110 
3006	36 
3007	49 
3008	9 
3009	25 
3010	57 
3011	102 
3012	11 
3013	86 
3014	51 
3015	33 
3016	45 
3017	99 
3018	56 
3019	19 
3020	8 
3021	50 
3022	61 
3023	83 
3024	25 
3025	110 
3026	17 
3027	64 
3028	55 
3029	29 
3030	36 
3031	70 
3032	77 
3033	105 
3034	88 
3035	110 
3036	33 
3037	61 
3038	65 
3039	32 
3040	97 
3041	67 
3042	40 
3043	88 
3044	9 
3045	40 
3046	74 
3047	58 
3048	8 
3049	2 
3050	27 
3051	57 
3052	32 
3053	49 
3054	70 
3055	18 
3056	10 
3057	52 
3058	52 
3059	36 
3060	47 
3061	87 
3062	13 
3063	102 
3064	108 
3065	49 
3066	4 
3067	88 
3068	17 
3069	31 
3070	53 
3071	3 
3072	24 
3073	3 
3074	35 
3075	69 
3076	84 
3077	69 
3078	77 
3079	103 
3080	61 
3081	99 
3082	22 
3083	21 
3084	101 
3085	105 
3086	32 
3087	107 
3088	49 
3089	71 
3090	102 
3091	33 
3092	75 
3093	95 
3094	25 
3095	47 
3096	7 
3097	18 
3098	101 
3099	90 
3100	32 
3101	78 
3102	29 
3103	28 
3104	84 
3105	10 
3106	18 
3107	13 
3108	87 
3109	2 
3110	47 
3111	53 
3112	96 
3113	108 
3114	32 
3115	74 
3116	51 
3117	25 
3118	101 
3119	30 
3120	9 
3121	84 
3122	51 
3123	50 
3124	21 
3125	17 
3126	30 
3127	36 
3128	90 
3129	56 
3130	95 
3131	36 
3132	17 
3133	69 
3134	25 
3135	50 
3136	57 
3137	5 
3138	50 
3139	75 
3140	35 
3141	11 
3142	49 
3143	97 
3144	35 
3145	45 
3146	15 
3147	110 
3148	74 
3149	89 
3150	56 
3151	88 
3152	58 
3153	40 
3154	6 
3155	52 
3156	25 
3157	29 
3158	35 
3159	74 
3160	51 
3161	72 
3162	10 
3163	37 
3164	52 
3165	2 
3166	3 
3167	97 
3168	26 
3169	67 
3170	35 
3171	65 
3172	28 
3173	103 
3174	103 
3175	58 
3176	9 
3177	27 
3178	68 
3179	88 
3180	48 
3181	109 
3182	47 
3183	100 
3184	47 
3185	21 
3186	5 
3187	55 
3188	8 
3189	88 
3190	62 
3191	22 
3192	47 
3193	99 
3194	10 
3195	25 
3196	4 
3197	22 
3198	89 
3199	103 
3200	10 
3201	36 
3202	78 
3203	76 
3204	78 
3205	4 
3206	100 
3207	17 
3208	1 
3209	72 
3210	40 
3211	99 
3212	66 
3213	101 
3214	58 
3215	46 
3216	67 
3217	87 
3218	92 
3219	71 
3220	73 
3221	103 
3222	29 
3223	52 
3224	100 
3225	67 
3226	98 
3227	63 
3228	2 
3229	72 
3230	2 
3231	71 
3232	71 
3233	103 
3234	19 
3235	21 
3236	14 
3237	2 
3238	17 
3239	48 
3240	16 
3241	62 
3242	12 
3243	101 
3244	39 
3245	77 
3246	16 
3247	10 
3248	27 
3249	4 
3250	105 
3251	76 
3252	105 
3253	40 
3254	17 
3255	92 
3256	52 
3257	30 
3258	40 
3259	90 
3260	80 
3261	80 
3262	28 
3263	15 
3264	67 
3265	21 
3266	36 
3267	32 
3268	83 
3269	40 
3270	86 
3271	73 
3272	8 
3273	18 
3274	27 
3275	47 
3276	27 
3277	2 
3278	65 
3279	51 
3280	35 
3281	77 
3282	101 
3283	13 
3284	32 
3285	25 
3286	77 
3287	15 
3288	45 
3289	90 
3290	24 
3291	30 
3292	62 
3293	55 
3294	31 
3295	39 
3296	108 
3297	50 
3298	31 
3299	9 
3300	40 
3301	52 
3302	57 
3303	39 
3304	41 
3305	54 
3306	83 
3307	40 
3308	48 
3309	99 
3310	12 
3311	63 
3312	103 
3313	110 
3314	22 
3315	40 
3316	95 
3317	84 
3318	2 
3319	1 
3320	100 
3321	13 
3322	70 
3323	81 
3324	53 
3325	9 
3326	31 
3327	35 
3328	108 
3329	9 
3330	35 
3331	105 
3332	66 
3333	12 
3334	4 
3335	77 
3336	87 
3337	27 
3338	65 
3339	89 
3340	47 
3341	8 
3342	100 
3343	62 
3344	25 
3345	33 
3346	15 
3347	107 
3348	21 
3349	29 
3350	57 
3351	75 
3352	24 
3353	73 
3354	2 
3355	108 
3356	67 
3357	1 
3358	55 
3359	77 
3360	57 
3361	8 
3362	75 
3363	108 
3364	47 
3365	21 
3366	29 
3367	83 
3368	78 
3369	101 
3370	74 
3371	70 
3372	39 
3373	61 
3374	100 
3375	102 
3376	99 
3377	18 
3378	69 
3379	83 
3380	39 
3381	59 
3382	27 
3383	33 
3384	30 
3385	98 
3386	1 
3387	99 
3388	90 
3389	5 
3390	41 
3391	21 
3392	73 
3393	30 
3394	80 
3395	13 
3396	7 
3397	22 
3398	87 
3399	53 
3400	102 
3401	105 
3402	55 
3403	57 
3404	39 
3405	77 
3406	83 
3407	13 
3408	32 
3409	110 
3410	98 
3411	69 
3412	9 
3413	49 
3414	54 
3415	74 
3416	61 
3417	43 
3418	96 
3419	27 
3420	11 
3421	71 
3422	61 
3423	9 
3424	103 
3425	84 
3426	36 
3427	29 
3428	6 
3429	103 
3430	85 
3431	77 
3432	101 
3433	77 
3434	74 
3435	93 
3436	104 
3437	90 
3438	65 
3439	61 
3440	24 
3441	83 
3442	52 
3443	52 
3444	58 
3445	45 
3446	50 
3447	39 
3448	30 
3449	8 
3450	67 
3451	75 
3452	27 
3453	50 
3454	25 
3455	15 
3456	70 
3457	62 
3458	52 
3459	90 
3460	76 
3461	48 
3462	37 
3463	46 
3464	5 
3465	4 
3466	91 
3467	69 
3468	27 
3469	92 
3470	24 
3471	88 
3472	27 
3473	59 
3474	71 
3475	32 
3476	38 
3477	62 
3478	47 
3479	14 
3480	49 
3481	30 
3482	62 
3483	18 
3484	12 
3485	9 
3486	26 
3487	107 
3488	11 
3489	59 
3490	105 
3491	91 
3492	17 
3493	100 
3494	40 
3495	25 
3496	56 
3497	41 
3498	96 
3499	67 
3500	92 
3501	67 
3502	62 
3503	6 
3504	74 
3505	90 
3506	37 
3507	17 
3508	13 
3509	97 
3510	39 
3511	74 
3512	33 
3513	74 
3514	77 
3515	77 
3516	51 
3517	103 
3518	79 
3519	29 
3520	13 
3521	53 
3522	64 
3523	13 
3524	98 
3525	90 
3526	29 
3527	69 
3528	92 
3529	3 
3530	35 
3531	34 
3532	93 
3533	70 
3534	111 
3535	46 
3536	88 
3537	41 
3538	69 
3539	90 
3540	30 
3541	64 
3542	77 
3543	69 
3544	47 
3545	33 
3546	50 
3547	40 
3548	74 
3549	74 
3550	24 
3551	13 
3552	99 
3553	21 
3554	6 
3555	83 
3556	91 
3557	68 
3558	27 
3559	49 
3560	48 
3561	13 
3562	26 
3563	52 
3564	17 
3565	56 
3566	21 
3567	29 
3568	83 
3569	59 
3570	78 
3571	17 
3572	103 
3573	108 
3574	7 
3575	107 
3576	103 
3577	74 
3578	70 
3579	9 
3580	97 
3581	25 
3582	24 
3583	29 
3584	48 
3585	76 
3586	57 
3587	59 
3588	81 
3589	71 
3590	39 
3591	6 
3592	28 
3593	96 
3594	93 
3595	26 
3596	24 
3597	53 
3598	70 
3599	95 
3600	100 
3601	98 
3602	2 
3603	108 
3604	72 
3605	24 
3606	69 
3607	69 
3608	38 
3609	77 
3610	74 
3611	75 
3612	103 
3613	54 
3614	38 
3615	36 
3616	40 
3617	40 
3618	47 
3619	102 
3620	104 
3621	71 
3622	59 
3623	73 
3624	4 
3625	41 
3626	38 
3627	47 
3628	13 
3629	44 
3630	70 
3631	78 
3632	96 
3633	74 
3634	4 
3635	110 
3636	53 
3637	61 
3638	53 
3639	79 
3640	32 
3641	22 
3642	76 
3643	51 
3644	8 
3645	32 
3646	18 
3647	71 
3648	16 
3649	27 
3650	107 
3651	110 
3652	83 
3653	59 
3654	49 
3655	63 
3656	19 
3657	94 
3658	32 
3659	109 
3660	53 
3661	14 
3662	4 
3663	106 
3664	36 
3665	46 
3666	80 
3667	83 
3668	27 
3669	72 
3670	62 
3671	25 
3672	100 
3673	24 
3674	82 
3675	68 
3676	90 
3677	62 
3678	104 
3679	27 
3680	25 
3681	6 
3682	102 
3683	88 
3684	13 
3685	82 
3686	60 
3687	110 
3688	73 
3689	9 
3690	8 
3691	72 
3692	62 
3693	84 
3694	30 
3695	47 
3696	41 
3697	55 
3698	28 
3699	62 
3700	24 
3701	57 
3702	40 
3703	101 
3704	39 
3705	51 
3706	18 
3707	90 
3708	37 
3709	16 
3710	7 
3711	74 
3712	105 
3713	54 
3714	40 
3715	41 
3716	67 
3717	32 
3718	56 
3719	97 
3720	96 
3721	51 
3722	110 
3723	38 
3724	32 
3725	86 
3726	72 
3727	48 
3728	69 
3729	86 
3730	52 
3731	20 
3732	2 
3733	25 
3734	21 
3735	101 
3736	17 
3737	18 
3738	11 
3739	75 
3740	81 
3741	32 
3742	36 
3743	26 
3744	70 
3745	9 
3746	51 
3747	88 
3748	25 
3749	77 
3750	55 
3751	101 
3752	19 
3753	88 
3754	88 
3755	101 
3756	72 
3757	77 
3758	48 
3759	91 
3760	8 
3761	83 
3762	75 
3763	10 
3764	30 
3765	76 
3766	64 
3767	78 
3768	108 
3769	36 
3770	84 
3771	48 
3772	78 
3773	104 
3774	1 
3775	80 
3776	6 
3777	52 
3778	65 
3779	25 
3780	67 
3781	43 
3782	29 
3783	110 
3784	111 
3785	67 
3786	39 
3787	69 
3788	13 
3789	24 
3790	6 
3791	83 
3792	9 
3793	63 
3794	27 
3795	6 
3796	57 
3797	57 
3798	71 
3799	36 
3800	76 
3801	10 
3802	43 
3803	52 
3804	65 
3805	35 
3806	78 
3807	34 
3808	100 
3809	51 
3810	53 
3811	93 
3812	91 
3813	84 
3814	92 
3815	15 
3816	2 
3817	15 
3818	3 
3819	84 
3820	95 
3821	72 
3822	7 
3823	17 
3824	53 
3825	53 
3826	86 
3827	30 
3828	62 
3829	3 
3830	30 
3831	78 
3832	27 
3833	62 
3834	44 
3835	108 
3836	60 
3837	100 
3838	78 
3839	2 
3840	35 
3841	36 
3842	11 
3843	8 
3844	24 
3845	92 
3846	102 
3847	41 
3848	8 
3849	70 
3850	53 
3851	69 
3852	11 
3853	31 
3854	29 
3855	19 
3856	8 
3857	47 
3858	94 
3859	59 
3860	24 
3861	62 
3862	9 
3863	8 
3864	51 
3865	52 
3866	6 
3867	55 
3868	27 
3869	103 
3870	61 
3871	1 
3872	85 
3873	13 
3874	28 
3875	33 
3876	59 
3877	87 
3878	21 
3879	10 
3880	82 
3881	29 
3882	32 
3883	42 
3884	78 
3885	29 
3886	24 
3887	39 
3888	18 
3889	22 
3890	15 
3891	111 
3892	109 
3893	8 
3894	2 
3895	100 
3896	61 
3897	10 
3898	56 
3899	52 
3900	104 
3901	49 
3902	101 
3903	29 
3904	29 
3905	85 
3906	62 
3907	18 
3908	24 
3909	24 
3910	39 
3911	8 
3912	109 
3913	91 
3914	39 
3915	62 
3916	99 
3917	72 
3918	105 
3919	29 
3920	78 
3921	10 
3922	47 
3923	65 
3924	17 
3925	36 
3926	29 
3927	110 
3928	33 
3929	74 
3930	90 
3931	8 
3932	83 
3933	108 
3934	78 
3935	29 
3936	80 
3937	111 
3938	83 
3939	76 
3940	25 
3941	96 
3942	40 
3943	32 
3944	30 
3945	64 
3946	49 
3947	66 
3948	88 
3949	57 
3950	86 
3951	4 
3952	48 
3953	6 
3954	110 
3955	41 
3956	93 
3957	102 
3958	37 
3959	90 
3960	15 
3961	100 
3962	57 
3963	68 
3964	61 
3965	104 
3966	105 
3967	28 
3968	61 
3969	29 
3970	62 
3971	31 
3972	53 
3973	69 
3974	35 
3975	96 
3976	29 
3977	46 
3978	50 
3979	1 
3980	11 
3981	40 
3982	49 
3983	35 
3984	111 
3985	13 
3986	103 
3987	39 
3988	35 
3989	66 
3990	52 
3991	25 
3992	22 
3993	42 
3994	47 
3995	51 
3996	83 
3997	101 
3998	55 
3999	80 
4000	29 
4001	43 
4002	36 
4003	67 
4004	27 
4005	11 
4006	46 
4007	60 
4008	7 
4009	72 
4010	36 
4011	2 
4012	33 
4013	72 
4014	39 
4015	49 
4016	24 
4017	110 
4018	18 
4019	9 
4020	83 
4021	17 
4022	100 
4023	25 
4024	97 
4025	21 
4026	67 
4027	39 
4028	90 
4029	49 
4030	92 
4031	100 
4032	73 
4033	21 
4034	49 
4035	76 
4036	78 
4037	99 
4038	93 
4039	85 
4040	15 
4041	62 
4042	111 
4043	87 
4044	103 
4045	53 
4046	108 
4047	55 
4048	53 
4049	103 
4050	36 
4051	57 
4052	107 
4053	10 
4054	7 
4055	100 
4056	6 
4057	70 
4058	100 
4059	76 
4060	42 
4061	77 
4062	10 
4063	48 
4064	73 
4065	33 
4066	21 
4067	82 
4068	61 
4069	70 
4070	40 
4071	39 
4072	102 
4073	25 
4074	72 
4075	52 
4076	35 
4077	12 
4078	35 
4079	88 
4080	103 
4081	100 
4082	78 
4083	111 
4084	110 
4085	8 
4086	59 
4087	53 
4088	107 
4089	15 
4090	48 
4091	88 
4092	38 
4093	3 
4094	73 
4095	42 
4096	91 
4097	92 
4098	103 
4099	8 
4100	77 
4101	3 
4102	30 
4103	8 
4104	8 
4105	98 
4106	34 
4107	13 
4108	5 
4109	52 
4110	76 
4111	62 
4112	8 
4113	1 
4114	13 
4115	29 
4116	6 
4117	47 
4118	60 
4119	46 
4120	53 
4121	106 
4122	39 
4123	107 
4124	9 
4125	82 
4126	51 
4127	27 
4128	22 
4129	84 
4130	52 
4131	35 
4132	2 
4133	39 
4134	100 
4135	14 
4136	24 
4137	29 
4138	26 
4139	109 
4140	83 
4141	29 
4142	109 
4143	10 
4144	32 
4145	49 
4146	74 
4147	87 
4148	24 
4149	9 
4150	19 
4151	21 
4152	4 
4153	2 
4154	66 
4155	62 
4156	67 
4157	25 
4158	30 
4159	26 
4160	90 
4161	74 
4162	29 
4163	8 
4164	36 
4165	100 
4166	12 
4167	13 
4168	74 
4169	49 
4170	9 
4171	103 
4172	35 
4173	42 
4174	53 
4175	70 
4176	5 
4177	108 
4178	102 
4179	45 
4180	101 
4181	13 
4182	40 
4183	104 
4184	100 
4185	16 
4186	47 
4187	101 
4188	88 
4189	100 
4190	47 
4191	30 
4192	105 
4193	13 
4194	67 
4195	71 
4196	97 
4197	58 
4198	92 
4199	18 
4200	78 
4201	3 
4202	5 
4203	9 
4204	108 
4205	102 
4206	89 
4207	32 
4208	100 
4209	27 
4210	70 
4211	83 
4212	92 
4213	24 
4214	88 
4215	4 
4216	96 
4217	52 
4218	103 
4219	2 
4220	17 
4221	36 
4222	5 
4223	52 
4224	25 
4225	89 
4226	4 
4227	101 
4228	25 
4229	102 
4230	56 
4231	75 
4232	88 
4233	72 
4234	9 
4235	77 
4236	92 
4237	18 
4238	104 
4239	5 
4240	6 
4241	73 
4242	25 
4243	74 
4244	100 
4245	13 
4246	110 
4247	91 
4248	104 
4249	75 
4250	65 
4251	3 
4252	76 
4253	51 
4254	78 
4255	56 
4256	103 
4257	34 
4258	71 
4259	69 
4260	36 
4261	24 
4262	62 
4263	37 
4264	68 
4265	16 
4266	67 
4267	32 
4268	28 
4269	27 
4270	66 
4271	3 
4272	103 
4273	35 
4274	16 
4275	47 
4276	17 
4277	8 
4278	65 
4279	25 
4280	15 
4281	105 
4282	39 
4283	8 
4284	55 
4285	71 
4286	34 
4287	92 
4288	32 
4289	94 
4290	32 
4291	73 
4292	25 
4293	39 
4294	51 
4295	52 
4296	72 
4297	88 
4298	82 
4299	103 
4300	67 
4301	34 
4302	78 
4303	60 
4304	36 
4305	66 
4306	62 
4307	18 
4308	98 
4309	63 
4310	99 
4311	17 
4312	65 
4313	100 
4314	74 
4315	101 
4316	58 
4317	16 
4318	91 
4319	20 
4320	2 
4321	106 
4322	93 
4323	55 
4324	62 
4325	29 
4326	105 
4327	94 
4328	62 
4329	69 
4330	36 
4331	75 
4332	36 
4333	5 
4334	88 
4335	71 
4336	23 
4337	75 
4338	51 
4339	47 
4340	74 
4341	25 
4342	69 
4343	25 
4344	37 
4345	40 
4346	37 
4347	80 
4348	56 
4349	42 
4350	62 
4351	22 
4352	98 
4353	71 
4354	107 
4355	64 
4356	33 
4357	67 
4358	96 
4359	99 
4360	8 
4361	90 
4362	58 
4363	9 
4364	92 
4365	78 
4366	72 
4367	5 
4368	71 
4369	56 
4370	67 
4371	56 
4372	51 
4373	49 
4374	2 
4375	71 
4376	30 
4377	95 
4378	20 
4379	54 
4380	71 
4381	30 
4382	91 
4383	71 
4384	75 
4385	72 
4386	39 
4387	35 
4388	41 
4389	67 
4390	25 
4391	103 
4392	32 
4393	4 
4394	96 
4395	15 
4396	78 
4397	105 
4398	27 
4399	51 
4400	21 
4401	51 
4402	3 
4403	105 
4404	25 
4405	40 
4406	64 
4407	20 
4408	61 
4409	49 
4410	104 
4411	2 
4412	8 
4413	13 
4414	104 
4415	91 
4416	10 
4417	62 
4418	107 
4419	53 
4420	83 
4421	100 
4422	47 
4423	15 
4424	96 
4425	9 
4426	90 
4427	12 
4428	111 
4429	9 
4430	6 
4431	77 
4432	72 
4433	96 
4434	87 
4435	4 
4436	38 
4437	30 
4438	88 
4439	101 
4440	44 
4441	75 
4442	90 
4443	62 
4444	100 
4445	49 
4446	17 
4447	39 
4448	33 
4449	24 
4450	91 
4451	103 
4452	97 
4453	70 
4454	30 
4455	66 
4456	59 
4457	85 
4458	62 
4459	2 
4460	47 
4461	70 
4462	107 
4463	92 
4464	108 
4465	7 
4466	17 
4467	21 
4468	63 
4469	15 
4470	14 
4471	102 
4472	39 
4473	88 
4474	53 
4475	57 
4476	7 
4477	20 
4478	94 
4479	52 
4480	40 
4481	52 
4482	2 
4483	77 
4484	2 
4485	54 
4486	88 
4487	8 
4488	7 
4489	54 
4490	71 
4491	78 
4492	111 
4493	47 
4494	39 
4495	80 
4496	74 
4497	32 
4498	29 
4499	36 
4500	1 
4501	69 
4502	32 
4503	71 
4504	32 
4505	46 
4506	83 
4507	74 
4508	104 
4509	53 
4510	18 
4511	15 
4512	67 
4513	110 
4514	32 
4515	25 
4516	11 
4517	30 
4518	17 
4519	109 
4520	48 
4521	52 
4522	74 
4523	55 
4524	92 
4525	28 
4526	110 
4527	6 
4528	15 
4529	39 
4530	105 
4531	19 
4532	61 
4533	74 
4534	13 
4535	32 
4536	68 
4537	78 
4538	83 
4539	20 
4540	38 
4541	62 
4542	62 
4543	93 
4544	20 
4545	78 
4546	56 
4547	24 
4548	83 
4549	67 
4550	110 
4551	32 
4552	103 
4553	35 
4554	105 
4555	82 
4556	104 
4557	83 
4558	78 
4559	81 
4560	51 
4561	49 
4562	3 
4563	100 
4564	75 
4565	25 
4566	71 
4567	28 
4568	75 
4569	29 
4570	30 
4571	72 
4572	83 
4573	103 
4574	48 
4575	13 
4576	93 
4577	60 
4578	97 
4579	20 
4580	39 
4581	102 
4582	56 
4583	110 
4584	110 
4585	34 
4586	71 
4587	2 
4588	27 
4589	27 
4590	100 
4591	36 
4592	70 
4593	110 
4594	70 
4595	98 
4596	40 
4597	74 
4598	96 
4599	11 
4600	25 
4601	17 
4602	32 
4603	28 
4604	105 
4605	11 
4606	65 
4607	26 
4608	75 
4609	64 
4610	69 
4611	76 
4612	49 
4613	78 
4614	109 
4615	76 
4616	9 
4617	42 
4618	102 
4619	43 
4620	52 
4621	25 
4622	66 
4623	36 
4624	78 
4625	78 
4626	57 
4627	32 
4628	21 
4629	70 
4630	52 
4631	51 
4632	39 
4633	18 
4634	62 
4635	43 
4636	40 
4637	30 
4638	104 
4639	4 
4640	103 
4641	29 
4642	110 
4643	87 
4644	84 
4645	35 
4646	11 
4647	16 
4648	88 
4649	26 
4650	103 
4651	65 
4652	63 
4653	45 
4654	46 
4655	56 
4656	68 
4657	68 
4658	75 
4659	32 
4660	67 
4661	13 
4662	7 
4663	71 
4664	81 
4665	77 
4666	33 
4667	67 
4668	81 
4669	46 
4670	75 
4671	30 
4672	55 
4673	57 
4674	12 
4675	34 
4676	95 
4677	16 
4678	56 
4679	70 
4680	76 
4681	71 
4682	32 
4683	8 
4684	35 
4685	106 
4686	13 
4687	103 
4688	77 
4689	7 
4690	67 
4691	38 
4692	41 
4693	70 
4694	52 
4695	79 
4696	104 
4697	86 
4698	103 
4699	74 
4700	25 
4701	18 
4702	92 
4703	22 
4704	110 
4705	65 
4706	110 
4707	62 
4708	37 
4709	104 
4710	13 
4711	29 
4712	105 
4713	75 
4714	71 
4715	42 
4716	100 
4717	95 
4718	83 
4719	96 
4720	52 
4721	80 
4722	98 
4723	56 
4724	67 
4725	109 
4726	25 
4727	87 
4728	92 
4729	92 
4730	90 
4731	104 
4732	77 
4733	93 
4734	109 
4735	81 
4736	18 
4737	62 
4738	78 
4739	25 
4740	29 
4741	60 
4742	66 
4743	22 
4744	78 
4745	77 
4746	53 
4747	32 
4748	72 
4749	71 
4750	25 
4751	25 
4752	103 
4753	58 
4754	34 
4755	11 
4756	103 
4757	39 
4758	106 
4759	110 
4760	100 
4761	60 
4762	30 
4763	13 
4764	40 
4765	110 
4766	75 
4767	6 
4768	51 
4769	25 
4770	13 
4771	49 
4772	68 
4773	69 
4774	40 
4775	3 
4776	83 
4777	92 
4778	46 
4779	51 
4780	103 
4781	51 
4782	50 
4783	53 
4784	39 
4785	32 
4786	67 
4787	15 
4788	22 
4789	102 
4790	110 
4791	53 
4792	52 
4793	25 
4794	44 
4795	8 
4796	57 
4797	12 
4798	102 
4799	29 
4800	62 
4801	102 
4802	51 
4803	57 
4804	75 
4805	63 
4806	64 
4807	13 
4808	10 
4809	13 
4810	86 
4811	70 
4812	107 
4813	3 
4814	67 
4815	82 
4816	92 
4817	67 
4818	25 
4819	40 
4820	40 
4821	69 
4822	54 
4823	39 
4824	71 
4825	35 
4826	107 
4827	90 
4828	33 
4829	100 
4830	92 
4831	75 
4832	61 
4833	39 
4834	34 
4835	56 
4836	10 
4837	100 
4838	13 
4839	17 
4840	52 
4841	90 
4842	41 
4843	66 
4844	31 
4845	78 
4846	2 
4847	74 
4848	91 
4849	79 
4850	100 
4851	4 
4852	94 
4853	7 
4854	99 
4855	100 
4856	99 
4857	59 
4858	98 
4859	25 
4860	46 
4861	14 
4862	62 
4863	37 
4864	93 
4865	21 
4866	92 
4867	59 
4868	8 
4869	71 
4870	91 
4871	50 
4872	56 
4873	9 
4874	85 
4875	90 
4876	88 
4877	36 
4878	50 
4879	69 
4880	91 
4881	33 
4882	111 
4883	12 
4884	62 
4885	38 
4886	89 
4887	96 
4888	93 
4889	89 
4890	29 
4891	15 
4892	98 
4893	4 
4894	84 
4895	70 
4896	14 
4897	27 
4898	25 
4899	66 
4900	75 
4901	21 
4902	57 
4903	15 
4904	78 
4905	9 
4906	3 
4907	28 
4908	95 
4909	18 
4910	6 
4911	19 
4912	13 
4913	50 
4914	55 
4915	13 
4916	66 
4917	45 
4918	76 
4919	27 
4920	88 
4921	6 
4922	52 
4923	22 
4924	29 
4925	101 
4926	30 
4927	107 
4928	33 
4929	50 
4930	67 
4931	55 
4932	89 
4933	74 
4934	6 
4935	69 
4936	35 
4937	77 
4938	18 
4939	9 
4940	56 
4941	88 
4942	25 
4943	110 
4944	30 
4945	103 
4946	52 
4947	100 
4948	76 
4949	43 
4950	83 
4951	40 
4952	107 
4953	6 
4954	36 
4955	92 
4956	6 
4957	69 
4958	67 
4959	110 
4960	29 
4961	90 
4962	66 
4963	71 
4964	52 
4965	56 
4966	91 
4967	41 
4968	49 
4969	22 
4970	5 
4971	44 
4972	79 
4973	17 
4974	111 
4975	52 
4976	20 
4977	29 
4978	2 
4979	4 
4980	100 
4981	101 
4982	62 
4983	96 
4984	82 
4985	100 
4986	5 
4987	42 
4988	92 
4989	73 
4990	60 
4991	4 
4992	61 
4993	33 
4994	36 
4995	110 
4996	96 
4997	62 
4998	27 
4999	101 
5000	75 
