1	99 
2	1 
3	37 
4	51 
5	24 
6	78 
7	98 
8	77 
9	48 
10	55 
11	1 
12	38 
13	42 
14	20 
15	42 
16	18 
17	43 
18	3 
19	3 
20	36 
21	24 
22	66 
23	14 
24	32 
25	20 
26	19 
27	45 
28	36 
29	29 
30	28 
31	11 
32	68 
33	17 
34	41 
35	29 
36	99 
37	107 
38	99 
39	105 
40	94 
41	90 
42	63 
43	90 
44	68 
45	90 
46	68 
47	77 
48	70 
49	90 
50	6 
51	50 
52	8 
53	25 
54	103 
55	41 
56	81 
57	58 
58	23 
59	84 
60	44 
61	48 
62	24 
63	55 
64	93 
65	105 
66	33 
67	20 
68	45 
69	6 
70	79 
71	105 
72	65 
73	5 
74	93 
75	57 
76	57 
77	45 
78	52 
79	12 
80	74 
81	36 
82	43 
83	23 
84	45 
85	68 
86	45 
87	54 
88	103 
89	68 
90	51 
91	77 
92	24 
93	60 
94	20 
95	68 
96	22 
97	90 
98	10 
99	91 
100	76 
101	77 
102	26 
103	59 
104	42 
105	63 
106	24 
107	31 
108	46 
109	66 
110	50 
111	41 
112	5 
113	66 
114	8 
115	68 
116	66 
117	45 
118	5 
119	44 
120	35 
121	90 
122	1 
123	64 
124	102 
125	42 
126	49 
127	100 
128	102 
129	15 
130	86 
131	43 
132	26 
133	66 
134	56 
135	52 
136	84 
137	18 
138	36 
139	38 
140	36 
141	76 
142	3 
143	99 
144	86 
145	36 
146	4 
147	51 
148	5 
149	104 
150	38 
151	35 
152	9 
153	51 
154	6 
155	15 
156	58 
157	65 
158	30 
159	102 
160	93 
161	18 
162	23 
163	42 
164	69 
165	48 
166	68 
167	74 
168	79 
169	28 
170	26 
171	36 
172	99 
173	60 
174	56 
175	4 
176	72 
177	102 
178	16 
179	99 
180	73 
181	68 
182	24 
183	87 
184	22 
185	24 
186	82 
187	102 
188	66 
189	33 
190	36 
191	3 
192	81 
193	77 
194	83 
195	104 
196	65 
197	33 
198	70 
199	33 
200	46 
201	23 
202	102 
203	41 
204	75 
205	17 
206	98 
207	81 
208	16 
209	10 
210	58 
211	58 
212	15 
213	16 
214	92 
215	70 
216	3 
217	66 
218	51 
219	20 
220	31 
221	21 
222	27 
223	34 
224	19 
225	76 
226	56 
227	51 
228	29 
229	3 
230	12 
231	16 
232	55 
233	84 
234	27 
235	43 
236	7 
237	19 
238	36 
239	103 
240	77 
241	90 
242	38 
243	67 
244	20 
245	86 
246	37 
247	26 
248	51 
249	94 
250	37 
251	25 
252	22 
253	43 
254	67 
255	86 
256	62 
257	19 
258	72 
259	91 
260	99 
261	45 
262	68 
263	7 
264	38 
265	50 
266	16 
267	20 
268	77 
269	54 
270	83 
271	62 
272	12 
273	30 
274	26 
275	82 
276	41 
277	2 
278	59 
279	44 
280	78 
281	95 
282	22 
283	83 
284	72 
285	24 
286	86 
287	30 
288	102 
289	16 
290	29 
291	23 
292	26 
293	1 
294	56 
295	57 
296	51 
297	59 
298	85 
299	37 
300	46 
301	1 
302	56 
303	87 
304	93 
305	38 
306	58 
307	94 
308	68 
309	81 
310	74 
311	26 
312	89 
313	91 
314	4 
315	36 
316	6 
317	101 
318	60 
319	38 
320	72 
321	20 
322	45 
323	55 
324	33 
325	93 
326	36 
327	36 
328	4 
329	79 
330	94 
331	1 
332	57 
333	90 
334	41 
335	21 
336	23 
337	18 
338	66 
339	50 
340	15 
341	55 
342	57 
343	62 
344	51 
345	74 
346	32 
347	35 
348	90 
349	106 
350	44 
351	100 
352	59 
353	8 
354	32 
355	48 
356	66 
357	74 
358	45 
359	33 
360	41 
361	26 
362	38 
363	5 
364	18 
365	3 
366	24 
367	87 
368	15 
369	20 
370	44 
371	15 
372	85 
373	17 
374	2 
375	10 
376	11 
377	41 
378	76 
379	34 
380	102 
381	107 
382	22 
383	37 
384	26 
385	57 
386	58 
387	50 
388	93 
389	77 
390	24 
391	105 
392	1 
393	59 
394	49 
395	103 
396	63 
397	12 
398	56 
399	105 
400	65 
401	104 
402	96 
403	96 
404	49 
405	30 
406	41 
407	68 
408	83 
409	30 
410	17 
411	6 
412	7 
413	12 
414	75 
415	66 
416	90 
417	74 
418	35 
419	54 
420	20 
421	96 
422	81 
423	19 
424	33 
425	46 
426	38 
427	50 
428	58 
429	37 
430	27 
431	1 
432	17 
433	104 
434	75 
435	29 
436	32 
437	90 
438	41 
439	74 
440	65 
441	14 
442	60 
443	28 
444	51 
445	66 
446	2 
447	45 
448	94 
449	29 
450	40 
451	93 
452	26 
453	22 
454	106 
455	104 
456	55 
457	63 
458	29 
459	58 
460	44 
461	105 
462	55 
463	5 
464	77 
465	50 
466	91 
467	73 
468	104 
469	3 
470	35 
471	5 
472	3 
473	45 
474	103 
475	60 
476	99 
477	29 
478	87 
479	92 
480	8 
481	41 
482	105 
483	32 
484	65 
485	46 
486	88 
487	43 
488	44 
489	28 
490	75 
491	72 
492	27 
493	64 
494	31 
495	71 
496	96 
497	77 
498	63 
499	55 
500	12 
501	14 
502	4 
503	8 
504	33 
505	7 
506	24 
507	92 
508	23 
509	49 
510	46 
511	36 
512	79 
513	106 
514	76 
515	43 
516	21 
517	5 
518	40 
519	29 
520	38 
521	102 
522	31 
523	69 
524	37 
525	38 
526	37 
527	67 
528	33 
529	68 
530	102 
531	31 
532	77 
533	47 
534	81 
535	107 
536	18 
537	17 
538	104 
539	68 
540	26 
541	106 
542	87 
543	44 
544	45 
545	72 
546	26 
547	78 
548	89 
549	28 
550	87 
551	37 
552	39 
553	48 
554	68 
555	89 
556	63 
557	101 
558	90 
559	37 
560	3 
561	6 
562	79 
563	36 
564	105 
565	76 
566	25 
567	25 
568	3 
569	103 
570	74 
571	99 
572	18 
573	38 
574	18 
575	15 
576	50 
577	37 
578	98 
579	68 
580	107 
581	99 
582	45 
583	93 
584	18 
585	18 
586	70 
587	70 
588	83 
589	23 
590	90 
591	98 
592	68 
593	105 
594	88 
595	33 
596	61 
597	11 
598	55 
599	31 
600	102 
601	70 
602	15 
603	22 
604	32 
605	87 
606	15 
607	66 
608	3 
609	33 
610	63 
611	34 
612	68 
613	1 
614	4 
615	40 
616	41 
617	20 
618	71 
619	79 
620	96 
621	61 
622	73 
623	61 
624	44 
625	36 
626	66 
627	70 
628	35 
629	12 
630	25 
631	52 
632	26 
633	71 
634	1 
635	45 
636	5 
637	72 
638	38 
639	13 
640	58 
641	88 
642	37 
643	103 
644	15 
645	15 
646	10 
647	77 
648	100 
649	17 
650	31 
651	27 
652	101 
653	98 
654	70 
655	5 
656	67 
657	41 
658	3 
659	56 
660	46 
661	51 
662	56 
663	63 
664	28 
665	41 
666	44 
667	81 
668	40 
669	97 
670	86 
671	19 
672	43 
673	82 
674	50 
675	83 
676	107 
677	4 
678	32 
679	55 
680	26 
681	20 
682	76 
683	48 
684	15 
685	43 
686	88 
687	44 
688	49 
689	18 
690	5 
691	102 
692	94 
693	37 
694	44 
695	24 
696	5 
697	36 
698	85 
699	21 
700	83 
701	27 
702	99 
703	59 
704	45 
705	90 
706	44 
707	11 
708	26 
709	33 
710	3 
711	9 
712	3 
713	101 
714	6 
715	3 
716	1 
717	24 
718	54 
719	98 
720	12 
721	50 
722	88 
723	70 
724	12 
725	45 
726	50 
727	73 
728	75 
729	96 
730	86 
731	1 
732	37 
733	29 
734	103 
735	77 
736	1 
737	70 
738	15 
739	61 
740	39 
741	103 
742	102 
743	5 
744	77 
745	75 
746	83 
747	71 
748	60 
749	20 
750	44 
751	40 
752	58 
753	34 
754	66 
755	101 
756	38 
757	43 
758	18 
759	17 
760	54 
761	15 
762	44 
763	43 
764	38 
765	63 
766	101 
767	18 
768	59 
769	48 
770	3 
771	60 
772	58 
773	34 
774	101 
775	25 
776	3 
777	80 
778	97 
779	26 
780	33 
781	3 
782	26 
783	12 
784	29 
785	80 
786	77 
787	20 
788	71 
789	49 
790	14 
791	30 
792	21 
793	79 
794	10 
795	47 
796	56 
797	105 
798	53 
799	102 
800	31 
801	19 
802	91 
803	59 
804	75 
805	5 
806	99 
807	68 
808	64 
809	57 
810	9 
811	5 
812	45 
813	15 
814	9 
815	89 
816	87 
817	59 
818	17 
819	31 
820	51 
821	90 
822	84 
823	93 
824	72 
825	91 
826	64 
827	81 
828	46 
829	9 
830	39 
831	105 
832	21 
833	68 
834	48 
835	64 
836	71 
837	67 
838	106 
839	101 
840	77 
841	42 
842	62 
843	31 
844	15 
845	27 
846	62 
847	93 
848	60 
849	68 
850	77 
851	16 
852	36 
853	71 
854	38 
855	23 
856	33 
857	70 
858	15 
859	78 
860	6 
861	18 
862	102 
863	97 
864	99 
865	36 
866	87 
867	7 
868	17 
869	51 
870	77 
871	70 
872	66 
873	37 
874	29 
875	2 
876	15 
877	3 
878	21 
879	63 
880	48 
881	86 
882	17 
883	69 
884	88 
885	27 
886	71 
887	55 
888	29 
889	87 
890	59 
891	105 
892	44 
893	26 
894	3 
895	77 
896	15 
897	102 
898	17 
899	3 
900	28 
901	104 
902	58 
903	10 
904	29 
905	17 
906	85 
907	50 
908	70 
909	6 
910	74 
911	33 
912	16 
913	74 
914	80 
915	3 
916	57 
917	60 
918	62 
919	58 
920	68 
921	5 
922	41 
923	68 
924	42 
925	18 
926	75 
927	40 
928	103 
929	65 
930	51 
931	17 
932	45 
933	79 
934	64 
935	45 
936	61 
937	20 
938	68 
939	61 
940	2 
941	33 
942	41 
943	6 
944	59 
945	99 
946	32 
947	103 
948	89 
949	99 
950	67 
951	96 
952	3 
953	68 
954	66 
955	77 
956	20 
957	93 
958	15 
959	90 
960	97 
961	97 
962	47 
963	42 
964	28 
965	4 
966	60 
967	53 
968	90 
969	75 
970	56 
971	31 
972	45 
973	29 
974	105 
975	90 
976	72 
977	20 
978	89 
979	39 
980	65 
981	14 
982	42 
983	105 
984	18 
985	107 
986	65 
987	56 
988	82 
989	38 
990	54 
991	77 
992	7 
993	75 
994	96 
995	86 
996	46 
997	32 
998	1 
999	37 
1000	36 
1001	3 
1002	78 
1003	46 
1004	91 
1005	44 
1006	37 
1007	104 
1008	31 
1009	18 
1010	6 
1011	15 
1012	97 
1013	24 
1014	5 
1015	58 
1016	18 
1017	30 
1018	48 
1019	22 
1020	73 
1021	80 
1022	30 
1023	71 
1024	29 
1025	9 
1026	95 
1027	35 
1028	87 
1029	34 
1030	55 
1031	55 
1032	57 
1033	27 
1034	104 
1035	26 
1036	41 
1037	86 
1038	17 
1039	42 
1040	33 
1041	47 
1042	5 
1043	60 
1044	85 
1045	35 
1046	54 
1047	51 
1048	6 
1049	69 
1050	2 
1051	74 
1052	63 
1053	104 
1054	3 
1055	90 
1056	55 
1057	107 
1058	33 
1059	77 
1060	70 
1061	77 
1062	18 
1063	25 
1064	67 
1065	79 
1066	20 
1067	105 
1068	56 
1069	1 
1070	75 
1071	16 
1072	50 
1073	45 
1074	106 
1075	102 
1076	15 
1077	75 
1078	95 
1079	28 
1080	4 
1081	96 
1082	74 
1083	47 
1084	49 
1085	4 
1086	10 
1087	93 
1088	48 
1089	78 
1090	94 
1091	59 
1092	84 
1093	23 
1094	25 
1095	87 
1096	45 
1097	57 
1098	37 
1099	3 
1100	43 
1101	32 
1102	41 
1103	50 
1104	68 
1105	68 
1106	12 
1107	17 
1108	26 
1109	23 
1110	45 
1111	54 
1112	86 
1113	56 
1114	37 
1115	71 
1116	5 
1117	67 
1118	98 
1119	41 
1120	56 
1121	26 
1122	22 
1123	60 
1124	93 
1125	93 
1126	15 
1127	105 
1128	27 
1129	14 
1130	55 
1131	56 
1132	25 
1133	61 
1134	38 
1135	98 
1136	34 
1137	33 
1138	71 
1139	55 
1140	65 
1141	45 
1142	7 
1143	24 
1144	16 
1145	61 
1146	105 
1147	45 
1148	24 
1149	40 
1150	65 
1151	58 
1152	45 
1153	50 
1154	73 
1155	68 
1156	21 
1157	64 
1158	44 
1159	22 
1160	71 
1161	2 
1162	88 
1163	36 
1164	60 
1165	15 
1166	15 
1167	25 
1168	67 
1169	34 
1170	7 
1171	1 
1172	93 
1173	57 
1174	38 
1175	42 
1176	57 
1177	37 
1178	74 
1179	77 
1180	32 
1181	37 
1182	62 
1183	99 
1184	104 
1185	29 
1186	38 
1187	38 
1188	83 
1189	101 
1190	46 
1191	77 
1192	57 
1193	38 
1194	66 
1195	42 
1196	13 
1197	37 
1198	69 
1199	9 
1200	20 
1201	20 
1202	42 
1203	12 
1204	6 
1205	74 
1206	104 
1207	6 
1208	104 
1209	60 
1210	28 
1211	68 
1212	88 
1213	105 
1214	34 
1215	12 
1216	22 
1217	79 
1218	30 
1219	42 
1220	45 
1221	1 
1222	103 
1223	25 
1224	46 
1225	6 
1226	2 
1227	95 
1228	104 
1229	17 
1230	10 
1231	40 
1232	67 
1233	12 
1234	55 
1235	2 
1236	99 
1237	58 
1238	25 
1239	53 
1240	99 
1241	90 
1242	1 
1243	87 
1244	77 
1245	12 
1246	48 
1247	66 
1248	21 
1249	48 
1250	37 
1251	37 
1252	74 
1253	70 
1254	102 
1255	89 
1256	68 
1257	90 
1258	101 
1259	33 
1260	44 
1261	70 
1262	70 
1263	45 
1264	26 
1265	23 
1266	62 
1267	101 
1268	28 
1269	65 
1270	9 
1271	57 
1272	29 
1273	60 
1274	89 
1275	43 
1276	24 
1277	73 
1278	65 
1279	56 
1280	65 
1281	6 
1282	37 
1283	24 
1284	1 
1285	38 
1286	90 
1287	49 
1288	66 
1289	86 
1290	98 
1291	77 
1292	87 
1293	104 
1294	51 
1295	101 
1296	70 
1297	48 
1298	90 
1299	26 
1300	35 
1301	106 
1302	63 
1303	84 
1304	44 
1305	47 
1306	12 
1307	19 
1308	78 
1309	93 
1310	46 
1311	8 
1312	44 
1313	99 
1314	38 
1315	4 
1316	84 
1317	51 
1318	92 
1319	38 
1320	38 
1321	49 
1322	51 
1323	60 
1324	105 
1325	12 
1326	77 
1327	93 
1328	44 
1329	77 
1330	33 
1331	23 
1332	36 
1333	22 
1334	78 
1335	76 
1336	37 
1337	42 
1338	62 
1339	54 
1340	99 
1341	58 
1342	41 
1343	93 
1344	56 
1345	29 
1346	77 
1347	42 
1348	64 
1349	6 
1350	53 
1351	36 
1352	102 
1353	57 
1354	12 
1355	69 
1356	29 
1357	78 
1358	54 
1359	29 
1360	48 
1361	26 
1362	94 
1363	93 
1364	82 
1365	100 
1366	28 
1367	62 
1368	56 
1369	41 
1370	43 
1371	70 
1372	100 
1373	24 
1374	104 
1375	102 
1376	38 
1377	99 
1378	37 
1379	64 
1380	1 
1381	71 
1382	83 
1383	79 
1384	26 
1385	67 
1386	66 
1387	10 
1388	42 
1389	95 
1390	2 
1391	106 
1392	86 
1393	43 
1394	1 
1395	45 
1396	55 
1397	48 
1398	83 
1399	93 
1400	7 
1401	15 
1402	45 
1403	79 
1404	48 
1405	17 
1406	33 
1407	51 
1408	10 
1409	37 
1410	25 
1411	54 
1412	62 
1413	36 
1414	15 
1415	99 
1416	99 
1417	93 
1418	15 
1419	42 
1420	106 
1421	3 
1422	41 
1423	49 
1424	102 
1425	18 
1426	39 
1427	86 
1428	75 
1429	99 
1430	98 
1431	15 
1432	51 
1433	51 
1434	66 
1435	1 
1436	43 
1437	21 
1438	60 
1439	36 
1440	66 
1441	26 
1442	83 
1443	44 
1444	99 
1445	30 
1446	97 
1447	105 
1448	16 
1449	45 
1450	15 
1451	30 
1452	9 
1453	68 
1454	65 
1455	80 
1456	5 
1457	40 
1458	15 
1459	81 
1460	104 
1461	26 
1462	50 
1463	15 
1464	85 
1465	64 
1466	82 
1467	104 
1468	29 
1469	94 
1470	53 
1471	93 
1472	55 
1473	44 
1474	83 
1475	24 
1476	81 
1477	61 
1478	42 
1479	66 
1480	3 
1481	36 
1482	52 
1483	44 
1484	23 
1485	76 
1486	33 
1487	68 
1488	27 
1489	59 
1490	33 
1491	41 
1492	29 
1493	92 
1494	45 
1495	59 
1496	18 
1497	15 
1498	95 
1499	8 
1500	1 
1501	21 
1502	3 
1503	51 
1504	1 
1505	45 
1506	53 
1507	18 
1508	3 
1509	101 
1510	23 
1511	6 
1512	41 
1513	93 
1514	86 
1515	92 
1516	83 
1517	8 
1518	43 
1519	93 
1520	80 
1521	37 
1522	99 
1523	39 
1524	86 
1525	1 
1526	93 
1527	18 
1528	51 
1529	102 
1530	39 
1531	48 
1532	6 
1533	99 
1534	34 
1535	76 
1536	62 
1537	25 
1538	59 
1539	48 
1540	33 
1541	103 
1542	43 
1543	58 
1544	95 
1545	52 
1546	66 
1547	55 
1548	25 
1549	64 
1550	58 
1551	102 
1552	52 
1553	93 
1554	41 
1555	48 
1556	80 
1557	41 
1558	50 
1559	32 
1560	42 
1561	102 
1562	99 
1563	70 
1564	56 
1565	41 
1566	26 
1567	65 
1568	36 
1569	52 
1570	25 
1571	103 
1572	2 
1573	93 
1574	24 
1575	60 
1576	4 
1577	39 
1578	49 
1579	2 
1580	102 
1581	77 
1582	84 
1583	91 
1584	41 
1585	35 
1586	20 
1587	18 
1588	35 
1589	50 
1590	68 
1591	93 
1592	6 
1593	74 
1594	25 
1595	44 
1596	29 
1597	93 
1598	29 
1599	69 
1600	70 
1601	20 
1602	10 
1603	35 
1604	58 
1605	29 
1606	29 
1607	48 
1608	37 
1609	51 
1610	98 
1611	22 
1612	24 
1613	52 
1614	103 
1615	58 
1616	51 
1617	35 
1618	77 
1619	54 
1620	24 
1621	51 
1622	73 
1623	26 
1624	12 
1625	16 
1626	50 
1627	74 
1628	17 
1629	35 
1630	27 
1631	21 
1632	71 
1633	58 
1634	54 
1635	57 
1636	3 
1637	44 
1638	51 
1639	26 
1640	85 
1641	56 
1642	27 
1643	66 
1644	98 
1645	28 
1646	94 
1647	20 
1648	64 
1649	45 
1650	66 
1651	32 
1652	60 
1653	90 
1654	34 
1655	55 
1656	7 
1657	65 
1658	36 
1659	41 
1660	58 
1661	1 
1662	52 
1663	25 
1664	43 
1665	33 
1666	38 
1667	104 
1668	43 
1669	12 
1670	5 
1671	104 
1672	20 
1673	53 
1674	19 
1675	41 
1676	90 
1677	35 
1678	50 
1679	81 
1680	99 
1681	26 
1682	99 
1683	78 
1684	32 
1685	5 
1686	72 
1687	1 
1688	61 
1689	34 
1690	58 
1691	105 
1692	64 
1693	70 
1694	51 
1695	29 
1696	32 
1697	3 
1698	26 
1699	36 
1700	47 
1701	55 
1702	94 
1703	70 
1704	23 
1705	42 
1706	46 
1707	25 
1708	86 
1709	97 
1710	15 
1711	91 
1712	23 
1713	33 
1714	31 
1715	25 
1716	56 
1717	64 
1718	13 
1719	92 
1720	29 
1721	35 
1722	41 
1723	63 
1724	41 
1725	36 
1726	44 
1727	30 
1728	31 
1729	99 
1730	40 
1731	25 
1732	39 
1733	53 
1734	15 
1735	43 
1736	75 
1737	23 
1738	58 
1739	12 
1740	70 
1741	103 
1742	99 
1743	49 
1744	38 
1745	36 
1746	69 
1747	90 
1748	31 
1749	98 
1750	18 
1751	29 
1752	5 
1753	56 
1754	16 
1755	39 
1756	65 
1757	22 
1758	27 
1759	1 
1760	26 
1761	23 
1762	47 
1763	1 
1764	8 
1765	57 
1766	97 
1767	10 
1768	64 
1769	56 
1770	7 
1771	14 
1772	42 
1773	15 
1774	42 
1775	64 
1776	83 
1777	75 
1778	48 
1779	56 
1780	15 
1781	12 
1782	99 
1783	25 
1784	25 
1785	10 
1786	51 
1787	102 
1788	54 
1789	58 
1790	76 
1791	25 
1792	94 
1793	15 
1794	43 
1795	50 
1796	46 
1797	33 
1798	59 
1799	15 
1800	75 
1801	41 
1802	2 
1803	26 
1804	64 
1805	87 
1806	44 
1807	93 
1808	76 
1809	93 
1810	74 
1811	12 
1812	57 
1813	105 
1814	23 
1815	38 
1816	53 
1817	45 
1818	38 
1819	15 
1820	10 
1821	67 
1822	25 
1823	45 
1824	93 
1825	100 
1826	79 
1827	5 
1828	26 
1829	1 
1830	75 
1831	26 
1832	2 
1833	23 
1834	2 
1835	58 
1836	56 
1837	47 
1838	56 
1839	4 
1840	39 
1841	84 
1842	26 
1843	43 
1844	68 
1845	41 
1846	81 
1847	24 
1848	93 
1849	7 
1850	5 
1851	80 
1852	3 
1853	24 
1854	84 
1855	65 
1856	68 
1857	25 
1858	84 
1859	13 
1860	83 
1861	5 
1862	40 
1863	102 
1864	103 
1865	33 
1866	51 
1867	80 
1868	88 
1869	41 
1870	67 
1871	25 
1872	19 
1873	92 
1874	101 
1875	29 
1876	40 
1877	1 
1878	57 
1879	23 
1880	102 
1881	93 
1882	47 
1883	93 
1884	1 
1885	29 
1886	98 
1887	35 
1888	37 
1889	15 
1890	98 
1891	102 
1892	62 
1893	40 
1894	64 
1895	14 
1896	5 
1897	5 
1898	87 
1899	43 
1900	77 
1901	32 
1902	68 
1903	17 
1904	65 
1905	58 
1906	38 
1907	4 
1908	36 
1909	10 
1910	105 
1911	31 
1912	21 
1913	49 
1914	94 
1915	56 
1916	56 
1917	101 
1918	62 
1919	93 
1920	18 
1921	62 
1922	76 
1923	18 
1924	97 
1925	18 
1926	38 
1927	27 
1928	74 
1929	55 
1930	75 
1931	43 
1932	20 
1933	37 
1934	107 
1935	86 
1936	99 
1937	80 
1938	48 
1939	4 
1940	105 
1941	70 
1942	99 
1943	105 
1944	18 
1945	60 
1946	41 
1947	21 
1948	99 
1949	36 
1950	104 
1951	38 
1952	25 
1953	99 
1954	65 
1955	56 
1956	77 
1957	77 
1958	56 
1959	74 
1960	27 
1961	26 
1962	69 
1963	74 
1964	6 
1965	45 
1966	102 
1967	10 
1968	75 
1969	40 
1970	73 
1971	56 
1972	93 
1973	1 
1974	106 
1975	56 
1976	22 
1977	103 
1978	48 
1979	64 
1980	91 
1981	36 
1982	56 
1983	104 
1984	65 
1985	41 
1986	51 
1987	5 
1988	99 
1989	68 
1990	65 
1991	43 
1992	105 
1993	17 
1994	35 
1995	72 
1996	84 
1997	68 
1998	5 
1999	74 
2000	93 
2001	91 
2002	23 
2003	59 
2004	2 
2005	80 
2006	18 
2007	31 
2008	78 
2009	23 
2010	42 
2011	41 
2012	80 
2013	3 
2014	91 
2015	24 
2016	67 
2017	106 
2018	89 
2019	68 
2020	58 
2021	95 
2022	57 
2023	77 
2024	98 
2025	70 
2026	65 
2027	103 
2028	37 
2029	20 
2030	88 
2031	20 
2032	86 
2033	26 
2034	55 
2035	88 
2036	9 
2037	29 
2038	90 
2039	33 
2040	104 
2041	26 
2042	36 
2043	41 
2044	45 
2045	3 
2046	93 
2047	24 
2048	99 
2049	16 
2050	45 
2051	27 
2052	15 
2053	41 
2054	92 
2055	27 
2056	25 
2057	103 
2058	55 
2059	96 
2060	76 
2061	55 
2062	12 
2063	51 
2064	3 
2065	28 
2066	79 
2067	62 
2068	18 
2069	105 
2070	87 
2071	29 
2072	68 
2073	12 
2074	19 
2075	107 
2076	56 
2077	43 
2078	92 
2079	92 
2080	1 
2081	70 
2082	36 
2083	30 
2084	54 
2085	16 
2086	27 
2087	46 
2088	62 
2089	3 
2090	22 
2091	77 
2092	100 
2093	72 
2094	46 
2095	79 
2096	37 
2097	56 
2098	79 
2099	66 
2100	67 
2101	36 
2102	5 
2103	35 
2104	68 
2105	64 
2106	58 
2107	102 
2108	77 
2109	89 
2110	35 
2111	77 
2112	54 
2113	16 
2114	91 
2115	36 
2116	18 
2117	1 
2118	41 
2119	43 
2120	15 
2121	104 
2122	65 
2123	42 
2124	94 
2125	70 
2126	33 
2127	2 
2128	85 
2129	52 
2130	104 
2131	26 
2132	77 
2133	74 
2134	5 
2135	68 
2136	56 
2137	23 
2138	69 
2139	56 
2140	36 
2141	88 
2142	60 
2143	93 
2144	27 
2145	105 
2146	77 
2147	43 
2148	55 
2149	18 
2150	43 
2151	44 
2152	55 
2153	77 
2154	58 
2155	90 
2156	81 
2157	41 
2158	105 
2159	65 
2160	55 
2161	101 
2162	88 
2163	91 
2164	54 
2165	18 
2166	5 
2167	29 
2168	37 
2169	20 
2170	41 
2171	78 
2172	77 
2173	53 
2174	27 
2175	104 
2176	55 
2177	58 
2178	24 
2179	24 
2180	96 
2181	37 
2182	71 
2183	77 
2184	11 
2185	70 
2186	66 
2187	97 
2188	62 
2189	26 
2190	3 
2191	67 
2192	16 
2193	26 
2194	35 
2195	97 
2196	103 
2197	66 
2198	77 
2199	44 
2200	27 
2201	62 
2202	74 
2203	33 
2204	107 
2205	57 
2206	94 
2207	100 
2208	77 
2209	83 
2210	36 
2211	107 
2212	8 
2213	106 
2214	28 
2215	25 
2216	38 
2217	46 
2218	74 
2219	33 
2220	102 
2221	25 
2222	101 
2223	25 
2224	35 
2225	65 
2226	23 
2227	103 
2228	92 
2229	56 
2230	27 
2231	50 
2232	37 
2233	43 
2234	64 
2235	23 
2236	4 
2237	22 
2238	50 
2239	25 
2240	27 
2241	20 
2242	33 
2243	35 
2244	65 
2245	50 
2246	24 
2247	90 
2248	65 
2249	15 
2250	86 
2251	80 
2252	34 
2253	77 
2254	32 
2255	104 
2256	86 
2257	36 
2258	37 
2259	68 
2260	102 
2261	44 
2262	30 
2263	26 
2264	13 
2265	37 
2266	76 
2267	33 
2268	89 
2269	12 
2270	30 
2271	9 
2272	74 
2273	79 
2274	76 
2275	40 
2276	93 
2277	26 
2278	11 
2279	35 
2280	28 
2281	49 
2282	45 
2283	25 
2284	59 
2285	94 
2286	107 
2287	45 
2288	58 
2289	94 
2290	22 
2291	56 
2292	26 
2293	102 
2294	1 
2295	94 
2296	74 
2297	17 
2298	21 
2299	37 
2300	77 
2301	95 
2302	45 
2303	16 
2304	68 
2305	65 
2306	88 
2307	101 
2308	76 
2309	50 
2310	21 
2311	56 
2312	41 
2313	41 
2314	91 
2315	51 
2316	100 
2317	91 
2318	77 
2319	57 
2320	17 
2321	36 
2322	58 
2323	27 
2324	24 
2325	105 
2326	45 
2327	27 
2328	55 
2329	6 
2330	57 
2331	76 
2332	68 
2333	59 
2334	99 
2335	78 
2336	70 
2337	44 
2338	8 
2339	91 
2340	77 
2341	60 
2342	70 
2343	72 
2344	43 
2345	95 
2346	99 
2347	46 
2348	90 
2349	61 
2350	105 
2351	20 
2352	3 
2353	19 
2354	66 
2355	6 
2356	54 
2357	3 
2358	13 
2359	26 
2360	76 
2361	48 
2362	2 
2363	1 
2364	41 
2365	103 
2366	16 
2367	12 
2368	58 
2369	18 
2370	99 
2371	74 
2372	10 
2373	6 
2374	86 
2375	87 
2376	101 
2377	33 
2378	1 
2379	22 
2380	45 
2381	64 
2382	20 
2383	70 
2384	26 
2385	11 
2386	42 
2387	53 
2388	36 
2389	97 
2390	57 
2391	45 
2392	36 
2393	65 
2394	80 
2395	10 
2396	37 
2397	34 
2398	29 
2399	76 
2400	26 
2401	66 
2402	33 
2403	41 
2404	86 
2405	68 
2406	2 
2407	100 
2408	92 
2409	66 
2410	81 
2411	66 
2412	69 
2413	15 
2414	58 
2415	102 
2416	15 
2417	41 
2418	1 
2419	46 
2420	44 
2421	89 
2422	3 
2423	23 
2424	90 
2425	3 
2426	36 
2427	36 
2428	99 
2429	102 
2430	105 
2431	84 
2432	83 
2433	15 
2434	50 
2435	59 
2436	50 
2437	43 
2438	14 
2439	104 
2440	90 
2441	1 
2442	15 
2443	91 
2444	30 
2445	25 
2446	34 
2447	92 
2448	18 
2449	86 
2450	23 
2451	1 
2452	45 
2453	68 
2454	57 
2455	45 
2456	93 
2457	78 
2458	73 
2459	8 
2460	73 
2461	21 
2462	64 
2463	24 
2464	45 
2465	20 
2466	100 
2467	74 
2468	29 
2469	102 
2470	56 
2471	36 
2472	68 
2473	77 
2474	91 
2475	49 
2476	85 
2477	28 
2478	37 
2479	65 
2480	67 
2481	103 
2482	33 
2483	69 
2484	57 
2485	82 
2486	90 
2487	106 
2488	58 
2489	44 
2490	77 
2491	10 
2492	45 
2493	20 
2494	34 
2495	15 
2496	65 
2497	68 
2498	37 
2499	77 
2500	30 
2501	29 
2502	29 
2503	86 
2504	60 
2505	51 
2506	33 
2507	15 
2508	1 
2509	28 
2510	97 
2511	39 
2512	59 
2513	76 
2514	42 
2515	36 
2516	43 
2517	20 
2518	36 
2519	79 
2520	89 
2521	56 
2522	36 
2523	18 
2524	41 
2525	96 
2526	51 
2527	2 
2528	42 
2529	43 
2530	65 
2531	37 
2532	80 
2533	5 
2534	93 
2535	21 
2536	55 
2537	22 
2538	59 
2539	10 
2540	74 
2541	90 
2542	65 
2543	44 
2544	65 
2545	80 
2546	44 
2547	100 
2548	66 
2549	15 
2550	6 
2551	93 
2552	27 
2553	21 
2554	96 
2555	35 
2556	3 
2557	7 
2558	12 
2559	85 
2560	4 
2561	29 
2562	104 
2563	98 
2564	24 
2565	68 
2566	10 
2567	16 
2568	39 
2569	65 
2570	25 
2571	39 
2572	3 
2573	1 
2574	38 
2575	85 
2576	19 
2577	25 
2578	41 
2579	27 
2580	39 
2581	87 
2582	88 
2583	45 
2584	13 
2585	29 
2586	57 
2587	3 
2588	63 
2589	15 
2590	68 
2591	1 
2592	98 
2593	76 
2594	93 
2595	107 
2596	94 
2597	56 
2598	39 
2599	94 
2600	20 
2601	72 
2602	41 
2603	6 
2604	45 
2605	68 
2606	90 
2607	3 
2608	64 
2609	79 
2610	81 
2611	4 
2612	31 
2613	38 
2614	57 
2615	100 
2616	66 
2617	38 
2618	5 
2619	66 
2620	9 
2621	25 
2622	4 
2623	15 
2624	102 
2625	90 
2626	29 
2627	33 
2628	41 
2629	19 
2630	72 
2631	12 
2632	1 
2633	30 
2634	88 
2635	79 
2636	99 
2637	58 
2638	87 
2639	44 
2640	45 
2641	15 
2642	36 
2643	98 
2644	51 
2645	26 
2646	103 
2647	5 
2648	21 
2649	38 
2650	74 
2651	43 
2652	58 
2653	65 
2654	44 
2655	74 
2656	17 
2657	57 
2658	2 
2659	24 
2660	52 
2661	37 
2662	49 
2663	38 
2664	2 
2665	99 
2666	43 
2667	99 
2668	46 
2669	79 
2670	78 
2671	6 
2672	37 
2673	22 
2674	32 
2675	4 
2676	102 
2677	57 
2678	42 
2679	104 
2680	66 
2681	31 
2682	98 
2683	56 
2684	25 
2685	22 
2686	104 
2687	56 
2688	15 
2689	90 
2690	66 
2691	62 
2692	3 
2693	60 
2694	24 
2695	91 
2696	26 
2697	28 
2698	1 
2699	93 
2700	51 
2701	3 
2702	77 
2703	105 
2704	58 
2705	56 
2706	74 
2707	93 
2708	5 
2709	85 
2710	15 
2711	86 
2712	28 
2713	37 
2714	76 
2715	98 
2716	29 
2717	12 
2718	3 
2719	99 
2720	33 
2721	84 
2722	41 
2723	32 
2724	36 
2725	20 
2726	36 
2727	75 
2728	78 
2729	15 
2730	37 
2731	56 
2732	44 
2733	67 
2734	20 
2735	58 
2736	31 
2737	17 
2738	86 
2739	78 
2740	37 
2741	87 
2742	37 
2743	21 
2744	3 
2745	16 
2746	36 
2747	31 
2748	68 
2749	11 
2750	93 
2751	3 
2752	51 
2753	29 
2754	9 
2755	34 
2756	86 
2757	65 
2758	92 
2759	45 
2760	11 
2761	2 
2762	77 
2763	32 
2764	91 
2765	12 
2766	97 
2767	97 
2768	106 
2769	47 
2770	31 
2771	73 
2772	3 
2773	59 
2774	17 
2775	77 
2776	20 
2777	77 
2778	32 
2779	72 
2780	33 
2781	12 
2782	12 
2783	70 
2784	25 
2785	75 
2786	90 
2787	3 
2788	61 
2789	87 
2790	61 
2791	48 
2792	93 
2793	68 
2794	56 
2795	41 
2796	66 
2797	90 
2798	18 
2799	55 
2800	80 
2801	98 
2802	104 
2803	36 
2804	10 
2805	61 
2806	48 
2807	67 
2808	46 
2809	53 
2810	57 
2811	63 
2812	26 
2813	74 
2814	18 
2815	6 
2816	94 
2817	45 
2818	22 
2819	53 
2820	16 
2821	36 
2822	90 
2823	27 
2824	38 
2825	53 
2826	26 
2827	93 
2828	70 
2829	1 
2830	45 
2831	74 
2832	6 
2833	55 
2834	45 
2835	14 
2836	93 
2837	47 
2838	1 
2839	3 
2840	12 
2841	93 
2842	83 
2843	36 
2844	22 
2845	101 
2846	91 
2847	58 
2848	35 
2849	60 
2850	24 
2851	58 
2852	12 
2853	77 
2854	61 
2855	36 
2856	33 
2857	60 
2858	32 
2859	82 
2860	75 
2861	45 
2862	37 
2863	104 
2864	67 
2865	25 
2866	103 
2867	37 
2868	19 
2869	83 
2870	64 
2871	15 
2872	25 
2873	95 
2874	10 
2875	7 
2876	13 
2877	96 
2878	15 
2879	83 
2880	51 
2881	37 
2882	47 
2883	44 
2884	66 
2885	68 
2886	25 
2887	12 
2888	102 
2889	64 
2890	68 
2891	15 
2892	15 
2893	60 
2894	25 
2895	44 
2896	66 
2897	23 
2898	15 
2899	38 
2900	80 
2901	41 
2902	94 
2903	37 
2904	23 
2905	54 
2906	75 
2907	3 
2908	78 
2909	33 
2910	66 
2911	74 
2912	91 
2913	21 
2914	58 
2915	83 
2916	60 
2917	28 
2918	78 
2919	40 
2920	21 
2921	36 
2922	87 
2923	68 
2924	35 
2925	24 
2926	56 
2927	64 
2928	51 
2929	57 
2930	15 
2931	57 
2932	65 
2933	21 
2934	73 
2935	12 
2936	92 
2937	26 
2938	38 
2939	28 
2940	63 
2941	58 
2942	16 
2943	26 
2944	85 
2945	60 
2946	77 
2947	33 
2948	102 
2949	75 
2950	105 
2951	1 
2952	61 
2953	90 
2954	58 
2955	92 
2956	8 
2957	95 
2958	59 
2959	99 
2960	105 
2961	15 
2962	2 
2963	49 
2964	24 
2965	89 
2966	24 
2967	20 
2968	36 
2969	46 
2970	24 
2971	69 
2972	12 
2973	44 
2974	44 
2975	89 
2976	5 
2977	77 
2978	65 
2979	70 
2980	68 
2981	46 
2982	36 
2983	45 
2984	32 
2985	104 
2986	26 
2987	66 
2988	54 
2989	44 
2990	59 
2991	88 
2992	16 
2993	2 
2994	38 
2995	39 
2996	64 
2997	3 
2998	93 
2999	19 
3000	3 
3001	1 
3002	5 
3003	44 
3004	40 
3005	102 
3006	18 
3007	48 
3008	33 
3009	41 
3010	51 
3011	33 
3012	95 
3013	106 
3014	82 
3015	99 
3016	43 
3017	77 
3018	2 
3019	43 
3020	90 
3021	77 
3022	26 
3023	74 
3024	38 
3025	82 
3026	45 
3027	74 
3028	59 
3029	6 
3030	68 
3031	12 
3032	3 
3033	23 
3034	103 
3035	60 
3036	45 
3037	30 
3038	37 
3039	45 
3040	86 
3041	69 
3042	65 
3043	31 
3044	102 
3045	3 
3046	79 
3047	42 
3048	20 
3049	42 
3050	61 
3051	103 
3052	36 
3053	9 
3054	93 
3055	3 
3056	29 
3057	41 
3058	75 
3059	28 
3060	57 
3061	29 
3062	1 
3063	51 
3064	33 
3065	101 
3066	89 
3067	101 
3068	74 
3069	79 
3070	7 
3071	29 
3072	26 
3073	93 
3074	75 
3075	16 
3076	20 
3077	36 
3078	102 
3079	81 
3080	73 
3081	99 
3082	70 
3083	15 
3084	29 
3085	95 
3086	68 
3087	36 
3088	42 
3089	66 
3090	12 
3091	90 
3092	42 
3093	2 
3094	93 
3095	6 
3096	1 
3097	98 
3098	23 
3099	102 
3100	42 
3101	7 
3102	43 
3103	30 
3104	32 
3105	46 
3106	66 
3107	44 
3108	41 
3109	47 
3110	41 
3111	33 
3112	85 
3113	45 
3114	104 
3115	55 
3116	83 
3117	22 
3118	1 
3119	74 
3120	60 
3121	38 
3122	38 
3123	27 
3124	27 
3125	45 
3126	56 
3127	5 
3128	12 
3129	81 
3130	43 
3131	75 
3132	104 
3133	102 
3134	96 
3135	64 
3136	58 
3137	75 
3138	12 
3139	42 
3140	8 
3141	31 
3142	92 
3143	93 
3144	90 
3145	49 
3146	19 
3147	99 
3148	99 
3149	8 
3150	55 
3151	45 
3152	55 
3153	66 
3154	43 
3155	15 
3156	66 
3157	47 
3158	35 
3159	82 
3160	93 
3161	52 
3162	2 
3163	64 
3164	24 
3165	52 
3166	36 
3167	95 
3168	68 
3169	70 
3170	24 
3171	26 
3172	34 
3173	82 
3174	1 
3175	87 
3176	95 
3177	36 
3178	72 
3179	24 
3180	66 
3181	54 
3182	10 
3183	60 
3184	98 
3185	3 
3186	23 
3187	41 
3188	47 
3189	24 
3190	75 
3191	31 
3192	12 
3193	20 
3194	34 
3195	79 
3196	45 
3197	16 
3198	11 
3199	64 
3200	55 
3201	33 
3202	46 
3203	98 
3204	93 
3205	37 
3206	15 
3207	82 
3208	63 
3209	58 
3210	56 
3211	98 
3212	18 
3213	4 
3214	27 
3215	37 
3216	99 
3217	102 
3218	63 
3219	36 
3220	77 
3221	44 
3222	39 
3223	83 
3224	50 
3225	21 
3226	66 
3227	99 
3228	19 
3229	58 
3230	105 
3231	93 
3232	27 
3233	2 
3234	85 
3235	104 
3236	40 
3237	7 
3238	24 
3239	39 
3240	26 
3241	2 
3242	39 
3243	53 
3244	36 
3245	96 
3246	31 
3247	6 
3248	50 
3249	3 
3250	60 
3251	13 
3252	68 
3253	99 
3254	16 
3255	107 
3256	68 
3257	42 
3258	45 
3259	3 
3260	38 
3261	19 
3262	58 
3263	51 
3264	1 
3265	87 
3266	75 
3267	39 
3268	98 
3269	14 
3270	91 
3271	38 
3272	3 
3273	41 
3274	45 
3275	13 
3276	104 
3277	105 
3278	86 
3279	46 
3280	43 
3281	95 
3282	32 
3283	91 
3284	12 
3285	31 
3286	55 
3287	97 
3288	36 
3289	36 
3290	15 
3291	66 
3292	78 
3293	4 
3294	96 
3295	9 
3296	18 
3297	56 
3298	42 
3299	100 
3300	36 
3301	17 
3302	15 
3303	101 
3304	66 
3305	63 
3306	93 
3307	87 
3308	1 
3309	87 
3310	71 
3311	29 
3312	46 
3313	72 
3314	85 
3315	90 
3316	68 
3317	95 
3318	5 
3319	42 
3320	7 
3321	16 
3322	5 
3323	43 
3324	28 
3325	51 
3326	15 
3327	39 
3328	78 
3329	33 
3330	85 
3331	60 
3332	81 
3333	30 
3334	82 
3335	15 
3336	18 
3337	32 
3338	73 
3339	14 
3340	29 
3341	59 
3342	104 
3343	98 
3344	103 
3345	84 
3346	65 
3347	91 
3348	26 
3349	15 
3350	24 
3351	61 
3352	70 
3353	99 
3354	35 
3355	77 
3356	54 
3357	23 
3358	40 
3359	58 
3360	68 
3361	61 
3362	31 
3363	101 
3364	16 
3365	38 
3366	107 
3367	52 
3368	86 
3369	41 
3370	6 
3371	73 
3372	101 
3373	63 
3374	3 
3375	28 
3376	38 
3377	3 
3378	74 
3379	79 
3380	88 
3381	29 
3382	102 
3383	57 
3384	13 
3385	16 
3386	38 
3387	2 
3388	38 
3389	102 
3390	101 
3391	63 
3392	41 
3393	25 
3394	45 
3395	86 
3396	38 
3397	74 
3398	58 
3399	97 
3400	81 
3401	16 
3402	4 
3403	37 
3404	77 
3405	88 
3406	85 
3407	94 
3408	67 
3409	26 
3410	103 
3411	66 
3412	12 
3413	48 
3414	106 
3415	26 
3416	55 
3417	13 
3418	38 
3419	67 
3420	3 
3421	67 
3422	33 
3423	44 
3424	107 
3425	74 
3426	57 
3427	64 
3428	50 
3429	7 
3430	2 
3431	44 
3432	107 
3433	39 
3434	33 
3435	96 
3436	68 
3437	29 
3438	104 
3439	74 
3440	87 
3441	78 
3442	64 
3443	38 
3444	57 
3445	50 
3446	55 
3447	45 
3448	4 
3449	36 
3450	102 
3451	44 
3452	102 
3453	63 
3454	106 
3455	24 
3456	53 
3457	56 
3458	49 
3459	103 
3460	22 
3461	38 
3462	85 
3463	26 
3464	55 
3465	47 
3466	34 
3467	93 
3468	36 
3469	79 
3470	6 
3471	57 
3472	24 
3473	58 
3474	51 
3475	92 
3476	88 
3477	41 
3478	47 
3479	48 
3480	96 
3481	103 
3482	45 
3483	66 
3484	7 
3485	32 
3486	76 
3487	3 
3488	93 
3489	70 
3490	67 
3491	15 
3492	65 
3493	35 
3494	58 
3495	102 
3496	72 
3497	18 
3498	74 
3499	42 
3500	70 
3501	49 
3502	5 
3503	75 
3504	37 
3505	15 
3506	3 
3507	76 
3508	58 
3509	18 
3510	11 
3511	73 
3512	23 
3513	58 
3514	27 
3515	31 
3516	24 
3517	64 
3518	12 
3519	104 
3520	21 
3521	74 
3522	106 
3523	97 
3524	5 
3525	73 
3526	23 
3527	89 
3528	26 
3529	90 
3530	3 
3531	90 
3532	50 
3533	80 
3534	37 
3535	4 
3536	38 
3537	80 
3538	23 
3539	32 
3540	34 
3541	22 
3542	14 
3543	33 
3544	79 
3545	14 
3546	95 
3547	16 
3548	82 
3549	90 
3550	77 
3551	70 
3552	77 
3553	44 
3554	103 
3555	77 
3556	96 
3557	38 
3558	38 
3559	20 
3560	5 
3561	26 
3562	66 
3563	20 
3564	27 
3565	102 
3566	73 
3567	17 
3568	90 
3569	54 
3570	20 
3571	6 
3572	36 
3573	2 
3574	77 
3575	19 
3576	36 
3577	88 
3578	102 
3579	98 
3580	38 
3581	36 
3582	56 
3583	102 
3584	35 
3585	74 
3586	93 
3587	17 
3588	2 
3589	106 
3590	106 
3591	99 
3592	75 
3593	57 
3594	7 
3595	87 
3596	43 
3597	31 
3598	22 
3599	99 
3600	50 
3601	80 
3602	29 
3603	9 
3604	102 
3605	100 
3606	35 
3607	83 
3608	43 
3609	14 
3610	8 
3611	21 
3612	38 
3613	71 
3614	41 
3615	35 
3616	21 
3617	46 
3618	102 
3619	46 
3620	48 
3621	25 
3622	37 
3623	83 
3624	38 
3625	20 
3626	58 
3627	81 
3628	12 
3629	58 
3630	91 
3631	70 
3632	7 
3633	36 
3634	74 
3635	20 
3636	72 
3637	57 
3638	90 
3639	41 
3640	45 
3641	95 
3642	74 
3643	85 
3644	68 
3645	12 
3646	56 
3647	32 
3648	95 
3649	10 
3650	58 
3651	74 
3652	47 
3653	47 
3654	13 
3655	60 
3656	56 
3657	93 
3658	45 
3659	44 
3660	14 
3661	29 
3662	57 
3663	104 
3664	52 
3665	42 
3666	93 
3667	74 
3668	36 
3669	17 
3670	41 
3671	72 
3672	55 
3673	26 
3674	93 
3675	48 
3676	54 
3677	72 
3678	86 
3679	93 
3680	102 
3681	21 
3682	40 
3683	13 
3684	45 
3685	1 
3686	60 
3687	33 
3688	48 
3689	73 
3690	19 
3691	26 
3692	26 
3693	48 
3694	27 
3695	55 
3696	54 
3697	35 
3698	80 
3699	54 
3700	13 
3701	25 
3702	58 
3703	68 
3704	67 
3705	64 
3706	104 
3707	19 
3708	41 
3709	40 
3710	57 
3711	36 
3712	77 
3713	69 
3714	47 
3715	77 
3716	52 
3717	77 
3718	99 
3719	38 
3720	59 
3721	3 
3722	55 
3723	1 
3724	59 
3725	50 
3726	60 
3727	102 
3728	56 
3729	42 
3730	6 
3731	20 
3732	66 
3733	46 
3734	16 
3735	84 
3736	105 
3737	26 
3738	35 
3739	22 
3740	79 
3741	29 
3742	74 
3743	62 
3744	57 
3745	90 
3746	1 
3747	105 
3748	98 
3749	20 
3750	54 
3751	64 
3752	86 
3753	84 
3754	76 
3755	44 
3756	1 
3757	99 
3758	79 
3759	45 
3760	9 
3761	4 
3762	44 
3763	68 
3764	15 
3765	92 
3766	26 
3767	67 
3768	18 
3769	31 
3770	70 
3771	30 
3772	69 
3773	34 
3774	82 
3775	15 
3776	104 
3777	26 
3778	76 
3779	47 
3780	66 
3781	29 
3782	45 
3783	18 
3784	1 
3785	9 
3786	78 
3787	29 
3788	34 
3789	100 
3790	31 
3791	66 
3792	71 
3793	101 
3794	105 
3795	6 
3796	15 
3797	10 
3798	97 
3799	99 
3800	51 
3801	70 
3802	93 
3803	23 
3804	24 
3805	13 
3806	28 
3807	48 
3808	17 
3809	3 
3810	43 
3811	94 
3812	87 
3813	39 
3814	32 
3815	29 
3816	5 
3817	105 
3818	95 
3819	42 
3820	86 
3821	12 
3822	48 
3823	15 
3824	20 
3825	31 
3826	90 
3827	20 
3828	51 
3829	42 
3830	32 
3831	20 
3832	77 
3833	21 
3834	61 
3835	45 
3836	92 
3837	65 
3838	68 
3839	77 
3840	55 
3841	45 
3842	95 
3843	42 
3844	65 
3845	74 
3846	31 
3847	72 
3848	99 
3849	60 
3850	101 
3851	3 
3852	41 
3853	41 
3854	29 
3855	41 
3856	105 
3857	66 
3858	99 
3859	50 
3860	57 
3861	30 
3862	38 
3863	20 
3864	26 
3865	3 
3866	101 
3867	105 
3868	105 
3869	43 
3870	84 
3871	84 
3872	101 
3873	38 
3874	20 
3875	55 
3876	12 
3877	8 
3878	38 
3879	86 
3880	24 
3881	60 
3882	36 
3883	56 
3884	73 
3885	97 
3886	5 
3887	82 
3888	68 
3889	65 
3890	56 
3891	65 
3892	56 
3893	64 
3894	61 
3895	90 
3896	5 
3897	93 
3898	31 
3899	68 
3900	78 
3901	64 
3902	33 
3903	79 
3904	46 
3905	72 
3906	102 
3907	53 
3908	68 
3909	50 
3910	37 
3911	20 
3912	104 
3913	64 
3914	72 
3915	33 
3916	64 
3917	88 
3918	77 
3919	29 
3920	107 
3921	42 
3922	2 
3923	88 
3924	2 
3925	1 
3926	15 
3927	25 
3928	96 
3929	29 
3930	104 
3931	26 
3932	22 
3933	6 
3934	37 
3935	68 
3936	91 
3937	17 
3938	102 
3939	62 
3940	22 
3941	24 
3942	27 
3943	32 
3944	100 
3945	80 
3946	77 
3947	93 
3948	23 
3949	102 
3950	43 
3951	43 
3952	103 
3953	86 
3954	91 
3955	57 
3956	65 
3957	77 
3958	62 
3959	68 
3960	105 
3961	67 
3962	8 
3963	66 
3964	98 
3965	61 
3966	45 
3967	24 
3968	27 
3969	41 
3970	20 
3971	19 
3972	61 
3973	23 
3974	86 
3975	35 
3976	60 
3977	96 
3978	59 
3979	69 
3980	59 
3981	99 
3982	26 
3983	106 
3984	87 
3985	96 
3986	87 
3987	25 
3988	27 
3989	67 
3990	56 
3991	66 
3992	20 
3993	52 
3994	57 
3995	102 
3996	14 
3997	45 
3998	33 
3999	101 
4000	3 
4001	74 
4002	25 
4003	18 
4004	29 
4005	92 
4006	8 
4007	102 
4008	18 
4009	15 
4010	80 
4011	43 
4012	99 
4013	68 
4014	29 
4015	11 
4016	24 
4017	57 
4018	105 
4019	72 
4020	42 
4021	46 
4022	2 
4023	5 
4024	90 
4025	13 
4026	45 
4027	56 
4028	4 
4029	67 
4030	93 
4031	93 
4032	1 
4033	28 
4034	85 
4035	99 
4036	74 
4037	26 
4038	59 
4039	26 
4040	36 
4041	102 
4042	73 
4043	5 
4044	78 
4045	93 
4046	15 
4047	95 
4048	54 
4049	99 
4050	67 
4051	1 
4052	36 
4053	86 
4054	104 
4055	102 
4056	1 
4057	66 
4058	12 
4059	17 
4060	2 
4061	55 
4062	37 
4063	8 
4064	47 
4065	96 
4066	68 
4067	102 
4068	36 
4069	38 
4070	18 
4071	77 
4072	103 
4073	76 
4074	1 
4075	18 
4076	3 
4077	76 
4078	104 
4079	77 
4080	3 
4081	62 
4082	70 
4083	56 
4084	41 
4085	33 
4086	25 
4087	105 
4088	81 
4089	32 
4090	36 
4091	12 
4092	24 
4093	50 
4094	102 
4095	3 
4096	99 
4097	52 
4098	48 
4099	15 
4100	71 
4101	11 
4102	55 
4103	59 
4104	3 
4105	4 
4106	96 
4107	12 
4108	24 
4109	61 
4110	13 
4111	43 
4112	34 
4113	33 
4114	57 
4115	63 
4116	88 
4117	9 
4118	75 
4119	47 
4120	38 
4121	102 
4122	11 
4123	100 
4124	54 
4125	96 
4126	6 
4127	35 
4128	56 
4129	80 
4130	15 
4131	85 
4132	3 
4133	41 
4134	98 
4135	92 
4136	41 
4137	22 
4138	5 
4139	98 
4140	80 
4141	98 
4142	26 
4143	65 
4144	77 
4145	93 
4146	88 
4147	54 
4148	68 
4149	77 
4150	29 
4151	93 
4152	33 
4153	55 
4154	66 
4155	39 
4156	70 
4157	56 
4158	101 
4159	60 
4160	37 
4161	26 
4162	80 
4163	57 
4164	18 
4165	85 
4166	58 
4167	41 
4168	3 
4169	31 
4170	65 
4171	76 
4172	51 
4173	4 
4174	77 
4175	39 
4176	87 
4177	38 
4178	106 
4179	29 
4180	56 
4181	58 
4182	44 
4183	54 
4184	95 
4185	24 
4186	38 
4187	104 
4188	104 
4189	60 
4190	48 
4191	36 
4192	46 
4193	44 
4194	76 
4195	81 
4196	41 
4197	80 
4198	50 
4199	63 
4200	13 
4201	58 
4202	87 
4203	13 
4204	55 
4205	45 
4206	6 
4207	38 
4208	6 
4209	3 
4210	50 
4211	53 
4212	89 
4213	38 
4214	90 
4215	35 
4216	20 
4217	44 
4218	102 
4219	49 
4220	56 
4221	61 
4222	29 
4223	41 
4224	106 
4225	61 
4226	104 
4227	102 
4228	5 
4229	94 
4230	25 
4231	39 
4232	106 
4233	58 
4234	97 
4235	6 
4236	29 
4237	59 
4238	88 
4239	32 
4240	72 
4241	100 
4242	43 
4243	48 
4244	15 
4245	51 
4246	74 
4247	25 
4248	3 
4249	3 
4250	65 
4251	20 
4252	86 
4253	77 
4254	10 
4255	12 
4256	61 
4257	10 
4258	42 
4259	58 
4260	42 
4261	23 
4262	25 
4263	45 
4264	91 
4265	64 
4266	18 
4267	3 
4268	58 
4269	29 
4270	92 
4271	105 
4272	13 
4273	59 
4274	55 
4275	7 
4276	88 
4277	44 
4278	36 
4279	80 
4280	91 
4281	33 
4282	44 
4283	5 
4284	80 
4285	15 
4286	104 
4287	74 
4288	63 
4289	17 
4290	75 
4291	4 
4292	18 
4293	17 
4294	46 
4295	99 
4296	1 
4297	66 
4298	61 
4299	60 
4300	79 
4301	52 
4302	101 
4303	70 
4304	99 
4305	101 
4306	15 
4307	29 
4308	42 
4309	26 
4310	101 
4311	18 
4312	7 
4313	52 
4314	44 
4315	95 
4316	18 
4317	103 
4318	99 
4319	76 
4320	51 
4321	57 
4322	45 
4323	1 
4324	88 
4325	16 
4326	15 
4327	105 
4328	68 
4329	96 
4330	65 
4331	92 
4332	3 
4333	64 
4334	102 
4335	35 
4336	57 
4337	93 
4338	11 
4339	17 
4340	62 
4341	102 
4342	80 
4343	20 
4344	23 
4345	1 
4346	23 
4347	88 
4348	45 
4349	82 
4350	37 
4351	3 
4352	64 
4353	45 
4354	43 
4355	74 
4356	77 
4357	58 
4358	45 
4359	43 
4360	26 
4361	57 
4362	72 
4363	74 
4364	77 
4365	99 
4366	33 
4367	107 
4368	26 
4369	104 
4370	11 
4371	31 
4372	99 
4373	82 
4374	51 
4375	77 
4376	37 
4377	12 
4378	35 
4379	1 
4380	77 
4381	37 
4382	102 
4383	48 
4384	3 
4385	7 
4386	12 
4387	17 
4388	3 
4389	26 
4390	38 
4391	44 
4392	44 
4393	104 
4394	23 
4395	95 
4396	92 
4397	58 
4398	92 
4399	74 
4400	48 
4401	22 
4402	56 
4403	92 
4404	105 
4405	90 
4406	55 
4407	54 
4408	24 
4409	88 
4410	43 
4411	56 
4412	15 
4413	17 
4414	105 
4415	68 
4416	102 
4417	20 
4418	12 
4419	38 
4420	3 
4421	90 
4422	42 
4423	11 
4424	36 
4425	47 
4426	58 
4427	60 
4428	33 
4429	29 
4430	66 
4431	102 
4432	10 
4433	57 
4434	107 
4435	93 
4436	45 
4437	23 
4438	83 
4439	42 
4440	78 
4441	24 
4442	58 
4443	90 
4444	14 
4445	99 
4446	41 
4447	29 
4448	98 
4449	36 
4450	6 
4451	87 
4452	22 
4453	79 
4454	73 
4455	63 
4456	1 
4457	99 
4458	52 
4459	38 
4460	99 
4461	55 
4462	37 
4463	14 
4464	70 
4465	22 
4466	18 
4467	61 
4468	43 
4469	39 
4470	59 
4471	26 
4472	96 
4473	58 
4474	13 
4475	68 
4476	94 
4477	20 
4478	36 
4479	95 
4480	1 
4481	15 
4482	77 
4483	11 
4484	94 
4485	18 
4486	44 
4487	47 
4488	92 
4489	54 
4490	38 
4491	29 
4492	99 
4493	45 
4494	1 
4495	70 
4496	33 
4497	45 
4498	21 
4499	99 
4500	38 
4501	36 
4502	26 
4503	27 
4504	24 
4505	77 
4506	89 
4507	34 
4508	90 
4509	58 
4510	26 
4511	56 
4512	86 
4513	44 
4514	42 
4515	43 
4516	81 
4517	50 
4518	65 
4519	12 
4520	66 
4521	89 
4522	45 
4523	15 
4524	93 
4525	36 
4526	44 
4527	18 
4528	60 
4529	29 
4530	7 
4531	29 
4532	38 
4533	104 
4534	45 
4535	79 
4536	32 
4537	27 
4538	95 
4539	16 
4540	101 
4541	50 
4542	12 
4543	69 
4544	85 
4545	90 
4546	19 
4547	26 
4548	33 
4549	33 
4550	1 
4551	12 
4552	68 
4553	75 
4554	33 
4555	14 
4556	9 
4557	3 
4558	50 
4559	1 
4560	68 
4561	37 
4562	15 
4563	77 
4564	11 
4565	37 
4566	67 
4567	18 
4568	68 
4569	14 
4570	51 
4571	38 
4572	32 
4573	63 
4574	48 
4575	6 
4576	31 
4577	23 
4578	57 
4579	30 
4580	36 
4581	36 
4582	59 
4583	34 
4584	92 
4585	41 
4586	35 
4587	107 
4588	45 
4589	61 
4590	41 
4591	104 
4592	55 
4593	4 
4594	45 
4595	17 
4596	36 
4597	61 
4598	16 
4599	66 
4600	3 
4601	65 
4602	21 
4603	101 
4604	49 
4605	76 
4606	105 
4607	77 
4608	91 
4609	12 
4610	88 
4611	1 
4612	68 
4613	70 
4614	70 
4615	1 
4616	38 
4617	105 
4618	45 
4619	30 
4620	77 
4621	3 
4622	80 
4623	37 
4624	4 
4625	29 
4626	5 
4627	25 
4628	103 
4629	4 
4630	15 
4631	56 
4632	1 
4633	66 
4634	32 
4635	95 
4636	51 
4637	36 
4638	32 
4639	57 
4640	76 
4641	44 
4642	32 
4643	58 
4644	35 
4645	30 
4646	93 
4647	87 
4648	30 
4649	57 
4650	26 
4651	51 
4652	51 
4653	50 
4654	31 
4655	104 
4656	45 
4657	28 
4658	52 
4659	25 
4660	1 
4661	57 
4662	60 
4663	54 
4664	68 
4665	6 
4666	99 
4667	29 
4668	57 
4669	51 
4670	29 
4671	105 
4672	51 
4673	51 
4674	36 
4675	42 
4676	59 
4677	22 
4678	3 
4679	36 
4680	69 
4681	14 
4682	38 
4683	24 
4684	105 
4685	17 
4686	95 
4687	35 
4688	29 
4689	43 
4690	61 
4691	7 
4692	6 
4693	57 
4694	93 
4695	92 
4696	89 
4697	36 
4698	101 
4699	81 
4700	87 
4701	74 
4702	20 
4703	26 
4704	33 
4705	53 
4706	102 
4707	45 
4708	48 
4709	79 
4710	106 
4711	41 
4712	7 
4713	77 
4714	44 
4715	48 
4716	55 
4717	24 
4718	36 
4719	38 
4720	35 
4721	66 
4722	24 
4723	5 
4724	56 
4725	50 
4726	106 
4727	3 
4728	37 
4729	99 
4730	28 
4731	82 
4732	5 
4733	39 
4734	95 
4735	29 
4736	38 
4737	59 
4738	7 
4739	15 
4740	78 
4741	56 
4742	45 
4743	103 
4744	90 
4745	25 
4746	24 
4747	107 
4748	48 
4749	87 
4750	10 
4751	107 
4752	26 
4753	29 
4754	59 
4755	26 
4756	1 
4757	69 
4758	57 
4759	37 
4760	51 
4761	19 
4762	8 
4763	1 
4764	32 
4765	5 
4766	55 
4767	18 
4768	43 
4769	84 
4770	20 
4771	11 
4772	65 
4773	4 
4774	81 
4775	50 
4776	16 
4777	59 
4778	93 
4779	49 
4780	42 
4781	13 
4782	53 
4783	45 
4784	30 
4785	41 
4786	33 
4787	68 
4788	76 
4789	31 
4790	29 
4791	18 
4792	51 
4793	65 
4794	11 
4795	88 
4796	30 
4797	90 
4798	53 
4799	25 
4800	86 
4801	12 
4802	13 
4803	78 
4804	79 
4805	25 
4806	33 
4807	38 
4808	1 
4809	26 
4810	18 
4811	10 
4812	104 
4813	24 
4814	13 
4815	87 
4816	34 
4817	75 
4818	24 
4819	80 
4820	25 
4821	9 
4822	59 
4823	93 
4824	83 
4825	70 
4826	49 
4827	20 
4828	45 
4829	68 
4830	95 
4831	47 
4832	75 
4833	51 
4834	8 
4835	51 
4836	93 
4837	34 
4838	23 
4839	31 
4840	93 
4841	105 
4842	7 
4843	91 
4844	86 
4845	40 
4846	18 
4847	65 
4848	75 
4849	36 
4850	37 
4851	55 
4852	58 
4853	56 
4854	81 
4855	42 
4856	14 
4857	20 
4858	95 
4859	4 
4860	89 
4861	98 
4862	65 
4863	105 
4864	61 
4865	76 
4866	98 
4867	18 
4868	35 
4869	74 
4870	35 
4871	3 
4872	60 
4873	26 
4874	38 
4875	5 
4876	60 
4877	67 
4878	100 
4879	21 
4880	64 
4881	55 
4882	18 
4883	102 
4884	15 
4885	12 
4886	83 
4887	93 
4888	35 
4889	65 
4890	50 
4891	88 
4892	41 
4893	91 
4894	105 
4895	14 
4896	10 
4897	3 
4898	59 
4899	12 
4900	10 
4901	99 
4902	23 
4903	57 
4904	74 
4905	55 
4906	56 
4907	2 
4908	37 
4909	21 
4910	26 
4911	97 
4912	59 
4913	26 
4914	81 
4915	71 
4916	85 
4917	35 
4918	94 
4919	14 
4920	39 
4921	4 
4922	17 
4923	47 
4924	24 
4925	85 
4926	51 
4927	47 
4928	90 
4929	58 
4930	35 
4931	64 
4932	52 
4933	91 
4934	98 
4935	103 
4936	90 
4937	79 
4938	69 
4939	4 
4940	44 
4941	104 
4942	73 
4943	85 
4944	28 
4945	57 
4946	26 
4947	38 
4948	66 
4949	93 
4950	93 
4951	68 
4952	98 
4953	15 
4954	63 
4955	104 
4956	5 
4957	29 
4958	29 
4959	1 
4960	81 
4961	60 
4962	59 
4963	56 
4964	107 
4965	59 
4966	54 
4967	38 
4968	106 
4969	75 
4970	1 
4971	15 
4972	7 
4973	36 
4974	33 
4975	21 
4976	22 
4977	47 
4978	102 
4979	105 
4980	25 
4981	26 
4982	33 
4983	45 
4984	64 
4985	10 
4986	100 
4987	38 
4988	22 
4989	21 
4990	3 
4991	93 
4992	58 
4993	15 
4994	95 
4995	35 
4996	90 
4997	53 
4998	17 
4999	5 
5000	4 
