1	54 
2	30 
3	91 
4	97 
5	7 
6	82 
7	12 
8	97 
9	33 
10	85 
11	76 
12	78 
13	69 
14	16 
15	51 
16	46 
17	65 
18	51 
19	59 
20	85 
21	28 
22	14 
23	62 
24	42 
25	69 
26	58 
27	13 
28	102 
29	36 
30	95 
31	50 
32	48 
33	85 
34	83 
35	62 
36	59 
37	90 
38	80 
39	45 
40	97 
41	65 
42	57 
43	23 
44	15 
45	33 
46	102 
47	76 
48	84 
49	95 
50	59 
51	73 
52	101 
53	32 
54	39 
55	75 
56	20 
57	54 
58	51 
59	62 
60	27 
61	57 
62	74 
63	15 
64	21 
65	54 
66	3 
67	93 
68	97 
69	77 
70	37 
71	7 
72	25 
73	35 
74	16 
75	89 
76	74 
77	61 
78	101 
79	72 
80	73 
81	101 
82	20 
83	7 
84	105 
85	67 
86	9 
87	95 
88	91 
89	23 
90	30 
91	101 
92	3 
93	8 
94	97 
95	32 
96	33 
97	10 
98	9 
99	87 
100	60 
101	96 
102	3 
103	70 
104	21 
105	20 
106	21 
107	9 
108	88 
109	1 
110	78 
111	48 
112	66 
113	84 
114	32 
115	94 
116	51 
117	51 
118	48 
119	73 
120	104 
121	29 
122	22 
123	97 
124	12 
125	1 
126	6 
127	76 
128	78 
129	75 
130	44 
131	10 
132	14 
133	23 
134	29 
135	65 
136	80 
137	40 
138	7 
139	83 
140	100 
141	72 
142	38 
143	74 
144	6 
145	54 
146	43 
147	77 
148	80 
149	27 
150	6 
151	90 
152	63 
153	46 
154	5 
155	36 
156	95 
157	90 
158	85 
159	14 
160	3 
161	17 
162	59 
163	45 
164	89 
165	74 
166	78 
167	44 
168	85 
169	57 
170	85 
171	70 
172	80 
173	10 
174	36 
175	7 
176	54 
177	45 
178	22 
179	103 
180	44 
181	87 
182	74 
183	67 
184	8 
185	97 
186	41 
187	76 
188	34 
189	75 
190	42 
191	48 
192	101 
193	61 
194	11 
195	5 
196	7 
197	16 
198	104 
199	7 
200	104 
201	58 
202	61 
203	37 
204	32 
205	74 
206	101 
207	25 
208	78 
209	83 
210	51 
211	72 
212	101 
213	64 
214	86 
215	68 
216	49 
217	96 
218	1 
219	101 
220	44 
221	49 
222	85 
223	15 
224	44 
225	54 
226	59 
227	51 
228	74 
229	43 
230	54 
231	76 
232	18 
233	90 
234	96 
235	3 
236	76 
237	33 
238	72 
239	29 
240	16 
241	54 
242	33 
243	85 
244	50 
245	52 
246	30 
247	44 
248	30 
249	24 
250	9 
251	90 
252	23 
253	62 
254	27 
255	10 
256	59 
257	22 
258	59 
259	83 
260	60 
261	101 
262	93 
263	7 
264	39 
265	95 
266	12 
267	72 
268	54 
269	79 
270	83 
271	54 
272	24 
273	101 
274	54 
275	54 
276	72 
277	22 
278	59 
279	76 
280	90 
281	40 
282	74 
283	1 
284	85 
285	96 
286	88 
287	103 
288	30 
289	62 
290	102 
291	31 
292	51 
293	6 
294	51 
295	70 
296	30 
297	24 
298	78 
299	83 
300	59 
301	32 
302	90 
303	51 
304	16 
305	65 
306	75 
307	21 
308	66 
309	89 
310	7 
311	64 
312	45 
313	70 
314	16 
315	103 
316	32 
317	21 
318	12 
319	22 
320	65 
321	41 
322	46 
323	21 
324	95 
325	54 
326	77 
327	3 
328	18 
329	16 
330	97 
331	5 
332	41 
333	26 
334	3 
335	69 
336	9 
337	80 
338	9 
339	32 
340	24 
341	19 
342	74 
343	101 
344	40 
345	61 
346	37 
347	43 
348	55 
349	23 
350	50 
351	32 
352	51 
353	3 
354	37 
355	65 
356	10 
357	57 
358	18 
359	78 
360	57 
361	62 
362	51 
363	78 
364	20 
365	18 
366	24 
367	99 
368	74 
369	95 
370	83 
371	44 
372	38 
373	15 
374	59 
375	30 
376	75 
377	88 
378	33 
379	23 
380	104 
381	101 
382	3 
383	14 
384	54 
385	90 
386	3 
387	99 
388	6 
389	51 
390	21 
391	75 
392	9 
393	72 
394	50 
395	75 
396	101 
397	75 
398	103 
399	74 
400	101 
401	36 
402	85 
403	61 
404	78 
405	68 
406	74 
407	50 
408	75 
409	14 
410	51 
411	51 
412	78 
413	30 
414	4 
415	72 
416	16 
417	45 
418	7 
419	59 
420	21 
421	35 
422	37 
423	37 
424	9 
425	64 
426	10 
427	6 
428	14 
429	78 
430	90 
431	1 
432	17 
433	65 
434	62 
435	62 
436	15 
437	3 
438	49 
439	17 
440	103 
441	21 
442	95 
443	41 
444	55 
445	86 
446	94 
447	83 
448	10 
449	3 
450	84 
451	85 
452	46 
453	58 
454	83 
455	39 
456	32 
457	7 
458	103 
459	11 
460	35 
461	1 
462	52 
463	46 
464	31 
465	61 
466	67 
467	18 
468	91 
469	6 
470	6 
471	62 
472	59 
473	51 
474	74 
475	16 
476	54 
477	83 
478	100 
479	48 
480	10 
481	100 
482	2 
483	78 
484	27 
485	13 
486	38 
487	88 
488	23 
489	101 
490	12 
491	59 
492	79 
493	78 
494	80 
495	79 
496	32 
497	9 
498	42 
499	57 
500	37 
501	101 
502	24 
503	43 
504	15 
505	13 
506	13 
507	94 
508	46 
509	31 
510	20 
511	84 
512	24 
513	69 
514	54 
515	54 
516	7 
517	43 
518	22 
519	27 
520	45 
521	91 
522	31 
523	15 
524	14 
525	76 
526	65 
527	15 
528	92 
529	101 
530	101 
531	44 
532	56 
533	37 
534	4 
535	24 
536	95 
537	75 
538	89 
539	85 
540	21 
541	24 
542	97 
543	53 
544	46 
545	44 
546	59 
547	75 
548	72 
549	104 
550	102 
551	97 
552	85 
553	86 
554	67 
555	90 
556	51 
557	5 
558	44 
559	30 
560	45 
561	94 
562	10 
563	97 
564	84 
565	94 
566	5 
567	85 
568	85 
569	3 
570	75 
571	16 
572	44 
573	54 
574	45 
575	34 
576	81 
577	97 
578	16 
579	39 
580	74 
581	55 
582	35 
583	25 
584	76 
585	102 
586	59 
587	28 
588	70 
589	58 
590	38 
591	78 
592	31 
593	37 
594	5 
595	96 
596	10 
597	63 
598	90 
599	48 
600	46 
601	65 
602	105 
603	7 
604	72 
605	39 
606	3 
607	75 
608	18 
609	36 
610	54 
611	54 
612	13 
613	12 
614	75 
615	104 
616	16 
617	23 
618	23 
619	87 
620	61 
621	58 
622	40 
623	27 
624	45 
625	70 
626	57 
627	86 
628	22 
629	55 
630	105 
631	88 
632	93 
633	46 
634	82 
635	94 
636	7 
637	37 
638	96 
639	95 
640	59 
641	86 
642	22 
643	66 
644	38 
645	80 
646	83 
647	12 
648	1 
649	50 
650	89 
651	75 
652	43 
653	25 
654	4 
655	7 
656	84 
657	3 
658	59 
659	3 
660	61 
661	46 
662	33 
663	44 
664	76 
665	76 
666	72 
667	65 
668	9 
669	59 
670	8 
671	83 
672	97 
673	35 
674	69 
675	79 
676	23 
677	61 
678	53 
679	55 
680	8 
681	80 
682	83 
683	18 
684	54 
685	51 
686	6 
687	46 
688	5 
689	17 
690	63 
691	53 
692	46 
693	35 
694	30 
695	13 
696	72 
697	60 
698	53 
699	15 
700	55 
701	29 
702	7 
703	81 
704	50 
705	78 
706	23 
707	89 
708	101 
709	89 
710	13 
711	68 
712	51 
713	38 
714	33 
715	92 
716	4 
717	15 
718	38 
719	26 
720	50 
721	48 
722	20 
723	20 
724	103 
725	102 
726	13 
727	62 
728	97 
729	67 
730	45 
731	3 
732	79 
733	14 
734	31 
735	3 
736	21 
737	96 
738	95 
739	11 
740	23 
741	54 
742	43 
743	57 
744	55 
745	83 
746	22 
747	19 
748	16 
749	97 
750	21 
751	53 
752	21 
753	8 
754	11 
755	97 
756	92 
757	1 
758	91 
759	25 
760	69 
761	101 
762	91 
763	5 
764	16 
765	83 
766	36 
767	10 
768	79 
769	54 
770	50 
771	51 
772	23 
773	25 
774	10 
775	102 
776	23 
777	74 
778	43 
779	90 
780	62 
781	38 
782	2 
783	78 
784	3 
785	86 
786	83 
787	32 
788	15 
789	102 
790	88 
791	46 
792	22 
793	20 
794	71 
795	21 
796	17 
797	90 
798	63 
799	59 
800	104 
801	12 
802	44 
803	72 
804	93 
805	75 
806	30 
807	69 
808	75 
809	62 
810	35 
811	101 
812	55 
813	18 
814	57 
815	65 
816	23 
817	56 
818	76 
819	87 
820	99 
821	13 
822	45 
823	67 
824	65 
825	24 
826	7 
827	73 
828	54 
829	37 
830	37 
831	51 
832	105 
833	88 
834	7 
835	42 
836	68 
837	60 
838	71 
839	97 
840	34 
841	44 
842	10 
843	7 
844	22 
845	48 
846	8 
847	101 
848	57 
849	5 
850	34 
851	32 
852	54 
853	10 
854	15 
855	89 
856	39 
857	10 
858	16 
859	73 
860	95 
861	15 
862	21 
863	46 
864	65 
865	74 
866	3 
867	23 
868	22 
869	14 
870	57 
871	102 
872	32 
873	59 
874	1 
875	57 
876	62 
877	52 
878	90 
879	37 
880	62 
881	49 
882	20 
883	62 
884	50 
885	101 
886	13 
887	21 
888	51 
889	22 
890	22 
891	38 
892	22 
893	93 
894	92 
895	90 
896	3 
897	78 
898	6 
899	4 
900	75 
901	38 
902	66 
903	89 
904	37 
905	32 
906	67 
907	71 
908	43 
909	74 
910	9 
911	12 
912	18 
913	10 
914	105 
915	97 
916	90 
917	57 
918	68 
919	6 
920	31 
921	14 
922	52 
923	68 
924	58 
925	51 
926	15 
927	90 
928	27 
929	83 
930	57 
931	37 
932	48 
933	58 
934	9 
935	1 
936	61 
937	54 
938	91 
939	18 
940	93 
941	57 
942	21 
943	20 
944	22 
945	70 
946	28 
947	11 
948	89 
949	61 
950	22 
951	78 
952	102 
953	83 
954	30 
955	46 
956	102 
957	78 
958	38 
959	44 
960	4 
961	9 
962	25 
963	6 
964	32 
965	13 
966	73 
967	67 
968	44 
969	34 
970	75 
971	95 
972	48 
973	48 
974	32 
975	9 
976	36 
977	6 
978	97 
979	15 
980	37 
981	104 
982	93 
983	101 
984	8 
985	68 
986	61 
987	22 
988	35 
989	1 
990	47 
991	29 
992	44 
993	74 
994	90 
995	10 
996	33 
997	27 
998	5 
999	20 
1000	8 
1001	80 
1002	71 
1003	23 
1004	44 
1005	10 
1006	22 
1007	57 
1008	51 
1009	23 
1010	53 
1011	12 
1012	54 
1013	75 
1014	83 
1015	81 
1016	6 
1017	94 
1018	91 
1019	78 
1020	90 
1021	44 
1022	7 
1023	53 
1024	51 
1025	33 
1026	1 
1027	29 
1028	23 
1029	20 
1030	88 
1031	30 
1032	5 
1033	36 
1034	5 
1035	75 
1036	78 
1037	74 
1038	24 
1039	73 
1040	90 
1041	97 
1042	62 
1043	17 
1044	59 
1045	74 
1046	12 
1047	9 
1048	22 
1049	3 
1050	100 
1051	31 
1052	58 
1053	18 
1054	12 
1055	19 
1056	4 
1057	101 
1058	15 
1059	47 
1060	46 
1061	20 
1062	101 
1063	1 
1064	66 
1065	93 
1066	16 
1067	85 
1068	92 
1069	36 
1070	42 
1071	25 
1072	18 
1073	52 
1074	25 
1075	45 
1076	61 
1077	3 
1078	96 
1079	62 
1080	79 
1081	74 
1082	34 
1083	31 
1084	70 
1085	67 
1086	6 
1087	88 
1088	66 
1089	45 
1090	81 
1091	57 
1092	85 
1093	15 
1094	62 
1095	90 
1096	46 
1097	92 
1098	90 
1099	49 
1100	100 
1101	15 
1102	104 
1103	70 
1104	95 
1105	13 
1106	32 
1107	44 
1108	90 
1109	10 
1110	16 
1111	80 
1112	32 
1113	34 
1114	3 
1115	93 
1116	20 
1117	83 
1118	73 
1119	62 
1120	103 
1121	88 
1122	37 
1123	21 
1124	62 
1125	92 
1126	62 
1127	14 
1128	10 
1129	37 
1130	97 
1131	14 
1132	30 
1133	90 
1134	40 
1135	26 
1136	58 
1137	27 
1138	15 
1139	89 
1140	96 
1141	95 
1142	102 
1143	63 
1144	8 
1145	22 
1146	30 
1147	78 
1148	48 
1149	101 
1150	31 
1151	27 
1152	15 
1153	26 
1154	83 
1155	12 
1156	44 
1157	83 
1158	93 
1159	103 
1160	40 
1161	15 
1162	75 
1163	48 
1164	93 
1165	101 
1166	25 
1167	53 
1168	91 
1169	23 
1170	75 
1171	74 
1172	56 
1173	30 
1174	101 
1175	81 
1176	78 
1177	75 
1178	30 
1179	45 
1180	46 
1181	3 
1182	54 
1183	22 
1184	47 
1185	17 
1186	33 
1187	83 
1188	59 
1189	101 
1190	13 
1191	21 
1192	7 
1193	86 
1194	44 
1195	96 
1196	14 
1197	60 
1198	10 
1199	37 
1200	21 
1201	44 
1202	46 
1203	68 
1204	23 
1205	105 
1206	99 
1207	65 
1208	66 
1209	10 
1210	85 
1211	90 
1212	41 
1213	61 
1214	68 
1215	79 
1216	79 
1217	99 
1218	44 
1219	67 
1220	77 
1221	46 
1222	33 
1223	15 
1224	56 
1225	72 
1226	34 
1227	14 
1228	33 
1229	83 
1230	80 
1231	45 
1232	51 
1233	101 
1234	75 
1235	81 
1236	79 
1237	20 
1238	18 
1239	11 
1240	20 
1241	59 
1242	44 
1243	23 
1244	23 
1245	52 
1246	18 
1247	84 
1248	23 
1249	83 
1250	72 
1251	13 
1252	34 
1253	14 
1254	97 
1255	51 
1256	10 
1257	90 
1258	83 
1259	84 
1260	103 
1261	32 
1262	25 
1263	24 
1264	62 
1265	48 
1266	30 
1267	45 
1268	30 
1269	51 
1270	95 
1271	41 
1272	37 
1273	92 
1274	7 
1275	75 
1276	48 
1277	24 
1278	56 
1279	1 
1280	20 
1281	21 
1282	30 
1283	54 
1284	102 
1285	12 
1286	43 
1287	18 
1288	18 
1289	78 
1290	29 
1291	23 
1292	61 
1293	17 
1294	72 
1295	59 
1296	65 
1297	59 
1298	37 
1299	13 
1300	60 
1301	43 
1302	89 
1303	99 
1304	74 
1305	9 
1306	85 
1307	28 
1308	10 
1309	15 
1310	53 
1311	44 
1312	75 
1313	44 
1314	92 
1315	72 
1316	51 
1317	18 
1318	83 
1319	3 
1320	100 
1321	83 
1322	1 
1323	58 
1324	46 
1325	47 
1326	15 
1327	74 
1328	62 
1329	53 
1330	102 
1331	92 
1332	74 
1333	65 
1334	22 
1335	33 
1336	36 
1337	46 
1338	78 
1339	23 
1340	15 
1341	13 
1342	100 
1343	65 
1344	85 
1345	41 
1346	20 
1347	57 
1348	85 
1349	75 
1350	7 
1351	12 
1352	92 
1353	57 
1354	59 
1355	75 
1356	1 
1357	50 
1358	73 
1359	71 
1360	16 
1361	33 
1362	78 
1363	20 
1364	61 
1365	9 
1366	98 
1367	3 
1368	96 
1369	49 
1370	37 
1371	95 
1372	30 
1373	94 
1374	1 
1375	49 
1376	27 
1377	52 
1378	13 
1379	74 
1380	73 
1381	97 
1382	59 
1383	30 
1384	85 
1385	74 
1386	101 
1387	17 
1388	74 
1389	102 
1390	75 
1391	13 
1392	44 
1393	17 
1394	75 
1395	98 
1396	71 
1397	48 
1398	65 
1399	89 
1400	46 
1401	12 
1402	94 
1403	45 
1404	85 
1405	62 
1406	74 
1407	51 
1408	67 
1409	66 
1410	54 
1411	33 
1412	80 
1413	58 
1414	27 
1415	11 
1416	74 
1417	51 
1418	65 
1419	7 
1420	89 
1421	29 
1422	95 
1423	60 
1424	22 
1425	77 
1426	42 
1427	89 
1428	46 
1429	23 
1430	9 
1431	15 
1432	38 
1433	63 
1434	79 
1435	37 
1436	59 
1437	52 
1438	12 
1439	102 
1440	90 
1441	75 
1442	26 
1443	104 
1444	20 
1445	90 
1446	74 
1447	22 
1448	30 
1449	97 
1450	70 
1451	12 
1452	30 
1453	3 
1454	3 
1455	22 
1456	45 
1457	90 
1458	28 
1459	105 
1460	15 
1461	59 
1462	90 
1463	51 
1464	57 
1465	57 
1466	92 
1467	77 
1468	69 
1469	37 
1470	64 
1471	13 
1472	3 
1473	91 
1474	4 
1475	21 
1476	85 
1477	51 
1478	102 
1479	95 
1480	46 
1481	34 
1482	96 
1483	20 
1484	102 
1485	38 
1486	22 
1487	70 
1488	81 
1489	90 
1490	96 
1491	12 
1492	32 
1493	33 
1494	2 
1495	42 
1496	10 
1497	16 
1498	90 
1499	47 
1500	38 
1501	49 
1502	92 
1503	48 
1504	3 
1505	30 
1506	19 
1507	84 
1508	1 
1509	54 
1510	20 
1511	96 
1512	57 
1513	4 
1514	32 
1515	78 
1516	53 
1517	55 
1518	85 
1519	101 
1520	12 
1521	88 
1522	51 
1523	36 
1524	59 
1525	105 
1526	61 
1527	61 
1528	25 
1529	96 
1530	7 
1531	48 
1532	54 
1533	95 
1534	23 
1535	3 
1536	78 
1537	73 
1538	44 
1539	96 
1540	90 
1541	10 
1542	91 
1543	50 
1544	61 
1545	22 
1546	18 
1547	97 
1548	35 
1549	89 
1550	83 
1551	33 
1552	85 
1553	59 
1554	22 
1555	78 
1556	35 
1557	29 
1558	85 
1559	10 
1560	32 
1561	30 
1562	36 
1563	53 
1564	48 
1565	65 
1566	68 
1567	12 
1568	91 
1569	33 
1570	47 
1571	93 
1572	34 
1573	71 
1574	101 
1575	94 
1576	102 
1577	14 
1578	14 
1579	92 
1580	92 
1581	38 
1582	76 
1583	88 
1584	27 
1585	44 
1586	25 
1587	23 
1588	42 
1589	3 
1590	5 
1591	27 
1592	90 
1593	59 
1594	45 
1595	46 
1596	101 
1597	37 
1598	20 
1599	12 
1600	99 
1601	78 
1602	75 
1603	22 
1604	9 
1605	81 
1606	83 
1607	101 
1608	26 
1609	21 
1610	4 
1611	86 
1612	52 
1613	67 
1614	26 
1615	3 
1616	31 
1617	62 
1618	101 
1619	45 
1620	21 
1621	22 
1622	8 
1623	6 
1624	18 
1625	61 
1626	57 
1627	20 
1628	72 
1629	74 
1630	1 
1631	51 
1632	83 
1633	83 
1634	101 
1635	54 
1636	15 
1637	72 
1638	24 
1639	72 
1640	10 
1641	60 
1642	6 
1643	83 
1644	60 
1645	15 
1646	11 
1647	59 
1648	37 
1649	63 
1650	3 
1651	34 
1652	7 
1653	66 
1654	100 
1655	24 
1656	49 
1657	1 
1658	72 
1659	54 
1660	54 
1661	52 
1662	95 
1663	70 
1664	46 
1665	27 
1666	54 
1667	90 
1668	7 
1669	59 
1670	39 
1671	8 
1672	80 
1673	44 
1674	46 
1675	15 
1676	31 
1677	10 
1678	3 
1679	105 
1680	75 
1681	66 
1682	27 
1683	2 
1684	96 
1685	98 
1686	95 
1687	17 
1688	81 
1689	71 
1690	22 
1691	84 
1692	37 
1693	15 
1694	14 
1695	78 
1696	23 
1697	49 
1698	101 
1699	16 
1700	30 
1701	36 
1702	83 
1703	97 
1704	1 
1705	68 
1706	44 
1707	22 
1708	12 
1709	8 
1710	24 
1711	30 
1712	24 
1713	54 
1714	78 
1715	16 
1716	58 
1717	103 
1718	52 
1719	87 
1720	4 
1721	57 
1722	47 
1723	81 
1724	57 
1725	3 
1726	21 
1727	54 
1728	98 
1729	75 
1730	21 
1731	53 
1732	57 
1733	76 
1734	23 
1735	12 
1736	48 
1737	80 
1738	13 
1739	1 
1740	97 
1741	57 
1742	10 
1743	19 
1744	58 
1745	51 
1746	13 
1747	82 
1748	3 
1749	37 
1750	45 
1751	87 
1752	75 
1753	30 
1754	42 
1755	10 
1756	65 
1757	51 
1758	20 
1759	65 
1760	62 
1761	75 
1762	49 
1763	59 
1764	90 
1765	93 
1766	32 
1767	9 
1768	38 
1769	20 
1770	12 
1771	76 
1772	91 
1773	33 
1774	86 
1775	45 
1776	65 
1777	22 
1778	13 
1779	79 
1780	25 
1781	50 
1782	26 
1783	46 
1784	81 
1785	48 
1786	45 
1787	78 
1788	89 
1789	50 
1790	23 
1791	38 
1792	10 
1793	56 
1794	97 
1795	22 
1796	28 
1797	4 
1798	75 
1799	60 
1800	57 
1801	47 
1802	27 
1803	100 
1804	81 
1805	28 
1806	12 
1807	6 
1808	55 
1809	87 
1810	63 
1811	76 
1812	12 
1813	39 
1814	41 
1815	28 
1816	39 
1817	61 
1818	33 
1819	27 
1820	68 
1821	46 
1822	1 
1823	74 
1824	16 
1825	26 
1826	44 
1827	80 
1828	22 
1829	53 
1830	46 
1831	65 
1832	93 
1833	44 
1834	88 
1835	70 
1836	20 
1837	74 
1838	51 
1839	50 
1840	77 
1841	30 
1842	85 
1843	88 
1844	54 
1845	94 
1846	61 
1847	1 
1848	85 
1849	12 
1850	85 
1851	22 
1852	44 
1853	78 
1854	73 
1855	62 
1856	16 
1857	7 
1858	78 
1859	27 
1860	23 
1861	72 
1862	18 
1863	33 
1864	33 
1865	29 
1866	20 
1867	92 
1868	82 
1869	15 
1870	68 
1871	70 
1872	1 
1873	67 
1874	19 
1875	7 
1876	42 
1877	11 
1878	37 
1879	16 
1880	25 
1881	4 
1882	30 
1883	93 
1884	98 
1885	37 
1886	22 
1887	59 
1888	27 
1889	22 
1890	55 
1891	57 
1892	37 
1893	95 
1894	63 
1895	78 
1896	76 
1897	68 
1898	44 
1899	6 
1900	38 
1901	10 
1902	50 
1903	92 
1904	75 
1905	74 
1906	26 
1907	15 
1908	51 
1909	71 
1910	89 
1911	80 
1912	76 
1913	3 
1914	25 
1915	22 
1916	57 
1917	10 
1918	29 
1919	2 
1920	1 
1921	74 
1922	75 
1923	103 
1924	90 
1925	78 
1926	18 
1927	13 
1928	89 
1929	51 
1930	17 
1931	51 
1932	43 
1933	86 
1934	56 
1935	42 
1936	75 
1937	68 
1938	48 
1939	30 
1940	90 
1941	20 
1942	99 
1943	74 
1944	15 
1945	3 
1946	39 
1947	61 
1948	99 
1949	28 
1950	21 
1951	61 
1952	44 
1953	20 
1954	83 
1955	83 
1956	81 
1957	32 
1958	3 
1959	95 
1960	72 
1961	102 
1962	56 
1963	57 
1964	13 
1965	98 
1966	72 
1967	38 
1968	15 
1969	13 
1970	85 
1971	76 
1972	3 
1973	10 
1974	22 
1975	10 
1976	77 
1977	72 
1978	95 
1979	88 
1980	70 
1981	22 
1982	57 
1983	33 
1984	75 
1985	57 
1986	72 
1987	88 
1988	30 
1989	23 
1990	95 
1991	20 
1992	91 
1993	39 
1994	36 
1995	97 
1996	85 
1997	42 
1998	16 
1999	25 
2000	6 
2001	59 
2002	22 
2003	3 
2004	4 
2005	29 
2006	104 
2007	68 
2008	57 
2009	37 
2010	1 
2011	20 
2012	53 
2013	93 
2014	79 
2015	66 
2016	83 
2017	5 
2018	46 
2019	59 
2020	20 
2021	75 
2022	103 
2023	50 
2024	76 
2025	23 
2026	82 
2027	97 
2028	18 
2029	63 
2030	96 
2031	32 
2032	59 
2033	101 
2034	94 
2035	3 
2036	101 
2037	60 
2038	23 
2039	104 
2040	102 
2041	62 
2042	61 
2043	62 
2044	44 
2045	90 
2046	83 
2047	48 
2048	104 
2049	18 
2050	15 
2051	22 
2052	69 
2053	89 
2054	65 
2055	105 
2056	39 
2057	103 
2058	74 
2059	18 
2060	81 
2061	33 
2062	23 
2063	20 
2064	87 
2065	3 
2066	54 
2067	94 
2068	97 
2069	44 
2070	25 
2071	97 
2072	9 
2073	78 
2074	21 
2075	8 
2076	46 
2077	10 
2078	24 
2079	10 
2080	74 
2081	38 
2082	12 
2083	85 
2084	75 
2085	6 
2086	13 
2087	30 
2088	83 
2089	51 
2090	51 
2091	59 
2092	48 
2093	12 
2094	22 
2095	90 
2096	36 
2097	78 
2098	65 
2099	97 
2100	99 
2101	6 
2102	4 
2103	64 
2104	63 
2105	12 
2106	51 
2107	39 
2108	31 
2109	72 
2110	2 
2111	25 
2112	7 
2113	36 
2114	96 
2115	35 
2116	103 
2117	78 
2118	32 
2119	20 
2120	16 
2121	97 
2122	44 
2123	93 
2124	20 
2125	27 
2126	4 
2127	9 
2128	23 
2129	12 
2130	90 
2131	76 
2132	57 
2133	74 
2134	53 
2135	98 
2136	41 
2137	74 
2138	65 
2139	19 
2140	20 
2141	6 
2142	10 
2143	75 
2144	10 
2145	7 
2146	11 
2147	19 
2148	83 
2149	42 
2150	11 
2151	56 
2152	51 
2153	61 
2154	81 
2155	93 
2156	60 
2157	20 
2158	89 
2159	59 
2160	11 
2161	45 
2162	59 
2163	9 
2164	46 
2165	77 
2166	66 
2167	2 
2168	62 
2169	69 
2170	69 
2171	60 
2172	27 
2173	51 
2174	83 
2175	12 
2176	44 
2177	75 
2178	52 
2179	14 
2180	15 
2181	78 
2182	37 
2183	95 
2184	44 
2185	28 
2186	15 
2187	90 
2188	69 
2189	13 
2190	73 
2191	34 
2192	17 
2193	26 
2194	88 
2195	9 
2196	23 
2197	2 
2198	89 
2199	95 
2200	45 
2201	83 
2202	22 
2203	24 
2204	34 
2205	87 
2206	101 
2207	10 
2208	73 
2209	46 
2210	9 
2211	90 
2212	45 
2213	35 
2214	22 
2215	102 
2216	14 
2217	73 
2218	79 
2219	23 
2220	57 
2221	22 
2222	97 
2223	90 
2224	60 
2225	32 
2226	61 
2227	96 
2228	102 
2229	67 
2230	10 
2231	22 
2232	44 
2233	80 
2234	20 
2235	34 
2236	19 
2237	96 
2238	96 
2239	16 
2240	65 
2241	99 
2242	55 
2243	99 
2244	25 
2245	53 
2246	1 
2247	73 
2248	54 
2249	21 
2250	92 
2251	61 
2252	101 
2253	86 
2254	90 
2255	20 
2256	97 
2257	52 
2258	1 
2259	22 
2260	33 
2261	55 
2262	7 
2263	101 
2264	102 
2265	20 
2266	13 
2267	63 
2268	102 
2269	85 
2270	23 
2271	70 
2272	79 
2273	96 
2274	61 
2275	54 
2276	98 
2277	76 
2278	72 
2279	5 
2280	15 
2281	39 
2282	99 
2283	59 
2284	72 
2285	16 
2286	54 
2287	42 
2288	46 
2289	22 
2290	44 
2291	76 
2292	20 
2293	3 
2294	59 
2295	37 
2296	42 
2297	1 
2298	7 
2299	89 
2300	50 
2301	22 
2302	21 
2303	57 
2304	23 
2305	25 
2306	50 
2307	55 
2308	78 
2309	33 
2310	5 
2311	66 
2312	7 
2313	18 
2314	86 
2315	74 
2316	30 
2317	54 
2318	6 
2319	94 
2320	32 
2321	18 
2322	96 
2323	33 
2324	20 
2325	42 
2326	46 
2327	67 
2328	68 
2329	82 
2330	16 
2331	7 
2332	88 
2333	28 
2334	3 
2335	62 
2336	25 
2337	33 
2338	75 
2339	102 
2340	90 
2341	65 
2342	7 
2343	59 
2344	27 
2345	53 
2346	59 
2347	33 
2348	6 
2349	45 
2350	94 
2351	17 
2352	15 
2353	58 
2354	47 
2355	101 
2356	3 
2357	71 
2358	74 
2359	46 
2360	79 
2361	10 
2362	17 
2363	64 
2364	51 
2365	83 
2366	16 
2367	22 
2368	51 
2369	37 
2370	102 
2371	3 
2372	22 
2373	61 
2374	68 
2375	17 
2376	46 
2377	42 
2378	83 
2379	79 
2380	65 
2381	3 
2382	57 
2383	33 
2384	15 
2385	72 
2386	48 
2387	1 
2388	28 
2389	68 
2390	53 
2391	74 
2392	25 
2393	92 
2394	64 
2395	44 
2396	74 
2397	46 
2398	23 
2399	25 
2400	67 
2401	96 
2402	40 
2403	46 
2404	78 
2405	57 
2406	88 
2407	49 
2408	71 
2409	103 
2410	51 
2411	37 
2412	10 
2413	97 
2414	90 
2415	101 
2416	65 
2417	31 
2418	83 
2419	95 
2420	70 
2421	59 
2422	74 
2423	49 
2424	95 
2425	9 
2426	74 
2427	65 
2428	21 
2429	11 
2430	9 
2431	78 
2432	73 
2433	61 
2434	10 
2435	59 
2436	77 
2437	70 
2438	72 
2439	59 
2440	19 
2441	76 
2442	12 
2443	96 
2444	76 
2445	34 
2446	16 
2447	82 
2448	93 
2449	59 
2450	37 
2451	3 
2452	83 
2453	27 
2454	101 
2455	21 
2456	83 
2457	8 
2458	85 
2459	93 
2460	20 
2461	42 
2462	18 
2463	58 
2464	100 
2465	58 
2466	32 
2467	89 
2468	92 
2469	97 
2470	83 
2471	44 
2472	13 
2473	79 
2474	85 
2475	89 
2476	102 
2477	19 
2478	54 
2479	9 
2480	64 
2481	33 
2482	15 
2483	7 
2484	72 
2485	31 
2486	50 
2487	23 
2488	66 
2489	90 
2490	81 
2491	84 
2492	87 
2493	31 
2494	31 
2495	79 
2496	66 
2497	21 
2498	46 
2499	87 
2500	9 
2501	61 
2502	31 
2503	44 
2504	70 
2505	78 
2506	32 
2507	52 
2508	80 
2509	95 
2510	46 
2511	5 
2512	52 
2513	26 
2514	57 
2515	36 
2516	9 
2517	78 
2518	16 
2519	71 
2520	10 
2521	80 
2522	46 
2523	38 
2524	105 
2525	7 
2526	96 
2527	24 
2528	102 
2529	20 
2530	44 
2531	54 
2532	40 
2533	54 
2534	55 
2535	9 
2536	1 
2537	31 
2538	24 
2539	17 
2540	31 
2541	76 
2542	78 
2543	38 
2544	5 
2545	46 
2546	86 
2547	38 
2548	51 
2549	53 
2550	46 
2551	82 
2552	22 
2553	58 
2554	70 
2555	59 
2556	92 
2557	15 
2558	18 
2559	80 
2560	72 
2561	46 
2562	10 
2563	97 
2564	67 
2565	97 
2566	24 
2567	48 
2568	90 
2569	36 
2570	71 
2571	74 
2572	23 
2573	4 
2574	30 
2575	95 
2576	101 
2577	38 
2578	24 
2579	49 
2580	41 
2581	57 
2582	102 
2583	34 
2584	92 
2585	56 
2586	3 
2587	29 
2588	32 
2589	7 
2590	100 
2591	10 
2592	27 
2593	90 
2594	7 
2595	51 
2596	18 
2597	45 
2598	13 
2599	14 
2600	79 
2601	63 
2602	24 
2603	62 
2604	54 
2605	70 
2606	67 
2607	3 
2608	3 
2609	75 
2610	3 
2611	42 
2612	7 
2613	6 
2614	60 
2615	18 
2616	3 
2617	42 
2618	46 
2619	91 
2620	57 
2621	65 
2622	15 
2623	73 
2624	33 
2625	13 
2626	57 
2627	54 
2628	21 
2629	15 
2630	72 
2631	40 
2632	22 
2633	57 
2634	15 
2635	93 
2636	78 
2637	33 
2638	4 
2639	27 
2640	38 
2641	25 
2642	56 
2643	6 
2644	103 
2645	38 
2646	101 
2647	10 
2648	5 
2649	4 
2650	36 
2651	47 
2652	37 
2653	88 
2654	20 
2655	16 
2656	1 
2657	15 
2658	22 
2659	98 
2660	21 
2661	6 
2662	89 
2663	30 
2664	19 
2665	31 
2666	103 
2667	68 
2668	44 
2669	15 
2670	51 
2671	88 
2672	10 
2673	51 
2674	16 
2675	39 
2676	48 
2677	61 
2678	94 
2679	78 
2680	47 
2681	38 
2682	25 
2683	42 
2684	51 
2685	28 
2686	90 
2687	100 
2688	66 
2689	15 
2690	24 
2691	59 
2692	68 
2693	26 
2694	20 
2695	72 
2696	20 
2697	96 
2698	103 
2699	48 
2700	18 
2701	67 
2702	22 
2703	87 
2704	7 
2705	97 
2706	45 
2707	15 
2708	60 
2709	96 
2710	78 
2711	91 
2712	25 
2713	65 
2714	46 
2715	70 
2716	12 
2717	29 
2718	44 
2719	33 
2720	99 
2721	95 
2722	25 
2723	55 
2724	15 
2725	90 
2726	65 
2727	54 
2728	33 
2729	37 
2730	38 
2731	5 
2732	100 
2733	94 
2734	97 
2735	74 
2736	9 
2737	68 
2738	49 
2739	78 
2740	7 
2741	77 
2742	20 
2743	70 
2744	96 
2745	24 
2746	14 
2747	31 
2748	97 
2749	10 
2750	25 
2751	10 
2752	23 
2753	81 
2754	99 
2755	12 
2756	33 
2757	22 
2758	94 
2759	95 
2760	45 
2761	59 
2762	20 
2763	49 
2764	6 
2765	51 
2766	36 
2767	75 
2768	54 
2769	46 
2770	22 
2771	101 
2772	24 
2773	68 
2774	23 
2775	78 
2776	23 
2777	54 
2778	29 
2779	93 
2780	67 
2781	59 
2782	103 
2783	101 
2784	8 
2785	41 
2786	9 
2787	22 
2788	100 
2789	21 
2790	13 
2791	41 
2792	87 
2793	85 
2794	52 
2795	72 
2796	46 
2797	27 
2798	52 
2799	15 
2800	6 
2801	16 
2802	62 
2803	88 
2804	2 
2805	74 
2806	29 
2807	76 
2808	58 
2809	22 
2810	90 
2811	41 
2812	35 
2813	62 
2814	21 
2815	46 
2816	7 
2817	62 
2818	73 
2819	13 
2820	68 
2821	8 
2822	7 
2823	67 
2824	49 
2825	88 
2826	25 
2827	15 
2828	95 
2829	105 
2830	75 
2831	82 
2832	7 
2833	61 
2834	20 
2835	89 
2836	95 
2837	82 
2838	86 
2839	71 
2840	75 
2841	80 
2842	32 
2843	68 
2844	32 
2845	78 
2846	3 
2847	32 
2848	85 
2849	21 
2850	7 
2851	97 
2852	22 
2853	38 
2854	21 
2855	83 
2856	46 
2857	57 
2858	83 
2859	15 
2860	74 
2861	39 
2862	62 
2863	48 
2864	100 
2865	92 
2866	90 
2867	78 
2868	89 
2869	83 
2870	33 
2871	16 
2872	62 
2873	17 
2874	51 
2875	6 
2876	51 
2877	75 
2878	95 
2879	56 
2880	46 
2881	21 
2882	7 
2883	75 
2884	73 
2885	3 
2886	104 
2887	46 
2888	57 
2889	90 
2890	48 
2891	24 
2892	55 
2893	7 
2894	51 
2895	59 
2896	64 
2897	102 
2898	82 
2899	37 
2900	71 
2901	92 
2902	27 
2903	58 
2904	50 
2905	83 
2906	98 
2907	103 
2908	22 
2909	101 
2910	103 
2911	26 
2912	25 
2913	77 
2914	25 
2915	44 
2916	78 
2917	81 
2918	55 
2919	98 
2920	31 
2921	83 
2922	93 
2923	59 
2924	69 
2925	49 
2926	36 
2927	75 
2928	48 
2929	41 
2930	94 
2931	44 
2932	30 
2933	34 
2934	75 
2935	101 
2936	75 
2937	23 
2938	22 
2939	54 
2940	16 
2941	15 
2942	100 
2943	35 
2944	93 
2945	7 
2946	7 
2947	20 
2948	87 
2949	36 
2950	3 
2951	54 
2952	58 
2953	14 
2954	90 
2955	95 
2956	2 
2957	15 
2958	72 
2959	88 
2960	51 
2961	40 
2962	23 
2963	102 
2964	58 
2965	32 
2966	16 
2967	9 
2968	17 
2969	24 
2970	8 
2971	22 
2972	92 
2973	15 
2974	27 
2975	85 
2976	22 
2977	98 
2978	59 
2979	9 
2980	74 
2981	33 
2982	10 
2983	58 
2984	19 
2985	78 
2986	2 
2987	46 
2988	6 
2989	105 
2990	29 
2991	59 
2992	3 
2993	36 
2994	73 
2995	102 
2996	10 
2997	95 
2998	45 
2999	90 
3000	7 
3001	74 
3002	36 
3003	18 
3004	10 
3005	65 
3006	96 
3007	41 
3008	7 
3009	19 
3010	2 
3011	51 
3012	33 
3013	18 
3014	97 
3015	98 
3016	83 
3017	50 
3018	9 
3019	56 
3020	101 
3021	35 
3022	101 
3023	34 
3024	92 
3025	59 
3026	51 
3027	103 
3028	5 
3029	96 
3030	65 
3031	49 
3032	30 
3033	96 
3034	5 
3035	21 
3036	2 
3037	78 
3038	74 
3039	37 
3040	57 
3041	61 
3042	58 
3043	38 
3044	67 
3045	1 
3046	56 
3047	20 
3048	103 
3049	59 
3050	32 
3051	58 
3052	76 
3053	32 
3054	58 
3055	78 
3056	33 
3057	43 
3058	100 
3059	18 
3060	59 
3061	6 
3062	2 
3063	8 
3064	56 
3065	29 
3066	54 
3067	91 
3068	30 
3069	51 
3070	51 
3071	12 
3072	57 
3073	83 
3074	98 
3075	21 
3076	29 
3077	56 
3078	21 
3079	36 
3080	89 
3081	13 
3082	39 
3083	72 
3084	105 
3085	85 
3086	85 
3087	18 
3088	49 
3089	22 
3090	78 
3091	10 
3092	90 
3093	66 
3094	72 
3095	33 
3096	25 
3097	44 
3098	10 
3099	29 
3100	33 
3101	47 
3102	15 
3103	23 
3104	88 
3105	4 
3106	72 
3107	77 
3108	1 
3109	59 
3110	10 
3111	12 
3112	13 
3113	22 
3114	30 
3115	22 
3116	60 
3117	24 
3118	33 
3119	10 
3120	93 
3121	62 
3122	30 
3123	58 
3124	21 
3125	50 
3126	44 
3127	61 
3128	38 
3129	66 
3130	28 
3131	32 
3132	77 
3133	24 
3134	43 
3135	22 
3136	74 
3137	69 
3138	25 
3139	47 
3140	83 
3141	77 
3142	14 
3143	55 
3144	71 
3145	65 
3146	47 
3147	46 
3148	23 
3149	18 
3150	61 
3151	87 
3152	32 
3153	39 
3154	13 
3155	18 
3156	54 
3157	70 
3158	55 
3159	74 
3160	54 
3161	45 
3162	98 
3163	59 
3164	5 
3165	17 
3166	78 
3167	37 
3168	51 
3169	7 
3170	8 
3171	61 
3172	8 
3173	24 
3174	62 
3175	46 
3176	27 
3177	4 
3178	101 
3179	83 
3180	23 
3181	33 
3182	18 
3183	51 
3184	90 
3185	90 
3186	103 
3187	7 
3188	7 
3189	59 
3190	83 
3191	65 
3192	8 
3193	32 
3194	57 
3195	7 
3196	12 
3197	26 
3198	70 
3199	102 
3200	4 
3201	87 
3202	83 
3203	8 
3204	97 
3205	64 
3206	83 
3207	8 
3208	10 
3209	21 
3210	85 
3211	81 
3212	79 
3213	64 
3214	24 
3215	2 
3216	8 
3217	70 
3218	63 
3219	20 
3220	3 
3221	3 
3222	2 
3223	29 
3224	98 
3225	28 
3226	22 
3227	38 
3228	95 
3229	15 
3230	72 
3231	88 
3232	15 
3233	98 
3234	96 
3235	13 
3236	84 
3237	12 
3238	96 
3239	78 
3240	64 
3241	34 
3242	79 
3243	21 
3244	51 
3245	76 
3246	76 
3247	59 
3248	89 
3249	23 
3250	54 
3251	1 
3252	87 
3253	83 
3254	50 
3255	50 
3256	3 
3257	25 
3258	7 
3259	59 
3260	79 
3261	61 
3262	94 
3263	27 
3264	5 
3265	79 
3266	29 
3267	58 
3268	99 
3269	83 
3270	2 
3271	45 
3272	70 
3273	85 
3274	23 
3275	45 
3276	7 
3277	97 
3278	65 
3279	97 
3280	17 
3281	103 
3282	38 
3283	88 
3284	85 
3285	101 
3286	58 
3287	85 
3288	34 
3289	74 
3290	3 
3291	19 
3292	100 
3293	83 
3294	57 
3295	21 
3296	32 
3297	70 
3298	27 
3299	78 
3300	89 
3301	88 
3302	51 
3303	22 
3304	58 
3305	7 
3306	96 
3307	46 
3308	97 
3309	59 
3310	10 
3311	14 
3312	36 
3313	104 
3314	78 
3315	38 
3316	16 
3317	57 
3318	3 
3319	78 
3320	51 
3321	101 
3322	20 
3323	20 
3324	62 
3325	32 
3326	33 
3327	30 
3328	33 
3329	77 
3330	8 
3331	23 
3332	52 
3333	12 
3334	27 
3335	57 
3336	14 
3337	75 
3338	7 
3339	78 
3340	25 
3341	57 
3342	32 
3343	33 
3344	75 
3345	66 
3346	57 
3347	75 
3348	75 
3349	3 
3350	74 
3351	54 
3352	74 
3353	67 
3354	85 
3355	2 
3356	98 
3357	89 
3358	60 
3359	12 
3360	60 
3361	12 
3362	51 
3363	102 
3364	78 
3365	82 
3366	71 
3367	82 
3368	9 
3369	87 
3370	80 
3371	27 
3372	58 
3373	9 
3374	59 
3375	7 
3376	97 
3377	57 
3378	15 
3379	23 
3380	62 
3381	70 
3382	89 
3383	24 
3384	62 
3385	101 
3386	23 
3387	32 
3388	79 
3389	44 
3390	72 
3391	68 
3392	59 
3393	14 
3394	74 
3395	45 
3396	86 
3397	27 
3398	34 
3399	37 
3400	30 
3401	65 
3402	75 
3403	30 
3404	51 
3405	33 
3406	6 
3407	44 
3408	36 
3409	90 
3410	14 
3411	51 
3412	96 
3413	15 
3414	69 
3415	26 
3416	54 
3417	57 
3418	90 
3419	59 
3420	10 
3421	3 
3422	35 
3423	27 
3424	72 
3425	43 
3426	90 
3427	15 
3428	93 
3429	39 
3430	11 
3431	61 
3432	96 
3433	6 
3434	96 
3435	59 
3436	56 
3437	33 
3438	52 
3439	96 
3440	20 
3441	105 
3442	66 
3443	20 
3444	42 
3445	41 
3446	75 
3447	73 
3448	12 
3449	70 
3450	80 
3451	41 
3452	9 
3453	50 
3454	76 
3455	7 
3456	40 
3457	22 
3458	90 
3459	9 
3460	20 
3461	86 
3462	56 
3463	12 
3464	15 
3465	44 
3466	93 
3467	8 
3468	53 
3469	18 
3470	37 
3471	7 
3472	67 
3473	30 
3474	3 
3475	78 
3476	7 
3477	90 
3478	15 
3479	74 
3480	74 
3481	55 
3482	62 
3483	45 
3484	23 
3485	28 
3486	28 
3487	59 
3488	22 
3489	95 
3490	63 
3491	9 
3492	20 
3493	45 
3494	101 
3495	43 
3496	81 
3497	76 
3498	8 
3499	66 
3500	75 
3501	15 
3502	24 
3503	27 
3504	66 
3505	91 
3506	17 
3507	84 
3508	59 
3509	30 
3510	89 
3511	61 
3512	80 
3513	68 
3514	52 
3515	13 
3516	3 
3517	84 
3518	7 
3519	69 
3520	49 
3521	61 
3522	12 
3523	38 
3524	44 
3525	78 
3526	17 
3527	58 
3528	71 
3529	90 
3530	10 
3531	24 
3532	58 
3533	49 
3534	51 
3535	3 
3536	101 
3537	104 
3538	33 
3539	83 
3540	30 
3541	95 
3542	58 
3543	51 
3544	44 
3545	61 
3546	3 
3547	78 
3548	5 
3549	75 
3550	33 
3551	9 
3552	22 
3553	71 
3554	2 
3555	6 
3556	49 
3557	83 
3558	88 
3559	15 
3560	10 
3561	15 
3562	1 
3563	1 
3564	44 
3565	71 
3566	21 
3567	50 
3568	92 
3569	40 
3570	25 
3571	57 
3572	77 
3573	26 
3574	50 
3575	98 
3576	97 
3577	16 
3578	20 
3579	44 
3580	26 
3581	70 
3582	83 
3583	84 
3584	10 
3585	59 
3586	10 
3587	89 
3588	82 
3589	54 
3590	93 
3591	86 
3592	13 
3593	57 
3594	16 
3595	54 
3596	101 
3597	69 
3598	74 
3599	96 
3600	54 
3601	74 
3602	84 
3603	18 
3604	24 
3605	23 
3606	4 
3607	3 
3608	59 
3609	48 
3610	88 
3611	3 
3612	7 
3613	40 
3614	25 
3615	60 
3616	75 
3617	48 
3618	86 
3619	48 
3620	21 
3621	67 
3622	95 
3623	16 
3624	91 
3625	6 
3626	96 
3627	30 
3628	23 
3629	80 
3630	48 
3631	16 
3632	7 
3633	3 
3634	15 
3635	57 
3636	36 
3637	74 
3638	80 
3639	79 
3640	16 
3641	40 
3642	12 
3643	45 
3644	90 
3645	92 
3646	37 
3647	48 
3648	10 
3649	39 
3650	92 
3651	98 
3652	7 
3653	21 
3654	67 
3655	54 
3656	78 
3657	100 
3658	89 
3659	80 
3660	91 
3661	21 
3662	98 
3663	72 
3664	10 
3665	78 
3666	1 
3667	20 
3668	74 
3669	105 
3670	38 
3671	27 
3672	83 
3673	33 
3674	31 
3675	28 
3676	45 
3677	47 
3678	13 
3679	73 
3680	101 
3681	83 
3682	50 
3683	58 
3684	65 
3685	61 
3686	24 
3687	7 
3688	65 
3689	8 
3690	10 
3691	20 
3692	17 
3693	20 
3694	48 
3695	45 
3696	37 
3697	65 
3698	81 
3699	1 
3700	6 
3701	97 
3702	38 
3703	95 
3704	54 
3705	71 
3706	3 
3707	51 
3708	33 
3709	36 
3710	9 
3711	35 
3712	90 
3713	60 
3714	68 
3715	23 
3716	67 
3717	74 
3718	57 
3719	4 
3720	10 
3721	7 
3722	91 
3723	97 
3724	70 
3725	22 
3726	13 
3727	16 
3728	105 
3729	52 
3730	85 
3731	95 
3732	39 
3733	76 
3734	50 
3735	64 
3736	10 
3737	16 
3738	48 
3739	97 
3740	62 
3741	46 
3742	59 
3743	72 
3744	51 
3745	7 
3746	90 
3747	76 
3748	22 
3749	90 
3750	102 
3751	45 
3752	95 
3753	25 
3754	23 
3755	42 
3756	77 
3757	72 
3758	98 
3759	33 
3760	101 
3761	91 
3762	18 
3763	89 
3764	19 
3765	3 
3766	87 
3767	2 
3768	93 
3769	3 
3770	99 
3771	91 
3772	62 
3773	88 
3774	83 
3775	23 
3776	14 
3777	10 
3778	97 
3779	78 
3780	82 
3781	46 
3782	59 
3783	13 
3784	101 
3785	10 
3786	72 
3787	60 
3788	14 
3789	100 
3790	15 
3791	24 
3792	45 
3793	36 
3794	37 
3795	68 
3796	51 
3797	89 
3798	97 
3799	43 
3800	61 
3801	12 
3802	101 
3803	1 
3804	21 
3805	96 
3806	97 
3807	27 
3808	24 
3809	48 
3810	80 
3811	16 
3812	9 
3813	100 
3814	104 
3815	104 
3816	42 
3817	84 
3818	48 
3819	80 
3820	61 
3821	3 
3822	90 
3823	38 
3824	51 
3825	6 
3826	32 
3827	97 
3828	21 
3829	44 
3830	58 
3831	28 
3832	38 
3833	53 
3834	82 
3835	24 
3836	10 
3837	9 
3838	90 
3839	46 
3840	18 
3841	3 
3842	100 
3843	25 
3844	77 
3845	13 
3846	51 
3847	40 
3848	88 
3849	6 
3850	95 
3851	50 
3852	11 
3853	51 
3854	6 
3855	13 
3856	12 
3857	47 
3858	90 
3859	92 
3860	15 
3861	63 
3862	12 
3863	70 
3864	90 
3865	14 
3866	43 
3867	78 
3868	92 
3869	38 
3870	57 
3871	83 
3872	11 
3873	67 
3874	57 
3875	10 
3876	54 
3877	87 
3878	88 
3879	45 
3880	57 
3881	1 
3882	25 
3883	85 
3884	24 
3885	58 
3886	37 
3887	105 
3888	3 
3889	19 
3890	75 
3891	1 
3892	88 
3893	14 
3894	68 
3895	85 
3896	68 
3897	45 
3898	35 
3899	12 
3900	31 
3901	43 
3902	55 
3903	56 
3904	22 
3905	24 
3906	48 
3907	67 
3908	93 
3909	71 
3910	55 
3911	30 
3912	5 
3913	85 
3914	37 
3915	90 
3916	45 
3917	67 
3918	38 
3919	37 
3920	44 
3921	72 
3922	21 
3923	44 
3924	4 
3925	96 
3926	101 
3927	83 
3928	75 
3929	36 
3930	97 
3931	86 
3932	23 
3933	70 
3934	10 
3935	11 
3936	88 
3937	24 
3938	66 
3939	75 
3940	84 
3941	75 
3942	15 
3943	87 
3944	12 
3945	105 
3946	84 
3947	45 
3948	29 
3949	78 
3950	32 
3951	48 
3952	32 
3953	43 
3954	74 
3955	24 
3956	13 
3957	78 
3958	15 
3959	36 
3960	101 
3961	73 
3962	59 
3963	96 
3964	81 
3965	48 
3966	87 
3967	79 
3968	102 
3969	16 
3970	69 
3971	62 
3972	61 
3973	74 
3974	17 
3975	103 
3976	84 
3977	12 
3978	3 
3979	97 
3980	31 
3981	30 
3982	54 
3983	68 
3984	95 
3985	27 
3986	46 
3987	61 
3988	59 
3989	66 
3990	7 
3991	91 
3992	103 
3993	32 
3994	11 
3995	48 
3996	7 
3997	69 
3998	68 
3999	97 
4000	10 
4001	33 
4002	62 
4003	30 
4004	36 
4005	69 
4006	15 
4007	99 
4008	18 
4009	91 
4010	84 
4011	87 
4012	61 
4013	27 
4014	5 
4015	83 
4016	54 
4017	80 
4018	57 
4019	102 
4020	55 
4021	69 
4022	31 
4023	88 
4024	30 
4025	104 
4026	21 
4027	44 
4028	2 
4029	101 
4030	97 
4031	44 
4032	54 
4033	78 
4034	89 
4035	6 
4036	102 
4037	12 
4038	41 
4039	16 
4040	65 
4041	44 
4042	22 
4043	39 
4044	75 
4045	88 
4046	10 
4047	68 
4048	90 
4049	86 
4050	86 
4051	61 
4052	1 
4053	98 
4054	24 
4055	22 
4056	52 
4057	104 
4058	75 
4059	23 
4060	3 
4061	13 
4062	52 
4063	51 
4064	94 
4065	18 
4066	97 
4067	3 
4068	37 
4069	8 
4070	99 
4071	22 
4072	104 
4073	47 
4074	70 
4075	15 
4076	87 
4077	62 
4078	12 
4079	27 
4080	37 
4081	59 
4082	86 
4083	19 
4084	96 
4085	10 
4086	39 
4087	51 
4088	66 
4089	33 
4090	102 
4091	3 
4092	35 
4093	70 
4094	5 
4095	71 
4096	90 
4097	6 
4098	53 
4099	55 
4100	96 
4101	15 
4102	18 
4103	23 
4104	29 
4105	37 
4106	7 
4107	74 
4108	102 
4109	80 
4110	8 
4111	78 
4112	24 
4113	36 
4114	46 
4115	29 
4116	23 
4117	15 
4118	15 
4119	83 
4120	22 
4121	54 
4122	30 
4123	39 
4124	60 
4125	80 
4126	15 
4127	61 
4128	73 
4129	35 
4130	12 
4131	30 
4132	90 
4133	65 
4134	90 
4135	20 
4136	44 
4137	41 
4138	73 
4139	82 
4140	10 
4141	58 
4142	5 
4143	90 
4144	59 
4145	47 
4146	14 
4147	90 
4148	63 
4149	58 
4150	37 
4151	15 
4152	101 
4153	16 
4154	101 
4155	15 
4156	76 
4157	37 
4158	3 
4159	59 
4160	45 
4161	104 
4162	32 
4163	30 
4164	34 
4165	68 
4166	30 
4167	23 
4168	24 
4169	101 
4170	95 
4171	95 
4172	103 
4173	56 
4174	66 
4175	32 
4176	62 
4177	51 
4178	5 
4179	33 
4180	54 
4181	67 
4182	26 
4183	95 
4184	57 
4185	75 
4186	42 
4187	102 
4188	27 
4189	34 
4190	25 
4191	49 
4192	68 
4193	18 
4194	62 
4195	27 
4196	33 
4197	93 
4198	74 
4199	61 
4200	101 
4201	9 
4202	104 
4203	6 
4204	65 
4205	41 
4206	1 
4207	75 
4208	87 
4209	38 
4210	12 
4211	104 
4212	93 
4213	20 
4214	63 
4215	80 
4216	13 
4217	41 
4218	91 
4219	55 
4220	89 
4221	90 
4222	65 
4223	7 
4224	103 
4225	26 
4226	97 
4227	62 
4228	54 
4229	24 
4230	83 
4231	15 
4232	16 
4233	7 
4234	27 
4235	85 
4236	1 
4237	85 
4238	65 
4239	40 
4240	54 
4241	27 
4242	75 
4243	102 
4244	25 
4245	36 
4246	44 
4247	95 
4248	30 
4249	18 
4250	20 
4251	49 
4252	44 
4253	77 
4254	105 
4255	33 
4256	6 
4257	50 
4258	86 
4259	5 
4260	23 
4261	101 
4262	72 
4263	28 
4264	21 
4265	10 
4266	18 
4267	96 
4268	48 
4269	68 
4270	89 
4271	54 
4272	64 
4273	38 
4274	41 
4275	22 
4276	61 
4277	40 
4278	31 
4279	82 
4280	20 
4281	64 
4282	64 
4283	29 
4284	101 
4285	61 
4286	32 
4287	1 
4288	53 
4289	65 
4290	101 
4291	6 
4292	18 
4293	85 
4294	29 
4295	32 
4296	5 
4297	54 
4298	52 
4299	48 
4300	37 
4301	15 
4302	48 
4303	46 
4304	44 
4305	12 
4306	25 
4307	54 
4308	17 
4309	87 
4310	100 
4311	69 
4312	5 
4313	83 
4314	56 
4315	62 
4316	83 
4317	28 
4318	58 
4319	8 
4320	15 
4321	7 
4322	84 
4323	78 
4324	27 
4325	89 
4326	5 
4327	1 
4328	22 
4329	3 
4330	25 
4331	54 
4332	62 
4333	15 
4334	13 
4335	85 
4336	23 
4337	32 
4338	83 
4339	62 
4340	49 
4341	74 
4342	100 
4343	97 
4344	6 
4345	21 
4346	74 
4347	74 
4348	42 
4349	5 
4350	23 
4351	11 
4352	95 
4353	65 
4354	58 
4355	44 
4356	27 
4357	54 
4358	10 
4359	59 
4360	49 
4361	72 
4362	16 
4363	3 
4364	37 
4365	68 
4366	23 
4367	37 
4368	25 
4369	54 
4370	15 
4371	60 
4372	47 
4373	82 
4374	23 
4375	41 
4376	59 
4377	10 
4378	52 
4379	8 
4380	102 
4381	97 
4382	5 
4383	7 
4384	68 
4385	102 
4386	25 
4387	97 
4388	1 
4389	36 
4390	97 
4391	49 
4392	20 
4393	95 
4394	72 
4395	59 
4396	102 
4397	3 
4398	80 
4399	1 
4400	17 
4401	78 
4402	17 
4403	40 
4404	99 
4405	90 
4406	83 
4407	57 
4408	22 
4409	99 
4410	75 
4411	71 
4412	12 
4413	65 
4414	19 
4415	83 
4416	102 
4417	30 
4418	34 
4419	61 
4420	3 
4421	7 
4422	9 
4423	54 
4424	73 
4425	24 
4426	80 
4427	97 
4428	15 
4429	58 
4430	83 
4431	48 
4432	67 
4433	58 
4434	74 
4435	69 
4436	44 
4437	63 
4438	76 
4439	59 
4440	90 
4441	21 
4442	24 
4443	57 
4444	83 
4445	9 
4446	27 
4447	1 
4448	26 
4449	104 
4450	27 
4451	97 
4452	51 
4453	103 
4454	54 
4455	7 
4456	100 
4457	61 
4458	77 
4459	51 
4460	9 
4461	42 
4462	44 
4463	45 
4464	46 
4465	80 
4466	78 
4467	5 
4468	73 
4469	37 
4470	70 
4471	97 
4472	62 
4473	46 
4474	93 
4475	6 
4476	22 
4477	14 
4478	10 
4479	51 
4480	102 
4481	78 
4482	83 
4483	10 
4484	61 
4485	36 
4486	95 
4487	93 
4488	48 
4489	93 
4490	75 
4491	97 
4492	102 
4493	58 
4494	47 
4495	54 
4496	3 
4497	84 
4498	46 
4499	103 
4500	75 
4501	60 
4502	22 
4503	87 
4504	15 
4505	95 
4506	99 
4507	19 
4508	49 
4509	104 
4510	71 
4511	76 
4512	97 
4513	46 
4514	97 
4515	65 
4516	97 
4517	59 
4518	77 
4519	12 
4520	22 
4521	22 
4522	79 
4523	24 
4524	37 
4525	23 
4526	38 
4527	96 
4528	48 
4529	75 
4530	6 
4531	49 
4532	34 
4533	60 
4534	70 
4535	33 
4536	90 
4537	53 
4538	81 
4539	72 
4540	62 
4541	31 
4542	25 
4543	33 
4544	6 
4545	23 
4546	42 
4547	30 
4548	86 
4549	59 
4550	85 
4551	73 
4552	92 
4553	45 
4554	42 
4555	83 
4556	20 
4557	5 
4558	90 
4559	7 
4560	59 
4561	45 
4562	11 
4563	101 
4564	58 
4565	3 
4566	75 
4567	4 
4568	54 
4569	97 
4570	16 
4571	17 
4572	83 
4573	47 
4574	6 
4575	96 
4576	58 
4577	17 
4578	37 
4579	3 
4580	41 
4581	18 
4582	21 
4583	18 
4584	15 
4585	48 
4586	25 
4587	60 
4588	51 
4589	44 
4590	82 
4591	51 
4592	66 
4593	103 
4594	103 
4595	50 
4596	18 
4597	57 
4598	89 
4599	16 
4600	33 
4601	25 
4602	95 
4603	60 
4604	51 
4605	7 
4606	74 
4607	57 
4608	33 
4609	8 
4610	62 
4611	77 
4612	45 
4613	51 
4614	20 
4615	66 
4616	18 
4617	90 
4618	16 
4619	57 
4620	20 
4621	31 
4622	103 
4623	22 
4624	82 
4625	49 
4626	83 
4627	49 
4628	68 
4629	60 
4630	32 
4631	59 
4632	11 
4633	83 
4634	30 
4635	6 
4636	9 
4637	75 
4638	18 
4639	39 
4640	18 
4641	66 
4642	3 
4643	101 
4644	9 
4645	68 
4646	70 
4647	84 
4648	51 
4649	34 
4650	88 
4651	22 
4652	100 
4653	3 
4654	46 
4655	75 
4656	62 
4657	97 
4658	59 
4659	68 
4660	45 
4661	96 
4662	13 
4663	6 
4664	77 
4665	79 
4666	20 
4667	57 
4668	46 
4669	20 
4670	36 
4671	88 
4672	55 
4673	30 
4674	22 
4675	51 
4676	54 
4677	85 
4678	52 
4679	89 
4680	58 
4681	16 
4682	15 
4683	42 
4684	80 
4685	30 
4686	22 
4687	80 
4688	14 
4689	33 
4690	33 
4691	10 
4692	13 
4693	95 
4694	20 
4695	60 
4696	4 
4697	98 
4698	41 
4699	37 
4700	51 
4701	102 
4702	98 
4703	70 
4704	101 
4705	101 
4706	40 
4707	57 
4708	80 
4709	84 
4710	101 
4711	16 
4712	97 
4713	13 
4714	14 
4715	93 
4716	58 
4717	10 
4718	70 
4719	16 
4720	75 
4721	65 
4722	28 
4723	84 
4724	72 
4725	57 
4726	37 
4727	97 
4728	16 
4729	51 
4730	47 
4731	89 
4732	6 
4733	25 
4734	5 
4735	21 
4736	65 
4737	10 
4738	65 
4739	101 
4740	3 
4741	57 
4742	95 
4743	21 
4744	24 
4745	58 
4746	57 
4747	7 
4748	51 
4749	27 
4750	102 
4751	5 
4752	64 
4753	65 
4754	60 
4755	28 
4756	23 
4757	57 
4758	98 
4759	60 
4760	24 
4761	75 
4762	75 
4763	54 
4764	82 
4765	63 
4766	23 
4767	103 
4768	21 
4769	96 
4770	62 
4771	30 
4772	31 
4773	13 
4774	10 
4775	63 
4776	38 
4777	24 
4778	34 
4779	3 
4780	75 
4781	6 
4782	2 
4783	50 
4784	20 
4785	40 
4786	64 
4787	59 
4788	17 
4789	80 
4790	102 
4791	58 
4792	64 
4793	29 
4794	58 
4795	22 
4796	99 
4797	9 
4798	51 
4799	50 
4800	72 
4801	3 
4802	1 
4803	18 
4804	104 
4805	96 
4806	79 
4807	15 
4808	18 
4809	85 
4810	54 
4811	38 
4812	18 
4813	45 
4814	97 
4815	76 
4816	12 
4817	72 
4818	98 
4819	104 
4820	33 
4821	74 
4822	33 
4823	7 
4824	15 
4825	103 
4826	48 
4827	44 
4828	44 
4829	98 
4830	31 
4831	88 
4832	61 
4833	19 
4834	102 
4835	73 
4836	74 
4837	20 
4838	84 
4839	30 
4840	54 
4841	81 
4842	2 
4843	72 
4844	61 
4845	12 
4846	33 
4847	76 
4848	43 
4849	33 
4850	5 
4851	7 
4852	88 
4853	83 
4854	54 
4855	83 
4856	74 
4857	87 
4858	23 
4859	24 
4860	8 
4861	34 
4862	63 
4863	22 
4864	103 
4865	48 
4866	25 
4867	64 
4868	89 
4869	22 
4870	31 
4871	80 
4872	83 
4873	21 
4874	87 
4875	5 
4876	10 
4877	91 
4878	10 
4879	96 
4880	23 
4881	84 
4882	47 
4883	30 
4884	16 
4885	80 
4886	21 
4887	59 
4888	38 
4889	22 
4890	1 
4891	104 
4892	74 
4893	20 
4894	89 
4895	20 
4896	69 
4897	3 
4898	9 
4899	93 
4900	27 
4901	28 
4902	97 
4903	49 
4904	7 
4905	47 
4906	8 
4907	78 
4908	19 
4909	31 
4910	101 
4911	57 
4912	24 
4913	33 
4914	82 
4915	79 
4916	73 
4917	29 
4918	80 
4919	24 
4920	91 
4921	37 
4922	45 
4923	34 
4924	76 
4925	27 
4926	81 
4927	89 
4928	89 
4929	90 
4930	94 
4931	52 
4932	32 
4933	51 
4934	15 
4935	100 
4936	62 
4937	13 
4938	31 
4939	89 
4940	7 
4941	62 
4942	24 
4943	57 
4944	30 
4945	27 
4946	20 
4947	61 
4948	62 
4949	74 
4950	101 
4951	10 
4952	102 
4953	21 
4954	27 
4955	80 
4956	57 
4957	54 
4958	1 
4959	100 
4960	94 
4961	51 
4962	37 
4963	44 
4964	36 
4965	83 
4966	83 
4967	38 
4968	68 
4969	95 
4970	35 
4971	22 
4972	17 
4973	68 
4974	62 
4975	35 
4976	33 
4977	58 
4978	102 
4979	54 
4980	25 
4981	71 
4982	74 
4983	6 
4984	11 
4985	10 
4986	34 
4987	10 
4988	82 
4989	63 
4990	95 
4991	64 
4992	70 
4993	75 
4994	3 
4995	7 
4996	14 
4997	10 
4998	25 
4999	74 
5000	48 
