1	58 
2	77 
3	34 
4	37 
5	87 
6	66 
7	27 
8	14 
9	38 
10	81 
11	7 
12	90 
13	21 
14	47 
15	71 
16	23 
17	60 
18	102 
19	27 
20	51 
21	83 
22	9 
23	92 
24	46 
25	26 
26	14 
27	102 
28	34 
29	55 
30	100 
31	14 
32	53 
33	38 
34	51 
35	37 
36	63 
37	93 
38	9 
39	51 
40	21 
41	77 
42	63 
43	3 
44	18 
45	96 
46	24 
47	9 
48	76 
49	2 
50	13 
51	73 
52	39 
53	54 
54	25 
55	60 
56	9 
57	48 
58	102 
59	88 
60	8 
61	22 
62	86 
63	15 
64	27 
65	81 
66	15 
67	16 
68	50 
69	4 
70	43 
71	51 
72	13 
73	7 
74	59 
75	83 
76	56 
77	58 
78	51 
79	19 
80	41 
81	63 
82	99 
83	34 
84	32 
85	46 
86	39 
87	14 
88	56 
89	65 
90	33 
91	70 
92	25 
93	71 
94	71 
95	74 
96	8 
97	29 
98	32 
99	51 
100	35 
101	58 
102	22 
103	51 
104	57 
105	7 
106	2 
107	58 
108	71 
109	32 
110	101 
111	81 
112	54 
113	82 
114	68 
115	71 
116	3 
117	47 
118	83 
119	33 
120	12 
121	74 
122	66 
123	73 
124	86 
125	93 
126	24 
127	86 
128	30 
129	98 
130	86 
131	76 
132	88 
133	9 
134	7 
135	84 
136	42 
137	68 
138	53 
139	33 
140	9 
141	81 
142	101 
143	86 
144	56 
145	81 
146	41 
147	7 
148	68 
149	24 
150	52 
151	53 
152	92 
153	51 
154	98 
155	45 
156	80 
157	62 
158	53 
159	23 
160	80 
161	42 
162	29 
163	86 
164	78 
165	58 
166	29 
167	62 
168	14 
169	98 
170	44 
171	67 
172	101 
173	39 
174	98 
175	40 
176	7 
177	35 
178	41 
179	30 
180	25 
181	4 
182	66 
183	77 
184	102 
185	91 
186	45 
187	77 
188	53 
189	2 
190	3 
191	68 
192	18 
193	55 
194	93 
195	54 
196	92 
197	83 
198	11 
199	43 
200	11 
201	54 
202	55 
203	1 
204	35 
205	58 
206	12 
207	71 
208	35 
209	4 
210	15 
211	8 
212	13 
213	98 
214	94 
215	4 
216	78 
217	63 
218	56 
219	15 
220	31 
221	68 
222	34 
223	61 
224	56 
225	100 
226	10 
227	34 
228	83 
229	3 
230	53 
231	25 
232	35 
233	83 
234	91 
235	58 
236	82 
237	2 
238	63 
239	59 
240	40 
241	14 
242	66 
243	83 
244	28 
245	101 
246	43 
247	83 
248	80 
249	60 
250	42 
251	83 
252	93 
253	14 
254	30 
255	14 
256	26 
257	66 
258	59 
259	2 
260	50 
261	64 
262	50 
263	56 
264	18 
265	47 
266	31 
267	98 
268	3 
269	48 
270	55 
271	30 
272	71 
273	99 
274	76 
275	97 
276	71 
277	35 
278	73 
279	73 
280	15 
281	96 
282	76 
283	83 
284	74 
285	83 
286	50 
287	50 
288	25 
289	94 
290	26 
291	19 
292	16 
293	33 
294	58 
295	96 
296	48 
297	71 
298	25 
299	10 
300	66 
301	4 
302	33 
303	4 
304	35 
305	48 
306	45 
307	30 
308	34 
309	3 
310	48 
311	54 
312	13 
313	56 
314	6 
315	101 
316	98 
317	54 
318	29 
319	3 
320	39 
321	85 
322	89 
323	96 
324	38 
325	37 
326	56 
327	62 
328	86 
329	16 
330	98 
331	19 
332	18 
333	12 
334	26 
335	19 
336	91 
337	8 
338	79 
339	86 
340	13 
341	13 
342	14 
343	39 
344	72 
345	48 
346	68 
347	94 
348	3 
349	28 
350	47 
351	44 
352	94 
353	11 
354	102 
355	4 
356	40 
357	43 
358	57 
359	55 
360	90 
361	35 
362	62 
363	81 
364	66 
365	40 
366	64 
367	98 
368	29 
369	18 
370	54 
371	101 
372	96 
373	2 
374	2 
375	51 
376	31 
377	21 
378	51 
379	68 
380	101 
381	54 
382	101 
383	76 
384	96 
385	93 
386	96 
387	77 
388	39 
389	8 
390	38 
391	94 
392	18 
393	79 
394	51 
395	79 
396	58 
397	26 
398	81 
399	46 
400	57 
401	100 
402	79 
403	7 
404	53 
405	56 
406	12 
407	30 
408	57 
409	56 
410	83 
411	24 
412	60 
413	35 
414	101 
415	100 
416	69 
417	91 
418	34 
419	88 
420	62 
421	79 
422	76 
423	58 
424	26 
425	47 
426	58 
427	66 
428	9 
429	71 
430	3 
431	48 
432	13 
433	85 
434	8 
435	87 
436	43 
437	50 
438	34 
439	1 
440	75 
441	47 
442	44 
443	7 
444	31 
445	33 
446	44 
447	100 
448	78 
449	63 
450	87 
451	29 
452	8 
453	79 
454	72 
455	73 
456	101 
457	64 
458	21 
459	9 
460	90 
461	64 
462	78 
463	75 
464	62 
465	41 
466	47 
467	39 
468	3 
469	51 
470	56 
471	2 
472	68 
473	2 
474	9 
475	51 
476	26 
477	56 
478	78 
479	89 
480	93 
481	42 
482	100 
483	83 
484	6 
485	11 
486	78 
487	78 
488	3 
489	33 
490	54 
491	3 
492	94 
493	71 
494	78 
495	72 
496	64 
497	57 
498	51 
499	49 
500	101 
501	51 
502	19 
503	66 
504	48 
505	30 
506	84 
507	29 
508	71 
509	40 
510	39 
511	71 
512	11 
513	54 
514	21 
515	60 
516	33 
517	86 
518	16 
519	101 
520	85 
521	47 
522	87 
523	21 
524	56 
525	26 
526	99 
527	14 
528	28 
529	21 
530	39 
531	78 
532	11 
533	6 
534	33 
535	40 
536	44 
537	3 
538	4 
539	63 
540	53 
541	4 
542	67 
543	14 
544	4 
545	14 
546	41 
547	53 
548	68 
549	101 
550	59 
551	77 
552	68 
553	7 
554	69 
555	19 
556	86 
557	75 
558	29 
559	21 
560	37 
561	102 
562	72 
563	63 
564	34 
565	70 
566	77 
567	46 
568	95 
569	56 
570	81 
571	101 
572	51 
573	56 
574	83 
575	71 
576	86 
577	71 
578	71 
579	39 
580	93 
581	4 
582	63 
583	13 
584	25 
585	96 
586	46 
587	73 
588	70 
589	47 
590	2 
591	14 
592	33 
593	57 
594	20 
595	55 
596	49 
597	35 
598	85 
599	56 
600	47 
601	10 
602	3 
603	25 
604	74 
605	54 
606	74 
607	9 
608	7 
609	98 
610	8 
611	31 
612	99 
613	93 
614	26 
615	98 
616	96 
617	11 
618	63 
619	30 
620	36 
621	4 
622	50 
623	7 
624	100 
625	51 
626	9 
627	14 
628	2 
629	26 
630	2 
631	6 
632	7 
633	18 
634	81 
635	13 
636	94 
637	68 
638	60 
639	1 
640	7 
641	69 
642	77 
643	9 
644	45 
645	26 
646	93 
647	15 
648	14 
649	1 
650	48 
651	61 
652	7 
653	14 
654	60 
655	92 
656	40 
657	68 
658	33 
659	56 
660	72 
661	86 
662	2 
663	40 
664	81 
665	14 
666	20 
667	40 
668	78 
669	28 
670	98 
671	11 
672	64 
673	3 
674	4 
675	75 
676	7 
677	37 
678	54 
679	71 
680	30 
681	57 
682	70 
683	53 
684	43 
685	75 
686	68 
687	66 
688	33 
689	62 
690	96 
691	52 
692	26 
693	86 
694	14 
695	23 
696	84 
697	34 
698	54 
699	45 
700	35 
701	71 
702	8 
703	64 
704	69 
705	35 
706	38 
707	35 
708	70 
709	2 
710	97 
711	82 
712	84 
713	14 
714	58 
715	96 
716	1 
717	63 
718	78 
719	32 
720	63 
721	7 
722	21 
723	74 
724	4 
725	26 
726	102 
727	23 
728	47 
729	70 
730	80 
731	73 
732	3 
733	81 
734	15 
735	11 
736	11 
737	4 
738	26 
739	4 
740	18 
741	4 
742	1 
743	18 
744	76 
745	34 
746	12 
747	43 
748	73 
749	83 
750	78 
751	95 
752	30 
753	42 
754	83 
755	98 
756	61 
757	44 
758	15 
759	7 
760	62 
761	32 
762	46 
763	14 
764	39 
765	9 
766	20 
767	68 
768	68 
769	35 
770	43 
771	76 
772	39 
773	1 
774	9 
775	3 
776	43 
777	62 
778	79 
779	35 
780	2 
781	67 
782	26 
783	21 
784	2 
785	60 
786	47 
787	75 
788	26 
789	102 
790	87 
791	54 
792	47 
793	24 
794	81 
795	94 
796	48 
797	73 
798	102 
799	43 
800	3 
801	3 
802	7 
803	27 
804	70 
805	74 
806	66 
807	68 
808	101 
809	26 
810	35 
811	93 
812	25 
813	50 
814	14 
815	81 
816	9 
817	100 
818	51 
819	91 
820	81 
821	21 
822	96 
823	83 
824	97 
825	14 
826	98 
827	75 
828	40 
829	81 
830	52 
831	28 
832	53 
833	56 
834	51 
835	14 
836	48 
837	33 
838	96 
839	93 
840	68 
841	63 
842	81 
843	11 
844	29 
845	19 
846	101 
847	26 
848	89 
849	39 
850	66 
851	71 
852	54 
853	60 
854	65 
855	21 
856	57 
857	2 
858	13 
859	80 
860	7 
861	54 
862	3 
863	72 
864	6 
865	53 
866	13 
867	92 
868	68 
869	6 
870	7 
871	5 
872	57 
873	94 
874	48 
875	69 
876	28 
877	72 
878	18 
879	83 
880	89 
881	73 
882	2 
883	26 
884	25 
885	29 
886	93 
887	99 
888	18 
889	70 
890	30 
891	76 
892	53 
893	6 
894	82 
895	29 
896	81 
897	71 
898	89 
899	38 
900	82 
901	9 
902	65 
903	47 
904	78 
905	42 
906	62 
907	47 
908	19 
909	71 
910	3 
911	34 
912	70 
913	95 
914	74 
915	43 
916	100 
917	43 
918	35 
919	37 
920	18 
921	60 
922	89 
923	84 
924	3 
925	43 
926	20 
927	35 
928	76 
929	68 
930	83 
931	68 
932	39 
933	3 
934	3 
935	2 
936	65 
937	71 
938	47 
939	53 
940	92 
941	18 
942	102 
943	53 
944	102 
945	58 
946	52 
947	78 
948	7 
949	83 
950	8 
951	54 
952	61 
953	59 
954	68 
955	101 
956	78 
957	51 
958	18 
959	71 
960	21 
961	18 
962	99 
963	8 
964	33 
965	27 
966	15 
967	24 
968	58 
969	61 
970	26 
971	51 
972	54 
973	71 
974	101 
975	79 
976	20 
977	63 
978	8 
979	18 
980	55 
981	35 
982	94 
983	65 
984	35 
985	21 
986	53 
987	27 
988	93 
989	88 
990	86 
991	51 
992	41 
993	21 
994	9 
995	84 
996	30 
997	71 
998	8 
999	1 
1000	102 
1001	88 
1002	9 
1003	30 
1004	10 
1005	28 
1006	35 
1007	83 
1008	94 
1009	54 
1010	34 
1011	26 
1012	68 
1013	47 
1014	15 
1015	37 
1016	28 
1017	51 
1018	49 
1019	65 
1020	43 
1021	21 
1022	14 
1023	2 
1024	80 
1025	95 
1026	80 
1027	16 
1028	75 
1029	35 
1030	17 
1031	10 
1032	18 
1033	54 
1034	35 
1035	72 
1036	70 
1037	80 
1038	54 
1039	29 
1040	49 
1041	53 
1042	26 
1043	51 
1044	30 
1045	1 
1046	7 
1047	58 
1048	102 
1049	35 
1050	50 
1051	65 
1052	89 
1053	63 
1054	16 
1055	41 
1056	11 
1057	78 
1058	59 
1059	56 
1060	59 
1061	78 
1062	81 
1063	81 
1064	88 
1065	102 
1066	30 
1067	26 
1068	15 
1069	55 
1070	56 
1071	41 
1072	5 
1073	11 
1074	51 
1075	62 
1076	17 
1077	66 
1078	75 
1079	40 
1080	21 
1081	81 
1082	33 
1083	64 
1084	9 
1085	38 
1086	101 
1087	2 
1088	82 
1089	3 
1090	63 
1091	2 
1092	32 
1093	52 
1094	19 
1095	60 
1096	84 
1097	35 
1098	14 
1099	42 
1100	83 
1101	21 
1102	17 
1103	54 
1104	51 
1105	10 
1106	7 
1107	1 
1108	91 
1109	53 
1110	86 
1111	72 
1112	48 
1113	42 
1114	94 
1115	87 
1116	84 
1117	12 
1118	1 
1119	95 
1120	2 
1121	15 
1122	60 
1123	4 
1124	18 
1125	20 
1126	65 
1127	48 
1128	1 
1129	46 
1130	46 
1131	62 
1132	52 
1133	33 
1134	55 
1135	102 
1136	55 
1137	49 
1138	9 
1139	98 
1140	94 
1141	16 
1142	7 
1143	10 
1144	10 
1145	95 
1146	53 
1147	39 
1148	19 
1149	29 
1150	2 
1151	30 
1152	67 
1153	61 
1154	19 
1155	52 
1156	55 
1157	94 
1158	10 
1159	51 
1160	81 
1161	58 
1162	1 
1163	13 
1164	60 
1165	55 
1166	2 
1167	55 
1168	68 
1169	54 
1170	78 
1171	55 
1172	9 
1173	66 
1174	60 
1175	11 
1176	43 
1177	10 
1178	49 
1179	31 
1180	36 
1181	94 
1182	94 
1183	87 
1184	53 
1185	30 
1186	56 
1187	36 
1188	24 
1189	64 
1190	52 
1191	27 
1192	27 
1193	81 
1194	68 
1195	62 
1196	74 
1197	74 
1198	100 
1199	61 
1200	67 
1201	32 
1202	37 
1203	68 
1204	56 
1205	85 
1206	44 
1207	28 
1208	39 
1209	2 
1210	64 
1211	16 
1212	64 
1213	6 
1214	68 
1215	78 
1216	36 
1217	4 
1218	26 
1219	17 
1220	41 
1221	23 
1222	32 
1223	79 
1224	56 
1225	96 
1226	77 
1227	65 
1228	101 
1229	101 
1230	8 
1231	26 
1232	6 
1233	34 
1234	52 
1235	42 
1236	72 
1237	1 
1238	32 
1239	54 
1240	55 
1241	56 
1242	93 
1243	101 
1244	26 
1245	86 
1246	29 
1247	91 
1248	92 
1249	15 
1250	26 
1251	57 
1252	42 
1253	96 
1254	74 
1255	78 
1256	83 
1257	50 
1258	7 
1259	19 
1260	74 
1261	6 
1262	70 
1263	86 
1264	102 
1265	3 
1266	64 
1267	31 
1268	41 
1269	56 
1270	68 
1271	79 
1272	96 
1273	8 
1274	54 
1275	31 
1276	98 
1277	32 
1278	2 
1279	30 
1280	56 
1281	59 
1282	40 
1283	35 
1284	29 
1285	66 
1286	8 
1287	98 
1288	92 
1289	33 
1290	13 
1291	58 
1292	2 
1293	7 
1294	62 
1295	12 
1296	26 
1297	39 
1298	38 
1299	7 
1300	27 
1301	26 
1302	48 
1303	88 
1304	54 
1305	34 
1306	81 
1307	82 
1308	39 
1309	88 
1310	63 
1311	70 
1312	71 
1313	4 
1314	84 
1315	7 
1316	63 
1317	94 
1318	26 
1319	5 
1320	43 
1321	4 
1322	23 
1323	44 
1324	85 
1325	43 
1326	4 
1327	63 
1328	87 
1329	92 
1330	53 
1331	14 
1332	32 
1333	9 
1334	14 
1335	58 
1336	34 
1337	86 
1338	68 
1339	35 
1340	57 
1341	62 
1342	98 
1343	82 
1344	42 
1345	14 
1346	78 
1347	74 
1348	49 
1349	6 
1350	96 
1351	8 
1352	26 
1353	4 
1354	78 
1355	52 
1356	55 
1357	101 
1358	21 
1359	8 
1360	71 
1361	75 
1362	2 
1363	11 
1364	62 
1365	8 
1366	31 
1367	53 
1368	65 
1369	40 
1370	2 
1371	55 
1372	17 
1373	73 
1374	49 
1375	63 
1376	14 
1377	46 
1378	80 
1379	16 
1380	71 
1381	13 
1382	3 
1383	37 
1384	68 
1385	28 
1386	48 
1387	2 
1388	71 
1389	19 
1390	45 
1391	68 
1392	76 
1393	23 
1394	42 
1395	19 
1396	16 
1397	91 
1398	66 
1399	71 
1400	80 
1401	82 
1402	51 
1403	13 
1404	35 
1405	50 
1406	16 
1407	96 
1408	19 
1409	92 
1410	94 
1411	85 
1412	30 
1413	98 
1414	57 
1415	74 
1416	29 
1417	17 
1418	86 
1419	87 
1420	40 
1421	6 
1422	46 
1423	18 
1424	58 
1425	7 
1426	30 
1427	89 
1428	4 
1429	65 
1430	37 
1431	37 
1432	8 
1433	82 
1434	91 
1435	69 
1436	63 
1437	47 
1438	20 
1439	34 
1440	26 
1441	47 
1442	74 
1443	30 
1444	4 
1445	71 
1446	86 
1447	39 
1448	75 
1449	57 
1450	54 
1451	58 
1452	83 
1453	56 
1454	29 
1455	48 
1456	98 
1457	58 
1458	42 
1459	11 
1460	102 
1461	16 
1462	9 
1463	36 
1464	71 
1465	14 
1466	12 
1467	40 
1468	26 
1469	79 
1470	7 
1471	21 
1472	28 
1473	91 
1474	34 
1475	54 
1476	7 
1477	60 
1478	48 
1479	32 
1480	13 
1481	95 
1482	35 
1483	70 
1484	35 
1485	47 
1486	8 
1487	96 
1488	96 
1489	58 
1490	16 
1491	62 
1492	46 
1493	86 
1494	33 
1495	3 
1496	15 
1497	51 
1498	94 
1499	6 
1500	75 
1501	93 
1502	39 
1503	21 
1504	40 
1505	21 
1506	35 
1507	101 
1508	72 
1509	62 
1510	53 
1511	70 
1512	19 
1513	9 
1514	2 
1515	51 
1516	60 
1517	6 
1518	26 
1519	31 
1520	49 
1521	2 
1522	2 
1523	87 
1524	8 
1525	93 
1526	3 
1527	81 
1528	57 
1529	30 
1530	83 
1531	55 
1532	66 
1533	76 
1534	14 
1535	102 
1536	96 
1537	8 
1538	19 
1539	34 
1540	43 
1541	73 
1542	35 
1543	63 
1544	29 
1545	11 
1546	98 
1547	27 
1548	84 
1549	11 
1550	13 
1551	63 
1552	73 
1553	78 
1554	93 
1555	21 
1556	78 
1557	6 
1558	101 
1559	41 
1560	75 
1561	100 
1562	26 
1563	57 
1564	48 
1565	81 
1566	81 
1567	89 
1568	34 
1569	63 
1570	11 
1571	47 
1572	57 
1573	98 
1574	79 
1575	98 
1576	68 
1577	53 
1578	44 
1579	9 
1580	3 
1581	92 
1582	57 
1583	27 
1584	37 
1585	86 
1586	10 
1587	74 
1588	3 
1589	42 
1590	2 
1591	1 
1592	64 
1593	82 
1594	13 
1595	64 
1596	82 
1597	78 
1598	83 
1599	23 
1600	98 
1601	93 
1602	78 
1603	68 
1604	71 
1605	26 
1606	68 
1607	80 
1608	98 
1609	51 
1610	20 
1611	54 
1612	71 
1613	64 
1614	21 
1615	78 
1616	2 
1617	76 
1618	30 
1619	57 
1620	9 
1621	17 
1622	83 
1623	18 
1624	26 
1625	29 
1626	76 
1627	58 
1628	62 
1629	6 
1630	51 
1631	56 
1632	30 
1633	19 
1634	6 
1635	22 
1636	35 
1637	37 
1638	101 
1639	70 
1640	67 
1641	8 
1642	95 
1643	62 
1644	98 
1645	40 
1646	8 
1647	3 
1648	81 
1649	34 
1650	44 
1651	70 
1652	96 
1653	39 
1654	9 
1655	98 
1656	68 
1657	39 
1658	71 
1659	8 
1660	83 
1661	66 
1662	6 
1663	89 
1664	19 
1665	81 
1666	49 
1667	54 
1668	25 
1669	60 
1670	75 
1671	86 
1672	13 
1673	30 
1674	97 
1675	92 
1676	63 
1677	43 
1678	31 
1679	5 
1680	26 
1681	95 
1682	57 
1683	33 
1684	102 
1685	84 
1686	34 
1687	100 
1688	11 
1689	34 
1690	18 
1691	43 
1692	37 
1693	62 
1694	4 
1695	4 
1696	87 
1697	18 
1698	90 
1699	6 
1700	101 
1701	87 
1702	55 
1703	21 
1704	8 
1705	37 
1706	18 
1707	57 
1708	27 
1709	57 
1710	60 
1711	35 
1712	8 
1713	96 
1714	82 
1715	18 
1716	9 
1717	35 
1718	8 
1719	35 
1720	53 
1721	61 
1722	57 
1723	8 
1724	89 
1725	34 
1726	56 
1727	18 
1728	7 
1729	89 
1730	40 
1731	64 
1732	68 
1733	56 
1734	25 
1735	23 
1736	51 
1737	51 
1738	101 
1739	66 
1740	41 
1741	91 
1742	53 
1743	71 
1744	41 
1745	27 
1746	99 
1747	66 
1748	26 
1749	75 
1750	98 
1751	56 
1752	60 
1753	12 
1754	48 
1755	54 
1756	25 
1757	86 
1758	42 
1759	13 
1760	38 
1761	11 
1762	47 
1763	13 
1764	56 
1765	98 
1766	60 
1767	75 
1768	20 
1769	37 
1770	14 
1771	86 
1772	82 
1773	34 
1774	43 
1775	4 
1776	65 
1777	2 
1778	14 
1779	65 
1780	65 
1781	66 
1782	68 
1783	71 
1784	80 
1785	58 
1786	13 
1787	38 
1788	100 
1789	7 
1790	79 
1791	47 
1792	36 
1793	36 
1794	35 
1795	8 
1796	55 
1797	2 
1798	81 
1799	7 
1800	65 
1801	1 
1802	91 
1803	69 
1804	55 
1805	62 
1806	63 
1807	64 
1808	60 
1809	56 
1810	5 
1811	79 
1812	81 
1813	51 
1814	40 
1815	35 
1816	86 
1817	47 
1818	23 
1819	21 
1820	14 
1821	46 
1822	6 
1823	35 
1824	83 
1825	96 
1826	39 
1827	30 
1828	74 
1829	10 
1830	97 
1831	101 
1832	20 
1833	86 
1834	63 
1835	53 
1836	78 
1837	92 
1838	3 
1839	11 
1840	97 
1841	68 
1842	60 
1843	39 
1844	57 
1845	46 
1846	102 
1847	40 
1848	94 
1849	34 
1850	43 
1851	5 
1852	4 
1853	68 
1854	71 
1855	21 
1856	93 
1857	61 
1858	82 
1859	74 
1860	32 
1861	39 
1862	98 
1863	47 
1864	3 
1865	51 
1866	3 
1867	34 
1868	2 
1869	69 
1870	21 
1871	79 
1872	71 
1873	37 
1874	4 
1875	26 
1876	57 
1877	26 
1878	97 
1879	3 
1880	59 
1881	18 
1882	70 
1883	47 
1884	18 
1885	71 
1886	39 
1887	53 
1888	68 
1889	68 
1890	56 
1891	43 
1892	20 
1893	37 
1894	94 
1895	88 
1896	20 
1897	45 
1898	83 
1899	3 
1900	78 
1901	35 
1902	1 
1903	95 
1904	67 
1905	75 
1906	81 
1907	83 
1908	92 
1909	20 
1910	13 
1911	13 
1912	21 
1913	19 
1914	32 
1915	81 
1916	83 
1917	42 
1918	39 
1919	70 
1920	42 
1921	2 
1922	48 
1923	74 
1924	49 
1925	71 
1926	21 
1927	14 
1928	68 
1929	81 
1930	62 
1931	53 
1932	45 
1933	43 
1934	56 
1935	51 
1936	11 
1937	28 
1938	94 
1939	58 
1940	9 
1941	6 
1942	51 
1943	2 
1944	34 
1945	35 
1946	86 
1947	81 
1948	60 
1949	3 
1950	3 
1951	57 
1952	70 
1953	43 
1954	95 
1955	39 
1956	83 
1957	94 
1958	5 
1959	47 
1960	94 
1961	25 
1962	101 
1963	34 
1964	58 
1965	25 
1966	97 
1967	38 
1968	14 
1969	3 
1970	87 
1971	81 
1972	100 
1973	26 
1974	86 
1975	83 
1976	35 
1977	56 
1978	87 
1979	22 
1980	5 
1981	8 
1982	8 
1983	75 
1984	13 
1985	69 
1986	34 
1987	57 
1988	85 
1989	14 
1990	11 
1991	80 
1992	34 
1993	62 
1994	14 
1995	14 
1996	18 
1997	60 
1998	51 
1999	8 
2000	83 
2001	93 
2002	90 
2003	46 
2004	7 
2005	27 
2006	64 
2007	8 
2008	86 
2009	3 
2010	14 
2011	67 
2012	7 
2013	94 
2014	68 
2015	51 
2016	5 
2017	83 
2018	71 
2019	17 
2020	67 
2021	27 
2022	98 
2023	45 
2024	18 
2025	74 
2026	53 
2027	95 
2028	32 
2029	18 
2030	43 
2031	17 
2032	75 
2033	99 
2034	61 
2035	39 
2036	55 
2037	30 
2038	74 
2039	68 
2040	51 
2041	27 
2042	59 
2043	29 
2044	45 
2045	102 
2046	56 
2047	67 
2048	98 
2049	24 
2050	30 
2051	54 
2052	80 
2053	54 
2054	8 
2055	55 
2056	18 
2057	93 
2058	101 
2059	46 
2060	19 
2061	62 
2062	3 
2063	85 
2064	11 
2065	81 
2066	4 
2067	93 
2068	50 
2069	74 
2070	5 
2071	83 
2072	32 
2073	56 
2074	68 
2075	37 
2076	71 
2077	32 
2078	58 
2079	2 
2080	32 
2081	37 
2082	101 
2083	63 
2084	23 
2085	47 
2086	15 
2087	76 
2088	60 
2089	13 
2090	79 
2091	26 
2092	59 
2093	87 
2094	96 
2095	2 
2096	71 
2097	87 
2098	53 
2099	36 
2100	92 
2101	26 
2102	54 
2103	14 
2104	30 
2105	30 
2106	26 
2107	1 
2108	19 
2109	39 
2110	54 
2111	30 
2112	76 
2113	27 
2114	51 
2115	70 
2116	2 
2117	80 
2118	79 
2119	66 
2120	34 
2121	5 
2122	32 
2123	55 
2124	8 
2125	97 
2126	8 
2127	60 
2128	90 
2129	57 
2130	68 
2131	57 
2132	3 
2133	101 
2134	20 
2135	83 
2136	43 
2137	47 
2138	6 
2139	83 
2140	95 
2141	7 
2142	57 
2143	2 
2144	101 
2145	14 
2146	38 
2147	11 
2148	78 
2149	15 
2150	68 
2151	1 
2152	17 
2153	83 
2154	48 
2155	20 
2156	73 
2157	47 
2158	80 
2159	51 
2160	43 
2161	57 
2162	72 
2163	14 
2164	50 
2165	7 
2166	7 
2167	42 
2168	14 
2169	11 
2170	47 
2171	39 
2172	6 
2173	101 
2174	14 
2175	36 
2176	11 
2177	96 
2178	62 
2179	31 
2180	46 
2181	30 
2182	83 
2183	40 
2184	38 
2185	64 
2186	69 
2187	58 
2188	83 
2189	41 
2190	2 
2191	7 
2192	46 
2193	83 
2194	48 
2195	98 
2196	30 
2197	36 
2198	9 
2199	11 
2200	18 
2201	93 
2202	58 
2203	32 
2204	95 
2205	14 
2206	68 
2207	20 
2208	33 
2209	77 
2210	20 
2211	35 
2212	62 
2213	43 
2214	2 
2215	14 
2216	79 
2217	98 
2218	38 
2219	81 
2220	17 
2221	19 
2222	26 
2223	37 
2224	70 
2225	34 
2226	92 
2227	35 
2228	31 
2229	14 
2230	65 
2231	95 
2232	98 
2233	32 
2234	28 
2235	89 
2236	90 
2237	11 
2238	2 
2239	73 
2240	19 
2241	99 
2242	85 
2243	79 
2244	58 
2245	18 
2246	71 
2247	14 
2248	59 
2249	30 
2250	39 
2251	20 
2252	7 
2253	69 
2254	68 
2255	68 
2256	7 
2257	18 
2258	29 
2259	96 
2260	102 
2261	85 
2262	79 
2263	53 
2264	26 
2265	71 
2266	42 
2267	5 
2268	1 
2269	12 
2270	67 
2271	86 
2272	102 
2273	96 
2274	21 
2275	2 
2276	99 
2277	60 
2278	74 
2279	16 
2280	14 
2281	64 
2282	37 
2283	39 
2284	14 
2285	23 
2286	81 
2287	54 
2288	98 
2289	1 
2290	98 
2291	22 
2292	101 
2293	63 
2294	18 
2295	48 
2296	52 
2297	63 
2298	53 
2299	16 
2300	17 
2301	92 
2302	39 
2303	21 
2304	5 
2305	27 
2306	96 
2307	78 
2308	74 
2309	94 
2310	22 
2311	8 
2312	69 
2313	95 
2314	73 
2315	58 
2316	60 
2317	40 
2318	65 
2319	58 
2320	96 
2321	100 
2322	40 
2323	69 
2324	100 
2325	29 
2326	3 
2327	1 
2328	5 
2329	70 
2330	86 
2331	66 
2332	46 
2333	9 
2334	54 
2335	49 
2336	1 
2337	9 
2338	26 
2339	47 
2340	66 
2341	94 
2342	72 
2343	62 
2344	83 
2345	81 
2346	35 
2347	83 
2348	41 
2349	66 
2350	78 
2351	28 
2352	39 
2353	13 
2354	78 
2355	55 
2356	101 
2357	30 
2358	59 
2359	81 
2360	7 
2361	50 
2362	96 
2363	97 
2364	21 
2365	78 
2366	68 
2367	32 
2368	19 
2369	63 
2370	78 
2371	39 
2372	32 
2373	47 
2374	43 
2375	96 
2376	56 
2377	24 
2378	64 
2379	3 
2380	79 
2381	11 
2382	41 
2383	25 
2384	11 
2385	14 
2386	67 
2387	13 
2388	23 
2389	6 
2390	15 
2391	10 
2392	94 
2393	43 
2394	3 
2395	56 
2396	8 
2397	36 
2398	21 
2399	60 
2400	39 
2401	84 
2402	32 
2403	62 
2404	2 
2405	3 
2406	59 
2407	1 
2408	39 
2409	68 
2410	78 
2411	96 
2412	86 
2413	60 
2414	63 
2415	26 
2416	35 
2417	1 
2418	87 
2419	54 
2420	102 
2421	68 
2422	19 
2423	14 
2424	46 
2425	3 
2426	98 
2427	44 
2428	7 
2429	78 
2430	43 
2431	63 
2432	86 
2433	55 
2434	15 
2435	11 
2436	2 
2437	26 
2438	84 
2439	71 
2440	78 
2441	71 
2442	28 
2443	74 
2444	101 
2445	15 
2446	30 
2447	81 
2448	32 
2449	87 
2450	84 
2451	25 
2452	88 
2453	38 
2454	77 
2455	9 
2456	35 
2457	54 
2458	19 
2459	56 
2460	42 
2461	73 
2462	83 
2463	9 
2464	65 
2465	9 
2466	8 
2467	8 
2468	81 
2469	95 
2470	96 
2471	31 
2472	93 
2473	8 
2474	48 
2475	35 
2476	78 
2477	84 
2478	8 
2479	65 
2480	63 
2481	45 
2482	18 
2483	78 
2484	78 
2485	43 
2486	8 
2487	56 
2488	28 
2489	9 
2490	82 
2491	81 
2492	58 
2493	100 
2494	4 
2495	49 
2496	11 
2497	38 
2498	2 
2499	81 
2500	5 
2501	37 
2502	10 
2503	59 
2504	1 
2505	68 
2506	39 
2507	98 
2508	29 
2509	26 
2510	47 
2511	94 
2512	34 
2513	69 
2514	57 
2515	47 
2516	68 
2517	30 
2518	86 
2519	25 
2520	71 
2521	58 
2522	56 
2523	79 
2524	96 
2525	48 
2526	60 
2527	72 
2528	64 
2529	47 
2530	63 
2531	97 
2532	31 
2533	2 
2534	90 
2535	4 
2536	81 
2537	47 
2538	76 
2539	16 
2540	65 
2541	71 
2542	100 
2543	19 
2544	1 
2545	58 
2546	70 
2547	94 
2548	34 
2549	53 
2550	51 
2551	75 
2552	18 
2553	49 
2554	32 
2555	1 
2556	51 
2557	53 
2558	90 
2559	34 
2560	83 
2561	87 
2562	29 
2563	26 
2564	73 
2565	18 
2566	44 
2567	56 
2568	101 
2569	98 
2570	24 
2571	21 
2572	94 
2573	80 
2574	1 
2575	65 
2576	78 
2577	66 
2578	55 
2579	11 
2580	39 
2581	59 
2582	9 
2583	81 
2584	87 
2585	94 
2586	24 
2587	46 
2588	86 
2589	47 
2590	80 
2591	43 
2592	79 
2593	14 
2594	48 
2595	47 
2596	76 
2597	14 
2598	71 
2599	102 
2600	101 
2601	76 
2602	57 
2603	53 
2604	16 
2605	97 
2606	74 
2607	78 
2608	58 
2609	57 
2610	61 
2611	100 
2612	75 
2613	38 
2614	56 
2615	70 
2616	34 
2617	77 
2618	33 
2619	58 
2620	16 
2621	32 
2622	58 
2623	60 
2624	84 
2625	12 
2626	93 
2627	26 
2628	84 
2629	82 
2630	3 
2631	65 
2632	14 
2633	35 
2634	100 
2635	19 
2636	43 
2637	78 
2638	90 
2639	93 
2640	100 
2641	39 
2642	79 
2643	4 
2644	60 
2645	4 
2646	64 
2647	51 
2648	35 
2649	91 
2650	1 
2651	60 
2652	19 
2653	32 
2654	75 
2655	54 
2656	56 
2657	59 
2658	86 
2659	57 
2660	64 
2661	71 
2662	36 
2663	10 
2664	1 
2665	56 
2666	102 
2667	21 
2668	74 
2669	96 
2670	61 
2671	44 
2672	56 
2673	30 
2674	13 
2675	98 
2676	95 
2677	35 
2678	87 
2679	74 
2680	39 
2681	11 
2682	35 
2683	51 
2684	47 
2685	51 
2686	63 
2687	99 
2688	67 
2689	49 
2690	102 
2691	41 
2692	93 
2693	5 
2694	95 
2695	43 
2696	94 
2697	46 
2698	64 
2699	90 
2700	71 
2701	81 
2702	96 
2703	98 
2704	32 
2705	34 
2706	16 
2707	98 
2708	68 
2709	81 
2710	102 
2711	47 
2712	81 
2713	90 
2714	1 
2715	51 
2716	54 
2717	57 
2718	81 
2719	47 
2720	81 
2721	55 
2722	63 
2723	61 
2724	23 
2725	59 
2726	33 
2727	86 
2728	35 
2729	71 
2730	101 
2731	71 
2732	35 
2733	4 
2734	2 
2735	58 
2736	64 
2737	56 
2738	34 
2739	81 
2740	30 
2741	83 
2742	96 
2743	92 
2744	92 
2745	47 
2746	98 
2747	22 
2748	30 
2749	26 
2750	63 
2751	32 
2752	31 
2753	30 
2754	51 
2755	23 
2756	35 
2757	28 
2758	101 
2759	87 
2760	59 
2761	33 
2762	63 
2763	8 
2764	18 
2765	68 
2766	7 
2767	22 
2768	52 
2769	3 
2770	47 
2771	55 
2772	86 
2773	1 
2774	50 
2775	74 
2776	32 
2777	99 
2778	19 
2779	13 
2780	63 
2781	14 
2782	66 
2783	53 
2784	11 
2785	80 
2786	58 
2787	29 
2788	1 
2789	48 
2790	62 
2791	37 
2792	76 
2793	87 
2794	43 
2795	21 
2796	58 
2797	6 
2798	74 
2799	89 
2800	81 
2801	42 
2802	19 
2803	100 
2804	21 
2805	8 
2806	2 
2807	45 
2808	7 
2809	8 
2810	26 
2811	59 
2812	11 
2813	45 
2814	35 
2815	56 
2816	75 
2817	89 
2818	47 
2819	64 
2820	66 
2821	51 
2822	26 
2823	2 
2824	54 
2825	43 
2826	3 
2827	3 
2828	47 
2829	80 
2830	17 
2831	8 
2832	95 
2833	96 
2834	64 
2835	34 
2836	68 
2837	57 
2838	100 
2839	8 
2840	101 
2841	81 
2842	58 
2843	33 
2844	101 
2845	83 
2846	97 
2847	47 
2848	70 
2849	65 
2850	77 
2851	78 
2852	71 
2853	9 
2854	101 
2855	53 
2856	54 
2857	23 
2858	4 
2859	99 
2860	94 
2861	99 
2862	7 
2863	14 
2864	21 
2865	78 
2866	53 
2867	9 
2868	18 
2869	11 
2870	62 
2871	84 
2872	48 
2873	98 
2874	35 
2875	32 
2876	52 
2877	67 
2878	9 
2879	51 
2880	65 
2881	49 
2882	4 
2883	47 
2884	35 
2885	43 
2886	21 
2887	71 
2888	38 
2889	6 
2890	23 
2891	92 
2892	98 
2893	2 
2894	32 
2895	74 
2896	29 
2897	11 
2898	56 
2899	35 
2900	58 
2901	8 
2902	95 
2903	42 
2904	101 
2905	6 
2906	83 
2907	81 
2908	100 
2909	11 
2910	55 
2911	43 
2912	57 
2913	57 
2914	67 
2915	51 
2916	64 
2917	94 
2918	47 
2919	55 
2920	94 
2921	73 
2922	76 
2923	71 
2924	48 
2925	61 
2926	11 
2927	66 
2928	94 
2929	35 
2930	18 
2931	55 
2932	61 
2933	56 
2934	101 
2935	86 
2936	9 
2937	86 
2938	70 
2939	68 
2940	56 
2941	68 
2942	24 
2943	86 
2944	29 
2945	2 
2946	93 
2947	20 
2948	71 
2949	76 
2950	2 
2951	5 
2952	79 
2953	30 
2954	46 
2955	4 
2956	56 
2957	41 
2958	94 
2959	93 
2960	64 
2961	58 
2962	6 
2963	64 
2964	57 
2965	47 
2966	83 
2967	53 
2968	3 
2969	90 
2970	78 
2971	28 
2972	56 
2973	6 
2974	101 
2975	92 
2976	75 
2977	41 
2978	27 
2979	38 
2980	20 
2981	91 
2982	86 
2983	12 
2984	102 
2985	54 
2986	98 
2987	35 
2988	2 
2989	11 
2990	50 
2991	80 
2992	50 
2993	39 
2994	78 
2995	26 
2996	92 
2997	7 
2998	74 
2999	41 
3000	66 
3001	98 
3002	66 
3003	43 
3004	35 
3005	47 
3006	8 
3007	99 
3008	85 
3009	75 
3010	38 
3011	56 
3012	56 
3013	102 
3014	91 
3015	13 
3016	56 
3017	63 
3018	55 
3019	93 
3020	9 
3021	88 
3022	56 
3023	13 
3024	94 
3025	54 
3026	32 
3027	68 
3028	101 
3029	65 
3030	70 
3031	57 
3032	71 
3033	98 
3034	78 
3035	66 
3036	98 
3037	32 
3038	39 
3039	54 
3040	22 
3041	54 
3042	54 
3043	14 
3044	68 
3045	22 
3046	54 
3047	16 
3048	86 
3049	87 
3050	71 
3051	35 
3052	73 
3053	65 
3054	5 
3055	94 
3056	32 
3057	102 
3058	32 
3059	41 
3060	11 
3061	69 
3062	30 
3063	70 
3064	86 
3065	6 
3066	51 
3067	90 
3068	2 
3069	8 
3070	64 
3071	32 
3072	16 
3073	74 
3074	48 
3075	42 
3076	58 
3077	11 
3078	24 
3079	26 
3080	18 
3081	98 
3082	94 
3083	7 
3084	102 
3085	68 
3086	62 
3087	63 
3088	9 
3089	56 
3090	13 
3091	2 
3092	54 
3093	70 
3094	47 
3095	3 
3096	53 
3097	35 
3098	4 
3099	66 
3100	84 
3101	8 
3102	4 
3103	55 
3104	16 
3105	9 
3106	50 
3107	54 
3108	90 
3109	23 
3110	95 
3111	98 
3112	21 
3113	58 
3114	13 
3115	102 
3116	78 
3117	69 
3118	12 
3119	87 
3120	54 
3121	35 
3122	6 
3123	91 
3124	54 
3125	71 
3126	76 
3127	11 
3128	39 
3129	37 
3130	74 
3131	25 
3132	3 
3133	51 
3134	63 
3135	12 
3136	15 
3137	54 
3138	6 
3139	86 
3140	32 
3141	99 
3142	3 
3143	75 
3144	30 
3145	14 
3146	7 
3147	39 
3148	32 
3149	47 
3150	28 
3151	8 
3152	35 
3153	56 
3154	70 
3155	9 
3156	57 
3157	32 
3158	102 
3159	55 
3160	70 
3161	99 
3162	57 
3163	98 
3164	26 
3165	94 
3166	6 
3167	5 
3168	71 
3169	14 
3170	6 
3171	55 
3172	42 
3173	35 
3174	62 
3175	26 
3176	98 
3177	7 
3178	11 
3179	62 
3180	83 
3181	81 
3182	46 
3183	11 
3184	58 
3185	34 
3186	95 
3187	68 
3188	102 
3189	88 
3190	58 
3191	12 
3192	75 
3193	100 
3194	20 
3195	67 
3196	9 
3197	53 
3198	3 
3199	75 
3200	65 
3201	63 
3202	51 
3203	83 
3204	20 
3205	24 
3206	8 
3207	51 
3208	9 
3209	29 
3210	60 
3211	56 
3212	56 
3213	3 
3214	51 
3215	47 
3216	76 
3217	96 
3218	48 
3219	59 
3220	50 
3221	30 
3222	96 
3223	16 
3224	85 
3225	94 
3226	14 
3227	57 
3228	53 
3229	54 
3230	34 
3231	58 
3232	16 
3233	70 
3234	91 
3235	70 
3236	93 
3237	64 
3238	101 
3239	102 
3240	13 
3241	2 
3242	26 
3243	84 
3244	95 
3245	14 
3246	37 
3247	97 
3248	81 
3249	59 
3250	68 
3251	2 
3252	96 
3253	78 
3254	53 
3255	4 
3256	72 
3257	8 
3258	19 
3259	14 
3260	82 
3261	95 
3262	15 
3263	53 
3264	70 
3265	71 
3266	53 
3267	2 
3268	66 
3269	54 
3270	74 
3271	45 
3272	75 
3273	80 
3274	8 
3275	68 
3276	56 
3277	53 
3278	16 
3279	56 
3280	3 
3281	95 
3282	60 
3283	56 
3284	26 
3285	71 
3286	34 
3287	75 
3288	101 
3289	94 
3290	74 
3291	96 
3292	3 
3293	83 
3294	45 
3295	80 
3296	35 
3297	32 
3298	54 
3299	26 
3300	32 
3301	83 
3302	68 
3303	84 
3304	51 
3305	55 
3306	37 
3307	66 
3308	61 
3309	101 
3310	34 
3311	44 
3312	48 
3313	30 
3314	51 
3315	100 
3316	38 
3317	81 
3318	54 
3319	19 
3320	37 
3321	47 
3322	80 
3323	19 
3324	81 
3325	19 
3326	14 
3327	21 
3328	98 
3329	4 
3330	101 
3331	85 
3332	21 
3333	94 
3334	13 
3335	48 
3336	93 
3337	62 
3338	58 
3339	100 
3340	18 
3341	99 
3342	14 
3343	34 
3344	50 
3345	95 
3346	68 
3347	2 
3348	42 
3349	81 
3350	86 
3351	26 
3352	28 
3353	88 
3354	15 
3355	84 
3356	78 
3357	94 
3358	49 
3359	14 
3360	35 
3361	58 
3362	29 
3363	101 
3364	91 
3365	81 
3366	72 
3367	63 
3368	65 
3369	74 
3370	34 
3371	91 
3372	55 
3373	22 
3374	53 
3375	101 
3376	30 
3377	94 
3378	18 
3379	3 
3380	30 
3381	3 
3382	82 
3383	62 
3384	22 
3385	85 
3386	95 
3387	25 
3388	13 
3389	24 
3390	74 
3391	8 
3392	15 
3393	8 
3394	58 
3395	3 
3396	64 
3397	53 
3398	23 
3399	6 
3400	68 
3401	73 
3402	10 
3403	75 
3404	53 
3405	84 
3406	4 
3407	37 
3408	68 
3409	101 
3410	29 
3411	19 
3412	71 
3413	59 
3414	7 
3415	34 
3416	98 
3417	19 
3418	63 
3419	102 
3420	34 
3421	58 
3422	43 
3423	33 
3424	84 
3425	63 
3426	74 
3427	86 
3428	101 
3429	58 
3430	29 
3431	56 
3432	54 
3433	68 
3434	68 
3435	60 
3436	56 
3437	9 
3438	55 
3439	17 
3440	76 
3441	32 
3442	18 
3443	54 
3444	72 
3445	51 
3446	87 
3447	89 
3448	66 
3449	98 
3450	14 
3451	34 
3452	18 
3453	43 
3454	13 
3455	81 
3456	58 
3457	66 
3458	30 
3459	18 
3460	32 
3461	33 
3462	43 
3463	71 
3464	53 
3465	58 
3466	81 
3467	98 
3468	53 
3469	46 
3470	78 
3471	7 
3472	7 
3473	35 
3474	34 
3475	93 
3476	48 
3477	65 
3478	83 
3479	81 
3480	4 
3481	100 
3482	35 
3483	63 
3484	22 
3485	78 
3486	31 
3487	83 
3488	9 
3489	7 
3490	2 
3491	56 
3492	18 
3493	55 
3494	85 
3495	43 
3496	51 
3497	14 
3498	41 
3499	45 
3500	29 
3501	43 
3502	68 
3503	51 
3504	55 
3505	87 
3506	26 
3507	57 
3508	86 
3509	80 
3510	62 
3511	16 
3512	14 
3513	18 
3514	46 
3515	60 
3516	26 
3517	46 
3518	54 
3519	55 
3520	1 
3521	83 
3522	83 
3523	36 
3524	51 
3525	59 
3526	36 
3527	71 
3528	26 
3529	78 
3530	19 
3531	99 
3532	36 
3533	71 
3534	35 
3535	56 
3536	76 
3537	83 
3538	86 
3539	85 
3540	3 
3541	89 
3542	33 
3543	78 
3544	52 
3545	13 
3546	70 
3547	46 
3548	64 
3549	30 
3550	83 
3551	33 
3552	68 
3553	7 
3554	8 
3555	24 
3556	47 
3557	57 
3558	3 
3559	81 
3560	85 
3561	28 
3562	17 
3563	101 
3564	41 
3565	48 
3566	32 
3567	101 
3568	28 
3569	87 
3570	84 
3571	32 
3572	71 
3573	7 
3574	83 
3575	59 
3576	3 
3577	60 
3578	59 
3579	63 
3580	19 
3581	24 
3582	3 
3583	6 
3584	14 
3585	68 
3586	74 
3587	42 
3588	36 
3589	86 
3590	25 
3591	100 
3592	59 
3593	92 
3594	35 
3595	48 
3596	35 
3597	86 
3598	83 
3599	27 
3600	60 
3601	31 
3602	30 
3603	52 
3604	14 
3605	98 
3606	31 
3607	81 
3608	64 
3609	43 
3610	8 
3611	6 
3612	80 
3613	32 
3614	1 
3615	58 
3616	35 
3617	6 
3618	43 
3619	23 
3620	56 
3621	63 
3622	2 
3623	92 
3624	88 
3625	60 
3626	63 
3627	16 
3628	49 
3629	64 
3630	15 
3631	11 
3632	30 
3633	62 
3634	35 
3635	68 
3636	36 
3637	71 
3638	63 
3639	7 
3640	81 
3641	35 
3642	58 
3643	51 
3644	71 
3645	7 
3646	56 
3647	26 
3648	26 
3649	4 
3650	86 
3651	52 
3652	8 
3653	68 
3654	12 
3655	56 
3656	77 
3657	25 
3658	1 
3659	46 
3660	92 
3661	41 
3662	51 
3663	68 
3664	33 
3665	64 
3666	90 
3667	89 
3668	67 
3669	60 
3670	54 
3671	88 
3672	97 
3673	63 
3674	97 
3675	45 
3676	81 
3677	80 
3678	39 
3679	83 
3680	83 
3681	85 
3682	87 
3683	2 
3684	33 
3685	82 
3686	89 
3687	81 
3688	59 
3689	87 
3690	47 
3691	35 
3692	2 
3693	11 
3694	6 
3695	7 
3696	98 
3697	40 
3698	18 
3699	57 
3700	46 
3701	52 
3702	2 
3703	11 
3704	18 
3705	80 
3706	70 
3707	86 
3708	35 
3709	53 
3710	74 
3711	11 
3712	72 
3713	22 
3714	95 
3715	100 
3716	71 
3717	8 
3718	91 
3719	98 
3720	46 
3721	87 
3722	98 
3723	22 
3724	95 
3725	66 
3726	54 
3727	9 
3728	98 
3729	16 
3730	16 
3731	20 
3732	47 
3733	3 
3734	51 
3735	19 
3736	59 
3737	96 
3738	54 
3739	85 
3740	34 
3741	69 
3742	68 
3743	56 
3744	80 
3745	47 
3746	54 
3747	43 
3748	28 
3749	60 
3750	22 
3751	52 
3752	4 
3753	63 
3754	26 
3755	34 
3756	6 
3757	71 
3758	72 
3759	97 
3760	43 
3761	9 
3762	72 
3763	96 
3764	35 
3765	10 
3766	18 
3767	87 
3768	2 
3769	18 
3770	101 
3771	21 
3772	32 
3773	73 
3774	86 
3775	93 
3776	32 
3777	12 
3778	19 
3779	32 
3780	27 
3781	78 
3782	73 
3783	26 
3784	8 
3785	63 
3786	93 
3787	65 
3788	32 
3789	1 
3790	70 
3791	35 
3792	63 
3793	72 
3794	37 
3795	53 
3796	100 
3797	60 
3798	21 
3799	52 
3800	11 
3801	53 
3802	48 
3803	62 
3804	55 
3805	78 
3806	74 
3807	63 
3808	66 
3809	101 
3810	36 
3811	8 
3812	21 
3813	58 
3814	56 
3815	63 
3816	56 
3817	56 
3818	77 
3819	26 
3820	39 
3821	2 
3822	62 
3823	77 
3824	1 
3825	58 
3826	41 
3827	15 
3828	26 
3829	48 
3830	9 
3831	98 
3832	11 
3833	21 
3834	57 
3835	66 
3836	74 
3837	8 
3838	75 
3839	42 
3840	32 
3841	26 
3842	37 
3843	92 
3844	94 
3845	2 
3846	39 
3847	101 
3848	45 
3849	37 
3850	67 
3851	75 
3852	9 
3853	46 
3854	18 
3855	60 
3856	88 
3857	96 
3858	62 
3859	8 
3860	14 
3861	3 
3862	51 
3863	29 
3864	97 
3865	79 
3866	66 
3867	42 
3868	66 
3869	8 
3870	83 
3871	50 
3872	47 
3873	71 
3874	35 
3875	76 
3876	34 
3877	49 
3878	54 
3879	35 
3880	7 
3881	2 
3882	27 
3883	90 
3884	92 
3885	35 
3886	58 
3887	38 
3888	14 
3889	58 
3890	95 
3891	98 
3892	101 
3893	87 
3894	70 
3895	32 
3896	84 
3897	96 
3898	39 
3899	64 
3900	63 
3901	32 
3902	5 
3903	47 
3904	54 
3905	95 
3906	90 
3907	56 
3908	25 
3909	12 
3910	86 
3911	65 
3912	74 
3913	1 
3914	98 
3915	34 
3916	63 
3917	43 
3918	20 
3919	68 
3920	78 
3921	11 
3922	14 
3923	70 
3924	25 
3925	27 
3926	62 
3927	70 
3928	60 
3929	3 
3930	5 
3931	30 
3932	47 
3933	14 
3934	15 
3935	24 
3936	80 
3937	92 
3938	81 
3939	14 
3940	39 
3941	29 
3942	97 
3943	3 
3944	74 
3945	11 
3946	56 
3947	22 
3948	30 
3949	86 
3950	35 
3951	4 
3952	9 
3953	79 
3954	71 
3955	66 
3956	6 
3957	60 
3958	18 
3959	56 
3960	79 
3961	87 
3962	14 
3963	40 
3964	7 
3965	6 
3966	7 
3967	98 
3968	51 
3969	48 
3970	18 
3971	18 
3972	101 
3973	86 
3974	42 
3975	71 
3976	70 
3977	58 
3978	59 
3979	20 
3980	18 
3981	100 
3982	18 
3983	72 
3984	86 
3985	57 
3986	37 
3987	91 
3988	13 
3989	37 
3990	9 
3991	100 
3992	5 
3993	30 
3994	73 
3995	41 
3996	65 
3997	65 
3998	57 
3999	59 
4000	14 
4001	63 
4002	53 
4003	60 
4004	23 
4005	101 
4006	55 
4007	98 
4008	59 
4009	101 
4010	37 
4011	2 
4012	102 
4013	75 
4014	60 
4015	34 
4016	98 
4017	43 
4018	101 
4019	18 
4020	12 
4021	83 
4022	3 
4023	102 
4024	1 
4025	2 
4026	86 
4027	63 
4028	52 
4029	8 
4030	57 
4031	26 
4032	78 
4033	2 
4034	72 
4035	1 
4036	6 
4037	38 
4038	67 
4039	32 
4040	32 
4041	36 
4042	83 
4043	78 
4044	48 
4045	97 
4046	55 
4047	43 
4048	71 
4049	87 
4050	49 
4051	51 
4052	3 
4053	31 
4054	18 
4055	43 
4056	99 
4057	59 
4058	86 
4059	38 
4060	91 
4061	29 
4062	83 
4063	36 
4064	87 
4065	30 
4066	34 
4067	54 
4068	92 
4069	78 
4070	88 
4071	83 
4072	6 
4073	23 
4074	36 
4075	78 
4076	39 
4077	7 
4078	43 
4079	48 
4080	53 
4081	71 
4082	8 
4083	67 
4084	54 
4085	102 
4086	89 
4087	58 
4088	58 
4089	62 
4090	38 
4091	50 
4092	6 
4093	74 
4094	35 
4095	32 
4096	18 
4097	73 
4098	98 
4099	10 
4100	87 
4101	102 
4102	6 
4103	1 
4104	82 
4105	9 
4106	94 
4107	51 
4108	34 
4109	21 
4110	18 
4111	87 
4112	15 
4113	96 
4114	14 
4115	54 
4116	97 
4117	3 
4118	32 
4119	46 
4120	15 
4121	57 
4122	76 
4123	16 
4124	68 
4125	94 
4126	44 
4127	8 
4128	81 
4129	54 
4130	35 
4131	32 
4132	4 
4133	32 
4134	39 
4135	11 
4136	79 
4137	97 
4138	71 
4139	18 
4140	72 
4141	82 
4142	82 
4143	61 
4144	43 
4145	51 
4146	65 
4147	94 
4148	43 
4149	65 
4150	100 
4151	98 
4152	102 
4153	55 
4154	94 
4155	75 
4156	56 
4157	73 
4158	56 
4159	62 
4160	58 
4161	55 
4162	26 
4163	76 
4164	56 
4165	39 
4166	26 
4167	68 
4168	80 
4169	78 
4170	98 
4171	50 
4172	54 
4173	48 
4174	10 
4175	63 
4176	25 
4177	26 
4178	74 
4179	28 
4180	51 
4181	78 
4182	66 
4183	25 
4184	99 
4185	63 
4186	30 
4187	3 
4188	97 
4189	101 
4190	78 
4191	45 
4192	81 
4193	3 
4194	76 
4195	44 
4196	63 
4197	32 
4198	1 
4199	54 
4200	7 
4201	6 
4202	32 
4203	47 
4204	3 
4205	63 
4206	54 
4207	22 
4208	47 
4209	37 
4210	29 
4211	31 
4212	61 
4213	57 
4214	71 
4215	81 
4216	72 
4217	89 
4218	102 
4219	54 
4220	3 
4221	66 
4222	44 
4223	34 
4224	29 
4225	74 
4226	20 
4227	87 
4228	71 
4229	64 
4230	51 
4231	59 
4232	11 
4233	34 
4234	72 
4235	63 
4236	77 
4237	84 
4238	30 
4239	56 
4240	19 
4241	20 
4242	19 
4243	1 
4244	77 
4245	14 
4246	87 
4247	2 
4248	57 
4249	18 
4250	81 
4251	14 
4252	57 
4253	77 
4254	68 
4255	20 
4256	101 
4257	1 
4258	64 
4259	2 
4260	35 
4261	54 
4262	36 
4263	39 
4264	93 
4265	22 
4266	61 
4267	32 
4268	68 
4269	68 
4270	62 
4271	25 
4272	101 
4273	65 
4274	4 
4275	78 
4276	82 
4277	15 
4278	44 
4279	57 
4280	35 
4281	56 
4282	68 
4283	102 
4284	67 
4285	86 
4286	89 
4287	37 
4288	64 
4289	35 
4290	62 
4291	92 
4292	86 
4293	51 
4294	70 
4295	80 
4296	18 
4297	51 
4298	30 
4299	58 
4300	7 
4301	59 
4302	55 
4303	94 
4304	56 
4305	24 
4306	55 
4307	59 
4308	6 
4309	30 
4310	68 
4311	83 
4312	2 
4313	96 
4314	85 
4315	101 
4316	72 
4317	22 
4318	64 
4319	94 
4320	29 
4321	81 
4322	102 
4323	9 
4324	13 
4325	11 
4326	98 
4327	47 
4328	13 
4329	15 
4330	81 
4331	86 
4332	2 
4333	62 
4334	32 
4335	21 
4336	26 
4337	18 
4338	65 
4339	93 
4340	9 
4341	11 
4342	77 
4343	30 
4344	34 
4345	83 
4346	18 
4347	4 
4348	81 
4349	5 
4350	98 
4351	12 
4352	101 
4353	48 
4354	3 
4355	102 
4356	42 
4357	68 
4358	86 
4359	22 
4360	6 
4361	3 
4362	56 
4363	11 
4364	35 
4365	75 
4366	27 
4367	51 
4368	3 
4369	44 
4370	43 
4371	98 
4372	39 
4373	66 
4374	32 
4375	98 
4376	8 
4377	28 
4378	43 
4379	56 
4380	56 
4381	81 
4382	47 
4383	79 
4384	35 
4385	82 
4386	47 
4387	68 
4388	11 
4389	64 
4390	42 
4391	93 
4392	14 
4393	102 
4394	94 
4395	62 
4396	57 
4397	18 
4398	4 
4399	52 
4400	2 
4401	49 
4402	75 
4403	54 
4404	95 
4405	82 
4406	7 
4407	34 
4408	56 
4409	22 
4410	58 
4411	44 
4412	59 
4413	26 
4414	74 
4415	50 
4416	44 
4417	38 
4418	32 
4419	3 
4420	81 
4421	34 
4422	87 
4423	55 
4424	91 
4425	55 
4426	60 
4427	83 
4428	58 
4429	51 
4430	83 
4431	54 
4432	71 
4433	89 
4434	60 
4435	8 
4436	47 
4437	18 
4438	61 
4439	68 
4440	59 
4441	34 
4442	85 
4443	29 
4444	62 
4445	76 
4446	48 
4447	98 
4448	47 
4449	62 
4450	24 
4451	47 
4452	34 
4453	57 
4454	30 
4455	45 
4456	68 
4457	57 
4458	24 
4459	71 
4460	2 
4461	8 
4462	35 
4463	92 
4464	7 
4465	99 
4466	51 
4467	20 
4468	47 
4469	53 
4470	2 
4471	3 
4472	48 
4473	56 
4474	54 
4475	35 
4476	86 
4477	67 
4478	47 
4479	101 
4480	9 
4481	40 
4482	61 
4483	3 
4484	91 
4485	18 
4486	94 
4487	84 
4488	4 
4489	71 
4490	61 
4491	54 
4492	47 
4493	66 
4494	56 
4495	7 
4496	79 
4497	59 
4498	68 
4499	21 
4500	3 
4501	7 
4502	54 
4503	30 
4504	95 
4505	101 
4506	67 
4507	36 
4508	64 
4509	47 
4510	54 
4511	44 
4512	2 
4513	34 
4514	15 
4515	96 
4516	14 
4517	58 
4518	87 
4519	7 
4520	87 
4521	58 
4522	71 
4523	63 
4524	38 
4525	28 
4526	37 
4527	81 
4528	83 
4529	9 
4530	102 
4531	56 
4532	1 
4533	69 
4534	101 
4535	14 
4536	51 
4537	94 
4538	101 
4539	54 
4540	57 
4541	90 
4542	74 
4543	58 
4544	14 
4545	7 
4546	13 
4547	18 
4548	1 
4549	71 
4550	29 
4551	32 
4552	6 
4553	19 
4554	46 
4555	99 
4556	64 
4557	101 
4558	101 
4559	80 
4560	36 
4561	56 
4562	65 
4563	65 
4564	98 
4565	35 
4566	43 
4567	17 
4568	62 
4569	56 
4570	6 
4571	18 
4572	58 
4573	8 
4574	6 
4575	11 
4576	94 
4577	16 
4578	46 
4579	25 
4580	52 
4581	30 
4582	40 
4583	70 
4584	51 
4585	36 
4586	53 
4587	102 
4588	40 
4589	14 
4590	101 
4591	71 
4592	14 
4593	81 
4594	102 
4595	62 
4596	3 
4597	81 
4598	51 
4599	17 
4600	24 
4601	101 
4602	35 
4603	57 
4604	57 
4605	38 
4606	11 
4607	2 
4608	86 
4609	90 
4610	85 
4611	82 
4612	33 
4613	66 
4614	4 
4615	74 
4616	39 
4617	96 
4618	66 
4619	56 
4620	37 
4621	67 
4622	66 
4623	57 
4624	6 
4625	75 
4626	96 
4627	38 
4628	11 
4629	20 
4630	21 
4631	14 
4632	38 
4633	60 
4634	56 
4635	9 
4636	80 
4637	6 
4638	19 
4639	14 
4640	78 
4641	38 
4642	48 
4643	27 
4644	29 
4645	7 
4646	78 
4647	59 
4648	57 
4649	14 
4650	25 
4651	85 
4652	6 
4653	96 
4654	47 
4655	1 
4656	78 
4657	22 
4658	58 
4659	62 
4660	25 
4661	63 
4662	26 
4663	63 
4664	64 
4665	94 
4666	66 
4667	9 
4668	44 
4669	71 
4670	35 
4671	7 
4672	18 
4673	102 
4674	79 
4675	34 
4676	1 
4677	51 
4678	71 
4679	66 
4680	83 
4681	33 
4682	94 
4683	96 
4684	64 
4685	53 
4686	64 
4687	86 
4688	16 
4689	87 
4690	16 
4691	59 
4692	12 
4693	41 
4694	10 
4695	14 
4696	79 
4697	63 
4698	81 
4699	102 
4700	34 
4701	68 
4702	24 
4703	47 
4704	64 
4705	43 
4706	69 
4707	17 
4708	41 
4709	6 
4710	71 
4711	68 
4712	9 
4713	56 
4714	84 
4715	32 
4716	44 
4717	37 
4718	55 
4719	14 
4720	47 
4721	19 
4722	63 
4723	31 
4724	98 
4725	71 
4726	89 
4727	86 
4728	48 
4729	4 
4730	65 
4731	18 
4732	51 
4733	10 
4734	68 
4735	8 
4736	14 
4737	60 
4738	11 
4739	57 
4740	83 
4741	3 
4742	63 
4743	87 
4744	75 
4745	38 
4746	2 
4747	57 
4748	39 
4749	71 
4750	85 
4751	81 
4752	22 
4753	69 
4754	26 
4755	21 
4756	83 
4757	30 
4758	54 
4759	18 
4760	56 
4761	3 
4762	14 
4763	94 
4764	19 
4765	98 
4766	45 
4767	81 
4768	3 
4769	49 
4770	6 
4771	54 
4772	8 
4773	57 
4774	15 
4775	26 
4776	80 
4777	71 
4778	33 
4779	54 
4780	68 
4781	3 
4782	71 
4783	21 
4784	6 
4785	26 
4786	59 
4787	62 
4788	26 
4789	98 
4790	30 
4791	18 
4792	19 
4793	81 
4794	46 
4795	88 
4796	31 
4797	72 
4798	42 
4799	3 
4800	54 
4801	22 
4802	92 
4803	3 
4804	68 
4805	32 
4806	21 
4807	39 
4808	30 
4809	62 
4810	29 
4811	64 
4812	47 
4813	88 
4814	47 
4815	83 
4816	99 
4817	77 
4818	73 
4819	102 
4820	8 
4821	62 
4822	95 
4823	32 
4824	18 
4825	3 
4826	73 
4827	53 
4828	6 
4829	81 
4830	47 
4831	95 
4832	39 
4833	88 
4834	34 
4835	83 
4836	51 
4837	2 
4838	44 
4839	9 
4840	17 
4841	60 
4842	66 
4843	61 
4844	51 
4845	100 
4846	75 
4847	41 
4848	66 
4849	18 
4850	6 
4851	48 
4852	6 
4853	32 
4854	43 
4855	54 
4856	47 
4857	43 
4858	6 
4859	42 
4860	11 
4861	3 
4862	31 
4863	26 
4864	66 
4865	49 
4866	86 
4867	54 
4868	83 
4869	81 
4870	18 
4871	8 
4872	96 
4873	17 
4874	20 
4875	63 
4876	51 
4877	86 
4878	100 
4879	48 
4880	22 
4881	61 
4882	92 
4883	19 
4884	58 
4885	53 
4886	3 
4887	5 
4888	16 
4889	1 
4890	8 
4891	32 
4892	60 
4893	32 
4894	95 
4895	47 
4896	97 
4897	1 
4898	35 
4899	68 
4900	9 
4901	65 
4902	62 
4903	68 
4904	3 
4905	62 
4906	54 
4907	95 
4908	3 
4909	21 
4910	38 
4911	29 
4912	101 
4913	34 
4914	54 
4915	74 
4916	67 
4917	25 
4918	17 
4919	95 
4920	4 
4921	89 
4922	48 
4923	27 
4924	23 
4925	41 
4926	26 
4927	34 
4928	59 
4929	8 
4930	68 
4931	56 
4932	7 
4933	56 
4934	36 
4935	35 
4936	101 
4937	97 
4938	30 
4939	12 
4940	86 
4941	75 
4942	33 
4943	29 
4944	55 
4945	45 
4946	51 
4947	7 
4948	66 
4949	59 
4950	66 
4951	8 
4952	85 
4953	70 
4954	63 
4955	31 
4956	63 
4957	64 
4958	56 
4959	8 
4960	64 
4961	94 
4962	23 
4963	52 
4964	82 
4965	27 
4966	57 
4967	44 
4968	60 
4969	71 
4970	10 
4971	3 
4972	59 
4973	60 
4974	61 
4975	10 
4976	23 
4977	98 
4978	71 
4979	44 
4980	66 
4981	66 
4982	39 
4983	68 
4984	59 
4985	35 
4986	67 
4987	18 
4988	43 
4989	66 
4990	51 
4991	30 
4992	27 
4993	98 
4994	85 
4995	94 
4996	63 
4997	40 
4998	58 
4999	41 
5000	63 
