1	67 
2	49 
3	70 
4	98 
5	78 
6	35 
7	14 
8	23 
9	53 
10	88 
11	6 
12	77 
13	15 
14	79 
15	41 
16	79 
17	39 
18	1 
19	79 
20	82 
21	70 
22	77 
23	46 
24	18 
25	33 
26	72 
27	69 
28	53 
29	38 
30	6 
31	11 
32	65 
33	48 
34	72 
35	41 
36	68 
37	76 
38	15 
39	73 
40	96 
41	84 
42	59 
43	48 
44	12 
45	94 
46	76 
47	15 
48	90 
49	8 
50	83 
51	94 
52	26 
53	36 
54	4 
55	1 
56	34 
57	41 
58	64 
59	89 
60	62 
61	89 
62	75 
63	48 
64	34 
65	81 
66	70 
67	84 
68	91 
69	5 
70	54 
71	98 
72	35 
73	63 
74	54 
75	51 
76	42 
77	76 
78	57 
79	56 
80	63 
81	53 
82	11 
83	34 
84	59 
85	3 
86	56 
87	41 
88	31 
89	70 
90	42 
91	75 
92	86 
93	70 
94	89 
95	62 
96	81 
97	80 
98	91 
99	85 
100	81 
101	32 
102	81 
103	20 
104	34 
105	61 
106	79 
107	5 
108	76 
109	56 
110	7 
111	56 
112	46 
113	29 
114	75 
115	62 
116	93 
117	26 
118	98 
119	76 
120	49 
121	22 
122	89 
123	34 
124	46 
125	75 
126	67 
127	37 
128	37 
129	38 
130	3 
131	97 
132	32 
133	40 
134	1 
135	14 
136	96 
137	66 
138	89 
139	101 
140	56 
141	72 
142	26 
143	2 
144	7 
145	88 
146	32 
147	79 
148	28 
149	80 
150	11 
151	48 
152	14 
153	86 
154	41 
155	50 
156	69 
157	16 
158	101 
159	96 
160	73 
161	46 
162	18 
163	91 
164	3 
165	67 
166	17 
167	6 
168	57 
169	79 
170	21 
171	78 
172	53 
173	15 
174	85 
175	67 
176	32 
177	14 
178	97 
179	82 
180	95 
181	88 
182	2 
183	46 
184	46 
185	76 
186	48 
187	89 
188	15 
189	29 
190	43 
191	68 
192	86 
193	21 
194	66 
195	48 
196	91 
197	18 
198	62 
199	10 
200	28 
201	16 
202	97 
203	3 
204	62 
205	21 
206	28 
207	7 
208	99 
209	7 
210	63 
211	47 
212	45 
213	42 
214	82 
215	81 
216	81 
217	17 
218	17 
219	78 
220	6 
221	69 
222	77 
223	24 
224	81 
225	98 
226	10 
227	35 
228	62 
229	100 
230	73 
231	87 
232	18 
233	101 
234	91 
235	54 
236	96 
237	80 
238	69 
239	48 
240	23 
241	75 
242	4 
243	48 
244	50 
245	29 
246	64 
247	17 
248	25 
249	81 
250	15 
251	79 
252	72 
253	98 
254	13 
255	97 
256	80 
257	3 
258	16 
259	61 
260	8 
261	23 
262	78 
263	66 
264	29 
265	78 
266	65 
267	57 
268	27 
269	3 
270	1 
271	100 
272	54 
273	79 
274	72 
275	73 
276	4 
277	83 
278	31 
279	65 
280	6 
281	2 
282	1 
283	54 
284	4 
285	4 
286	12 
287	30 
288	12 
289	66 
290	42 
291	29 
292	67 
293	7 
294	7 
295	91 
296	35 
297	29 
298	89 
299	49 
300	97 
301	7 
302	82 
303	6 
304	3 
305	62 
306	37 
307	25 
308	7 
309	1 
310	99 
311	13 
312	59 
313	35 
314	19 
315	45 
316	94 
317	74 
318	29 
319	86 
320	40 
321	86 
322	98 
323	27 
324	62 
325	38 
326	11 
327	83 
328	50 
329	18 
330	79 
331	81 
332	86 
333	85 
334	34 
335	21 
336	13 
337	38 
338	70 
339	69 
340	17 
341	48 
342	73 
343	60 
344	38 
345	6 
346	48 
347	5 
348	23 
349	11 
350	101 
351	51 
352	72 
353	97 
354	96 
355	11 
356	96 
357	42 
358	29 
359	26 
360	12 
361	17 
362	22 
363	91 
364	82 
365	90 
366	12 
367	98 
368	98 
369	25 
370	16 
371	32 
372	43 
373	97 
374	23 
375	33 
376	72 
377	23 
378	23 
379	101 
380	72 
381	17 
382	48 
383	17 
384	13 
385	71 
386	46 
387	79 
388	62 
389	3 
390	15 
391	101 
392	98 
393	82 
394	71 
395	43 
396	81 
397	15 
398	65 
399	30 
400	46 
401	10 
402	80 
403	31 
404	33 
405	38 
406	68 
407	2 
408	98 
409	75 
410	91 
411	81 
412	32 
413	32 
414	66 
415	26 
416	26 
417	86 
418	79 
419	77 
420	85 
421	63 
422	31 
423	59 
424	66 
425	73 
426	78 
427	42 
428	7 
429	24 
430	69 
431	59 
432	28 
433	82 
434	19 
435	87 
436	66 
437	98 
438	82 
439	37 
440	36 
441	4 
442	81 
443	21 
444	29 
445	78 
446	1 
447	17 
448	98 
449	43 
450	81 
451	17 
452	97 
453	7 
454	92 
455	82 
456	13 
457	47 
458	54 
459	78 
460	44 
461	58 
462	32 
463	72 
464	58 
465	44 
466	62 
467	65 
468	86 
469	1 
470	37 
471	67 
472	27 
473	68 
474	79 
475	97 
476	51 
477	66 
478	98 
479	36 
480	29 
481	4 
482	43 
483	35 
484	98 
485	32 
486	39 
487	32 
488	90 
489	25 
490	67 
491	34 
492	68 
493	75 
494	61 
495	80 
496	7 
497	97 
498	7 
499	10 
500	63 
501	37 
502	6 
503	17 
504	96 
505	87 
506	17 
507	70 
508	82 
509	27 
510	51 
511	89 
512	23 
513	40 
514	51 
515	5 
516	62 
517	62 
518	26 
519	62 
520	71 
521	34 
522	6 
523	83 
524	82 
525	28 
526	18 
527	10 
528	18 
529	68 
530	72 
531	6 
532	64 
533	91 
534	62 
535	66 
536	88 
537	28 
538	79 
539	99 
540	90 
541	19 
542	51 
543	86 
544	88 
545	29 
546	87 
547	51 
548	54 
549	4 
550	71 
551	68 
552	42 
553	68 
554	4 
555	42 
556	17 
557	97 
558	61 
559	10 
560	87 
561	65 
562	61 
563	50 
564	2 
565	70 
566	60 
567	101 
568	17 
569	24 
570	46 
571	91 
572	26 
573	82 
574	38 
575	101 
576	93 
577	66 
578	74 
579	26 
580	13 
581	72 
582	79 
583	73 
584	66 
585	43 
586	51 
587	91 
588	35 
589	65 
590	72 
591	69 
592	29 
593	49 
594	29 
595	68 
596	2 
597	4 
598	22 
599	24 
600	97 
601	97 
602	98 
603	89 
604	62 
605	84 
606	57 
607	90 
608	78 
609	11 
610	15 
611	59 
612	91 
613	48 
614	94 
615	70 
616	45 
617	10 
618	8 
619	92 
620	45 
621	99 
622	5 
623	32 
624	14 
625	17 
626	10 
627	8 
628	17 
629	13 
630	1 
631	3 
632	75 
633	55 
634	71 
635	2 
636	72 
637	89 
638	54 
639	81 
640	15 
641	17 
642	46 
643	47 
644	72 
645	7 
646	1 
647	7 
648	52 
649	77 
650	22 
651	80 
652	98 
653	70 
654	46 
655	59 
656	75 
657	7 
658	73 
659	41 
660	12 
661	79 
662	68 
663	85 
664	75 
665	98 
666	48 
667	62 
668	91 
669	13 
670	98 
671	2 
672	46 
673	82 
674	61 
675	26 
676	85 
677	46 
678	3 
679	36 
680	35 
681	21 
682	68 
683	28 
684	34 
685	10 
686	84 
687	41 
688	65 
689	19 
690	7 
691	98 
692	61 
693	46 
694	75 
695	66 
696	44 
697	35 
698	59 
699	66 
700	66 
701	67 
702	21 
703	66 
704	24 
705	26 
706	15 
707	34 
708	35 
709	86 
710	22 
711	46 
712	35 
713	45 
714	62 
715	79 
716	19 
717	101 
718	62 
719	97 
720	51 
721	1 
722	43 
723	66 
724	62 
725	37 
726	73 
727	66 
728	76 
729	15 
730	98 
731	38 
732	26 
733	45 
734	1 
735	101 
736	8 
737	26 
738	97 
739	42 
740	94 
741	17 
742	1 
743	4 
744	82 
745	1 
746	68 
747	1 
748	33 
749	40 
750	97 
751	34 
752	60 
753	34 
754	98 
755	78 
756	71 
757	89 
758	26 
759	35 
760	67 
761	62 
762	37 
763	33 
764	15 
765	91 
766	93 
767	91 
768	75 
769	50 
770	10 
771	74 
772	6 
773	11 
774	4 
775	13 
776	24 
777	42 
778	50 
779	68 
780	62 
781	7 
782	7 
783	4 
784	1 
785	54 
786	17 
787	17 
788	58 
789	1 
790	39 
791	43 
792	2 
793	92 
794	81 
795	18 
796	72 
797	48 
798	95 
799	51 
800	56 
801	70 
802	33 
803	85 
804	91 
805	39 
806	72 
807	62 
808	13 
809	31 
810	4 
811	26 
812	79 
813	72 
814	45 
815	99 
816	69 
817	11 
818	42 
819	42 
820	76 
821	17 
822	55 
823	60 
824	26 
825	23 
826	54 
827	52 
828	68 
829	62 
830	95 
831	18 
832	86 
833	89 
834	38 
835	82 
836	26 
837	62 
838	95 
839	22 
840	90 
841	78 
842	54 
843	40 
844	72 
845	33 
846	101 
847	26 
848	27 
849	97 
850	68 
851	98 
852	32 
853	1 
854	66 
855	25 
856	12 
857	55 
858	97 
859	34 
860	68 
861	27 
862	49 
863	21 
864	62 
865	99 
866	48 
867	48 
868	46 
869	86 
870	63 
871	44 
872	62 
873	6 
874	34 
875	87 
876	15 
877	42 
878	28 
879	85 
880	95 
881	99 
882	17 
883	25 
884	33 
885	66 
886	91 
887	24 
888	34 
889	73 
890	6 
891	60 
892	25 
893	49 
894	89 
895	82 
896	91 
897	54 
898	32 
899	66 
900	66 
901	1 
902	86 
903	54 
904	41 
905	91 
906	77 
907	91 
908	2 
909	84 
910	13 
911	82 
912	48 
913	85 
914	85 
915	68 
916	54 
917	28 
918	7 
919	80 
920	17 
921	100 
922	2 
923	59 
924	72 
925	54 
926	93 
927	101 
928	8 
929	83 
930	67 
931	27 
932	29 
933	12 
934	68 
935	93 
936	17 
937	88 
938	8 
939	53 
940	8 
941	79 
942	63 
943	79 
944	70 
945	89 
946	83 
947	97 
948	11 
949	29 
950	20 
951	80 
952	35 
953	101 
954	27 
955	89 
956	17 
957	81 
958	85 
959	72 
960	34 
961	20 
962	93 
963	61 
964	77 
965	16 
966	100 
967	14 
968	37 
969	34 
970	59 
971	48 
972	13 
973	18 
974	21 
975	41 
976	3 
977	88 
978	39 
979	17 
980	81 
981	99 
982	60 
983	1 
984	56 
985	41 
986	2 
987	17 
988	49 
989	94 
990	54 
991	79 
992	94 
993	67 
994	84 
995	13 
996	56 
997	34 
998	91 
999	20 
1000	42 
1001	24 
1002	7 
1003	94 
1004	21 
1005	79 
1006	1 
1007	5 
1008	12 
1009	66 
1010	21 
1011	89 
1012	76 
1013	82 
1014	97 
1015	69 
1016	3 
1017	75 
1018	19 
1019	91 
1020	59 
1021	49 
1022	63 
1023	7 
1024	60 
1025	4 
1026	1 
1027	82 
1028	51 
1029	62 
1030	95 
1031	10 
1032	11 
1033	69 
1034	40 
1035	46 
1036	2 
1037	83 
1038	91 
1039	17 
1040	42 
1041	65 
1042	45 
1043	95 
1044	34 
1045	101 
1046	53 
1047	17 
1048	11 
1049	101 
1050	1 
1051	82 
1052	62 
1053	87 
1054	68 
1055	38 
1056	70 
1057	73 
1058	54 
1059	11 
1060	42 
1061	69 
1062	91 
1063	81 
1064	27 
1065	50 
1066	40 
1067	71 
1068	16 
1069	29 
1070	76 
1071	75 
1072	62 
1073	68 
1074	51 
1075	98 
1076	81 
1077	73 
1078	54 
1079	16 
1080	42 
1081	18 
1082	4 
1083	54 
1084	6 
1085	59 
1086	97 
1087	42 
1088	4 
1089	66 
1090	17 
1091	2 
1092	72 
1093	15 
1094	31 
1095	66 
1096	35 
1097	46 
1098	26 
1099	17 
1100	62 
1101	79 
1102	50 
1103	66 
1104	69 
1105	66 
1106	23 
1107	88 
1108	32 
1109	81 
1110	101 
1111	79 
1112	96 
1113	46 
1114	60 
1115	29 
1116	82 
1117	45 
1118	56 
1119	4 
1120	101 
1121	43 
1122	63 
1123	42 
1124	14 
1125	26 
1126	11 
1127	46 
1128	69 
1129	73 
1130	66 
1131	32 
1132	71 
1133	20 
1134	50 
1135	63 
1136	89 
1137	65 
1138	17 
1139	62 
1140	12 
1141	76 
1142	41 
1143	4 
1144	66 
1145	1 
1146	1 
1147	73 
1148	32 
1149	47 
1150	24 
1151	13 
1152	5 
1153	77 
1154	82 
1155	72 
1156	1 
1157	3 
1158	34 
1159	99 
1160	11 
1161	76 
1162	1 
1163	48 
1164	68 
1165	51 
1166	69 
1167	51 
1168	72 
1169	97 
1170	49 
1171	81 
1172	76 
1173	81 
1174	26 
1175	13 
1176	17 
1177	66 
1178	93 
1179	7 
1180	46 
1181	7 
1182	97 
1183	26 
1184	90 
1185	26 
1186	34 
1187	80 
1188	7 
1189	46 
1190	51 
1191	30 
1192	44 
1193	51 
1194	97 
1195	10 
1196	73 
1197	28 
1198	17 
1199	75 
1200	87 
1201	22 
1202	41 
1203	21 
1204	29 
1205	77 
1206	13 
1207	6 
1208	9 
1209	34 
1210	79 
1211	73 
1212	95 
1213	59 
1214	91 
1215	35 
1216	15 
1217	86 
1218	23 
1219	4 
1220	62 
1221	24 
1222	70 
1223	46 
1224	93 
1225	41 
1226	76 
1227	29 
1228	57 
1229	46 
1230	93 
1231	77 
1232	80 
1233	14 
1234	83 
1235	79 
1236	1 
1237	54 
1238	7 
1239	46 
1240	23 
1241	38 
1242	70 
1243	71 
1244	79 
1245	82 
1246	55 
1247	34 
1248	80 
1249	76 
1250	92 
1251	69 
1252	79 
1253	55 
1254	45 
1255	47 
1256	75 
1257	98 
1258	81 
1259	71 
1260	14 
1261	82 
1262	1 
1263	86 
1264	88 
1265	82 
1266	94 
1267	28 
1268	81 
1269	1 
1270	64 
1271	86 
1272	90 
1273	6 
1274	11 
1275	23 
1276	79 
1277	100 
1278	65 
1279	61 
1280	51 
1281	51 
1282	32 
1283	73 
1284	83 
1285	94 
1286	92 
1287	89 
1288	74 
1289	16 
1290	75 
1291	76 
1292	65 
1293	23 
1294	54 
1295	42 
1296	46 
1297	30 
1298	64 
1299	44 
1300	100 
1301	19 
1302	78 
1303	82 
1304	101 
1305	59 
1306	53 
1307	46 
1308	67 
1309	54 
1310	75 
1311	89 
1312	75 
1313	54 
1314	49 
1315	47 
1316	4 
1317	42 
1318	1 
1319	82 
1320	96 
1321	97 
1322	39 
1323	42 
1324	1 
1325	62 
1326	51 
1327	101 
1328	29 
1329	75 
1330	38 
1331	59 
1332	100 
1333	53 
1334	25 
1335	11 
1336	48 
1337	67 
1338	85 
1339	64 
1340	68 
1341	32 
1342	90 
1343	28 
1344	4 
1345	59 
1346	81 
1347	49 
1348	2 
1349	63 
1350	78 
1351	22 
1352	78 
1353	53 
1354	78 
1355	47 
1356	38 
1357	48 
1358	64 
1359	64 
1360	2 
1361	76 
1362	87 
1363	47 
1364	78 
1365	101 
1366	53 
1367	4 
1368	72 
1369	68 
1370	63 
1371	101 
1372	74 
1373	48 
1374	32 
1375	48 
1376	47 
1377	62 
1378	95 
1379	99 
1380	1 
1381	101 
1382	79 
1383	41 
1384	38 
1385	10 
1386	18 
1387	22 
1388	29 
1389	82 
1390	2 
1391	75 
1392	97 
1393	51 
1394	89 
1395	13 
1396	101 
1397	26 
1398	29 
1399	32 
1400	53 
1401	14 
1402	44 
1403	46 
1404	67 
1405	4 
1406	75 
1407	2 
1408	51 
1409	101 
1410	75 
1411	68 
1412	97 
1413	76 
1414	7 
1415	59 
1416	72 
1417	26 
1418	48 
1419	11 
1420	55 
1421	10 
1422	101 
1423	89 
1424	101 
1425	62 
1426	88 
1427	31 
1428	84 
1429	82 
1430	64 
1431	44 
1432	6 
1433	15 
1434	72 
1435	98 
1436	23 
1437	81 
1438	25 
1439	64 
1440	7 
1441	68 
1442	80 
1443	82 
1444	78 
1445	79 
1446	27 
1447	75 
1448	90 
1449	36 
1450	72 
1451	38 
1452	51 
1453	91 
1454	26 
1455	36 
1456	26 
1457	29 
1458	68 
1459	90 
1460	82 
1461	15 
1462	68 
1463	98 
1464	81 
1465	28 
1466	22 
1467	17 
1468	4 
1469	27 
1470	81 
1471	12 
1472	81 
1473	21 
1474	84 
1475	34 
1476	101 
1477	70 
1478	79 
1479	38 
1480	94 
1481	52 
1482	62 
1483	84 
1484	50 
1485	18 
1486	101 
1487	26 
1488	5 
1489	48 
1490	69 
1491	61 
1492	26 
1493	62 
1494	42 
1495	34 
1496	7 
1497	26 
1498	81 
1499	56 
1500	26 
1501	62 
1502	62 
1503	48 
1504	77 
1505	81 
1506	59 
1507	48 
1508	78 
1509	62 
1510	52 
1511	46 
1512	77 
1513	76 
1514	2 
1515	22 
1516	6 
1517	54 
1518	6 
1519	55 
1520	62 
1521	28 
1522	34 
1523	79 
1524	51 
1525	4 
1526	53 
1527	19 
1528	89 
1529	86 
1530	29 
1531	97 
1532	1 
1533	93 
1534	46 
1535	78 
1536	19 
1537	43 
1538	79 
1539	4 
1540	68 
1541	8 
1542	59 
1543	59 
1544	38 
1545	51 
1546	99 
1547	72 
1548	7 
1549	30 
1550	62 
1551	17 
1552	46 
1553	6 
1554	97 
1555	44 
1556	12 
1557	11 
1558	13 
1559	62 
1560	59 
1561	98 
1562	73 
1563	100 
1564	44 
1565	11 
1566	58 
1567	23 
1568	88 
1569	13 
1570	35 
1571	31 
1572	55 
1573	28 
1574	58 
1575	25 
1576	65 
1577	53 
1578	73 
1579	38 
1580	32 
1581	65 
1582	72 
1583	63 
1584	68 
1585	59 
1586	7 
1587	7 
1588	43 
1589	59 
1590	98 
1591	22 
1592	81 
1593	10 
1594	34 
1595	1 
1596	82 
1597	62 
1598	89 
1599	23 
1600	86 
1601	69 
1602	15 
1603	79 
1604	75 
1605	73 
1606	95 
1607	6 
1608	46 
1609	58 
1610	61 
1611	45 
1612	28 
1613	72 
1614	27 
1615	101 
1616	75 
1617	50 
1618	91 
1619	1 
1620	73 
1621	42 
1622	73 
1623	11 
1624	101 
1625	42 
1626	48 
1627	1 
1628	81 
1629	72 
1630	66 
1631	51 
1632	68 
1633	27 
1634	16 
1635	59 
1636	63 
1637	44 
1638	26 
1639	68 
1640	25 
1641	68 
1642	58 
1643	53 
1644	73 
1645	18 
1646	37 
1647	61 
1648	90 
1649	84 
1650	15 
1651	42 
1652	95 
1653	86 
1654	89 
1655	18 
1656	1 
1657	17 
1658	48 
1659	87 
1660	29 
1661	94 
1662	78 
1663	86 
1664	83 
1665	94 
1666	59 
1667	58 
1668	34 
1669	61 
1670	47 
1671	2 
1672	17 
1673	42 
1674	41 
1675	41 
1676	25 
1677	63 
1678	74 
1679	43 
1680	51 
1681	82 
1682	62 
1683	95 
1684	4 
1685	83 
1686	83 
1687	51 
1688	11 
1689	4 
1690	21 
1691	40 
1692	59 
1693	7 
1694	75 
1695	32 
1696	28 
1697	89 
1698	42 
1699	45 
1700	98 
1701	78 
1702	24 
1703	12 
1704	98 
1705	32 
1706	79 
1707	6 
1708	74 
1709	46 
1710	89 
1711	17 
1712	29 
1713	73 
1714	77 
1715	7 
1716	67 
1717	7 
1718	39 
1719	43 
1720	26 
1721	28 
1722	32 
1723	77 
1724	86 
1725	48 
1726	46 
1727	6 
1728	29 
1729	17 
1730	73 
1731	54 
1732	38 
1733	83 
1734	34 
1735	76 
1736	89 
1737	43 
1738	29 
1739	57 
1740	50 
1741	34 
1742	6 
1743	43 
1744	24 
1745	42 
1746	17 
1747	65 
1748	28 
1749	100 
1750	17 
1751	80 
1752	38 
1753	6 
1754	73 
1755	4 
1756	36 
1757	42 
1758	17 
1759	46 
1760	51 
1761	57 
1762	33 
1763	38 
1764	69 
1765	14 
1766	66 
1767	19 
1768	99 
1769	24 
1770	67 
1771	75 
1772	2 
1773	12 
1774	81 
1775	57 
1776	51 
1777	37 
1778	79 
1779	48 
1780	72 
1781	94 
1782	24 
1783	91 
1784	82 
1785	3 
1786	14 
1787	29 
1788	89 
1789	17 
1790	48 
1791	68 
1792	86 
1793	79 
1794	54 
1795	29 
1796	85 
1797	39 
1798	91 
1799	52 
1800	1 
1801	31 
1802	46 
1803	13 
1804	66 
1805	84 
1806	85 
1807	54 
1808	86 
1809	97 
1810	42 
1811	38 
1812	1 
1813	51 
1814	7 
1815	24 
1816	6 
1817	1 
1818	66 
1819	89 
1820	97 
1821	61 
1822	4 
1823	2 
1824	69 
1825	35 
1826	41 
1827	58 
1828	99 
1829	34 
1830	84 
1831	19 
1832	63 
1833	3 
1834	65 
1835	65 
1836	63 
1837	84 
1838	63 
1839	68 
1840	72 
1841	88 
1842	4 
1843	91 
1844	33 
1845	69 
1846	35 
1847	42 
1848	65 
1849	66 
1850	34 
1851	1 
1852	50 
1853	89 
1854	8 
1855	20 
1856	73 
1857	48 
1858	46 
1859	40 
1860	27 
1861	85 
1862	52 
1863	34 
1864	23 
1865	28 
1866	98 
1867	99 
1868	7 
1869	85 
1870	17 
1871	1 
1872	101 
1873	4 
1874	65 
1875	73 
1876	21 
1877	43 
1878	42 
1879	77 
1880	80 
1881	98 
1882	77 
1883	26 
1884	55 
1885	6 
1886	32 
1887	15 
1888	66 
1889	74 
1890	32 
1891	3 
1892	32 
1893	89 
1894	49 
1895	45 
1896	76 
1897	98 
1898	43 
1899	91 
1900	12 
1901	70 
1902	62 
1903	75 
1904	98 
1905	72 
1906	67 
1907	82 
1908	62 
1909	68 
1910	42 
1911	31 
1912	74 
1913	68 
1914	41 
1915	65 
1916	17 
1917	4 
1918	66 
1919	49 
1920	101 
1921	30 
1922	9 
1923	82 
1924	77 
1925	1 
1926	9 
1927	35 
1928	59 
1929	15 
1930	79 
1931	72 
1932	95 
1933	84 
1934	77 
1935	79 
1936	96 
1937	27 
1938	39 
1939	22 
1940	49 
1941	19 
1942	26 
1943	20 
1944	72 
1945	59 
1946	98 
1947	3 
1948	10 
1949	67 
1950	10 
1951	45 
1952	23 
1953	9 
1954	13 
1955	77 
1956	37 
1957	4 
1958	21 
1959	38 
1960	1 
1961	40 
1962	54 
1963	14 
1964	55 
1965	47 
1966	2 
1967	65 
1968	101 
1969	76 
1970	90 
1971	73 
1972	29 
1973	73 
1974	94 
1975	74 
1976	19 
1977	15 
1978	17 
1979	39 
1980	23 
1981	30 
1982	34 
1983	30 
1984	68 
1985	97 
1986	68 
1987	6 
1988	54 
1989	2 
1990	4 
1991	14 
1992	74 
1993	46 
1994	58 
1995	29 
1996	80 
1997	26 
1998	67 
1999	48 
2000	83 
2001	87 
2002	51 
2003	29 
2004	42 
2005	75 
2006	20 
2007	89 
2008	35 
2009	88 
2010	15 
2011	94 
2012	79 
2013	48 
2014	3 
2015	62 
2016	64 
2017	42 
2018	97 
2019	62 
2020	1 
2021	84 
2022	23 
2023	10 
2024	26 
2025	20 
2026	5 
2027	56 
2028	2 
2029	43 
2030	1 
2031	26 
2032	26 
2033	6 
2034	81 
2035	97 
2036	44 
2037	6 
2038	67 
2039	83 
2040	34 
2041	48 
2042	7 
2043	26 
2044	66 
2045	37 
2046	43 
2047	7 
2048	55 
2049	24 
2050	94 
2051	79 
2052	66 
2053	65 
2054	41 
2055	45 
2056	41 
2057	6 
2058	81 
2059	45 
2060	63 
2061	60 
2062	69 
2063	41 
2064	65 
2065	5 
2066	97 
2067	65 
2068	23 
2069	7 
2070	63 
2071	67 
2072	55 
2073	38 
2074	16 
2075	46 
2076	91 
2077	87 
2078	89 
2079	86 
2080	77 
2081	1 
2082	91 
2083	59 
2084	100 
2085	89 
2086	51 
2087	93 
2088	26 
2089	84 
2090	60 
2091	62 
2092	21 
2093	24 
2094	94 
2095	10 
2096	22 
2097	3 
2098	11 
2099	6 
2100	54 
2101	6 
2102	77 
2103	7 
2104	97 
2105	100 
2106	84 
2107	7 
2108	34 
2109	50 
2110	16 
2111	26 
2112	67 
2113	24 
2114	42 
2115	72 
2116	98 
2117	37 
2118	84 
2119	78 
2120	77 
2121	59 
2122	91 
2123	34 
2124	82 
2125	89 
2126	29 
2127	31 
2128	11 
2129	1 
2130	66 
2131	55 
2132	57 
2133	77 
2134	4 
2135	10 
2136	35 
2137	46 
2138	32 
2139	24 
2140	72 
2141	29 
2142	32 
2143	81 
2144	98 
2145	42 
2146	59 
2147	66 
2148	32 
2149	7 
2150	34 
2151	14 
2152	11 
2153	92 
2154	52 
2155	101 
2156	46 
2157	77 
2158	45 
2159	87 
2160	5 
2161	14 
2162	14 
2163	53 
2164	96 
2165	68 
2166	10 
2167	86 
2168	18 
2169	76 
2170	66 
2171	46 
2172	18 
2173	7 
2174	7 
2175	17 
2176	73 
2177	6 
2178	70 
2179	64 
2180	62 
2181	26 
2182	66 
2183	2 
2184	8 
2185	66 
2186	38 
2187	59 
2188	46 
2189	82 
2190	72 
2191	50 
2192	41 
2193	4 
2194	98 
2195	68 
2196	65 
2197	19 
2198	54 
2199	51 
2200	17 
2201	72 
2202	74 
2203	49 
2204	41 
2205	35 
2206	79 
2207	41 
2208	14 
2209	17 
2210	10 
2211	37 
2212	26 
2213	56 
2214	7 
2215	22 
2216	82 
2217	34 
2218	21 
2219	9 
2220	75 
2221	13 
2222	38 
2223	94 
2224	13 
2225	50 
2226	22 
2227	17 
2228	58 
2229	91 
2230	87 
2231	100 
2232	78 
2233	73 
2234	83 
2235	15 
2236	98 
2237	7 
2238	77 
2239	77 
2240	68 
2241	54 
2242	27 
2243	99 
2244	78 
2245	59 
2246	48 
2247	96 
2248	52 
2249	69 
2250	50 
2251	27 
2252	71 
2253	77 
2254	32 
2255	38 
2256	55 
2257	5 
2258	29 
2259	6 
2260	93 
2261	98 
2262	62 
2263	72 
2264	10 
2265	65 
2266	67 
2267	39 
2268	1 
2269	82 
2270	59 
2271	68 
2272	74 
2273	31 
2274	29 
2275	4 
2276	29 
2277	48 
2278	17 
2279	10 
2280	73 
2281	82 
2282	21 
2283	23 
2284	26 
2285	7 
2286	51 
2287	81 
2288	52 
2289	65 
2290	18 
2291	44 
2292	15 
2293	3 
2294	56 
2295	20 
2296	10 
2297	34 
2298	92 
2299	41 
2300	23 
2301	35 
2302	86 
2303	97 
2304	67 
2305	54 
2306	42 
2307	35 
2308	33 
2309	73 
2310	97 
2311	52 
2312	13 
2313	97 
2314	51 
2315	34 
2316	31 
2317	24 
2318	81 
2319	81 
2320	86 
2321	30 
2322	77 
2323	43 
2324	2 
2325	6 
2326	3 
2327	14 
2328	15 
2329	72 
2330	7 
2331	13 
2332	18 
2333	4 
2334	82 
2335	21 
2336	72 
2337	46 
2338	80 
2339	97 
2340	62 
2341	73 
2342	25 
2343	48 
2344	42 
2345	52 
2346	79 
2347	56 
2348	57 
2349	42 
2350	75 
2351	90 
2352	97 
2353	20 
2354	60 
2355	67 
2356	93 
2357	91 
2358	47 
2359	90 
2360	18 
2361	50 
2362	75 
2363	24 
2364	31 
2365	15 
2366	101 
2367	101 
2368	81 
2369	41 
2370	14 
2371	45 
2372	75 
2373	40 
2374	64 
2375	62 
2376	92 
2377	25 
2378	6 
2379	79 
2380	97 
2381	6 
2382	5 
2383	59 
2384	97 
2385	59 
2386	68 
2387	79 
2388	1 
2389	68 
2390	45 
2391	7 
2392	86 
2393	73 
2394	69 
2395	91 
2396	39 
2397	73 
2398	59 
2399	5 
2400	36 
2401	43 
2402	7 
2403	3 
2404	69 
2405	69 
2406	41 
2407	13 
2408	77 
2409	73 
2410	12 
2411	97 
2412	68 
2413	5 
2414	15 
2415	33 
2416	79 
2417	83 
2418	93 
2419	4 
2420	85 
2421	43 
2422	26 
2423	26 
2424	9 
2425	82 
2426	86 
2427	63 
2428	96 
2429	81 
2430	41 
2431	13 
2432	21 
2433	82 
2434	87 
2435	91 
2436	4 
2437	29 
2438	39 
2439	43 
2440	87 
2441	89 
2442	51 
2443	100 
2444	27 
2445	98 
2446	26 
2447	88 
2448	25 
2449	99 
2450	81 
2451	29 
2452	9 
2453	22 
2454	99 
2455	39 
2456	37 
2457	38 
2458	17 
2459	51 
2460	18 
2461	79 
2462	26 
2463	98 
2464	60 
2465	34 
2466	72 
2467	66 
2468	23 
2469	42 
2470	40 
2471	29 
2472	50 
2473	82 
2474	48 
2475	45 
2476	12 
2477	101 
2478	47 
2479	73 
2480	33 
2481	84 
2482	63 
2483	4 
2484	5 
2485	94 
2486	59 
2487	13 
2488	62 
2489	68 
2490	72 
2491	98 
2492	59 
2493	24 
2494	59 
2495	73 
2496	48 
2497	85 
2498	41 
2499	74 
2500	78 
2501	53 
2502	86 
2503	38 
2504	86 
2505	81 
2506	56 
2507	73 
2508	10 
2509	98 
2510	10 
2511	96 
2512	71 
2513	90 
2514	59 
2515	85 
2516	96 
2517	84 
2518	74 
2519	26 
2520	2 
2521	44 
2522	54 
2523	67 
2524	74 
2525	80 
2526	31 
2527	1 
2528	12 
2529	68 
2530	89 
2531	68 
2532	83 
2533	89 
2534	16 
2535	65 
2536	84 
2537	78 
2538	36 
2539	81 
2540	101 
2541	63 
2542	49 
2543	55 
2544	16 
2545	2 
2546	14 
2547	45 
2548	57 
2549	73 
2550	99 
2551	34 
2552	4 
2553	75 
2554	75 
2555	82 
2556	2 
2557	26 
2558	93 
2559	21 
2560	87 
2561	48 
2562	5 
2563	81 
2564	36 
2565	87 
2566	34 
2567	87 
2568	10 
2569	89 
2570	6 
2571	29 
2572	87 
2573	48 
2574	48 
2575	10 
2576	51 
2577	48 
2578	35 
2579	21 
2580	91 
2581	42 
2582	73 
2583	76 
2584	72 
2585	72 
2586	64 
2587	1 
2588	32 
2589	38 
2590	24 
2591	47 
2592	21 
2593	98 
2594	7 
2595	49 
2596	59 
2597	68 
2598	96 
2599	6 
2600	39 
2601	54 
2602	14 
2603	91 
2604	46 
2605	42 
2606	56 
2607	49 
2608	1 
2609	80 
2610	42 
2611	65 
2612	89 
2613	29 
2614	37 
2615	75 
2616	65 
2617	21 
2618	12 
2619	6 
2620	82 
2621	58 
2622	91 
2623	7 
2624	33 
2625	11 
2626	34 
2627	35 
2628	75 
2629	70 
2630	46 
2631	42 
2632	70 
2633	53 
2634	43 
2635	89 
2636	98 
2637	51 
2638	91 
2639	89 
2640	17 
2641	4 
2642	101 
2643	62 
2644	81 
2645	65 
2646	11 
2647	52 
2648	38 
2649	60 
2650	82 
2651	26 
2652	69 
2653	40 
2654	76 
2655	87 
2656	80 
2657	54 
2658	6 
2659	63 
2660	1 
2661	72 
2662	46 
2663	95 
2664	1 
2665	89 
2666	40 
2667	79 
2668	67 
2669	32 
2670	49 
2671	97 
2672	63 
2673	15 
2674	51 
2675	27 
2676	48 
2677	89 
2678	1 
2679	89 
2680	36 
2681	24 
2682	34 
2683	26 
2684	101 
2685	46 
2686	90 
2687	61 
2688	75 
2689	86 
2690	89 
2691	26 
2692	35 
2693	45 
2694	48 
2695	100 
2696	16 
2697	88 
2698	81 
2699	81 
2700	51 
2701	6 
2702	87 
2703	4 
2704	47 
2705	44 
2706	6 
2707	77 
2708	75 
2709	29 
2710	92 
2711	23 
2712	58 
2713	97 
2714	32 
2715	80 
2716	69 
2717	73 
2718	51 
2719	66 
2720	14 
2721	86 
2722	17 
2723	7 
2724	7 
2725	19 
2726	4 
2727	54 
2728	75 
2729	69 
2730	82 
2731	57 
2732	76 
2733	24 
2734	65 
2735	53 
2736	10 
2737	95 
2738	72 
2739	64 
2740	18 
2741	86 
2742	24 
2743	83 
2744	10 
2745	75 
2746	52 
2747	11 
2748	96 
2749	29 
2750	39 
2751	81 
2752	25 
2753	68 
2754	96 
2755	68 
2756	41 
2757	98 
2758	10 
2759	57 
2760	57 
2761	26 
2762	94 
2763	31 
2764	54 
2765	7 
2766	75 
2767	75 
2768	39 
2769	78 
2770	70 
2771	85 
2772	68 
2773	10 
2774	77 
2775	83 
2776	59 
2777	66 
2778	72 
2779	47 
2780	51 
2781	78 
2782	79 
2783	91 
2784	97 
2785	17 
2786	52 
2787	17 
2788	76 
2789	2 
2790	57 
2791	67 
2792	48 
2793	42 
2794	59 
2795	63 
2796	13 
2797	4 
2798	47 
2799	24 
2800	27 
2801	53 
2802	8 
2803	18 
2804	56 
2805	42 
2806	67 
2807	98 
2808	91 
2809	6 
2810	26 
2811	25 
2812	83 
2813	66 
2814	34 
2815	42 
2816	12 
2817	20 
2818	79 
2819	68 
2820	4 
2821	98 
2822	81 
2823	91 
2824	19 
2825	73 
2826	48 
2827	52 
2828	50 
2829	28 
2830	5 
2831	16 
2832	44 
2833	48 
2834	48 
2835	97 
2836	80 
2837	11 
2838	68 
2839	6 
2840	64 
2841	37 
2842	89 
2843	17 
2844	30 
2845	29 
2846	101 
2847	92 
2848	49 
2849	30 
2850	71 
2851	61 
2852	18 
2853	95 
2854	41 
2855	32 
2856	79 
2857	80 
2858	89 
2859	100 
2860	67 
2861	4 
2862	46 
2863	8 
2864	87 
2865	71 
2866	70 
2867	38 
2868	62 
2869	26 
2870	48 
2871	71 
2872	13 
2873	14 
2874	86 
2875	99 
2876	7 
2877	87 
2878	72 
2879	77 
2880	59 
2881	81 
2882	54 
2883	15 
2884	92 
2885	79 
2886	8 
2887	52 
2888	29 
2889	64 
2890	51 
2891	12 
2892	3 
2893	24 
2894	99 
2895	1 
2896	82 
2897	72 
2898	13 
2899	39 
2900	29 
2901	42 
2902	89 
2903	11 
2904	75 
2905	72 
2906	82 
2907	20 
2908	72 
2909	40 
2910	13 
2911	79 
2912	4 
2913	10 
2914	86 
2915	71 
2916	81 
2917	16 
2918	79 
2919	26 
2920	15 
2921	38 
2922	100 
2923	78 
2924	53 
2925	70 
2926	7 
2927	10 
2928	15 
2929	98 
2930	72 
2931	78 
2932	84 
2933	89 
2934	1 
2935	88 
2936	77 
2937	47 
2938	13 
2939	69 
2940	14 
2941	48 
2942	15 
2943	65 
2944	46 
2945	25 
2946	80 
2947	34 
2948	52 
2949	82 
2950	98 
2951	2 
2952	10 
2953	82 
2954	61 
2955	58 
2956	52 
2957	22 
2958	66 
2959	72 
2960	14 
2961	29 
2962	68 
2963	90 
2964	67 
2965	48 
2966	72 
2967	80 
2968	52 
2969	45 
2970	37 
2971	57 
2972	68 
2973	82 
2974	54 
2975	89 
2976	59 
2977	59 
2978	53 
2979	99 
2980	6 
2981	48 
2982	3 
2983	94 
2984	68 
2985	34 
2986	38 
2987	80 
2988	18 
2989	100 
2990	80 
2991	72 
2992	1 
2993	69 
2994	48 
2995	2 
2996	7 
2997	97 
2998	77 
2999	37 
3000	17 
3001	17 
3002	8 
3003	14 
3004	13 
3005	38 
3006	77 
3007	79 
3008	66 
3009	42 
3010	47 
3011	29 
3012	13 
3013	80 
3014	62 
3015	24 
3016	26 
3017	62 
3018	79 
3019	21 
3020	24 
3021	65 
3022	68 
3023	84 
3024	11 
3025	2 
3026	46 
3027	73 
3028	45 
3029	4 
3030	90 
3031	31 
3032	60 
3033	75 
3034	29 
3035	99 
3036	4 
3037	94 
3038	26 
3039	36 
3040	38 
3041	68 
3042	17 
3043	9 
3044	29 
3045	13 
3046	78 
3047	62 
3048	42 
3049	89 
3050	66 
3051	3 
3052	3 
3053	27 
3054	35 
3055	29 
3056	17 
3057	75 
3058	48 
3059	65 
3060	45 
3061	27 
3062	6 
3063	89 
3064	101 
3065	84 
3066	80 
3067	89 
3068	82 
3069	32 
3070	28 
3071	89 
3072	1 
3073	98 
3074	15 
3075	23 
3076	14 
3077	73 
3078	9 
3079	13 
3080	54 
3081	85 
3082	60 
3083	86 
3084	72 
3085	54 
3086	45 
3087	28 
3088	54 
3089	3 
3090	75 
3091	29 
3092	66 
3093	21 
3094	57 
3095	79 
3096	100 
3097	49 
3098	56 
3099	12 
3100	93 
3101	42 
3102	35 
3103	26 
3104	71 
3105	101 
3106	46 
3107	88 
3108	27 
3109	65 
3110	17 
3111	17 
3112	9 
3113	88 
3114	53 
3115	68 
3116	6 
3117	26 
3118	93 
3119	32 
3120	73 
3121	88 
3122	32 
3123	41 
3124	34 
3125	2 
3126	18 
3127	24 
3128	52 
3129	72 
3130	101 
3131	55 
3132	73 
3133	94 
3134	6 
3135	52 
3136	16 
3137	69 
3138	66 
3139	34 
3140	2 
3141	2 
3142	3 
3143	73 
3144	18 
3145	6 
3146	74 
3147	70 
3148	73 
3149	74 
3150	27 
3151	89 
3152	20 
3153	18 
3154	7 
3155	77 
3156	59 
3157	98 
3158	17 
3159	71 
3160	99 
3161	82 
3162	73 
3163	10 
3164	30 
3165	67 
3166	49 
3167	12 
3168	26 
3169	101 
3170	52 
3171	85 
3172	1 
3173	82 
3174	91 
3175	48 
3176	85 
3177	11 
3178	67 
3179	92 
3180	94 
3181	44 
3182	7 
3183	27 
3184	43 
3185	29 
3186	73 
3187	68 
3188	1 
3189	4 
3190	39 
3191	35 
3192	30 
3193	88 
3194	73 
3195	32 
3196	54 
3197	90 
3198	54 
3199	26 
3200	38 
3201	27 
3202	86 
3203	4 
3204	91 
3205	91 
3206	101 
3207	89 
3208	46 
3209	94 
3210	78 
3211	95 
3212	93 
3213	92 
3214	24 
3215	98 
3216	100 
3217	65 
3218	16 
3219	29 
3220	65 
3221	26 
3222	78 
3223	37 
3224	52 
3225	76 
3226	60 
3227	4 
3228	48 
3229	15 
3230	68 
3231	97 
3232	37 
3233	86 
3234	97 
3235	32 
3236	62 
3237	15 
3238	33 
3239	76 
3240	63 
3241	17 
3242	17 
3243	44 
3244	24 
3245	88 
3246	42 
3247	92 
3248	12 
3249	66 
3250	48 
3251	2 
3252	27 
3253	29 
3254	44 
3255	14 
3256	72 
3257	14 
3258	18 
3259	93 
3260	27 
3261	49 
3262	44 
3263	88 
3264	33 
3265	96 
3266	80 
3267	59 
3268	48 
3269	2 
3270	13 
3271	66 
3272	62 
3273	26 
3274	43 
3275	72 
3276	53 
3277	52 
3278	15 
3279	50 
3280	46 
3281	68 
3282	51 
3283	71 
3284	62 
3285	35 
3286	3 
3287	60 
3288	12 
3289	58 
3290	50 
3291	2 
3292	66 
3293	46 
3294	25 
3295	11 
3296	88 
3297	61 
3298	6 
3299	89 
3300	79 
3301	15 
3302	91 
3303	38 
3304	98 
3305	70 
3306	98 
3307	24 
3308	10 
3309	97 
3310	88 
3311	97 
3312	86 
3313	59 
3314	15 
3315	36 
3316	44 
3317	96 
3318	52 
3319	13 
3320	85 
3321	88 
3322	7 
3323	1 
3324	76 
3325	28 
3326	56 
3327	89 
3328	51 
3329	22 
3330	79 
3331	96 
3332	52 
3333	57 
3334	35 
3335	83 
3336	26 
3337	68 
3338	51 
3339	66 
3340	69 
3341	69 
3342	4 
3343	91 
3344	97 
3345	79 
3346	82 
3347	60 
3348	31 
3349	42 
3350	76 
3351	42 
3352	59 
3353	38 
3354	44 
3355	79 
3356	17 
3357	88 
3358	19 
3359	79 
3360	86 
3361	44 
3362	45 
3363	67 
3364	14 
3365	61 
3366	78 
3367	73 
3368	59 
3369	1 
3370	101 
3371	39 
3372	68 
3373	72 
3374	68 
3375	33 
3376	44 
3377	27 
3378	51 
3379	45 
3380	72 
3381	24 
3382	90 
3383	11 
3384	77 
3385	32 
3386	92 
3387	83 
3388	4 
3389	81 
3390	91 
3391	15 
3392	38 
3393	82 
3394	67 
3395	27 
3396	6 
3397	1 
3398	46 
3399	9 
3400	78 
3401	27 
3402	1 
3403	7 
3404	42 
3405	101 
3406	94 
3407	61 
3408	77 
3409	34 
3410	48 
3411	88 
3412	8 
3413	39 
3414	97 
3415	1 
3416	68 
3417	87 
3418	8 
3419	39 
3420	97 
3421	67 
3422	20 
3423	4 
3424	70 
3425	7 
3426	17 
3427	62 
3428	74 
3429	2 
3430	32 
3431	23 
3432	7 
3433	91 
3434	86 
3435	17 
3436	43 
3437	75 
3438	72 
3439	10 
3440	8 
3441	75 
3442	6 
3443	87 
3444	50 
3445	34 
3446	97 
3447	24 
3448	19 
3449	37 
3450	26 
3451	96 
3452	93 
3453	58 
3454	41 
3455	73 
3456	33 
3457	35 
3458	15 
3459	87 
3460	68 
3461	29 
3462	68 
3463	20 
3464	81 
3465	59 
3466	69 
3467	29 
3468	4 
3469	7 
3470	76 
3471	46 
3472	18 
3473	13 
3474	67 
3475	26 
3476	97 
3477	28 
3478	51 
3479	66 
3480	8 
3481	93 
3482	65 
3483	46 
3484	34 
3485	95 
3486	101 
3487	1 
3488	22 
3489	13 
3490	86 
3491	53 
3492	17 
3493	12 
3494	1 
3495	95 
3496	77 
3497	63 
3498	62 
3499	18 
3500	6 
3501	67 
3502	72 
3503	67 
3504	97 
3505	53 
3506	49 
3507	69 
3508	93 
3509	51 
3510	70 
3511	42 
3512	77 
3513	50 
3514	47 
3515	66 
3516	57 
3517	48 
3518	61 
3519	43 
3520	54 
3521	73 
3522	98 
3523	46 
3524	22 
3525	81 
3526	46 
3527	65 
3528	55 
3529	11 
3530	56 
3531	25 
3532	34 
3533	58 
3534	41 
3535	97 
3536	56 
3537	29 
3538	25 
3539	16 
3540	82 
3541	52 
3542	86 
3543	41 
3544	65 
3545	57 
3546	21 
3547	67 
3548	1 
3549	71 
3550	69 
3551	17 
3552	51 
3553	34 
3554	12 
3555	89 
3556	101 
3557	67 
3558	7 
3559	70 
3560	22 
3561	71 
3562	21 
3563	91 
3564	89 
3565	55 
3566	75 
3567	17 
3568	100 
3569	34 
3570	7 
3571	54 
3572	34 
3573	99 
3574	46 
3575	34 
3576	65 
3577	15 
3578	42 
3579	23 
3580	42 
3581	83 
3582	19 
3583	39 
3584	44 
3585	65 
3586	73 
3587	38 
3588	76 
3589	46 
3590	67 
3591	42 
3592	74 
3593	70 
3594	62 
3595	8 
3596	94 
3597	45 
3598	81 
3599	26 
3600	78 
3601	1 
3602	69 
3603	18 
3604	86 
3605	101 
3606	80 
3607	8 
3608	73 
3609	84 
3610	54 
3611	39 
3612	45 
3613	88 
3614	80 
3615	68 
3616	88 
3617	75 
3618	91 
3619	38 
3620	34 
3621	27 
3622	34 
3623	93 
3624	46 
3625	95 
3626	54 
3627	84 
3628	12 
3629	30 
3630	6 
3631	49 
3632	80 
3633	39 
3634	92 
3635	30 
3636	30 
3637	66 
3638	27 
3639	6 
3640	30 
3641	66 
3642	51 
3643	37 
3644	47 
3645	14 
3646	73 
3647	97 
3648	97 
3649	45 
3650	91 
3651	66 
3652	81 
3653	68 
3654	63 
3655	85 
3656	69 
3657	3 
3658	72 
3659	48 
3660	65 
3661	77 
3662	101 
3663	61 
3664	49 
3665	65 
3666	19 
3667	34 
3668	88 
3669	7 
3670	67 
3671	80 
3672	71 
3673	53 
3674	32 
3675	91 
3676	1 
3677	89 
3678	89 
3679	27 
3680	67 
3681	43 
3682	13 
3683	76 
3684	17 
3685	84 
3686	26 
3687	34 
3688	68 
3689	14 
3690	17 
3691	45 
3692	91 
3693	77 
3694	58 
3695	24 
3696	21 
3697	57 
3698	21 
3699	46 
3700	24 
3701	59 
3702	40 
3703	6 
3704	20 
3705	98 
3706	92 
3707	62 
3708	57 
3709	61 
3710	28 
3711	2 
3712	28 
3713	6 
3714	29 
3715	72 
3716	4 
3717	19 
3718	76 
3719	97 
3720	63 
3721	75 
3722	99 
3723	21 
3724	98 
3725	10 
3726	29 
3727	89 
3728	72 
3729	70 
3730	75 
3731	91 
3732	48 
3733	68 
3734	68 
3735	62 
3736	3 
3737	56 
3738	36 
3739	6 
3740	41 
3741	38 
3742	1 
3743	31 
3744	82 
3745	62 
3746	72 
3747	52 
3748	76 
3749	24 
3750	78 
3751	70 
3752	8 
3753	6 
3754	68 
3755	26 
3756	1 
3757	6 
3758	4 
3759	48 
3760	49 
3761	97 
3762	75 
3763	8 
3764	32 
3765	65 
3766	8 
3767	51 
3768	3 
3769	51 
3770	44 
3771	28 
3772	32 
3773	25 
3774	95 
3775	37 
3776	37 
3777	82 
3778	74 
3779	72 
3780	6 
3781	97 
3782	32 
3783	28 
3784	66 
3785	48 
3786	13 
3787	15 
3788	32 
3789	4 
3790	78 
3791	86 
3792	6 
3793	82 
3794	82 
3795	41 
3796	68 
3797	76 
3798	101 
3799	20 
3800	97 
3801	86 
3802	59 
3803	8 
3804	48 
3805	63 
3806	88 
3807	100 
3808	97 
3809	39 
3810	2 
3811	89 
3812	59 
3813	89 
3814	48 
3815	84 
3816	66 
3817	65 
3818	41 
3819	38 
3820	1 
3821	32 
3822	54 
3823	49 
3824	13 
3825	72 
3826	93 
3827	41 
3828	21 
3829	65 
3830	67 
3831	77 
3832	12 
3833	69 
3834	101 
3835	7 
3836	11 
3837	59 
3838	79 
3839	82 
3840	9 
3841	80 
3842	72 
3843	96 
3844	7 
3845	81 
3846	1 
3847	89 
3848	81 
3849	84 
3850	68 
3851	7 
3852	47 
3853	34 
3854	59 
3855	100 
3856	24 
3857	51 
3858	20 
3859	46 
3860	20 
3861	42 
3862	42 
3863	93 
3864	23 
3865	22 
3866	37 
3867	55 
3868	48 
3869	44 
3870	50 
3871	14 
3872	26 
3873	36 
3874	77 
3875	42 
3876	82 
3877	52 
3878	7 
3879	32 
3880	60 
3881	54 
3882	101 
3883	16 
3884	42 
3885	4 
3886	21 
3887	34 
3888	47 
3889	91 
3890	99 
3891	48 
3892	62 
3893	99 
3894	9 
3895	98 
3896	8 
3897	101 
3898	81 
3899	72 
3900	89 
3901	86 
3902	65 
3903	81 
3904	98 
3905	3 
3906	54 
3907	32 
3908	67 
3909	73 
3910	53 
3911	4 
3912	33 
3913	62 
3914	65 
3915	35 
3916	10 
3917	54 
3918	91 
3919	28 
3920	75 
3921	49 
3922	92 
3923	79 
3924	3 
3925	10 
3926	75 
3927	32 
3928	10 
3929	75 
3930	2 
3931	26 
3932	79 
3933	68 
3934	45 
3935	25 
3936	35 
3937	7 
3938	58 
3939	4 
3940	62 
3941	42 
3942	67 
3943	49 
3944	79 
3945	28 
3946	50 
3947	59 
3948	4 
3949	49 
3950	79 
3951	62 
3952	13 
3953	84 
3954	48 
3955	88 
3956	83 
3957	73 
3958	6 
3959	55 
3960	35 
3961	82 
3962	101 
3963	14 
3964	89 
3965	98 
3966	89 
3967	70 
3968	70 
3969	65 
3970	4 
3971	41 
3972	92 
3973	82 
3974	6 
3975	12 
3976	87 
3977	87 
3978	67 
3979	79 
3980	70 
3981	17 
3982	59 
3983	32 
3984	89 
3985	97 
3986	60 
3987	48 
3988	81 
3989	76 
3990	6 
3991	73 
3992	66 
3993	99 
3994	45 
3995	67 
3996	6 
3997	11 
3998	82 
3999	73 
4000	44 
4001	98 
4002	67 
4003	24 
4004	58 
4005	37 
4006	69 
4007	17 
4008	37 
4009	70 
4010	98 
4011	3 
4012	4 
4013	17 
4014	89 
4015	37 
4016	74 
4017	22 
4018	14 
4019	101 
4020	11 
4021	1 
4022	70 
4023	74 
4024	21 
4025	35 
4026	30 
4027	43 
4028	93 
4029	25 
4030	91 
4031	59 
4032	81 
4033	84 
4034	11 
4035	86 
4036	45 
4037	92 
4038	42 
4039	77 
4040	32 
4041	4 
4042	69 
4043	74 
4044	42 
4045	49 
4046	80 
4047	89 
4048	73 
4049	78 
4050	77 
4051	10 
4052	30 
4053	82 
4054	100 
4055	43 
4056	87 
4057	87 
4058	97 
4059	26 
4060	100 
4061	33 
4062	84 
4063	38 
4064	54 
4065	17 
4066	10 
4067	76 
4068	2 
4069	64 
4070	29 
4071	18 
4072	42 
4073	101 
4074	4 
4075	46 
4076	30 
4077	34 
4078	46 
4079	11 
4080	32 
4081	8 
4082	58 
4083	21 
4084	39 
4085	7 
4086	71 
4087	45 
4088	79 
4089	42 
4090	58 
4091	51 
4092	73 
4093	96 
4094	38 
4095	38 
4096	40 
4097	86 
4098	18 
4099	91 
4100	12 
4101	6 
4102	59 
4103	18 
4104	80 
4105	66 
4106	8 
4107	11 
4108	40 
4109	47 
4110	7 
4111	86 
4112	91 
4113	87 
4114	1 
4115	9 
4116	80 
4117	83 
4118	51 
4119	53 
4120	65 
4121	68 
4122	2 
4123	88 
4124	48 
4125	68 
4126	54 
4127	16 
4128	93 
4129	32 
4130	80 
4131	48 
4132	51 
4133	15 
4134	51 
4135	72 
4136	35 
4137	46 
4138	81 
4139	40 
4140	43 
4141	59 
4142	81 
4143	70 
4144	75 
4145	72 
4146	99 
4147	53 
4148	42 
4149	53 
4150	53 
4151	59 
4152	15 
4153	1 
4154	66 
4155	13 
4156	48 
4157	53 
4158	66 
4159	11 
4160	94 
4161	34 
4162	26 
4163	88 
4164	89 
4165	4 
4166	1 
4167	79 
4168	49 
4169	7 
4170	80 
4171	10 
4172	38 
4173	26 
4174	12 
4175	6 
4176	35 
4177	34 
4178	8 
4179	48 
4180	34 
4181	26 
4182	15 
4183	69 
4184	69 
4185	48 
4186	13 
4187	97 
4188	69 
4189	6 
4190	97 
4191	78 
4192	82 
4193	79 
4194	53 
4195	66 
4196	45 
4197	80 
4198	53 
4199	49 
4200	93 
4201	44 
4202	79 
4203	14 
4204	48 
4205	13 
4206	70 
4207	87 
4208	12 
4209	37 
4210	79 
4211	7 
4212	6 
4213	96 
4214	50 
4215	35 
4216	42 
4217	82 
4218	17 
4219	20 
4220	7 
4221	45 
4222	67 
4223	27 
4224	46 
4225	31 
4226	45 
4227	71 
4228	86 
4229	90 
4230	46 
4231	27 
4232	76 
4233	54 
4234	97 
4235	5 
4236	99 
4237	52 
4238	43 
4239	91 
4240	33 
4241	98 
4242	79 
4243	93 
4244	42 
4245	73 
4246	45 
4247	72 
4248	29 
4249	59 
4250	67 
4251	74 
4252	81 
4253	59 
4254	74 
4255	15 
4256	4 
4257	99 
4258	53 
4259	98 
4260	80 
4261	42 
4262	7 
4263	10 
4264	97 
4265	52 
4266	74 
4267	39 
4268	1 
4269	98 
4270	6 
4271	82 
4272	11 
4273	54 
4274	51 
4275	36 
4276	4 
4277	42 
4278	93 
4279	2 
4280	79 
4281	7 
4282	101 
4283	72 
4284	37 
4285	38 
4286	34 
4287	73 
4288	4 
4289	101 
4290	57 
4291	37 
4292	26 
4293	66 
4294	22 
4295	89 
4296	8 
4297	86 
4298	52 
4299	68 
4300	35 
4301	56 
4302	67 
4303	42 
4304	76 
4305	90 
4306	8 
4307	89 
4308	69 
4309	29 
4310	97 
4311	7 
4312	8 
4313	97 
4314	29 
4315	22 
4316	6 
4317	2 
4318	29 
4319	4 
4320	84 
4321	7 
4322	78 
4323	65 
4324	45 
4325	22 
4326	67 
4327	66 
4328	88 
4329	89 
4330	69 
4331	62 
4332	41 
4333	97 
4334	50 
4335	41 
4336	81 
4337	37 
4338	73 
4339	7 
4340	17 
4341	78 
4342	44 
4343	7 
4344	89 
4345	82 
4346	7 
4347	47 
4348	10 
4349	81 
4350	6 
4351	7 
4352	86 
4353	84 
4354	43 
4355	82 
4356	16 
4357	101 
4358	70 
4359	81 
4360	6 
4361	2 
4362	35 
4363	6 
4364	42 
4365	81 
4366	88 
4367	38 
4368	47 
4369	89 
4370	37 
4371	72 
4372	23 
4373	79 
4374	98 
4375	51 
4376	82 
4377	18 
4378	73 
4379	4 
4380	62 
4381	84 
4382	4 
4383	82 
4384	22 
4385	2 
4386	24 
4387	32 
4388	17 
4389	37 
4390	77 
4391	34 
4392	63 
4393	7 
4394	97 
4395	2 
4396	7 
4397	89 
4398	71 
4399	76 
4400	45 
4401	63 
4402	29 
4403	78 
4404	7 
4405	3 
4406	56 
4407	20 
4408	6 
4409	63 
4410	84 
4411	6 
4412	97 
4413	82 
4414	37 
4415	91 
4416	11 
4417	46 
4418	75 
4419	29 
4420	29 
4421	32 
4422	100 
4423	59 
4424	85 
4425	17 
4426	81 
4427	95 
4428	12 
4429	26 
4430	54 
4431	79 
4432	24 
4433	64 
4434	97 
4435	9 
4436	2 
4437	62 
4438	50 
4439	4 
4440	78 
4441	60 
4442	33 
4443	68 
4444	42 
4445	79 
4446	56 
4447	38 
4448	36 
4449	56 
4450	30 
4451	2 
4452	92 
4453	28 
4454	95 
4455	29 
4456	54 
4457	68 
4458	42 
4459	98 
4460	54 
4461	61 
4462	99 
4463	95 
4464	45 
4465	55 
4466	79 
4467	98 
4468	73 
4469	38 
4470	59 
4471	17 
4472	46 
4473	4 
4474	70 
4475	82 
4476	69 
4477	46 
4478	93 
4479	68 
4480	68 
4481	66 
4482	91 
4483	48 
4484	27 
4485	83 
4486	16 
4487	75 
4488	62 
4489	85 
4490	37 
4491	6 
4492	32 
4493	101 
4494	65 
4495	48 
4496	17 
4497	66 
4498	79 
4499	94 
4500	54 
4501	79 
4502	48 
4503	73 
4504	98 
4505	78 
4506	77 
4507	11 
4508	10 
4509	81 
4510	75 
4511	41 
4512	2 
4513	80 
4514	6 
4515	27 
4516	15 
4517	6 
4518	91 
4519	54 
4520	63 
4521	46 
4522	1 
4523	23 
4524	32 
4525	75 
4526	12 
4527	42 
4528	14 
4529	7 
4530	85 
4531	87 
4532	6 
4533	53 
4534	84 
4535	67 
4536	97 
4537	39 
4538	96 
4539	79 
4540	32 
4541	46 
4542	62 
4543	79 
4544	68 
4545	89 
4546	1 
4547	101 
4548	39 
4549	59 
4550	54 
4551	12 
4552	78 
4553	29 
4554	99 
4555	81 
4556	73 
4557	2 
4558	34 
4559	89 
4560	94 
4561	97 
4562	53 
4563	97 
4564	54 
4565	53 
4566	66 
4567	91 
4568	47 
4569	87 
4570	53 
4571	17 
4572	38 
4573	67 
4574	82 
4575	94 
4576	27 
4577	2 
4578	35 
4579	75 
4580	72 
4581	99 
4582	81 
4583	81 
4584	7 
4585	79 
4586	61 
4587	26 
4588	40 
4589	101 
4590	5 
4591	56 
4592	2 
4593	48 
4594	64 
4595	27 
4596	29 
4597	66 
4598	10 
4599	64 
4600	42 
4601	72 
4602	34 
4603	92 
4604	87 
4605	97 
4606	70 
4607	10 
4608	35 
4609	56 
4610	42 
4611	73 
4612	58 
4613	29 
4614	39 
4615	83 
4616	82 
4617	6 
4618	86 
4619	74 
4620	94 
4621	100 
4622	69 
4623	84 
4624	7 
4625	51 
4626	6 
4627	98 
4628	43 
4629	84 
4630	65 
4631	67 
4632	68 
4633	69 
4634	25 
4635	34 
4636	81 
4637	7 
4638	78 
4639	94 
4640	13 
4641	94 
4642	66 
4643	63 
4644	68 
4645	28 
4646	12 
4647	6 
4648	68 
4649	101 
4650	63 
4651	74 
4652	62 
4653	36 
4654	80 
4655	98 
4656	25 
4657	67 
4658	46 
4659	67 
4660	49 
4661	78 
4662	66 
4663	6 
4664	57 
4665	21 
4666	83 
4667	19 
4668	100 
4669	2 
4670	45 
4671	38 
4672	89 
4673	70 
4674	5 
4675	65 
4676	67 
4677	52 
4678	54 
4679	32 
4680	7 
4681	89 
4682	100 
4683	87 
4684	67 
4685	94 
4686	46 
4687	29 
4688	68 
4689	89 
4690	48 
4691	72 
4692	41 
4693	94 
4694	45 
4695	91 
4696	41 
4697	76 
4698	93 
4699	71 
4700	47 
4701	18 
4702	11 
4703	29 
4704	85 
4705	9 
4706	97 
4707	1 
4708	14 
4709	79 
4710	80 
4711	42 
4712	27 
4713	74 
4714	37 
4715	54 
4716	68 
4717	35 
4718	1 
4719	42 
4720	18 
4721	79 
4722	9 
4723	90 
4724	73 
4725	10 
4726	40 
4727	45 
4728	6 
4729	21 
4730	59 
4731	15 
4732	6 
4733	66 
4734	78 
4735	47 
4736	65 
4737	98 
4738	49 
4739	3 
4740	58 
4741	76 
4742	62 
4743	3 
4744	14 
4745	67 
4746	48 
4747	94 
4748	8 
4749	39 
4750	53 
4751	72 
4752	42 
4753	91 
4754	95 
4755	66 
4756	48 
4757	67 
4758	82 
4759	9 
4760	91 
4761	69 
4762	1 
4763	89 
4764	73 
4765	26 
4766	60 
4767	60 
4768	40 
4769	97 
4770	11 
4771	70 
4772	82 
4773	95 
4774	97 
4775	89 
4776	7 
4777	65 
4778	32 
4779	65 
4780	38 
4781	73 
4782	36 
4783	44 
4784	69 
4785	83 
4786	57 
4787	36 
4788	83 
4789	28 
4790	85 
4791	10 
4792	26 
4793	85 
4794	34 
4795	26 
4796	59 
4797	1 
4798	67 
4799	23 
4800	1 
4801	74 
4802	8 
4803	72 
4804	6 
4805	97 
4806	9 
4807	13 
4808	17 
4809	37 
4810	11 
4811	39 
4812	89 
4813	65 
4814	63 
4815	91 
4816	35 
4817	62 
4818	91 
4819	42 
4820	68 
4821	26 
4822	73 
4823	11 
4824	15 
4825	59 
4826	3 
4827	54 
4828	74 
4829	79 
4830	46 
4831	69 
4832	1 
4833	53 
4834	65 
4835	80 
4836	3 
4837	9 
4838	58 
4839	10 
4840	34 
4841	95 
4842	82 
4843	90 
4844	50 
4845	60 
4846	99 
4847	51 
4848	1 
4849	32 
4850	70 
4851	18 
4852	79 
4853	62 
4854	65 
4855	51 
4856	70 
4857	87 
4858	54 
4859	29 
4860	12 
4861	79 
4862	62 
4863	93 
4864	55 
4865	34 
4866	26 
4867	73 
4868	65 
4869	66 
4870	59 
4871	25 
4872	79 
4873	23 
4874	1 
4875	50 
4876	18 
4877	71 
4878	68 
4879	98 
4880	7 
4881	95 
4882	92 
4883	65 
4884	47 
4885	54 
4886	59 
4887	93 
4888	82 
4889	45 
4890	90 
4891	43 
4892	28 
4893	70 
4894	13 
4895	62 
4896	62 
4897	65 
4898	82 
4899	7 
4900	10 
4901	34 
4902	4 
4903	21 
4904	29 
4905	65 
4906	39 
4907	68 
4908	3 
4909	54 
4910	101 
4911	91 
4912	59 
4913	34 
4914	4 
4915	67 
4916	53 
4917	7 
4918	61 
4919	31 
4920	34 
4921	35 
4922	50 
4923	26 
4924	48 
4925	42 
4926	81 
4927	1 
4928	78 
4929	15 
4930	23 
4931	92 
4932	54 
4933	63 
4934	25 
4935	48 
4936	97 
4937	46 
4938	9 
4939	100 
4940	39 
4941	99 
4942	41 
4943	7 
4944	86 
4945	71 
4946	83 
4947	91 
4948	40 
4949	6 
4950	29 
4951	17 
4952	26 
4953	51 
4954	32 
4955	51 
4956	76 
4957	89 
4958	68 
4959	14 
4960	54 
4961	31 
4962	41 
4963	8 
4964	73 
4965	96 
4966	23 
4967	63 
4968	36 
4969	67 
4970	59 
4971	1 
4972	41 
4973	80 
4974	43 
4975	97 
4976	87 
4977	56 
4978	2 
4979	13 
4980	89 
4981	59 
4982	95 
4983	41 
4984	7 
4985	65 
4986	41 
4987	1 
4988	45 
4989	46 
4990	79 
4991	56 
4992	76 
4993	91 
4994	80 
4995	53 
4996	51 
4997	39 
4998	63 
4999	34 
5000	74 
