1	73 
2	58 
3	33 
4	93 
5	90 
6	54 
7	21 
8	11 
9	58 
10	4 
11	92 
12	31 
13	87 
14	77 
15	17 
16	69 
17	48 
18	26 
19	58 
20	90 
21	84 
22	90 
23	68 
24	74 
25	52 
26	1 
27	87 
28	92 
29	84 
30	89 
31	77 
32	15 
33	81 
34	39 
35	95 
36	75 
37	15 
38	80 
39	49 
40	47 
41	2 
42	47 
43	39 
44	98 
45	95 
46	15 
47	69 
48	78 
49	64 
50	42 
51	78 
52	39 
53	47 
54	83 
55	85 
56	61 
57	86 
58	57 
59	38 
60	38 
61	78 
62	23 
63	28 
64	91 
65	58 
66	59 
67	98 
68	87 
69	11 
70	2 
71	17 
72	14 
73	4 
74	67 
75	39 
76	59 
77	51 
78	92 
79	79 
80	8 
81	17 
82	10 
83	80 
84	47 
85	47 
86	12 
87	49 
88	25 
89	40 
90	60 
91	27 
92	31 
93	14 
94	52 
95	1 
96	9 
97	45 
98	13 
99	70 
100	31 
101	19 
102	14 
103	60 
104	22 
105	11 
106	2 
107	75 
108	64 
109	20 
110	52 
111	35 
112	70 
113	27 
114	3 
115	10 
116	14 
117	84 
118	32 
119	39 
120	68 
121	84 
122	67 
123	11 
124	10 
125	75 
126	66 
127	47 
128	35 
129	34 
130	77 
131	49 
132	58 
133	98 
134	52 
135	74 
136	38 
137	87 
138	80 
139	23 
140	37 
141	49 
142	21 
143	92 
144	53 
145	99 
146	5 
147	27 
148	46 
149	38 
150	58 
151	6 
152	41 
153	99 
154	13 
155	6 
156	21 
157	38 
158	87 
159	73 
160	59 
161	14 
162	21 
163	47 
164	82 
165	88 
166	42 
167	82 
168	65 
169	27 
170	61 
171	21 
172	52 
173	61 
174	48 
175	62 
176	64 
177	38 
178	87 
179	100 
180	25 
181	2 
182	38 
183	75 
184	58 
185	45 
186	14 
187	82 
188	76 
189	27 
190	22 
191	63 
192	4 
193	91 
194	37 
195	33 
196	3 
197	85 
198	28 
199	8 
200	93 
201	85 
202	16 
203	48 
204	17 
205	72 
206	87 
207	8 
208	98 
209	89 
210	65 
211	47 
212	64 
213	13 
214	23 
215	67 
216	66 
217	9 
218	37 
219	22 
220	30 
221	30 
222	22 
223	15 
224	96 
225	81 
226	42 
227	72 
228	68 
229	23 
230	87 
231	93 
232	63 
233	26 
234	87 
235	78 
236	95 
237	96 
238	79 
239	31 
240	34 
241	77 
242	77 
243	47 
244	84 
245	13 
246	79 
247	54 
248	14 
249	52 
250	38 
251	31 
252	75 
253	64 
254	43 
255	86 
256	50 
257	33 
258	75 
259	28 
260	3 
261	22 
262	14 
263	47 
264	75 
265	24 
266	27 
267	94 
268	51 
269	53 
270	58 
271	99 
272	34 
273	96 
274	84 
275	92 
276	88 
277	38 
278	9 
279	3 
280	27 
281	83 
282	80 
283	100 
284	29 
285	23 
286	17 
287	19 
288	27 
289	15 
290	37 
291	82 
292	38 
293	33 
294	49 
295	17 
296	98 
297	87 
298	15 
299	45 
300	10 
301	85 
302	56 
303	77 
304	85 
305	29 
306	72 
307	38 
308	59 
309	34 
310	79 
311	24 
312	48 
313	95 
314	38 
315	78 
316	4 
317	92 
318	82 
319	21 
320	14 
321	62 
322	81 
323	29 
324	56 
325	42 
326	14 
327	15 
328	94 
329	57 
330	68 
331	22 
332	74 
333	87 
334	59 
335	96 
336	84 
337	10 
338	85 
339	83 
340	58 
341	22 
342	92 
343	68 
344	10 
345	14 
346	79 
347	48 
348	40 
349	36 
350	62 
351	68 
352	48 
353	88 
354	47 
355	90 
356	19 
357	3 
358	66 
359	70 
360	37 
361	28 
362	98 
363	99 
364	56 
365	93 
366	27 
367	34 
368	64 
369	3 
370	16 
371	21 
372	68 
373	77 
374	46 
375	14 
376	13 
377	93 
378	22 
379	60 
380	19 
381	21 
382	1 
383	65 
384	95 
385	96 
386	56 
387	4 
388	79 
389	75 
390	42 
391	35 
392	39 
393	98 
394	37 
395	53 
396	79 
397	37 
398	29 
399	30 
400	45 
401	84 
402	66 
403	29 
404	14 
405	33 
406	73 
407	49 
408	30 
409	98 
410	96 
411	9 
412	88 
413	33 
414	100 
415	34 
416	87 
417	27 
418	3 
419	15 
420	3 
421	3 
422	91 
423	21 
424	3 
425	52 
426	100 
427	19 
428	61 
429	13 
430	65 
431	39 
432	53 
433	98 
434	85 
435	3 
436	86 
437	2 
438	99 
439	96 
440	47 
441	8 
442	33 
443	39 
444	80 
445	2 
446	87 
447	96 
448	68 
449	45 
450	3 
451	43 
452	75 
453	49 
454	60 
455	27 
456	60 
457	15 
458	97 
459	68 
460	76 
461	84 
462	73 
463	59 
464	2 
465	72 
466	99 
467	7 
468	6 
469	33 
470	22 
471	57 
472	62 
473	27 
474	66 
475	56 
476	34 
477	70 
478	16 
479	37 
480	61 
481	19 
482	63 
483	70 
484	98 
485	36 
486	14 
487	18 
488	1 
489	6 
490	45 
491	34 
492	10 
493	33 
494	63 
495	49 
496	68 
497	13 
498	19 
499	17 
500	65 
501	86 
502	14 
503	78 
504	42 
505	85 
506	67 
507	51 
508	48 
509	96 
510	56 
511	34 
512	13 
513	52 
514	52 
515	20 
516	80 
517	17 
518	9 
519	99 
520	96 
521	15 
522	23 
523	93 
524	29 
525	15 
526	49 
527	23 
528	65 
529	100 
530	1 
531	22 
532	72 
533	8 
534	65 
535	22 
536	48 
537	68 
538	36 
539	52 
540	14 
541	32 
542	73 
543	72 
544	23 
545	63 
546	32 
547	45 
548	9 
549	60 
550	49 
551	57 
552	2 
553	4 
554	36 
555	58 
556	92 
557	46 
558	72 
559	45 
560	77 
561	59 
562	1 
563	14 
564	8 
565	47 
566	10 
567	69 
568	2 
569	47 
570	58 
571	41 
572	70 
573	36 
574	14 
575	65 
576	28 
577	25 
578	4 
579	59 
580	13 
581	27 
582	70 
583	55 
584	51 
585	5 
586	91 
587	81 
588	53 
589	4 
590	40 
591	45 
592	59 
593	93 
594	17 
595	33 
596	69 
597	99 
598	93 
599	47 
600	37 
601	5 
602	9 
603	31 
604	34 
605	96 
606	55 
607	79 
608	67 
609	101 
610	87 
611	49 
612	60 
613	77 
614	98 
615	58 
616	3 
617	80 
618	3 
619	33 
620	60 
621	85 
622	93 
623	99 
624	58 
625	58 
626	66 
627	68 
628	38 
629	3 
630	5 
631	15 
632	15 
633	36 
634	78 
635	3 
636	91 
637	12 
638	8 
639	74 
640	50 
641	28 
642	42 
643	38 
644	22 
645	61 
646	99 
647	85 
648	100 
649	43 
650	48 
651	1 
652	85 
653	5 
654	79 
655	93 
656	96 
657	89 
658	37 
659	3 
660	36 
661	80 
662	92 
663	99 
664	45 
665	47 
666	73 
667	30 
668	99 
669	13 
670	65 
671	47 
672	51 
673	2 
674	2 
675	49 
676	86 
677	20 
678	99 
679	34 
680	62 
681	48 
682	34 
683	18 
684	93 
685	50 
686	42 
687	72 
688	3 
689	59 
690	93 
691	39 
692	47 
693	76 
694	92 
695	37 
696	25 
697	48 
698	39 
699	80 
700	72 
701	23 
702	37 
703	45 
704	65 
705	8 
706	55 
707	10 
708	81 
709	18 
710	59 
711	4 
712	37 
713	57 
714	57 
715	53 
716	48 
717	87 
718	34 
719	45 
720	30 
721	15 
722	37 
723	40 
724	49 
725	22 
726	78 
727	45 
728	26 
729	48 
730	36 
731	38 
732	64 
733	49 
734	22 
735	23 
736	38 
737	39 
738	53 
739	80 
740	66 
741	65 
742	49 
743	30 
744	33 
745	92 
746	96 
747	96 
748	33 
749	79 
750	13 
751	20 
752	60 
753	15 
754	31 
755	24 
756	37 
757	36 
758	27 
759	39 
760	3 
761	17 
762	100 
763	85 
764	92 
765	69 
766	79 
767	59 
768	61 
769	72 
770	23 
771	61 
772	66 
773	13 
774	95 
775	85 
776	82 
777	18 
778	38 
779	10 
780	60 
781	3 
782	52 
783	65 
784	52 
785	42 
786	100 
787	81 
788	37 
789	73 
790	25 
791	29 
792	8 
793	93 
794	34 
795	37 
796	72 
797	36 
798	9 
799	36 
800	19 
801	43 
802	91 
803	78 
804	15 
805	27 
806	74 
807	18 
808	80 
809	60 
810	79 
811	57 
812	88 
813	87 
814	49 
815	82 
816	64 
817	47 
818	17 
819	49 
820	16 
821	33 
822	22 
823	54 
824	15 
825	101 
826	48 
827	92 
828	14 
829	4 
830	50 
831	98 
832	96 
833	64 
834	98 
835	68 
836	33 
837	86 
838	45 
839	93 
840	70 
841	75 
842	58 
843	9 
844	84 
845	70 
846	86 
847	56 
848	86 
849	5 
850	68 
851	40 
852	92 
853	42 
854	48 
855	37 
856	70 
857	30 
858	47 
859	21 
860	4 
861	69 
862	15 
863	82 
864	41 
865	65 
866	92 
867	16 
868	12 
869	18 
870	59 
871	29 
872	93 
873	96 
874	38 
875	93 
876	72 
877	36 
878	64 
879	5 
880	34 
881	46 
882	4 
883	22 
884	95 
885	85 
886	57 
887	77 
888	75 
889	49 
890	59 
891	14 
892	60 
893	10 
894	5 
895	72 
896	47 
897	6 
898	72 
899	61 
900	80 
901	5 
902	14 
903	58 
904	79 
905	17 
906	52 
907	2 
908	87 
909	12 
910	23 
911	29 
912	49 
913	76 
914	45 
915	7 
916	5 
917	4 
918	37 
919	48 
920	57 
921	65 
922	99 
923	63 
924	33 
925	24 
926	1 
927	63 
928	22 
929	55 
930	23 
931	31 
932	57 
933	27 
934	58 
935	21 
936	47 
937	23 
938	47 
939	16 
940	68 
941	7 
942	58 
943	89 
944	32 
945	63 
946	26 
947	24 
948	1 
949	59 
950	65 
951	24 
952	88 
953	2 
954	75 
955	63 
956	82 
957	100 
958	72 
959	16 
960	98 
961	8 
962	10 
963	44 
964	100 
965	67 
966	72 
967	91 
968	27 
969	3 
970	52 
971	22 
972	55 
973	59 
974	29 
975	63 
976	85 
977	71 
978	2 
979	27 
980	52 
981	96 
982	32 
983	66 
984	31 
985	84 
986	59 
987	30 
988	83 
989	8 
990	49 
991	24 
992	47 
993	51 
994	84 
995	68 
996	86 
997	101 
998	24 
999	87 
1000	88 
1001	15 
1002	36 
1003	67 
1004	47 
1005	78 
1006	61 
1007	10 
1008	82 
1009	66 
1010	17 
1011	74 
1012	40 
1013	92 
1014	72 
1015	65 
1016	65 
1017	60 
1018	72 
1019	22 
1020	60 
1021	68 
1022	79 
1023	88 
1024	56 
1025	58 
1026	93 
1027	14 
1028	77 
1029	11 
1030	22 
1031	36 
1032	8 
1033	15 
1034	17 
1035	88 
1036	79 
1037	16 
1038	93 
1039	78 
1040	4 
1041	58 
1042	99 
1043	71 
1044	76 
1045	51 
1046	48 
1047	75 
1048	70 
1049	70 
1050	96 
1051	77 
1052	52 
1053	5 
1054	19 
1055	58 
1056	54 
1057	88 
1058	33 
1059	5 
1060	37 
1061	99 
1062	25 
1063	82 
1064	27 
1065	76 
1066	75 
1067	8 
1068	17 
1069	3 
1070	30 
1071	72 
1072	26 
1073	93 
1074	60 
1075	12 
1076	83 
1077	75 
1078	98 
1079	99 
1080	66 
1081	41 
1082	70 
1083	21 
1084	53 
1085	96 
1086	61 
1087	91 
1088	67 
1089	30 
1090	6 
1091	16 
1092	16 
1093	47 
1094	4 
1095	55 
1096	60 
1097	73 
1098	86 
1099	54 
1100	59 
1101	96 
1102	4 
1103	6 
1104	71 
1105	25 
1106	3 
1107	66 
1108	80 
1109	77 
1110	20 
1111	31 
1112	10 
1113	45 
1114	49 
1115	82 
1116	94 
1117	54 
1118	32 
1119	99 
1120	10 
1121	25 
1122	19 
1123	38 
1124	83 
1125	32 
1126	4 
1127	23 
1128	86 
1129	19 
1130	47 
1131	38 
1132	84 
1133	25 
1134	28 
1135	77 
1136	35 
1137	28 
1138	11 
1139	54 
1140	67 
1141	99 
1142	14 
1143	93 
1144	38 
1145	55 
1146	41 
1147	63 
1148	59 
1149	90 
1150	17 
1151	90 
1152	14 
1153	94 
1154	70 
1155	58 
1156	29 
1157	78 
1158	6 
1159	5 
1160	70 
1161	60 
1162	100 
1163	62 
1164	69 
1165	78 
1166	11 
1167	8 
1168	79 
1169	85 
1170	39 
1171	27 
1172	99 
1173	49 
1174	2 
1175	64 
1176	100 
1177	4 
1178	81 
1179	61 
1180	75 
1181	40 
1182	20 
1183	7 
1184	26 
1185	17 
1186	38 
1187	92 
1188	47 
1189	82 
1190	69 
1191	88 
1192	47 
1193	96 
1194	60 
1195	42 
1196	9 
1197	37 
1198	92 
1199	65 
1200	22 
1201	27 
1202	7 
1203	24 
1204	89 
1205	11 
1206	87 
1207	3 
1208	14 
1209	8 
1210	53 
1211	22 
1212	44 
1213	88 
1214	75 
1215	85 
1216	92 
1217	86 
1218	92 
1219	17 
1220	47 
1221	56 
1222	73 
1223	18 
1224	74 
1225	85 
1226	6 
1227	81 
1228	61 
1229	17 
1230	3 
1231	75 
1232	25 
1233	85 
1234	79 
1235	33 
1236	38 
1237	50 
1238	54 
1239	2 
1240	101 
1241	5 
1242	60 
1243	78 
1244	14 
1245	84 
1246	11 
1247	101 
1248	49 
1249	89 
1250	46 
1251	26 
1252	93 
1253	23 
1254	1 
1255	35 
1256	39 
1257	48 
1258	17 
1259	17 
1260	9 
1261	93 
1262	87 
1263	47 
1264	34 
1265	36 
1266	94 
1267	53 
1268	82 
1269	36 
1270	94 
1271	59 
1272	15 
1273	89 
1274	56 
1275	25 
1276	25 
1277	38 
1278	17 
1279	60 
1280	64 
1281	48 
1282	46 
1283	101 
1284	83 
1285	17 
1286	83 
1287	49 
1288	90 
1289	45 
1290	15 
1291	28 
1292	49 
1293	81 
1294	17 
1295	38 
1296	90 
1297	13 
1298	53 
1299	2 
1300	12 
1301	42 
1302	15 
1303	53 
1304	63 
1305	99 
1306	3 
1307	21 
1308	101 
1309	39 
1310	15 
1311	47 
1312	38 
1313	37 
1314	16 
1315	47 
1316	47 
1317	92 
1318	49 
1319	82 
1320	23 
1321	11 
1322	2 
1323	100 
1324	54 
1325	32 
1326	64 
1327	84 
1328	38 
1329	3 
1330	60 
1331	75 
1332	76 
1333	36 
1334	39 
1335	91 
1336	21 
1337	64 
1338	89 
1339	7 
1340	85 
1341	19 
1342	58 
1343	52 
1344	56 
1345	75 
1346	38 
1347	77 
1348	82 
1349	13 
1350	42 
1351	52 
1352	56 
1353	51 
1354	79 
1355	3 
1356	48 
1357	92 
1358	89 
1359	96 
1360	20 
1361	26 
1362	98 
1363	84 
1364	2 
1365	73 
1366	19 
1367	18 
1368	90 
1369	31 
1370	49 
1371	85 
1372	27 
1373	50 
1374	62 
1375	89 
1376	7 
1377	70 
1378	40 
1379	1 
1380	2 
1381	87 
1382	25 
1383	82 
1384	99 
1385	4 
1386	10 
1387	30 
1388	18 
1389	8 
1390	89 
1391	19 
1392	87 
1393	53 
1394	27 
1395	65 
1396	45 
1397	8 
1398	93 
1399	10 
1400	7 
1401	47 
1402	57 
1403	81 
1404	36 
1405	81 
1406	88 
1407	22 
1408	17 
1409	1 
1410	25 
1411	68 
1412	59 
1413	92 
1414	61 
1415	17 
1416	75 
1417	84 
1418	38 
1419	53 
1420	91 
1421	18 
1422	25 
1423	77 
1424	64 
1425	91 
1426	52 
1427	38 
1428	60 
1429	33 
1430	24 
1431	27 
1432	97 
1433	79 
1434	3 
1435	59 
1436	86 
1437	63 
1438	49 
1439	79 
1440	100 
1441	96 
1442	27 
1443	47 
1444	29 
1445	8 
1446	63 
1447	63 
1448	91 
1449	3 
1450	64 
1451	49 
1452	19 
1453	49 
1454	38 
1455	22 
1456	64 
1457	75 
1458	79 
1459	98 
1460	36 
1461	60 
1462	99 
1463	79 
1464	78 
1465	96 
1466	14 
1467	59 
1468	2 
1469	92 
1470	14 
1471	15 
1472	68 
1473	84 
1474	15 
1475	5 
1476	66 
1477	40 
1478	87 
1479	93 
1480	7 
1481	3 
1482	9 
1483	37 
1484	9 
1485	101 
1486	98 
1487	25 
1488	32 
1489	99 
1490	23 
1491	84 
1492	93 
1493	16 
1494	92 
1495	94 
1496	19 
1497	2 
1498	70 
1499	52 
1500	51 
1501	97 
1502	82 
1503	36 
1504	48 
1505	59 
1506	39 
1507	1 
1508	80 
1509	10 
1510	30 
1511	97 
1512	24 
1513	46 
1514	57 
1515	92 
1516	94 
1517	65 
1518	47 
1519	70 
1520	46 
1521	59 
1522	89 
1523	51 
1524	65 
1525	96 
1526	11 
1527	58 
1528	18 
1529	22 
1530	75 
1531	69 
1532	77 
1533	54 
1534	52 
1535	98 
1536	28 
1537	66 
1538	24 
1539	47 
1540	96 
1541	4 
1542	82 
1543	87 
1544	96 
1545	57 
1546	87 
1547	14 
1548	58 
1549	70 
1550	21 
1551	11 
1552	84 
1553	2 
1554	36 
1555	59 
1556	60 
1557	25 
1558	44 
1559	49 
1560	79 
1561	13 
1562	3 
1563	9 
1564	25 
1565	92 
1566	52 
1567	60 
1568	51 
1569	86 
1570	39 
1571	69 
1572	47 
1573	68 
1574	93 
1575	100 
1576	30 
1577	14 
1578	52 
1579	100 
1580	38 
1581	47 
1582	68 
1583	82 
1584	52 
1585	100 
1586	22 
1587	25 
1588	27 
1589	61 
1590	29 
1591	87 
1592	100 
1593	68 
1594	77 
1595	99 
1596	74 
1597	47 
1598	25 
1599	75 
1600	38 
1601	21 
1602	22 
1603	79 
1604	93 
1605	80 
1606	66 
1607	62 
1608	27 
1609	50 
1610	82 
1611	80 
1612	22 
1613	5 
1614	91 
1615	72 
1616	38 
1617	81 
1618	94 
1619	84 
1620	38 
1621	12 
1622	14 
1623	20 
1624	25 
1625	100 
1626	90 
1627	63 
1628	47 
1629	52 
1630	75 
1631	34 
1632	82 
1633	79 
1634	72 
1635	15 
1636	62 
1637	93 
1638	82 
1639	23 
1640	73 
1641	84 
1642	36 
1643	48 
1644	42 
1645	77 
1646	77 
1647	79 
1648	98 
1649	48 
1650	33 
1651	33 
1652	92 
1653	61 
1654	37 
1655	36 
1656	56 
1657	14 
1658	23 
1659	85 
1660	24 
1661	64 
1662	100 
1663	97 
1664	66 
1665	68 
1666	16 
1667	49 
1668	96 
1669	82 
1670	45 
1671	52 
1672	85 
1673	60 
1674	95 
1675	93 
1676	38 
1677	59 
1678	49 
1679	33 
1680	4 
1681	9 
1682	14 
1683	36 
1684	85 
1685	10 
1686	84 
1687	52 
1688	26 
1689	87 
1690	96 
1691	92 
1692	100 
1693	22 
1694	92 
1695	42 
1696	42 
1697	38 
1698	96 
1699	66 
1700	49 
1701	31 
1702	22 
1703	72 
1704	73 
1705	85 
1706	30 
1707	16 
1708	94 
1709	65 
1710	30 
1711	91 
1712	81 
1713	45 
1714	97 
1715	17 
1716	94 
1717	40 
1718	17 
1719	86 
1720	15 
1721	33 
1722	17 
1723	17 
1724	38 
1725	23 
1726	79 
1727	31 
1728	37 
1729	37 
1730	32 
1731	38 
1732	96 
1733	58 
1734	17 
1735	58 
1736	101 
1737	58 
1738	38 
1739	82 
1740	5 
1741	65 
1742	22 
1743	96 
1744	36 
1745	7 
1746	19 
1747	84 
1748	31 
1749	60 
1750	75 
1751	31 
1752	42 
1753	64 
1754	90 
1755	92 
1756	51 
1757	45 
1758	55 
1759	68 
1760	64 
1761	52 
1762	42 
1763	2 
1764	90 
1765	24 
1766	3 
1767	78 
1768	23 
1769	26 
1770	60 
1771	64 
1772	82 
1773	33 
1774	52 
1775	79 
1776	32 
1777	14 
1778	38 
1779	79 
1780	24 
1781	79 
1782	57 
1783	75 
1784	39 
1785	59 
1786	63 
1787	91 
1788	99 
1789	45 
1790	48 
1791	84 
1792	6 
1793	92 
1794	14 
1795	98 
1796	15 
1797	3 
1798	83 
1799	74 
1800	56 
1801	82 
1802	25 
1803	53 
1804	54 
1805	49 
1806	92 
1807	79 
1808	19 
1809	67 
1810	2 
1811	13 
1812	79 
1813	37 
1814	10 
1815	24 
1816	57 
1817	37 
1818	88 
1819	47 
1820	70 
1821	59 
1822	43 
1823	101 
1824	75 
1825	58 
1826	19 
1827	38 
1828	97 
1829	70 
1830	60 
1831	63 
1832	59 
1833	91 
1834	17 
1835	70 
1836	56 
1837	41 
1838	37 
1839	37 
1840	52 
1841	3 
1842	35 
1843	61 
1844	5 
1845	36 
1846	58 
1847	92 
1848	77 
1849	40 
1850	35 
1851	3 
1852	81 
1853	17 
1854	14 
1855	36 
1856	93 
1857	57 
1858	8 
1859	58 
1860	99 
1861	9 
1862	17 
1863	87 
1864	39 
1865	12 
1866	25 
1867	52 
1868	46 
1869	23 
1870	19 
1871	16 
1872	71 
1873	47 
1874	1 
1875	79 
1876	51 
1877	92 
1878	33 
1879	84 
1880	47 
1881	83 
1882	18 
1883	36 
1884	76 
1885	3 
1886	26 
1887	99 
1888	64 
1889	94 
1890	18 
1891	65 
1892	57 
1893	27 
1894	12 
1895	2 
1896	11 
1897	85 
1898	85 
1899	83 
1900	29 
1901	5 
1902	59 
1903	4 
1904	32 
1905	81 
1906	40 
1907	19 
1908	91 
1909	43 
1910	70 
1911	2 
1912	85 
1913	21 
1914	97 
1915	95 
1916	67 
1917	66 
1918	87 
1919	80 
1920	47 
1921	37 
1922	14 
1923	58 
1924	9 
1925	76 
1926	9 
1927	45 
1928	21 
1929	61 
1930	59 
1931	17 
1932	27 
1933	61 
1934	17 
1935	27 
1936	93 
1937	60 
1938	98 
1939	57 
1940	98 
1941	39 
1942	13 
1943	13 
1944	26 
1945	93 
1946	40 
1947	47 
1948	49 
1949	89 
1950	49 
1951	97 
1952	76 
1953	49 
1954	65 
1955	68 
1956	15 
1957	80 
1958	76 
1959	30 
1960	3 
1961	22 
1962	44 
1963	74 
1964	49 
1965	47 
1966	25 
1967	49 
1968	85 
1969	49 
1970	99 
1971	20 
1972	48 
1973	21 
1974	14 
1975	87 
1976	35 
1977	92 
1978	47 
1979	45 
1980	53 
1981	81 
1982	5 
1983	49 
1984	75 
1985	80 
1986	55 
1987	27 
1988	62 
1989	77 
1990	89 
1991	47 
1992	67 
1993	1 
1994	100 
1995	86 
1996	17 
1997	92 
1998	99 
1999	11 
2000	10 
2001	83 
2002	37 
2003	93 
2004	48 
2005	35 
2006	5 
2007	64 
2008	10 
2009	68 
2010	65 
2011	13 
2012	20 
2013	33 
2014	10 
2015	4 
2016	37 
2017	92 
2018	52 
2019	62 
2020	33 
2021	48 
2022	14 
2023	96 
2024	56 
2025	60 
2026	21 
2027	98 
2028	48 
2029	25 
2030	14 
2031	84 
2032	67 
2033	14 
2034	82 
2035	48 
2036	27 
2037	30 
2038	33 
2039	65 
2040	25 
2041	3 
2042	89 
2043	12 
2044	33 
2045	17 
2046	44 
2047	87 
2048	53 
2049	40 
2050	65 
2051	29 
2052	33 
2053	91 
2054	60 
2055	92 
2056	12 
2057	22 
2058	13 
2059	60 
2060	32 
2061	87 
2062	42 
2063	22 
2064	38 
2065	81 
2066	97 
2067	92 
2068	88 
2069	54 
2070	25 
2071	27 
2072	84 
2073	54 
2074	75 
2075	63 
2076	23 
2077	54 
2078	77 
2079	80 
2080	45 
2081	11 
2082	59 
2083	59 
2084	48 
2085	49 
2086	3 
2087	65 
2088	39 
2089	34 
2090	3 
2091	11 
2092	2 
2093	68 
2094	85 
2095	68 
2096	38 
2097	3 
2098	38 
2099	51 
2100	49 
2101	99 
2102	25 
2103	9 
2104	60 
2105	87 
2106	63 
2107	63 
2108	101 
2109	47 
2110	55 
2111	68 
2112	31 
2113	58 
2114	96 
2115	51 
2116	91 
2117	19 
2118	82 
2119	15 
2120	11 
2121	39 
2122	10 
2123	24 
2124	3 
2125	50 
2126	37 
2127	61 
2128	47 
2129	49 
2130	54 
2131	84 
2132	97 
2133	45 
2134	28 
2135	33 
2136	16 
2137	50 
2138	8 
2139	12 
2140	11 
2141	60 
2142	41 
2143	68 
2144	42 
2145	85 
2146	33 
2147	81 
2148	88 
2149	75 
2150	24 
2151	90 
2152	36 
2153	49 
2154	6 
2155	96 
2156	87 
2157	3 
2158	94 
2159	41 
2160	93 
2161	12 
2162	22 
2163	49 
2164	13 
2165	26 
2166	92 
2167	61 
2168	84 
2169	63 
2170	29 
2171	2 
2172	98 
2173	87 
2174	79 
2175	89 
2176	65 
2177	38 
2178	16 
2179	33 
2180	87 
2181	72 
2182	85 
2183	9 
2184	99 
2185	84 
2186	22 
2187	15 
2188	58 
2189	101 
2190	99 
2191	59 
2192	96 
2193	47 
2194	58 
2195	1 
2196	100 
2197	86 
2198	49 
2199	5 
2200	13 
2201	96 
2202	78 
2203	15 
2204	14 
2205	45 
2206	54 
2207	24 
2208	100 
2209	14 
2210	98 
2211	75 
2212	46 
2213	81 
2214	72 
2215	63 
2216	17 
2217	5 
2218	52 
2219	5 
2220	92 
2221	7 
2222	50 
2223	34 
2224	75 
2225	23 
2226	84 
2227	5 
2228	84 
2229	48 
2230	38 
2231	54 
2232	3 
2233	69 
2234	64 
2235	38 
2236	40 
2237	33 
2238	45 
2239	85 
2240	101 
2241	95 
2242	8 
2243	31 
2244	23 
2245	74 
2246	27 
2247	29 
2248	10 
2249	23 
2250	61 
2251	66 
2252	17 
2253	33 
2254	91 
2255	82 
2256	91 
2257	68 
2258	91 
2259	18 
2260	79 
2261	8 
2262	25 
2263	38 
2264	21 
2265	32 
2266	58 
2267	74 
2268	9 
2269	42 
2270	55 
2271	41 
2272	50 
2273	29 
2274	99 
2275	45 
2276	15 
2277	93 
2278	79 
2279	38 
2280	33 
2281	26 
2282	7 
2283	75 
2284	84 
2285	58 
2286	36 
2287	84 
2288	52 
2289	12 
2290	93 
2291	5 
2292	60 
2293	83 
2294	72 
2295	82 
2296	33 
2297	94 
2298	93 
2299	12 
2300	84 
2301	72 
2302	64 
2303	2 
2304	36 
2305	52 
2306	63 
2307	20 
2308	14 
2309	25 
2310	59 
2311	52 
2312	3 
2313	3 
2314	84 
2315	36 
2316	61 
2317	9 
2318	56 
2319	52 
2320	98 
2321	88 
2322	70 
2323	2 
2324	9 
2325	87 
2326	79 
2327	86 
2328	79 
2329	20 
2330	51 
2331	14 
2332	19 
2333	68 
2334	68 
2335	69 
2336	15 
2337	31 
2338	68 
2339	10 
2340	51 
2341	21 
2342	84 
2343	3 
2344	35 
2345	84 
2346	37 
2347	16 
2348	45 
2349	96 
2350	66 
2351	71 
2352	37 
2353	26 
2354	22 
2355	60 
2356	60 
2357	21 
2358	80 
2359	75 
2360	52 
2361	64 
2362	70 
2363	76 
2364	5 
2365	72 
2366	1 
2367	35 
2368	43 
2369	10 
2370	38 
2371	8 
2372	82 
2373	26 
2374	98 
2375	36 
2376	67 
2377	43 
2378	79 
2379	55 
2380	100 
2381	59 
2382	82 
2383	25 
2384	2 
2385	92 
2386	14 
2387	2 
2388	56 
2389	58 
2390	32 
2391	14 
2392	31 
2393	23 
2394	1 
2395	88 
2396	16 
2397	74 
2398	84 
2399	99 
2400	3 
2401	56 
2402	9 
2403	60 
2404	85 
2405	79 
2406	50 
2407	4 
2408	70 
2409	9 
2410	14 
2411	80 
2412	19 
2413	53 
2414	71 
2415	86 
2416	66 
2417	48 
2418	51 
2419	37 
2420	8 
2421	75 
2422	14 
2423	41 
2424	62 
2425	75 
2426	30 
2427	36 
2428	61 
2429	37 
2430	60 
2431	81 
2432	4 
2433	61 
2434	49 
2435	88 
2436	21 
2437	74 
2438	84 
2439	85 
2440	20 
2441	70 
2442	34 
2443	53 
2444	8 
2445	73 
2446	26 
2447	87 
2448	53 
2449	17 
2450	47 
2451	22 
2452	34 
2453	19 
2454	45 
2455	77 
2456	3 
2457	98 
2458	9 
2459	58 
2460	100 
2461	29 
2462	37 
2463	86 
2464	98 
2465	1 
2466	84 
2467	92 
2468	61 
2469	21 
2470	93 
2471	61 
2472	43 
2473	77 
2474	2 
2475	48 
2476	64 
2477	80 
2478	72 
2479	87 
2480	48 
2481	99 
2482	2 
2483	65 
2484	38 
2485	70 
2486	86 
2487	85 
2488	96 
2489	22 
2490	41 
2491	25 
2492	87 
2493	75 
2494	59 
2495	32 
2496	88 
2497	92 
2498	42 
2499	57 
2500	40 
2501	10 
2502	68 
2503	99 
2504	61 
2505	5 
2506	23 
2507	80 
2508	42 
2509	69 
2510	54 
2511	60 
2512	60 
2513	43 
2514	68 
2515	11 
2516	98 
2517	69 
2518	39 
2519	15 
2520	39 
2521	74 
2522	101 
2523	55 
2524	30 
2525	8 
2526	78 
2527	75 
2528	98 
2529	39 
2530	42 
2531	61 
2532	98 
2533	33 
2534	60 
2535	2 
2536	51 
2537	64 
2538	84 
2539	2 
2540	48 
2541	86 
2542	62 
2543	39 
2544	42 
2545	58 
2546	61 
2547	92 
2548	96 
2549	92 
2550	47 
2551	43 
2552	86 
2553	63 
2554	74 
2555	87 
2556	86 
2557	49 
2558	17 
2559	20 
2560	13 
2561	63 
2562	39 
2563	97 
2564	88 
2565	77 
2566	46 
2567	94 
2568	10 
2569	6 
2570	93 
2571	8 
2572	100 
2573	56 
2574	40 
2575	38 
2576	80 
2577	89 
2578	73 
2579	48 
2580	30 
2581	79 
2582	27 
2583	53 
2584	87 
2585	61 
2586	49 
2587	28 
2588	94 
2589	93 
2590	65 
2591	64 
2592	52 
2593	54 
2594	45 
2595	47 
2596	98 
2597	64 
2598	11 
2599	25 
2600	25 
2601	60 
2602	30 
2603	50 
2604	100 
2605	22 
2606	83 
2607	4 
2608	6 
2609	63 
2610	84 
2611	14 
2612	72 
2613	14 
2614	3 
2615	96 
2616	3 
2617	10 
2618	93 
2619	93 
2620	29 
2621	74 
2622	14 
2623	36 
2624	85 
2625	85 
2626	67 
2627	6 
2628	42 
2629	82 
2630	17 
2631	27 
2632	21 
2633	60 
2634	8 
2635	80 
2636	36 
2637	21 
2638	41 
2639	94 
2640	47 
2641	7 
2642	46 
2643	17 
2644	19 
2645	96 
2646	23 
2647	2 
2648	33 
2649	99 
2650	52 
2651	91 
2652	69 
2653	25 
2654	12 
2655	86 
2656	45 
2657	82 
2658	6 
2659	70 
2660	2 
2661	74 
2662	88 
2663	59 
2664	13 
2665	48 
2666	26 
2667	91 
2668	68 
2669	29 
2670	11 
2671	45 
2672	8 
2673	94 
2674	96 
2675	4 
2676	50 
2677	1 
2678	98 
2679	41 
2680	31 
2681	22 
2682	58 
2683	10 
2684	92 
2685	10 
2686	77 
2687	93 
2688	86 
2689	69 
2690	100 
2691	65 
2692	85 
2693	63 
2694	48 
2695	82 
2696	92 
2697	91 
2698	88 
2699	79 
2700	92 
2701	74 
2702	50 
2703	82 
2704	54 
2705	84 
2706	34 
2707	79 
2708	44 
2709	99 
2710	34 
2711	36 
2712	60 
2713	89 
2714	17 
2715	47 
2716	40 
2717	17 
2718	99 
2719	54 
2720	58 
2721	40 
2722	84 
2723	2 
2724	49 
2725	61 
2726	56 
2727	19 
2728	99 
2729	27 
2730	37 
2731	24 
2732	72 
2733	65 
2734	42 
2735	60 
2736	61 
2737	66 
2738	14 
2739	23 
2740	99 
2741	9 
2742	96 
2743	30 
2744	77 
2745	79 
2746	19 
2747	77 
2748	78 
2749	56 
2750	72 
2751	24 
2752	16 
2753	27 
2754	70 
2755	38 
2756	26 
2757	84 
2758	63 
2759	21 
2760	77 
2761	71 
2762	57 
2763	17 
2764	100 
2765	94 
2766	27 
2767	47 
2768	85 
2769	92 
2770	88 
2771	73 
2772	45 
2773	101 
2774	31 
2775	52 
2776	74 
2777	21 
2778	10 
2779	5 
2780	65 
2781	75 
2782	11 
2783	86 
2784	65 
2785	93 
2786	8 
2787	65 
2788	77 
2789	37 
2790	48 
2791	80 
2792	50 
2793	43 
2794	47 
2795	49 
2796	30 
2797	31 
2798	79 
2799	38 
2800	92 
2801	63 
2802	45 
2803	96 
2804	45 
2805	93 
2806	55 
2807	78 
2808	84 
2809	96 
2810	43 
2811	4 
2812	21 
2813	9 
2814	16 
2815	96 
2816	77 
2817	57 
2818	40 
2819	23 
2820	87 
2821	48 
2822	48 
2823	2 
2824	1 
2825	70 
2826	65 
2827	88 
2828	62 
2829	17 
2830	61 
2831	11 
2832	78 
2833	78 
2834	31 
2835	91 
2836	13 
2837	12 
2838	38 
2839	78 
2840	69 
2841	19 
2842	39 
2843	98 
2844	33 
2845	15 
2846	51 
2847	60 
2848	101 
2849	86 
2850	17 
2851	92 
2852	17 
2853	38 
2854	88 
2855	69 
2856	65 
2857	27 
2858	34 
2859	43 
2860	61 
2861	17 
2862	17 
2863	86 
2864	12 
2865	10 
2866	21 
2867	61 
2868	71 
2869	82 
2870	72 
2871	21 
2872	97 
2873	100 
2874	49 
2875	59 
2876	94 
2877	93 
2878	42 
2879	2 
2880	64 
2881	3 
2882	95 
2883	56 
2884	61 
2885	37 
2886	59 
2887	23 
2888	70 
2889	14 
2890	58 
2891	31 
2892	98 
2893	1 
2894	86 
2895	52 
2896	59 
2897	72 
2898	61 
2899	34 
2900	84 
2901	3 
2902	77 
2903	72 
2904	82 
2905	60 
2906	76 
2907	8 
2908	74 
2909	42 
2910	36 
2911	86 
2912	3 
2913	45 
2914	62 
2915	98 
2916	33 
2917	38 
2918	44 
2919	86 
2920	90 
2921	25 
2922	90 
2923	89 
2924	70 
2925	22 
2926	17 
2927	52 
2928	1 
2929	10 
2930	60 
2931	86 
2932	2 
2933	17 
2934	46 
2935	72 
2936	87 
2937	63 
2938	14 
2939	42 
2940	32 
2941	33 
2942	85 
2943	78 
2944	83 
2945	54 
2946	15 
2947	59 
2948	9 
2949	5 
2950	10 
2951	25 
2952	57 
2953	34 
2954	22 
2955	29 
2956	59 
2957	18 
2958	8 
2959	84 
2960	64 
2961	48 
2962	66 
2963	24 
2964	25 
2965	96 
2966	33 
2967	40 
2968	48 
2969	85 
2970	68 
2971	84 
2972	94 
2973	101 
2974	33 
2975	37 
2976	80 
2977	45 
2978	71 
2979	15 
2980	74 
2981	10 
2982	56 
2983	3 
2984	97 
2985	84 
2986	25 
2987	47 
2988	47 
2989	40 
2990	80 
2991	28 
2992	61 
2993	4 
2994	59 
2995	35 
2996	36 
2997	59 
2998	4 
2999	31 
3000	17 
3001	79 
3002	67 
3003	64 
3004	52 
3005	48 
3006	50 
3007	93 
3008	60 
3009	78 
3010	49 
3011	27 
3012	92 
3013	22 
3014	47 
3015	74 
3016	1 
3017	85 
3018	88 
3019	14 
3020	31 
3021	35 
3022	7 
3023	89 
3024	99 
3025	86 
3026	17 
3027	84 
3028	14 
3029	6 
3030	19 
3031	86 
3032	11 
3033	45 
3034	64 
3035	48 
3036	31 
3037	22 
3038	47 
3039	86 
3040	77 
3041	11 
3042	37 
3043	52 
3044	54 
3045	80 
3046	66 
3047	78 
3048	79 
3049	78 
3050	59 
3051	48 
3052	33 
3053	3 
3054	28 
3055	4 
3056	21 
3057	93 
3058	93 
3059	56 
3060	40 
3061	61 
3062	17 
3063	8 
3064	25 
3065	3 
3066	23 
3067	53 
3068	53 
3069	71 
3070	68 
3071	37 
3072	59 
3073	9 
3074	79 
3075	3 
3076	90 
3077	71 
3078	74 
3079	78 
3080	44 
3081	93 
3082	99 
3083	20 
3084	53 
3085	20 
3086	82 
3087	11 
3088	5 
3089	21 
3090	19 
3091	17 
3092	38 
3093	33 
3094	22 
3095	45 
3096	58 
3097	98 
3098	61 
3099	13 
3100	101 
3101	24 
3102	33 
3103	13 
3104	66 
3105	15 
3106	23 
3107	15 
3108	40 
3109	23 
3110	19 
3111	16 
3112	8 
3113	12 
3114	25 
3115	48 
3116	79 
3117	57 
3118	84 
3119	89 
3120	47 
3121	47 
3122	86 
3123	66 
3124	24 
3125	7 
3126	86 
3127	60 
3128	80 
3129	38 
3130	47 
3131	98 
3132	7 
3133	62 
3134	88 
3135	61 
3136	49 
3137	22 
3138	81 
3139	29 
3140	3 
3141	100 
3142	58 
3143	28 
3144	21 
3145	55 
3146	85 
3147	27 
3148	36 
3149	9 
3150	75 
3151	59 
3152	62 
3153	94 
3154	30 
3155	19 
3156	85 
3157	60 
3158	83 
3159	99 
3160	14 
3161	45 
3162	85 
3163	14 
3164	14 
3165	52 
3166	70 
3167	11 
3168	93 
3169	61 
3170	48 
3171	49 
3172	76 
3173	74 
3174	85 
3175	45 
3176	82 
3177	92 
3178	88 
3179	19 
3180	25 
3181	73 
3182	16 
3183	49 
3184	85 
3185	64 
3186	19 
3187	64 
3188	36 
3189	42 
3190	36 
3191	14 
3192	52 
3193	34 
3194	96 
3195	32 
3196	88 
3197	99 
3198	52 
3199	78 
3200	30 
3201	83 
3202	96 
3203	8 
3204	98 
3205	91 
3206	34 
3207	24 
3208	85 
3209	83 
3210	96 
3211	2 
3212	5 
3213	75 
3214	47 
3215	100 
3216	79 
3217	37 
3218	73 
3219	14 
3220	42 
3221	39 
3222	72 
3223	14 
3224	38 
3225	68 
3226	3 
3227	58 
3228	3 
3229	34 
3230	14 
3231	48 
3232	76 
3233	33 
3234	78 
3235	60 
3236	74 
3237	63 
3238	72 
3239	17 
3240	85 
3241	64 
3242	96 
3243	1 
3244	81 
3245	79 
3246	25 
3247	13 
3248	77 
3249	60 
3250	44 
3251	37 
3252	37 
3253	31 
3254	8 
3255	3 
3256	44 
3257	33 
3258	68 
3259	34 
3260	99 
3261	80 
3262	17 
3263	80 
3264	52 
3265	15 
3266	100 
3267	60 
3268	45 
3269	48 
3270	80 
3271	26 
3272	69 
3273	61 
3274	89 
3275	43 
3276	17 
3277	7 
3278	43 
3279	48 
3280	75 
3281	60 
3282	93 
3283	8 
3284	4 
3285	11 
3286	100 
3287	60 
3288	25 
3289	30 
3290	48 
3291	39 
3292	71 
3293	77 
3294	42 
3295	33 
3296	22 
3297	38 
3298	92 
3299	33 
3300	92 
3301	3 
3302	37 
3303	47 
3304	10 
3305	60 
3306	87 
3307	93 
3308	77 
3309	54 
3310	71 
3311	6 
3312	4 
3313	88 
3314	99 
3315	52 
3316	27 
3317	2 
3318	39 
3319	23 
3320	14 
3321	24 
3322	74 
3323	39 
3324	47 
3325	92 
3326	8 
3327	45 
3328	56 
3329	79 
3330	88 
3331	58 
3332	17 
3333	96 
3334	49 
3335	86 
3336	40 
3337	61 
3338	92 
3339	50 
3340	68 
3341	56 
3342	72 
3343	61 
3344	65 
3345	85 
3346	64 
3347	35 
3348	71 
3349	64 
3350	49 
3351	60 
3352	37 
3353	48 
3354	77 
3355	76 
3356	29 
3357	2 
3358	23 
3359	57 
3360	61 
3361	19 
3362	15 
3363	2 
3364	76 
3365	7 
3366	83 
3367	93 
3368	53 
3369	96 
3370	89 
3371	35 
3372	52 
3373	76 
3374	45 
3375	44 
3376	77 
3377	25 
3378	13 
3379	34 
3380	60 
3381	93 
3382	63 
3383	14 
3384	3 
3385	93 
3386	12 
3387	93 
3388	63 
3389	101 
3390	15 
3391	4 
3392	89 
3393	3 
3394	3 
3395	33 
3396	65 
3397	6 
3398	14 
3399	10 
3400	12 
3401	17 
3402	59 
3403	76 
3404	8 
3405	48 
3406	38 
3407	64 
3408	60 
3409	42 
3410	9 
3411	98 
3412	18 
3413	61 
3414	33 
3415	65 
3416	55 
3417	98 
3418	32 
3419	46 
3420	4 
3421	93 
3422	17 
3423	4 
3424	64 
3425	3 
3426	86 
3427	93 
3428	100 
3429	84 
3430	22 
3431	84 
3432	74 
3433	99 
3434	77 
3435	40 
3436	13 
3437	93 
3438	93 
3439	82 
3440	92 
3441	15 
3442	47 
3443	76 
3444	59 
3445	16 
3446	96 
3447	84 
3448	76 
3449	79 
3450	8 
3451	17 
3452	73 
3453	42 
3454	60 
3455	63 
3456	14 
3457	52 
3458	2 
3459	99 
3460	36 
3461	12 
3462	28 
3463	53 
3464	53 
3465	37 
3466	83 
3467	45 
3468	59 
3469	38 
3470	30 
3471	97 
3472	77 
3473	13 
3474	94 
3475	46 
3476	80 
3477	12 
3478	77 
3479	26 
3480	37 
3481	58 
3482	17 
3483	3 
3484	79 
3485	34 
3486	100 
3487	14 
3488	76 
3489	79 
3490	22 
3491	65 
3492	12 
3493	34 
3494	58 
3495	63 
3496	100 
3497	4 
3498	2 
3499	33 
3500	87 
3501	69 
3502	84 
3503	20 
3504	20 
3505	48 
3506	39 
3507	33 
3508	41 
3509	83 
3510	14 
3511	84 
3512	18 
3513	79 
3514	3 
3515	30 
3516	59 
3517	78 
3518	88 
3519	97 
3520	38 
3521	52 
3522	22 
3523	8 
3524	42 
3525	1 
3526	3 
3527	2 
3528	15 
3529	17 
3530	31 
3531	86 
3532	11 
3533	2 
3534	51 
3535	16 
3536	4 
3537	15 
3538	3 
3539	99 
3540	95 
3541	57 
3542	52 
3543	36 
3544	5 
3545	2 
3546	1 
3547	84 
3548	101 
3549	29 
3550	10 
3551	24 
3552	65 
3553	35 
3554	86 
3555	38 
3556	29 
3557	70 
3558	87 
3559	15 
3560	68 
3561	52 
3562	70 
3563	70 
3564	85 
3565	48 
3566	92 
3567	43 
3568	49 
3569	68 
3570	79 
3571	5 
3572	46 
3573	82 
3574	38 
3575	66 
3576	61 
3577	87 
3578	92 
3579	56 
3580	61 
3581	25 
3582	34 
3583	58 
3584	77 
3585	3 
3586	13 
3587	34 
3588	93 
3589	27 
3590	98 
3591	37 
3592	21 
3593	24 
3594	78 
3595	30 
3596	80 
3597	8 
3598	59 
3599	38 
3600	87 
3601	66 
3602	6 
3603	49 
3604	61 
3605	96 
3606	27 
3607	12 
3608	3 
3609	48 
3610	35 
3611	4 
3612	47 
3613	50 
3614	59 
3615	31 
3616	21 
3617	2 
3618	31 
3619	95 
3620	37 
3621	27 
3622	79 
3623	67 
3624	65 
3625	61 
3626	33 
3627	70 
3628	48 
3629	16 
3630	98 
3631	63 
3632	95 
3633	90 
3634	87 
3635	40 
3636	100 
3637	1 
3638	58 
3639	7 
3640	95 
3641	78 
3642	48 
3643	9 
3644	38 
3645	49 
3646	48 
3647	57 
3648	66 
3649	49 
3650	22 
3651	32 
3652	85 
3653	90 
3654	45 
3655	64 
3656	25 
3657	38 
3658	80 
3659	13 
3660	56 
3661	21 
3662	6 
3663	44 
3664	85 
3665	57 
3666	47 
3667	51 
3668	3 
3669	16 
3670	43 
3671	47 
3672	65 
3673	101 
3674	90 
3675	24 
3676	100 
3677	52 
3678	75 
3679	42 
3680	42 
3681	25 
3682	99 
3683	10 
3684	17 
3685	61 
3686	51 
3687	68 
3688	28 
3689	92 
3690	2 
3691	27 
3692	89 
3693	24 
3694	9 
3695	93 
3696	72 
3697	17 
3698	93 
3699	72 
3700	33 
3701	60 
3702	3 
3703	61 
3704	38 
3705	17 
3706	59 
3707	25 
3708	55 
3709	8 
3710	70 
3711	30 
3712	47 
3713	93 
3714	17 
3715	78 
3716	35 
3717	61 
3718	79 
3719	82 
3720	47 
3721	79 
3722	84 
3723	23 
3724	72 
3725	57 
3726	90 
3727	65 
3728	50 
3729	100 
3730	96 
3731	60 
3732	31 
3733	23 
3734	17 
3735	49 
3736	69 
3737	37 
3738	66 
3739	52 
3740	90 
3741	78 
3742	77 
3743	73 
3744	8 
3745	9 
3746	3 
3747	100 
3748	89 
3749	11 
3750	56 
3751	37 
3752	47 
3753	19 
3754	70 
3755	70 
3756	14 
3757	3 
3758	40 
3759	8 
3760	96 
3761	85 
3762	84 
3763	100 
3764	17 
3765	72 
3766	88 
3767	82 
3768	30 
3769	35 
3770	8 
3771	65 
3772	63 
3773	22 
3774	6 
3775	17 
3776	57 
3777	76 
3778	82 
3779	79 
3780	25 
3781	55 
3782	34 
3783	49 
3784	20 
3785	37 
3786	8 
3787	25 
3788	99 
3789	38 
3790	58 
3791	93 
3792	92 
3793	84 
3794	42 
3795	99 
3796	65 
3797	45 
3798	35 
3799	98 
3800	72 
3801	94 
3802	13 
3803	3 
3804	84 
3805	101 
3806	45 
3807	36 
3808	29 
3809	48 
3810	61 
3811	25 
3812	15 
3813	37 
3814	47 
3815	8 
3816	57 
3817	85 
3818	21 
3819	82 
3820	85 
3821	79 
3822	68 
3823	61 
3824	7 
3825	48 
3826	57 
3827	51 
3828	33 
3829	47 
3830	35 
3831	19 
3832	85 
3833	49 
3834	88 
3835	93 
3836	66 
3837	81 
3838	18 
3839	79 
3840	80 
3841	77 
3842	49 
3843	12 
3844	21 
3845	74 
3846	60 
3847	96 
3848	68 
3849	25 
3850	46 
3851	64 
3852	38 
3853	33 
3854	96 
3855	22 
3856	33 
3857	85 
3858	34 
3859	78 
3860	30 
3861	59 
3862	77 
3863	75 
3864	80 
3865	12 
3866	14 
3867	17 
3868	83 
3869	31 
3870	29 
3871	55 
3872	80 
3873	94 
3874	59 
3875	23 
3876	19 
3877	48 
3878	6 
3879	72 
3880	59 
3881	77 
3882	78 
3883	93 
3884	91 
3885	60 
3886	96 
3887	96 
3888	97 
3889	11 
3890	48 
3891	82 
3892	101 
3893	87 
3894	60 
3895	20 
3896	33 
3897	87 
3898	86 
3899	56 
3900	15 
3901	40 
3902	93 
3903	35 
3904	87 
3905	13 
3906	86 
3907	98 
3908	24 
3909	26 
3910	91 
3911	34 
3912	92 
3913	82 
3914	20 
3915	71 
3916	57 
3917	45 
3918	81 
3919	96 
3920	23 
3921	80 
3922	53 
3923	36 
3924	72 
3925	51 
3926	23 
3927	33 
3928	41 
3929	52 
3930	70 
3931	30 
3932	71 
3933	3 
3934	63 
3935	16 
3936	48 
3937	11 
3938	56 
3939	54 
3940	4 
3941	38 
3942	14 
3943	8 
3944	89 
3945	96 
3946	11 
3947	82 
3948	92 
3949	80 
3950	11 
3951	21 
3952	62 
3953	92 
3954	19 
3955	60 
3956	66 
3957	93 
3958	91 
3959	48 
3960	34 
3961	17 
3962	15 
3963	59 
3964	98 
3965	24 
3966	99 
3967	1 
3968	44 
3969	1 
3970	38 
3971	45 
3972	47 
3973	37 
3974	71 
3975	27 
3976	96 
3977	48 
3978	9 
3979	48 
3980	42 
3981	14 
3982	85 
3983	99 
3984	36 
3985	52 
3986	27 
3987	18 
3988	78 
3989	92 
3990	65 
3991	47 
3992	92 
3993	84 
3994	41 
3995	19 
3996	33 
3997	36 
3998	20 
3999	37 
4000	58 
4001	82 
4002	25 
4003	38 
4004	95 
4005	28 
4006	3 
4007	60 
4008	4 
4009	19 
4010	44 
4011	90 
4012	100 
4013	36 
4014	19 
4015	98 
4016	61 
4017	18 
4018	22 
4019	20 
4020	84 
4021	70 
4022	96 
4023	83 
4024	40 
4025	41 
4026	100 
4027	3 
4028	75 
4029	3 
4030	55 
4031	101 
4032	27 
4033	16 
4034	10 
4035	14 
4036	39 
4037	92 
4038	57 
4039	82 
4040	56 
4041	96 
4042	76 
4043	17 
4044	33 
4045	46 
4046	41 
4047	85 
4048	76 
4049	86 
4050	73 
4051	3 
4052	83 
4053	21 
4054	99 
4055	22 
4056	26 
4057	20 
4058	34 
4059	72 
4060	70 
4061	91 
4062	42 
4063	37 
4064	79 
4065	87 
4066	5 
4067	16 
4068	15 
4069	17 
4070	21 
4071	59 
4072	17 
4073	81 
4074	49 
4075	78 
4076	15 
4077	74 
4078	2 
4079	77 
4080	85 
4081	38 
4082	58 
4083	58 
4084	61 
4085	85 
4086	6 
4087	51 
4088	1 
4089	18 
4090	7 
4091	13 
4092	76 
4093	8 
4094	58 
4095	40 
4096	77 
4097	11 
4098	67 
4099	67 
4100	38 
4101	86 
4102	73 
4103	6 
4104	12 
4105	67 
4106	79 
4107	61 
4108	99 
4109	63 
4110	22 
4111	31 
4112	85 
4113	79 
4114	91 
4115	87 
4116	37 
4117	45 
4118	36 
4119	80 
4120	40 
4121	35 
4122	65 
4123	100 
4124	19 
4125	11 
4126	92 
4127	47 
4128	65 
4129	57 
4130	30 
4131	61 
4132	11 
4133	85 
4134	52 
4135	72 
4136	10 
4137	6 
4138	14 
4139	86 
4140	21 
4141	84 
4142	11 
4143	17 
4144	94 
4145	76 
4146	92 
4147	76 
4148	80 
4149	25 
4150	33 
4151	94 
4152	49 
4153	45 
4154	14 
4155	15 
4156	36 
4157	17 
4158	21 
4159	48 
4160	31 
4161	30 
4162	85 
4163	11 
4164	91 
4165	1 
4166	72 
4167	15 
4168	57 
4169	44 
4170	45 
4171	28 
4172	92 
4173	21 
4174	20 
4175	40 
4176	74 
4177	27 
4178	72 
4179	2 
4180	97 
4181	78 
4182	43 
4183	6 
4184	63 
4185	99 
4186	63 
4187	22 
4188	92 
4189	87 
4190	79 
4191	31 
4192	55 
4193	85 
4194	65 
4195	62 
4196	66 
4197	46 
4198	2 
4199	79 
4200	19 
4201	65 
4202	86 
4203	100 
4204	45 
4205	23 
4206	9 
4207	37 
4208	63 
4209	33 
4210	96 
4211	33 
4212	27 
4213	23 
4214	25 
4215	78 
4216	65 
4217	24 
4218	39 
4219	86 
4220	65 
4221	60 
4222	8 
4223	22 
4224	57 
4225	96 
4226	7 
4227	15 
4228	57 
4229	100 
4230	68 
4231	61 
4232	85 
4233	52 
4234	65 
4235	61 
4236	75 
4237	69 
4238	96 
4239	3 
4240	44 
4241	86 
4242	21 
4243	40 
4244	24 
4245	20 
4246	65 
4247	38 
4248	76 
4249	42 
4250	58 
4251	33 
4252	65 
4253	14 
4254	65 
4255	59 
4256	61 
4257	84 
4258	84 
4259	80 
4260	95 
4261	42 
4262	23 
4263	87 
4264	43 
4265	32 
4266	38 
4267	5 
4268	30 
4269	48 
4270	82 
4271	25 
4272	33 
4273	59 
4274	58 
4275	88 
4276	92 
4277	34 
4278	55 
4279	14 
4280	63 
4281	31 
4282	38 
4283	95 
4284	52 
4285	80 
4286	47 
4287	33 
4288	33 
4289	11 
4290	9 
4291	38 
4292	80 
4293	80 
4294	31 
4295	3 
4296	24 
4297	86 
4298	60 
4299	84 
4300	58 
4301	70 
4302	68 
4303	28 
4304	26 
4305	5 
4306	59 
4307	79 
4308	57 
4309	86 
4310	98 
4311	54 
4312	13 
4313	58 
4314	23 
4315	65 
4316	72 
4317	47 
4318	4 
4319	80 
4320	27 
4321	17 
4322	8 
4323	40 
4324	25 
4325	46 
4326	68 
4327	61 
4328	68 
4329	63 
4330	88 
4331	47 
4332	41 
4333	4 
4334	43 
4335	96 
4336	14 
4337	99 
4338	7 
4339	5 
4340	56 
4341	70 
4342	60 
4343	27 
4344	78 
4345	92 
4346	49 
4347	96 
4348	97 
4349	76 
4350	22 
4351	8 
4352	63 
4353	52 
4354	85 
4355	25 
4356	61 
4357	64 
4358	63 
4359	86 
4360	47 
4361	42 
4362	79 
4363	24 
4364	27 
4365	87 
4366	57 
4367	93 
4368	23 
4369	82 
4370	58 
4371	63 
4372	39 
4373	85 
4374	37 
4375	74 
4376	42 
4377	20 
4378	24 
4379	72 
4380	64 
4381	68 
4382	22 
4383	73 
4384	91 
4385	13 
4386	16 
4387	86 
4388	2 
4389	25 
4390	93 
4391	2 
4392	27 
4393	23 
4394	58 
4395	3 
4396	62 
4397	10 
4398	43 
4399	65 
4400	52 
4401	49 
4402	61 
4403	100 
4404	52 
4405	92 
4406	92 
4407	4 
4408	17 
4409	38 
4410	6 
4411	57 
4412	38 
4413	15 
4414	92 
4415	97 
4416	100 
4417	95 
4418	51 
4419	67 
4420	59 
4421	21 
4422	41 
4423	13 
4424	65 
4425	2 
4426	85 
4427	57 
4428	59 
4429	84 
4430	65 
4431	42 
4432	61 
4433	17 
4434	52 
4435	4 
4436	12 
4437	61 
4438	98 
4439	40 
4440	51 
4441	92 
4442	45 
4443	36 
4444	18 
4445	40 
4446	91 
4447	84 
4448	72 
4449	87 
4450	91 
4451	64 
4452	87 
4453	70 
4454	52 
4455	33 
4456	85 
4457	43 
4458	8 
4459	86 
4460	62 
4461	44 
4462	85 
4463	84 
4464	76 
4465	9 
4466	3 
4467	100 
4468	88 
4469	65 
4470	59 
4471	10 
4472	19 
4473	86 
4474	36 
4475	17 
4476	65 
4477	68 
4478	72 
4479	70 
4480	48 
4481	45 
4482	38 
4483	49 
4484	16 
4485	38 
4486	47 
4487	62 
4488	79 
4489	65 
4490	57 
4491	96 
4492	92 
4493	84 
4494	96 
4495	73 
4496	59 
4497	82 
4498	92 
4499	48 
4500	43 
4501	19 
4502	10 
4503	22 
4504	17 
4505	2 
4506	9 
4507	97 
4508	62 
4509	38 
4510	45 
4511	47 
4512	4 
4513	59 
4514	60 
4515	42 
4516	32 
4517	68 
4518	77 
4519	14 
4520	87 
4521	1 
4522	6 
4523	21 
4524	13 
4525	13 
4526	2 
4527	100 
4528	4 
4529	79 
4530	83 
4531	36 
4532	38 
4533	43 
4534	98 
4535	86 
4536	11 
4537	67 
4538	10 
4539	23 
4540	77 
4541	3 
4542	14 
4543	22 
4544	42 
4545	34 
4546	77 
4547	33 
4548	2 
4549	78 
4550	22 
4551	52 
4552	96 
4553	21 
4554	51 
4555	23 
4556	10 
4557	39 
4558	58 
4559	27 
4560	84 
4561	79 
4562	2 
4563	11 
4564	31 
4565	77 
4566	58 
4567	6 
4568	79 
4569	26 
4570	20 
4571	10 
4572	43 
4573	4 
4574	46 
4575	27 
4576	89 
4577	80 
4578	29 
4579	14 
4580	93 
4581	52 
4582	59 
4583	98 
4584	55 
4585	19 
4586	48 
4587	60 
4588	52 
4589	49 
4590	34 
4591	58 
4592	38 
4593	50 
4594	35 
4595	8 
4596	2 
4597	48 
4598	99 
4599	23 
4600	84 
4601	61 
4602	70 
4603	25 
4604	94 
4605	31 
4606	45 
4607	45 
4608	98 
4609	73 
4610	15 
4611	16 
4612	58 
4613	88 
4614	38 
4615	24 
4616	58 
4617	57 
4618	14 
4619	45 
4620	38 
4621	89 
4622	47 
4623	10 
4624	51 
4625	51 
4626	20 
4627	85 
4628	80 
4629	62 
4630	52 
4631	90 
4632	25 
4633	34 
4634	30 
4635	17 
4636	18 
4637	61 
4638	23 
4639	4 
4640	75 
4641	23 
4642	66 
4643	84 
4644	50 
4645	32 
4646	8 
4647	93 
4648	71 
4649	41 
4650	78 
4651	11 
4652	36 
4653	32 
4654	68 
4655	44 
4656	23 
4657	59 
4658	43 
4659	3 
4660	68 
4661	19 
4662	60 
4663	2 
4664	12 
4665	87 
4666	13 
4667	20 
4668	49 
4669	59 
4670	81 
4671	86 
4672	23 
4673	4 
4674	92 
4675	63 
4676	75 
4677	68 
4678	1 
4679	62 
4680	19 
4681	45 
4682	27 
4683	97 
4684	44 
4685	25 
4686	49 
4687	37 
4688	4 
4689	44 
4690	25 
4691	30 
4692	45 
4693	60 
4694	48 
4695	57 
4696	27 
4697	30 
4698	39 
4699	17 
4700	101 
4701	91 
4702	81 
4703	39 
4704	74 
4705	4 
4706	66 
4707	19 
4708	57 
4709	58 
4710	76 
4711	88 
4712	87 
4713	64 
4714	97 
4715	87 
4716	38 
4717	54 
4718	92 
4719	17 
4720	5 
4721	68 
4722	49 
4723	42 
4724	10 
4725	10 
4726	59 
4727	2 
4728	47 
4729	3 
4730	96 
4731	39 
4732	37 
4733	97 
4734	73 
4735	74 
4736	8 
4737	94 
4738	66 
4739	15 
4740	78 
4741	62 
4742	33 
4743	96 
4744	27 
4745	4 
4746	88 
4747	86 
4748	47 
4749	10 
4750	3 
4751	70 
4752	66 
4753	56 
4754	92 
4755	48 
4756	44 
4757	70 
4758	37 
4759	65 
4760	45 
4761	13 
4762	32 
4763	9 
4764	3 
4765	58 
4766	54 
4767	34 
4768	77 
4769	76 
4770	73 
4771	25 
4772	45 
4773	70 
4774	1 
4775	38 
4776	60 
4777	73 
4778	61 
4779	27 
4780	30 
4781	61 
4782	90 
4783	14 
4784	35 
4785	2 
4786	10 
4787	49 
4788	39 
4789	75 
4790	37 
4791	83 
4792	19 
4793	16 
4794	36 
4795	34 
4796	2 
4797	61 
4798	15 
4799	58 
4800	92 
4801	27 
4802	78 
4803	15 
4804	79 
4805	52 
4806	93 
4807	47 
4808	84 
4809	17 
4810	95 
4811	81 
4812	26 
4813	13 
4814	14 
4815	93 
4816	51 
4817	95 
4818	75 
4819	58 
4820	40 
4821	47 
4822	41 
4823	19 
4824	38 
4825	73 
4826	79 
4827	86 
4828	58 
4829	87 
4830	9 
4831	49 
4832	23 
4833	48 
4834	33 
4835	80 
4836	27 
4837	52 
4838	63 
4839	67 
4840	3 
4841	100 
4842	72 
4843	63 
4844	16 
4845	68 
4846	57 
4847	16 
4848	98 
4849	38 
4850	98 
4851	45 
4852	36 
4853	38 
4854	98 
4855	65 
4856	79 
4857	98 
4858	54 
4859	19 
4860	42 
4861	80 
4862	86 
4863	45 
4864	30 
4865	80 
4866	78 
4867	60 
4868	86 
4869	10 
4870	40 
4871	84 
4872	73 
4873	96 
4874	78 
4875	78 
4876	68 
4877	63 
4878	48 
4879	61 
4880	27 
4881	84 
4882	79 
4883	62 
4884	70 
4885	99 
4886	15 
4887	5 
4888	70 
4889	65 
4890	17 
4891	79 
4892	49 
4893	52 
4894	64 
4895	17 
4896	79 
4897	19 
4898	29 
4899	98 
4900	96 
4901	49 
4902	30 
4903	76 
4904	68 
4905	11 
4906	86 
4907	2 
4908	95 
4909	87 
4910	58 
4911	27 
4912	30 
4913	15 
4914	59 
4915	84 
4916	86 
4917	47 
4918	34 
4919	72 
4920	3 
4921	2 
4922	92 
4923	79 
4924	52 
4925	15 
4926	47 
4927	25 
4928	8 
4929	55 
4930	38 
4931	71 
4932	27 
4933	30 
4934	60 
4935	96 
4936	57 
4937	19 
4938	96 
4939	87 
4940	33 
4941	56 
4942	58 
4943	66 
4944	27 
4945	73 
4946	85 
4947	84 
4948	85 
4949	49 
4950	45 
4951	10 
4952	23 
4953	98 
4954	2 
4955	68 
4956	47 
4957	38 
4958	49 
4959	87 
4960	17 
4961	94 
4962	40 
4963	87 
4964	55 
4965	72 
4966	65 
4967	68 
4968	2 
4969	99 
4970	64 
4971	61 
4972	96 
4973	6 
4974	87 
4975	17 
4976	2 
4977	3 
4978	3 
4979	80 
4980	78 
4981	43 
4982	77 
4983	14 
4984	13 
4985	99 
4986	14 
4987	14 
4988	59 
4989	96 
4990	48 
4991	47 
4992	62 
4993	53 
4994	45 
4995	71 
4996	11 
4997	74 
4998	79 
4999	30 
5000	33 
