1	50 
2	4 
3	51 
4	73 
5	65 
6	72 
7	19 
8	50 
9	13 
10	61 
11	41 
12	4 
13	29 
14	58 
15	74 
16	65 
17	88 
18	51 
19	42 
20	39 
21	47 
22	63 
23	18 
24	46 
25	67 
26	44 
27	37 
28	45 
29	86 
30	14 
31	64 
32	41 
33	80 
34	86 
35	44 
36	95 
37	2 
38	51 
39	90 
40	88 
41	94 
42	25 
43	54 
44	52 
45	43 
46	68 
47	16 
48	70 
49	25 
50	61 
51	81 
52	38 
53	66 
54	91 
55	6 
56	9 
57	97 
58	70 
59	43 
60	44 
61	90 
62	46 
63	33 
64	91 
65	41 
66	68 
67	63 
68	76 
69	12 
70	15 
71	40 
72	3 
73	71 
74	63 
75	88 
76	27 
77	68 
78	72 
79	1 
80	3 
81	97 
82	60 
83	21 
84	15 
85	57 
86	93 
87	2 
88	94 
89	83 
90	53 
91	76 
92	26 
93	91 
94	87 
95	25 
96	89 
97	76 
98	28 
99	12 
100	72 
101	15 
102	74 
103	90 
104	10 
105	26 
106	28 
107	61 
108	69 
109	34 
110	44 
111	44 
112	41 
113	52 
114	99 
115	13 
116	9 
117	76 
118	34 
119	18 
120	63 
121	66 
122	56 
123	3 
124	99 
125	1 
126	89 
127	80 
128	18 
129	65 
130	34 
131	93 
132	44 
133	76 
134	15 
135	50 
136	29 
137	57 
138	45 
139	8 
140	43 
141	47 
142	38 
143	69 
144	58 
145	16 
146	97 
147	45 
148	69 
149	44 
150	61 
151	44 
152	15 
153	72 
154	4 
155	45 
156	71 
157	61 
158	56 
159	7 
160	56 
161	52 
162	18 
163	99 
164	61 
165	95 
166	55 
167	97 
168	96 
169	55 
170	8 
171	29 
172	22 
173	12 
174	94 
175	6 
176	24 
177	38 
178	91 
179	13 
180	50 
181	41 
182	23 
183	83 
184	65 
185	5 
186	77 
187	52 
188	88 
189	35 
190	15 
191	71 
192	76 
193	44 
194	90 
195	62 
196	34 
197	8 
198	52 
199	17 
200	8 
201	3 
202	87 
203	81 
204	88 
205	69 
206	28 
207	8 
208	20 
209	85 
210	79 
211	37 
212	27 
213	87 
214	15 
215	70 
216	19 
217	34 
218	31 
219	36 
220	51 
221	88 
222	70 
223	21 
224	19 
225	34 
226	67 
227	88 
228	100 
229	61 
230	44 
231	58 
232	22 
233	8 
234	45 
235	49 
236	47 
237	91 
238	65 
239	15 
240	20 
241	12 
242	45 
243	65 
244	46 
245	40 
246	80 
247	63 
248	15 
249	88 
250	60 
251	76 
252	27 
253	85 
254	15 
255	99 
256	18 
257	77 
258	42 
259	96 
260	56 
261	15 
262	10 
263	92 
264	80 
265	40 
266	60 
267	12 
268	99 
269	9 
270	76 
271	61 
272	57 
273	72 
274	84 
275	94 
276	80 
277	9 
278	63 
279	9 
280	74 
281	93 
282	85 
283	88 
284	93 
285	11 
286	76 
287	34 
288	31 
289	16 
290	16 
291	44 
292	44 
293	19 
294	45 
295	9 
296	27 
297	62 
298	46 
299	77 
300	62 
301	7 
302	69 
303	58 
304	18 
305	69 
306	7 
307	43 
308	22 
309	51 
310	93 
311	88 
312	49 
313	86 
314	58 
315	54 
316	74 
317	12 
318	89 
319	71 
320	13 
321	46 
322	72 
323	63 
324	72 
325	85 
326	91 
327	88 
328	25 
329	46 
330	85 
331	84 
332	43 
333	4 
334	44 
335	91 
336	44 
337	13 
338	58 
339	31 
340	94 
341	31 
342	39 
343	44 
344	25 
345	78 
346	51 
347	17 
348	97 
349	11 
350	76 
351	43 
352	44 
353	40 
354	37 
355	9 
356	30 
357	100 
358	85 
359	12 
360	49 
361	72 
362	13 
363	68 
364	85 
365	95 
366	34 
367	100 
368	69 
369	47 
370	91 
371	44 
372	88 
373	93 
374	31 
375	89 
376	48 
377	62 
378	44 
379	96 
380	70 
381	4 
382	90 
383	61 
384	89 
385	56 
386	91 
387	80 
388	24 
389	70 
390	48 
391	88 
392	15 
393	52 
394	38 
395	64 
396	91 
397	9 
398	2 
399	61 
400	17 
401	85 
402	59 
403	32 
404	78 
405	94 
406	66 
407	69 
408	2 
409	62 
410	25 
411	50 
412	15 
413	15 
414	66 
415	99 
416	15 
417	55 
418	66 
419	93 
420	52 
421	9 
422	74 
423	68 
424	52 
425	10 
426	56 
427	42 
428	12 
429	35 
430	90 
431	14 
432	37 
433	100 
434	17 
435	21 
436	70 
437	31 
438	70 
439	27 
440	26 
441	55 
442	78 
443	41 
444	24 
445	12 
446	50 
447	44 
448	71 
449	13 
450	18 
451	32 
452	37 
453	88 
454	24 
455	19 
456	90 
457	61 
458	72 
459	72 
460	17 
461	84 
462	57 
463	56 
464	13 
465	18 
466	39 
467	39 
468	67 
469	7 
470	44 
471	60 
472	72 
473	90 
474	52 
475	13 
476	55 
477	56 
478	42 
479	34 
480	85 
481	31 
482	89 
483	88 
484	86 
485	17 
486	99 
487	24 
488	94 
489	5 
490	83 
491	44 
492	28 
493	60 
494	89 
495	80 
496	27 
497	31 
498	66 
499	61 
500	80 
501	50 
502	87 
503	30 
504	67 
505	88 
506	80 
507	50 
508	66 
509	81 
510	18 
511	70 
512	42 
513	38 
514	51 
515	55 
516	5 
517	100 
518	79 
519	2 
520	70 
521	55 
522	20 
523	3 
524	38 
525	10 
526	17 
527	67 
528	60 
529	12 
530	6 
531	99 
532	15 
533	96 
534	53 
535	12 
536	75 
537	65 
538	6 
539	56 
540	98 
541	35 
542	11 
543	50 
544	6 
545	45 
546	89 
547	29 
548	9 
549	76 
550	85 
551	7 
552	67 
553	52 
554	28 
555	17 
556	94 
557	38 
558	50 
559	56 
560	65 
561	87 
562	43 
563	81 
564	100 
565	61 
566	98 
567	27 
568	96 
569	41 
570	31 
571	3 
572	74 
573	48 
574	91 
575	72 
576	27 
577	88 
578	72 
579	13 
580	25 
581	98 
582	69 
583	22 
584	41 
585	33 
586	9 
587	100 
588	76 
589	88 
590	31 
591	90 
592	5 
593	91 
594	3 
595	27 
596	4 
597	47 
598	81 
599	98 
600	57 
601	63 
602	94 
603	53 
604	92 
605	82 
606	69 
607	84 
608	58 
609	59 
610	80 
611	56 
612	11 
613	28 
614	46 
615	43 
616	12 
617	43 
618	66 
619	8 
620	85 
621	15 
622	50 
623	76 
624	65 
625	10 
626	90 
627	90 
628	45 
629	25 
630	44 
631	61 
632	67 
633	69 
634	61 
635	45 
636	90 
637	58 
638	86 
639	96 
640	54 
641	94 
642	52 
643	90 
644	71 
645	88 
646	100 
647	86 
648	89 
649	89 
650	67 
651	25 
652	35 
653	70 
654	34 
655	49 
656	2 
657	27 
658	44 
659	51 
660	6 
661	34 
662	27 
663	74 
664	99 
665	33 
666	27 
667	100 
668	29 
669	85 
670	25 
671	57 
672	2 
673	47 
674	12 
675	56 
676	41 
677	80 
678	38 
679	30 
680	92 
681	18 
682	96 
683	34 
684	62 
685	12 
686	35 
687	42 
688	1 
689	41 
690	61 
691	76 
692	34 
693	43 
694	71 
695	11 
696	39 
697	21 
698	88 
699	81 
700	90 
701	30 
702	49 
703	34 
704	69 
705	68 
706	61 
707	37 
708	50 
709	1 
710	88 
711	80 
712	12 
713	81 
714	88 
715	60 
716	27 
717	52 
718	9 
719	68 
720	85 
721	77 
722	81 
723	48 
724	52 
725	99 
726	23 
727	89 
728	32 
729	60 
730	20 
731	90 
732	93 
733	55 
734	89 
735	29 
736	70 
737	71 
738	27 
739	18 
740	42 
741	76 
742	14 
743	97 
744	96 
745	49 
746	38 
747	51 
748	45 
749	19 
750	68 
751	55 
752	17 
753	82 
754	49 
755	2 
756	16 
757	91 
758	68 
759	63 
760	62 
761	30 
762	69 
763	12 
764	19 
765	34 
766	91 
767	36 
768	91 
769	68 
770	70 
771	42 
772	85 
773	29 
774	96 
775	85 
776	63 
777	53 
778	73 
779	12 
780	49 
781	42 
782	53 
783	89 
784	52 
785	64 
786	4 
787	93 
788	46 
789	65 
790	61 
791	74 
792	44 
793	34 
794	51 
795	77 
796	55 
797	96 
798	27 
799	80 
800	73 
801	20 
802	67 
803	8 
804	61 
805	22 
806	22 
807	76 
808	40 
809	61 
810	90 
811	72 
812	15 
813	15 
814	8 
815	55 
816	82 
817	65 
818	31 
819	52 
820	20 
821	85 
822	35 
823	72 
824	7 
825	38 
826	26 
827	99 
828	75 
829	28 
830	30 
831	100 
832	46 
833	76 
834	6 
835	15 
836	15 
837	51 
838	45 
839	68 
840	2 
841	57 
842	61 
843	93 
844	25 
845	15 
846	29 
847	67 
848	74 
849	42 
850	26 
851	74 
852	89 
853	15 
854	46 
855	17 
856	85 
857	47 
858	21 
859	66 
860	35 
861	31 
862	93 
863	66 
864	61 
865	54 
866	16 
867	55 
868	40 
869	94 
870	96 
871	95 
872	18 
873	91 
874	45 
875	73 
876	87 
877	6 
878	76 
879	30 
880	70 
881	76 
882	12 
883	49 
884	42 
885	38 
886	3 
887	3 
888	46 
889	12 
890	78 
891	45 
892	71 
893	45 
894	12 
895	50 
896	89 
897	82 
898	99 
899	79 
900	49 
901	37 
902	68 
903	65 
904	91 
905	100 
906	22 
907	20 
908	7 
909	95 
910	29 
911	60 
912	44 
913	69 
914	31 
915	15 
916	72 
917	94 
918	44 
919	54 
920	63 
921	77 
922	92 
923	38 
924	31 
925	80 
926	85 
927	10 
928	59 
929	65 
930	29 
931	71 
932	21 
933	89 
934	68 
935	24 
936	15 
937	3 
938	61 
939	24 
940	62 
941	86 
942	17 
943	68 
944	12 
945	67 
946	57 
947	90 
948	80 
949	92 
950	74 
951	69 
952	45 
953	73 
954	62 
955	85 
956	15 
957	70 
958	86 
959	61 
960	49 
961	99 
962	51 
963	63 
964	73 
965	91 
966	32 
967	62 
968	20 
969	85 
970	49 
971	88 
972	47 
973	91 
974	24 
975	74 
976	80 
977	12 
978	63 
979	42 
980	29 
981	18 
982	67 
983	73 
984	79 
985	33 
986	29 
987	43 
988	39 
989	27 
990	94 
991	13 
992	8 
993	25 
994	56 
995	80 
996	29 
997	76 
998	42 
999	4 
1000	36 
1001	7 
1002	44 
1003	14 
1004	74 
1005	44 
1006	78 
1007	85 
1008	51 
1009	79 
1010	65 
1011	86 
1012	53 
1013	19 
1014	31 
1015	96 
1016	47 
1017	47 
1018	50 
1019	37 
1020	65 
1021	79 
1022	69 
1023	68 
1024	65 
1025	91 
1026	50 
1027	50 
1028	67 
1029	62 
1030	90 
1031	76 
1032	1 
1033	8 
1034	96 
1035	98 
1036	30 
1037	35 
1038	34 
1039	82 
1040	12 
1041	18 
1042	64 
1043	85 
1044	13 
1045	6 
1046	12 
1047	76 
1048	42 
1049	63 
1050	87 
1051	80 
1052	70 
1053	69 
1054	39 
1055	34 
1056	66 
1057	42 
1058	69 
1059	57 
1060	73 
1061	38 
1062	94 
1063	34 
1064	40 
1065	80 
1066	72 
1067	44 
1068	53 
1069	93 
1070	41 
1071	52 
1072	87 
1073	69 
1074	57 
1075	6 
1076	68 
1077	89 
1078	6 
1079	88 
1080	47 
1081	9 
1082	32 
1083	46 
1084	86 
1085	54 
1086	76 
1087	3 
1088	31 
1089	15 
1090	16 
1091	15 
1092	95 
1093	69 
1094	83 
1095	61 
1096	96 
1097	65 
1098	80 
1099	55 
1100	70 
1101	100 
1102	22 
1103	58 
1104	97 
1105	47 
1106	12 
1107	61 
1108	84 
1109	57 
1110	40 
1111	91 
1112	61 
1113	30 
1114	79 
1115	15 
1116	65 
1117	91 
1118	65 
1119	28 
1120	9 
1121	54 
1122	3 
1123	45 
1124	99 
1125	52 
1126	82 
1127	9 
1128	36 
1129	27 
1130	34 
1131	65 
1132	67 
1133	31 
1134	89 
1135	12 
1136	45 
1137	63 
1138	79 
1139	44 
1140	97 
1141	91 
1142	29 
1143	53 
1144	91 
1145	2 
1146	91 
1147	29 
1148	89 
1149	61 
1150	55 
1151	69 
1152	20 
1153	68 
1154	85 
1155	96 
1156	51 
1157	85 
1158	52 
1159	44 
1160	62 
1161	8 
1162	12 
1163	62 
1164	82 
1165	61 
1166	92 
1167	99 
1168	62 
1169	94 
1170	99 
1171	82 
1172	25 
1173	55 
1174	51 
1175	63 
1176	93 
1177	79 
1178	1 
1179	88 
1180	89 
1181	44 
1182	42 
1183	12 
1184	48 
1185	25 
1186	56 
1187	74 
1188	88 
1189	3 
1190	14 
1191	51 
1192	78 
1193	76 
1194	63 
1195	13 
1196	69 
1197	83 
1198	44 
1199	64 
1200	98 
1201	32 
1202	76 
1203	89 
1204	90 
1205	25 
1206	17 
1207	70 
1208	73 
1209	25 
1210	54 
1211	44 
1212	68 
1213	8 
1214	3 
1215	89 
1216	12 
1217	56 
1218	35 
1219	13 
1220	90 
1221	66 
1222	76 
1223	58 
1224	56 
1225	14 
1226	68 
1227	33 
1228	1 
1229	9 
1230	99 
1231	51 
1232	89 
1233	65 
1234	63 
1235	99 
1236	80 
1237	43 
1238	80 
1239	41 
1240	8 
1241	27 
1242	2 
1243	66 
1244	65 
1245	79 
1246	56 
1247	95 
1248	64 
1249	86 
1250	4 
1251	65 
1252	75 
1253	90 
1254	20 
1255	12 
1256	38 
1257	89 
1258	31 
1259	86 
1260	69 
1261	90 
1262	91 
1263	25 
1264	88 
1265	4 
1266	87 
1267	70 
1268	58 
1269	61 
1270	46 
1271	65 
1272	4 
1273	44 
1274	85 
1275	38 
1276	65 
1277	58 
1278	74 
1279	34 
1280	83 
1281	81 
1282	52 
1283	19 
1284	56 
1285	80 
1286	52 
1287	45 
1288	57 
1289	51 
1290	71 
1291	48 
1292	43 
1293	90 
1294	47 
1295	85 
1296	60 
1297	71 
1298	18 
1299	11 
1300	36 
1301	46 
1302	17 
1303	100 
1304	88 
1305	74 
1306	88 
1307	38 
1308	44 
1309	41 
1310	60 
1311	15 
1312	38 
1313	61 
1314	18 
1315	5 
1316	8 
1317	50 
1318	56 
1319	21 
1320	15 
1321	76 
1322	61 
1323	60 
1324	77 
1325	41 
1326	65 
1327	3 
1328	8 
1329	74 
1330	38 
1331	20 
1332	95 
1333	5 
1334	15 
1335	68 
1336	92 
1337	84 
1338	42 
1339	52 
1340	44 
1341	68 
1342	88 
1343	50 
1344	100 
1345	56 
1346	3 
1347	58 
1348	47 
1349	70 
1350	19 
1351	73 
1352	81 
1353	3 
1354	65 
1355	47 
1356	4 
1357	65 
1358	57 
1359	55 
1360	68 
1361	66 
1362	79 
1363	3 
1364	86 
1365	12 
1366	32 
1367	40 
1368	63 
1369	76 
1370	94 
1371	34 
1372	70 
1373	68 
1374	90 
1375	31 
1376	52 
1377	80 
1378	86 
1379	90 
1380	85 
1381	90 
1382	17 
1383	63 
1384	79 
1385	44 
1386	65 
1387	94 
1388	75 
1389	98 
1390	52 
1391	50 
1392	100 
1393	36 
1394	41 
1395	94 
1396	15 
1397	52 
1398	8 
1399	47 
1400	61 
1401	86 
1402	48 
1403	25 
1404	46 
1405	80 
1406	69 
1407	85 
1408	93 
1409	98 
1410	74 
1411	78 
1412	74 
1413	12 
1414	47 
1415	77 
1416	36 
1417	7 
1418	14 
1419	99 
1420	54 
1421	8 
1422	24 
1423	54 
1424	82 
1425	44 
1426	94 
1427	72 
1428	10 
1429	74 
1430	13 
1431	36 
1432	53 
1433	86 
1434	99 
1435	34 
1436	44 
1437	47 
1438	3 
1439	57 
1440	95 
1441	58 
1442	9 
1443	12 
1444	25 
1445	71 
1446	12 
1447	38 
1448	80 
1449	81 
1450	77 
1451	85 
1452	31 
1453	61 
1454	50 
1455	51 
1456	94 
1457	40 
1458	38 
1459	9 
1460	34 
1461	94 
1462	99 
1463	27 
1464	42 
1465	8 
1466	46 
1467	23 
1468	89 
1469	17 
1470	1 
1471	55 
1472	3 
1473	63 
1474	18 
1475	54 
1476	71 
1477	18 
1478	12 
1479	31 
1480	76 
1481	4 
1482	52 
1483	43 
1484	8 
1485	79 
1486	74 
1487	37 
1488	42 
1489	32 
1490	11 
1491	83 
1492	70 
1493	85 
1494	8 
1495	45 
1496	75 
1497	65 
1498	56 
1499	44 
1500	40 
1501	65 
1502	76 
1503	35 
1504	20 
1505	12 
1506	61 
1507	39 
1508	92 
1509	37 
1510	85 
1511	61 
1512	86 
1513	85 
1514	56 
1515	71 
1516	12 
1517	99 
1518	56 
1519	39 
1520	8 
1521	90 
1522	29 
1523	63 
1524	80 
1525	56 
1526	88 
1527	4 
1528	55 
1529	15 
1530	49 
1531	47 
1532	31 
1533	66 
1534	72 
1535	92 
1536	44 
1537	68 
1538	68 
1539	70 
1540	42 
1541	3 
1542	33 
1543	50 
1544	47 
1545	16 
1546	48 
1547	85 
1548	72 
1549	10 
1550	6 
1551	25 
1552	95 
1553	44 
1554	46 
1555	82 
1556	85 
1557	15 
1558	42 
1559	15 
1560	67 
1561	61 
1562	90 
1563	91 
1564	40 
1565	70 
1566	70 
1567	34 
1568	5 
1569	52 
1570	53 
1571	15 
1572	91 
1573	66 
1574	91 
1575	83 
1576	33 
1577	29 
1578	29 
1579	72 
1580	61 
1581	71 
1582	45 
1583	54 
1584	61 
1585	94 
1586	90 
1587	91 
1588	50 
1589	80 
1590	57 
1591	52 
1592	36 
1593	25 
1594	35 
1595	63 
1596	1 
1597	57 
1598	76 
1599	74 
1600	42 
1601	24 
1602	8 
1603	51 
1604	85 
1605	25 
1606	26 
1607	100 
1608	91 
1609	39 
1610	91 
1611	16 
1612	65 
1613	98 
1614	80 
1615	80 
1616	68 
1617	54 
1618	78 
1619	44 
1620	21 
1621	94 
1622	49 
1623	56 
1624	27 
1625	54 
1626	43 
1627	99 
1628	89 
1629	58 
1630	52 
1631	8 
1632	44 
1633	29 
1634	99 
1635	61 
1636	70 
1637	25 
1638	20 
1639	42 
1640	52 
1641	3 
1642	71 
1643	29 
1644	8 
1645	51 
1646	16 
1647	77 
1648	60 
1649	14 
1650	40 
1651	75 
1652	34 
1653	94 
1654	46 
1655	3 
1656	2 
1657	2 
1658	6 
1659	100 
1660	74 
1661	12 
1662	44 
1663	61 
1664	61 
1665	46 
1666	66 
1667	79 
1668	61 
1669	24 
1670	88 
1671	88 
1672	65 
1673	4 
1674	14 
1675	38 
1676	63 
1677	2 
1678	76 
1679	45 
1680	33 
1681	51 
1682	24 
1683	44 
1684	29 
1685	94 
1686	96 
1687	89 
1688	33 
1689	50 
1690	37 
1691	84 
1692	16 
1693	51 
1694	10 
1695	27 
1696	84 
1697	12 
1698	76 
1699	66 
1700	51 
1701	50 
1702	71 
1703	37 
1704	55 
1705	56 
1706	58 
1707	37 
1708	76 
1709	3 
1710	61 
1711	23 
1712	16 
1713	88 
1714	42 
1715	81 
1716	1 
1717	12 
1718	89 
1719	54 
1720	84 
1721	12 
1722	68 
1723	27 
1724	81 
1725	96 
1726	44 
1727	44 
1728	37 
1729	44 
1730	45 
1731	80 
1732	34 
1733	80 
1734	1 
1735	34 
1736	16 
1737	52 
1738	90 
1739	52 
1740	62 
1741	89 
1742	96 
1743	85 
1744	65 
1745	89 
1746	90 
1747	34 
1748	46 
1749	90 
1750	63 
1751	41 
1752	74 
1753	70 
1754	65 
1755	80 
1756	23 
1757	65 
1758	66 
1759	31 
1760	56 
1761	29 
1762	72 
1763	8 
1764	65 
1765	66 
1766	68 
1767	61 
1768	31 
1769	38 
1770	48 
1771	63 
1772	25 
1773	94 
1774	36 
1775	68 
1776	66 
1777	57 
1778	49 
1779	2 
1780	63 
1781	27 
1782	27 
1783	62 
1784	65 
1785	3 
1786	94 
1787	15 
1788	28 
1789	95 
1790	18 
1791	58 
1792	36 
1793	76 
1794	42 
1795	60 
1796	55 
1797	50 
1798	52 
1799	99 
1800	18 
1801	65 
1802	50 
1803	56 
1804	76 
1805	94 
1806	27 
1807	35 
1808	97 
1809	70 
1810	95 
1811	41 
1812	99 
1813	85 
1814	85 
1815	80 
1816	7 
1817	100 
1818	52 
1819	91 
1820	29 
1821	80 
1822	80 
1823	21 
1824	92 
1825	90 
1826	9 
1827	85 
1828	97 
1829	51 
1830	6 
1831	72 
1832	61 
1833	41 
1834	60 
1835	3 
1836	53 
1837	51 
1838	65 
1839	90 
1840	49 
1841	27 
1842	47 
1843	95 
1844	78 
1845	2 
1846	62 
1847	52 
1848	49 
1849	58 
1850	90 
1851	99 
1852	65 
1853	59 
1854	54 
1855	85 
1856	11 
1857	45 
1858	17 
1859	74 
1860	35 
1861	58 
1862	50 
1863	15 
1864	31 
1865	69 
1866	97 
1867	71 
1868	45 
1869	18 
1870	90 
1871	23 
1872	37 
1873	43 
1874	89 
1875	29 
1876	72 
1877	61 
1878	76 
1879	57 
1880	57 
1881	63 
1882	14 
1883	55 
1884	79 
1885	88 
1886	40 
1887	80 
1888	78 
1889	85 
1890	4 
1891	59 
1892	24 
1893	12 
1894	99 
1895	92 
1896	3 
1897	72 
1898	3 
1899	51 
1900	74 
1901	65 
1902	68 
1903	84 
1904	99 
1905	29 
1906	56 
1907	67 
1908	98 
1909	11 
1910	10 
1911	61 
1912	50 
1913	10 
1914	88 
1915	48 
1916	34 
1917	71 
1918	47 
1919	63 
1920	74 
1921	11 
1922	92 
1923	82 
1924	99 
1925	43 
1926	41 
1927	9 
1928	93 
1929	89 
1930	10 
1931	34 
1932	93 
1933	44 
1934	73 
1935	17 
1936	67 
1937	15 
1938	25 
1939	13 
1940	72 
1941	51 
1942	31 
1943	12 
1944	51 
1945	49 
1946	8 
1947	32 
1948	35 
1949	79 
1950	18 
1951	98 
1952	63 
1953	52 
1954	33 
1955	90 
1956	54 
1957	38 
1958	4 
1959	20 
1960	68 
1961	15 
1962	91 
1963	90 
1964	34 
1965	65 
1966	90 
1967	72 
1968	22 
1969	91 
1970	58 
1971	85 
1972	13 
1973	74 
1974	46 
1975	44 
1976	97 
1977	29 
1978	5 
1979	2 
1980	97 
1981	91 
1982	47 
1983	97 
1984	37 
1985	39 
1986	40 
1987	4 
1988	80 
1989	68 
1990	80 
1991	28 
1992	60 
1993	53 
1994	98 
1995	89 
1996	33 
1997	61 
1998	31 
1999	76 
2000	63 
2001	81 
2002	52 
2003	3 
2004	80 
2005	68 
2006	34 
2007	24 
2008	78 
2009	96 
2010	50 
2011	83 
2012	81 
2013	80 
2014	99 
2015	35 
2016	32 
2017	72 
2018	89 
2019	29 
2020	45 
2021	70 
2022	47 
2023	17 
2024	60 
2025	63 
2026	12 
2027	13 
2028	76 
2029	21 
2030	70 
2031	29 
2032	20 
2033	58 
2034	30 
2035	43 
2036	8 
2037	69 
2038	7 
2039	75 
2040	3 
2041	76 
2042	40 
2043	63 
2044	78 
2045	44 
2046	32 
2047	12 
2048	35 
2049	10 
2050	29 
2051	45 
2052	84 
2053	88 
2054	37 
2055	85 
2056	54 
2057	30 
2058	81 
2059	54 
2060	9 
2061	68 
2062	82 
2063	67 
2064	12 
2065	55 
2066	29 
2067	76 
2068	36 
2069	44 
2070	17 
2071	31 
2072	94 
2073	21 
2074	48 
2075	7 
2076	52 
2077	44 
2078	53 
2079	29 
2080	34 
2081	94 
2082	23 
2083	25 
2084	75 
2085	29 
2086	65 
2087	97 
2088	75 
2089	3 
2090	34 
2091	12 
2092	95 
2093	3 
2094	18 
2095	58 
2096	99 
2097	35 
2098	5 
2099	83 
2100	20 
2101	85 
2102	24 
2103	83 
2104	45 
2105	81 
2106	45 
2107	85 
2108	70 
2109	46 
2110	61 
2111	65 
2112	60 
2113	41 
2114	34 
2115	62 
2116	31 
2117	78 
2118	54 
2119	55 
2120	48 
2121	40 
2122	62 
2123	80 
2124	8 
2125	69 
2126	83 
2127	95 
2128	5 
2129	20 
2130	18 
2131	44 
2132	40 
2133	31 
2134	12 
2135	63 
2136	63 
2137	44 
2138	65 
2139	10 
2140	96 
2141	99 
2142	85 
2143	27 
2144	80 
2145	2 
2146	38 
2147	44 
2148	87 
2149	74 
2150	100 
2151	18 
2152	12 
2153	28 
2154	56 
2155	90 
2156	63 
2157	52 
2158	62 
2159	7 
2160	92 
2161	72 
2162	18 
2163	85 
2164	71 
2165	90 
2166	76 
2167	8 
2168	65 
2169	28 
2170	3 
2171	69 
2172	3 
2173	50 
2174	37 
2175	54 
2176	35 
2177	31 
2178	7 
2179	33 
2180	41 
2181	44 
2182	21 
2183	52 
2184	44 
2185	21 
2186	62 
2187	80 
2188	50 
2189	40 
2190	27 
2191	7 
2192	37 
2193	66 
2194	43 
2195	86 
2196	2 
2197	67 
2198	24 
2199	80 
2200	42 
2201	58 
2202	92 
2203	88 
2204	29 
2205	52 
2206	68 
2207	45 
2208	42 
2209	12 
2210	65 
2211	51 
2212	36 
2213	31 
2214	27 
2215	56 
2216	1 
2217	38 
2218	97 
2219	29 
2220	14 
2221	52 
2222	33 
2223	16 
2224	41 
2225	91 
2226	13 
2227	51 
2228	50 
2229	1 
2230	56 
2231	90 
2232	61 
2233	64 
2234	31 
2235	92 
2236	14 
2237	88 
2238	68 
2239	83 
2240	45 
2241	47 
2242	51 
2243	85 
2244	19 
2245	47 
2246	42 
2247	46 
2248	92 
2249	38 
2250	51 
2251	55 
2252	76 
2253	92 
2254	63 
2255	81 
2256	46 
2257	66 
2258	78 
2259	34 
2260	35 
2261	99 
2262	24 
2263	7 
2264	22 
2265	34 
2266	97 
2267	65 
2268	90 
2269	32 
2270	69 
2271	2 
2272	61 
2273	43 
2274	81 
2275	89 
2276	92 
2277	71 
2278	88 
2279	8 
2280	68 
2281	29 
2282	72 
2283	43 
2284	52 
2285	71 
2286	15 
2287	8 
2288	43 
2289	8 
2290	35 
2291	42 
2292	55 
2293	80 
2294	68 
2295	76 
2296	14 
2297	46 
2298	52 
2299	25 
2300	24 
2301	87 
2302	71 
2303	95 
2304	5 
2305	45 
2306	48 
2307	44 
2308	27 
2309	2 
2310	47 
2311	41 
2312	91 
2313	90 
2314	76 
2315	2 
2316	63 
2317	47 
2318	12 
2319	2 
2320	22 
2321	96 
2322	12 
2323	46 
2324	15 
2325	92 
2326	76 
2327	19 
2328	79 
2329	63 
2330	58 
2331	54 
2332	77 
2333	52 
2334	36 
2335	47 
2336	14 
2337	68 
2338	92 
2339	57 
2340	67 
2341	57 
2342	6 
2343	50 
2344	90 
2345	17 
2346	11 
2347	9 
2348	85 
2349	8 
2350	93 
2351	51 
2352	8 
2353	85 
2354	65 
2355	99 
2356	41 
2357	3 
2358	67 
2359	47 
2360	23 
2361	13 
2362	3 
2363	85 
2364	4 
2365	47 
2366	44 
2367	4 
2368	44 
2369	22 
2370	68 
2371	9 
2372	76 
2373	54 
2374	34 
2375	93 
2376	62 
2377	45 
2378	50 
2379	90 
2380	2 
2381	52 
2382	57 
2383	58 
2384	65 
2385	65 
2386	51 
2387	1 
2388	46 
2389	63 
2390	39 
2391	26 
2392	88 
2393	62 
2394	79 
2395	42 
2396	65 
2397	55 
2398	8 
2399	81 
2400	68 
2401	52 
2402	57 
2403	57 
2404	25 
2405	64 
2406	74 
2407	72 
2408	8 
2409	68 
2410	34 
2411	15 
2412	29 
2413	34 
2414	94 
2415	65 
2416	86 
2417	45 
2418	20 
2419	59 
2420	40 
2421	78 
2422	35 
2423	12 
2424	40 
2425	57 
2426	54 
2427	43 
2428	5 
2429	3 
2430	47 
2431	87 
2432	46 
2433	67 
2434	46 
2435	3 
2436	47 
2437	9 
2438	88 
2439	42 
2440	55 
2441	61 
2442	6 
2443	31 
2444	63 
2445	67 
2446	38 
2447	48 
2448	26 
2449	52 
2450	34 
2451	34 
2452	56 
2453	15 
2454	22 
2455	97 
2456	90 
2457	66 
2458	95 
2459	89 
2460	85 
2461	90 
2462	90 
2463	29 
2464	87 
2465	71 
2466	89 
2467	12 
2468	88 
2469	63 
2470	93 
2471	80 
2472	85 
2473	58 
2474	50 
2475	56 
2476	51 
2477	60 
2478	32 
2479	46 
2480	15 
2481	51 
2482	33 
2483	26 
2484	53 
2485	8 
2486	21 
2487	90 
2488	99 
2489	41 
2490	75 
2491	9 
2492	49 
2493	50 
2494	12 
2495	54 
2496	81 
2497	1 
2498	92 
2499	50 
2500	53 
2501	56 
2502	4 
2503	37 
2504	45 
2505	21 
2506	69 
2507	43 
2508	62 
2509	9 
2510	63 
2511	47 
2512	20 
2513	33 
2514	3 
2515	53 
2516	88 
2517	99 
2518	52 
2519	67 
2520	90 
2521	65 
2522	47 
2523	40 
2524	76 
2525	52 
2526	35 
2527	31 
2528	94 
2529	28 
2530	90 
2531	64 
2532	22 
2533	51 
2534	68 
2535	19 
2536	96 
2537	55 
2538	56 
2539	100 
2540	84 
2541	51 
2542	46 
2543	71 
2544	58 
2545	76 
2546	64 
2547	96 
2548	96 
2549	80 
2550	66 
2551	80 
2552	94 
2553	57 
2554	77 
2555	4 
2556	25 
2557	43 
2558	41 
2559	83 
2560	99 
2561	43 
2562	34 
2563	26 
2564	97 
2565	12 
2566	84 
2567	66 
2568	47 
2569	71 
2570	8 
2571	38 
2572	96 
2573	94 
2574	8 
2575	26 
2576	13 
2577	76 
2578	34 
2579	12 
2580	88 
2581	31 
2582	45 
2583	9 
2584	56 
2585	50 
2586	88 
2587	20 
2588	52 
2589	11 
2590	88 
2591	76 
2592	28 
2593	76 
2594	34 
2595	61 
2596	65 
2597	45 
2598	52 
2599	30 
2600	78 
2601	100 
2602	85 
2603	50 
2604	40 
2605	48 
2606	93 
2607	76 
2608	25 
2609	12 
2610	96 
2611	9 
2612	84 
2613	90 
2614	54 
2615	19 
2616	95 
2617	2 
2618	58 
2619	54 
2620	32 
2621	88 
2622	67 
2623	35 
2624	54 
2625	61 
2626	68 
2627	2 
2628	79 
2629	47 
2630	28 
2631	3 
2632	8 
2633	50 
2634	86 
2635	18 
2636	3 
2637	28 
2638	30 
2639	70 
2640	45 
2641	71 
2642	15 
2643	51 
2644	85 
2645	72 
2646	52 
2647	68 
2648	81 
2649	56 
2650	52 
2651	5 
2652	13 
2653	12 
2654	98 
2655	99 
2656	81 
2657	49 
2658	92 
2659	49 
2660	65 
2661	6 
2662	68 
2663	89 
2664	46 
2665	41 
2666	38 
2667	50 
2668	27 
2669	34 
2670	38 
2671	57 
2672	87 
2673	27 
2674	85 
2675	69 
2676	84 
2677	58 
2678	78 
2679	53 
2680	37 
2681	51 
2682	77 
2683	30 
2684	37 
2685	29 
2686	78 
2687	88 
2688	52 
2689	94 
2690	79 
2691	7 
2692	72 
2693	47 
2694	63 
2695	40 
2696	97 
2697	20 
2698	48 
2699	57 
2700	3 
2701	94 
2702	14 
2703	3 
2704	17 
2705	58 
2706	66 
2707	56 
2708	65 
2709	65 
2710	57 
2711	99 
2712	51 
2713	71 
2714	22 
2715	44 
2716	74 
2717	35 
2718	1 
2719	15 
2720	68 
2721	22 
2722	76 
2723	51 
2724	73 
2725	57 
2726	47 
2727	41 
2728	31 
2729	72 
2730	64 
2731	2 
2732	13 
2733	57 
2734	54 
2735	49 
2736	43 
2737	71 
2738	71 
2739	76 
2740	63 
2741	92 
2742	93 
2743	88 
2744	84 
2745	79 
2746	94 
2747	80 
2748	50 
2749	51 
2750	47 
2751	7 
2752	67 
2753	73 
2754	28 
2755	1 
2756	53 
2757	80 
2758	90 
2759	99 
2760	31 
2761	44 
2762	63 
2763	88 
2764	99 
2765	70 
2766	22 
2767	45 
2768	52 
2769	61 
2770	80 
2771	69 
2772	58 
2773	69 
2774	34 
2775	80 
2776	28 
2777	94 
2778	16 
2779	34 
2780	45 
2781	92 
2782	89 
2783	45 
2784	52 
2785	70 
2786	56 
2787	78 
2788	80 
2789	46 
2790	80 
2791	45 
2792	48 
2793	99 
2794	55 
2795	81 
2796	13 
2797	41 
2798	3 
2799	57 
2800	96 
2801	68 
2802	89 
2803	49 
2804	91 
2805	55 
2806	21 
2807	53 
2808	56 
2809	96 
2810	90 
2811	97 
2812	90 
2813	79 
2814	62 
2815	60 
2816	82 
2817	63 
2818	3 
2819	34 
2820	42 
2821	90 
2822	49 
2823	24 
2824	56 
2825	36 
2826	67 
2827	50 
2828	40 
2829	91 
2830	42 
2831	54 
2832	5 
2833	51 
2834	45 
2835	76 
2836	30 
2837	65 
2838	51 
2839	42 
2840	46 
2841	56 
2842	26 
2843	50 
2844	61 
2845	76 
2846	44 
2847	80 
2848	96 
2849	85 
2850	100 
2851	29 
2852	51 
2853	84 
2854	57 
2855	70 
2856	98 
2857	93 
2858	40 
2859	96 
2860	57 
2861	49 
2862	94 
2863	30 
2864	47 
2865	29 
2866	15 
2867	16 
2868	36 
2869	90 
2870	20 
2871	85 
2872	42 
2873	63 
2874	4 
2875	61 
2876	85 
2877	91 
2878	41 
2879	13 
2880	78 
2881	55 
2882	19 
2883	61 
2884	88 
2885	4 
2886	67 
2887	79 
2888	44 
2889	13 
2890	89 
2891	90 
2892	72 
2893	70 
2894	2 
2895	45 
2896	45 
2897	52 
2898	15 
2899	76 
2900	35 
2901	90 
2902	77 
2903	49 
2904	37 
2905	7 
2906	4 
2907	1 
2908	63 
2909	57 
2910	94 
2911	58 
2912	6 
2913	37 
2914	29 
2915	69 
2916	1 
2917	72 
2918	50 
2919	58 
2920	51 
2921	12 
2922	15 
2923	35 
2924	89 
2925	63 
2926	80 
2927	85 
2928	56 
2929	9 
2930	32 
2931	80 
2932	59 
2933	38 
2934	28 
2935	44 
2936	58 
2937	56 
2938	18 
2939	48 
2940	34 
2941	89 
2942	58 
2943	77 
2944	88 
2945	96 
2946	15 
2947	59 
2948	1 
2949	28 
2950	90 
2951	43 
2952	88 
2953	17 
2954	12 
2955	97 
2956	9 
2957	91 
2958	80 
2959	9 
2960	34 
2961	27 
2962	36 
2963	23 
2964	34 
2965	85 
2966	50 
2967	41 
2968	4 
2969	92 
2970	1 
2971	44 
2972	84 
2973	27 
2974	55 
2975	35 
2976	76 
2977	57 
2978	72 
2979	58 
2980	9 
2981	29 
2982	99 
2983	57 
2984	44 
2985	6 
2986	43 
2987	7 
2988	15 
2989	20 
2990	70 
2991	14 
2992	54 
2993	6 
2994	92 
2995	68 
2996	29 
2997	40 
2998	76 
2999	71 
3000	31 
3001	49 
3002	26 
3003	4 
3004	47 
3005	68 
3006	96 
3007	67 
3008	68 
3009	58 
3010	36 
3011	96 
3012	8 
3013	91 
3014	21 
3015	96 
3016	8 
3017	29 
3018	11 
3019	73 
3020	83 
3021	69 
3022	89 
3023	61 
3024	90 
3025	86 
3026	96 
3027	95 
3028	8 
3029	24 
3030	80 
3031	90 
3032	79 
3033	23 
3034	92 
3035	72 
3036	25 
3037	42 
3038	91 
3039	83 
3040	44 
3041	27 
3042	29 
3043	25 
3044	71 
3045	88 
3046	56 
3047	27 
3048	93 
3049	85 
3050	38 
3051	8 
3052	6 
3053	95 
3054	35 
3055	76 
3056	75 
3057	76 
3058	74 
3059	61 
3060	56 
3061	29 
3062	54 
3063	61 
3064	65 
3065	16 
3066	88 
3067	59 
3068	73 
3069	6 
3070	66 
3071	31 
3072	94 
3073	45 
3074	28 
3075	44 
3076	99 
3077	80 
3078	59 
3079	41 
3080	68 
3081	59 
3082	3 
3083	46 
3084	34 
3085	88 
3086	3 
3087	38 
3088	89 
3089	36 
3090	8 
3091	56 
3092	74 
3093	56 
3094	99 
3095	88 
3096	12 
3097	98 
3098	65 
3099	65 
3100	70 
3101	99 
3102	67 
3103	65 
3104	25 
3105	2 
3106	42 
3107	31 
3108	31 
3109	35 
3110	63 
3111	42 
3112	10 
3113	47 
3114	100 
3115	91 
3116	49 
3117	59 
3118	74 
3119	63 
3120	58 
3121	86 
3122	31 
3123	41 
3124	56 
3125	76 
3126	96 
3127	42 
3128	23 
3129	94 
3130	3 
3131	68 
3132	80 
3133	34 
3134	56 
3135	10 
3136	56 
3137	63 
3138	83 
3139	17 
3140	31 
3141	44 
3142	71 
3143	45 
3144	87 
3145	27 
3146	29 
3147	56 
3148	67 
3149	23 
3150	47 
3151	9 
3152	15 
3153	25 
3154	48 
3155	18 
3156	89 
3157	79 
3158	11 
3159	9 
3160	68 
3161	99 
3162	70 
3163	3 
3164	34 
3165	89 
3166	97 
3167	58 
3168	34 
3169	59 
3170	18 
3171	29 
3172	87 
3173	85 
3174	54 
3175	90 
3176	65 
3177	80 
3178	76 
3179	13 
3180	88 
3181	32 
3182	69 
3183	63 
3184	61 
3185	50 
3186	45 
3187	99 
3188	11 
3189	52 
3190	20 
3191	99 
3192	68 
3193	99 
3194	2 
3195	8 
3196	61 
3197	66 
3198	28 
3199	4 
3200	37 
3201	8 
3202	34 
3203	11 
3204	5 
3205	45 
3206	63 
3207	74 
3208	27 
3209	75 
3210	41 
3211	45 
3212	84 
3213	34 
3214	16 
3215	63 
3216	15 
3217	59 
3218	29 
3219	34 
3220	78 
3221	45 
3222	58 
3223	90 
3224	99 
3225	68 
3226	13 
3227	3 
3228	27 
3229	98 
3230	97 
3231	91 
3232	100 
3233	8 
3234	74 
3235	11 
3236	74 
3237	41 
3238	44 
3239	50 
3240	49 
3241	86 
3242	60 
3243	47 
3244	70 
3245	68 
3246	99 
3247	11 
3248	63 
3249	83 
3250	67 
3251	12 
3252	68 
3253	54 
3254	56 
3255	87 
3256	50 
3257	88 
3258	53 
3259	16 
3260	79 
3261	97 
3262	34 
3263	61 
3264	90 
3265	37 
3266	81 
3267	94 
3268	58 
3269	50 
3270	43 
3271	12 
3272	34 
3273	63 
3274	95 
3275	93 
3276	96 
3277	47 
3278	45 
3279	32 
3280	46 
3281	76 
3282	63 
3283	34 
3284	77 
3285	41 
3286	59 
3287	14 
3288	23 
3289	66 
3290	67 
3291	86 
3292	88 
3293	92 
3294	18 
3295	27 
3296	8 
3297	65 
3298	45 
3299	95 
3300	68 
3301	45 
3302	32 
3303	92 
3304	83 
3305	57 
3306	47 
3307	21 
3308	17 
3309	45 
3310	67 
3311	2 
3312	90 
3313	58 
3314	60 
3315	38 
3316	21 
3317	65 
3318	2 
3319	47 
3320	88 
3321	88 
3322	24 
3323	56 
3324	19 
3325	95 
3326	99 
3327	32 
3328	60 
3329	88 
3330	99 
3331	13 
3332	43 
3333	69 
3334	76 
3335	70 
3336	50 
3337	60 
3338	12 
3339	74 
3340	40 
3341	47 
3342	44 
3343	96 
3344	89 
3345	67 
3346	47 
3347	53 
3348	58 
3349	51 
3350	11 
3351	80 
3352	69 
3353	64 
3354	58 
3355	51 
3356	99 
3357	8 
3358	44 
3359	72 
3360	15 
3361	82 
3362	38 
3363	50 
3364	71 
3365	28 
3366	14 
3367	35 
3368	86 
3369	53 
3370	40 
3371	100 
3372	54 
3373	38 
3374	83 
3375	47 
3376	72 
3377	91 
3378	94 
3379	71 
3380	1 
3381	12 
3382	77 
3383	3 
3384	29 
3385	68 
3386	14 
3387	68 
3388	45 
3389	36 
3390	87 
3391	41 
3392	47 
3393	2 
3394	96 
3395	33 
3396	83 
3397	43 
3398	35 
3399	8 
3400	64 
3401	12 
3402	13 
3403	27 
3404	18 
3405	37 
3406	12 
3407	76 
3408	38 
3409	58 
3410	2 
3411	76 
3412	71 
3413	41 
3414	57 
3415	95 
3416	31 
3417	25 
3418	41 
3419	99 
3420	38 
3421	53 
3422	93 
3423	88 
3424	51 
3425	37 
3426	69 
3427	62 
3428	83 
3429	61 
3430	35 
3431	73 
3432	91 
3433	88 
3434	69 
3435	74 
3436	94 
3437	87 
3438	63 
3439	92 
3440	77 
3441	49 
3442	87 
3443	64 
3444	98 
3445	70 
3446	5 
3447	8 
3448	10 
3449	15 
3450	46 
3451	18 
3452	76 
3453	15 
3454	57 
3455	52 
3456	8 
3457	68 
3458	35 
3459	72 
3460	90 
3461	85 
3462	76 
3463	48 
3464	77 
3465	13 
3466	32 
3467	13 
3468	76 
3469	76 
3470	45 
3471	71 
3472	45 
3473	61 
3474	85 
3475	89 
3476	79 
3477	91 
3478	95 
3479	25 
3480	38 
3481	88 
3482	81 
3483	92 
3484	45 
3485	35 
3486	99 
3487	99 
3488	74 
3489	38 
3490	2 
3491	72 
3492	74 
3493	12 
3494	42 
3495	63 
3496	4 
3497	5 
3498	63 
3499	35 
3500	97 
3501	15 
3502	19 
3503	96 
3504	82 
3505	15 
3506	44 
3507	38 
3508	7 
3509	56 
3510	97 
3511	8 
3512	54 
3513	76 
3514	73 
3515	60 
3516	31 
3517	91 
3518	88 
3519	45 
3520	76 
3521	88 
3522	5 
3523	45 
3524	12 
3525	35 
3526	80 
3527	56 
3528	34 
3529	82 
3530	50 
3531	56 
3532	12 
3533	56 
3534	83 
3535	2 
3536	34 
3537	68 
3538	15 
3539	81 
3540	32 
3541	31 
3542	56 
3543	19 
3544	52 
3545	93 
3546	2 
3547	12 
3548	100 
3549	72 
3550	63 
3551	65 
3552	68 
3553	63 
3554	78 
3555	35 
3556	70 
3557	67 
3558	19 
3559	66 
3560	85 
3561	68 
3562	8 
3563	12 
3564	44 
3565	63 
3566	86 
3567	20 
3568	42 
3569	99 
3570	58 
3571	85 
3572	96 
3573	90 
3574	6 
3575	20 
3576	60 
3577	34 
3578	18 
3579	90 
3580	67 
3581	99 
3582	21 
3583	51 
3584	19 
3585	57 
3586	96 
3587	43 
3588	28 
3589	34 
3590	11 
3591	89 
3592	91 
3593	56 
3594	76 
3595	56 
3596	8 
3597	38 
3598	97 
3599	50 
3600	63 
3601	18 
3602	18 
3603	50 
3604	4 
3605	13 
3606	32 
3607	94 
3608	36 
3609	18 
3610	2 
3611	67 
3612	42 
3613	35 
3614	15 
3615	43 
3616	28 
3617	61 
3618	85 
3619	13 
3620	2 
3621	3 
3622	97 
3623	40 
3624	93 
3625	99 
3626	61 
3627	69 
3628	51 
3629	69 
3630	9 
3631	1 
3632	61 
3633	56 
3634	9 
3635	52 
3636	63 
3637	3 
3638	90 
3639	26 
3640	68 
3641	56 
3642	13 
3643	63 
3644	92 
3645	45 
3646	97 
3647	87 
3648	40 
3649	39 
3650	23 
3651	13 
3652	34 
3653	28 
3654	12 
3655	41 
3656	70 
3657	33 
3658	34 
3659	65 
3660	65 
3661	71 
3662	52 
3663	12 
3664	67 
3665	28 
3666	85 
3667	65 
3668	94 
3669	8 
3670	75 
3671	69 
3672	94 
3673	61 
3674	68 
3675	87 
3676	2 
3677	53 
3678	87 
3679	65 
3680	38 
3681	81 
3682	35 
3683	46 
3684	66 
3685	61 
3686	68 
3687	79 
3688	91 
3689	28 
3690	70 
3691	69 
3692	53 
3693	51 
3694	51 
3695	54 
3696	76 
3697	23 
3698	83 
3699	49 
3700	58 
3701	76 
3702	50 
3703	8 
3704	39 
3705	10 
3706	37 
3707	27 
3708	18 
3709	22 
3710	54 
3711	65 
3712	18 
3713	50 
3714	32 
3715	3 
3716	63 
3717	47 
3718	90 
3719	82 
3720	69 
3721	83 
3722	50 
3723	45 
3724	45 
3725	88 
3726	26 
3727	86 
3728	15 
3729	45 
3730	15 
3731	12 
3732	99 
3733	88 
3734	9 
3735	88 
3736	68 
3737	58 
3738	100 
3739	80 
3740	94 
3741	15 
3742	22 
3743	82 
3744	4 
3745	72 
3746	89 
3747	92 
3748	6 
3749	97 
3750	92 
3751	76 
3752	55 
3753	91 
3754	6 
3755	12 
3756	1 
3757	67 
3758	76 
3759	15 
3760	3 
3761	45 
3762	27 
3763	73 
3764	37 
3765	37 
3766	56 
3767	15 
3768	88 
3769	97 
3770	71 
3771	58 
3772	62 
3773	80 
3774	82 
3775	92 
3776	63 
3777	85 
3778	35 
3779	62 
3780	50 
3781	16 
3782	45 
3783	27 
3784	46 
3785	50 
3786	47 
3787	35 
3788	91 
3789	48 
3790	12 
3791	28 
3792	54 
3793	4 
3794	35 
3795	61 
3796	43 
3797	89 
3798	18 
3799	100 
3800	37 
3801	89 
3802	94 
3803	65 
3804	69 
3805	91 
3806	70 
3807	34 
3808	25 
3809	17 
3810	58 
3811	92 
3812	40 
3813	34 
3814	93 
3815	23 
3816	80 
3817	8 
3818	13 
3819	59 
3820	61 
3821	90 
3822	75 
3823	3 
3824	47 
3825	96 
3826	80 
3827	92 
3828	6 
3829	8 
3830	29 
3831	64 
3832	49 
3833	52 
3834	95 
3835	66 
3836	74 
3837	41 
3838	73 
3839	76 
3840	99 
3841	80 
3842	48 
3843	65 
3844	79 
3845	63 
3846	89 
3847	45 
3848	50 
3849	59 
3850	10 
3851	49 
3852	99 
3853	42 
3854	65 
3855	72 
3856	9 
3857	34 
3858	85 
3859	1 
3860	15 
3861	56 
3862	25 
3863	74 
3864	8 
3865	19 
3866	68 
3867	51 
3868	27 
3869	2 
3870	38 
3871	74 
3872	28 
3873	31 
3874	52 
3875	61 
3876	31 
3877	76 
3878	85 
3879	3 
3880	26 
3881	82 
3882	99 
3883	91 
3884	40 
3885	44 
3886	89 
3887	29 
3888	79 
3889	78 
3890	34 
3891	46 
3892	40 
3893	38 
3894	15 
3895	95 
3896	45 
3897	17 
3898	85 
3899	2 
3900	54 
3901	9 
3902	69 
3903	9 
3904	72 
3905	15 
3906	3 
3907	43 
3908	30 
3909	74 
3910	26 
3911	61 
3912	87 
3913	68 
3914	4 
3915	56 
3916	71 
3917	14 
3918	8 
3919	68 
3920	64 
3921	97 
3922	23 
3923	57 
3924	88 
3925	26 
3926	39 
3927	96 
3928	46 
3929	65 
3930	80 
3931	39 
3932	15 
3933	57 
3934	79 
3935	85 
3936	61 
3937	68 
3938	75 
3939	56 
3940	97 
3941	42 
3942	34 
3943	94 
3944	70 
3945	71 
3946	56 
3947	58 
3948	63 
3949	92 
3950	34 
3951	13 
3952	66 
3953	33 
3954	89 
3955	36 
3956	11 
3957	87 
3958	43 
3959	52 
3960	56 
3961	65 
3962	68 
3963	45 
3964	80 
3965	2 
3966	72 
3967	4 
3968	46 
3969	3 
3970	19 
3971	35 
3972	35 
3973	65 
3974	56 
3975	51 
3976	71 
3977	47 
3978	88 
3979	2 
3980	97 
3981	88 
3982	88 
3983	27 
3984	66 
3985	19 
3986	91 
3987	60 
3988	56 
3989	93 
3990	87 
3991	26 
3992	70 
3993	50 
3994	94 
3995	76 
3996	15 
3997	38 
3998	44 
3999	40 
4000	23 
4001	81 
4002	41 
4003	89 
4004	74 
4005	74 
4006	40 
4007	53 
4008	97 
4009	40 
4010	80 
4011	37 
4012	34 
4013	73 
4014	91 
4015	35 
4016	51 
4017	78 
4018	56 
4019	76 
4020	76 
4021	85 
4022	92 
4023	2 
4024	30 
4025	70 
4026	68 
4027	5 
4028	52 
4029	52 
4030	60 
4031	77 
4032	32 
4033	97 
4034	76 
4035	33 
4036	99 
4037	66 
4038	69 
4039	12 
4040	3 
4041	29 
4042	85 
4043	29 
4044	49 
4045	55 
4046	50 
4047	41 
4048	50 
4049	71 
4050	68 
4051	54 
4052	36 
4053	46 
4054	17 
4055	95 
4056	93 
4057	74 
4058	13 
4059	88 
4060	99 
4061	82 
4062	4 
4063	99 
4064	12 
4065	98 
4066	90 
4067	60 
4068	99 
4069	55 
4070	80 
4071	90 
4072	91 
4073	20 
4074	73 
4075	38 
4076	44 
4077	76 
4078	12 
4079	20 
4080	88 
4081	93 
4082	96 
4083	38 
4084	58 
4085	85 
4086	76 
4087	45 
4088	69 
4089	7 
4090	78 
4091	65 
4092	76 
4093	61 
4094	61 
4095	85 
4096	89 
4097	52 
4098	15 
4099	96 
4100	81 
4101	76 
4102	52 
4103	15 
4104	15 
4105	55 
4106	63 
4107	57 
4108	76 
4109	50 
4110	53 
4111	91 
4112	70 
4113	64 
4114	92 
4115	58 
4116	97 
4117	75 
4118	80 
4119	44 
4120	87 
4121	39 
4122	12 
4123	74 
4124	10 
4125	94 
4126	70 
4127	83 
4128	9 
4129	90 
4130	4 
4131	11 
4132	15 
4133	83 
4134	61 
4135	38 
4136	84 
4137	85 
4138	65 
4139	85 
4140	28 
4141	34 
4142	95 
4143	80 
4144	84 
4145	50 
4146	12 
4147	5 
4148	63 
4149	25 
4150	81 
4151	74 
4152	6 
4153	98 
4154	82 
4155	34 
4156	24 
4157	8 
4158	49 
4159	56 
4160	15 
4161	38 
4162	84 
4163	44 
4164	12 
4165	19 
4166	4 
4167	63 
4168	93 
4169	74 
4170	83 
4171	42 
4172	80 
4173	7 
4174	1 
4175	84 
4176	63 
4177	65 
4178	47 
4179	9 
4180	42 
4181	42 
4182	68 
4183	3 
4184	15 
4185	25 
4186	3 
4187	12 
4188	80 
4189	46 
4190	4 
4191	38 
4192	52 
4193	68 
4194	29 
4195	20 
4196	13 
4197	68 
4198	60 
4199	57 
4200	69 
4201	46 
4202	52 
4203	8 
4204	63 
4205	56 
4206	17 
4207	88 
4208	45 
4209	5 
4210	56 
4211	69 
4212	47 
4213	18 
4214	91 
4215	67 
4216	6 
4217	52 
4218	84 
4219	9 
4220	67 
4221	72 
4222	31 
4223	65 
4224	20 
4225	96 
4226	67 
4227	15 
4228	41 
4229	71 
4230	74 
4231	99 
4232	80 
4233	12 
4234	92 
4235	82 
4236	40 
4237	5 
4238	49 
4239	65 
4240	56 
4241	22 
4242	40 
4243	1 
4244	11 
4245	81 
4246	34 
4247	12 
4248	50 
4249	19 
4250	63 
4251	79 
4252	50 
4253	24 
4254	6 
4255	8 
4256	32 
4257	84 
4258	15 
4259	65 
4260	99 
4261	74 
4262	85 
4263	16 
4264	65 
4265	89 
4266	51 
4267	70 
4268	25 
4269	1 
4270	14 
4271	38 
4272	38 
4273	12 
4274	79 
4275	30 
4276	37 
4277	15 
4278	6 
4279	63 
4280	81 
4281	7 
4282	91 
4283	69 
4284	65 
4285	12 
4286	45 
4287	87 
4288	30 
4289	52 
4290	15 
4291	80 
4292	23 
4293	88 
4294	78 
4295	54 
4296	9 
4297	36 
4298	54 
4299	27 
4300	64 
4301	1 
4302	46 
4303	99 
4304	15 
4305	37 
4306	33 
4307	2 
4308	61 
4309	76 
4310	2 
4311	71 
4312	69 
4313	74 
4314	39 
4315	32 
4316	38 
4317	51 
4318	44 
4319	45 
4320	65 
4321	53 
4322	69 
4323	34 
4324	61 
4325	61 
4326	76 
4327	51 
4328	99 
4329	74 
4330	83 
4331	50 
4332	93 
4333	50 
4334	13 
4335	93 
4336	31 
4337	23 
4338	64 
4339	80 
4340	30 
4341	66 
4342	57 
4343	65 
4344	65 
4345	90 
4346	96 
4347	69 
4348	6 
4349	45 
4350	78 
4351	19 
4352	33 
4353	56 
4354	46 
4355	2 
4356	58 
4357	74 
4358	60 
4359	34 
4360	72 
4361	88 
4362	37 
4363	80 
4364	45 
4365	89 
4366	68 
4367	61 
4368	37 
4369	78 
4370	90 
4371	58 
4372	56 
4373	32 
4374	96 
4375	6 
4376	54 
4377	85 
4378	8 
4379	65 
4380	29 
4381	66 
4382	76 
4383	50 
4384	44 
4385	44 
4386	38 
4387	47 
4388	18 
4389	57 
4390	53 
4391	23 
4392	50 
4393	81 
4394	84 
4395	67 
4396	49 
4397	54 
4398	3 
4399	11 
4400	14 
4401	56 
4402	91 
4403	37 
4404	45 
4405	10 
4406	55 
4407	51 
4408	32 
4409	81 
4410	45 
4411	35 
4412	93 
4413	61 
4414	24 
4415	47 
4416	45 
4417	34 
4418	37 
4419	99 
4420	86 
4421	10 
4422	92 
4423	4 
4424	69 
4425	22 
4426	32 
4427	89 
4428	18 
4429	53 
4430	27 
4431	6 
4432	27 
4433	39 
4434	35 
4435	100 
4436	54 
4437	7 
4438	91 
4439	59 
4440	29 
4441	92 
4442	68 
4443	8 
4444	72 
4445	95 
4446	80 
4447	78 
4448	61 
4449	31 
4450	73 
4451	19 
4452	60 
4453	71 
4454	92 
4455	98 
4456	91 
4457	85 
4458	45 
4459	15 
4460	99 
4461	91 
4462	73 
4463	54 
4464	89 
4465	68 
4466	100 
4467	15 
4468	91 
4469	3 
4470	91 
4471	91 
4472	88 
4473	39 
4474	18 
4475	67 
4476	61 
4477	23 
4478	46 
4479	100 
4480	81 
4481	51 
4482	50 
4483	56 
4484	96 
4485	33 
4486	58 
4487	67 
4488	46 
4489	85 
4490	3 
4491	99 
4492	69 
4493	15 
4494	14 
4495	8 
4496	14 
4497	42 
4498	68 
4499	9 
4500	38 
4501	65 
4502	15 
4503	36 
4504	68 
4505	2 
4506	30 
4507	44 
4508	24 
4509	93 
4510	12 
4511	98 
4512	12 
4513	99 
4514	45 
4515	6 
4516	11 
4517	75 
4518	88 
4519	68 
4520	1 
4521	53 
4522	19 
4523	58 
4524	73 
4525	12 
4526	13 
4527	75 
4528	48 
4529	68 
4530	68 
4531	90 
4532	25 
4533	59 
4534	15 
4535	50 
4536	64 
4537	47 
4538	56 
4539	91 
4540	45 
4541	20 
4542	90 
4543	100 
4544	1 
4545	90 
4546	34 
4547	95 
4548	63 
4549	49 
4550	75 
4551	98 
4552	99 
4553	12 
4554	30 
4555	32 
4556	62 
4557	66 
4558	15 
4559	63 
4560	63 
4561	87 
4562	12 
4563	65 
4564	76 
4565	27 
4566	9 
4567	4 
4568	4 
4569	85 
4570	35 
4571	56 
4572	76 
4573	56 
4574	61 
4575	96 
4576	67 
4577	62 
4578	24 
4579	60 
4580	43 
4581	44 
4582	76 
4583	51 
4584	70 
4585	67 
4586	86 
4587	1 
4588	67 
4589	65 
4590	10 
4591	41 
4592	56 
4593	49 
4594	50 
4595	9 
4596	46 
4597	82 
4598	60 
4599	6 
4600	15 
4601	93 
4602	47 
4603	78 
4604	42 
4605	26 
4606	34 
4607	79 
4608	61 
4609	91 
4610	20 
4611	15 
4612	49 
4613	31 
4614	12 
4615	63 
4616	1 
4617	90 
4618	90 
4619	78 
4620	90 
4621	57 
4622	15 
4623	69 
4624	80 
4625	80 
4626	8 
4627	66 
4628	35 
4629	44 
4630	39 
4631	85 
4632	44 
4633	46 
4634	48 
4635	85 
4636	23 
4637	50 
4638	89 
4639	66 
4640	54 
4641	68 
4642	34 
4643	38 
4644	52 
4645	86 
4646	44 
4647	47 
4648	82 
4649	71 
4650	11 
4651	92 
4652	27 
4653	85 
4654	85 
4655	62 
4656	91 
4657	8 
4658	92 
4659	45 
4660	100 
4661	31 
4662	14 
4663	50 
4664	97 
4665	51 
4666	69 
4667	80 
4668	96 
4669	35 
4670	55 
4671	89 
4672	17 
4673	46 
4674	75 
4675	83 
4676	97 
4677	91 
4678	85 
4679	98 
4680	65 
4681	9 
4682	51 
4683	8 
4684	3 
4685	94 
4686	100 
4687	85 
4688	4 
4689	39 
4690	22 
4691	19 
4692	76 
4693	39 
4694	52 
4695	15 
4696	2 
4697	69 
4698	82 
4699	26 
4700	44 
4701	18 
4702	70 
4703	66 
4704	30 
4705	68 
4706	3 
4707	62 
4708	44 
4709	88 
4710	98 
4711	73 
4712	35 
4713	51 
4714	4 
4715	60 
4716	35 
4717	46 
4718	88 
4719	63 
4720	12 
4721	68 
4722	49 
4723	56 
4724	41 
4725	65 
4726	63 
4727	69 
4728	16 
4729	83 
4730	86 
4731	99 
4732	30 
4733	38 
4734	38 
4735	9 
4736	99 
4737	91 
4738	96 
4739	20 
4740	69 
4741	55 
4742	1 
4743	87 
4744	56 
4745	66 
4746	6 
4747	86 
4748	88 
4749	58 
4750	61 
4751	87 
4752	15 
4753	60 
4754	65 
4755	45 
4756	89 
4757	37 
4758	91 
4759	16 
4760	10 
4761	96 
4762	63 
4763	40 
4764	21 
4765	34 
4766	80 
4767	37 
4768	42 
4769	19 
4770	23 
4771	63 
4772	93 
4773	50 
4774	94 
4775	23 
4776	45 
4777	8 
4778	61 
4779	45 
4780	39 
4781	26 
4782	35 
4783	28 
4784	19 
4785	34 
4786	45 
4787	46 
4788	90 
4789	61 
4790	58 
4791	44 
4792	86 
4793	95 
4794	20 
4795	44 
4796	24 
4797	94 
4798	12 
4799	68 
4800	84 
4801	80 
4802	35 
4803	88 
4804	50 
4805	84 
4806	85 
4807	88 
4808	34 
4809	17 
4810	29 
4811	65 
4812	56 
4813	15 
4814	2 
4815	19 
4816	34 
4817	3 
4818	12 
4819	80 
4820	48 
4821	75 
4822	45 
4823	67 
4824	90 
4825	78 
4826	28 
4827	85 
4828	14 
4829	91 
4830	26 
4831	76 
4832	34 
4833	88 
4834	43 
4835	35 
4836	61 
4837	54 
4838	82 
4839	34 
4840	31 
4841	87 
4842	63 
4843	49 
4844	31 
4845	59 
4846	65 
4847	39 
4848	35 
4849	41 
4850	85 
4851	82 
4852	21 
4853	94 
4854	81 
4855	37 
4856	97 
4857	81 
4858	89 
4859	63 
4860	89 
4861	42 
4862	5 
4863	70 
4864	17 
4865	70 
4866	96 
4867	80 
4868	76 
4869	72 
4870	99 
4871	56 
4872	93 
4873	92 
4874	34 
4875	93 
4876	47 
4877	67 
4878	60 
4879	92 
4880	18 
4881	64 
4882	38 
4883	65 
4884	35 
4885	68 
4886	68 
4887	52 
4888	17 
4889	2 
4890	87 
4891	83 
4892	89 
4893	16 
4894	3 
4895	95 
4896	81 
4897	72 
4898	35 
4899	24 
4900	15 
4901	37 
4902	52 
4903	78 
4904	3 
4905	6 
4906	44 
4907	30 
4908	97 
4909	9 
4910	28 
4911	24 
4912	77 
4913	63 
4914	46 
4915	32 
4916	72 
4917	96 
4918	68 
4919	22 
4920	57 
4921	97 
4922	19 
4923	34 
4924	40 
4925	83 
4926	36 
4927	14 
4928	60 
4929	15 
4930	56 
4931	60 
4932	79 
4933	2 
4934	92 
4935	35 
4936	99 
4937	51 
4938	56 
4939	68 
4940	34 
4941	53 
4942	18 
4943	94 
4944	18 
4945	80 
4946	85 
4947	13 
4948	52 
4949	36 
4950	23 
4951	71 
4952	87 
4953	34 
4954	50 
4955	11 
4956	12 
4957	15 
4958	71 
4959	73 
4960	90 
4961	84 
4962	30 
4963	46 
4964	90 
4965	17 
4966	29 
4967	38 
4968	89 
4969	88 
4970	41 
4971	66 
4972	7 
4973	54 
4974	45 
4975	94 
4976	88 
4977	94 
4978	91 
4979	59 
4980	66 
4981	45 
4982	70 
4983	50 
4984	76 
4985	32 
4986	50 
4987	34 
4988	34 
4989	28 
4990	98 
4991	56 
4992	6 
4993	10 
4994	27 
4995	10 
4996	8 
4997	15 
4998	92 
4999	27 
5000	82 
