1	14 
2	86 
3	76 
4	3 
5	11 
6	97 
7	45 
8	79 
9	62 
10	75 
11	64 
12	62 
13	74 
14	45 
15	28 
16	87 
17	104 
18	29 
19	50 
20	76 
21	15 
22	42 
23	9 
24	58 
25	54 
26	5 
27	10 
28	22 
29	102 
30	35 
31	27 
32	38 
33	32 
34	8 
35	65 
36	22 
37	48 
38	40 
39	63 
40	45 
41	2 
42	92 
43	51 
44	11 
45	7 
46	71 
47	36 
48	53 
49	42 
50	77 
51	86 
52	34 
53	37 
54	2 
55	95 
56	45 
57	34 
58	98 
59	102 
60	45 
61	51 
62	66 
63	42 
64	31 
65	2 
66	70 
67	22 
68	9 
69	57 
70	53 
71	17 
72	96 
73	28 
74	19 
75	97 
76	67 
77	81 
78	80 
79	74 
80	43 
81	37 
82	61 
83	91 
84	46 
85	61 
86	6 
87	35 
88	3 
89	67 
90	82 
91	36 
92	13 
93	92 
94	38 
95	41 
96	101 
97	9 
98	84 
99	87 
100	22 
101	96 
102	17 
103	95 
104	97 
105	22 
106	46 
107	57 
108	87 
109	11 
110	44 
111	88 
112	58 
113	45 
114	74 
115	33 
116	40 
117	11 
118	74 
119	33 
120	64 
121	60 
122	34 
123	84 
124	43 
125	23 
126	75 
127	73 
128	21 
129	3 
130	21 
131	76 
132	6 
133	23 
134	72 
135	2 
136	99 
137	22 
138	11 
139	102 
140	104 
141	42 
142	86 
143	15 
144	77 
145	87 
146	64 
147	24 
148	67 
149	39 
150	19 
151	57 
152	47 
153	20 
154	104 
155	63 
156	77 
157	42 
158	37 
159	100 
160	80 
161	3 
162	72 
163	49 
164	54 
165	43 
166	9 
167	28 
168	96 
169	67 
170	37 
171	2 
172	32 
173	43 
174	74 
175	34 
176	26 
177	33 
178	17 
179	5 
180	3 
181	105 
182	37 
183	101 
184	75 
185	27 
186	5 
187	86 
188	14 
189	32 
190	29 
191	76 
192	79 
193	70 
194	10 
195	93 
196	63 
197	96 
198	86 
199	7 
200	100 
201	48 
202	50 
203	54 
204	78 
205	5 
206	99 
207	96 
208	79 
209	4 
210	19 
211	15 
212	102 
213	5 
214	72 
215	5 
216	38 
217	84 
218	105 
219	51 
220	39 
221	43 
222	38 
223	21 
224	41 
225	96 
226	37 
227	80 
228	38 
229	15 
230	59 
231	95 
232	68 
233	65 
234	45 
235	105 
236	17 
237	82 
238	64 
239	22 
240	84 
241	57 
242	30 
243	7 
244	42 
245	19 
246	67 
247	42 
248	45 
249	33 
250	3 
251	84 
252	29 
253	93 
254	38 
255	48 
256	100 
257	58 
258	35 
259	64 
260	33 
261	1 
262	54 
263	63 
264	106 
265	82 
266	47 
267	10 
268	76 
269	75 
270	53 
271	19 
272	13 
273	2 
274	77 
275	82 
276	86 
277	40 
278	64 
279	33 
280	47 
281	60 
282	104 
283	91 
284	77 
285	61 
286	20 
287	7 
288	1 
289	35 
290	85 
291	17 
292	7 
293	9 
294	76 
295	41 
296	20 
297	53 
298	96 
299	6 
300	96 
301	86 
302	54 
303	15 
304	59 
305	63 
306	69 
307	96 
308	31 
309	60 
310	13 
311	71 
312	34 
313	15 
314	74 
315	53 
316	59 
317	81 
318	84 
319	40 
320	19 
321	72 
322	102 
323	96 
324	3 
325	82 
326	62 
327	30 
328	13 
329	75 
330	2 
331	70 
332	33 
333	98 
334	82 
335	7 
336	9 
337	1 
338	101 
339	67 
340	84 
341	19 
342	60 
343	58 
344	93 
345	16 
346	84 
347	85 
348	101 
349	20 
350	106 
351	6 
352	42 
353	28 
354	83 
355	52 
356	96 
357	65 
358	51 
359	19 
360	56 
361	67 
362	78 
363	37 
364	47 
365	106 
366	51 
367	57 
368	16 
369	105 
370	10 
371	65 
372	28 
373	77 
374	35 
375	91 
376	31 
377	19 
378	47 
379	29 
380	16 
381	102 
382	22 
383	48 
384	24 
385	10 
386	7 
387	6 
388	13 
389	6 
390	47 
391	76 
392	54 
393	85 
394	78 
395	76 
396	92 
397	1 
398	15 
399	65 
400	56 
401	54 
402	2 
403	8 
404	65 
405	13 
406	32 
407	56 
408	10 
409	105 
410	86 
411	84 
412	104 
413	25 
414	55 
415	65 
416	37 
417	87 
418	13 
419	98 
420	3 
421	106 
422	76 
423	7 
424	16 
425	56 
426	57 
427	45 
428	1 
429	29 
430	49 
431	77 
432	15 
433	35 
434	95 
435	33 
436	75 
437	72 
438	34 
439	39 
440	87 
441	41 
442	92 
443	35 
444	91 
445	77 
446	15 
447	58 
448	50 
449	83 
450	92 
451	102 
452	104 
453	84 
454	102 
455	15 
456	3 
457	7 
458	39 
459	13 
460	8 
461	19 
462	30 
463	54 
464	34 
465	51 
466	1 
467	43 
468	12 
469	74 
470	38 
471	102 
472	22 
473	21 
474	93 
475	98 
476	84 
477	41 
478	43 
479	82 
480	42 
481	4 
482	30 
483	13 
484	84 
485	13 
486	55 
487	3 
488	95 
489	102 
490	87 
491	53 
492	17 
493	23 
494	44 
495	72 
496	97 
497	44 
498	16 
499	16 
500	24 
501	87 
502	96 
503	7 
504	21 
505	53 
506	75 
507	20 
508	38 
509	2 
510	22 
511	77 
512	84 
513	77 
514	74 
515	17 
516	64 
517	13 
518	40 
519	84 
520	90 
521	11 
522	3 
523	87 
524	19 
525	10 
526	17 
527	16 
528	104 
529	54 
530	84 
531	95 
532	70 
533	22 
534	78 
535	57 
536	16 
537	78 
538	1 
539	17 
540	105 
541	57 
542	15 
543	21 
544	32 
545	34 
546	38 
547	87 
548	60 
549	106 
550	103 
551	74 
552	40 
553	84 
554	5 
555	49 
556	63 
557	11 
558	34 
559	75 
560	91 
561	2 
562	33 
563	57 
564	17 
565	63 
566	72 
567	86 
568	75 
569	37 
570	70 
571	59 
572	33 
573	104 
574	2 
575	87 
576	21 
577	29 
578	62 
579	96 
580	22 
581	102 
582	72 
583	84 
584	37 
585	66 
586	10 
587	8 
588	3 
589	40 
590	23 
591	43 
592	3 
593	93 
594	63 
595	45 
596	2 
597	22 
598	48 
599	55 
600	85 
601	84 
602	60 
603	25 
604	34 
605	103 
606	22 
607	83 
608	105 
609	103 
610	70 
611	28 
612	54 
613	105 
614	59 
615	6 
616	54 
617	53 
618	45 
619	35 
620	98 
621	76 
622	30 
623	40 
624	22 
625	15 
626	35 
627	23 
628	78 
629	24 
630	15 
631	65 
632	74 
633	87 
634	60 
635	66 
636	37 
637	83 
638	15 
639	37 
640	60 
641	1 
642	39 
643	3 
644	47 
645	77 
646	29 
647	44 
648	78 
649	63 
650	28 
651	91 
652	34 
653	66 
654	67 
655	72 
656	7 
657	79 
658	77 
659	68 
660	64 
661	77 
662	16 
663	13 
664	96 
665	42 
666	12 
667	5 
668	101 
669	97 
670	16 
671	15 
672	8 
673	29 
674	47 
675	4 
676	42 
677	72 
678	70 
679	13 
680	34 
681	72 
682	49 
683	52 
684	45 
685	22 
686	74 
687	70 
688	70 
689	94 
690	97 
691	60 
692	24 
693	74 
694	7 
695	6 
696	76 
697	77 
698	91 
699	15 
700	80 
701	6 
702	15 
703	87 
704	3 
705	34 
706	2 
707	102 
708	77 
709	18 
710	37 
711	87 
712	22 
713	60 
714	96 
715	95 
716	38 
717	13 
718	62 
719	22 
720	82 
721	24 
722	54 
723	7 
724	3 
725	15 
726	86 
727	41 
728	27 
729	12 
730	100 
731	42 
732	26 
733	50 
734	69 
735	5 
736	96 
737	53 
738	74 
739	57 
740	87 
741	51 
742	35 
743	70 
744	5 
745	87 
746	31 
747	40 
748	28 
749	86 
750	19 
751	53 
752	57 
753	2 
754	97 
755	62 
756	104 
757	49 
758	73 
759	84 
760	13 
761	53 
762	60 
763	41 
764	29 
765	105 
766	45 
767	106 
768	88 
769	96 
770	89 
771	2 
772	12 
773	10 
774	24 
775	23 
776	4 
777	78 
778	105 
779	41 
780	47 
781	41 
782	19 
783	65 
784	51 
785	42 
786	43 
787	87 
788	67 
789	84 
790	54 
791	63 
792	54 
793	97 
794	6 
795	90 
796	72 
797	5 
798	45 
799	34 
800	29 
801	78 
802	94 
803	49 
804	53 
805	77 
806	51 
807	32 
808	57 
809	73 
810	74 
811	51 
812	37 
813	87 
814	7 
815	83 
816	77 
817	88 
818	79 
819	46 
820	46 
821	55 
822	84 
823	100 
824	14 
825	102 
826	16 
827	6 
828	95 
829	76 
830	38 
831	91 
832	79 
833	43 
834	91 
835	68 
836	29 
837	90 
838	96 
839	102 
840	85 
841	103 
842	44 
843	37 
844	7 
845	54 
846	74 
847	51 
848	87 
849	49 
850	76 
851	70 
852	86 
853	75 
854	34 
855	6 
856	27 
857	86 
858	69 
859	55 
860	52 
861	65 
862	20 
863	72 
864	10 
865	103 
866	65 
867	35 
868	33 
869	77 
870	10 
871	8 
872	95 
873	6 
874	96 
875	93 
876	88 
877	101 
878	98 
879	2 
880	16 
881	105 
882	12 
883	15 
884	101 
885	95 
886	15 
887	7 
888	10 
889	70 
890	101 
891	17 
892	12 
893	6 
894	1 
895	39 
896	62 
897	30 
898	13 
899	36 
900	74 
901	15 
902	98 
903	6 
904	35 
905	33 
906	22 
907	66 
908	66 
909	63 
910	98 
911	26 
912	24 
913	104 
914	84 
915	12 
916	74 
917	85 
918	47 
919	29 
920	30 
921	16 
922	92 
923	38 
924	77 
925	102 
926	64 
927	1 
928	75 
929	29 
930	68 
931	74 
932	37 
933	76 
934	53 
935	57 
936	75 
937	87 
938	15 
939	23 
940	87 
941	72 
942	4 
943	33 
944	58 
945	88 
946	47 
947	67 
948	100 
949	92 
950	13 
951	46 
952	80 
953	10 
954	59 
955	35 
956	102 
957	2 
958	74 
959	32 
960	23 
961	31 
962	87 
963	21 
964	9 
965	95 
966	101 
967	16 
968	21 
969	99 
970	99 
971	77 
972	31 
973	20 
974	16 
975	22 
976	28 
977	92 
978	17 
979	12 
980	17 
981	50 
982	84 
983	62 
984	72 
985	63 
986	66 
987	88 
988	19 
989	99 
990	80 
991	33 
992	50 
993	48 
994	7 
995	15 
996	41 
997	60 
998	1 
999	99 
1000	77 
1001	7 
1002	46 
1003	100 
1004	3 
1005	45 
1006	20 
1007	98 
1008	17 
1009	95 
1010	103 
1011	25 
1012	74 
1013	18 
1014	33 
1015	35 
1016	93 
1017	68 
1018	14 
1019	104 
1020	72 
1021	100 
1022	81 
1023	79 
1024	84 
1025	74 
1026	77 
1027	31 
1028	21 
1029	40 
1030	66 
1031	54 
1032	31 
1033	74 
1034	45 
1035	74 
1036	75 
1037	70 
1038	18 
1039	53 
1040	25 
1041	3 
1042	60 
1043	63 
1044	52 
1045	73 
1046	39 
1047	69 
1048	99 
1049	105 
1050	22 
1051	60 
1052	54 
1053	83 
1054	77 
1055	9 
1056	33 
1057	74 
1058	104 
1059	29 
1060	34 
1061	74 
1062	17 
1063	10 
1064	67 
1065	84 
1066	99 
1067	29 
1068	38 
1069	25 
1070	95 
1071	23 
1072	19 
1073	33 
1074	96 
1075	38 
1076	95 
1077	105 
1078	74 
1079	52 
1080	82 
1081	9 
1082	25 
1083	72 
1084	60 
1085	13 
1086	95 
1087	99 
1088	33 
1089	93 
1090	72 
1091	85 
1092	85 
1093	7 
1094	33 
1095	96 
1096	30 
1097	19 
1098	9 
1099	45 
1100	65 
1101	35 
1102	47 
1103	105 
1104	57 
1105	52 
1106	1 
1107	22 
1108	38 
1109	40 
1110	19 
1111	61 
1112	73 
1113	31 
1114	38 
1115	13 
1116	67 
1117	29 
1118	61 
1119	54 
1120	65 
1121	89 
1122	82 
1123	56 
1124	86 
1125	57 
1126	31 
1127	53 
1128	15 
1129	93 
1130	56 
1131	81 
1132	49 
1133	52 
1134	87 
1135	7 
1136	68 
1137	54 
1138	98 
1139	101 
1140	58 
1141	54 
1142	38 
1143	74 
1144	92 
1145	6 
1146	2 
1147	89 
1148	34 
1149	67 
1150	22 
1151	15 
1152	92 
1153	11 
1154	76 
1155	35 
1156	14 
1157	34 
1158	10 
1159	31 
1160	96 
1161	47 
1162	68 
1163	63 
1164	87 
1165	89 
1166	84 
1167	55 
1168	84 
1169	53 
1170	102 
1171	84 
1172	13 
1173	86 
1174	91 
1175	38 
1176	57 
1177	66 
1178	95 
1179	22 
1180	15 
1181	95 
1182	15 
1183	45 
1184	75 
1185	47 
1186	7 
1187	25 
1188	104 
1189	76 
1190	87 
1191	55 
1192	70 
1193	74 
1194	93 
1195	42 
1196	51 
1197	76 
1198	84 
1199	30 
1200	70 
1201	20 
1202	94 
1203	6 
1204	6 
1205	74 
1206	65 
1207	38 
1208	14 
1209	89 
1210	18 
1211	15 
1212	75 
1213	66 
1214	35 
1215	7 
1216	88 
1217	70 
1218	56 
1219	29 
1220	74 
1221	27 
1222	95 
1223	86 
1224	63 
1225	12 
1226	12 
1227	25 
1228	96 
1229	102 
1230	75 
1231	18 
1232	80 
1233	105 
1234	37 
1235	33 
1236	85 
1237	2 
1238	72 
1239	74 
1240	42 
1241	76 
1242	82 
1243	2 
1244	102 
1245	70 
1246	34 
1247	89 
1248	26 
1249	3 
1250	64 
1251	93 
1252	10 
1253	34 
1254	35 
1255	14 
1256	103 
1257	60 
1258	38 
1259	32 
1260	10 
1261	13 
1262	41 
1263	72 
1264	90 
1265	29 
1266	43 
1267	53 
1268	23 
1269	80 
1270	37 
1271	34 
1272	51 
1273	17 
1274	84 
1275	23 
1276	91 
1277	1 
1278	87 
1279	45 
1280	2 
1281	16 
1282	6 
1283	24 
1284	84 
1285	61 
1286	1 
1287	51 
1288	87 
1289	33 
1290	13 
1291	57 
1292	38 
1293	34 
1294	13 
1295	76 
1296	101 
1297	4 
1298	33 
1299	83 
1300	100 
1301	30 
1302	7 
1303	13 
1304	76 
1305	7 
1306	32 
1307	38 
1308	103 
1309	83 
1310	35 
1311	54 
1312	15 
1313	22 
1314	95 
1315	105 
1316	22 
1317	57 
1318	27 
1319	21 
1320	73 
1321	23 
1322	97 
1323	3 
1324	88 
1325	2 
1326	41 
1327	76 
1328	84 
1329	87 
1330	43 
1331	7 
1332	74 
1333	54 
1334	74 
1335	61 
1336	24 
1337	71 
1338	46 
1339	44 
1340	90 
1341	60 
1342	22 
1343	54 
1344	9 
1345	54 
1346	66 
1347	39 
1348	57 
1349	16 
1350	37 
1351	11 
1352	42 
1353	3 
1354	37 
1355	7 
1356	9 
1357	76 
1358	47 
1359	56 
1360	44 
1361	5 
1362	99 
1363	98 
1364	86 
1365	40 
1366	34 
1367	45 
1368	17 
1369	102 
1370	13 
1371	101 
1372	16 
1373	4 
1374	47 
1375	83 
1376	77 
1377	23 
1378	51 
1379	15 
1380	60 
1381	104 
1382	34 
1383	51 
1384	26 
1385	93 
1386	27 
1387	92 
1388	47 
1389	17 
1390	28 
1391	23 
1392	58 
1393	37 
1394	102 
1395	102 
1396	87 
1397	22 
1398	63 
1399	13 
1400	99 
1401	84 
1402	27 
1403	41 
1404	94 
1405	55 
1406	38 
1407	54 
1408	86 
1409	24 
1410	2 
1411	103 
1412	23 
1413	23 
1414	37 
1415	106 
1416	6 
1417	26 
1418	7 
1419	72 
1420	93 
1421	26 
1422	12 
1423	55 
1424	74 
1425	46 
1426	52 
1427	72 
1428	101 
1429	74 
1430	22 
1431	38 
1432	38 
1433	3 
1434	105 
1435	101 
1436	13 
1437	22 
1438	18 
1439	20 
1440	15 
1441	60 
1442	93 
1443	104 
1444	23 
1445	35 
1446	76 
1447	7 
1448	102 
1449	54 
1450	102 
1451	10 
1452	3 
1453	77 
1454	15 
1455	29 
1456	48 
1457	80 
1458	84 
1459	30 
1460	3 
1461	22 
1462	65 
1463	37 
1464	20 
1465	24 
1466	3 
1467	49 
1468	60 
1469	84 
1470	28 
1471	47 
1472	95 
1473	17 
1474	104 
1475	26 
1476	96 
1477	8 
1478	45 
1479	57 
1480	66 
1481	70 
1482	74 
1483	91 
1484	33 
1485	74 
1486	22 
1487	91 
1488	102 
1489	71 
1490	21 
1491	74 
1492	40 
1493	36 
1494	48 
1495	47 
1496	98 
1497	11 
1498	68 
1499	62 
1500	8 
1501	20 
1502	59 
1503	28 
1504	21 
1505	39 
1506	74 
1507	60 
1508	49 
1509	93 
1510	101 
1511	68 
1512	17 
1513	70 
1514	20 
1515	75 
1516	26 
1517	21 
1518	93 
1519	22 
1520	67 
1521	60 
1522	64 
1523	102 
1524	92 
1525	7 
1526	30 
1527	89 
1528	17 
1529	64 
1530	89 
1531	15 
1532	32 
1533	96 
1534	6 
1535	32 
1536	69 
1537	47 
1538	15 
1539	57 
1540	69 
1541	37 
1542	3 
1543	21 
1544	35 
1545	44 
1546	87 
1547	46 
1548	74 
1549	78 
1550	59 
1551	78 
1552	78 
1553	7 
1554	31 
1555	2 
1556	15 
1557	77 
1558	77 
1559	37 
1560	44 
1561	37 
1562	29 
1563	86 
1564	20 
1565	84 
1566	76 
1567	34 
1568	42 
1569	12 
1570	49 
1571	74 
1572	40 
1573	74 
1574	7 
1575	72 
1576	92 
1577	87 
1578	28 
1579	19 
1580	6 
1581	49 
1582	74 
1583	67 
1584	3 
1585	28 
1586	28 
1587	25 
1588	42 
1589	92 
1590	39 
1591	13 
1592	56 
1593	2 
1594	25 
1595	75 
1596	75 
1597	60 
1598	34 
1599	34 
1600	11 
1601	33 
1602	96 
1603	7 
1604	25 
1605	45 
1606	33 
1607	68 
1608	105 
1609	11 
1610	12 
1611	90 
1612	35 
1613	35 
1614	102 
1615	63 
1616	71 
1617	34 
1618	6 
1619	87 
1620	3 
1621	80 
1622	21 
1623	26 
1624	19 
1625	16 
1626	17 
1627	54 
1628	58 
1629	10 
1630	14 
1631	105 
1632	78 
1633	84 
1634	13 
1635	22 
1636	1 
1637	62 
1638	75 
1639	12 
1640	75 
1641	42 
1642	76 
1643	92 
1644	22 
1645	97 
1646	20 
1647	62 
1648	93 
1649	76 
1650	10 
1651	33 
1652	54 
1653	33 
1654	38 
1655	66 
1656	100 
1657	19 
1658	84 
1659	53 
1660	6 
1661	34 
1662	19 
1663	49 
1664	26 
1665	105 
1666	97 
1667	51 
1668	64 
1669	33 
1670	28 
1671	14 
1672	102 
1673	60 
1674	54 
1675	22 
1676	89 
1677	9 
1678	62 
1679	95 
1680	80 
1681	86 
1682	92 
1683	47 
1684	88 
1685	35 
1686	100 
1687	74 
1688	19 
1689	70 
1690	96 
1691	88 
1692	7 
1693	22 
1694	4 
1695	26 
1696	68 
1697	84 
1698	61 
1699	34 
1700	99 
1701	34 
1702	16 
1703	29 
1704	77 
1705	29 
1706	38 
1707	60 
1708	49 
1709	10 
1710	16 
1711	63 
1712	61 
1713	53 
1714	98 
1715	57 
1716	5 
1717	47 
1718	96 
1719	89 
1720	60 
1721	7 
1722	67 
1723	84 
1724	87 
1725	49 
1726	86 
1727	102 
1728	40 
1729	40 
1730	93 
1731	94 
1732	47 
1733	82 
1734	84 
1735	106 
1736	104 
1737	79 
1738	60 
1739	44 
1740	26 
1741	38 
1742	52 
1743	74 
1744	47 
1745	86 
1746	83 
1747	15 
1748	58 
1749	44 
1750	2 
1751	51 
1752	87 
1753	78 
1754	104 
1755	77 
1756	47 
1757	49 
1758	70 
1759	10 
1760	3 
1761	21 
1762	104 
1763	95 
1764	22 
1765	85 
1766	4 
1767	13 
1768	61 
1769	105 
1770	78 
1771	3 
1772	33 
1773	19 
1774	59 
1775	77 
1776	66 
1777	6 
1778	68 
1779	13 
1780	3 
1781	66 
1782	79 
1783	86 
1784	67 
1785	105 
1786	87 
1787	17 
1788	13 
1789	76 
1790	49 
1791	33 
1792	35 
1793	37 
1794	80 
1795	30 
1796	60 
1797	87 
1798	74 
1799	20 
1800	43 
1801	96 
1802	2 
1803	37 
1804	65 
1805	105 
1806	48 
1807	83 
1808	75 
1809	74 
1810	51 
1811	43 
1812	101 
1813	55 
1814	37 
1815	19 
1816	6 
1817	28 
1818	35 
1819	70 
1820	43 
1821	45 
1822	4 
1823	28 
1824	30 
1825	52 
1826	74 
1827	60 
1828	15 
1829	87 
1830	13 
1831	32 
1832	91 
1833	82 
1834	54 
1835	87 
1836	40 
1837	16 
1838	99 
1839	87 
1840	22 
1841	15 
1842	78 
1843	72 
1844	88 
1845	51 
1846	1 
1847	84 
1848	14 
1849	93 
1850	62 
1851	105 
1852	86 
1853	33 
1854	95 
1855	104 
1856	80 
1857	53 
1858	73 
1859	12 
1860	35 
1861	76 
1862	59 
1863	16 
1864	57 
1865	46 
1866	43 
1867	93 
1868	25 
1869	95 
1870	72 
1871	45 
1872	37 
1873	84 
1874	27 
1875	26 
1876	17 
1877	42 
1878	83 
1879	35 
1880	21 
1881	47 
1882	87 
1883	51 
1884	15 
1885	75 
1886	60 
1887	102 
1888	98 
1889	50 
1890	2 
1891	37 
1892	15 
1893	85 
1894	102 
1895	41 
1896	66 
1897	17 
1898	104 
1899	18 
1900	78 
1901	66 
1902	2 
1903	95 
1904	76 
1905	39 
1906	15 
1907	33 
1908	58 
1909	68 
1910	72 
1911	13 
1912	93 
1913	42 
1914	5 
1915	49 
1916	7 
1917	70 
1918	88 
1919	77 
1920	64 
1921	51 
1922	18 
1923	5 
1924	46 
1925	4 
1926	92 
1927	65 
1928	100 
1929	71 
1930	76 
1931	37 
1932	26 
1933	3 
1934	93 
1935	53 
1936	21 
1937	36 
1938	1 
1939	45 
1940	91 
1941	88 
1942	15 
1943	74 
1944	72 
1945	25 
1946	96 
1947	84 
1948	105 
1949	76 
1950	54 
1951	12 
1952	51 
1953	83 
1954	39 
1955	99 
1956	36 
1957	21 
1958	106 
1959	35 
1960	66 
1961	84 
1962	29 
1963	14 
1964	37 
1965	40 
1966	83 
1967	65 
1968	72 
1969	3 
1970	5 
1971	21 
1972	74 
1973	38 
1974	4 
1975	57 
1976	2 
1977	17 
1978	24 
1979	5 
1980	24 
1981	13 
1982	17 
1983	22 
1984	32 
1985	33 
1986	94 
1987	11 
1988	91 
1989	17 
1990	29 
1991	65 
1992	99 
1993	60 
1994	83 
1995	33 
1996	54 
1997	88 
1998	105 
1999	88 
2000	17 
2001	49 
2002	37 
2003	38 
2004	52 
2005	15 
2006	76 
2007	80 
2008	36 
2009	6 
2010	34 
2011	47 
2012	51 
2013	101 
2014	73 
2015	99 
2016	41 
2017	93 
2018	84 
2019	87 
2020	37 
2021	101 
2022	72 
2023	3 
2024	5 
2025	26 
2026	2 
2027	49 
2028	34 
2029	41 
2030	32 
2031	19 
2032	62 
2033	5 
2034	75 
2035	106 
2036	13 
2037	54 
2038	47 
2039	1 
2040	64 
2041	74 
2042	102 
2043	92 
2044	37 
2045	74 
2046	57 
2047	29 
2048	41 
2049	47 
2050	70 
2051	90 
2052	39 
2053	44 
2054	35 
2055	48 
2056	40 
2057	39 
2058	66 
2059	22 
2060	57 
2061	45 
2062	24 
2063	26 
2064	33 
2065	94 
2066	3 
2067	38 
2068	3 
2069	47 
2070	64 
2071	52 
2072	78 
2073	81 
2074	76 
2075	45 
2076	9 
2077	104 
2078	58 
2079	20 
2080	16 
2081	89 
2082	60 
2083	78 
2084	93 
2085	5 
2086	52 
2087	45 
2088	35 
2089	13 
2090	57 
2091	95 
2092	31 
2093	6 
2094	74 
2095	70 
2096	79 
2097	33 
2098	22 
2099	81 
2100	45 
2101	74 
2102	21 
2103	55 
2104	58 
2105	10 
2106	51 
2107	83 
2108	84 
2109	37 
2110	76 
2111	6 
2112	33 
2113	7 
2114	102 
2115	79 
2116	57 
2117	84 
2118	76 
2119	62 
2120	80 
2121	96 
2122	22 
2123	80 
2124	74 
2125	45 
2126	93 
2127	89 
2128	30 
2129	93 
2130	44 
2131	29 
2132	53 
2133	47 
2134	47 
2135	42 
2136	96 
2137	73 
2138	97 
2139	28 
2140	64 
2141	36 
2142	36 
2143	17 
2144	23 
2145	30 
2146	61 
2147	65 
2148	32 
2149	63 
2150	16 
2151	69 
2152	88 
2153	84 
2154	15 
2155	53 
2156	73 
2157	12 
2158	74 
2159	63 
2160	27 
2161	36 
2162	88 
2163	22 
2164	39 
2165	5 
2166	35 
2167	6 
2168	35 
2169	96 
2170	13 
2171	83 
2172	17 
2173	7 
2174	20 
2175	44 
2176	3 
2177	3 
2178	31 
2179	60 
2180	78 
2181	17 
2182	21 
2183	93 
2184	52 
2185	43 
2186	76 
2187	98 
2188	55 
2189	76 
2190	105 
2191	19 
2192	84 
2193	4 
2194	64 
2195	45 
2196	19 
2197	34 
2198	61 
2199	24 
2200	39 
2201	53 
2202	54 
2203	10 
2204	35 
2205	37 
2206	28 
2207	25 
2208	105 
2209	2 
2210	2 
2211	17 
2212	65 
2213	61 
2214	28 
2215	20 
2216	7 
2217	45 
2218	13 
2219	15 
2220	74 
2221	84 
2222	98 
2223	33 
2224	54 
2225	79 
2226	52 
2227	105 
2228	54 
2229	95 
2230	51 
2231	65 
2232	96 
2233	35 
2234	21 
2235	13 
2236	70 
2237	2 
2238	30 
2239	81 
2240	7 
2241	31 
2242	106 
2243	7 
2244	28 
2245	14 
2246	45 
2247	5 
2248	2 
2249	18 
2250	52 
2251	20 
2252	86 
2253	93 
2254	75 
2255	92 
2256	71 
2257	6 
2258	36 
2259	51 
2260	32 
2261	33 
2262	74 
2263	102 
2264	6 
2265	54 
2266	50 
2267	76 
2268	49 
2269	99 
2270	46 
2271	89 
2272	57 
2273	104 
2274	76 
2275	65 
2276	13 
2277	73 
2278	16 
2279	32 
2280	40 
2281	51 
2282	26 
2283	34 
2284	30 
2285	89 
2286	100 
2287	21 
2288	84 
2289	13 
2290	56 
2291	84 
2292	15 
2293	99 
2294	92 
2295	26 
2296	54 
2297	98 
2298	77 
2299	87 
2300	104 
2301	96 
2302	12 
2303	39 
2304	1 
2305	35 
2306	73 
2307	57 
2308	44 
2309	59 
2310	32 
2311	87 
2312	43 
2313	55 
2314	22 
2315	87 
2316	40 
2317	80 
2318	96 
2319	104 
2320	62 
2321	45 
2322	86 
2323	39 
2324	13 
2325	78 
2326	96 
2327	49 
2328	40 
2329	95 
2330	24 
2331	93 
2332	38 
2333	77 
2334	24 
2335	41 
2336	22 
2337	6 
2338	34 
2339	105 
2340	102 
2341	6 
2342	76 
2343	12 
2344	95 
2345	85 
2346	41 
2347	70 
2348	97 
2349	43 
2350	67 
2351	95 
2352	16 
2353	23 
2354	71 
2355	15 
2356	77 
2357	22 
2358	38 
2359	66 
2360	21 
2361	54 
2362	71 
2363	64 
2364	33 
2365	17 
2366	16 
2367	14 
2368	63 
2369	32 
2370	92 
2371	93 
2372	34 
2373	77 
2374	54 
2375	87 
2376	32 
2377	91 
2378	101 
2379	84 
2380	74 
2381	19 
2382	74 
2383	1 
2384	1 
2385	98 
2386	28 
2387	47 
2388	49 
2389	74 
2390	23 
2391	101 
2392	22 
2393	88 
2394	4 
2395	76 
2396	49 
2397	71 
2398	47 
2399	33 
2400	35 
2401	85 
2402	74 
2403	76 
2404	27 
2405	26 
2406	49 
2407	79 
2408	47 
2409	85 
2410	45 
2411	77 
2412	31 
2413	98 
2414	87 
2415	25 
2416	57 
2417	5 
2418	43 
2419	4 
2420	67 
2421	70 
2422	57 
2423	98 
2424	54 
2425	45 
2426	34 
2427	11 
2428	89 
2429	24 
2430	74 
2431	47 
2432	33 
2433	43 
2434	54 
2435	66 
2436	15 
2437	65 
2438	72 
2439	87 
2440	60 
2441	2 
2442	2 
2443	54 
2444	25 
2445	102 
2446	70 
2447	43 
2448	103 
2449	71 
2450	75 
2451	61 
2452	100 
2453	76 
2454	87 
2455	22 
2456	96 
2457	53 
2458	22 
2459	102 
2460	88 
2461	62 
2462	33 
2463	28 
2464	30 
2465	105 
2466	37 
2467	35 
2468	65 
2469	43 
2470	77 
2471	49 
2472	22 
2473	33 
2474	54 
2475	106 
2476	10 
2477	62 
2478	47 
2479	77 
2480	88 
2481	6 
2482	70 
2483	91 
2484	43 
2485	35 
2486	7 
2487	87 
2488	2 
2489	74 
2490	56 
2491	16 
2492	7 
2493	76 
2494	23 
2495	32 
2496	94 
2497	33 
2498	10 
2499	47 
2500	50 
2501	101 
2502	66 
2503	38 
2504	47 
2505	37 
2506	87 
2507	49 
2508	37 
2509	89 
2510	85 
2511	54 
2512	37 
2513	12 
2514	83 
2515	15 
2516	25 
2517	67 
2518	63 
2519	5 
2520	100 
2521	13 
2522	6 
2523	92 
2524	99 
2525	52 
2526	53 
2527	23 
2528	66 
2529	31 
2530	86 
2531	4 
2532	6 
2533	33 
2534	63 
2535	54 
2536	17 
2537	97 
2538	3 
2539	40 
2540	49 
2541	42 
2542	96 
2543	16 
2544	3 
2545	21 
2546	31 
2547	82 
2548	64 
2549	102 
2550	1 
2551	16 
2552	95 
2553	43 
2554	48 
2555	23 
2556	14 
2557	50 
2558	71 
2559	95 
2560	73 
2561	8 
2562	54 
2563	87 
2564	11 
2565	22 
2566	37 
2567	82 
2568	87 
2569	3 
2570	44 
2571	81 
2572	56 
2573	68 
2574	56 
2575	106 
2576	67 
2577	91 
2578	94 
2579	86 
2580	3 
2581	77 
2582	21 
2583	47 
2584	85 
2585	73 
2586	2 
2587	64 
2588	12 
2589	96 
2590	76 
2591	69 
2592	51 
2593	79 
2594	45 
2595	61 
2596	2 
2597	49 
2598	89 
2599	35 
2600	20 
2601	1 
2602	1 
2603	26 
2604	34 
2605	73 
2606	102 
2607	35 
2608	35 
2609	99 
2610	24 
2611	57 
2612	7 
2613	76 
2614	52 
2615	2 
2616	70 
2617	7 
2618	105 
2619	71 
2620	38 
2621	104 
2622	56 
2623	46 
2624	81 
2625	34 
2626	45 
2627	16 
2628	87 
2629	63 
2630	3 
2631	40 
2632	15 
2633	35 
2634	96 
2635	18 
2636	36 
2637	95 
2638	102 
2639	38 
2640	22 
2641	76 
2642	79 
2643	1 
2644	82 
2645	89 
2646	51 
2647	64 
2648	81 
2649	27 
2650	48 
2651	14 
2652	75 
2653	65 
2654	14 
2655	33 
2656	39 
2657	71 
2658	12 
2659	77 
2660	58 
2661	71 
2662	2 
2663	35 
2664	24 
2665	26 
2666	1 
2667	53 
2668	30 
2669	44 
2670	70 
2671	93 
2672	12 
2673	10 
2674	71 
2675	70 
2676	17 
2677	74 
2678	79 
2679	38 
2680	82 
2681	6 
2682	37 
2683	36 
2684	14 
2685	30 
2686	72 
2687	87 
2688	37 
2689	72 
2690	39 
2691	40 
2692	78 
2693	21 
2694	1 
2695	64 
2696	59 
2697	47 
2698	103 
2699	91 
2700	13 
2701	35 
2702	58 
2703	55 
2704	87 
2705	84 
2706	22 
2707	9 
2708	15 
2709	86 
2710	19 
2711	2 
2712	102 
2713	29 
2714	56 
2715	69 
2716	105 
2717	33 
2718	98 
2719	54 
2720	85 
2721	57 
2722	62 
2723	47 
2724	101 
2725	40 
2726	58 
2727	89 
2728	31 
2729	16 
2730	86 
2731	5 
2732	15 
2733	6 
2734	45 
2735	49 
2736	33 
2737	74 
2738	41 
2739	57 
2740	101 
2741	51 
2742	49 
2743	56 
2744	35 
2745	54 
2746	21 
2747	86 
2748	16 
2749	45 
2750	77 
2751	40 
2752	47 
2753	23 
2754	15 
2755	85 
2756	105 
2757	104 
2758	20 
2759	104 
2760	45 
2761	7 
2762	83 
2763	51 
2764	77 
2765	88 
2766	102 
2767	41 
2768	12 
2769	15 
2770	28 
2771	88 
2772	1 
2773	6 
2774	44 
2775	48 
2776	70 
2777	13 
2778	10 
2779	42 
2780	25 
2781	98 
2782	37 
2783	19 
2784	51 
2785	100 
2786	17 
2787	76 
2788	105 
2789	78 
2790	93 
2791	84 
2792	2 
2793	30 
2794	60 
2795	9 
2796	57 
2797	62 
2798	46 
2799	98 
2800	30 
2801	100 
2802	67 
2803	28 
2804	37 
2805	59 
2806	43 
2807	100 
2808	16 
2809	102 
2810	13 
2811	69 
2812	74 
2813	88 
2814	17 
2815	39 
2816	24 
2817	75 
2818	45 
2819	43 
2820	1 
2821	57 
2822	60 
2823	102 
2824	105 
2825	2 
2826	73 
2827	13 
2828	65 
2829	47 
2830	34 
2831	93 
2832	13 
2833	3 
2834	92 
2835	86 
2836	36 
2837	67 
2838	7 
2839	54 
2840	50 
2841	77 
2842	72 
2843	17 
2844	2 
2845	51 
2846	29 
2847	77 
2848	74 
2849	47 
2850	86 
2851	14 
2852	40 
2853	99 
2854	31 
2855	35 
2856	105 
2857	7 
2858	96 
2859	98 
2860	72 
2861	77 
2862	64 
2863	30 
2864	95 
2865	99 
2866	62 
2867	80 
2868	98 
2869	88 
2870	39 
2871	8 
2872	64 
2873	90 
2874	67 
2875	102 
2876	51 
2877	29 
2878	51 
2879	43 
2880	71 
2881	60 
2882	104 
2883	75 
2884	23 
2885	67 
2886	34 
2887	49 
2888	35 
2889	100 
2890	81 
2891	29 
2892	9 
2893	67 
2894	33 
2895	97 
2896	75 
2897	41 
2898	2 
2899	87 
2900	52 
2901	45 
2902	11 
2903	62 
2904	41 
2905	83 
2906	67 
2907	72 
2908	102 
2909	29 
2910	32 
2911	38 
2912	86 
2913	77 
2914	12 
2915	24 
2916	2 
2917	2 
2918	49 
2919	96 
2920	1 
2921	54 
2922	8 
2923	74 
2924	95 
2925	6 
2926	21 
2927	103 
2928	7 
2929	50 
2930	4 
2931	74 
2932	37 
2933	6 
2934	17 
2935	74 
2936	95 
2937	91 
2938	3 
2939	37 
2940	91 
2941	98 
2942	21 
2943	84 
2944	56 
2945	65 
2946	15 
2947	89 
2948	90 
2949	6 
2950	54 
2951	2 
2952	2 
2953	32 
2954	98 
2955	40 
2956	58 
2957	61 
2958	6 
2959	87 
2960	96 
2961	99 
2962	96 
2963	87 
2964	78 
2965	84 
2966	76 
2967	2 
2968	24 
2969	74 
2970	42 
2971	42 
2972	35 
2973	74 
2974	37 
2975	41 
2976	39 
2977	2 
2978	84 
2979	2 
2980	41 
2981	42 
2982	57 
2983	14 
2984	31 
2985	73 
2986	74 
2987	6 
2988	55 
2989	102 
2990	57 
2991	69 
2992	16 
2993	19 
2994	60 
2995	41 
2996	13 
2997	33 
2998	33 
2999	17 
3000	87 
3001	63 
3002	32 
3003	96 
3004	28 
3005	35 
3006	7 
3007	49 
3008	50 
3009	16 
3010	5 
3011	71 
3012	24 
3013	54 
3014	11 
3015	37 
3016	96 
3017	47 
3018	22 
3019	102 
3020	19 
3021	77 
3022	15 
3023	76 
3024	83 
3025	55 
3026	94 
3027	43 
3028	37 
3029	1 
3030	83 
3031	62 
3032	86 
3033	54 
3034	84 
3035	65 
3036	55 
3037	7 
3038	86 
3039	36 
3040	90 
3041	37 
3042	87 
3043	19 
3044	104 
3045	42 
3046	77 
3047	49 
3048	8 
3049	33 
3050	60 
3051	106 
3052	6 
3053	38 
3054	47 
3055	29 
3056	105 
3057	15 
3058	69 
3059	92 
3060	54 
3061	29 
3062	90 
3063	7 
3064	85 
3065	96 
3066	84 
3067	49 
3068	79 
3069	84 
3070	72 
3071	73 
3072	50 
3073	52 
3074	67 
3075	32 
3076	11 
3077	42 
3078	78 
3079	38 
3080	21 
3081	96 
3082	105 
3083	105 
3084	14 
3085	15 
3086	101 
3087	89 
3088	2 
3089	2 
3090	14 
3091	1 
3092	73 
3093	34 
3094	62 
3095	77 
3096	45 
3097	45 
3098	30 
3099	59 
3100	70 
3101	28 
3102	76 
3103	87 
3104	7 
3105	30 
3106	33 
3107	95 
3108	2 
3109	90 
3110	17 
3111	48 
3112	44 
3113	52 
3114	51 
3115	22 
3116	106 
3117	102 
3118	76 
3119	68 
3120	13 
3121	78 
3122	51 
3123	50 
3124	53 
3125	21 
3126	7 
3127	62 
3128	55 
3129	34 
3130	71 
3131	33 
3132	15 
3133	99 
3134	92 
3135	65 
3136	17 
3137	41 
3138	57 
3139	22 
3140	29 
3141	29 
3142	53 
3143	89 
3144	104 
3145	99 
3146	35 
3147	105 
3148	7 
3149	70 
3150	54 
3151	17 
3152	21 
3153	32 
3154	35 
3155	86 
3156	3 
3157	2 
3158	76 
3159	102 
3160	84 
3161	19 
3162	96 
3163	43 
3164	72 
3165	102 
3166	49 
3167	90 
3168	95 
3169	57 
3170	84 
3171	40 
3172	37 
3173	14 
3174	22 
3175	20 
3176	46 
3177	43 
3178	78 
3179	34 
3180	106 
3181	19 
3182	27 
3183	105 
3184	87 
3185	74 
3186	34 
3187	6 
3188	26 
3189	76 
3190	45 
3191	88 
3192	105 
3193	66 
3194	31 
3195	45 
3196	22 
3197	40 
3198	99 
3199	78 
3200	68 
3201	87 
3202	35 
3203	35 
3204	90 
3205	6 
3206	88 
3207	34 
3208	58 
3209	38 
3210	11 
3211	102 
3212	3 
3213	84 
3214	3 
3215	74 
3216	84 
3217	5 
3218	99 
3219	83 
3220	61 
3221	13 
3222	31 
3223	87 
3224	8 
3225	50 
3226	94 
3227	88 
3228	72 
3229	42 
3230	84 
3231	101 
3232	93 
3233	35 
3234	105 
3235	33 
3236	48 
3237	61 
3238	3 
3239	3 
3240	47 
3241	52 
3242	35 
3243	77 
3244	54 
3245	27 
3246	99 
3247	2 
3248	64 
3249	23 
3250	18 
3251	86 
3252	95 
3253	51 
3254	7 
3255	24 
3256	71 
3257	76 
3258	73 
3259	13 
3260	102 
3261	28 
3262	72 
3263	31 
3264	69 
3265	91 
3266	104 
3267	66 
3268	37 
3269	35 
3270	7 
3271	58 
3272	62 
3273	15 
3274	105 
3275	104 
3276	35 
3277	91 
3278	25 
3279	16 
3280	6 
3281	7 
3282	57 
3283	94 
3284	10 
3285	37 
3286	92 
3287	13 
3288	15 
3289	3 
3290	98 
3291	38 
3292	81 
3293	102 
3294	23 
3295	47 
3296	102 
3297	23 
3298	3 
3299	84 
3300	105 
3301	47 
3302	3 
3303	7 
3304	80 
3305	37 
3306	35 
3307	13 
3308	61 
3309	13 
3310	102 
3311	34 
3312	51 
3313	37 
3314	97 
3315	72 
3316	61 
3317	63 
3318	70 
3319	64 
3320	21 
3321	18 
3322	92 
3323	67 
3324	43 
3325	89 
3326	49 
3327	60 
3328	10 
3329	58 
3330	45 
3331	85 
3332	43 
3333	86 
3334	38 
3335	40 
3336	62 
3337	97 
3338	43 
3339	97 
3340	104 
3341	86 
3342	1 
3343	104 
3344	33 
3345	34 
3346	61 
3347	54 
3348	96 
3349	102 
3350	84 
3351	37 
3352	47 
3353	67 
3354	59 
3355	101 
3356	57 
3357	22 
3358	1 
3359	40 
3360	104 
3361	89 
3362	51 
3363	72 
3364	85 
3365	105 
3366	38 
3367	70 
3368	40 
3369	101 
3370	94 
3371	105 
3372	19 
3373	17 
3374	71 
3375	87 
3376	15 
3377	98 
3378	18 
3379	2 
3380	67 
3381	75 
3382	13 
3383	22 
3384	5 
3385	89 
3386	96 
3387	34 
3388	64 
3389	79 
3390	15 
3391	63 
3392	13 
3393	47 
3394	57 
3395	31 
3396	7 
3397	86 
3398	33 
3399	94 
3400	84 
3401	105 
3402	78 
3403	12 
3404	36 
3405	83 
3406	48 
3407	74 
3408	96 
3409	86 
3410	84 
3411	22 
3412	30 
3413	54 
3414	22 
3415	87 
3416	71 
3417	43 
3418	27 
3419	104 
3420	60 
3421	59 
3422	11 
3423	2 
3424	57 
3425	49 
3426	25 
3427	5 
3428	57 
3429	90 
3430	82 
3431	7 
3432	62 
3433	47 
3434	35 
3435	96 
3436	13 
3437	60 
3438	34 
3439	17 
3440	100 
3441	46 
3442	34 
3443	87 
3444	95 
3445	75 
3446	101 
3447	15 
3448	41 
3449	84 
3450	76 
3451	48 
3452	86 
3453	59 
3454	33 
3455	14 
3456	2 
3457	2 
3458	37 
3459	103 
3460	52 
3461	85 
3462	8 
3463	58 
3464	48 
3465	21 
3466	79 
3467	85 
3468	68 
3469	3 
3470	74 
3471	21 
3472	54 
3473	75 
3474	98 
3475	90 
3476	61 
3477	76 
3478	95 
3479	32 
3480	19 
3481	53 
3482	105 
3483	45 
3484	13 
3485	91 
3486	82 
3487	14 
3488	63 
3489	2 
3490	67 
3491	105 
3492	65 
3493	70 
3494	7 
3495	66 
3496	45 
3497	32 
3498	28 
3499	51 
3500	16 
3501	34 
3502	64 
3503	1 
3504	75 
3505	54 
3506	48 
3507	71 
3508	55 
3509	33 
3510	13 
3511	53 
3512	67 
3513	16 
3514	73 
3515	66 
3516	89 
3517	46 
3518	86 
3519	57 
3520	104 
3521	80 
3522	32 
3523	99 
3524	23 
3525	48 
3526	23 
3527	34 
3528	22 
3529	17 
3530	85 
3531	72 
3532	102 
3533	16 
3534	87 
3535	88 
3536	13 
3537	43 
3538	39 
3539	84 
3540	72 
3541	47 
3542	12 
3543	18 
3544	38 
3545	101 
3546	35 
3547	88 
3548	103 
3549	35 
3550	34 
3551	8 
3552	7 
3553	48 
3554	13 
3555	88 
3556	83 
3557	42 
3558	33 
3559	7 
3560	6 
3561	33 
3562	17 
3563	105 
3564	49 
3565	33 
3566	45 
3567	76 
3568	105 
3569	3 
3570	47 
3571	71 
3572	96 
3573	31 
3574	3 
3575	37 
3576	66 
3577	5 
3578	30 
3579	13 
3580	33 
3581	13 
3582	28 
3583	96 
3584	33 
3585	91 
3586	82 
3587	7 
3588	17 
3589	91 
3590	57 
3591	74 
3592	60 
3593	21 
3594	89 
3595	51 
3596	29 
3597	34 
3598	76 
3599	19 
3600	85 
3601	105 
3602	105 
3603	74 
3604	2 
3605	35 
3606	39 
3607	9 
3608	35 
3609	53 
3610	33 
3611	38 
3612	37 
3613	31 
3614	17 
3615	17 
3616	41 
3617	84 
3618	16 
3619	104 
3620	86 
3621	13 
3622	42 
3623	57 
3624	46 
3625	96 
3626	74 
3627	17 
3628	96 
3629	40 
3630	15 
3631	104 
3632	105 
3633	2 
3634	39 
3635	95 
3636	24 
3637	19 
3638	36 
3639	59 
3640	13 
3641	37 
3642	73 
3643	42 
3644	28 
3645	60 
3646	98 
3647	35 
3648	68 
3649	32 
3650	47 
3651	89 
3652	9 
3653	77 
3654	59 
3655	6 
3656	89 
3657	88 
3658	7 
3659	49 
3660	93 
3661	51 
3662	17 
3663	34 
3664	10 
3665	16 
3666	78 
3667	76 
3668	53 
3669	7 
3670	78 
3671	84 
3672	48 
3673	35 
3674	84 
3675	28 
3676	15 
3677	89 
3678	74 
3679	3 
3680	11 
3681	11 
3682	22 
3683	34 
3684	72 
3685	101 
3686	74 
3687	81 
3688	13 
3689	34 
3690	98 
3691	7 
3692	35 
3693	36 
3694	102 
3695	102 
3696	13 
3697	17 
3698	12 
3699	2 
3700	43 
3701	98 
3702	47 
3703	84 
3704	12 
3705	24 
3706	87 
3707	45 
3708	74 
3709	95 
3710	47 
3711	69 
3712	84 
3713	65 
3714	69 
3715	91 
3716	32 
3717	21 
3718	87 
3719	26 
3720	87 
3721	105 
3722	48 
3723	71 
3724	51 
3725	46 
3726	105 
3727	15 
3728	33 
3729	15 
3730	71 
3731	6 
3732	105 
3733	4 
3734	49 
3735	10 
3736	77 
3737	56 
3738	53 
3739	6 
3740	7 
3741	33 
3742	87 
3743	102 
3744	95 
3745	95 
3746	91 
3747	12 
3748	27 
3749	41 
3750	31 
3751	105 
3752	33 
3753	83 
3754	51 
3755	34 
3756	20 
3757	52 
3758	42 
3759	105 
3760	76 
3761	97 
3762	84 
3763	58 
3764	3 
3765	25 
3766	38 
3767	30 
3768	78 
3769	39 
3770	102 
3771	69 
3772	18 
3773	101 
3774	70 
3775	27 
3776	101 
3777	84 
3778	11 
3779	84 
3780	54 
3781	66 
3782	74 
3783	19 
3784	27 
3785	81 
3786	20 
3787	52 
3788	62 
3789	42 
3790	12 
3791	84 
3792	106 
3793	15 
3794	53 
3795	6 
3796	96 
3797	13 
3798	7 
3799	48 
3800	21 
3801	81 
3802	33 
3803	77 
3804	2 
3805	6 
3806	22 
3807	88 
3808	82 
3809	96 
3810	94 
3811	16 
3812	13 
3813	52 
3814	39 
3815	86 
3816	32 
3817	74 
3818	82 
3819	41 
3820	38 
3821	105 
3822	47 
3823	76 
3824	100 
3825	38 
3826	15 
3827	44 
3828	3 
3829	35 
3830	38 
3831	72 
3832	54 
3833	84 
3834	40 
3835	60 
3836	47 
3837	5 
3838	13 
3839	34 
3840	22 
3841	31 
3842	76 
3843	47 
3844	54 
3845	15 
3846	102 
3847	11 
3848	45 
3849	105 
3850	17 
3851	45 
3852	71 
3853	103 
3854	29 
3855	15 
3856	94 
3857	66 
3858	77 
3859	31 
3860	53 
3861	6 
3862	57 
3863	35 
3864	87 
3865	94 
3866	52 
3867	83 
3868	81 
3869	72 
3870	42 
3871	81 
3872	18 
3873	17 
3874	88 
3875	65 
3876	49 
3877	100 
3878	70 
3879	74 
3880	58 
3881	61 
3882	39 
3883	68 
3884	84 
3885	22 
3886	8 
3887	88 
3888	30 
3889	51 
3890	22 
3891	33 
3892	50 
3893	7 
3894	33 
3895	99 
3896	6 
3897	98 
3898	76 
3899	2 
3900	43 
3901	16 
3902	103 
3903	31 
3904	32 
3905	82 
3906	87 
3907	19 
3908	83 
3909	12 
3910	2 
3911	99 
3912	98 
3913	37 
3914	1 
3915	76 
3916	50 
3917	41 
3918	7 
3919	81 
3920	1 
3921	49 
3922	94 
3923	93 
3924	19 
3925	71 
3926	15 
3927	30 
3928	51 
3929	66 
3930	84 
3931	45 
3932	15 
3933	6 
3934	27 
3935	87 
3936	96 
3937	49 
3938	37 
3939	45 
3940	17 
3941	38 
3942	4 
3943	38 
3944	86 
3945	37 
3946	65 
3947	26 
3948	77 
3949	13 
3950	103 
3951	54 
3952	100 
3953	88 
3954	42 
3955	70 
3956	20 
3957	83 
3958	15 
3959	67 
3960	20 
3961	40 
3962	10 
3963	102 
3964	7 
3965	57 
3966	28 
3967	6 
3968	42 
3969	17 
3970	49 
3971	54 
3972	11 
3973	20 
3974	11 
3975	8 
3976	52 
3977	37 
3978	21 
3979	54 
3980	102 
3981	87 
3982	35 
3983	54 
3984	57 
3985	93 
3986	66 
3987	47 
3988	76 
3989	17 
3990	9 
3991	77 
3992	22 
3993	64 
3994	34 
3995	14 
3996	54 
3997	38 
3998	77 
3999	52 
4000	41 
4001	29 
4002	1 
4003	7 
4004	78 
4005	52 
4006	1 
4007	51 
4008	25 
4009	62 
4010	44 
4011	101 
4012	85 
4013	45 
4014	33 
4015	16 
4016	57 
4017	34 
4018	3 
4019	47 
4020	22 
4021	2 
4022	3 
4023	1 
4024	6 
4025	69 
4026	91 
4027	18 
4028	49 
4029	17 
4030	7 
4031	54 
4032	98 
4033	33 
4034	72 
4035	1 
4036	33 
4037	30 
4038	16 
4039	38 
4040	61 
4041	22 
4042	53 
4043	13 
4044	31 
4045	51 
4046	42 
4047	96 
4048	20 
4049	79 
4050	9 
4051	89 
4052	13 
4053	69 
4054	39 
4055	74 
4056	89 
4057	88 
4058	15 
4059	77 
4060	45 
4061	16 
4062	69 
4063	68 
4064	37 
4065	45 
4066	89 
4067	88 
4068	77 
4069	52 
4070	11 
4071	57 
4072	95 
4073	70 
4074	83 
4075	93 
4076	40 
4077	45 
4078	28 
4079	73 
4080	65 
4081	99 
4082	2 
4083	6 
4084	101 
4085	22 
4086	72 
4087	70 
4088	2 
4089	21 
4090	60 
4091	7 
4092	11 
4093	63 
4094	99 
4095	87 
4096	80 
4097	45 
4098	96 
4099	87 
4100	54 
4101	40 
4102	94 
4103	63 
4104	56 
4105	51 
4106	53 
4107	77 
4108	57 
4109	45 
4110	102 
4111	78 
4112	53 
4113	4 
4114	20 
4115	10 
4116	11 
4117	16 
4118	104 
4119	106 
4120	99 
4121	17 
4122	15 
4123	28 
4124	70 
4125	3 
4126	7 
4127	98 
4128	102 
4129	51 
4130	6 
4131	91 
4132	16 
4133	20 
4134	45 
4135	63 
4136	28 
4137	88 
4138	96 
4139	46 
4140	54 
4141	50 
4142	49 
4143	3 
4144	92 
4145	75 
4146	37 
4147	57 
4148	74 
4149	57 
4150	35 
4151	2 
4152	3 
4153	102 
4154	18 
4155	51 
4156	54 
4157	73 
4158	55 
4159	13 
4160	90 
4161	47 
4162	28 
4163	36 
4164	34 
4165	47 
4166	65 
4167	96 
4168	17 
4169	99 
4170	86 
4171	37 
4172	35 
4173	50 
4174	10 
4175	11 
4176	43 
4177	65 
4178	15 
4179	13 
4180	87 
4181	33 
4182	81 
4183	84 
4184	32 
4185	39 
4186	22 
4187	65 
4188	47 
4189	77 
4190	51 
4191	34 
4192	6 
4193	31 
4194	34 
4195	1 
4196	11 
4197	106 
4198	58 
4199	34 
4200	83 
4201	52 
4202	15 
4203	61 
4204	16 
4205	42 
4206	96 
4207	78 
4208	86 
4209	84 
4210	87 
4211	104 
4212	15 
4213	54 
4214	41 
4215	11 
4216	1 
4217	71 
4218	12 
4219	24 
4220	74 
4221	19 
4222	17 
4223	84 
4224	7 
4225	68 
4226	71 
4227	51 
4228	37 
4229	68 
4230	19 
4231	66 
4232	54 
4233	68 
4234	15 
4235	62 
4236	78 
4237	39 
4238	89 
4239	57 
4240	34 
4241	63 
4242	16 
4243	29 
4244	6 
4245	27 
4246	15 
4247	96 
4248	77 
4249	17 
4250	54 
4251	64 
4252	76 
4253	105 
4254	7 
4255	67 
4256	13 
4257	26 
4258	100 
4259	53 
4260	80 
4261	34 
4262	33 
4263	10 
4264	1 
4265	94 
4266	36 
4267	37 
4268	55 
4269	42 
4270	88 
4271	16 
4272	47 
4273	14 
4274	35 
4275	86 
4276	100 
4277	54 
4278	96 
4279	89 
4280	37 
4281	91 
4282	104 
4283	53 
4284	100 
4285	22 
4286	10 
4287	105 
4288	40 
4289	8 
4290	33 
4291	37 
4292	11 
4293	15 
4294	73 
4295	75 
4296	74 
4297	35 
4298	12 
4299	37 
4300	53 
4301	96 
4302	76 
4303	29 
4304	20 
4305	80 
4306	95 
4307	38 
4308	5 
4309	51 
4310	4 
4311	6 
4312	1 
4313	51 
4314	72 
4315	49 
4316	2 
4317	58 
4318	13 
4319	16 
4320	89 
4321	96 
4322	6 
4323	14 
4324	24 
4325	105 
4326	15 
4327	7 
4328	99 
4329	74 
4330	95 
4331	74 
4332	41 
4333	52 
4334	34 
4335	17 
4336	95 
4337	34 
4338	87 
4339	33 
4340	13 
4341	76 
4342	47 
4343	66 
4344	102 
4345	54 
4346	10 
4347	58 
4348	40 
4349	105 
4350	34 
4351	57 
4352	81 
4353	54 
4354	106 
4355	78 
4356	42 
4357	35 
4358	32 
4359	57 
4360	70 
4361	7 
4362	2 
4363	57 
4364	47 
4365	25 
4366	84 
4367	92 
4368	22 
4369	67 
4370	41 
4371	102 
4372	85 
4373	63 
4374	47 
4375	14 
4376	73 
4377	48 
4378	96 
4379	87 
4380	54 
4381	5 
4382	30 
4383	57 
4384	100 
4385	60 
4386	2 
4387	7 
4388	10 
4389	16 
4390	19 
4391	45 
4392	75 
4393	43 
4394	98 
4395	2 
4396	84 
4397	76 
4398	78 
4399	29 
4400	19 
4401	2 
4402	11 
4403	39 
4404	58 
4405	25 
4406	47 
4407	95 
4408	74 
4409	101 
4410	35 
4411	52 
4412	96 
4413	39 
4414	12 
4415	57 
4416	100 
4417	45 
4418	12 
4419	13 
4420	96 
4421	33 
4422	3 
4423	70 
4424	5 
4425	37 
4426	102 
4427	49 
4428	7 
4429	49 
4430	21 
4431	6 
4432	13 
4433	95 
4434	51 
4435	15 
4436	42 
4437	32 
4438	2 
4439	29 
4440	66 
4441	33 
4442	96 
4443	34 
4444	29 
4445	93 
4446	63 
4447	12 
4448	65 
4449	15 
4450	54 
4451	66 
4452	21 
4453	104 
4454	38 
4455	3 
4456	95 
4457	68 
4458	100 
4459	23 
4460	36 
4461	95 
4462	84 
4463	17 
4464	35 
4465	81 
4466	28 
4467	105 
4468	87 
4469	92 
4470	21 
4471	48 
4472	45 
4473	13 
4474	28 
4475	13 
4476	5 
4477	6 
4478	62 
4479	33 
4480	57 
4481	92 
4482	53 
4483	97 
4484	76 
4485	54 
4486	96 
4487	60 
4488	98 
4489	5 
4490	6 
4491	61 
4492	69 
4493	87 
4494	10 
4495	42 
4496	91 
4497	76 
4498	47 
4499	95 
4500	106 
4501	7 
4502	46 
4503	75 
4504	24 
4505	2 
4506	70 
4507	74 
4508	47 
4509	57 
4510	5 
4511	33 
4512	3 
4513	22 
4514	42 
4515	28 
4516	87 
4517	7 
4518	21 
4519	93 
4520	57 
4521	96 
4522	1 
4523	86 
4524	49 
4525	61 
4526	19 
4527	77 
4528	42 
4529	12 
4530	97 
4531	82 
4532	26 
4533	76 
4534	15 
4535	61 
4536	25 
4537	39 
4538	95 
4539	61 
4540	50 
4541	19 
4542	76 
4543	105 
4544	4 
4545	22 
4546	21 
4547	75 
4548	19 
4549	66 
4550	3 
4551	23 
4552	80 
4553	33 
4554	97 
4555	90 
4556	101 
4557	22 
4558	49 
4559	7 
4560	96 
4561	11 
4562	22 
4563	6 
4564	7 
4565	44 
4566	72 
4567	61 
4568	105 
4569	94 
4570	34 
4571	57 
4572	44 
4573	40 
4574	88 
4575	57 
4576	22 
4577	71 
4578	96 
4579	80 
4580	51 
4581	37 
4582	106 
4583	31 
4584	76 
4585	87 
4586	98 
4587	106 
4588	2 
4589	87 
4590	80 
4591	16 
4592	89 
4593	56 
4594	22 
4595	45 
4596	105 
4597	34 
4598	17 
4599	97 
4600	10 
4601	7 
4602	6 
4603	78 
4604	29 
4605	45 
4606	41 
4607	6 
4608	85 
4609	93 
4610	29 
4611	89 
4612	3 
4613	87 
4614	29 
4615	95 
4616	105 
4617	14 
4618	65 
4619	3 
4620	102 
4621	87 
4622	86 
4623	57 
4624	50 
4625	92 
4626	45 
4627	27 
4628	87 
4629	11 
4630	84 
4631	53 
4632	3 
4633	26 
4634	94 
4635	80 
4636	76 
4637	28 
4638	49 
4639	83 
4640	32 
4641	45 
4642	66 
4643	14 
4644	7 
4645	47 
4646	80 
4647	19 
4648	35 
4649	17 
4650	91 
4651	24 
4652	15 
4653	72 
4654	75 
4655	83 
4656	8 
4657	70 
4658	51 
4659	7 
4660	35 
4661	93 
4662	34 
4663	15 
4664	1 
4665	97 
4666	49 
4667	72 
4668	42 
4669	22 
4670	2 
4671	22 
4672	12 
4673	60 
4674	15 
4675	19 
4676	35 
4677	87 
4678	88 
4679	38 
4680	100 
4681	35 
4682	100 
4683	49 
4684	12 
4685	78 
4686	70 
4687	35 
4688	45 
4689	6 
4690	43 
4691	96 
4692	95 
4693	22 
4694	83 
4695	31 
4696	26 
4697	12 
4698	33 
4699	10 
4700	72 
4701	84 
4702	16 
4703	8 
4704	18 
4705	42 
4706	61 
4707	102 
4708	91 
4709	41 
4710	13 
4711	103 
4712	33 
4713	37 
4714	93 
4715	57 
4716	7 
4717	60 
4718	11 
4719	35 
4720	17 
4721	63 
4722	66 
4723	18 
4724	74 
4725	1 
4726	22 
4727	34 
4728	76 
4729	33 
4730	30 
4731	77 
4732	11 
4733	60 
4734	24 
4735	3 
4736	22 
4737	32 
4738	91 
4739	96 
4740	57 
4741	35 
4742	40 
4743	96 
4744	22 
4745	72 
4746	6 
4747	38 
4748	21 
4749	93 
4750	57 
4751	99 
4752	20 
4753	38 
4754	13 
4755	86 
4756	86 
4757	9 
4758	92 
4759	96 
4760	7 
4761	64 
4762	53 
4763	70 
4764	33 
4765	32 
4766	53 
4767	55 
4768	32 
4769	86 
4770	37 
4771	39 
4772	90 
4773	76 
4774	54 
4775	99 
4776	39 
4777	10 
4778	35 
4779	87 
4780	66 
4781	88 
4782	93 
4783	65 
4784	93 
4785	6 
4786	41 
4787	28 
4788	31 
4789	55 
4790	54 
4791	76 
4792	86 
4793	41 
4794	67 
4795	16 
4796	47 
4797	76 
4798	54 
4799	76 
4800	55 
4801	12 
4802	2 
4803	33 
4804	46 
4805	99 
4806	87 
4807	102 
4808	37 
4809	100 
4810	16 
4811	105 
4812	80 
4813	33 
4814	22 
4815	87 
4816	7 
4817	21 
4818	100 
4819	85 
4820	102 
4821	78 
4822	39 
4823	12 
4824	95 
4825	57 
4826	11 
4827	77 
4828	87 
4829	84 
4830	29 
4831	33 
4832	1 
4833	28 
4834	10 
4835	13 
4836	7 
4837	59 
4838	55 
4839	91 
4840	11 
4841	65 
4842	61 
4843	49 
4844	40 
4845	22 
4846	15 
4847	35 
4848	20 
4849	12 
4850	57 
4851	22 
4852	52 
4853	2 
4854	6 
4855	96 
4856	3 
4857	90 
4858	75 
4859	63 
4860	19 
4861	39 
4862	69 
4863	40 
4864	22 
4865	45 
4866	96 
4867	57 
4868	92 
4869	50 
4870	77 
4871	83 
4872	40 
4873	2 
4874	102 
4875	95 
4876	16 
4877	19 
4878	24 
4879	5 
4880	99 
4881	35 
4882	90 
4883	60 
4884	87 
4885	99 
4886	15 
4887	33 
4888	10 
4889	64 
4890	13 
4891	72 
4892	87 
4893	82 
4894	1 
4895	105 
4896	77 
4897	24 
4898	91 
4899	6 
4900	46 
4901	47 
4902	29 
4903	22 
4904	25 
4905	2 
4906	57 
4907	15 
4908	8 
4909	11 
4910	102 
4911	2 
4912	35 
4913	13 
4914	20 
4915	76 
4916	26 
4917	13 
4918	2 
4919	16 
4920	33 
4921	25 
4922	23 
4923	35 
4924	70 
4925	7 
4926	64 
4927	37 
4928	10 
4929	2 
4930	22 
4931	52 
4932	45 
4933	1 
4934	33 
4935	40 
4936	40 
4937	33 
4938	35 
4939	29 
4940	3 
4941	35 
4942	96 
4943	67 
4944	91 
4945	57 
4946	103 
4947	62 
4948	3 
4949	31 
4950	33 
4951	2 
4952	96 
4953	51 
4954	39 
4955	31 
4956	8 
4957	87 
4958	52 
4959	84 
4960	35 
4961	48 
4962	44 
4963	33 
4964	57 
4965	84 
4966	87 
4967	39 
4968	15 
4969	74 
4970	38 
4971	11 
4972	96 
4973	1 
4974	36 
4975	78 
4976	53 
4977	65 
4978	5 
4979	66 
4980	15 
4981	65 
4982	18 
4983	30 
4984	87 
4985	102 
4986	86 
4987	32 
4988	47 
4989	80 
4990	76 
4991	59 
4992	105 
4993	71 
4994	35 
4995	51 
4996	103 
4997	16 
4998	71 
4999	3 
5000	35 
