1	50 
2	84 
3	96 
4	92 
5	16 
6	65 
7	8 
8	17 
9	66 
10	33 
11	93 
12	23 
13	47 
14	27 
15	75 
16	12 
17	93 
18	99 
19	97 
20	46 
21	99 
22	5 
23	66 
24	59 
25	63 
26	63 
27	97 
28	28 
29	18 
30	35 
31	96 
32	45 
33	22 
34	58 
35	76 
36	47 
37	77 
38	39 
39	20 
40	27 
41	50 
42	63 
43	71 
44	20 
45	70 
46	97 
47	73 
48	60 
49	41 
50	21 
51	22 
52	91 
53	11 
54	99 
55	76 
56	96 
57	34 
58	47 
59	52 
60	61 
61	55 
62	81 
63	28 
64	47 
65	44 
66	47 
67	42 
68	91 
69	40 
70	68 
71	40 
72	94 
73	72 
74	70 
75	85 
76	53 
77	65 
78	11 
79	8 
80	79 
81	67 
82	35 
83	1 
84	5 
85	44 
86	26 
87	96 
88	36 
89	84 
90	3 
91	11 
92	24 
93	76 
94	85 
95	52 
96	16 
97	4 
98	67 
99	52 
100	13 
101	21 
102	32 
103	25 
104	39 
105	90 
106	85 
107	92 
108	65 
109	79 
110	101 
111	85 
112	32 
113	16 
114	89 
115	59 
116	75 
117	81 
118	60 
119	20 
120	68 
121	66 
122	85 
123	73 
124	90 
125	43 
126	69 
127	37 
128	30 
129	2 
130	58 
131	91 
132	90 
133	40 
134	81 
135	74 
136	59 
137	32 
138	70 
139	77 
140	21 
141	87 
142	93 
143	49 
144	1 
145	62 
146	53 
147	4 
148	66 
149	49 
150	19 
151	2 
152	19 
153	93 
154	6 
155	4 
156	98 
157	55 
158	64 
159	26 
160	92 
161	72 
162	94 
163	62 
164	90 
165	89 
166	16 
167	93 
168	89 
169	77 
170	56 
171	35 
172	55 
173	89 
174	22 
175	58 
176	59 
177	1 
178	91 
179	10 
180	94 
181	97 
182	88 
183	66 
184	22 
185	23 
186	19 
187	66 
188	52 
189	54 
190	101 
191	65 
192	57 
193	84 
194	84 
195	52 
196	71 
197	27 
198	80 
199	62 
200	88 
201	95 
202	85 
203	90 
204	30 
205	27 
206	97 
207	40 
208	48 
209	34 
210	10 
211	23 
212	52 
213	94 
214	68 
215	97 
216	29 
217	38 
218	7 
219	70 
220	33 
221	47 
222	41 
223	6 
224	56 
225	39 
226	2 
227	65 
228	39 
229	75 
230	85 
231	48 
232	81 
233	19 
234	58 
235	94 
236	60 
237	96 
238	15 
239	73 
240	82 
241	63 
242	36 
243	72 
244	46 
245	32 
246	47 
247	75 
248	82 
249	100 
250	3 
251	75 
252	64 
253	76 
254	77 
255	63 
256	23 
257	85 
258	97 
259	81 
260	77 
261	23 
262	53 
263	11 
264	6 
265	94 
266	54 
267	14 
268	33 
269	92 
270	97 
271	44 
272	54 
273	55 
274	6 
275	74 
276	24 
277	40 
278	52 
279	94 
280	45 
281	28 
282	73 
283	43 
284	35 
285	58 
286	102 
287	63 
288	17 
289	89 
290	96 
291	68 
292	98 
293	27 
294	14 
295	3 
296	58 
297	11 
298	35 
299	69 
300	70 
301	65 
302	84 
303	70 
304	12 
305	93 
306	93 
307	5 
308	90 
309	80 
310	27 
311	76 
312	19 
313	20 
314	55 
315	9 
316	49 
317	91 
318	72 
319	90 
320	21 
321	51 
322	1 
323	72 
324	84 
325	55 
326	31 
327	35 
328	14 
329	29 
330	93 
331	92 
332	102 
333	61 
334	22 
335	10 
336	75 
337	42 
338	53 
339	66 
340	99 
341	56 
342	78 
343	76 
344	52 
345	10 
346	72 
347	15 
348	75 
349	21 
350	37 
351	35 
352	76 
353	34 
354	21 
355	31 
356	98 
357	39 
358	2 
359	20 
360	56 
361	99 
362	11 
363	43 
364	90 
365	81 
366	59 
367	27 
368	62 
369	41 
370	23 
371	97 
372	56 
373	8 
374	81 
375	90 
376	55 
377	13 
378	6 
379	84 
380	30 
381	97 
382	40 
383	56 
384	70 
385	95 
386	21 
387	42 
388	11 
389	25 
390	8 
391	79 
392	11 
393	76 
394	88 
395	13 
396	22 
397	27 
398	69 
399	99 
400	60 
401	23 
402	101 
403	57 
404	74 
405	57 
406	93 
407	55 
408	4 
409	81 
410	31 
411	62 
412	97 
413	28 
414	22 
415	98 
416	81 
417	96 
418	27 
419	28 
420	53 
421	19 
422	9 
423	3 
424	28 
425	96 
426	41 
427	59 
428	88 
429	65 
430	58 
431	32 
432	19 
433	66 
434	76 
435	80 
436	18 
437	99 
438	73 
439	19 
440	85 
441	84 
442	23 
443	6 
444	39 
445	10 
446	91 
447	37 
448	41 
449	21 
450	16 
451	85 
452	48 
453	30 
454	4 
455	68 
456	11 
457	99 
458	90 
459	10 
460	66 
461	66 
462	27 
463	53 
464	3 
465	72 
466	68 
467	65 
468	94 
469	51 
470	18 
471	54 
472	31 
473	18 
474	48 
475	38 
476	55 
477	70 
478	84 
479	66 
480	10 
481	76 
482	30 
483	97 
484	59 
485	55 
486	48 
487	55 
488	59 
489	56 
490	90 
491	56 
492	90 
493	5 
494	79 
495	34 
496	27 
497	70 
498	27 
499	99 
500	8 
501	18 
502	101 
503	28 
504	52 
505	89 
506	36 
507	1 
508	84 
509	27 
510	37 
511	88 
512	102 
513	19 
514	87 
515	83 
516	89 
517	1 
518	70 
519	25 
520	39 
521	94 
522	80 
523	3 
524	15 
525	51 
526	89 
527	94 
528	81 
529	47 
530	10 
531	34 
532	102 
533	64 
534	83 
535	58 
536	66 
537	4 
538	11 
539	39 
540	50 
541	65 
542	52 
543	66 
544	4 
545	87 
546	29 
547	11 
548	55 
549	97 
550	42 
551	78 
552	32 
553	97 
554	27 
555	26 
556	55 
557	53 
558	81 
559	12 
560	68 
561	88 
562	51 
563	81 
564	57 
565	47 
566	68 
567	97 
568	70 
569	94 
570	44 
571	8 
572	88 
573	13 
574	32 
575	32 
576	95 
577	33 
578	13 
579	74 
580	93 
581	16 
582	94 
583	75 
584	40 
585	65 
586	76 
587	1 
588	19 
589	34 
590	26 
591	50 
592	96 
593	76 
594	16 
595	73 
596	90 
597	81 
598	94 
599	84 
600	23 
601	23 
602	12 
603	76 
604	4 
605	25 
606	3 
607	4 
608	94 
609	95 
610	19 
611	11 
612	81 
613	23 
614	40 
615	89 
616	101 
617	35 
618	45 
619	79 
620	21 
621	4 
622	23 
623	35 
624	2 
625	64 
626	53 
627	16 
628	32 
629	99 
630	41 
631	1 
632	91 
633	95 
634	57 
635	18 
636	74 
637	11 
638	40 
639	97 
640	96 
641	40 
642	23 
643	46 
644	47 
645	27 
646	39 
647	32 
648	58 
649	40 
650	31 
651	90 
652	14 
653	39 
654	19 
655	80 
656	83 
657	76 
658	66 
659	66 
660	34 
661	32 
662	22 
663	77 
664	58 
665	90 
666	40 
667	18 
668	96 
669	59 
670	57 
671	39 
672	63 
673	34 
674	43 
675	82 
676	65 
677	47 
678	10 
679	29 
680	77 
681	53 
682	68 
683	58 
684	55 
685	71 
686	83 
687	84 
688	36 
689	5 
690	47 
691	88 
692	82 
693	28 
694	11 
695	59 
696	5 
697	66 
698	78 
699	41 
700	89 
701	64 
702	76 
703	6 
704	55 
705	98 
706	97 
707	26 
708	99 
709	6 
710	25 
711	63 
712	72 
713	66 
714	29 
715	16 
716	20 
717	44 
718	76 
719	32 
720	15 
721	90 
722	13 
723	56 
724	42 
725	72 
726	97 
727	97 
728	6 
729	69 
730	43 
731	20 
732	48 
733	72 
734	7 
735	35 
736	47 
737	52 
738	67 
739	24 
740	64 
741	79 
742	65 
743	10 
744	66 
745	29 
746	10 
747	99 
748	93 
749	42 
750	70 
751	78 
752	101 
753	91 
754	27 
755	102 
756	52 
757	65 
758	70 
759	71 
760	66 
761	30 
762	46 
763	23 
764	43 
765	4 
766	102 
767	81 
768	78 
769	68 
770	101 
771	73 
772	79 
773	52 
774	56 
775	72 
776	76 
777	55 
778	101 
779	55 
780	10 
781	36 
782	90 
783	86 
784	81 
785	97 
786	17 
787	12 
788	55 
789	19 
790	88 
791	53 
792	102 
793	32 
794	47 
795	83 
796	55 
797	79 
798	40 
799	74 
800	95 
801	99 
802	41 
803	23 
804	54 
805	91 
806	1 
807	26 
808	72 
809	76 
810	6 
811	40 
812	75 
813	92 
814	68 
815	68 
816	46 
817	72 
818	67 
819	32 
820	10 
821	81 
822	55 
823	47 
824	18 
825	14 
826	52 
827	58 
828	79 
829	66 
830	66 
831	99 
832	26 
833	81 
834	30 
835	6 
836	87 
837	43 
838	68 
839	9 
840	66 
841	59 
842	38 
843	23 
844	72 
845	81 
846	51 
847	92 
848	44 
849	61 
850	1 
851	7 
852	77 
853	58 
854	99 
855	64 
856	25 
857	89 
858	51 
859	100 
860	59 
861	54 
862	66 
863	62 
864	34 
865	43 
866	99 
867	48 
868	32 
869	6 
870	44 
871	45 
872	34 
873	34 
874	34 
875	40 
876	95 
877	1 
878	56 
879	89 
880	11 
881	68 
882	59 
883	81 
884	6 
885	25 
886	100 
887	94 
888	90 
889	95 
890	71 
891	64 
892	11 
893	28 
894	66 
895	42 
896	62 
897	86 
898	35 
899	61 
900	51 
901	20 
902	19 
903	59 
904	49 
905	85 
906	53 
907	57 
908	82 
909	71 
910	20 
911	13 
912	66 
913	58 
914	21 
915	61 
916	88 
917	86 
918	30 
919	21 
920	11 
921	40 
922	46 
923	31 
924	18 
925	95 
926	99 
927	60 
928	92 
929	87 
930	68 
931	45 
932	21 
933	40 
934	15 
935	81 
936	94 
937	17 
938	102 
939	87 
940	56 
941	25 
942	10 
943	90 
944	72 
945	94 
946	72 
947	76 
948	92 
949	92 
950	8 
951	13 
952	64 
953	101 
954	67 
955	5 
956	5 
957	32 
958	99 
959	34 
960	40 
961	13 
962	31 
963	44 
964	100 
965	27 
966	12 
967	9 
968	6 
969	68 
970	93 
971	81 
972	59 
973	58 
974	75 
975	1 
976	65 
977	86 
978	65 
979	98 
980	42 
981	76 
982	15 
983	4 
984	84 
985	19 
986	4 
987	32 
988	78 
989	56 
990	30 
991	19 
992	65 
993	90 
994	97 
995	47 
996	55 
997	97 
998	56 
999	1 
1000	99 
1001	55 
1002	38 
1003	81 
1004	35 
1005	6 
1006	58 
1007	80 
1008	94 
1009	100 
1010	65 
1011	75 
1012	65 
1013	42 
1014	96 
1015	21 
1016	31 
1017	101 
1018	28 
1019	94 
1020	59 
1021	81 
1022	45 
1023	6 
1024	90 
1025	72 
1026	80 
1027	52 
1028	48 
1029	11 
1030	21 
1031	96 
1032	26 
1033	31 
1034	72 
1035	6 
1036	47 
1037	56 
1038	21 
1039	4 
1040	23 
1041	13 
1042	7 
1043	27 
1044	58 
1045	93 
1046	76 
1047	23 
1048	40 
1049	33 
1050	65 
1051	101 
1052	18 
1053	78 
1054	19 
1055	93 
1056	11 
1057	97 
1058	37 
1059	65 
1060	9 
1061	8 
1062	27 
1063	74 
1064	13 
1065	13 
1066	36 
1067	39 
1068	35 
1069	98 
1070	13 
1071	43 
1072	43 
1073	93 
1074	4 
1075	2 
1076	91 
1077	43 
1078	68 
1079	54 
1080	90 
1081	2 
1082	34 
1083	44 
1084	29 
1085	85 
1086	2 
1087	11 
1088	81 
1089	59 
1090	4 
1091	52 
1092	81 
1093	11 
1094	44 
1095	66 
1096	82 
1097	89 
1098	95 
1099	23 
1100	55 
1101	52 
1102	18 
1103	59 
1104	71 
1105	9 
1106	53 
1107	85 
1108	54 
1109	14 
1110	63 
1111	22 
1112	89 
1113	40 
1114	35 
1115	39 
1116	21 
1117	85 
1118	28 
1119	32 
1120	38 
1121	49 
1122	50 
1123	12 
1124	30 
1125	65 
1126	46 
1127	32 
1128	85 
1129	4 
1130	14 
1131	12 
1132	35 
1133	92 
1134	72 
1135	101 
1136	99 
1137	72 
1138	37 
1139	82 
1140	83 
1141	75 
1142	89 
1143	84 
1144	23 
1145	40 
1146	1 
1147	97 
1148	78 
1149	11 
1150	75 
1151	14 
1152	20 
1153	40 
1154	55 
1155	70 
1156	5 
1157	66 
1158	34 
1159	55 
1160	39 
1161	44 
1162	48 
1163	19 
1164	93 
1165	73 
1166	93 
1167	43 
1168	63 
1169	72 
1170	39 
1171	1 
1172	79 
1173	71 
1174	18 
1175	48 
1176	74 
1177	27 
1178	57 
1179	29 
1180	11 
1181	100 
1182	95 
1183	39 
1184	92 
1185	102 
1186	36 
1187	19 
1188	66 
1189	6 
1190	72 
1191	58 
1192	12 
1193	54 
1194	6 
1195	55 
1196	66 
1197	2 
1198	97 
1199	2 
1200	92 
1201	97 
1202	25 
1203	58 
1204	42 
1205	71 
1206	44 
1207	37 
1208	54 
1209	60 
1210	43 
1211	100 
1212	1 
1213	89 
1214	19 
1215	23 
1216	25 
1217	75 
1218	95 
1219	78 
1220	44 
1221	85 
1222	5 
1223	40 
1224	74 
1225	67 
1226	61 
1227	79 
1228	16 
1229	62 
1230	100 
1231	59 
1232	40 
1233	11 
1234	76 
1235	6 
1236	11 
1237	73 
1238	68 
1239	71 
1240	23 
1241	79 
1242	95 
1243	52 
1244	73 
1245	43 
1246	39 
1247	32 
1248	2 
1249	78 
1250	94 
1251	96 
1252	91 
1253	66 
1254	91 
1255	59 
1256	99 
1257	88 
1258	9 
1259	79 
1260	51 
1261	20 
1262	6 
1263	54 
1264	78 
1265	43 
1266	36 
1267	9 
1268	54 
1269	94 
1270	77 
1271	22 
1272	67 
1273	28 
1274	75 
1275	52 
1276	47 
1277	93 
1278	81 
1279	34 
1280	19 
1281	95 
1282	84 
1283	32 
1284	52 
1285	32 
1286	79 
1287	22 
1288	34 
1289	77 
1290	80 
1291	33 
1292	90 
1293	2 
1294	55 
1295	58 
1296	96 
1297	71 
1298	21 
1299	57 
1300	13 
1301	85 
1302	8 
1303	55 
1304	56 
1305	77 
1306	97 
1307	99 
1308	72 
1309	18 
1310	65 
1311	81 
1312	65 
1313	92 
1314	44 
1315	74 
1316	64 
1317	58 
1318	32 
1319	69 
1320	19 
1321	58 
1322	99 
1323	33 
1324	84 
1325	87 
1326	52 
1327	98 
1328	6 
1329	1 
1330	10 
1331	56 
1332	55 
1333	41 
1334	77 
1335	39 
1336	21 
1337	5 
1338	96 
1339	77 
1340	23 
1341	11 
1342	25 
1343	14 
1344	47 
1345	30 
1346	10 
1347	35 
1348	19 
1349	52 
1350	66 
1351	58 
1352	28 
1353	89 
1354	79 
1355	22 
1356	84 
1357	98 
1358	95 
1359	55 
1360	9 
1361	90 
1362	46 
1363	6 
1364	99 
1365	39 
1366	60 
1367	25 
1368	52 
1369	11 
1370	67 
1371	88 
1372	39 
1373	4 
1374	43 
1375	67 
1376	32 
1377	35 
1378	87 
1379	69 
1380	61 
1381	39 
1382	61 
1383	7 
1384	18 
1385	54 
1386	99 
1387	5 
1388	17 
1389	21 
1390	55 
1391	21 
1392	80 
1393	18 
1394	15 
1395	6 
1396	66 
1397	11 
1398	56 
1399	51 
1400	68 
1401	34 
1402	84 
1403	40 
1404	5 
1405	76 
1406	41 
1407	51 
1408	13 
1409	93 
1410	70 
1411	22 
1412	47 
1413	18 
1414	43 
1415	65 
1416	23 
1417	32 
1418	41 
1419	5 
1420	19 
1421	34 
1422	35 
1423	59 
1424	78 
1425	69 
1426	32 
1427	40 
1428	32 
1429	40 
1430	86 
1431	77 
1432	81 
1433	94 
1434	56 
1435	21 
1436	61 
1437	61 
1438	40 
1439	97 
1440	26 
1441	98 
1442	11 
1443	68 
1444	97 
1445	61 
1446	52 
1447	15 
1448	52 
1449	31 
1450	78 
1451	88 
1452	9 
1453	95 
1454	31 
1455	71 
1456	96 
1457	19 
1458	77 
1459	9 
1460	94 
1461	56 
1462	57 
1463	75 
1464	45 
1465	48 
1466	13 
1467	51 
1468	93 
1469	2 
1470	54 
1471	29 
1472	18 
1473	77 
1474	26 
1475	56 
1476	58 
1477	95 
1478	27 
1479	90 
1480	78 
1481	56 
1482	89 
1483	101 
1484	81 
1485	64 
1486	90 
1487	66 
1488	42 
1489	39 
1490	13 
1491	55 
1492	58 
1493	39 
1494	13 
1495	5 
1496	58 
1497	75 
1498	44 
1499	54 
1500	7 
1501	39 
1502	63 
1503	23 
1504	101 
1505	86 
1506	62 
1507	75 
1508	62 
1509	32 
1510	94 
1511	50 
1512	39 
1513	21 
1514	42 
1515	39 
1516	60 
1517	92 
1518	37 
1519	97 
1520	47 
1521	56 
1522	56 
1523	58 
1524	35 
1525	93 
1526	20 
1527	20 
1528	57 
1529	6 
1530	22 
1531	90 
1532	10 
1533	79 
1534	34 
1535	93 
1536	26 
1537	95 
1538	81 
1539	17 
1540	70 
1541	94 
1542	15 
1543	71 
1544	84 
1545	48 
1546	63 
1547	62 
1548	10 
1549	56 
1550	95 
1551	1 
1552	2 
1553	63 
1554	82 
1555	93 
1556	101 
1557	11 
1558	11 
1559	80 
1560	30 
1561	47 
1562	102 
1563	63 
1564	33 
1565	99 
1566	8 
1567	11 
1568	72 
1569	64 
1570	4 
1571	54 
1572	21 
1573	93 
1574	6 
1575	5 
1576	27 
1577	55 
1578	99 
1579	27 
1580	42 
1581	28 
1582	77 
1583	94 
1584	82 
1585	65 
1586	32 
1587	31 
1588	102 
1589	26 
1590	76 
1591	30 
1592	86 
1593	54 
1594	34 
1595	30 
1596	9 
1597	13 
1598	79 
1599	58 
1600	95 
1601	32 
1602	40 
1603	56 
1604	52 
1605	62 
1606	56 
1607	22 
1608	28 
1609	8 
1610	43 
1611	84 
1612	98 
1613	22 
1614	94 
1615	32 
1616	63 
1617	11 
1618	99 
1619	9 
1620	60 
1621	19 
1622	35 
1623	30 
1624	39 
1625	20 
1626	60 
1627	98 
1628	29 
1629	10 
1630	6 
1631	66 
1632	23 
1633	54 
1634	76 
1635	27 
1636	70 
1637	63 
1638	99 
1639	32 
1640	43 
1641	86 
1642	4 
1643	39 
1644	18 
1645	17 
1646	22 
1647	83 
1648	65 
1649	87 
1650	80 
1651	32 
1652	83 
1653	76 
1654	91 
1655	94 
1656	35 
1657	27 
1658	90 
1659	22 
1660	18 
1661	94 
1662	16 
1663	78 
1664	78 
1665	21 
1666	84 
1667	27 
1668	95 
1669	83 
1670	7 
1671	99 
1672	94 
1673	97 
1674	79 
1675	87 
1676	55 
1677	61 
1678	98 
1679	68 
1680	24 
1681	97 
1682	13 
1683	61 
1684	20 
1685	95 
1686	93 
1687	97 
1688	76 
1689	61 
1690	33 
1691	92 
1692	78 
1693	58 
1694	45 
1695	78 
1696	27 
1697	43 
1698	19 
1699	56 
1700	6 
1701	6 
1702	1 
1703	64 
1704	81 
1705	44 
1706	47 
1707	4 
1708	2 
1709	66 
1710	87 
1711	76 
1712	72 
1713	54 
1714	89 
1715	37 
1716	42 
1717	32 
1718	30 
1719	24 
1720	76 
1721	11 
1722	100 
1723	86 
1724	59 
1725	62 
1726	28 
1727	62 
1728	93 
1729	39 
1730	70 
1731	1 
1732	63 
1733	4 
1734	81 
1735	68 
1736	72 
1737	63 
1738	37 
1739	49 
1740	93 
1741	44 
1742	39 
1743	59 
1744	21 
1745	22 
1746	84 
1747	71 
1748	90 
1749	41 
1750	89 
1751	93 
1752	76 
1753	39 
1754	54 
1755	81 
1756	46 
1757	25 
1758	47 
1759	51 
1760	39 
1761	58 
1762	60 
1763	92 
1764	63 
1765	74 
1766	76 
1767	76 
1768	96 
1769	57 
1770	50 
1771	76 
1772	81 
1773	15 
1774	27 
1775	17 
1776	75 
1777	64 
1778	87 
1779	48 
1780	65 
1781	81 
1782	93 
1783	66 
1784	93 
1785	53 
1786	20 
1787	40 
1788	40 
1789	102 
1790	56 
1791	25 
1792	100 
1793	86 
1794	50 
1795	4 
1796	26 
1797	18 
1798	93 
1799	70 
1800	45 
1801	1 
1802	94 
1803	81 
1804	44 
1805	7 
1806	43 
1807	33 
1808	34 
1809	3 
1810	66 
1811	58 
1812	40 
1813	78 
1814	30 
1815	47 
1816	20 
1817	47 
1818	18 
1819	72 
1820	23 
1821	33 
1822	91 
1823	62 
1824	14 
1825	71 
1826	60 
1827	69 
1828	89 
1829	6 
1830	23 
1831	10 
1832	72 
1833	38 
1834	2 
1835	19 
1836	90 
1837	71 
1838	25 
1839	25 
1840	24 
1841	46 
1842	10 
1843	96 
1844	74 
1845	19 
1846	41 
1847	3 
1848	98 
1849	92 
1850	84 
1851	98 
1852	21 
1853	88 
1854	45 
1855	67 
1856	4 
1857	58 
1858	92 
1859	51 
1860	96 
1861	92 
1862	82 
1863	47 
1864	1 
1865	71 
1866	68 
1867	75 
1868	2 
1869	21 
1870	56 
1871	93 
1872	17 
1873	32 
1874	40 
1875	36 
1876	77 
1877	90 
1878	38 
1879	16 
1880	47 
1881	23 
1882	94 
1883	62 
1884	81 
1885	62 
1886	90 
1887	6 
1888	69 
1889	63 
1890	75 
1891	57 
1892	26 
1893	60 
1894	89 
1895	31 
1896	43 
1897	43 
1898	53 
1899	100 
1900	38 
1901	62 
1902	27 
1903	85 
1904	83 
1905	85 
1906	92 
1907	99 
1908	15 
1909	79 
1910	23 
1911	70 
1912	11 
1913	69 
1914	62 
1915	80 
1916	60 
1917	32 
1918	30 
1919	71 
1920	23 
1921	36 
1922	84 
1923	74 
1924	7 
1925	95 
1926	32 
1927	94 
1928	41 
1929	92 
1930	96 
1931	62 
1932	32 
1933	40 
1934	43 
1935	89 
1936	81 
1937	85 
1938	13 
1939	72 
1940	80 
1941	66 
1942	72 
1943	32 
1944	69 
1945	99 
1946	2 
1947	14 
1948	26 
1949	72 
1950	94 
1951	99 
1952	26 
1953	60 
1954	94 
1955	89 
1956	62 
1957	100 
1958	85 
1959	6 
1960	65 
1961	52 
1962	66 
1963	65 
1964	47 
1965	20 
1966	59 
1967	59 
1968	46 
1969	85 
1970	90 
1971	20 
1972	21 
1973	86 
1974	75 
1975	51 
1976	23 
1977	93 
1978	72 
1979	35 
1980	74 
1981	52 
1982	47 
1983	60 
1984	81 
1985	75 
1986	80 
1987	71 
1988	20 
1989	38 
1990	61 
1991	67 
1992	20 
1993	47 
1994	47 
1995	18 
1996	10 
1997	38 
1998	55 
1999	50 
2000	96 
2001	73 
2002	63 
2003	30 
2004	78 
2005	19 
2006	35 
2007	89 
2008	39 
2009	1 
2010	31 
2011	4 
2012	72 
2013	66 
2014	23 
2015	15 
2016	12 
2017	4 
2018	66 
2019	47 
2020	6 
2021	19 
2022	40 
2023	41 
2024	67 
2025	24 
2026	37 
2027	86 
2028	14 
2029	100 
2030	93 
2031	39 
2032	76 
2033	22 
2034	96 
2035	58 
2036	87 
2037	83 
2038	94 
2039	92 
2040	79 
2041	61 
2042	61 
2043	17 
2044	44 
2045	55 
2046	46 
2047	43 
2048	12 
2049	99 
2050	75 
2051	56 
2052	79 
2053	47 
2054	93 
2055	23 
2056	12 
2057	93 
2058	23 
2059	99 
2060	92 
2061	19 
2062	47 
2063	90 
2064	94 
2065	95 
2066	40 
2067	14 
2068	21 
2069	39 
2070	91 
2071	66 
2072	93 
2073	49 
2074	30 
2075	35 
2076	93 
2077	44 
2078	54 
2079	43 
2080	51 
2081	19 
2082	81 
2083	40 
2084	56 
2085	74 
2086	35 
2087	1 
2088	29 
2089	43 
2090	5 
2091	78 
2092	93 
2093	94 
2094	85 
2095	86 
2096	59 
2097	66 
2098	96 
2099	90 
2100	43 
2101	47 
2102	69 
2103	64 
2104	83 
2105	70 
2106	42 
2107	102 
2108	15 
2109	90 
2110	16 
2111	45 
2112	27 
2113	11 
2114	77 
2115	9 
2116	4 
2117	85 
2118	43 
2119	15 
2120	89 
2121	16 
2122	6 
2123	6 
2124	92 
2125	21 
2126	23 
2127	69 
2128	62 
2129	78 
2130	4 
2131	32 
2132	93 
2133	90 
2134	68 
2135	2 
2136	4 
2137	55 
2138	55 
2139	64 
2140	64 
2141	68 
2142	7 
2143	46 
2144	92 
2145	84 
2146	38 
2147	93 
2148	20 
2149	36 
2150	97 
2151	23 
2152	32 
2153	5 
2154	17 
2155	93 
2156	90 
2157	89 
2158	37 
2159	30 
2160	39 
2161	33 
2162	6 
2163	63 
2164	1 
2165	6 
2166	56 
2167	43 
2168	6 
2169	60 
2170	19 
2171	71 
2172	50 
2173	52 
2174	29 
2175	32 
2176	40 
2177	47 
2178	93 
2179	56 
2180	39 
2181	65 
2182	65 
2183	58 
2184	52 
2185	20 
2186	81 
2187	67 
2188	6 
2189	32 
2190	40 
2191	54 
2192	64 
2193	9 
2194	1 
2195	89 
2196	59 
2197	95 
2198	93 
2199	7 
2200	40 
2201	90 
2202	11 
2203	39 
2204	75 
2205	83 
2206	68 
2207	86 
2208	48 
2209	21 
2210	48 
2211	37 
2212	1 
2213	58 
2214	75 
2215	95 
2216	11 
2217	64 
2218	58 
2219	24 
2220	72 
2221	58 
2222	48 
2223	54 
2224	80 
2225	27 
2226	44 
2227	35 
2228	95 
2229	54 
2230	2 
2231	1 
2232	36 
2233	81 
2234	72 
2235	43 
2236	56 
2237	89 
2238	69 
2239	35 
2240	50 
2241	8 
2242	70 
2243	37 
2244	43 
2245	73 
2246	56 
2247	10 
2248	84 
2249	44 
2250	63 
2251	9 
2252	32 
2253	99 
2254	65 
2255	49 
2256	35 
2257	90 
2258	27 
2259	11 
2260	29 
2261	54 
2262	91 
2263	81 
2264	35 
2265	35 
2266	4 
2267	21 
2268	34 
2269	66 
2270	63 
2271	92 
2272	16 
2273	97 
2274	92 
2275	37 
2276	53 
2277	35 
2278	59 
2279	75 
2280	93 
2281	92 
2282	15 
2283	16 
2284	78 
2285	62 
2286	64 
2287	19 
2288	82 
2289	81 
2290	49 
2291	98 
2292	7 
2293	90 
2294	75 
2295	76 
2296	31 
2297	87 
2298	99 
2299	11 
2300	99 
2301	27 
2302	59 
2303	31 
2304	9 
2305	43 
2306	29 
2307	93 
2308	40 
2309	48 
2310	99 
2311	20 
2312	94 
2313	40 
2314	93 
2315	93 
2316	1 
2317	19 
2318	43 
2319	26 
2320	23 
2321	15 
2322	94 
2323	24 
2324	29 
2325	85 
2326	76 
2327	79 
2328	102 
2329	38 
2330	65 
2331	11 
2332	66 
2333	23 
2334	28 
2335	7 
2336	76 
2337	66 
2338	1 
2339	23 
2340	82 
2341	19 
2342	27 
2343	52 
2344	66 
2345	19 
2346	85 
2347	61 
2348	81 
2349	13 
2350	23 
2351	32 
2352	84 
2353	32 
2354	27 
2355	62 
2356	43 
2357	89 
2358	95 
2359	21 
2360	1 
2361	3 
2362	40 
2363	63 
2364	72 
2365	79 
2366	33 
2367	86 
2368	11 
2369	4 
2370	25 
2371	94 
2372	19 
2373	85 
2374	81 
2375	54 
2376	28 
2377	55 
2378	81 
2379	72 
2380	39 
2381	24 
2382	22 
2383	32 
2384	68 
2385	30 
2386	23 
2387	27 
2388	21 
2389	93 
2390	64 
2391	23 
2392	4 
2393	57 
2394	81 
2395	72 
2396	50 
2397	92 
2398	69 
2399	59 
2400	100 
2401	93 
2402	42 
2403	97 
2404	97 
2405	18 
2406	94 
2407	78 
2408	4 
2409	63 
2410	98 
2411	90 
2412	10 
2413	47 
2414	84 
2415	92 
2416	77 
2417	77 
2418	46 
2419	31 
2420	43 
2421	27 
2422	94 
2423	81 
2424	80 
2425	62 
2426	56 
2427	21 
2428	78 
2429	76 
2430	65 
2431	32 
2432	97 
2433	1 
2434	66 
2435	35 
2436	66 
2437	97 
2438	31 
2439	90 
2440	66 
2441	84 
2442	85 
2443	43 
2444	85 
2445	44 
2446	56 
2447	40 
2448	79 
2449	24 
2450	81 
2451	81 
2452	63 
2453	71 
2454	49 
2455	63 
2456	49 
2457	4 
2458	76 
2459	68 
2460	90 
2461	63 
2462	24 
2463	32 
2464	19 
2465	66 
2466	18 
2467	10 
2468	94 
2469	31 
2470	47 
2471	96 
2472	66 
2473	35 
2474	45 
2475	20 
2476	32 
2477	65 
2478	73 
2479	27 
2480	29 
2481	47 
2482	10 
2483	92 
2484	16 
2485	76 
2486	56 
2487	32 
2488	92 
2489	78 
2490	89 
2491	62 
2492	70 
2493	74 
2494	45 
2495	17 
2496	40 
2497	2 
2498	20 
2499	30 
2500	20 
2501	24 
2502	70 
2503	40 
2504	33 
2505	58 
2506	4 
2507	23 
2508	4 
2509	48 
2510	37 
2511	16 
2512	34 
2513	25 
2514	44 
2515	32 
2516	13 
2517	37 
2518	100 
2519	11 
2520	84 
2521	10 
2522	41 
2523	71 
2524	20 
2525	1 
2526	74 
2527	73 
2528	45 
2529	90 
2530	3 
2531	79 
2532	32 
2533	77 
2534	58 
2535	52 
2536	21 
2537	90 
2538	90 
2539	95 
2540	68 
2541	76 
2542	40 
2543	94 
2544	27 
2545	1 
2546	6 
2547	95 
2548	68 
2549	69 
2550	47 
2551	71 
2552	21 
2553	28 
2554	63 
2555	54 
2556	95 
2557	20 
2558	76 
2559	72 
2560	34 
2561	61 
2562	44 
2563	40 
2564	33 
2565	72 
2566	92 
2567	71 
2568	9 
2569	30 
2570	80 
2571	21 
2572	63 
2573	28 
2574	72 
2575	86 
2576	83 
2577	66 
2578	11 
2579	81 
2580	28 
2581	19 
2582	60 
2583	28 
2584	4 
2585	56 
2586	97 
2587	98 
2588	62 
2589	91 
2590	84 
2591	24 
2592	76 
2593	22 
2594	4 
2595	24 
2596	9 
2597	55 
2598	44 
2599	66 
2600	62 
2601	52 
2602	19 
2603	34 
2604	3 
2605	16 
2606	8 
2607	79 
2608	17 
2609	101 
2610	23 
2611	61 
2612	44 
2613	54 
2614	16 
2615	23 
2616	47 
2617	20 
2618	95 
2619	13 
2620	8 
2621	21 
2622	19 
2623	99 
2624	26 
2625	69 
2626	76 
2627	93 
2628	20 
2629	33 
2630	21 
2631	1 
2632	99 
2633	76 
2634	12 
2635	84 
2636	51 
2637	59 
2638	68 
2639	30 
2640	24 
2641	53 
2642	11 
2643	59 
2644	7 
2645	21 
2646	79 
2647	90 
2648	9 
2649	88 
2650	27 
2651	13 
2652	60 
2653	80 
2654	60 
2655	88 
2656	57 
2657	78 
2658	31 
2659	19 
2660	63 
2661	98 
2662	63 
2663	6 
2664	96 
2665	59 
2666	49 
2667	34 
2668	21 
2669	34 
2670	27 
2671	97 
2672	85 
2673	77 
2674	7 
2675	58 
2676	58 
2677	45 
2678	88 
2679	61 
2680	30 
2681	51 
2682	32 
2683	21 
2684	71 
2685	8 
2686	79 
2687	44 
2688	93 
2689	72 
2690	66 
2691	69 
2692	13 
2693	43 
2694	32 
2695	72 
2696	43 
2697	66 
2698	1 
2699	67 
2700	10 
2701	1 
2702	76 
2703	47 
2704	60 
2705	75 
2706	72 
2707	32 
2708	39 
2709	31 
2710	75 
2711	58 
2712	81 
2713	97 
2714	90 
2715	80 
2716	43 
2717	63 
2718	77 
2719	88 
2720	69 
2721	33 
2722	90 
2723	68 
2724	11 
2725	84 
2726	65 
2727	52 
2728	56 
2729	46 
2730	9 
2731	66 
2732	43 
2733	68 
2734	96 
2735	35 
2736	84 
2737	50 
2738	21 
2739	95 
2740	42 
2741	71 
2742	98 
2743	31 
2744	35 
2745	74 
2746	75 
2747	22 
2748	92 
2749	66 
2750	52 
2751	72 
2752	28 
2753	39 
2754	44 
2755	77 
2756	77 
2757	82 
2758	95 
2759	53 
2760	27 
2761	72 
2762	77 
2763	15 
2764	39 
2765	65 
2766	71 
2767	80 
2768	27 
2769	36 
2770	9 
2771	99 
2772	40 
2773	74 
2774	62 
2775	65 
2776	20 
2777	6 
2778	101 
2779	59 
2780	10 
2781	9 
2782	100 
2783	90 
2784	75 
2785	60 
2786	30 
2787	63 
2788	58 
2789	81 
2790	16 
2791	68 
2792	29 
2793	74 
2794	14 
2795	66 
2796	22 
2797	28 
2798	21 
2799	77 
2800	27 
2801	66 
2802	50 
2803	81 
2804	49 
2805	31 
2806	77 
2807	32 
2808	94 
2809	58 
2810	16 
2811	93 
2812	23 
2813	47 
2814	99 
2815	16 
2816	65 
2817	2 
2818	29 
2819	41 
2820	60 
2821	23 
2822	55 
2823	80 
2824	94 
2825	33 
2826	40 
2827	4 
2828	82 
2829	44 
2830	35 
2831	43 
2832	72 
2833	53 
2834	91 
2835	44 
2836	23 
2837	80 
2838	58 
2839	73 
2840	34 
2841	44 
2842	44 
2843	14 
2844	81 
2845	78 
2846	71 
2847	34 
2848	75 
2849	41 
2850	73 
2851	82 
2852	32 
2853	72 
2854	79 
2855	62 
2856	43 
2857	9 
2858	19 
2859	64 
2860	34 
2861	47 
2862	94 
2863	65 
2864	82 
2865	44 
2866	37 
2867	18 
2868	89 
2869	75 
2870	69 
2871	5 
2872	56 
2873	10 
2874	79 
2875	10 
2876	90 
2877	20 
2878	9 
2879	97 
2880	19 
2881	6 
2882	82 
2883	79 
2884	31 
2885	50 
2886	30 
2887	77 
2888	90 
2889	66 
2890	40 
2891	34 
2892	55 
2893	10 
2894	46 
2895	101 
2896	27 
2897	23 
2898	22 
2899	29 
2900	61 
2901	77 
2902	59 
2903	101 
2904	35 
2905	99 
2906	88 
2907	98 
2908	55 
2909	19 
2910	90 
2911	75 
2912	87 
2913	75 
2914	100 
2915	1 
2916	5 
2917	68 
2918	23 
2919	63 
2920	60 
2921	85 
2922	63 
2923	77 
2924	1 
2925	47 
2926	78 
2927	93 
2928	39 
2929	54 
2930	6 
2931	78 
2932	65 
2933	82 
2934	8 
2935	87 
2936	11 
2937	45 
2938	70 
2939	32 
2940	43 
2941	83 
2942	35 
2943	51 
2944	77 
2945	96 
2946	10 
2947	58 
2948	25 
2949	3 
2950	88 
2951	36 
2952	58 
2953	63 
2954	1 
2955	58 
2956	70 
2957	64 
2958	38 
2959	53 
2960	62 
2961	75 
2962	94 
2963	97 
2964	20 
2965	96 
2966	77 
2967	56 
2968	41 
2969	100 
2970	43 
2971	48 
2972	93 
2973	20 
2974	86 
2975	75 
2976	90 
2977	10 
2978	13 
2979	27 
2980	86 
2981	71 
2982	58 
2983	84 
2984	42 
2985	43 
2986	102 
2987	78 
2988	71 
2989	70 
2990	9 
2991	66 
2992	44 
2993	23 
2994	77 
2995	12 
2996	72 
2997	32 
2998	40 
2999	81 
3000	78 
3001	6 
3002	55 
3003	32 
3004	92 
3005	63 
3006	35 
3007	35 
3008	56 
3009	82 
3010	49 
3011	67 
3012	75 
3013	39 
3014	64 
3015	65 
3016	72 
3017	43 
3018	42 
3019	75 
3020	14 
3021	28 
3022	55 
3023	74 
3024	47 
3025	65 
3026	81 
3027	99 
3028	14 
3029	97 
3030	77 
3031	52 
3032	35 
3033	56 
3034	87 
3035	11 
3036	38 
3037	31 
3038	89 
3039	29 
3040	77 
3041	55 
3042	11 
3043	23 
3044	66 
3045	1 
3046	7 
3047	76 
3048	23 
3049	20 
3050	58 
3051	27 
3052	39 
3053	40 
3054	79 
3055	60 
3056	55 
3057	56 
3058	76 
3059	64 
3060	63 
3061	11 
3062	13 
3063	32 
3064	100 
3065	13 
3066	31 
3067	65 
3068	35 
3069	4 
3070	53 
3071	89 
3072	75 
3073	86 
3074	33 
3075	70 
3076	32 
3077	85 
3078	24 
3079	18 
3080	11 
3081	65 
3082	39 
3083	23 
3084	94 
3085	77 
3086	38 
3087	75 
3088	16 
3089	3 
3090	19 
3091	79 
3092	34 
3093	49 
3094	98 
3095	8 
3096	84 
3097	75 
3098	96 
3099	52 
3100	90 
3101	85 
3102	8 
3103	31 
3104	35 
3105	62 
3106	10 
3107	75 
3108	41 
3109	10 
3110	61 
3111	65 
3112	30 
3113	44 
3114	14 
3115	55 
3116	72 
3117	54 
3118	79 
3119	62 
3120	54 
3121	64 
3122	70 
3123	60 
3124	79 
3125	27 
3126	34 
3127	93 
3128	15 
3129	69 
3130	9 
3131	66 
3132	60 
3133	64 
3134	18 
3135	20 
3136	82 
3137	43 
3138	30 
3139	65 
3140	72 
3141	5 
3142	22 
3143	40 
3144	66 
3145	102 
3146	92 
3147	24 
3148	66 
3149	1 
3150	33 
3151	55 
3152	94 
3153	18 
3154	6 
3155	27 
3156	25 
3157	78 
3158	80 
3159	63 
3160	4 
3161	27 
3162	88 
3163	65 
3164	7 
3165	6 
3166	66 
3167	71 
3168	93 
3169	85 
3170	75 
3171	43 
3172	94 
3173	6 
3174	51 
3175	68 
3176	96 
3177	56 
3178	52 
3179	87 
3180	2 
3181	70 
3182	46 
3183	73 
3184	20 
3185	76 
3186	47 
3187	10 
3188	96 
3189	2 
3190	58 
3191	58 
3192	51 
3193	77 
3194	34 
3195	43 
3196	20 
3197	40 
3198	90 
3199	87 
3200	46 
3201	40 
3202	99 
3203	63 
3204	62 
3205	7 
3206	21 
3207	36 
3208	60 
3209	34 
3210	19 
3211	45 
3212	99 
3213	86 
3214	27 
3215	7 
3216	14 
3217	7 
3218	55 
3219	14 
3220	88 
3221	77 
3222	4 
3223	81 
3224	58 
3225	5 
3226	38 
3227	78 
3228	90 
3229	9 
3230	45 
3231	79 
3232	61 
3233	72 
3234	78 
3235	48 
3236	72 
3237	10 
3238	78 
3239	16 
3240	59 
3241	9 
3242	35 
3243	11 
3244	42 
3245	53 
3246	63 
3247	75 
3248	58 
3249	96 
3250	61 
3251	62 
3252	32 
3253	81 
3254	44 
3255	71 
3256	54 
3257	99 
3258	27 
3259	72 
3260	66 
3261	86 
3262	11 
3263	55 
3264	10 
3265	41 
3266	36 
3267	4 
3268	59 
3269	76 
3270	75 
3271	68 
3272	64 
3273	12 
3274	40 
3275	99 
3276	59 
3277	35 
3278	78 
3279	41 
3280	53 
3281	62 
3282	71 
3283	72 
3284	97 
3285	10 
3286	61 
3287	62 
3288	20 
3289	94 
3290	98 
3291	79 
3292	17 
3293	57 
3294	2 
3295	64 
3296	89 
3297	91 
3298	90 
3299	52 
3300	70 
3301	3 
3302	61 
3303	4 
3304	9 
3305	34 
3306	93 
3307	38 
3308	14 
3309	80 
3310	43 
3311	22 
3312	95 
3313	102 
3314	55 
3315	89 
3316	98 
3317	73 
3318	30 
3319	55 
3320	49 
3321	89 
3322	11 
3323	40 
3324	65 
3325	21 
3326	70 
3327	80 
3328	65 
3329	20 
3330	95 
3331	59 
3332	77 
3333	1 
3334	51 
3335	56 
3336	93 
3337	24 
3338	5 
3339	19 
3340	12 
3341	100 
3342	37 
3343	44 
3344	61 
3345	68 
3346	24 
3347	66 
3348	33 
3349	34 
3350	1 
3351	11 
3352	24 
3353	11 
3354	40 
3355	93 
3356	40 
3357	78 
3358	20 
3359	24 
3360	56 
3361	65 
3362	20 
3363	51 
3364	72 
3365	71 
3366	64 
3367	4 
3368	24 
3369	54 
3370	99 
3371	55 
3372	31 
3373	23 
3374	38 
3375	22 
3376	41 
3377	97 
3378	94 
3379	81 
3380	96 
3381	90 
3382	13 
3383	16 
3384	18 
3385	78 
3386	19 
3387	31 
3388	44 
3389	70 
3390	33 
3391	63 
3392	77 
3393	61 
3394	83 
3395	19 
3396	57 
3397	99 
3398	67 
3399	63 
3400	59 
3401	19 
3402	32 
3403	4 
3404	16 
3405	29 
3406	94 
3407	56 
3408	59 
3409	43 
3410	34 
3411	59 
3412	61 
3413	6 
3414	89 
3415	90 
3416	33 
3417	73 
3418	81 
3419	74 
3420	70 
3421	44 
3422	84 
3423	77 
3424	13 
3425	67 
3426	61 
3427	57 
3428	91 
3429	79 
3430	97 
3431	81 
3432	53 
3433	86 
3434	17 
3435	13 
3436	3 
3437	72 
3438	86 
3439	97 
3440	23 
3441	23 
3442	1 
3443	71 
3444	46 
3445	65 
3446	22 
3447	100 
3448	69 
3449	12 
3450	44 
3451	21 
3452	66 
3453	75 
3454	58 
3455	68 
3456	97 
3457	44 
3458	20 
3459	34 
3460	8 
3461	85 
3462	85 
3463	25 
3464	11 
3465	99 
3466	59 
3467	72 
3468	92 
3469	3 
3470	81 
3471	99 
3472	35 
3473	28 
3474	6 
3475	12 
3476	23 
3477	91 
3478	60 
3479	65 
3480	39 
3481	85 
3482	54 
3483	36 
3484	11 
3485	10 
3486	32 
3487	55 
3488	94 
3489	42 
3490	17 
3491	43 
3492	90 
3493	93 
3494	31 
3495	97 
3496	67 
3497	53 
3498	77 
3499	21 
3500	92 
3501	98 
3502	99 
3503	90 
3504	4 
3505	78 
3506	23 
3507	32 
3508	4 
3509	81 
3510	45 
3511	50 
3512	40 
3513	81 
3514	97 
3515	73 
3516	44 
3517	26 
3518	19 
3519	39 
3520	99 
3521	35 
3522	55 
3523	101 
3524	54 
3525	10 
3526	11 
3527	23 
3528	49 
3529	27 
3530	23 
3531	93 
3532	54 
3533	75 
3534	72 
3535	72 
3536	56 
3537	67 
3538	93 
3539	61 
3540	62 
3541	19 
3542	54 
3543	36 
3544	72 
3545	21 
3546	43 
3547	26 
3548	13 
3549	44 
3550	1 
3551	97 
3552	99 
3553	75 
3554	27 
3555	1 
3556	35 
3557	44 
3558	84 
3559	39 
3560	85 
3561	23 
3562	43 
3563	53 
3564	60 
3565	23 
3566	11 
3567	31 
3568	43 
3569	34 
3570	34 
3571	48 
3572	66 
3573	54 
3574	13 
3575	93 
3576	43 
3577	72 
3578	91 
3579	92 
3580	4 
3581	59 
3582	99 
3583	10 
3584	45 
3585	35 
3586	3 
3587	44 
3588	43 
3589	56 
3590	95 
3591	56 
3592	6 
3593	20 
3594	95 
3595	62 
3596	56 
3597	93 
3598	98 
3599	35 
3600	6 
3601	55 
3602	63 
3603	29 
3604	40 
3605	1 
3606	59 
3607	32 
3608	84 
3609	39 
3610	76 
3611	11 
3612	90 
3613	43 
3614	39 
3615	14 
3616	23 
3617	59 
3618	68 
3619	26 
3620	93 
3621	22 
3622	97 
3623	59 
3624	38 
3625	12 
3626	81 
3627	95 
3628	32 
3629	77 
3630	77 
3631	53 
3632	93 
3633	35 
3634	21 
3635	79 
3636	99 
3637	90 
3638	89 
3639	60 
3640	2 
3641	36 
3642	100 
3643	53 
3644	39 
3645	81 
3646	84 
3647	15 
3648	38 
3649	88 
3650	34 
3651	1 
3652	102 
3653	11 
3654	65 
3655	90 
3656	18 
3657	64 
3658	81 
3659	55 
3660	57 
3661	67 
3662	99 
3663	40 
3664	8 
3665	101 
3666	31 
3667	18 
3668	83 
3669	93 
3670	56 
3671	16 
3672	59 
3673	80 
3674	68 
3675	72 
3676	9 
3677	85 
3678	28 
3679	54 
3680	24 
3681	29 
3682	19 
3683	1 
3684	40 
3685	31 
3686	78 
3687	12 
3688	83 
3689	52 
3690	78 
3691	59 
3692	16 
3693	93 
3694	35 
3695	63 
3696	37 
3697	84 
3698	5 
3699	6 
3700	29 
3701	87 
3702	64 
3703	42 
3704	86 
3705	2 
3706	44 
3707	99 
3708	8 
3709	93 
3710	86 
3711	77 
3712	9 
3713	20 
3714	89 
3715	47 
3716	53 
3717	2 
3718	97 
3719	40 
3720	63 
3721	68 
3722	10 
3723	94 
3724	65 
3725	56 
3726	88 
3727	33 
3728	2 
3729	67 
3730	62 
3731	44 
3732	76 
3733	72 
3734	99 
3735	31 
3736	97 
3737	74 
3738	25 
3739	11 
3740	2 
3741	62 
3742	39 
3743	16 
3744	94 
3745	56 
3746	35 
3747	74 
3748	11 
3749	49 
3750	40 
3751	11 
3752	61 
3753	40 
3754	11 
3755	72 
3756	44 
3757	23 
3758	97 
3759	56 
3760	55 
3761	84 
3762	43 
3763	43 
3764	96 
3765	9 
3766	79 
3767	55 
3768	39 
3769	102 
3770	43 
3771	11 
3772	68 
3773	70 
3774	68 
3775	5 
3776	39 
3777	21 
3778	40 
3779	72 
3780	56 
3781	1 
3782	27 
3783	94 
3784	36 
3785	52 
3786	30 
3787	75 
3788	10 
3789	27 
3790	95 
3791	80 
3792	63 
3793	81 
3794	18 
3795	43 
3796	79 
3797	81 
3798	40 
3799	45 
3800	62 
3801	32 
3802	71 
3803	31 
3804	77 
3805	75 
3806	21 
3807	100 
3808	66 
3809	35 
3810	69 
3811	52 
3812	96 
3813	102 
3814	60 
3815	66 
3816	56 
3817	58 
3818	81 
3819	101 
3820	18 
3821	39 
3822	32 
3823	71 
3824	95 
3825	58 
3826	75 
3827	93 
3828	24 
3829	33 
3830	95 
3831	66 
3832	97 
3833	62 
3834	83 
3835	93 
3836	19 
3837	70 
3838	74 
3839	48 
3840	66 
3841	54 
3842	99 
3843	15 
3844	37 
3845	56 
3846	44 
3847	13 
3848	70 
3849	49 
3850	42 
3851	100 
3852	90 
3853	76 
3854	89 
3855	75 
3856	66 
3857	23 
3858	89 
3859	43 
3860	85 
3861	56 
3862	71 
3863	79 
3864	94 
3865	45 
3866	13 
3867	45 
3868	65 
3869	97 
3870	80 
3871	32 
3872	94 
3873	5 
3874	81 
3875	43 
3876	1 
3877	2 
3878	37 
3879	99 
3880	43 
3881	85 
3882	2 
3883	55 
3884	38 
3885	62 
3886	72 
3887	72 
3888	95 
3889	56 
3890	13 
3891	22 
3892	20 
3893	48 
3894	9 
3895	40 
3896	66 
3897	30 
3898	30 
3899	51 
3900	47 
3901	33 
3902	44 
3903	23 
3904	38 
3905	14 
3906	92 
3907	19 
3908	32 
3909	81 
3910	88 
3911	5 
3912	69 
3913	77 
3914	29 
3915	13 
3916	80 
3917	4 
3918	46 
3919	39 
3920	29 
3921	78 
3922	73 
3923	62 
3924	95 
3925	72 
3926	47 
3927	65 
3928	11 
3929	35 
3930	21 
3931	52 
3932	44 
3933	43 
3934	102 
3935	37 
3936	56 
3937	99 
3938	11 
3939	50 
3940	56 
3941	22 
3942	76 
3943	3 
3944	33 
3945	66 
3946	79 
3947	72 
3948	76 
3949	67 
3950	97 
3951	75 
3952	16 
3953	3 
3954	43 
3955	67 
3956	21 
3957	4 
3958	22 
3959	97 
3960	59 
3961	64 
3962	86 
3963	42 
3964	55 
3965	63 
3966	69 
3967	95 
3968	16 
3969	100 
3970	94 
3971	68 
3972	72 
3973	92 
3974	2 
3975	29 
3976	64 
3977	59 
3978	59 
3979	34 
3980	27 
3981	94 
3982	48 
3983	13 
3984	95 
3985	71 
3986	55 
3987	40 
3988	65 
3989	95 
3990	52 
3991	58 
3992	57 
3993	67 
3994	95 
3995	8 
3996	55 
3997	27 
3998	76 
3999	5 
4000	81 
4001	69 
4002	44 
4003	22 
4004	92 
4005	20 
4006	11 
4007	67 
4008	18 
4009	58 
4010	55 
4011	16 
4012	75 
4013	39 
4014	56 
4015	21 
4016	4 
4017	25 
4018	55 
4019	42 
4020	94 
4021	24 
4022	72 
4023	41 
4024	97 
4025	59 
4026	71 
4027	99 
4028	87 
4029	56 
4030	40 
4031	40 
4032	7 
4033	78 
4034	30 
4035	31 
4036	41 
4037	84 
4038	20 
4039	92 
4040	1 
4041	91 
4042	77 
4043	51 
4044	58 
4045	94 
4046	11 
4047	16 
4048	50 
4049	75 
4050	59 
4051	95 
4052	28 
4053	41 
4054	98 
4055	96 
4056	17 
4057	76 
4058	64 
4059	90 
4060	6 
4061	80 
4062	76 
4063	66 
4064	5 
4065	77 
4066	65 
4067	4 
4068	84 
4069	58 
4070	72 
4071	13 
4072	32 
4073	55 
4074	99 
4075	94 
4076	55 
4077	92 
4078	1 
4079	34 
4080	92 
4081	4 
4082	40 
4083	49 
4084	10 
4085	51 
4086	7 
4087	54 
4088	10 
4089	26 
4090	55 
4091	38 
4092	27 
4093	13 
4094	1 
4095	95 
4096	11 
4097	56 
4098	63 
4099	84 
4100	95 
4101	20 
4102	40 
4103	1 
4104	4 
4105	49 
4106	70 
4107	21 
4108	66 
4109	32 
4110	46 
4111	91 
4112	90 
4113	27 
4114	69 
4115	43 
4116	73 
4117	27 
4118	32 
4119	40 
4120	10 
4121	55 
4122	2 
4123	47 
4124	59 
4125	54 
4126	95 
4127	85 
4128	72 
4129	1 
4130	9 
4131	70 
4132	39 
4133	53 
4134	26 
4135	24 
4136	30 
4137	93 
4138	64 
4139	13 
4140	98 
4141	17 
4142	93 
4143	97 
4144	49 
4145	35 
4146	3 
4147	28 
4148	32 
4149	44 
4150	17 
4151	93 
4152	94 
4153	65 
4154	85 
4155	83 
4156	28 
4157	40 
4158	70 
4159	90 
4160	99 
4161	85 
4162	34 
4163	49 
4164	41 
4165	88 
4166	83 
4167	71 
4168	81 
4169	71 
4170	85 
4171	5 
4172	11 
4173	12 
4174	8 
4175	99 
4176	6 
4177	20 
4178	50 
4179	93 
4180	73 
4181	60 
4182	43 
4183	6 
4184	39 
4185	40 
4186	40 
4187	56 
4188	72 
4189	8 
4190	10 
4191	6 
4192	48 
4193	20 
4194	12 
4195	84 
4196	40 
4197	30 
4198	22 
4199	68 
4200	56 
4201	45 
4202	35 
4203	72 
4204	27 
4205	71 
4206	49 
4207	22 
4208	73 
4209	8 
4210	50 
4211	79 
4212	52 
4213	12 
4214	81 
4215	64 
4216	6 
4217	17 
4218	76 
4219	54 
4220	67 
4221	35 
4222	32 
4223	34 
4224	54 
4225	43 
4226	7 
4227	98 
4228	67 
4229	36 
4230	54 
4231	55 
4232	65 
4233	1 
4234	26 
4235	28 
4236	83 
4237	87 
4238	41 
4239	44 
4240	72 
4241	44 
4242	23 
4243	11 
4244	82 
4245	5 
4246	66 
4247	56 
4248	9 
4249	47 
4250	32 
4251	55 
4252	66 
4253	40 
4254	72 
4255	97 
4256	39 
4257	25 
4258	95 
4259	23 
4260	66 
4261	52 
4262	20 
4263	5 
4264	2 
4265	43 
4266	97 
4267	32 
4268	85 
4269	32 
4270	80 
4271	71 
4272	32 
4273	34 
4274	11 
4275	22 
4276	96 
4277	39 
4278	89 
4279	48 
4280	96 
4281	41 
4282	40 
4283	58 
4284	64 
4285	65 
4286	19 
4287	6 
4288	34 
4289	43 
4290	2 
4291	19 
4292	101 
4293	75 
4294	68 
4295	34 
4296	1 
4297	28 
4298	35 
4299	20 
4300	49 
4301	61 
4302	2 
4303	79 
4304	75 
4305	92 
4306	99 
4307	102 
4308	75 
4309	88 
4310	85 
4311	13 
4312	81 
4313	11 
4314	64 
4315	69 
4316	56 
4317	92 
4318	89 
4319	63 
4320	56 
4321	34 
4322	55 
4323	4 
4324	47 
4325	27 
4326	99 
4327	99 
4328	4 
4329	55 
4330	30 
4331	10 
4332	12 
4333	80 
4334	58 
4335	34 
4336	47 
4337	65 
4338	5 
4339	72 
4340	76 
4341	36 
4342	32 
4343	92 
4344	64 
4345	93 
4346	62 
4347	93 
4348	36 
4349	10 
4350	56 
4351	76 
4352	65 
4353	42 
4354	43 
4355	97 
4356	78 
4357	52 
4358	13 
4359	99 
4360	39 
4361	39 
4362	14 
4363	86 
4364	21 
4365	69 
4366	54 
4367	92 
4368	40 
4369	68 
4370	39 
4371	78 
4372	10 
4373	93 
4374	30 
4375	47 
4376	43 
4377	90 
4378	6 
4379	19 
4380	45 
4381	21 
4382	29 
4383	9 
4384	35 
4385	46 
4386	61 
4387	48 
4388	85 
4389	44 
4390	56 
4391	89 
4392	61 
4393	47 
4394	40 
4395	41 
4396	64 
4397	98 
4398	93 
4399	93 
4400	93 
4401	81 
4402	19 
4403	11 
4404	59 
4405	9 
4406	95 
4407	6 
4408	47 
4409	39 
4410	84 
4411	68 
4412	74 
4413	75 
4414	31 
4415	49 
4416	30 
4417	30 
4418	92 
4419	32 
4420	59 
4421	81 
4422	76 
4423	92 
4424	70 
4425	45 
4426	68 
4427	79 
4428	40 
4429	18 
4430	56 
4431	45 
4432	25 
4433	84 
4434	75 
4435	1 
4436	28 
4437	92 
4438	76 
4439	1 
4440	54 
4441	37 
4442	95 
4443	96 
4444	27 
4445	19 
4446	53 
4447	62 
4448	11 
4449	62 
4450	72 
4451	35 
4452	4 
4453	43 
4454	93 
4455	98 
4456	68 
4457	84 
4458	13 
4459	26 
4460	33 
4461	22 
4462	72 
4463	44 
4464	62 
4465	6 
4466	43 
4467	6 
4468	93 
4469	6 
4470	93 
4471	93 
4472	58 
4473	58 
4474	89 
4475	44 
4476	45 
4477	44 
4478	84 
4479	72 
4480	60 
4481	78 
4482	76 
4483	94 
4484	68 
4485	96 
4486	27 
4487	89 
4488	56 
4489	71 
4490	68 
4491	98 
4492	40 
4493	63 
4494	70 
4495	55 
4496	40 
4497	1 
4498	35 
4499	85 
4500	75 
4501	89 
4502	56 
4503	53 
4504	1 
4505	23 
4506	81 
4507	100 
4508	89 
4509	90 
4510	27 
4511	1 
4512	56 
4513	25 
4514	27 
4515	78 
4516	79 
4517	42 
4518	31 
4519	5 
4520	21 
4521	8 
4522	71 
4523	22 
4524	78 
4525	77 
4526	75 
4527	52 
4528	60 
4529	10 
4530	90 
4531	61 
4532	55 
4533	21 
4534	75 
4535	5 
4536	4 
4537	24 
4538	53 
4539	43 
4540	58 
4541	34 
4542	53 
4543	4 
4544	9 
4545	71 
4546	58 
4547	52 
4548	68 
4549	66 
4550	72 
4551	45 
4552	29 
4553	10 
4554	63 
4555	61 
4556	61 
4557	68 
4558	59 
4559	63 
4560	72 
4561	92 
4562	71 
4563	42 
4564	19 
4565	23 
4566	28 
4567	4 
4568	4 
4569	84 
4570	97 
4571	70 
4572	30 
4573	76 
4574	61 
4575	59 
4576	52 
4577	10 
4578	72 
4579	54 
4580	56 
4581	68 
4582	59 
4583	8 
4584	71 
4585	66 
4586	89 
4587	74 
4588	95 
4589	53 
4590	97 
4591	32 
4592	90 
4593	24 
4594	77 
4595	11 
4596	32 
4597	11 
4598	99 
4599	56 
4600	32 
4601	16 
4602	11 
4603	28 
4604	72 
4605	59 
4606	10 
4607	9 
4608	89 
4609	23 
4610	27 
4611	72 
4612	43 
4613	11 
4614	94 
4615	39 
4616	30 
4617	79 
4618	44 
4619	65 
4620	29 
4621	39 
4622	44 
4623	13 
4624	52 
4625	76 
4626	60 
4627	47 
4628	34 
4629	22 
4630	61 
4631	54 
4632	90 
4633	21 
4634	72 
4635	43 
4636	89 
4637	89 
4638	61 
4639	65 
4640	93 
4641	47 
4642	5 
4643	77 
4644	4 
4645	54 
4646	68 
4647	62 
4648	59 
4649	10 
4650	58 
4651	94 
4652	64 
4653	70 
4654	77 
4655	1 
4656	27 
4657	16 
4658	85 
4659	34 
4660	32 
4661	76 
4662	90 
4663	44 
4664	61 
4665	95 
4666	61 
4667	58 
4668	52 
4669	32 
4670	21 
4671	52 
4672	43 
4673	11 
4674	62 
4675	65 
4676	89 
4677	70 
4678	55 
4679	40 
4680	4 
4681	93 
4682	27 
4683	23 
4684	54 
4685	23 
4686	39 
4687	81 
4688	43 
4689	2 
4690	95 
4691	66 
4692	78 
4693	18 
4694	62 
4695	63 
4696	78 
4697	54 
4698	81 
4699	34 
4700	68 
4701	84 
4702	94 
4703	93 
4704	23 
4705	93 
4706	32 
4707	71 
4708	84 
4709	93 
4710	81 
4711	92 
4712	89 
4713	77 
4714	65 
4715	66 
4716	63 
4717	97 
4718	1 
4719	81 
4720	55 
4721	78 
4722	39 
4723	11 
4724	76 
4725	52 
4726	97 
4727	62 
4728	62 
4729	20 
4730	76 
4731	9 
4732	59 
4733	43 
4734	72 
4735	40 
4736	23 
4737	70 
4738	76 
4739	79 
4740	11 
4741	90 
4742	84 
4743	62 
4744	11 
4745	23 
4746	75 
4747	61 
4748	95 
4749	76 
4750	76 
4751	95 
4752	19 
4753	59 
4754	32 
4755	6 
4756	54 
4757	76 
4758	84 
4759	47 
4760	1 
4761	92 
4762	10 
4763	76 
4764	47 
4765	97 
4766	34 
4767	97 
4768	20 
4769	90 
4770	77 
4771	99 
4772	1 
4773	93 
4774	20 
4775	19 
4776	19 
4777	52 
4778	85 
4779	93 
4780	75 
4781	81 
4782	72 
4783	79 
4784	54 
4785	97 
4786	47 
4787	43 
4788	66 
4789	39 
4790	62 
4791	65 
4792	78 
4793	77 
4794	93 
4795	27 
4796	66 
4797	13 
4798	40 
4799	11 
4800	90 
4801	59 
4802	63 
4803	58 
4804	40 
4805	59 
4806	40 
4807	47 
4808	21 
4809	27 
4810	68 
4811	76 
4812	11 
4813	81 
4814	99 
4815	93 
4816	61 
4817	56 
4818	94 
4819	89 
4820	99 
4821	77 
4822	52 
4823	56 
4824	90 
4825	52 
4826	9 
4827	93 
4828	66 
4829	92 
4830	77 
4831	32 
4832	97 
4833	11 
4834	54 
4835	84 
4836	2 
4837	81 
4838	34 
4839	4 
4840	93 
4841	22 
4842	47 
4843	27 
4844	11 
4845	97 
4846	44 
4847	76 
4848	76 
4849	97 
4850	21 
4851	95 
4852	55 
4853	72 
4854	23 
4855	79 
4856	40 
4857	64 
4858	85 
4859	35 
4860	32 
4861	68 
4862	92 
4863	58 
4864	62 
4865	10 
4866	75 
4867	66 
4868	20 
4869	44 
4870	76 
4871	55 
4872	55 
4873	66 
4874	65 
4875	1 
4876	6 
4877	59 
4878	44 
4879	35 
4880	92 
4881	63 
4882	35 
4883	11 
4884	9 
4885	43 
4886	72 
4887	11 
4888	84 
4889	77 
4890	40 
4891	19 
4892	10 
4893	89 
4894	62 
4895	70 
4896	71 
4897	75 
4898	81 
4899	52 
4900	72 
4901	1 
4902	35 
4903	76 
4904	94 
4905	90 
4906	70 
4907	70 
4908	10 
4909	79 
4910	93 
4911	70 
4912	97 
4913	27 
4914	92 
4915	44 
4916	43 
4917	81 
4918	79 
4919	52 
4920	90 
4921	72 
4922	62 
4923	66 
4924	39 
4925	66 
4926	89 
4927	81 
4928	43 
4929	23 
4930	27 
4931	95 
4932	63 
4933	61 
4934	54 
4935	35 
4936	90 
4937	39 
4938	81 
4939	40 
4940	77 
4941	89 
4942	75 
4943	13 
4944	93 
4945	6 
4946	19 
4947	13 
4948	43 
4949	11 
4950	1 
4951	90 
4952	62 
4953	10 
4954	66 
4955	89 
4956	55 
4957	90 
4958	1 
4959	13 
4960	90 
4961	99 
4962	23 
4963	39 
4964	66 
4965	44 
4966	90 
4967	35 
4968	85 
4969	76 
4970	76 
4971	89 
4972	66 
4973	56 
4974	55 
4975	63 
4976	39 
4977	79 
4978	90 
4979	6 
4980	52 
4981	43 
4982	59 
4983	6 
4984	94 
4985	65 
4986	23 
4987	39 
4988	63 
4989	58 
4990	11 
4991	32 
4992	84 
4993	84 
4994	54 
4995	10 
4996	35 
4997	84 
4998	55 
4999	10 
5000	77 
