1	72 
2	49 
3	48 
4	19 
5	38 
6	70 
7	98 
8	80 
9	103 
10	21 
11	19 
12	44 
13	103 
14	50 
15	99 
16	87 
17	45 
18	69 
19	105 
20	92 
21	99 
22	100 
23	71 
24	64 
25	107 
26	20 
27	86 
28	91 
29	24 
30	14 
31	46 
32	17 
33	46 
34	17 
35	89 
36	105 
37	23 
38	42 
39	84 
40	39 
41	99 
42	71 
43	23 
44	105 
45	24 
46	77 
47	100 
48	87 
49	104 
50	18 
51	64 
52	10 
53	15 
54	60 
55	64 
56	25 
57	64 
58	4 
59	37 
60	28 
61	99 
62	72 
63	58 
64	87 
65	41 
66	82 
67	89 
68	21 
69	14 
70	82 
71	11 
72	59 
73	43 
74	37 
75	61 
76	67 
77	72 
78	76 
79	101 
80	63 
81	86 
82	38 
83	27 
84	64 
85	100 
86	103 
87	57 
88	50 
89	20 
90	86 
91	86 
92	47 
93	82 
94	99 
95	27 
96	14 
97	52 
98	42 
99	85 
100	45 
101	7 
102	19 
103	47 
104	41 
105	39 
106	50 
107	21 
108	51 
109	53 
110	12 
111	15 
112	86 
113	76 
114	45 
115	29 
116	50 
117	14 
118	7 
119	93 
120	107 
121	66 
122	27 
123	37 
124	64 
125	83 
126	23 
127	39 
128	13 
129	50 
130	81 
131	18 
132	14 
133	17 
134	107 
135	107 
136	44 
137	87 
138	50 
139	91 
140	71 
141	48 
142	15 
143	28 
144	45 
145	94 
146	80 
147	35 
148	98 
149	51 
150	12 
151	35 
152	82 
153	48 
154	21 
155	15 
156	63 
157	60 
158	103 
159	42 
160	55 
161	25 
162	22 
163	71 
164	12 
165	64 
166	48 
167	49 
168	73 
169	50 
170	61 
171	41 
172	8 
173	61 
174	61 
175	36 
176	81 
177	80 
178	107 
179	67 
180	15 
181	60 
182	39 
183	3 
184	71 
185	55 
186	41 
187	61 
188	93 
189	62 
190	51 
191	78 
192	54 
193	66 
194	25 
195	66 
196	100 
197	27 
198	68 
199	48 
200	17 
201	56 
202	99 
203	28 
204	12 
205	98 
206	8 
207	60 
208	9 
209	9 
210	48 
211	63 
212	11 
213	104 
214	94 
215	78 
216	14 
217	4 
218	80 
219	72 
220	20 
221	29 
222	27 
223	7 
224	13 
225	80 
226	89 
227	45 
228	53 
229	75 
230	20 
231	51 
232	107 
233	38 
234	5 
235	7 
236	96 
237	21 
238	11 
239	36 
240	38 
241	91 
242	89 
243	19 
244	102 
245	80 
246	82 
247	71 
248	52 
249	105 
250	42 
251	105 
252	82 
253	87 
254	10 
255	18 
256	20 
257	21 
258	95 
259	61 
260	63 
261	67 
262	63 
263	53 
264	60 
265	80 
266	33 
267	67 
268	101 
269	61 
270	63 
271	13 
272	77 
273	14 
274	98 
275	85 
276	50 
277	54 
278	28 
279	15 
280	51 
281	22 
282	105 
283	80 
284	41 
285	59 
286	95 
287	46 
288	50 
289	20 
290	47 
291	18 
292	16 
293	83 
294	98 
295	71 
296	68 
297	49 
298	94 
299	21 
300	20 
301	20 
302	84 
303	35 
304	55 
305	20 
306	18 
307	35 
308	31 
309	39 
310	60 
311	36 
312	5 
313	64 
314	70 
315	12 
316	34 
317	79 
318	36 
319	85 
320	44 
321	102 
322	51 
323	53 
324	71 
325	62 
326	87 
327	41 
328	44 
329	76 
330	13 
331	71 
332	87 
333	52 
334	66 
335	21 
336	76 
337	7 
338	2 
339	4 
340	97 
341	21 
342	56 
343	39 
344	58 
345	57 
346	13 
347	13 
348	61 
349	6 
350	61 
351	9 
352	40 
353	89 
354	107 
355	20 
356	32 
357	12 
358	97 
359	47 
360	53 
361	13 
362	79 
363	61 
364	61 
365	42 
366	42 
367	22 
368	42 
369	106 
370	96 
371	58 
372	10 
373	88 
374	77 
375	63 
376	20 
377	47 
378	83 
379	39 
380	38 
381	42 
382	91 
383	60 
384	39 
385	44 
386	37 
387	17 
388	77 
389	107 
390	7 
391	52 
392	11 
393	60 
394	43 
395	21 
396	100 
397	69 
398	29 
399	106 
400	13 
401	42 
402	71 
403	84 
404	28 
405	67 
406	11 
407	101 
408	70 
409	11 
410	17 
411	33 
412	107 
413	65 
414	1 
415	15 
416	42 
417	89 
418	64 
419	13 
420	98 
421	17 
422	75 
423	27 
424	89 
425	41 
426	9 
427	85 
428	42 
429	16 
430	55 
431	70 
432	6 
433	23 
434	53 
435	21 
436	58 
437	20 
438	75 
439	62 
440	32 
441	61 
442	65 
443	64 
444	70 
445	45 
446	76 
447	17 
448	35 
449	30 
450	29 
451	59 
452	95 
453	39 
454	64 
455	48 
456	41 
457	64 
458	50 
459	71 
460	27 
461	58 
462	76 
463	106 
464	42 
465	30 
466	46 
467	70 
468	15 
469	47 
470	83 
471	20 
472	83 
473	26 
474	13 
475	20 
476	51 
477	105 
478	60 
479	39 
480	57 
481	48 
482	54 
483	46 
484	2 
485	75 
486	7 
487	89 
488	63 
489	99 
490	77 
491	14 
492	23 
493	93 
494	29 
495	60 
496	42 
497	85 
498	63 
499	50 
500	90 
501	105 
502	89 
503	41 
504	1 
505	29 
506	21 
507	32 
508	41 
509	95 
510	105 
511	62 
512	46 
513	102 
514	12 
515	53 
516	21 
517	79 
518	46 
519	75 
520	13 
521	61 
522	39 
523	1 
524	83 
525	73 
526	23 
527	77 
528	28 
529	97 
530	98 
531	61 
532	53 
533	56 
534	86 
535	24 
536	67 
537	17 
538	41 
539	21 
540	7 
541	42 
542	61 
543	14 
544	59 
545	5 
546	49 
547	77 
548	10 
549	44 
550	65 
551	18 
552	24 
553	10 
554	62 
555	14 
556	82 
557	47 
558	5 
559	23 
560	96 
561	85 
562	52 
563	72 
564	60 
565	77 
566	17 
567	80 
568	107 
569	91 
570	61 
571	63 
572	18 
573	44 
574	36 
575	78 
576	53 
577	97 
578	64 
579	95 
580	46 
581	48 
582	37 
583	67 
584	83 
585	50 
586	105 
587	90 
588	89 
589	41 
590	54 
591	17 
592	84 
593	84 
594	46 
595	63 
596	67 
597	87 
598	65 
599	61 
600	80 
601	62 
602	75 
603	36 
604	75 
605	85 
606	14 
607	7 
608	24 
609	70 
610	69 
611	100 
612	82 
613	35 
614	82 
615	43 
616	36 
617	13 
618	90 
619	38 
620	50 
621	81 
622	5 
623	58 
624	44 
625	77 
626	61 
627	95 
628	53 
629	43 
630	45 
631	48 
632	67 
633	56 
634	61 
635	56 
636	13 
637	14 
638	85 
639	98 
640	21 
641	91 
642	8 
643	20 
644	92 
645	91 
646	47 
647	89 
648	91 
649	57 
650	95 
651	20 
652	20 
653	70 
654	49 
655	101 
656	76 
657	62 
658	7 
659	77 
660	71 
661	54 
662	33 
663	45 
664	50 
665	37 
666	75 
667	51 
668	77 
669	84 
670	71 
671	26 
672	14 
673	18 
674	97 
675	71 
676	18 
677	52 
678	21 
679	87 
680	45 
681	87 
682	59 
683	62 
684	107 
685	71 
686	75 
687	79 
688	52 
689	99 
690	99 
691	25 
692	8 
693	95 
694	39 
695	9 
696	106 
697	51 
698	70 
699	15 
700	85 
701	59 
702	102 
703	32 
704	55 
705	13 
706	20 
707	2 
708	20 
709	28 
710	48 
711	90 
712	97 
713	42 
714	88 
715	63 
716	42 
717	64 
718	56 
719	96 
720	32 
721	107 
722	31 
723	30 
724	53 
725	46 
726	55 
727	100 
728	16 
729	56 
730	30 
731	44 
732	41 
733	51 
734	71 
735	80 
736	77 
737	89 
738	39 
739	84 
740	5 
741	27 
742	13 
743	13 
744	71 
745	91 
746	32 
747	14 
748	13 
749	96 
750	96 
751	27 
752	82 
753	6 
754	82 
755	28 
756	63 
757	14 
758	89 
759	23 
760	74 
761	7 
762	16 
763	27 
764	74 
765	80 
766	89 
767	27 
768	66 
769	98 
770	71 
771	18 
772	11 
773	42 
774	78 
775	48 
776	50 
777	6 
778	50 
779	15 
780	41 
781	73 
782	2 
783	70 
784	15 
785	71 
786	21 
787	83 
788	34 
789	83 
790	97 
791	14 
792	61 
793	45 
794	21 
795	46 
796	47 
797	27 
798	94 
799	40 
800	57 
801	46 
802	15 
803	75 
804	39 
805	70 
806	95 
807	21 
808	51 
809	80 
810	78 
811	45 
812	47 
813	6 
814	7 
815	62 
816	46 
817	88 
818	53 
819	5 
820	26 
821	105 
822	97 
823	71 
824	31 
825	22 
826	42 
827	51 
828	34 
829	51 
830	99 
831	51 
832	13 
833	72 
834	7 
835	46 
836	1 
837	29 
838	89 
839	64 
840	27 
841	9 
842	97 
843	17 
844	30 
845	74 
846	105 
847	14 
848	101 
849	4 
850	8 
851	77 
852	78 
853	27 
854	27 
855	87 
856	15 
857	61 
858	42 
859	12 
860	85 
861	1 
862	63 
863	44 
864	69 
865	88 
866	16 
867	22 
868	107 
869	65 
870	1 
871	39 
872	37 
873	65 
874	34 
875	82 
876	75 
877	20 
878	29 
879	56 
880	40 
881	97 
882	28 
883	12 
884	85 
885	64 
886	45 
887	14 
888	54 
889	13 
890	50 
891	20 
892	102 
893	72 
894	30 
895	21 
896	97 
897	21 
898	79 
899	56 
900	60 
901	83 
902	104 
903	21 
904	75 
905	12 
906	70 
907	103 
908	98 
909	87 
910	67 
911	81 
912	7 
913	75 
914	79 
915	21 
916	26 
917	75 
918	60 
919	103 
920	98 
921	46 
922	43 
923	84 
924	64 
925	107 
926	49 
927	50 
928	39 
929	33 
930	7 
931	43 
932	85 
933	67 
934	71 
935	39 
936	36 
937	71 
938	85 
939	23 
940	28 
941	42 
942	39 
943	82 
944	25 
945	21 
946	97 
947	42 
948	4 
949	27 
950	62 
951	83 
952	77 
953	10 
954	47 
955	86 
956	105 
957	20 
958	39 
959	48 
960	89 
961	53 
962	82 
963	70 
964	89 
965	84 
966	107 
967	106 
968	52 
969	67 
970	43 
971	61 
972	81 
973	17 
974	52 
975	104 
976	70 
977	88 
978	60 
979	50 
980	71 
981	84 
982	97 
983	104 
984	84 
985	88 
986	14 
987	90 
988	30 
989	77 
990	98 
991	71 
992	36 
993	68 
994	38 
995	53 
996	25 
997	19 
998	28 
999	68 
1000	46 
1001	70 
1002	9 
1003	84 
1004	85 
1005	72 
1006	61 
1007	72 
1008	15 
1009	41 
1010	32 
1011	32 
1012	7 
1013	49 
1014	101 
1015	102 
1016	67 
1017	35 
1018	13 
1019	8 
1020	47 
1021	17 
1022	96 
1023	39 
1024	40 
1025	98 
1026	3 
1027	15 
1028	64 
1029	84 
1030	101 
1031	11 
1032	97 
1033	82 
1034	17 
1035	106 
1036	68 
1037	58 
1038	78 
1039	107 
1040	35 
1041	28 
1042	17 
1043	105 
1044	85 
1045	74 
1046	107 
1047	63 
1048	92 
1049	49 
1050	66 
1051	98 
1052	80 
1053	77 
1054	54 
1055	50 
1056	4 
1057	9 
1058	56 
1059	39 
1060	75 
1061	77 
1062	48 
1063	21 
1064	64 
1065	98 
1066	85 
1067	19 
1068	48 
1069	94 
1070	86 
1071	33 
1072	27 
1073	67 
1074	89 
1075	61 
1076	49 
1077	72 
1078	89 
1079	60 
1080	51 
1081	15 
1082	30 
1083	5 
1084	4 
1085	89 
1086	39 
1087	107 
1088	89 
1089	48 
1090	10 
1091	41 
1092	26 
1093	12 
1094	71 
1095	97 
1096	89 
1097	64 
1098	21 
1099	71 
1100	10 
1101	80 
1102	103 
1103	69 
1104	94 
1105	13 
1106	66 
1107	104 
1108	68 
1109	73 
1110	7 
1111	49 
1112	79 
1113	107 
1114	79 
1115	88 
1116	50 
1117	19 
1118	18 
1119	78 
1120	21 
1121	44 
1122	61 
1123	62 
1124	85 
1125	49 
1126	97 
1127	45 
1128	86 
1129	95 
1130	99 
1131	69 
1132	15 
1133	91 
1134	96 
1135	27 
1136	105 
1137	9 
1138	7 
1139	11 
1140	68 
1141	92 
1142	53 
1143	43 
1144	42 
1145	66 
1146	39 
1147	54 
1148	73 
1149	84 
1150	77 
1151	41 
1152	94 
1153	68 
1154	17 
1155	77 
1156	56 
1157	21 
1158	31 
1159	39 
1160	11 
1161	11 
1162	91 
1163	60 
1164	46 
1165	20 
1166	6 
1167	60 
1168	41 
1169	72 
1170	41 
1171	8 
1172	8 
1173	34 
1174	72 
1175	2 
1176	61 
1177	94 
1178	35 
1179	21 
1180	50 
1181	85 
1182	103 
1183	72 
1184	10 
1185	106 
1186	84 
1187	31 
1188	50 
1189	13 
1190	7 
1191	98 
1192	37 
1193	36 
1194	87 
1195	94 
1196	54 
1197	43 
1198	107 
1199	11 
1200	25 
1201	58 
1202	5 
1203	83 
1204	76 
1205	2 
1206	89 
1207	80 
1208	103 
1209	57 
1210	105 
1211	51 
1212	44 
1213	93 
1214	88 
1215	62 
1216	83 
1217	25 
1218	4 
1219	89 
1220	13 
1221	98 
1222	33 
1223	88 
1224	9 
1225	67 
1226	66 
1227	77 
1228	50 
1229	74 
1230	44 
1231	84 
1232	68 
1233	79 
1234	77 
1235	28 
1236	22 
1237	3 
1238	4 
1239	27 
1240	80 
1241	39 
1242	80 
1243	39 
1244	45 
1245	47 
1246	89 
1247	77 
1248	86 
1249	40 
1250	17 
1251	8 
1252	78 
1253	63 
1254	27 
1255	40 
1256	26 
1257	71 
1258	86 
1259	75 
1260	42 
1261	41 
1262	44 
1263	87 
1264	45 
1265	81 
1266	21 
1267	46 
1268	48 
1269	90 
1270	16 
1271	71 
1272	105 
1273	86 
1274	6 
1275	61 
1276	79 
1277	106 
1278	84 
1279	75 
1280	94 
1281	40 
1282	70 
1283	95 
1284	13 
1285	76 
1286	31 
1287	65 
1288	19 
1289	89 
1290	105 
1291	50 
1292	35 
1293	18 
1294	17 
1295	75 
1296	44 
1297	25 
1298	86 
1299	8 
1300	64 
1301	17 
1302	89 
1303	2 
1304	93 
1305	27 
1306	88 
1307	49 
1308	79 
1309	44 
1310	57 
1311	14 
1312	25 
1313	31 
1314	20 
1315	67 
1316	19 
1317	80 
1318	63 
1319	106 
1320	1 
1321	105 
1322	49 
1323	25 
1324	36 
1325	40 
1326	28 
1327	84 
1328	13 
1329	22 
1330	71 
1331	47 
1332	30 
1333	41 
1334	50 
1335	75 
1336	89 
1337	24 
1338	49 
1339	72 
1340	30 
1341	47 
1342	76 
1343	61 
1344	55 
1345	39 
1346	18 
1347	57 
1348	27 
1349	85 
1350	61 
1351	71 
1352	37 
1353	17 
1354	86 
1355	63 
1356	46 
1357	82 
1358	16 
1359	20 
1360	70 
1361	35 
1362	84 
1363	25 
1364	97 
1365	100 
1366	42 
1367	41 
1368	11 
1369	69 
1370	87 
1371	68 
1372	28 
1373	24 
1374	64 
1375	29 
1376	15 
1377	64 
1378	85 
1379	42 
1380	66 
1381	75 
1382	72 
1383	8 
1384	12 
1385	13 
1386	47 
1387	34 
1388	91 
1389	22 
1390	85 
1391	33 
1392	67 
1393	75 
1394	97 
1395	33 
1396	2 
1397	16 
1398	101 
1399	72 
1400	16 
1401	27 
1402	31 
1403	48 
1404	39 
1405	80 
1406	5 
1407	49 
1408	46 
1409	30 
1410	13 
1411	39 
1412	69 
1413	84 
1414	37 
1415	89 
1416	58 
1417	62 
1418	23 
1419	11 
1420	98 
1421	76 
1422	101 
1423	4 
1424	52 
1425	57 
1426	46 
1427	106 
1428	105 
1429	14 
1430	4 
1431	8 
1432	44 
1433	41 
1434	69 
1435	77 
1436	81 
1437	7 
1438	11 
1439	3 
1440	56 
1441	82 
1442	29 
1443	48 
1444	58 
1445	84 
1446	39 
1447	16 
1448	13 
1449	8 
1450	69 
1451	99 
1452	30 
1453	92 
1454	89 
1455	10 
1456	26 
1457	44 
1458	74 
1459	45 
1460	56 
1461	91 
1462	12 
1463	15 
1464	13 
1465	50 
1466	41 
1467	89 
1468	76 
1469	90 
1470	30 
1471	91 
1472	45 
1473	4 
1474	74 
1475	77 
1476	64 
1477	77 
1478	83 
1479	103 
1480	19 
1481	67 
1482	55 
1483	103 
1484	24 
1485	61 
1486	82 
1487	15 
1488	71 
1489	30 
1490	79 
1491	70 
1492	89 
1493	4 
1494	11 
1495	67 
1496	63 
1497	62 
1498	89 
1499	83 
1500	14 
1501	66 
1502	69 
1503	1 
1504	61 
1505	51 
1506	21 
1507	58 
1508	98 
1509	46 
1510	74 
1511	21 
1512	50 
1513	104 
1514	8 
1515	34 
1516	18 
1517	103 
1518	44 
1519	92 
1520	33 
1521	64 
1522	49 
1523	64 
1524	57 
1525	62 
1526	60 
1527	88 
1528	12 
1529	100 
1530	41 
1531	82 
1532	65 
1533	75 
1534	14 
1535	72 
1536	101 
1537	83 
1538	68 
1539	32 
1540	91 
1541	13 
1542	91 
1543	6 
1544	46 
1545	45 
1546	91 
1547	65 
1548	27 
1549	65 
1550	21 
1551	1 
1552	86 
1553	39 
1554	1 
1555	77 
1556	31 
1557	77 
1558	1 
1559	105 
1560	85 
1561	85 
1562	46 
1563	25 
1564	57 
1565	79 
1566	77 
1567	50 
1568	17 
1569	58 
1570	75 
1571	98 
1572	81 
1573	94 
1574	50 
1575	107 
1576	88 
1577	51 
1578	94 
1579	77 
1580	57 
1581	49 
1582	59 
1583	89 
1584	49 
1585	41 
1586	71 
1587	24 
1588	90 
1589	58 
1590	12 
1591	105 
1592	41 
1593	36 
1594	64 
1595	55 
1596	37 
1597	14 
1598	18 
1599	95 
1600	28 
1601	58 
1602	60 
1603	89 
1604	15 
1605	80 
1606	107 
1607	32 
1608	36 
1609	43 
1610	75 
1611	41 
1612	100 
1613	82 
1614	41 
1615	64 
1616	94 
1617	51 
1618	11 
1619	79 
1620	77 
1621	21 
1622	45 
1623	6 
1624	84 
1625	39 
1626	49 
1627	27 
1628	82 
1629	41 
1630	25 
1631	12 
1632	59 
1633	50 
1634	102 
1635	82 
1636	105 
1637	37 
1638	4 
1639	78 
1640	23 
1641	11 
1642	89 
1643	21 
1644	25 
1645	72 
1646	80 
1647	92 
1648	94 
1649	16 
1650	53 
1651	52 
1652	60 
1653	57 
1654	82 
1655	93 
1656	65 
1657	63 
1658	14 
1659	44 
1660	33 
1661	105 
1662	77 
1663	64 
1664	43 
1665	13 
1666	91 
1667	42 
1668	6 
1669	5 
1670	55 
1671	103 
1672	75 
1673	38 
1674	80 
1675	26 
1676	96 
1677	71 
1678	71 
1679	85 
1680	4 
1681	63 
1682	106 
1683	27 
1684	44 
1685	77 
1686	37 
1687	17 
1688	49 
1689	75 
1690	53 
1691	46 
1692	8 
1693	59 
1694	35 
1695	2 
1696	60 
1697	61 
1698	85 
1699	95 
1700	10 
1701	80 
1702	18 
1703	87 
1704	89 
1705	14 
1706	74 
1707	95 
1708	105 
1709	67 
1710	34 
1711	64 
1712	4 
1713	53 
1714	89 
1715	89 
1716	21 
1717	29 
1718	70 
1719	105 
1720	42 
1721	81 
1722	4 
1723	43 
1724	42 
1725	33 
1726	52 
1727	20 
1728	94 
1729	11 
1730	14 
1731	62 
1732	102 
1733	70 
1734	51 
1735	59 
1736	37 
1737	31 
1738	50 
1739	22 
1740	10 
1741	97 
1742	77 
1743	48 
1744	44 
1745	79 
1746	41 
1747	10 
1748	59 
1749	84 
1750	20 
1751	84 
1752	13 
1753	18 
1754	49 
1755	61 
1756	80 
1757	74 
1758	103 
1759	44 
1760	8 
1761	15 
1762	63 
1763	77 
1764	6 
1765	97 
1766	33 
1767	75 
1768	39 
1769	104 
1770	71 
1771	61 
1772	7 
1773	27 
1774	10 
1775	74 
1776	23 
1777	46 
1778	1 
1779	102 
1780	30 
1781	94 
1782	53 
1783	44 
1784	52 
1785	74 
1786	61 
1787	91 
1788	1 
1789	11 
1790	89 
1791	29 
1792	4 
1793	52 
1794	56 
1795	105 
1796	17 
1797	60 
1798	40 
1799	31 
1800	99 
1801	23 
1802	28 
1803	89 
1804	39 
1805	48 
1806	100 
1807	80 
1808	34 
1809	11 
1810	106 
1811	82 
1812	63 
1813	27 
1814	49 
1815	97 
1816	102 
1817	10 
1818	54 
1819	96 
1820	52 
1821	71 
1822	107 
1823	39 
1824	27 
1825	56 
1826	78 
1827	7 
1828	76 
1829	70 
1830	4 
1831	84 
1832	42 
1833	5 
1834	71 
1835	60 
1836	33 
1837	89 
1838	71 
1839	85 
1840	54 
1841	9 
1842	2 
1843	46 
1844	85 
1845	50 
1846	47 
1847	99 
1848	37 
1849	101 
1850	48 
1851	1 
1852	2 
1853	60 
1854	27 
1855	67 
1856	81 
1857	27 
1858	34 
1859	14 
1860	67 
1861	95 
1862	64 
1863	15 
1864	96 
1865	19 
1866	41 
1867	26 
1868	94 
1869	14 
1870	53 
1871	4 
1872	102 
1873	77 
1874	75 
1875	44 
1876	27 
1877	21 
1878	106 
1879	65 
1880	79 
1881	16 
1882	14 
1883	53 
1884	39 
1885	41 
1886	63 
1887	13 
1888	39 
1889	24 
1890	36 
1891	17 
1892	42 
1893	34 
1894	103 
1895	49 
1896	107 
1897	30 
1898	51 
1899	7 
1900	62 
1901	60 
1902	42 
1903	21 
1904	77 
1905	68 
1906	24 
1907	88 
1908	23 
1909	46 
1910	100 
1911	89 
1912	84 
1913	48 
1914	89 
1915	64 
1916	84 
1917	93 
1918	84 
1919	65 
1920	49 
1921	52 
1922	37 
1923	101 
1924	9 
1925	50 
1926	34 
1927	40 
1928	89 
1929	50 
1930	23 
1931	46 
1932	61 
1933	49 
1934	22 
1935	64 
1936	4 
1937	44 
1938	8 
1939	55 
1940	67 
1941	81 
1942	46 
1943	40 
1944	56 
1945	39 
1946	54 
1947	13 
1948	10 
1949	45 
1950	3 
1951	85 
1952	50 
1953	60 
1954	15 
1955	51 
1956	96 
1957	42 
1958	85 
1959	44 
1960	39 
1961	78 
1962	64 
1963	80 
1964	93 
1965	14 
1966	85 
1967	100 
1968	16 
1969	106 
1970	81 
1971	4 
1972	92 
1973	14 
1974	97 
1975	66 
1976	41 
1977	21 
1978	58 
1979	46 
1980	3 
1981	44 
1982	60 
1983	87 
1984	80 
1985	92 
1986	52 
1987	77 
1988	18 
1989	2 
1990	106 
1991	42 
1992	85 
1993	53 
1994	32 
1995	50 
1996	84 
1997	44 
1998	64 
1999	41 
2000	20 
2001	75 
2002	95 
2003	27 
2004	64 
2005	77 
2006	84 
2007	39 
2008	36 
2009	84 
2010	34 
2011	50 
2012	7 
2013	40 
2014	49 
2015	42 
2016	1 
2017	7 
2018	71 
2019	83 
2020	70 
2021	22 
2022	30 
2023	104 
2024	98 
2025	7 
2026	15 
2027	99 
2028	23 
2029	10 
2030	13 
2031	44 
2032	38 
2033	32 
2034	49 
2035	74 
2036	88 
2037	11 
2038	84 
2039	22 
2040	102 
2041	13 
2042	102 
2043	47 
2044	50 
2045	101 
2046	1 
2047	64 
2048	39 
2049	71 
2050	15 
2051	80 
2052	8 
2053	37 
2054	47 
2055	47 
2056	28 
2057	31 
2058	20 
2059	41 
2060	79 
2061	49 
2062	65 
2063	44 
2064	27 
2065	44 
2066	32 
2067	102 
2068	28 
2069	31 
2070	41 
2071	13 
2072	84 
2073	62 
2074	19 
2075	68 
2076	41 
2077	85 
2078	14 
2079	41 
2080	42 
2081	80 
2082	86 
2083	88 
2084	78 
2085	48 
2086	7 
2087	94 
2088	10 
2089	69 
2090	75 
2091	100 
2092	44 
2093	80 
2094	33 
2095	33 
2096	79 
2097	91 
2098	6 
2099	82 
2100	61 
2101	53 
2102	84 
2103	85 
2104	64 
2105	64 
2106	11 
2107	86 
2108	36 
2109	11 
2110	72 
2111	78 
2112	15 
2113	80 
2114	47 
2115	41 
2116	10 
2117	62 
2118	21 
2119	107 
2120	9 
2121	83 
2122	42 
2123	23 
2124	101 
2125	77 
2126	55 
2127	82 
2128	84 
2129	83 
2130	34 
2131	36 
2132	105 
2133	15 
2134	64 
2135	27 
2136	30 
2137	97 
2138	100 
2139	93 
2140	38 
2141	55 
2142	49 
2143	39 
2144	57 
2145	29 
2146	21 
2147	80 
2148	3 
2149	66 
2150	18 
2151	11 
2152	80 
2153	42 
2154	7 
2155	85 
2156	106 
2157	84 
2158	100 
2159	39 
2160	46 
2161	48 
2162	89 
2163	15 
2164	19 
2165	84 
2166	17 
2167	98 
2168	61 
2169	31 
2170	85 
2171	41 
2172	43 
2173	91 
2174	10 
2175	62 
2176	91 
2177	67 
2178	80 
2179	98 
2180	59 
2181	103 
2182	64 
2183	14 
2184	28 
2185	50 
2186	78 
2187	67 
2188	89 
2189	95 
2190	107 
2191	11 
2192	48 
2193	57 
2194	46 
2195	64 
2196	51 
2197	79 
2198	3 
2199	14 
2200	64 
2201	50 
2202	75 
2203	98 
2204	76 
2205	89 
2206	86 
2207	8 
2208	84 
2209	73 
2210	10 
2211	100 
2212	98 
2213	89 
2214	102 
2215	63 
2216	88 
2217	92 
2218	89 
2219	48 
2220	27 
2221	81 
2222	49 
2223	37 
2224	102 
2225	79 
2226	56 
2227	10 
2228	20 
2229	84 
2230	46 
2231	100 
2232	54 
2233	34 
2234	54 
2235	48 
2236	107 
2237	25 
2238	13 
2239	84 
2240	10 
2241	102 
2242	89 
2243	41 
2244	90 
2245	36 
2246	97 
2247	32 
2248	41 
2249	1 
2250	106 
2251	23 
2252	86 
2253	21 
2254	107 
2255	59 
2256	35 
2257	7 
2258	27 
2259	95 
2260	2 
2261	11 
2262	31 
2263	35 
2264	41 
2265	107 
2266	86 
2267	14 
2268	10 
2269	77 
2270	27 
2271	102 
2272	20 
2273	99 
2274	28 
2275	60 
2276	17 
2277	31 
2278	101 
2279	50 
2280	44 
2281	63 
2282	101 
2283	4 
2284	85 
2285	5 
2286	85 
2287	53 
2288	76 
2289	71 
2290	16 
2291	106 
2292	53 
2293	82 
2294	9 
2295	85 
2296	11 
2297	81 
2298	53 
2299	72 
2300	29 
2301	17 
2302	21 
2303	31 
2304	39 
2305	48 
2306	27 
2307	41 
2308	39 
2309	80 
2310	48 
2311	50 
2312	42 
2313	103 
2314	58 
2315	91 
2316	37 
2317	84 
2318	8 
2319	18 
2320	61 
2321	82 
2322	65 
2323	12 
2324	51 
2325	3 
2326	57 
2327	27 
2328	10 
2329	35 
2330	23 
2331	107 
2332	39 
2333	81 
2334	70 
2335	99 
2336	61 
2337	27 
2338	62 
2339	36 
2340	77 
2341	73 
2342	41 
2343	77 
2344	15 
2345	60 
2346	71 
2347	10 
2348	38 
2349	21 
2350	98 
2351	38 
2352	28 
2353	89 
2354	77 
2355	52 
2356	9 
2357	63 
2358	100 
2359	81 
2360	103 
2361	44 
2362	45 
2363	23 
2364	35 
2365	62 
2366	85 
2367	86 
2368	17 
2369	53 
2370	23 
2371	90 
2372	50 
2373	34 
2374	65 
2375	18 
2376	7 
2377	56 
2378	46 
2379	91 
2380	100 
2381	98 
2382	104 
2383	71 
2384	1 
2385	41 
2386	54 
2387	49 
2388	64 
2389	95 
2390	82 
2391	20 
2392	44 
2393	50 
2394	28 
2395	45 
2396	2 
2397	52 
2398	46 
2399	45 
2400	28 
2401	78 
2402	19 
2403	93 
2404	41 
2405	11 
2406	62 
2407	53 
2408	41 
2409	98 
2410	102 
2411	63 
2412	49 
2413	49 
2414	5 
2415	75 
2416	78 
2417	89 
2418	37 
2419	27 
2420	54 
2421	84 
2422	4 
2423	20 
2424	41 
2425	50 
2426	61 
2427	21 
2428	103 
2429	98 
2430	42 
2431	103 
2432	12 
2433	15 
2434	90 
2435	1 
2436	96 
2437	106 
2438	81 
2439	27 
2440	103 
2441	41 
2442	11 
2443	18 
2444	30 
2445	91 
2446	85 
2447	44 
2448	5 
2449	53 
2450	22 
2451	59 
2452	16 
2453	12 
2454	23 
2455	18 
2456	63 
2457	88 
2458	107 
2459	51 
2460	10 
2461	72 
2462	49 
2463	73 
2464	65 
2465	95 
2466	27 
2467	7 
2468	61 
2469	62 
2470	80 
2471	92 
2472	27 
2473	19 
2474	18 
2475	44 
2476	52 
2477	27 
2478	12 
2479	70 
2480	81 
2481	104 
2482	7 
2483	39 
2484	27 
2485	87 
2486	17 
2487	55 
2488	69 
2489	69 
2490	70 
2491	59 
2492	41 
2493	49 
2494	21 
2495	77 
2496	53 
2497	88 
2498	71 
2499	6 
2500	42 
2501	52 
2502	13 
2503	2 
2504	19 
2505	29 
2506	11 
2507	59 
2508	20 
2509	100 
2510	27 
2511	86 
2512	39 
2513	91 
2514	61 
2515	40 
2516	78 
2517	27 
2518	46 
2519	34 
2520	27 
2521	76 
2522	86 
2523	42 
2524	107 
2525	18 
2526	59 
2527	3 
2528	92 
2529	97 
2530	71 
2531	4 
2532	37 
2533	62 
2534	25 
2535	82 
2536	35 
2537	83 
2538	46 
2539	23 
2540	70 
2541	58 
2542	47 
2543	12 
2544	75 
2545	10 
2546	46 
2547	21 
2548	1 
2549	20 
2550	96 
2551	14 
2552	107 
2553	105 
2554	46 
2555	14 
2556	75 
2557	49 
2558	19 
2559	78 
2560	67 
2561	81 
2562	96 
2563	76 
2564	105 
2565	100 
2566	2 
2567	79 
2568	77 
2569	12 
2570	89 
2571	67 
2572	4 
2573	96 
2574	11 
2575	31 
2576	41 
2577	78 
2578	71 
2579	49 
2580	77 
2581	77 
2582	1 
2583	77 
2584	50 
2585	59 
2586	92 
2587	56 
2588	31 
2589	100 
2590	61 
2591	44 
2592	77 
2593	58 
2594	41 
2595	85 
2596	62 
2597	37 
2598	42 
2599	11 
2600	33 
2601	51 
2602	14 
2603	27 
2604	27 
2605	63 
2606	37 
2607	64 
2608	49 
2609	80 
2610	46 
2611	62 
2612	14 
2613	73 
2614	49 
2615	13 
2616	63 
2617	31 
2618	31 
2619	48 
2620	54 
2621	25 
2622	98 
2623	63 
2624	28 
2625	75 
2626	13 
2627	105 
2628	45 
2629	2 
2630	71 
2631	84 
2632	75 
2633	99 
2634	70 
2635	64 
2636	1 
2637	50 
2638	44 
2639	85 
2640	48 
2641	26 
2642	61 
2643	95 
2644	84 
2645	25 
2646	77 
2647	21 
2648	61 
2649	33 
2650	80 
2651	81 
2652	86 
2653	70 
2654	77 
2655	100 
2656	101 
2657	20 
2658	2 
2659	15 
2660	32 
2661	8 
2662	59 
2663	93 
2664	41 
2665	75 
2666	21 
2667	42 
2668	70 
2669	27 
2670	86 
2671	75 
2672	36 
2673	35 
2674	62 
2675	48 
2676	89 
2677	61 
2678	53 
2679	31 
2680	29 
2681	99 
2682	102 
2683	83 
2684	61 
2685	3 
2686	14 
2687	105 
2688	38 
2689	69 
2690	98 
2691	19 
2692	21 
2693	48 
2694	100 
2695	80 
2696	94 
2697	98 
2698	44 
2699	98 
2700	75 
2701	20 
2702	76 
2703	61 
2704	54 
2705	57 
2706	98 
2707	13 
2708	27 
2709	42 
2710	29 
2711	102 
2712	67 
2713	43 
2714	13 
2715	45 
2716	50 
2717	102 
2718	91 
2719	76 
2720	61 
2721	83 
2722	98 
2723	98 
2724	31 
2725	4 
2726	77 
2727	69 
2728	70 
2729	13 
2730	18 
2731	68 
2732	75 
2733	27 
2734	39 
2735	42 
2736	49 
2737	42 
2738	50 
2739	61 
2740	81 
2741	21 
2742	52 
2743	61 
2744	63 
2745	100 
2746	2 
2747	94 
2748	103 
2749	77 
2750	88 
2751	58 
2752	1 
2753	19 
2754	2 
2755	10 
2756	91 
2757	79 
2758	73 
2759	48 
2760	85 
2761	61 
2762	79 
2763	85 
2764	68 
2765	69 
2766	100 
2767	45 
2768	84 
2769	50 
2770	64 
2771	95 
2772	45 
2773	100 
2774	10 
2775	85 
2776	62 
2777	61 
2778	41 
2779	82 
2780	20 
2781	70 
2782	51 
2783	49 
2784	60 
2785	69 
2786	82 
2787	97 
2788	44 
2789	96 
2790	36 
2791	6 
2792	107 
2793	39 
2794	101 
2795	74 
2796	44 
2797	88 
2798	85 
2799	101 
2800	105 
2801	51 
2802	64 
2803	15 
2804	46 
2805	4 
2806	31 
2807	106 
2808	84 
2809	83 
2810	47 
2811	89 
2812	58 
2813	92 
2814	49 
2815	51 
2816	76 
2817	2 
2818	44 
2819	67 
2820	40 
2821	11 
2822	100 
2823	25 
2824	107 
2825	24 
2826	58 
2827	25 
2828	71 
2829	45 
2830	106 
2831	26 
2832	44 
2833	72 
2834	71 
2835	67 
2836	90 
2837	81 
2838	15 
2839	47 
2840	10 
2841	20 
2842	89 
2843	16 
2844	97 
2845	43 
2846	84 
2847	15 
2848	68 
2849	7 
2850	65 
2851	89 
2852	49 
2853	21 
2854	75 
2855	89 
2856	21 
2857	94 
2858	41 
2859	77 
2860	7 
2861	106 
2862	63 
2863	48 
2864	21 
2865	2 
2866	24 
2867	14 
2868	87 
2869	47 
2870	80 
2871	95 
2872	55 
2873	20 
2874	69 
2875	13 
2876	84 
2877	29 
2878	20 
2879	21 
2880	4 
2881	64 
2882	71 
2883	80 
2884	103 
2885	29 
2886	63 
2887	13 
2888	39 
2889	17 
2890	17 
2891	21 
2892	40 
2893	27 
2894	96 
2895	54 
2896	88 
2897	50 
2898	59 
2899	100 
2900	41 
2901	6 
2902	51 
2903	9 
2904	71 
2905	94 
2906	94 
2907	63 
2908	55 
2909	54 
2910	5 
2911	100 
2912	9 
2913	50 
2914	54 
2915	85 
2916	8 
2917	3 
2918	46 
2919	49 
2920	4 
2921	96 
2922	100 
2923	52 
2924	25 
2925	39 
2926	6 
2927	15 
2928	12 
2929	15 
2930	24 
2931	4 
2932	63 
2933	13 
2934	61 
2935	58 
2936	90 
2937	61 
2938	62 
2939	75 
2940	107 
2941	20 
2942	31 
2943	13 
2944	59 
2945	50 
2946	40 
2947	51 
2948	67 
2949	44 
2950	12 
2951	89 
2952	25 
2953	51 
2954	53 
2955	4 
2956	80 
2957	77 
2958	93 
2959	30 
2960	90 
2961	59 
2962	96 
2963	80 
2964	91 
2965	89 
2966	75 
2967	61 
2968	61 
2969	8 
2970	76 
2971	14 
2972	48 
2973	2 
2974	61 
2975	17 
2976	61 
2977	10 
2978	2 
2979	12 
2980	71 
2981	89 
2982	54 
2983	97 
2984	28 
2985	44 
2986	41 
2987	51 
2988	43 
2989	39 
2990	87 
2991	81 
2992	72 
2993	16 
2994	21 
2995	33 
2996	20 
2997	34 
2998	98 
2999	46 
3000	50 
3001	91 
3002	35 
3003	12 
3004	3 
3005	7 
3006	67 
3007	64 
3008	23 
3009	106 
3010	15 
3011	2 
3012	11 
3013	34 
3014	49 
3015	30 
3016	105 
3017	92 
3018	80 
3019	70 
3020	37 
3021	54 
3022	73 
3023	12 
3024	95 
3025	107 
3026	102 
3027	20 
3028	22 
3029	35 
3030	107 
3031	89 
3032	19 
3033	75 
3034	13 
3035	5 
3036	64 
3037	106 
3038	64 
3039	44 
3040	10 
3041	67 
3042	51 
3043	61 
3044	48 
3045	11 
3046	41 
3047	80 
3048	107 
3049	107 
3050	77 
3051	89 
3052	89 
3053	68 
3054	46 
3055	106 
3056	13 
3057	102 
3058	5 
3059	85 
3060	59 
3061	61 
3062	69 
3063	54 
3064	5 
3065	19 
3066	8 
3067	11 
3068	73 
3069	64 
3070	94 
3071	91 
3072	42 
3073	13 
3074	20 
3075	25 
3076	63 
3077	43 
3078	21 
3079	80 
3080	20 
3081	37 
3082	24 
3083	88 
3084	50 
3085	62 
3086	27 
3087	47 
3088	68 
3089	14 
3090	102 
3091	40 
3092	61 
3093	98 
3094	52 
3095	67 
3096	77 
3097	34 
3098	63 
3099	39 
3100	48 
3101	62 
3102	64 
3103	72 
3104	33 
3105	23 
3106	102 
3107	51 
3108	24 
3109	71 
3110	17 
3111	91 
3112	4 
3113	80 
3114	13 
3115	46 
3116	91 
3117	33 
3118	49 
3119	13 
3120	102 
3121	99 
3122	60 
3123	63 
3124	85 
3125	39 
3126	44 
3127	42 
3128	23 
3129	17 
3130	25 
3131	34 
3132	84 
3133	3 
3134	89 
3135	18 
3136	7 
3137	44 
3138	11 
3139	56 
3140	60 
3141	41 
3142	85 
3143	79 
3144	50 
3145	18 
3146	77 
3147	102 
3148	68 
3149	94 
3150	62 
3151	46 
3152	23 
3153	73 
3154	31 
3155	10 
3156	19 
3157	9 
3158	34 
3159	67 
3160	6 
3161	4 
3162	66 
3163	38 
3164	94 
3165	102 
3166	27 
3167	67 
3168	61 
3169	26 
3170	67 
3171	86 
3172	48 
3173	77 
3174	98 
3175	97 
3176	22 
3177	7 
3178	37 
3179	77 
3180	70 
3181	21 
3182	72 
3183	62 
3184	106 
3185	32 
3186	21 
3187	77 
3188	57 
3189	68 
3190	38 
3191	98 
3192	42 
3193	101 
3194	62 
3195	7 
3196	39 
3197	57 
3198	25 
3199	83 
3200	10 
3201	22 
3202	3 
3203	13 
3204	79 
3205	85 
3206	95 
3207	44 
3208	64 
3209	107 
3210	69 
3211	20 
3212	42 
3213	84 
3214	52 
3215	56 
3216	49 
3217	106 
3218	51 
3219	44 
3220	102 
3221	107 
3222	28 
3223	103 
3224	45 
3225	40 
3226	44 
3227	1 
3228	19 
3229	1 
3230	50 
3231	27 
3232	64 
3233	86 
3234	69 
3235	13 
3236	20 
3237	66 
3238	11 
3239	72 
3240	13 
3241	67 
3242	91 
3243	11 
3244	28 
3245	11 
3246	61 
3247	18 
3248	36 
3249	87 
3250	82 
3251	89 
3252	10 
3253	103 
3254	41 
3255	77 
3256	42 
3257	50 
3258	41 
3259	67 
3260	95 
3261	48 
3262	41 
3263	27 
3264	50 
3265	18 
3266	107 
3267	27 
3268	67 
3269	87 
3270	96 
3271	50 
3272	30 
3273	21 
3274	105 
3275	47 
3276	86 
3277	61 
3278	98 
3279	50 
3280	65 
3281	98 
3282	28 
3283	73 
3284	81 
3285	47 
3286	49 
3287	41 
3288	44 
3289	104 
3290	92 
3291	33 
3292	20 
3293	10 
3294	14 
3295	16 
3296	6 
3297	77 
3298	97 
3299	68 
3300	25 
3301	7 
3302	44 
3303	42 
3304	40 
3305	45 
3306	39 
3307	17 
3308	97 
3309	53 
3310	60 
3311	80 
3312	21 
3313	79 
3314	27 
3315	87 
3316	47 
3317	64 
3318	1 
3319	102 
3320	62 
3321	93 
3322	69 
3323	27 
3324	15 
3325	50 
3326	66 
3327	37 
3328	82 
3329	84 
3330	90 
3331	39 
3332	62 
3333	80 
3334	24 
3335	44 
3336	97 
3337	27 
3338	102 
3339	53 
3340	19 
3341	82 
3342	14 
3343	103 
3344	10 
3345	104 
3346	39 
3347	36 
3348	32 
3349	7 
3350	96 
3351	66 
3352	87 
3353	37 
3354	100 
3355	104 
3356	89 
3357	11 
3358	11 
3359	99 
3360	87 
3361	28 
3362	96 
3363	39 
3364	51 
3365	5 
3366	51 
3367	7 
3368	52 
3369	14 
3370	70 
3371	81 
3372	80 
3373	42 
3374	39 
3375	92 
3376	35 
3377	17 
3378	84 
3379	39 
3380	52 
3381	34 
3382	1 
3383	69 
3384	58 
3385	49 
3386	98 
3387	25 
3388	80 
3389	87 
3390	83 
3391	4 
3392	50 
3393	11 
3394	44 
3395	49 
3396	58 
3397	62 
3398	70 
3399	31 
3400	75 
3401	34 
3402	44 
3403	84 
3404	14 
3405	87 
3406	50 
3407	34 
3408	51 
3409	26 
3410	106 
3411	49 
3412	38 
3413	99 
3414	10 
3415	15 
3416	28 
3417	5 
3418	74 
3419	81 
3420	4 
3421	74 
3422	12 
3423	48 
3424	62 
3425	53 
3426	71 
3427	67 
3428	2 
3429	49 
3430	6 
3431	102 
3432	84 
3433	24 
3434	82 
3435	42 
3436	39 
3437	39 
3438	96 
3439	72 
3440	83 
3441	50 
3442	31 
3443	25 
3444	93 
3445	34 
3446	19 
3447	51 
3448	46 
3449	80 
3450	21 
3451	50 
3452	22 
3453	100 
3454	13 
3455	4 
3456	44 
3457	63 
3458	48 
3459	90 
3460	77 
3461	18 
3462	13 
3463	99 
3464	28 
3465	50 
3466	107 
3467	64 
3468	85 
3469	51 
3470	16 
3471	25 
3472	47 
3473	51 
3474	48 
3475	51 
3476	45 
3477	64 
3478	42 
3479	63 
3480	104 
3481	67 
3482	19 
3483	104 
3484	44 
3485	64 
3486	13 
3487	2 
3488	95 
3489	16 
3490	12 
3491	41 
3492	41 
3493	53 
3494	102 
3495	42 
3496	107 
3497	71 
3498	27 
3499	25 
3500	84 
3501	15 
3502	26 
3503	41 
3504	15 
3505	106 
3506	89 
3507	44 
3508	56 
3509	67 
3510	56 
3511	98 
3512	38 
3513	45 
3514	40 
3515	65 
3516	17 
3517	50 
3518	65 
3519	61 
3520	66 
3521	92 
3522	46 
3523	10 
3524	29 
3525	84 
3526	41 
3527	3 
3528	105 
3529	19 
3530	12 
3531	42 
3532	50 
3533	20 
3534	13 
3535	89 
3536	94 
3537	90 
3538	90 
3539	77 
3540	30 
3541	55 
3542	82 
3543	13 
3544	50 
3545	55 
3546	59 
3547	34 
3548	62 
3549	35 
3550	103 
3551	49 
3552	102 
3553	92 
3554	29 
3555	66 
3556	80 
3557	51 
3558	27 
3559	107 
3560	4 
3561	56 
3562	20 
3563	84 
3564	46 
3565	105 
3566	46 
3567	20 
3568	57 
3569	76 
3570	11 
3571	4 
3572	15 
3573	95 
3574	63 
3575	75 
3576	18 
3577	24 
3578	78 
3579	58 
3580	107 
3581	44 
3582	64 
3583	96 
3584	71 
3585	18 
3586	26 
3587	100 
3588	98 
3589	99 
3590	60 
3591	2 
3592	65 
3593	11 
3594	21 
3595	103 
3596	105 
3597	42 
3598	21 
3599	64 
3600	41 
3601	70 
3602	53 
3603	42 
3604	90 
3605	39 
3606	10 
3607	64 
3608	14 
3609	81 
3610	92 
3611	61 
3612	2 
3613	1 
3614	33 
3615	30 
3616	46 
3617	104 
3618	14 
3619	77 
3620	13 
3621	71 
3622	81 
3623	61 
3624	89 
3625	40 
3626	43 
3627	25 
3628	75 
3629	78 
3630	63 
3631	13 
3632	105 
3633	65 
3634	23 
3635	84 
3636	33 
3637	39 
3638	12 
3639	55 
3640	90 
3641	65 
3642	48 
3643	102 
3644	45 
3645	96 
3646	61 
3647	60 
3648	45 
3649	57 
3650	28 
3651	106 
3652	39 
3653	84 
3654	10 
3655	78 
3656	60 
3657	85 
3658	7 
3659	34 
3660	93 
3661	36 
3662	37 
3663	105 
3664	103 
3665	106 
3666	54 
3667	33 
3668	39 
3669	105 
3670	55 
3671	5 
3672	80 
3673	5 
3674	99 
3675	41 
3676	59 
3677	38 
3678	52 
3679	62 
3680	25 
3681	49 
3682	107 
3683	58 
3684	16 
3685	88 
3686	21 
3687	13 
3688	40 
3689	14 
3690	29 
3691	31 
3692	54 
3693	10 
3694	94 
3695	46 
3696	14 
3697	52 
3698	84 
3699	96 
3700	73 
3701	107 
3702	18 
3703	2 
3704	56 
3705	66 
3706	33 
3707	75 
3708	73 
3709	100 
3710	71 
3711	14 
3712	72 
3713	84 
3714	10 
3715	49 
3716	97 
3717	88 
3718	73 
3719	19 
3720	102 
3721	63 
3722	94 
3723	63 
3724	17 
3725	85 
3726	97 
3727	50 
3728	72 
3729	31 
3730	98 
3731	80 
3732	74 
3733	59 
3734	41 
3735	14 
3736	77 
3737	13 
3738	23 
3739	88 
3740	21 
3741	24 
3742	78 
3743	85 
3744	103 
3745	76 
3746	61 
3747	64 
3748	41 
3749	46 
3750	41 
3751	95 
3752	59 
3753	22 
3754	99 
3755	35 
3756	44 
3757	61 
3758	100 
3759	84 
3760	48 
3761	80 
3762	107 
3763	3 
3764	77 
3765	14 
3766	54 
3767	84 
3768	33 
3769	23 
3770	48 
3771	7 
3772	35 
3773	73 
3774	5 
3775	59 
3776	12 
3777	84 
3778	98 
3779	68 
3780	8 
3781	28 
3782	58 
3783	47 
3784	46 
3785	86 
3786	46 
3787	14 
3788	60 
3789	93 
3790	101 
3791	69 
3792	77 
3793	64 
3794	37 
3795	52 
3796	61 
3797	13 
3798	99 
3799	63 
3800	28 
3801	14 
3802	26 
3803	19 
3804	38 
3805	60 
3806	82 
3807	4 
3808	107 
3809	60 
3810	84 
3811	94 
3812	77 
3813	15 
3814	84 
3815	52 
3816	101 
3817	92 
3818	26 
3819	58 
3820	28 
3821	94 
3822	24 
3823	93 
3824	77 
3825	13 
3826	71 
3827	18 
3828	32 
3829	96 
3830	57 
3831	45 
3832	71 
3833	69 
3834	17 
3835	83 
3836	58 
3837	35 
3838	84 
3839	57 
3840	42 
3841	34 
3842	72 
3843	74 
3844	3 
3845	77 
3846	18 
3847	49 
3848	64 
3849	105 
3850	40 
3851	93 
3852	62 
3853	5 
3854	87 
3855	61 
3856	68 
3857	70 
3858	39 
3859	53 
3860	84 
3861	80 
3862	45 
3863	91 
3864	18 
3865	21 
3866	27 
3867	19 
3868	21 
3869	75 
3870	84 
3871	46 
3872	61 
3873	43 
3874	100 
3875	89 
3876	98 
3877	98 
3878	78 
3879	27 
3880	97 
3881	25 
3882	14 
3883	76 
3884	62 
3885	87 
3886	66 
3887	29 
3888	10 
3889	75 
3890	69 
3891	84 
3892	1 
3893	84 
3894	107 
3895	85 
3896	15 
3897	98 
3898	69 
3899	103 
3900	45 
3901	85 
3902	12 
3903	56 
3904	69 
3905	11 
3906	39 
3907	85 
3908	45 
3909	10 
3910	71 
3911	32 
3912	103 
3913	23 
3914	16 
3915	39 
3916	18 
3917	20 
3918	25 
3919	73 
3920	39 
3921	21 
3922	64 
3923	20 
3924	60 
3925	67 
3926	106 
3927	30 
3928	74 
3929	27 
3930	85 
3931	32 
3932	43 
3933	93 
3934	25 
3935	65 
3936	86 
3937	70 
3938	42 
3939	10 
3940	1 
3941	26 
3942	104 
3943	46 
3944	106 
3945	95 
3946	3 
3947	65 
3948	40 
3949	58 
3950	63 
3951	27 
3952	77 
3953	91 
3954	71 
3955	8 
3956	91 
3957	63 
3958	69 
3959	66 
3960	20 
3961	80 
3962	105 
3963	17 
3964	38 
3965	49 
3966	80 
3967	8 
3968	27 
3969	95 
3970	12 
3971	60 
3972	67 
3973	14 
3974	76 
3975	75 
3976	41 
3977	102 
3978	79 
3979	50 
3980	63 
3981	22 
3982	97 
3983	21 
3984	95 
3985	60 
3986	95 
3987	17 
3988	27 
3989	64 
3990	72 
3991	22 
3992	77 
3993	105 
3994	39 
3995	68 
3996	70 
3997	100 
3998	73 
3999	102 
4000	75 
4001	55 
4002	107 
4003	99 
4004	43 
4005	107 
4006	54 
4007	64 
4008	51 
4009	75 
4010	30 
4011	105 
4012	43 
4013	75 
4014	101 
4015	7 
4016	80 
4017	37 
4018	60 
4019	2 
4020	75 
4021	20 
4022	53 
4023	62 
4024	33 
4025	81 
4026	44 
4027	105 
4028	105 
4029	79 
4030	89 
4031	47 
4032	39 
4033	12 
4034	69 
4035	13 
4036	56 
4037	80 
4038	86 
4039	46 
4040	95 
4041	13 
4042	45 
4043	25 
4044	84 
4045	73 
4046	80 
4047	97 
4048	63 
4049	84 
4050	85 
4051	75 
4052	59 
4053	23 
4054	22 
4055	63 
4056	13 
4057	14 
4058	20 
4059	47 
4060	86 
4061	50 
4062	63 
4063	85 
4064	86 
4065	106 
4066	41 
4067	77 
4068	48 
4069	12 
4070	54 
4071	27 
4072	77 
4073	75 
4074	55 
4075	63 
4076	82 
4077	50 
4078	71 
4079	92 
4080	17 
4081	33 
4082	34 
4083	10 
4084	44 
4085	98 
4086	64 
4087	38 
4088	86 
4089	103 
4090	84 
4091	13 
4092	103 
4093	36 
4094	15 
4095	13 
4096	77 
4097	4 
4098	4 
4099	16 
4100	46 
4101	84 
4102	90 
4103	15 
4104	107 
4105	32 
4106	58 
4107	47 
4108	92 
4109	56 
4110	71 
4111	10 
4112	9 
4113	8 
4114	47 
4115	37 
4116	91 
4117	70 
4118	89 
4119	11 
4120	102 
4121	37 
4122	21 
4123	62 
4124	20 
4125	69 
4126	57 
4127	98 
4128	89 
4129	65 
4130	15 
4131	17 
4132	104 
4133	105 
4134	11 
4135	103 
4136	10 
4137	56 
4138	13 
4139	86 
4140	56 
4141	84 
4142	27 
4143	77 
4144	104 
4145	14 
4146	13 
4147	99 
4148	52 
4149	65 
4150	17 
4151	85 
4152	70 
4153	57 
4154	70 
4155	25 
4156	33 
4157	2 
4158	11 
4159	27 
4160	85 
4161	71 
4162	84 
4163	27 
4164	44 
4165	65 
4166	107 
4167	18 
4168	100 
4169	97 
4170	50 
4171	61 
4172	32 
4173	55 
4174	36 
4175	9 
4176	61 
4177	84 
4178	39 
4179	80 
4180	90 
4181	48 
4182	49 
4183	95 
4184	14 
4185	58 
4186	67 
4187	107 
4188	2 
4189	15 
4190	45 
4191	49 
4192	58 
4193	89 
4194	52 
4195	44 
4196	85 
4197	48 
4198	74 
4199	81 
4200	17 
4201	41 
4202	7 
4203	79 
4204	84 
4205	87 
4206	64 
4207	21 
4208	66 
4209	64 
4210	17 
4211	45 
4212	103 
4213	41 
4214	38 
4215	26 
4216	49 
4217	7 
4218	59 
4219	75 
4220	95 
4221	93 
4222	66 
4223	22 
4224	20 
4225	97 
4226	56 
4227	13 
4228	13 
4229	70 
4230	20 
4231	86 
4232	34 
4233	92 
4234	93 
4235	10 
4236	7 
4237	44 
4238	22 
4239	3 
4240	17 
4241	39 
4242	29 
4243	17 
4244	26 
4245	48 
4246	106 
4247	62 
4248	99 
4249	51 
4250	21 
4251	27 
4252	46 
4253	39 
4254	63 
4255	84 
4256	75 
4257	39 
4258	19 
4259	40 
4260	66 
4261	91 
4262	40 
4263	62 
4264	64 
4265	33 
4266	91 
4267	1 
4268	50 
4269	107 
4270	13 
4271	35 
4272	80 
4273	39 
4274	58 
4275	10 
4276	31 
4277	82 
4278	53 
4279	21 
4280	40 
4281	58 
4282	100 
4283	84 
4284	91 
4285	61 
4286	63 
4287	75 
4288	106 
4289	6 
4290	7 
4291	44 
4292	50 
4293	79 
4294	75 
4295	21 
4296	59 
4297	20 
4298	100 
4299	77 
4300	50 
4301	55 
4302	94 
4303	70 
4304	3 
4305	54 
4306	45 
4307	98 
4308	72 
4309	23 
4310	80 
4311	34 
4312	64 
4313	8 
4314	13 
4315	71 
4316	107 
4317	63 
4318	56 
4319	96 
4320	21 
4321	10 
4322	49 
4323	61 
4324	84 
4325	35 
4326	45 
4327	92 
4328	6 
4329	15 
4330	30 
4331	103 
4332	84 
4333	60 
4334	2 
4335	77 
4336	19 
4337	25 
4338	30 
4339	73 
4340	21 
4341	13 
4342	95 
4343	4 
4344	64 
4345	30 
4346	66 
4347	37 
4348	85 
4349	95 
4350	17 
4351	46 
4352	95 
4353	25 
4354	102 
4355	50 
4356	100 
4357	15 
4358	1 
4359	56 
4360	45 
4361	12 
4362	38 
4363	17 
4364	45 
4365	61 
4366	107 
4367	31 
4368	102 
4369	83 
4370	85 
4371	61 
4372	98 
4373	18 
4374	13 
4375	42 
4376	14 
4377	61 
4378	13 
4379	74 
4380	107 
4381	8 
4382	13 
4383	103 
4384	89 
4385	41 
4386	98 
4387	37 
4388	29 
4389	13 
4390	71 
4391	79 
4392	63 
4393	46 
4394	42 
4395	33 
4396	72 
4397	78 
4398	85 
4399	89 
4400	41 
4401	103 
4402	41 
4403	9 
4404	48 
4405	70 
4406	78 
4407	61 
4408	59 
4409	62 
4410	67 
4411	27 
4412	37 
4413	87 
4414	89 
4415	50 
4416	42 
4417	19 
4418	75 
4419	60 
4420	100 
4421	14 
4422	102 
4423	45 
4424	53 
4425	9 
4426	31 
4427	97 
4428	85 
4429	32 
4430	75 
4431	29 
4432	1 
4433	29 
4434	2 
4435	24 
4436	14 
4437	49 
4438	53 
4439	95 
4440	24 
4441	14 
4442	15 
4443	86 
4444	15 
4445	85 
4446	18 
4447	59 
4448	49 
4449	54 
4450	86 
4451	36 
4452	35 
4453	99 
4454	44 
4455	5 
4456	46 
4457	80 
4458	95 
4459	95 
4460	103 
4461	32 
4462	75 
4463	45 
4464	54 
4465	86 
4466	41 
4467	10 
4468	8 
4469	80 
4470	71 
4471	49 
4472	25 
4473	107 
4474	62 
4475	103 
4476	89 
4477	64 
4478	61 
4479	87 
4480	7 
4481	87 
4482	15 
4483	12 
4484	15 
4485	14 
4486	89 
4487	1 
4488	107 
4489	68 
4490	99 
4491	1 
4492	53 
4493	85 
4494	71 
4495	51 
4496	62 
4497	64 
4498	50 
4499	21 
4500	82 
4501	102 
4502	31 
4503	4 
4504	21 
4505	89 
4506	70 
4507	61 
4508	75 
4509	12 
4510	77 
4511	105 
4512	5 
4513	32 
4514	97 
4515	105 
4516	13 
4517	14 
4518	65 
4519	64 
4520	103 
4521	46 
4522	2 
4523	66 
4524	4 
4525	31 
4526	50 
4527	84 
4528	40 
4529	41 
4530	44 
4531	4 
4532	27 
4533	62 
4534	79 
4535	59 
4536	102 
4537	33 
4538	46 
4539	35 
4540	27 
4541	53 
4542	41 
4543	53 
4544	13 
4545	84 
4546	64 
4547	50 
4548	76 
4549	13 
4550	68 
4551	79 
4552	88 
4553	83 
4554	62 
4555	21 
4556	105 
4557	29 
4558	98 
4559	13 
4560	23 
4561	77 
4562	63 
4563	88 
4564	8 
4565	42 
4566	30 
4567	48 
4568	41 
4569	61 
4570	96 
4571	37 
4572	2 
4573	63 
4574	44 
4575	7 
4576	80 
4577	15 
4578	21 
4579	58 
4580	49 
4581	49 
4582	60 
4583	75 
4584	14 
4585	75 
4586	50 
4587	94 
4588	49 
4589	39 
4590	87 
4591	91 
4592	54 
4593	21 
4594	28 
4595	67 
4596	87 
4597	71 
4598	50 
4599	7 
4600	35 
4601	18 
4602	58 
4603	42 
4604	27 
4605	44 
4606	50 
4607	53 
4608	106 
4609	72 
4610	27 
4611	105 
4612	34 
4613	53 
4614	8 
4615	54 
4616	34 
4617	102 
4618	82 
4619	87 
4620	62 
4621	49 
4622	37 
4623	14 
4624	82 
4625	84 
4626	75 
4627	14 
4628	78 
4629	7 
4630	56 
4631	67 
4632	91 
4633	20 
4634	15 
4635	56 
4636	107 
4637	107 
4638	100 
4639	12 
4640	45 
4641	60 
4642	103 
4643	41 
4644	103 
4645	30 
4646	98 
4647	13 
4648	102 
4649	23 
4650	86 
4651	48 
4652	77 
4653	45 
4654	21 
4655	64 
4656	14 
4657	10 
4658	85 
4659	46 
4660	106 
4661	23 
4662	4 
4663	7 
4664	21 
4665	27 
4666	23 
4667	53 
4668	21 
4669	45 
4670	95 
4671	106 
4672	19 
4673	49 
4674	35 
4675	64 
4676	102 
4677	80 
4678	80 
4679	7 
4680	91 
4681	107 
4682	86 
4683	75 
4684	63 
4685	50 
4686	45 
4687	95 
4688	17 
4689	71 
4690	62 
4691	106 
4692	65 
4693	98 
4694	71 
4695	59 
4696	27 
4697	42 
4698	102 
4699	63 
4700	50 
4701	53 
4702	84 
4703	98 
4704	71 
4705	17 
4706	61 
4707	85 
4708	84 
4709	8 
4710	102 
4711	79 
4712	12 
4713	13 
4714	21 
4715	53 
4716	25 
4717	50 
4718	51 
4719	99 
4720	63 
4721	8 
4722	69 
4723	54 
4724	15 
4725	98 
4726	75 
4727	20 
4728	39 
4729	61 
4730	107 
4731	50 
4732	70 
4733	23 
4734	48 
4735	39 
4736	39 
4737	100 
4738	61 
4739	42 
4740	21 
4741	45 
4742	13 
4743	23 
4744	107 
4745	75 
4746	86 
4747	89 
4748	85 
4749	44 
4750	80 
4751	70 
4752	52 
4753	44 
4754	51 
4755	14 
4756	67 
4757	94 
4758	23 
4759	41 
4760	8 
4761	13 
4762	71 
4763	45 
4764	77 
4765	100 
4766	75 
4767	11 
4768	39 
4769	50 
4770	21 
4771	89 
4772	12 
4773	82 
4774	97 
4775	69 
4776	27 
4777	4 
4778	69 
4779	51 
4780	103 
4781	53 
4782	48 
4783	4 
4784	53 
4785	45 
4786	63 
4787	44 
4788	67 
4789	61 
4790	39 
4791	46 
4792	50 
4793	82 
4794	102 
4795	27 
4796	103 
4797	75 
4798	71 
4799	45 
4800	64 
4801	27 
4802	48 
4803	41 
4804	80 
4805	86 
4806	39 
4807	105 
4808	70 
4809	84 
4810	45 
4811	21 
4812	70 
4813	105 
4814	4 
4815	42 
4816	21 
4817	50 
4818	17 
4819	82 
4820	50 
4821	20 
4822	42 
4823	45 
4824	87 
4825	61 
4826	41 
4827	44 
4828	75 
4829	62 
4830	62 
4831	89 
4832	70 
4833	102 
4834	41 
4835	18 
4836	64 
4837	21 
4838	42 
4839	91 
4840	42 
4841	82 
4842	51 
4843	14 
4844	80 
4845	84 
4846	23 
4847	107 
4848	23 
4849	17 
4850	71 
4851	45 
4852	18 
4853	86 
4854	106 
4855	63 
4856	42 
4857	27 
4858	50 
4859	77 
4860	15 
4861	21 
4862	63 
4863	75 
4864	75 
4865	80 
4866	97 
4867	95 
4868	71 
4869	105 
4870	13 
4871	80 
4872	71 
4873	60 
4874	85 
4875	51 
4876	23 
4877	77 
4878	13 
4879	71 
4880	42 
4881	10 
4882	49 
4883	49 
4884	89 
4885	39 
4886	102 
4887	95 
4888	86 
4889	53 
4890	64 
4891	63 
4892	21 
4893	21 
4894	21 
4895	71 
4896	13 
4897	105 
4898	21 
4899	100 
4900	46 
4901	80 
4902	7 
4903	11 
4904	80 
4905	25 
4906	105 
4907	89 
4908	84 
4909	102 
4910	84 
4911	48 
4912	12 
4913	71 
4914	4 
4915	20 
4916	44 
4917	15 
4918	7 
4919	89 
4920	67 
4921	105 
4922	95 
4923	17 
4924	85 
4925	67 
4926	51 
4927	25 
4928	27 
4929	98 
4930	27 
4931	70 
4932	61 
4933	64 
4934	61 
4935	46 
4936	25 
4937	102 
4938	75 
4939	60 
4940	50 
4941	11 
4942	102 
4943	45 
4944	62 
4945	39 
4946	64 
4947	15 
4948	27 
4949	41 
4950	95 
4951	100 
4952	77 
4953	60 
4954	13 
4955	61 
4956	77 
4957	98 
4958	27 
4959	17 
4960	27 
4961	27 
4962	89 
4963	42 
4964	61 
4965	85 
4966	45 
4967	20 
4968	107 
4969	80 
4970	46 
4971	105 
4972	13 
4973	107 
4974	60 
4975	60 
4976	85 
4977	45 
4978	46 
4979	77 
4980	85 
4981	53 
4982	17 
4983	20 
4984	50 
4985	44 
4986	98 
4987	50 
4988	27 
4989	64 
4990	51 
4991	13 
4992	42 
4993	41 
4994	7 
4995	7 
4996	75 
4997	89 
4998	21 
4999	27 
5000	71 
