1	54 
2	54 
3	86 
4	78 
5	42 
6	39 
7	70 
8	92 
9	83 
10	64 
11	58 
12	86 
13	16 
14	31 
15	72 
16	25 
17	72 
18	92 
19	40 
20	71 
21	17 
22	2 
23	18 
24	57 
25	77 
26	39 
27	1 
28	76 
29	13 
30	43 
31	72 
32	54 
33	99 
34	17 
35	58 
36	38 
37	72 
38	14 
39	71 
40	69 
41	25 
42	19 
43	28 
44	10 
45	21 
46	26 
47	94 
48	27 
49	90 
50	86 
51	26 
52	27 
53	94 
54	78 
55	25 
56	83 
57	84 
58	4 
59	75 
60	29 
61	55 
62	18 
63	16 
64	4 
65	95 
66	32 
67	29 
68	80 
69	86 
70	45 
71	97 
72	31 
73	83 
74	95 
75	84 
76	32 
77	82 
78	19 
79	75 
80	46 
81	25 
82	26 
83	54 
84	42 
85	25 
86	65 
87	17 
88	55 
89	82 
90	46 
91	32 
92	69 
93	78 
94	17 
95	29 
96	47 
97	42 
98	69 
99	59 
100	19 
101	27 
102	71 
103	55 
104	2 
105	18 
106	28 
107	78 
108	25 
109	31 
110	33 
111	34 
112	64 
113	85 
114	84 
115	66 
116	5 
117	24 
118	41 
119	42 
120	45 
121	73 
122	92 
123	41 
124	2 
125	52 
126	77 
127	21 
128	38 
129	79 
130	72 
131	78 
132	94 
133	52 
134	53 
135	5 
136	68 
137	27 
138	45 
139	70 
140	87 
141	39 
142	58 
143	99 
144	18 
145	8 
146	85 
147	50 
148	14 
149	55 
150	85 
151	79 
152	34 
153	32 
154	39 
155	45 
156	42 
157	75 
158	51 
159	26 
160	4 
161	54 
162	13 
163	2 
164	42 
165	94 
166	69 
167	14 
168	83 
169	55 
170	25 
171	61 
172	84 
173	33 
174	64 
175	3 
176	75 
177	92 
178	94 
179	71 
180	81 
181	29 
182	44 
183	21 
184	28 
185	92 
186	54 
187	1 
188	50 
189	69 
190	27 
191	32 
192	71 
193	50 
194	62 
195	78 
196	59 
197	13 
198	23 
199	42 
200	71 
201	54 
202	14 
203	76 
204	65 
205	52 
206	71 
207	76 
208	77 
209	1 
210	29 
211	63 
212	56 
213	51 
214	22 
215	19 
216	19 
217	96 
218	50 
219	37 
220	32 
221	94 
222	63 
223	25 
224	72 
225	66 
226	83 
227	87 
228	51 
229	52 
230	7 
231	95 
232	58 
233	38 
234	76 
235	27 
236	81 
237	80 
238	64 
239	33 
240	31 
241	48 
242	70 
243	88 
244	62 
245	25 
246	31 
247	46 
248	21 
249	52 
250	54 
251	32 
252	17 
253	57 
254	66 
255	65 
256	92 
257	19 
258	64 
259	46 
260	78 
261	63 
262	17 
263	11 
264	69 
265	80 
266	21 
267	45 
268	17 
269	84 
270	12 
271	79 
272	54 
273	85 
274	26 
275	26 
276	2 
277	36 
278	72 
279	96 
280	95 
281	36 
282	13 
283	85 
284	82 
285	26 
286	94 
287	52 
288	65 
289	38 
290	85 
291	55 
292	54 
293	65 
294	72 
295	78 
296	64 
297	92 
298	31 
299	25 
300	1 
301	47 
302	34 
303	16 
304	17 
305	50 
306	78 
307	28 
308	17 
309	20 
310	66 
311	14 
312	77 
313	18 
314	17 
315	25 
316	44 
317	23 
318	69 
319	84 
320	77 
321	89 
322	71 
323	27 
324	4 
325	39 
326	27 
327	18 
328	28 
329	74 
330	92 
331	14 
332	93 
333	53 
334	38 
335	69 
336	38 
337	24 
338	25 
339	12 
340	34 
341	67 
342	68 
343	10 
344	51 
345	93 
346	92 
347	26 
348	79 
349	98 
350	63 
351	87 
352	67 
353	15 
354	66 
355	52 
356	96 
357	5 
358	18 
359	86 
360	54 
361	25 
362	95 
363	24 
364	33 
365	54 
366	76 
367	92 
368	69 
369	68 
370	25 
371	12 
372	17 
373	92 
374	26 
375	56 
376	28 
377	84 
378	34 
379	25 
380	89 
381	94 
382	28 
383	77 
384	65 
385	15 
386	69 
387	68 
388	83 
389	53 
390	72 
391	2 
392	69 
393	95 
394	54 
395	90 
396	21 
397	25 
398	72 
399	65 
400	17 
401	71 
402	83 
403	60 
404	25 
405	93 
406	92 
407	63 
408	39 
409	29 
410	14 
411	11 
412	60 
413	41 
414	18 
415	25 
416	58 
417	28 
418	96 
419	2 
420	39 
421	78 
422	72 
423	8 
424	99 
425	46 
426	25 
427	96 
428	80 
429	81 
430	62 
431	64 
432	80 
433	91 
434	26 
435	14 
436	26 
437	74 
438	1 
439	68 
440	93 
441	62 
442	91 
443	35 
444	92 
445	26 
446	61 
447	81 
448	91 
449	92 
450	7 
451	33 
452	28 
453	18 
454	57 
455	54 
456	94 
457	99 
458	61 
459	27 
460	34 
461	24 
462	41 
463	34 
464	80 
465	58 
466	97 
467	39 
468	61 
469	54 
470	40 
471	34 
472	77 
473	53 
474	84 
475	40 
476	82 
477	77 
478	47 
479	60 
480	41 
481	28 
482	92 
483	17 
484	5 
485	13 
486	78 
487	29 
488	28 
489	44 
490	42 
491	33 
492	94 
493	57 
494	17 
495	89 
496	77 
497	1 
498	75 
499	89 
500	69 
501	92 
502	13 
503	29 
504	51 
505	72 
506	40 
507	37 
508	94 
509	46 
510	88 
511	1 
512	68 
513	45 
514	31 
515	14 
516	29 
517	1 
518	26 
519	42 
520	18 
521	95 
522	66 
523	27 
524	62 
525	94 
526	54 
527	29 
528	80 
529	25 
530	58 
531	23 
532	33 
533	17 
534	54 
535	57 
536	17 
537	44 
538	29 
539	89 
540	85 
541	60 
542	65 
543	95 
544	85 
545	88 
546	1 
547	27 
548	57 
549	20 
550	72 
551	54 
552	62 
553	70 
554	13 
555	48 
556	60 
557	11 
558	96 
559	98 
560	99 
561	38 
562	34 
563	71 
564	92 
565	27 
566	19 
567	24 
568	78 
569	68 
570	90 
571	84 
572	7 
573	41 
574	14 
575	78 
576	32 
577	72 
578	33 
579	65 
580	51 
581	18 
582	28 
583	5 
584	57 
585	48 
586	53 
587	31 
588	36 
589	34 
590	76 
591	17 
592	92 
593	16 
594	25 
595	28 
596	31 
597	74 
598	32 
599	26 
600	59 
601	34 
602	79 
603	20 
604	18 
605	33 
606	86 
607	6 
608	76 
609	23 
610	95 
611	19 
612	26 
613	63 
614	96 
615	57 
616	45 
617	50 
618	94 
619	71 
620	86 
621	66 
622	82 
623	37 
624	19 
625	22 
626	45 
627	99 
628	29 
629	35 
630	62 
631	40 
632	65 
633	20 
634	28 
635	79 
636	12 
637	95 
638	99 
639	39 
640	82 
641	58 
642	14 
643	6 
644	80 
645	47 
646	66 
647	87 
648	87 
649	57 
650	42 
651	32 
652	92 
653	12 
654	12 
655	39 
656	98 
657	90 
658	54 
659	28 
660	38 
661	72 
662	40 
663	66 
664	1 
665	53 
666	18 
667	69 
668	74 
669	23 
670	22 
671	78 
672	81 
673	20 
674	58 
675	2 
676	80 
677	64 
678	62 
679	77 
680	14 
681	4 
682	92 
683	24 
684	58 
685	16 
686	56 
687	32 
688	11 
689	28 
690	88 
691	76 
692	65 
693	31 
694	51 
695	76 
696	65 
697	70 
698	64 
699	59 
700	56 
701	74 
702	37 
703	59 
704	14 
705	17 
706	47 
707	82 
708	2 
709	26 
710	14 
711	54 
712	63 
713	87 
714	1 
715	95 
716	11 
717	6 
718	99 
719	25 
720	22 
721	47 
722	75 
723	95 
724	81 
725	85 
726	1 
727	78 
728	18 
729	50 
730	68 
731	28 
732	18 
733	67 
734	95 
735	87 
736	18 
737	83 
738	51 
739	76 
740	98 
741	80 
742	4 
743	17 
744	81 
745	46 
746	17 
747	71 
748	13 
749	93 
750	45 
751	54 
752	80 
753	17 
754	51 
755	66 
756	12 
757	73 
758	14 
759	29 
760	75 
761	68 
762	49 
763	53 
764	62 
765	26 
766	14 
767	17 
768	77 
769	86 
770	60 
771	16 
772	85 
773	40 
774	86 
775	29 
776	80 
777	77 
778	14 
779	42 
780	4 
781	77 
782	84 
783	18 
784	90 
785	41 
786	18 
787	15 
788	77 
789	8 
790	66 
791	71 
792	22 
793	41 
794	5 
795	96 
796	69 
797	51 
798	83 
799	77 
800	66 
801	38 
802	69 
803	47 
804	24 
805	32 
806	1 
807	66 
808	62 
809	14 
810	34 
811	19 
812	5 
813	80 
814	42 
815	88 
816	82 
817	65 
818	68 
819	71 
820	2 
821	39 
822	54 
823	34 
824	64 
825	82 
826	2 
827	92 
828	19 
829	61 
830	19 
831	51 
832	89 
833	54 
834	68 
835	33 
836	26 
837	38 
838	46 
839	75 
840	36 
841	12 
842	76 
843	94 
844	34 
845	26 
846	24 
847	10 
848	25 
849	95 
850	98 
851	81 
852	65 
853	11 
854	68 
855	16 
856	54 
857	84 
858	77 
859	89 
860	33 
861	80 
862	92 
863	31 
864	84 
865	25 
866	22 
867	26 
868	11 
869	9 
870	98 
871	72 
872	2 
873	33 
874	24 
875	12 
876	43 
877	60 
878	68 
879	41 
880	63 
881	16 
882	4 
883	36 
884	56 
885	78 
886	52 
887	32 
888	83 
889	94 
890	12 
891	81 
892	75 
893	18 
894	25 
895	76 
896	55 
897	25 
898	46 
899	18 
900	84 
901	21 
902	28 
903	31 
904	50 
905	83 
906	13 
907	4 
908	37 
909	12 
910	95 
911	92 
912	41 
913	82 
914	61 
915	49 
916	41 
917	92 
918	65 
919	77 
920	57 
921	26 
922	66 
923	50 
924	69 
925	14 
926	28 
927	45 
928	89 
929	65 
930	40 
931	92 
932	29 
933	25 
934	85 
935	89 
936	27 
937	66 
938	78 
939	95 
940	54 
941	64 
942	43 
943	26 
944	91 
945	42 
946	14 
947	41 
948	83 
949	62 
950	39 
951	46 
952	93 
953	45 
954	54 
955	26 
956	85 
957	66 
958	68 
959	24 
960	25 
961	17 
962	29 
963	62 
964	32 
965	49 
966	94 
967	44 
968	10 
969	40 
970	20 
971	27 
972	14 
973	41 
974	34 
975	59 
976	83 
977	14 
978	34 
979	16 
980	24 
981	40 
982	52 
983	85 
984	43 
985	42 
986	74 
987	9 
988	11 
989	2 
990	76 
991	39 
992	91 
993	71 
994	40 
995	89 
996	94 
997	68 
998	45 
999	41 
1000	29 
1001	36 
1002	18 
1003	41 
1004	2 
1005	94 
1006	26 
1007	97 
1008	41 
1009	26 
1010	94 
1011	83 
1012	26 
1013	40 
1014	50 
1015	50 
1016	17 
1017	20 
1018	68 
1019	42 
1020	8 
1021	40 
1022	85 
1023	25 
1024	56 
1025	99 
1026	66 
1027	34 
1028	69 
1029	99 
1030	18 
1031	57 
1032	70 
1033	16 
1034	39 
1035	11 
1036	32 
1037	22 
1038	5 
1039	83 
1040	53 
1041	92 
1042	25 
1043	40 
1044	32 
1045	41 
1046	14 
1047	78 
1048	73 
1049	64 
1050	38 
1051	38 
1052	45 
1053	31 
1054	31 
1055	57 
1056	72 
1057	84 
1058	61 
1059	12 
1060	62 
1061	71 
1062	45 
1063	70 
1064	67 
1065	23 
1066	33 
1067	39 
1068	43 
1069	33 
1070	62 
1071	10 
1072	68 
1073	14 
1074	7 
1075	19 
1076	17 
1077	34 
1078	96 
1079	54 
1080	25 
1081	84 
1082	26 
1083	46 
1084	94 
1085	28 
1086	53 
1087	9 
1088	64 
1089	86 
1090	89 
1091	14 
1092	32 
1093	94 
1094	12 
1095	68 
1096	50 
1097	93 
1098	72 
1099	82 
1100	17 
1101	64 
1102	92 
1103	95 
1104	47 
1105	22 
1106	58 
1107	76 
1108	16 
1109	85 
1110	71 
1111	97 
1112	28 
1113	18 
1114	18 
1115	42 
1116	55 
1117	72 
1118	31 
1119	59 
1120	47 
1121	71 
1122	37 
1123	95 
1124	44 
1125	69 
1126	27 
1127	34 
1128	65 
1129	47 
1130	84 
1131	38 
1132	71 
1133	39 
1134	2 
1135	71 
1136	95 
1137	94 
1138	61 
1139	99 
1140	18 
1141	42 
1142	41 
1143	69 
1144	41 
1145	97 
1146	81 
1147	18 
1148	62 
1149	42 
1150	39 
1151	48 
1152	1 
1153	94 
1154	23 
1155	18 
1156	2 
1157	60 
1158	44 
1159	83 
1160	3 
1161	87 
1162	77 
1163	55 
1164	25 
1165	68 
1166	79 
1167	88 
1168	47 
1169	14 
1170	5 
1171	45 
1172	94 
1173	4 
1174	33 
1175	42 
1176	45 
1177	3 
1178	4 
1179	1 
1180	95 
1181	82 
1182	25 
1183	64 
1184	32 
1185	26 
1186	66 
1187	77 
1188	94 
1189	32 
1190	31 
1191	62 
1192	16 
1193	31 
1194	83 
1195	23 
1196	29 
1197	77 
1198	53 
1199	83 
1200	84 
1201	58 
1202	51 
1203	31 
1204	83 
1205	38 
1206	77 
1207	88 
1208	27 
1209	97 
1210	54 
1211	14 
1212	68 
1213	42 
1214	45 
1215	41 
1216	70 
1217	54 
1218	66 
1219	61 
1220	50 
1221	50 
1222	34 
1223	18 
1224	13 
1225	34 
1226	28 
1227	28 
1228	63 
1229	14 
1230	22 
1231	23 
1232	38 
1233	49 
1234	61 
1235	12 
1236	43 
1237	13 
1238	95 
1239	83 
1240	5 
1241	55 
1242	82 
1243	54 
1244	68 
1245	70 
1246	76 
1247	32 
1248	51 
1249	92 
1250	21 
1251	17 
1252	75 
1253	87 
1254	69 
1255	87 
1256	14 
1257	63 
1258	37 
1259	94 
1260	96 
1261	62 
1262	63 
1263	47 
1264	90 
1265	43 
1266	56 
1267	92 
1268	26 
1269	42 
1270	42 
1271	46 
1272	95 
1273	64 
1274	42 
1275	94 
1276	73 
1277	81 
1278	69 
1279	33 
1280	78 
1281	70 
1282	59 
1283	97 
1284	11 
1285	90 
1286	1 
1287	97 
1288	67 
1289	25 
1290	27 
1291	26 
1292	46 
1293	38 
1294	82 
1295	27 
1296	85 
1297	18 
1298	17 
1299	94 
1300	92 
1301	96 
1302	16 
1303	18 
1304	90 
1305	93 
1306	42 
1307	62 
1308	17 
1309	77 
1310	6 
1311	2 
1312	40 
1313	10 
1314	54 
1315	43 
1316	66 
1317	33 
1318	29 
1319	83 
1320	69 
1321	82 
1322	95 
1323	92 
1324	88 
1325	23 
1326	38 
1327	35 
1328	92 
1329	27 
1330	3 
1331	14 
1332	57 
1333	9 
1334	52 
1335	18 
1336	38 
1337	69 
1338	35 
1339	90 
1340	94 
1341	94 
1342	94 
1343	51 
1344	2 
1345	55 
1346	3 
1347	27 
1348	28 
1349	25 
1350	89 
1351	46 
1352	67 
1353	58 
1354	41 
1355	56 
1356	20 
1357	83 
1358	34 
1359	81 
1360	80 
1361	72 
1362	66 
1363	88 
1364	90 
1365	64 
1366	96 
1367	25 
1368	60 
1369	78 
1370	56 
1371	86 
1372	66 
1373	28 
1374	88 
1375	10 
1376	94 
1377	66 
1378	23 
1379	54 
1380	54 
1381	41 
1382	94 
1383	45 
1384	7 
1385	46 
1386	34 
1387	82 
1388	49 
1389	18 
1390	90 
1391	27 
1392	97 
1393	94 
1394	33 
1395	42 
1396	78 
1397	77 
1398	25 
1399	28 
1400	76 
1401	11 
1402	62 
1403	12 
1404	19 
1405	38 
1406	28 
1407	87 
1408	39 
1409	90 
1410	29 
1411	25 
1412	57 
1413	57 
1414	82 
1415	82 
1416	17 
1417	17 
1418	90 
1419	34 
1420	18 
1421	18 
1422	87 
1423	48 
1424	26 
1425	24 
1426	87 
1427	35 
1428	57 
1429	23 
1430	30 
1431	20 
1432	54 
1433	76 
1434	50 
1435	31 
1436	14 
1437	82 
1438	81 
1439	17 
1440	48 
1441	22 
1442	62 
1443	30 
1444	70 
1445	65 
1446	62 
1447	38 
1448	75 
1449	66 
1450	89 
1451	2 
1452	72 
1453	80 
1454	46 
1455	8 
1456	5 
1457	27 
1458	19 
1459	54 
1460	60 
1461	45 
1462	64 
1463	73 
1464	81 
1465	3 
1466	71 
1467	84 
1468	31 
1469	92 
1470	67 
1471	65 
1472	10 
1473	84 
1474	34 
1475	29 
1476	84 
1477	40 
1478	14 
1479	74 
1480	2 
1481	20 
1482	34 
1483	14 
1484	17 
1485	68 
1486	68 
1487	27 
1488	62 
1489	80 
1490	35 
1491	74 
1492	45 
1493	27 
1494	71 
1495	91 
1496	37 
1497	95 
1498	88 
1499	25 
1500	73 
1501	72 
1502	86 
1503	17 
1504	96 
1505	77 
1506	72 
1507	12 
1508	18 
1509	15 
1510	84 
1511	75 
1512	28 
1513	33 
1514	13 
1515	24 
1516	95 
1517	45 
1518	81 
1519	46 
1520	65 
1521	17 
1522	42 
1523	10 
1524	53 
1525	14 
1526	65 
1527	28 
1528	81 
1529	42 
1530	79 
1531	34 
1532	64 
1533	71 
1534	77 
1535	91 
1536	1 
1537	21 
1538	34 
1539	21 
1540	94 
1541	41 
1542	73 
1543	79 
1544	33 
1545	25 
1546	74 
1547	99 
1548	22 
1549	37 
1550	31 
1551	97 
1552	41 
1553	53 
1554	20 
1555	16 
1556	2 
1557	56 
1558	68 
1559	36 
1560	64 
1561	11 
1562	60 
1563	27 
1564	17 
1565	43 
1566	28 
1567	72 
1568	92 
1569	97 
1570	50 
1571	93 
1572	14 
1573	7 
1574	53 
1575	79 
1576	54 
1577	14 
1578	9 
1579	99 
1580	72 
1581	18 
1582	1 
1583	72 
1584	59 
1585	55 
1586	17 
1587	17 
1588	65 
1589	99 
1590	34 
1591	67 
1592	62 
1593	24 
1594	66 
1595	77 
1596	66 
1597	64 
1598	70 
1599	80 
1600	71 
1601	66 
1602	33 
1603	18 
1604	1 
1605	2 
1606	42 
1607	56 
1608	41 
1609	75 
1610	84 
1611	91 
1612	34 
1613	36 
1614	48 
1615	56 
1616	59 
1617	87 
1618	93 
1619	32 
1620	27 
1621	35 
1622	41 
1623	57 
1624	38 
1625	97 
1626	88 
1627	84 
1628	10 
1629	54 
1630	52 
1631	62 
1632	30 
1633	18 
1634	66 
1635	46 
1636	70 
1637	11 
1638	42 
1639	1 
1640	17 
1641	95 
1642	14 
1643	37 
1644	62 
1645	18 
1646	48 
1647	6 
1648	57 
1649	99 
1650	82 
1651	95 
1652	25 
1653	17 
1654	13 
1655	31 
1656	18 
1657	18 
1658	69 
1659	7 
1660	71 
1661	88 
1662	35 
1663	88 
1664	50 
1665	35 
1666	19 
1667	34 
1668	71 
1669	89 
1670	29 
1671	89 
1672	66 
1673	32 
1674	68 
1675	33 
1676	69 
1677	92 
1678	11 
1679	42 
1680	14 
1681	25 
1682	13 
1683	45 
1684	54 
1685	42 
1686	44 
1687	81 
1688	50 
1689	6 
1690	66 
1691	17 
1692	51 
1693	47 
1694	1 
1695	54 
1696	59 
1697	99 
1698	9 
1699	97 
1700	87 
1701	50 
1702	26 
1703	83 
1704	28 
1705	2 
1706	53 
1707	54 
1708	33 
1709	2 
1710	73 
1711	36 
1712	36 
1713	41 
1714	13 
1715	28 
1716	29 
1717	88 
1718	58 
1719	19 
1720	5 
1721	17 
1722	58 
1723	34 
1724	14 
1725	83 
1726	52 
1727	16 
1728	38 
1729	37 
1730	78 
1731	80 
1732	13 
1733	28 
1734	26 
1735	54 
1736	6 
1737	70 
1738	54 
1739	66 
1740	59 
1741	69 
1742	44 
1743	36 
1744	53 
1745	42 
1746	51 
1747	18 
1748	92 
1749	69 
1750	64 
1751	66 
1752	47 
1753	66 
1754	57 
1755	68 
1756	53 
1757	76 
1758	95 
1759	52 
1760	28 
1761	71 
1762	27 
1763	32 
1764	32 
1765	86 
1766	23 
1767	20 
1768	14 
1769	69 
1770	65 
1771	26 
1772	11 
1773	13 
1774	81 
1775	46 
1776	66 
1777	63 
1778	68 
1779	25 
1780	75 
1781	9 
1782	46 
1783	92 
1784	72 
1785	28 
1786	36 
1787	36 
1788	2 
1789	87 
1790	41 
1791	28 
1792	11 
1793	71 
1794	41 
1795	95 
1796	66 
1797	59 
1798	99 
1799	15 
1800	1 
1801	85 
1802	26 
1803	83 
1804	72 
1805	69 
1806	92 
1807	63 
1808	27 
1809	54 
1810	70 
1811	52 
1812	93 
1813	59 
1814	63 
1815	32 
1816	17 
1817	64 
1818	45 
1819	93 
1820	28 
1821	53 
1822	86 
1823	84 
1824	85 
1825	77 
1826	17 
1827	94 
1828	57 
1829	69 
1830	89 
1831	64 
1832	44 
1833	30 
1834	47 
1835	76 
1836	63 
1837	95 
1838	42 
1839	32 
1840	5 
1841	31 
1842	71 
1843	65 
1844	33 
1845	39 
1846	54 
1847	32 
1848	3 
1849	64 
1850	27 
1851	65 
1852	65 
1853	54 
1854	84 
1855	70 
1856	47 
1857	33 
1858	53 
1859	7 
1860	62 
1861	77 
1862	92 
1863	82 
1864	64 
1865	92 
1866	92 
1867	28 
1868	88 
1869	89 
1870	87 
1871	41 
1872	72 
1873	25 
1874	43 
1875	96 
1876	44 
1877	76 
1878	68 
1879	46 
1880	19 
1881	31 
1882	68 
1883	31 
1884	2 
1885	72 
1886	28 
1887	81 
1888	6 
1889	68 
1890	55 
1891	64 
1892	7 
1893	13 
1894	21 
1895	55 
1896	64 
1897	55 
1898	94 
1899	31 
1900	15 
1901	87 
1902	27 
1903	31 
1904	71 
1905	62 
1906	27 
1907	78 
1908	54 
1909	99 
1910	42 
1911	62 
1912	3 
1913	28 
1914	1 
1915	17 
1916	82 
1917	80 
1918	18 
1919	42 
1920	12 
1921	66 
1922	71 
1923	69 
1924	31 
1925	97 
1926	62 
1927	99 
1928	46 
1929	94 
1930	18 
1931	18 
1932	34 
1933	80 
1934	24 
1935	55 
1936	15 
1937	82 
1938	90 
1939	62 
1940	95 
1941	86 
1942	94 
1943	36 
1944	58 
1945	86 
1946	56 
1947	29 
1948	41 
1949	20 
1950	7 
1951	53 
1952	83 
1953	86 
1954	26 
1955	78 
1956	62 
1957	33 
1958	11 
1959	49 
1960	67 
1961	42 
1962	70 
1963	49 
1964	94 
1965	92 
1966	75 
1967	26 
1968	46 
1969	89 
1970	49 
1971	44 
1972	92 
1973	68 
1974	57 
1975	77 
1976	86 
1977	27 
1978	14 
1979	92 
1980	64 
1981	63 
1982	51 
1983	38 
1984	42 
1985	19 
1986	33 
1987	27 
1988	56 
1989	25 
1990	89 
1991	50 
1992	15 
1993	41 
1994	17 
1995	38 
1996	22 
1997	62 
1998	72 
1999	56 
2000	65 
2001	86 
2002	64 
2003	14 
2004	1 
2005	42 
2006	33 
2007	94 
2008	95 
2009	83 
2010	73 
2011	34 
2012	62 
2013	22 
2014	51 
2015	76 
2016	95 
2017	53 
2018	65 
2019	76 
2020	66 
2021	77 
2022	53 
2023	92 
2024	57 
2025	26 
2026	75 
2027	41 
2028	34 
2029	7 
2030	65 
2031	50 
2032	66 
2033	75 
2034	52 
2035	6 
2036	28 
2037	66 
2038	45 
2039	83 
2040	34 
2041	47 
2042	94 
2043	57 
2044	13 
2045	62 
2046	58 
2047	82 
2048	57 
2049	91 
2050	95 
2051	59 
2052	27 
2053	32 
2054	51 
2055	18 
2056	87 
2057	42 
2058	19 
2059	89 
2060	36 
2061	63 
2062	17 
2063	78 
2064	27 
2065	84 
2066	34 
2067	63 
2068	82 
2069	47 
2070	80 
2071	17 
2072	51 
2073	66 
2074	22 
2075	14 
2076	38 
2077	81 
2078	16 
2079	31 
2080	35 
2081	15 
2082	31 
2083	21 
2084	78 
2085	85 
2086	18 
2087	21 
2088	46 
2089	63 
2090	1 
2091	47 
2092	42 
2093	41 
2094	67 
2095	12 
2096	22 
2097	77 
2098	80 
2099	27 
2100	65 
2101	98 
2102	77 
2103	39 
2104	96 
2105	62 
2106	42 
2107	50 
2108	71 
2109	59 
2110	88 
2111	50 
2112	86 
2113	95 
2114	54 
2115	5 
2116	41 
2117	32 
2118	54 
2119	84 
2120	31 
2121	66 
2122	85 
2123	77 
2124	75 
2125	90 
2126	28 
2127	77 
2128	16 
2129	97 
2130	59 
2131	46 
2132	42 
2133	76 
2134	43 
2135	81 
2136	49 
2137	57 
2138	45 
2139	70 
2140	63 
2141	63 
2142	64 
2143	84 
2144	30 
2145	86 
2146	61 
2147	22 
2148	76 
2149	76 
2150	9 
2151	11 
2152	62 
2153	52 
2154	3 
2155	31 
2156	65 
2157	92 
2158	19 
2159	54 
2160	32 
2161	38 
2162	68 
2163	74 
2164	81 
2165	51 
2166	66 
2167	39 
2168	38 
2169	94 
2170	31 
2171	17 
2172	1 
2173	76 
2174	95 
2175	94 
2176	27 
2177	2 
2178	34 
2179	7 
2180	58 
2181	17 
2182	94 
2183	19 
2184	47 
2185	72 
2186	80 
2187	94 
2188	73 
2189	1 
2190	38 
2191	84 
2192	9 
2193	36 
2194	76 
2195	42 
2196	94 
2197	59 
2198	69 
2199	3 
2200	68 
2201	27 
2202	95 
2203	92 
2204	98 
2205	10 
2206	8 
2207	92 
2208	91 
2209	51 
2210	78 
2211	18 
2212	29 
2213	19 
2214	92 
2215	48 
2216	68 
2217	45 
2218	42 
2219	87 
2220	78 
2221	29 
2222	65 
2223	31 
2224	58 
2225	71 
2226	87 
2227	81 
2228	19 
2229	44 
2230	70 
2231	29 
2232	89 
2233	13 
2234	42 
2235	38 
2236	17 
2237	38 
2238	64 
2239	5 
2240	75 
2241	34 
2242	24 
2243	80 
2244	25 
2245	35 
2246	38 
2247	69 
2248	66 
2249	57 
2250	33 
2251	35 
2252	89 
2253	27 
2254	58 
2255	38 
2256	70 
2257	18 
2258	55 
2259	27 
2260	44 
2261	40 
2262	62 
2263	11 
2264	62 
2265	56 
2266	29 
2267	1 
2268	78 
2269	38 
2270	28 
2271	11 
2272	66 
2273	84 
2274	37 
2275	33 
2276	14 
2277	27 
2278	27 
2279	54 
2280	72 
2281	21 
2282	83 
2283	60 
2284	33 
2285	69 
2286	84 
2287	78 
2288	90 
2289	75 
2290	22 
2291	25 
2292	18 
2293	28 
2294	16 
2295	16 
2296	7 
2297	27 
2298	92 
2299	34 
2300	45 
2301	41 
2302	36 
2303	78 
2304	85 
2305	38 
2306	77 
2307	41 
2308	83 
2309	13 
2310	34 
2311	75 
2312	23 
2313	99 
2314	78 
2315	6 
2316	63 
2317	85 
2318	78 
2319	46 
2320	2 
2321	24 
2322	51 
2323	63 
2324	51 
2325	81 
2326	37 
2327	83 
2328	78 
2329	75 
2330	52 
2331	56 
2332	7 
2333	18 
2334	86 
2335	86 
2336	94 
2337	84 
2338	14 
2339	24 
2340	94 
2341	78 
2342	75 
2343	3 
2344	28 
2345	44 
2346	54 
2347	19 
2348	26 
2349	22 
2350	75 
2351	54 
2352	5 
2353	77 
2354	18 
2355	45 
2356	14 
2357	27 
2358	59 
2359	22 
2360	14 
2361	2 
2362	51 
2363	50 
2364	69 
2365	21 
2366	16 
2367	63 
2368	69 
2369	45 
2370	4 
2371	94 
2372	34 
2373	55 
2374	82 
2375	63 
2376	7 
2377	14 
2378	51 
2379	1 
2380	23 
2381	26 
2382	1 
2383	65 
2384	28 
2385	66 
2386	14 
2387	16 
2388	17 
2389	25 
2390	34 
2391	69 
2392	36 
2393	12 
2394	33 
2395	26 
2396	16 
2397	46 
2398	90 
2399	42 
2400	68 
2401	22 
2402	42 
2403	45 
2404	99 
2405	57 
2406	91 
2407	69 
2408	23 
2409	36 
2410	26 
2411	27 
2412	1 
2413	92 
2414	25 
2415	82 
2416	92 
2417	45 
2418	17 
2419	69 
2420	42 
2421	17 
2422	25 
2423	19 
2424	17 
2425	12 
2426	84 
2427	4 
2428	43 
2429	35 
2430	53 
2431	71 
2432	47 
2433	14 
2434	62 
2435	95 
2436	79 
2437	77 
2438	34 
2439	1 
2440	30 
2441	28 
2442	9 
2443	22 
2444	88 
2445	53 
2446	60 
2447	83 
2448	19 
2449	15 
2450	19 
2451	42 
2452	53 
2453	59 
2454	25 
2455	27 
2456	44 
2457	3 
2458	68 
2459	41 
2460	38 
2461	73 
2462	68 
2463	55 
2464	46 
2465	2 
2466	26 
2467	26 
2468	71 
2469	89 
2470	25 
2471	80 
2472	95 
2473	95 
2474	80 
2475	11 
2476	44 
2477	11 
2478	23 
2479	23 
2480	5 
2481	83 
2482	11 
2483	71 
2484	73 
2485	62 
2486	54 
2487	89 
2488	46 
2489	61 
2490	26 
2491	33 
2492	94 
2493	77 
2494	63 
2495	67 
2496	78 
2497	38 
2498	18 
2499	84 
2500	25 
2501	68 
2502	58 
2503	83 
2504	36 
2505	14 
2506	18 
2507	17 
2508	90 
2509	86 
2510	70 
2511	24 
2512	69 
2513	85 
2514	57 
2515	67 
2516	18 
2517	69 
2518	94 
2519	83 
2520	50 
2521	41 
2522	1 
2523	64 
2524	53 
2525	87 
2526	99 
2527	2 
2528	89 
2529	23 
2530	47 
2531	18 
2532	14 
2533	37 
2534	22 
2535	47 
2536	71 
2537	19 
2538	66 
2539	46 
2540	78 
2541	45 
2542	34 
2543	18 
2544	94 
2545	33 
2546	78 
2547	97 
2548	83 
2549	55 
2550	29 
2551	86 
2552	12 
2553	7 
2554	50 
2555	48 
2556	72 
2557	89 
2558	78 
2559	86 
2560	92 
2561	95 
2562	41 
2563	76 
2564	93 
2565	86 
2566	27 
2567	16 
2568	28 
2569	42 
2570	28 
2571	94 
2572	51 
2573	41 
2574	58 
2575	10 
2576	45 
2577	41 
2578	81 
2579	66 
2580	59 
2581	66 
2582	82 
2583	96 
2584	43 
2585	63 
2586	77 
2587	43 
2588	84 
2589	59 
2590	71 
2591	64 
2592	11 
2593	62 
2594	28 
2595	39 
2596	57 
2597	84 
2598	6 
2599	71 
2600	25 
2601	99 
2602	94 
2603	31 
2604	68 
2605	71 
2606	96 
2607	33 
2608	44 
2609	46 
2610	92 
2611	39 
2612	92 
2613	21 
2614	92 
2615	6 
2616	76 
2617	37 
2618	7 
2619	2 
2620	78 
2621	53 
2622	61 
2623	21 
2624	8 
2625	53 
2626	81 
2627	45 
2628	39 
2629	1 
2630	96 
2631	81 
2632	40 
2633	98 
2634	42 
2635	92 
2636	6 
2637	62 
2638	8 
2639	27 
2640	88 
2641	66 
2642	83 
2643	44 
2644	55 
2645	66 
2646	66 
2647	3 
2648	56 
2649	36 
2650	73 
2651	18 
2652	18 
2653	19 
2654	24 
2655	78 
2656	2 
2657	3 
2658	38 
2659	1 
2660	66 
2661	95 
2662	47 
2663	45 
2664	68 
2665	83 
2666	52 
2667	71 
2668	31 
2669	59 
2670	71 
2671	32 
2672	48 
2673	80 
2674	17 
2675	18 
2676	5 
2677	63 
2678	41 
2679	18 
2680	80 
2681	66 
2682	28 
2683	13 
2684	10 
2685	77 
2686	85 
2687	3 
2688	63 
2689	62 
2690	45 
2691	60 
2692	44 
2693	9 
2694	26 
2695	58 
2696	80 
2697	44 
2698	29 
2699	82 
2700	62 
2701	76 
2702	34 
2703	68 
2704	95 
2705	75 
2706	41 
2707	40 
2708	58 
2709	99 
2710	34 
2711	68 
2712	26 
2713	95 
2714	58 
2715	2 
2716	73 
2717	25 
2718	42 
2719	55 
2720	12 
2721	12 
2722	46 
2723	26 
2724	42 
2725	75 
2726	38 
2727	17 
2728	46 
2729	1 
2730	38 
2731	63 
2732	47 
2733	54 
2734	17 
2735	74 
2736	85 
2737	74 
2738	1 
2739	35 
2740	15 
2741	64 
2742	48 
2743	17 
2744	38 
2745	22 
2746	38 
2747	28 
2748	14 
2749	40 
2750	80 
2751	69 
2752	60 
2753	19 
2754	25 
2755	65 
2756	1 
2757	26 
2758	72 
2759	71 
2760	94 
2761	79 
2762	11 
2763	86 
2764	55 
2765	18 
2766	50 
2767	6 
2768	72 
2769	25 
2770	69 
2771	92 
2772	23 
2773	21 
2774	94 
2775	29 
2776	58 
2777	1 
2778	27 
2779	96 
2780	94 
2781	27 
2782	26 
2783	46 
2784	57 
2785	95 
2786	26 
2787	95 
2788	14 
2789	27 
2790	70 
2791	31 
2792	32 
2793	96 
2794	68 
2795	51 
2796	95 
2797	85 
2798	69 
2799	97 
2800	25 
2801	41 
2802	72 
2803	2 
2804	45 
2805	27 
2806	27 
2807	61 
2808	88 
2809	31 
2810	56 
2811	62 
2812	21 
2813	51 
2814	5 
2815	94 
2816	25 
2817	78 
2818	19 
2819	33 
2820	39 
2821	31 
2822	46 
2823	3 
2824	68 
2825	51 
2826	60 
2827	17 
2828	42 
2829	1 
2830	2 
2831	64 
2832	59 
2833	70 
2834	97 
2835	41 
2836	78 
2837	59 
2838	76 
2839	64 
2840	78 
2841	48 
2842	32 
2843	45 
2844	1 
2845	8 
2846	95 
2847	40 
2848	41 
2849	42 
2850	87 
2851	59 
2852	46 
2853	22 
2854	13 
2855	95 
2856	65 
2857	70 
2858	94 
2859	86 
2860	7 
2861	75 
2862	69 
2863	44 
2864	40 
2865	27 
2866	28 
2867	21 
2868	29 
2869	93 
2870	55 
2871	97 
2872	34 
2873	1 
2874	14 
2875	53 
2876	87 
2877	95 
2878	42 
2879	92 
2880	95 
2881	16 
2882	33 
2883	66 
2884	33 
2885	5 
2886	53 
2887	11 
2888	36 
2889	86 
2890	88 
2891	39 
2892	91 
2893	63 
2894	57 
2895	59 
2896	62 
2897	47 
2898	64 
2899	67 
2900	25 
2901	27 
2902	41 
2903	23 
2904	67 
2905	64 
2906	74 
2907	47 
2908	28 
2909	85 
2910	50 
2911	40 
2912	52 
2913	26 
2914	22 
2915	24 
2916	38 
2917	14 
2918	19 
2919	91 
2920	1 
2921	14 
2922	31 
2923	1 
2924	81 
2925	31 
2926	77 
2927	42 
2928	25 
2929	45 
2930	17 
2931	11 
2932	2 
2933	53 
2934	25 
2935	34 
2936	28 
2937	20 
2938	38 
2939	41 
2940	65 
2941	60 
2942	70 
2943	54 
2944	78 
2945	96 
2946	83 
2947	11 
2948	83 
2949	54 
2950	4 
2951	68 
2952	17 
2953	1 
2954	41 
2955	68 
2956	70 
2957	73 
2958	64 
2959	57 
2960	94 
2961	10 
2962	54 
2963	74 
2964	82 
2965	38 
2966	28 
2967	84 
2968	11 
2969	25 
2970	54 
2971	66 
2972	30 
2973	9 
2974	88 
2975	39 
2976	27 
2977	84 
2978	72 
2979	24 
2980	59 
2981	69 
2982	89 
2983	82 
2984	99 
2985	50 
2986	36 
2987	68 
2988	6 
2989	17 
2990	71 
2991	40 
2992	78 
2993	25 
2994	92 
2995	28 
2996	78 
2997	17 
2998	77 
2999	95 
3000	50 
3001	22 
3002	9 
3003	49 
3004	85 
3005	79 
3006	60 
3007	84 
3008	96 
3009	34 
3010	75 
3011	95 
3012	16 
3013	33 
3014	77 
3015	86 
3016	31 
3017	46 
3018	1 
3019	74 
3020	26 
3021	53 
3022	63 
3023	26 
3024	84 
3025	9 
3026	52 
3027	66 
3028	42 
3029	46 
3030	31 
3031	62 
3032	17 
3033	64 
3034	37 
3035	86 
3036	71 
3037	54 
3038	34 
3039	89 
3040	29 
3041	69 
3042	41 
3043	15 
3044	38 
3045	12 
3046	41 
3047	85 
3048	94 
3049	83 
3050	39 
3051	66 
3052	13 
3053	6 
3054	47 
3055	89 
3056	64 
3057	98 
3058	39 
3059	75 
3060	31 
3061	30 
3062	42 
3063	66 
3064	19 
3065	79 
3066	1 
3067	18 
3068	17 
3069	78 
3070	23 
3071	59 
3072	4 
3073	57 
3074	39 
3075	72 
3076	15 
3077	65 
3078	62 
3079	16 
3080	50 
3081	46 
3082	7 
3083	71 
3084	86 
3085	68 
3086	22 
3087	14 
3088	17 
3089	10 
3090	52 
3091	40 
3092	76 
3093	61 
3094	7 
3095	33 
3096	15 
3097	71 
3098	32 
3099	75 
3100	38 
3101	62 
3102	35 
3103	98 
3104	12 
3105	16 
3106	90 
3107	95 
3108	10 
3109	63 
3110	26 
3111	6 
3112	40 
3113	48 
3114	42 
3115	39 
3116	72 
3117	68 
3118	1 
3119	62 
3120	50 
3121	23 
3122	45 
3123	18 
3124	31 
3125	36 
3126	61 
3127	26 
3128	68 
3129	69 
3130	22 
3131	47 
3132	49 
3133	64 
3134	88 
3135	41 
3136	34 
3137	60 
3138	12 
3139	77 
3140	18 
3141	46 
3142	24 
3143	39 
3144	69 
3145	94 
3146	72 
3147	83 
3148	33 
3149	69 
3150	84 
3151	28 
3152	58 
3153	18 
3154	27 
3155	29 
3156	2 
3157	34 
3158	38 
3159	78 
3160	24 
3161	32 
3162	92 
3163	1 
3164	93 
3165	19 
3166	35 
3167	70 
3168	69 
3169	82 
3170	81 
3171	70 
3172	46 
3173	48 
3174	28 
3175	32 
3176	80 
3177	36 
3178	2 
3179	61 
3180	7 
3181	41 
3182	54 
3183	75 
3184	72 
3185	26 
3186	82 
3187	13 
3188	92 
3189	18 
3190	65 
3191	77 
3192	62 
3193	82 
3194	54 
3195	57 
3196	80 
3197	92 
3198	27 
3199	88 
3200	98 
3201	72 
3202	95 
3203	14 
3204	11 
3205	56 
3206	47 
3207	84 
3208	82 
3209	82 
3210	81 
3211	49 
3212	26 
3213	78 
3214	86 
3215	1 
3216	53 
3217	17 
3218	40 
3219	34 
3220	38 
3221	69 
3222	63 
3223	64 
3224	28 
3225	78 
3226	65 
3227	65 
3228	88 
3229	31 
3230	34 
3231	44 
3232	13 
3233	8 
3234	59 
3235	44 
3236	71 
3237	15 
3238	80 
3239	83 
3240	25 
3241	93 
3242	47 
3243	28 
3244	8 
3245	65 
3246	61 
3247	9 
3248	28 
3249	65 
3250	25 
3251	53 
3252	23 
3253	65 
3254	14 
3255	8 
3256	86 
3257	21 
3258	66 
3259	83 
3260	28 
3261	31 
3262	61 
3263	81 
3264	75 
3265	86 
3266	27 
3267	62 
3268	41 
3269	1 
3270	93 
3271	84 
3272	28 
3273	86 
3274	53 
3275	38 
3276	9 
3277	62 
3278	7 
3279	88 
3280	3 
3281	66 
3282	52 
3283	1 
3284	42 
3285	27 
3286	70 
3287	68 
3288	53 
3289	26 
3290	77 
3291	88 
3292	75 
3293	12 
3294	62 
3295	46 
3296	83 
3297	94 
3298	57 
3299	81 
3300	84 
3301	5 
3302	24 
3303	54 
3304	94 
3305	68 
3306	85 
3307	72 
3308	34 
3309	78 
3310	54 
3311	36 
3312	48 
3313	38 
3314	42 
3315	66 
3316	40 
3317	46 
3318	22 
3319	22 
3320	76 
3321	41 
3322	83 
3323	59 
3324	29 
3325	30 
3326	74 
3327	25 
3328	66 
3329	14 
3330	15 
3331	92 
3332	13 
3333	87 
3334	14 
3335	54 
3336	56 
3337	46 
3338	8 
3339	78 
3340	11 
3341	28 
3342	29 
3343	28 
3344	31 
3345	77 
3346	26 
3347	25 
3348	77 
3349	70 
3350	61 
3351	17 
3352	18 
3353	18 
3354	76 
3355	64 
3356	88 
3357	80 
3358	68 
3359	69 
3360	53 
3361	86 
3362	29 
3363	48 
3364	77 
3365	97 
3366	17 
3367	26 
3368	10 
3369	13 
3370	4 
3371	80 
3372	93 
3373	61 
3374	92 
3375	33 
3376	14 
3377	78 
3378	13 
3379	12 
3380	27 
3381	9 
3382	92 
3383	30 
3384	60 
3385	89 
3386	75 
3387	45 
3388	77 
3389	54 
3390	46 
3391	68 
3392	27 
3393	46 
3394	66 
3395	71 
3396	32 
3397	97 
3398	96 
3399	91 
3400	89 
3401	36 
3402	11 
3403	42 
3404	75 
3405	13 
3406	53 
3407	76 
3408	63 
3409	42 
3410	85 
3411	37 
3412	40 
3413	18 
3414	61 
3415	41 
3416	76 
3417	98 
3418	33 
3419	34 
3420	39 
3421	94 
3422	57 
3423	45 
3424	11 
3425	83 
3426	77 
3427	75 
3428	22 
3429	36 
3430	79 
3431	89 
3432	15 
3433	32 
3434	41 
3435	94 
3436	82 
3437	26 
3438	58 
3439	72 
3440	47 
3441	42 
3442	85 
3443	52 
3444	75 
3445	25 
3446	18 
3447	61 
3448	92 
3449	29 
3450	80 
3451	41 
3452	41 
3453	59 
3454	59 
3455	87 
3456	77 
3457	95 
3458	77 
3459	22 
3460	47 
3461	94 
3462	41 
3463	6 
3464	58 
3465	65 
3466	81 
3467	26 
3468	1 
3469	18 
3470	46 
3471	17 
3472	33 
3473	13 
3474	50 
3475	11 
3476	41 
3477	68 
3478	9 
3479	38 
3480	78 
3481	72 
3482	65 
3483	24 
3484	24 
3485	63 
3486	83 
3487	25 
3488	20 
3489	82 
3490	58 
3491	49 
3492	67 
3493	1 
3494	33 
3495	24 
3496	46 
3497	87 
3498	18 
3499	54 
3500	78 
3501	43 
3502	31 
3503	17 
3504	62 
3505	68 
3506	31 
3507	27 
3508	84 
3509	57 
3510	66 
3511	38 
3512	78 
3513	53 
3514	64 
3515	59 
3516	60 
3517	33 
3518	74 
3519	62 
3520	97 
3521	42 
3522	72 
3523	32 
3524	45 
3525	62 
3526	29 
3527	32 
3528	17 
3529	95 
3530	60 
3531	91 
3532	71 
3533	42 
3534	47 
3535	92 
3536	55 
3537	52 
3538	62 
3539	94 
3540	36 
3541	54 
3542	69 
3543	73 
3544	54 
3545	81 
3546	56 
3547	11 
3548	88 
3549	33 
3550	55 
3551	22 
3552	26 
3553	6 
3554	83 
3555	92 
3556	26 
3557	64 
3558	27 
3559	68 
3560	40 
3561	33 
3562	30 
3563	46 
3564	5 
3565	29 
3566	69 
3567	34 
3568	14 
3569	67 
3570	47 
3571	89 
3572	65 
3573	89 
3574	83 
3575	35 
3576	69 
3577	65 
3578	25 
3579	77 
3580	6 
3581	68 
3582	14 
3583	87 
3584	78 
3585	28 
3586	19 
3587	55 
3588	89 
3589	18 
3590	48 
3591	8 
3592	66 
3593	2 
3594	54 
3595	27 
3596	26 
3597	96 
3598	34 
3599	99 
3600	27 
3601	77 
3602	25 
3603	86 
3604	61 
3605	14 
3606	86 
3607	13 
3608	64 
3609	57 
3610	27 
3611	69 
3612	7 
3613	97 
3614	68 
3615	43 
3616	4 
3617	50 
3618	86 
3619	33 
3620	84 
3621	42 
3622	66 
3623	66 
3624	24 
3625	71 
3626	12 
3627	66 
3628	86 
3629	6 
3630	44 
3631	46 
3632	31 
3633	77 
3634	26 
3635	64 
3636	45 
3637	14 
3638	39 
3639	81 
3640	46 
3641	43 
3642	78 
3643	67 
3644	82 
3645	16 
3646	19 
3647	26 
3648	89 
3649	33 
3650	19 
3651	67 
3652	65 
3653	22 
3654	28 
3655	52 
3656	61 
3657	48 
3658	52 
3659	33 
3660	11 
3661	81 
3662	29 
3663	79 
3664	26 
3665	49 
3666	35 
3667	72 
3668	15 
3669	71 
3670	78 
3671	77 
3672	2 
3673	69 
3674	61 
3675	72 
3676	31 
3677	20 
3678	58 
3679	89 
3680	3 
3681	74 
3682	67 
3683	71 
3684	46 
3685	65 
3686	85 
3687	5 
3688	22 
3689	94 
3690	29 
3691	44 
3692	84 
3693	57 
3694	95 
3695	64 
3696	92 
3697	5 
3698	42 
3699	20 
3700	76 
3701	29 
3702	41 
3703	53 
3704	97 
3705	24 
3706	18 
3707	38 
3708	24 
3709	80 
3710	40 
3711	31 
3712	11 
3713	67 
3714	52 
3715	99 
3716	72 
3717	88 
3718	54 
3719	83 
3720	24 
3721	74 
3722	67 
3723	28 
3724	26 
3725	89 
3726	78 
3727	46 
3728	72 
3729	47 
3730	30 
3731	53 
3732	67 
3733	39 
3734	88 
3735	77 
3736	47 
3737	71 
3738	10 
3739	31 
3740	54 
3741	69 
3742	26 
3743	61 
3744	98 
3745	81 
3746	32 
3747	31 
3748	89 
3749	43 
3750	84 
3751	98 
3752	91 
3753	79 
3754	92 
3755	45 
3756	23 
3757	97 
3758	31 
3759	55 
3760	47 
3761	67 
3762	88 
3763	86 
3764	83 
3765	25 
3766	11 
3767	41 
3768	92 
3769	35 
3770	30 
3771	6 
3772	80 
3773	87 
3774	41 
3775	33 
3776	38 
3777	66 
3778	57 
3779	66 
3780	92 
3781	63 
3782	26 
3783	19 
3784	18 
3785	36 
3786	94 
3787	75 
3788	21 
3789	22 
3790	23 
3791	26 
3792	12 
3793	18 
3794	82 
3795	15 
3796	71 
3797	33 
3798	25 
3799	33 
3800	8 
3801	75 
3802	69 
3803	99 
3804	11 
3805	60 
3806	38 
3807	66 
3808	68 
3809	86 
3810	51 
3811	58 
3812	50 
3813	91 
3814	49 
3815	49 
3816	89 
3817	68 
3818	74 
3819	22 
3820	32 
3821	6 
3822	1 
3823	29 
3824	67 
3825	11 
3826	64 
3827	58 
3828	95 
3829	35 
3830	81 
3831	45 
3832	26 
3833	42 
3834	79 
3835	51 
3836	20 
3837	64 
3838	76 
3839	78 
3840	77 
3841	47 
3842	23 
3843	54 
3844	26 
3845	84 
3846	29 
3847	63 
3848	14 
3849	80 
3850	25 
3851	66 
3852	65 
3853	99 
3854	31 
3855	26 
3856	77 
3857	58 
3858	46 
3859	12 
3860	57 
3861	32 
3862	1 
3863	86 
3864	36 
3865	69 
3866	1 
3867	88 
3868	71 
3869	8 
3870	94 
3871	55 
3872	44 
3873	2 
3874	42 
3875	62 
3876	28 
3877	63 
3878	2 
3879	81 
3880	29 
3881	97 
3882	53 
3883	47 
3884	56 
3885	27 
3886	13 
3887	54 
3888	20 
3889	72 
3890	2 
3891	26 
3892	77 
3893	64 
3894	73 
3895	74 
3896	16 
3897	54 
3898	68 
3899	33 
3900	74 
3901	54 
3902	88 
3903	79 
3904	88 
3905	77 
3906	57 
3907	54 
3908	11 
3909	82 
3910	37 
3911	68 
3912	13 
3913	97 
3914	25 
3915	66 
3916	32 
3917	68 
3918	22 
3919	85 
3920	77 
3921	67 
3922	28 
3923	85 
3924	26 
3925	1 
3926	13 
3927	35 
3928	20 
3929	95 
3930	62 
3931	76 
3932	69 
3933	10 
3934	22 
3935	26 
3936	45 
3937	92 
3938	97 
3939	92 
3940	81 
3941	53 
3942	92 
3943	27 
3944	31 
3945	92 
3946	84 
3947	42 
3948	62 
3949	26 
3950	50 
3951	18 
3952	71 
3953	42 
3954	35 
3955	61 
3956	94 
3957	45 
3958	68 
3959	86 
3960	18 
3961	86 
3962	20 
3963	44 
3964	94 
3965	51 
3966	99 
3967	72 
3968	69 
3969	11 
3970	27 
3971	11 
3972	40 
3973	7 
3974	57 
3975	69 
3976	88 
3977	79 
3978	82 
3979	36 
3980	81 
3981	63 
3982	69 
3983	27 
3984	3 
3985	2 
3986	9 
3987	36 
3988	52 
3989	23 
3990	37 
3991	66 
3992	42 
3993	2 
3994	84 
3995	92 
3996	73 
3997	86 
3998	42 
3999	84 
4000	8 
4001	53 
4002	75 
4003	69 
4004	54 
4005	37 
4006	83 
4007	27 
4008	56 
4009	42 
4010	24 
4011	82 
4012	10 
4013	79 
4014	54 
4015	82 
4016	41 
4017	31 
4018	92 
4019	99 
4020	3 
4021	76 
4022	18 
4023	65 
4024	32 
4025	86 
4026	42 
4027	92 
4028	54 
4029	52 
4030	7 
4031	14 
4032	44 
4033	84 
4034	90 
4035	17 
4036	2 
4037	22 
4038	87 
4039	45 
4040	11 
4041	78 
4042	76 
4043	25 
4044	67 
4045	67 
4046	74 
4047	48 
4048	82 
4049	83 
4050	77 
4051	87 
4052	50 
4053	89 
4054	62 
4055	86 
4056	7 
4057	50 
4058	69 
4059	41 
4060	85 
4061	22 
4062	61 
4063	67 
4064	70 
4065	81 
4066	29 
4067	50 
4068	38 
4069	49 
4070	79 
4071	27 
4072	42 
4073	29 
4074	10 
4075	62 
4076	47 
4077	78 
4078	95 
4079	19 
4080	69 
4081	64 
4082	92 
4083	57 
4084	65 
4085	41 
4086	34 
4087	53 
4088	28 
4089	51 
4090	61 
4091	84 
4092	18 
4093	64 
4094	99 
4095	51 
4096	26 
4097	75 
4098	17 
4099	69 
4100	50 
4101	42 
4102	42 
4103	94 
4104	76 
4105	96 
4106	54 
4107	28 
4108	41 
4109	34 
4110	99 
4111	52 
4112	42 
4113	75 
4114	69 
4115	68 
4116	16 
4117	54 
4118	92 
4119	31 
4120	69 
4121	16 
4122	95 
4123	14 
4124	7 
4125	36 
4126	73 
4127	75 
4128	94 
4129	90 
4130	88 
4131	2 
4132	78 
4133	74 
4134	71 
4135	27 
4136	13 
4137	28 
4138	7 
4139	36 
4140	42 
4141	17 
4142	88 
4143	34 
4144	57 
4145	19 
4146	44 
4147	73 
4148	93 
4149	21 
4150	3 
4151	8 
4152	54 
4153	36 
4154	68 
4155	18 
4156	15 
4157	88 
4158	87 
4159	44 
4160	42 
4161	93 
4162	28 
4163	34 
4164	57 
4165	87 
4166	37 
4167	41 
4168	28 
4169	2 
4170	89 
4171	69 
4172	5 
4173	54 
4174	12 
4175	64 
4176	45 
4177	49 
4178	86 
4179	69 
4180	16 
4181	45 
4182	68 
4183	71 
4184	89 
4185	83 
4186	69 
4187	17 
4188	81 
4189	55 
4190	94 
4191	44 
4192	36 
4193	84 
4194	52 
4195	62 
4196	45 
4197	82 
4198	17 
4199	29 
4200	92 
4201	62 
4202	76 
4203	41 
4204	31 
4205	70 
4206	45 
4207	63 
4208	34 
4209	52 
4210	72 
4211	69 
4212	56 
4213	13 
4214	28 
4215	11 
4216	76 
4217	31 
4218	39 
4219	86 
4220	17 
4221	14 
4222	78 
4223	54 
4224	49 
4225	13 
4226	76 
4227	84 
4228	26 
4229	22 
4230	47 
4231	55 
4232	99 
4233	95 
4234	1 
4235	62 
4236	72 
4237	71 
4238	69 
4239	35 
4240	94 
4241	89 
4242	28 
4243	17 
4244	41 
4245	88 
4246	99 
4247	49 
4248	33 
4249	99 
4250	94 
4251	56 
4252	27 
4253	6 
4254	20 
4255	76 
4256	53 
4257	50 
4258	67 
4259	44 
4260	2 
4261	56 
4262	64 
4263	28 
4264	61 
4265	59 
4266	41 
4267	26 
4268	27 
4269	84 
4270	71 
4271	38 
4272	17 
4273	7 
4274	34 
4275	79 
4276	53 
4277	91 
4278	17 
4279	77 
4280	45 
4281	13 
4282	39 
4283	5 
4284	16 
4285	17 
4286	68 
4287	29 
4288	14 
4289	30 
4290	63 
4291	89 
4292	60 
4293	23 
4294	45 
4295	44 
4296	56 
4297	79 
4298	80 
4299	35 
4300	49 
4301	33 
4302	77 
4303	92 
4304	44 
4305	97 
4306	54 
4307	19 
4308	64 
4309	75 
4310	2 
4311	73 
4312	84 
4313	38 
4314	27 
4315	42 
4316	19 
4317	42 
4318	77 
4319	95 
4320	69 
4321	88 
4322	52 
4323	33 
4324	5 
4325	75 
4326	29 
4327	1 
4328	28 
4329	80 
4330	16 
4331	62 
4332	94 
4333	31 
4334	81 
4335	21 
4336	69 
4337	21 
4338	98 
4339	62 
4340	78 
4341	86 
4342	11 
4343	23 
4344	75 
4345	72 
4346	81 
4347	75 
4348	84 
4349	95 
4350	35 
4351	21 
4352	92 
4353	18 
4354	26 
4355	18 
4356	11 
4357	56 
4358	86 
4359	66 
4360	5 
4361	79 
4362	10 
4363	12 
4364	50 
4365	16 
4366	69 
4367	91 
4368	22 
4369	26 
4370	90 
4371	58 
4372	55 
4373	54 
4374	31 
4375	84 
4376	62 
4377	84 
4378	83 
4379	99 
4380	44 
4381	9 
4382	78 
4383	63 
4384	14 
4385	59 
4386	2 
4387	26 
4388	70 
4389	82 
4390	84 
4391	86 
4392	71 
4393	25 
4394	77 
4395	14 
4396	69 
4397	7 
4398	60 
4399	14 
4400	70 
4401	30 
4402	39 
4403	23 
4404	26 
4405	59 
4406	24 
4407	86 
4408	18 
4409	45 
4410	80 
4411	2 
4412	25 
4413	42 
4414	26 
4415	81 
4416	74 
4417	34 
4418	27 
4419	50 
4420	68 
4421	54 
4422	30 
4423	84 
4424	78 
4425	5 
4426	64 
4427	54 
4428	46 
4429	73 
4430	52 
4431	70 
4432	62 
4433	75 
4434	31 
4435	77 
4436	4 
4437	28 
4438	28 
4439	10 
4440	22 
4441	94 
4442	29 
4443	38 
4444	71 
4445	42 
4446	62 
4447	13 
4448	41 
4449	26 
4450	83 
4451	89 
4452	57 
4453	48 
4454	27 
4455	21 
4456	78 
4457	74 
4458	57 
4459	17 
4460	17 
4461	85 
4462	13 
4463	22 
4464	31 
4465	34 
4466	11 
4467	84 
4468	40 
4469	39 
4470	97 
4471	38 
4472	12 
4473	18 
4474	89 
4475	81 
4476	26 
4477	76 
4478	57 
4479	66 
4480	54 
4481	41 
4482	47 
4483	28 
4484	76 
4485	65 
4486	74 
4487	13 
4488	24 
4489	46 
4490	58 
4491	16 
4492	38 
4493	78 
4494	95 
4495	67 
4496	34 
4497	27 
4498	71 
4499	47 
4500	75 
4501	58 
4502	38 
4503	64 
4504	27 
4505	43 
4506	72 
4507	92 
4508	88 
4509	66 
4510	1 
4511	89 
4512	81 
4513	50 
4514	34 
4515	87 
4516	81 
4517	25 
4518	9 
4519	14 
4520	91 
4521	87 
4522	61 
4523	32 
4524	2 
4525	17 
4526	49 
4527	68 
4528	49 
4529	34 
4530	98 
4531	78 
4532	86 
4533	18 
4534	63 
4535	18 
4536	71 
4537	92 
4538	72 
4539	60 
4540	66 
4541	52 
4542	84 
4543	21 
4544	14 
4545	30 
4546	86 
4547	89 
4548	14 
4549	96 
4550	67 
4551	69 
4552	13 
4553	75 
4554	27 
4555	94 
4556	71 
4557	27 
4558	77 
4559	29 
4560	98 
4561	96 
4562	70 
4563	83 
4564	45 
4565	41 
4566	97 
4567	13 
4568	30 
4569	89 
4570	12 
4571	41 
4572	40 
4573	14 
4574	11 
4575	45 
4576	22 
4577	63 
4578	34 
4579	40 
4580	8 
4581	56 
4582	96 
4583	62 
4584	51 
4585	97 
4586	39 
4587	61 
4588	84 
4589	18 
4590	13 
4591	75 
4592	25 
4593	58 
4594	61 
4595	69 
4596	50 
4597	22 
4598	1 
4599	85 
4600	7 
4601	55 
4602	28 
4603	7 
4604	56 
4605	60 
4606	19 
4607	65 
4608	65 
4609	18 
4610	33 
4611	60 
4612	78 
4613	16 
4614	50 
4615	18 
4616	68 
4617	25 
4618	34 
4619	70 
4620	2 
4621	31 
4622	2 
4623	66 
4624	93 
4625	25 
4626	39 
4627	64 
4628	62 
4629	14 
4630	65 
4631	57 
4632	26 
4633	4 
4634	29 
4635	87 
4636	4 
4637	48 
4638	51 
4639	22 
4640	39 
4641	15 
4642	62 
4643	18 
4644	67 
4645	89 
4646	26 
4647	69 
4648	76 
4649	76 
4650	28 
4651	14 
4652	17 
4653	26 
4654	78 
4655	30 
4656	57 
4657	88 
4658	85 
4659	58 
4660	68 
4661	72 
4662	34 
4663	59 
4664	90 
4665	18 
4666	17 
4667	77 
4668	87 
4669	77 
4670	94 
4671	28 
4672	1 
4673	2 
4674	42 
4675	5 
4676	31 
4677	59 
4678	87 
4679	45 
4680	57 
4681	73 
4682	40 
4683	53 
4684	25 
4685	12 
4686	42 
4687	82 
4688	24 
4689	76 
4690	85 
4691	40 
4692	66 
4693	47 
4694	76 
4695	10 
4696	5 
4697	1 
4698	36 
4699	36 
4700	82 
4701	17 
4702	66 
4703	6 
4704	23 
4705	39 
4706	85 
4707	99 
4708	59 
4709	97 
4710	32 
4711	81 
4712	70 
4713	67 
4714	83 
4715	19 
4716	83 
4717	8 
4718	71 
4719	63 
4720	64 
4721	92 
4722	57 
4723	77 
4724	11 
4725	28 
4726	46 
4727	38 
4728	77 
4729	28 
4730	63 
4731	95 
4732	61 
4733	64 
4734	17 
4735	35 
4736	66 
4737	88 
4738	66 
4739	87 
4740	66 
4741	71 
4742	12 
4743	86 
4744	34 
4745	26 
4746	14 
4747	42 
4748	41 
4749	62 
4750	25 
4751	53 
4752	82 
4753	64 
4754	40 
4755	40 
4756	20 
4757	80 
4758	29 
4759	33 
4760	77 
4761	95 
4762	95 
4763	40 
4764	86 
4765	47 
4766	46 
4767	94 
4768	18 
4769	80 
4770	80 
4771	33 
4772	28 
4773	94 
4774	71 
4775	68 
4776	46 
4777	45 
4778	1 
4779	71 
4780	8 
4781	25 
4782	14 
4783	78 
4784	2 
4785	58 
4786	48 
4787	48 
4788	95 
4789	71 
4790	19 
4791	46 
4792	28 
4793	34 
4794	28 
4795	31 
4796	54 
4797	18 
4798	76 
4799	12 
4800	18 
4801	47 
4802	95 
4803	47 
4804	28 
4805	72 
4806	69 
4807	50 
4808	27 
4809	18 
4810	33 
4811	10 
4812	17 
4813	58 
4814	33 
4815	42 
4816	39 
4817	38 
4818	65 
4819	68 
4820	28 
4821	45 
4822	39 
4823	87 
4824	59 
4825	26 
4826	13 
4827	18 
4828	53 
4829	25 
4830	41 
4831	95 
4832	31 
4833	7 
4834	60 
4835	14 
4836	42 
4837	56 
4838	84 
4839	66 
4840	29 
4841	64 
4842	32 
4843	33 
4844	66 
4845	93 
4846	47 
4847	66 
4848	76 
4849	3 
4850	18 
4851	85 
4852	54 
4853	34 
4854	40 
4855	92 
4856	85 
4857	85 
4858	94 
4859	57 
4860	49 
4861	92 
4862	12 
4863	8 
4864	41 
4865	32 
4866	18 
4867	95 
4868	25 
4869	51 
4870	69 
4871	31 
4872	97 
4873	70 
4874	17 
4875	82 
4876	85 
4877	42 
4878	87 
4879	89 
4880	56 
4881	60 
4882	34 
4883	65 
4884	51 
4885	88 
4886	12 
4887	78 
4888	51 
4889	11 
4890	71 
4891	89 
4892	9 
4893	19 
4894	36 
4895	63 
4896	92 
4897	45 
4898	24 
4899	44 
4900	59 
4901	80 
4902	28 
4903	42 
4904	8 
4905	43 
4906	96 
4907	85 
4908	84 
4909	80 
4910	31 
4911	83 
4912	83 
4913	79 
4914	26 
4915	5 
4916	44 
4917	11 
4918	27 
4919	39 
4920	46 
4921	22 
4922	91 
4923	81 
4924	75 
4925	59 
4926	30 
4927	64 
4928	31 
4929	82 
4930	85 
4931	29 
4932	86 
4933	17 
4934	98 
4935	7 
4936	83 
4937	60 
4938	12 
4939	83 
4940	46 
4941	76 
4942	24 
4943	32 
4944	22 
4945	14 
4946	1 
4947	34 
4948	69 
4949	41 
4950	71 
4951	58 
4952	99 
4953	3 
4954	58 
4955	77 
4956	54 
4957	92 
4958	29 
4959	69 
4960	95 
4961	77 
4962	38 
4963	41 
4964	54 
4965	65 
4966	88 
4967	2 
4968	42 
4969	4 
4970	98 
4971	87 
4972	45 
4973	69 
4974	26 
4975	22 
4976	49 
4977	12 
4978	83 
4979	82 
4980	29 
4981	70 
4982	7 
4983	19 
4984	71 
4985	57 
4986	12 
4987	51 
4988	41 
4989	14 
4990	23 
4991	30 
4992	41 
4993	59 
4994	60 
4995	65 
4996	92 
4997	66 
4998	65 
4999	5 
5000	55 
