1	72 
2	48 
3	83 
4	38 
5	41 
6	46 
7	68 
8	22 
9	89 
10	61 
11	81 
12	91 
13	58 
14	22 
15	69 
16	88 
17	24 
18	83 
19	54 
20	62 
21	51 
22	63 
23	51 
24	36 
25	74 
26	29 
27	41 
28	18 
29	38 
30	41 
31	75 
32	76 
33	81 
34	58 
35	74 
36	22 
37	66 
38	84 
39	68 
40	101 
41	79 
42	55 
43	6 
44	60 
45	46 
46	62 
47	46 
48	90 
49	12 
50	19 
51	64 
52	21 
53	72 
54	56 
55	11 
56	24 
57	79 
58	2 
59	5 
60	36 
61	78 
62	12 
63	37 
64	45 
65	54 
66	85 
67	21 
68	100 
69	28 
70	76 
71	100 
72	89 
73	34 
74	25 
75	20 
76	55 
77	55 
78	46 
79	8 
80	41 
81	74 
82	76 
83	26 
84	91 
85	71 
86	68 
87	48 
88	83 
89	16 
90	76 
91	51 
92	84 
93	13 
94	22 
95	67 
96	77 
97	34 
98	20 
99	53 
100	39 
101	70 
102	31 
103	2 
104	34 
105	25 
106	33 
107	91 
108	63 
109	84 
110	53 
111	78 
112	28 
113	65 
114	81 
115	92 
116	75 
117	54 
118	93 
119	86 
120	58 
121	20 
122	101 
123	94 
124	40 
125	42 
126	21 
127	20 
128	57 
129	20 
130	1 
131	65 
132	12 
133	95 
134	24 
135	57 
136	10 
137	66 
138	70 
139	26 
140	33 
141	98 
142	85 
143	96 
144	30 
145	57 
146	85 
147	46 
148	61 
149	68 
150	66 
151	3 
152	2 
153	59 
154	82 
155	51 
156	61 
157	58 
158	39 
159	12 
160	74 
161	50 
162	26 
163	35 
164	95 
165	60 
166	101 
167	51 
168	5 
169	10 
170	6 
171	48 
172	81 
173	5 
174	29 
175	13 
176	90 
177	100 
178	81 
179	80 
180	19 
181	9 
182	17 
183	18 
184	36 
185	82 
186	18 
187	22 
188	1 
189	75 
190	46 
191	85 
192	87 
193	40 
194	86 
195	29 
196	101 
197	12 
198	76 
199	82 
200	88 
201	47 
202	74 
203	99 
204	91 
205	95 
206	77 
207	8 
208	74 
209	20 
210	46 
211	35 
212	34 
213	86 
214	42 
215	54 
216	80 
217	58 
218	70 
219	20 
220	94 
221	56 
222	74 
223	43 
224	3 
225	55 
226	34 
227	69 
228	21 
229	75 
230	36 
231	10 
232	79 
233	77 
234	90 
235	101 
236	60 
237	60 
238	2 
239	99 
240	49 
241	75 
242	51 
243	77 
244	18 
245	10 
246	90 
247	35 
248	101 
249	70 
250	75 
251	33 
252	28 
253	11 
254	25 
255	25 
256	70 
257	54 
258	73 
259	46 
260	55 
261	51 
262	75 
263	71 
264	12 
265	90 
266	46 
267	10 
268	16 
269	70 
270	45 
271	42 
272	19 
273	62 
274	57 
275	30 
276	58 
277	24 
278	75 
279	70 
280	21 
281	23 
282	2 
283	45 
284	44 
285	101 
286	6 
287	16 
288	51 
289	22 
290	93 
291	36 
292	13 
293	51 
294	9 
295	75 
296	22 
297	84 
298	92 
299	20 
300	72 
301	90 
302	46 
303	46 
304	71 
305	20 
306	76 
307	20 
308	41 
309	81 
310	60 
311	30 
312	100 
313	14 
314	28 
315	58 
316	34 
317	22 
318	36 
319	9 
320	95 
321	40 
322	20 
323	80 
324	21 
325	53 
326	4 
327	20 
328	29 
329	16 
330	57 
331	57 
332	63 
333	41 
334	81 
335	79 
336	32 
337	22 
338	27 
339	88 
340	58 
341	64 
342	66 
343	16 
344	59 
345	97 
346	19 
347	59 
348	74 
349	1 
350	72 
351	88 
352	63 
353	30 
354	30 
355	77 
356	91 
357	95 
358	31 
359	74 
360	94 
361	7 
362	95 
363	13 
364	30 
365	45 
366	8 
367	74 
368	75 
369	36 
370	35 
371	78 
372	8 
373	81 
374	85 
375	94 
376	75 
377	54 
378	100 
379	74 
380	76 
381	28 
382	91 
383	84 
384	29 
385	83 
386	12 
387	23 
388	22 
389	74 
390	70 
391	36 
392	34 
393	58 
394	3 
395	39 
396	86 
397	46 
398	57 
399	51 
400	101 
401	90 
402	17 
403	36 
404	29 
405	46 
406	3 
407	2 
408	6 
409	74 
410	56 
411	53 
412	39 
413	22 
414	12 
415	79 
416	88 
417	21 
418	17 
419	23 
420	101 
421	49 
422	10 
423	38 
424	68 
425	50 
426	69 
427	79 
428	90 
429	67 
430	70 
431	30 
432	46 
433	85 
434	76 
435	6 
436	66 
437	56 
438	100 
439	72 
440	79 
441	95 
442	9 
443	66 
444	21 
445	80 
446	12 
447	21 
448	77 
449	38 
450	45 
451	101 
452	52 
453	29 
454	21 
455	31 
456	86 
457	86 
458	4 
459	101 
460	92 
461	63 
462	30 
463	85 
464	79 
465	57 
466	71 
467	64 
468	63 
469	29 
470	41 
471	81 
472	22 
473	95 
474	50 
475	76 
476	38 
477	34 
478	6 
479	92 
480	60 
481	15 
482	98 
483	47 
484	91 
485	42 
486	91 
487	48 
488	59 
489	86 
490	96 
491	6 
492	15 
493	88 
494	70 
495	93 
496	45 
497	75 
498	101 
499	59 
500	64 
501	76 
502	42 
503	79 
504	66 
505	25 
506	11 
507	7 
508	25 
509	4 
510	19 
511	55 
512	81 
513	19 
514	19 
515	17 
516	49 
517	70 
518	31 
519	29 
520	74 
521	74 
522	68 
523	64 
524	33 
525	73 
526	91 
527	46 
528	56 
529	7 
530	101 
531	78 
532	90 
533	60 
534	74 
535	84 
536	17 
537	22 
538	29 
539	6 
540	75 
541	81 
542	53 
543	48 
544	70 
545	15 
546	48 
547	74 
548	66 
549	87 
550	16 
551	51 
552	79 
553	53 
554	34 
555	21 
556	94 
557	76 
558	25 
559	6 
560	75 
561	53 
562	12 
563	79 
564	77 
565	81 
566	17 
567	19 
568	77 
569	84 
570	34 
571	55 
572	43 
573	51 
574	50 
575	22 
576	72 
577	21 
578	79 
579	32 
580	1 
581	87 
582	34 
583	46 
584	62 
585	38 
586	3 
587	49 
588	24 
589	12 
590	100 
591	56 
592	81 
593	53 
594	12 
595	58 
596	91 
597	19 
598	60 
599	77 
600	97 
601	24 
602	60 
603	76 
604	101 
605	89 
606	46 
607	59 
608	30 
609	75 
610	82 
611	88 
612	2 
613	20 
614	29 
615	76 
616	41 
617	74 
618	45 
619	84 
620	66 
621	84 
622	19 
623	86 
624	77 
625	82 
626	31 
627	96 
628	92 
629	66 
630	9 
631	22 
632	58 
633	100 
634	100 
635	74 
636	57 
637	66 
638	79 
639	83 
640	29 
641	59 
642	22 
643	9 
644	22 
645	47 
646	6 
647	72 
648	74 
649	5 
650	55 
651	17 
652	53 
653	46 
654	72 
655	6 
656	79 
657	18 
658	99 
659	54 
660	44 
661	68 
662	23 
663	90 
664	25 
665	15 
666	40 
667	46 
668	13 
669	68 
670	68 
671	39 
672	52 
673	12 
674	69 
675	91 
676	81 
677	45 
678	59 
679	82 
680	7 
681	98 
682	8 
683	75 
684	98 
685	74 
686	45 
687	71 
688	92 
689	57 
690	83 
691	76 
692	60 
693	76 
694	85 
695	36 
696	6 
697	21 
698	69 
699	23 
700	74 
701	51 
702	45 
703	12 
704	86 
705	57 
706	2 
707	28 
708	40 
709	9 
710	5 
711	75 
712	45 
713	36 
714	29 
715	83 
716	93 
717	9 
718	89 
719	66 
720	88 
721	5 
722	34 
723	3 
724	35 
725	24 
726	91 
727	30 
728	88 
729	70 
730	28 
731	83 
732	6 
733	85 
734	48 
735	79 
736	57 
737	12 
738	77 
739	66 
740	32 
741	58 
742	23 
743	99 
744	20 
745	90 
746	21 
747	99 
748	92 
749	66 
750	45 
751	28 
752	17 
753	55 
754	51 
755	81 
756	38 
757	5 
758	72 
759	16 
760	50 
761	54 
762	101 
763	33 
764	69 
765	45 
766	90 
767	29 
768	6 
769	82 
770	21 
771	51 
772	10 
773	96 
774	70 
775	11 
776	53 
777	56 
778	62 
779	77 
780	58 
781	95 
782	70 
783	66 
784	70 
785	38 
786	85 
787	30 
788	77 
789	41 
790	90 
791	87 
792	87 
793	94 
794	101 
795	100 
796	20 
797	29 
798	42 
799	68 
800	101 
801	72 
802	83 
803	77 
804	77 
805	75 
806	15 
807	9 
808	12 
809	74 
810	59 
811	54 
812	78 
813	95 
814	100 
815	79 
816	99 
817	100 
818	100 
819	19 
820	98 
821	97 
822	79 
823	54 
824	17 
825	94 
826	75 
827	37 
828	54 
829	46 
830	48 
831	57 
832	22 
833	79 
834	76 
835	21 
836	48 
837	64 
838	3 
839	72 
840	11 
841	21 
842	75 
843	101 
844	7 
845	13 
846	76 
847	81 
848	60 
849	59 
850	22 
851	83 
852	68 
853	19 
854	46 
855	63 
856	82 
857	8 
858	77 
859	83 
860	101 
861	55 
862	33 
863	34 
864	78 
865	74 
866	84 
867	41 
868	22 
869	71 
870	79 
871	62 
872	34 
873	98 
874	29 
875	38 
876	36 
877	69 
878	51 
879	55 
880	44 
881	73 
882	38 
883	85 
884	44 
885	66 
886	93 
887	95 
888	84 
889	21 
890	76 
891	14 
892	99 
893	56 
894	55 
895	7 
896	81 
897	85 
898	57 
899	39 
900	6 
901	2 
902	24 
903	46 
904	78 
905	24 
906	86 
907	51 
908	19 
909	24 
910	2 
911	86 
912	6 
913	88 
914	79 
915	71 
916	90 
917	3 
918	31 
919	70 
920	1 
921	57 
922	76 
923	14 
924	59 
925	66 
926	95 
927	42 
928	24 
929	12 
930	19 
931	60 
932	82 
933	50 
934	90 
935	34 
936	94 
937	36 
938	96 
939	70 
940	94 
941	8 
942	63 
943	71 
944	21 
945	41 
946	9 
947	79 
948	74 
949	44 
950	35 
951	31 
952	66 
953	80 
954	1 
955	92 
956	20 
957	48 
958	34 
959	59 
960	35 
961	59 
962	80 
963	38 
964	64 
965	59 
966	83 
967	1 
968	36 
969	100 
970	3 
971	58 
972	40 
973	36 
974	75 
975	38 
976	47 
977	46 
978	24 
979	9 
980	96 
981	5 
982	17 
983	69 
984	36 
985	90 
986	82 
987	13 
988	92 
989	81 
990	90 
991	28 
992	44 
993	46 
994	57 
995	96 
996	28 
997	29 
998	97 
999	53 
1000	77 
1001	42 
1002	73 
1003	94 
1004	63 
1005	14 
1006	22 
1007	67 
1008	61 
1009	91 
1010	30 
1011	58 
1012	44 
1013	79 
1014	70 
1015	71 
1016	65 
1017	87 
1018	80 
1019	55 
1020	22 
1021	66 
1022	21 
1023	53 
1024	21 
1025	17 
1026	73 
1027	61 
1028	57 
1029	19 
1030	73 
1031	51 
1032	70 
1033	73 
1034	28 
1035	58 
1036	29 
1037	16 
1038	6 
1039	84 
1040	86 
1041	91 
1042	77 
1043	45 
1044	36 
1045	81 
1046	62 
1047	95 
1048	29 
1049	6 
1050	18 
1051	53 
1052	44 
1053	77 
1054	5 
1055	23 
1056	22 
1057	4 
1058	68 
1059	41 
1060	76 
1061	81 
1062	54 
1063	41 
1064	12 
1065	52 
1066	82 
1067	44 
1068	89 
1069	27 
1070	85 
1071	28 
1072	37 
1073	94 
1074	40 
1075	80 
1076	66 
1077	75 
1078	100 
1079	46 
1080	77 
1081	67 
1082	90 
1083	29 
1084	8 
1085	29 
1086	98 
1087	31 
1088	85 
1089	101 
1090	46 
1091	46 
1092	17 
1093	66 
1094	74 
1095	6 
1096	66 
1097	101 
1098	46 
1099	86 
1100	100 
1101	22 
1102	78 
1103	42 
1104	53 
1105	28 
1106	42 
1107	46 
1108	9 
1109	40 
1110	86 
1111	22 
1112	63 
1113	6 
1114	2 
1115	36 
1116	95 
1117	77 
1118	84 
1119	70 
1120	26 
1121	62 
1122	58 
1123	19 
1124	26 
1125	64 
1126	84 
1127	94 
1128	92 
1129	87 
1130	36 
1131	12 
1132	67 
1133	90 
1134	99 
1135	90 
1136	79 
1137	12 
1138	39 
1139	52 
1140	100 
1141	81 
1142	91 
1143	5 
1144	85 
1145	2 
1146	46 
1147	73 
1148	60 
1149	97 
1150	56 
1151	96 
1152	65 
1153	57 
1154	59 
1155	48 
1156	70 
1157	66 
1158	70 
1159	8 
1160	47 
1161	63 
1162	34 
1163	22 
1164	74 
1165	25 
1166	57 
1167	10 
1168	82 
1169	54 
1170	28 
1171	49 
1172	77 
1173	68 
1174	66 
1175	62 
1176	43 
1177	79 
1178	94 
1179	91 
1180	54 
1181	38 
1182	100 
1183	13 
1184	57 
1185	29 
1186	40 
1187	3 
1188	79 
1189	91 
1190	42 
1191	86 
1192	70 
1193	45 
1194	84 
1195	95 
1196	66 
1197	74 
1198	97 
1199	57 
1200	42 
1201	47 
1202	36 
1203	93 
1204	45 
1205	51 
1206	46 
1207	9 
1208	80 
1209	79 
1210	101 
1211	28 
1212	36 
1213	82 
1214	21 
1215	76 
1216	10 
1217	30 
1218	2 
1219	17 
1220	77 
1221	88 
1222	41 
1223	49 
1224	100 
1225	28 
1226	69 
1227	58 
1228	100 
1229	34 
1230	6 
1231	5 
1232	91 
1233	36 
1234	44 
1235	72 
1236	28 
1237	52 
1238	97 
1239	69 
1240	51 
1241	94 
1242	41 
1243	84 
1244	93 
1245	76 
1246	83 
1247	57 
1248	49 
1249	43 
1250	56 
1251	63 
1252	99 
1253	34 
1254	51 
1255	72 
1256	46 
1257	13 
1258	17 
1259	82 
1260	59 
1261	97 
1262	34 
1263	93 
1264	72 
1265	2 
1266	9 
1267	86 
1268	100 
1269	46 
1270	40 
1271	10 
1272	78 
1273	86 
1274	37 
1275	1 
1276	32 
1277	46 
1278	87 
1279	79 
1280	53 
1281	34 
1282	17 
1283	76 
1284	98 
1285	75 
1286	79 
1287	51 
1288	100 
1289	99 
1290	82 
1291	21 
1292	90 
1293	74 
1294	95 
1295	58 
1296	92 
1297	57 
1298	6 
1299	32 
1300	81 
1301	9 
1302	72 
1303	90 
1304	24 
1305	96 
1306	97 
1307	66 
1308	54 
1309	101 
1310	44 
1311	36 
1312	80 
1313	53 
1314	92 
1315	63 
1316	51 
1317	2 
1318	52 
1319	28 
1320	77 
1321	91 
1322	70 
1323	49 
1324	29 
1325	5 
1326	54 
1327	77 
1328	82 
1329	45 
1330	48 
1331	79 
1332	43 
1333	62 
1334	100 
1335	85 
1336	36 
1337	48 
1338	74 
1339	99 
1340	23 
1341	96 
1342	17 
1343	60 
1344	1 
1345	36 
1346	94 
1347	36 
1348	64 
1349	94 
1350	26 
1351	77 
1352	80 
1353	45 
1354	76 
1355	32 
1356	10 
1357	67 
1358	80 
1359	21 
1360	76 
1361	41 
1362	38 
1363	75 
1364	77 
1365	29 
1366	19 
1367	1 
1368	69 
1369	97 
1370	57 
1371	52 
1372	69 
1373	77 
1374	22 
1375	30 
1376	65 
1377	16 
1378	79 
1379	94 
1380	52 
1381	45 
1382	34 
1383	38 
1384	78 
1385	13 
1386	78 
1387	78 
1388	74 
1389	64 
1390	54 
1391	79 
1392	20 
1393	27 
1394	98 
1395	91 
1396	76 
1397	18 
1398	29 
1399	90 
1400	30 
1401	13 
1402	99 
1403	75 
1404	81 
1405	54 
1406	92 
1407	91 
1408	61 
1409	59 
1410	88 
1411	3 
1412	53 
1413	54 
1414	75 
1415	98 
1416	5 
1417	47 
1418	4 
1419	62 
1420	77 
1421	60 
1422	21 
1423	56 
1424	54 
1425	97 
1426	51 
1427	37 
1428	29 
1429	33 
1430	24 
1431	58 
1432	81 
1433	92 
1434	12 
1435	60 
1436	55 
1437	44 
1438	73 
1439	100 
1440	83 
1441	29 
1442	90 
1443	46 
1444	66 
1445	43 
1446	17 
1447	90 
1448	14 
1449	40 
1450	21 
1451	4 
1452	40 
1453	14 
1454	81 
1455	71 
1456	42 
1457	84 
1458	72 
1459	90 
1460	61 
1461	35 
1462	69 
1463	18 
1464	71 
1465	66 
1466	59 
1467	49 
1468	69 
1469	21 
1470	100 
1471	5 
1472	99 
1473	36 
1474	75 
1475	64 
1476	56 
1477	60 
1478	101 
1479	62 
1480	18 
1481	68 
1482	79 
1483	86 
1484	66 
1485	44 
1486	20 
1487	92 
1488	76 
1489	76 
1490	41 
1491	42 
1492	100 
1493	45 
1494	51 
1495	101 
1496	57 
1497	41 
1498	22 
1499	101 
1500	69 
1501	42 
1502	30 
1503	41 
1504	50 
1505	38 
1506	57 
1507	88 
1508	71 
1509	42 
1510	88 
1511	100 
1512	12 
1513	46 
1514	49 
1515	74 
1516	74 
1517	81 
1518	21 
1519	79 
1520	81 
1521	29 
1522	70 
1523	37 
1524	30 
1525	3 
1526	64 
1527	42 
1528	35 
1529	51 
1530	2 
1531	16 
1532	30 
1533	87 
1534	56 
1535	93 
1536	13 
1537	79 
1538	21 
1539	53 
1540	80 
1541	58 
1542	58 
1543	45 
1544	18 
1545	50 
1546	74 
1547	62 
1548	44 
1549	17 
1550	69 
1551	68 
1552	99 
1553	10 
1554	41 
1555	10 
1556	39 
1557	20 
1558	45 
1559	77 
1560	2 
1561	84 
1562	48 
1563	61 
1564	36 
1565	41 
1566	38 
1567	30 
1568	77 
1569	91 
1570	23 
1571	65 
1572	27 
1573	50 
1574	20 
1575	1 
1576	96 
1577	33 
1578	29 
1579	82 
1580	7 
1581	90 
1582	70 
1583	46 
1584	49 
1585	23 
1586	63 
1587	36 
1588	77 
1589	38 
1590	95 
1591	52 
1592	74 
1593	46 
1594	91 
1595	74 
1596	88 
1597	38 
1598	101 
1599	34 
1600	24 
1601	39 
1602	81 
1603	8 
1604	46 
1605	70 
1606	41 
1607	36 
1608	12 
1609	19 
1610	86 
1611	51 
1612	70 
1613	58 
1614	37 
1615	53 
1616	68 
1617	89 
1618	3 
1619	80 
1620	55 
1621	69 
1622	77 
1623	76 
1624	36 
1625	55 
1626	74 
1627	2 
1628	68 
1629	76 
1630	70 
1631	36 
1632	77 
1633	76 
1634	79 
1635	51 
1636	12 
1637	12 
1638	57 
1639	66 
1640	45 
1641	20 
1642	40 
1643	50 
1644	45 
1645	75 
1646	21 
1647	77 
1648	24 
1649	31 
1650	66 
1651	60 
1652	59 
1653	29 
1654	55 
1655	74 
1656	77 
1657	81 
1658	67 
1659	31 
1660	49 
1661	98 
1662	76 
1663	70 
1664	3 
1665	33 
1666	70 
1667	74 
1668	61 
1669	12 
1670	34 
1671	88 
1672	57 
1673	79 
1674	82 
1675	55 
1676	38 
1677	76 
1678	60 
1679	46 
1680	41 
1681	34 
1682	90 
1683	76 
1684	18 
1685	17 
1686	12 
1687	6 
1688	76 
1689	42 
1690	81 
1691	86 
1692	57 
1693	36 
1694	22 
1695	68 
1696	81 
1697	69 
1698	84 
1699	37 
1700	6 
1701	95 
1702	71 
1703	2 
1704	57 
1705	21 
1706	22 
1707	77 
1708	64 
1709	62 
1710	57 
1711	44 
1712	72 
1713	20 
1714	49 
1715	58 
1716	34 
1717	47 
1718	33 
1719	44 
1720	46 
1721	28 
1722	45 
1723	58 
1724	21 
1725	7 
1726	28 
1727	41 
1728	86 
1729	29 
1730	20 
1731	89 
1732	79 
1733	12 
1734	100 
1735	84 
1736	95 
1737	9 
1738	27 
1739	10 
1740	31 
1741	54 
1742	58 
1743	68 
1744	57 
1745	90 
1746	33 
1747	66 
1748	88 
1749	63 
1750	51 
1751	71 
1752	22 
1753	92 
1754	4 
1755	86 
1756	22 
1757	77 
1758	6 
1759	8 
1760	42 
1761	81 
1762	7 
1763	86 
1764	16 
1765	69 
1766	57 
1767	52 
1768	2 
1769	96 
1770	6 
1771	97 
1772	2 
1773	5 
1774	38 
1775	48 
1776	8 
1777	76 
1778	27 
1779	26 
1780	79 
1781	68 
1782	65 
1783	91 
1784	28 
1785	95 
1786	72 
1787	48 
1788	19 
1789	81 
1790	97 
1791	46 
1792	91 
1793	51 
1794	12 
1795	15 
1796	69 
1797	75 
1798	54 
1799	36 
1800	66 
1801	4 
1802	54 
1803	6 
1804	92 
1805	7 
1806	7 
1807	77 
1808	12 
1809	66 
1810	35 
1811	24 
1812	41 
1813	64 
1814	92 
1815	29 
1816	33 
1817	60 
1818	48 
1819	78 
1820	48 
1821	65 
1822	4 
1823	6 
1824	98 
1825	82 
1826	38 
1827	29 
1828	57 
1829	76 
1830	21 
1831	90 
1832	76 
1833	54 
1834	74 
1835	45 
1836	80 
1837	79 
1838	54 
1839	77 
1840	82 
1841	69 
1842	93 
1843	26 
1844	28 
1845	32 
1846	78 
1847	62 
1848	57 
1849	8 
1850	76 
1851	63 
1852	91 
1853	90 
1854	58 
1855	72 
1856	95 
1857	55 
1858	79 
1859	39 
1860	79 
1861	90 
1862	46 
1863	46 
1864	41 
1865	17 
1866	73 
1867	88 
1868	36 
1869	22 
1870	90 
1871	11 
1872	49 
1873	47 
1874	91 
1875	75 
1876	67 
1877	48 
1878	65 
1879	100 
1880	56 
1881	90 
1882	37 
1883	90 
1884	38 
1885	65 
1886	22 
1887	77 
1888	19 
1889	97 
1890	92 
1891	94 
1892	38 
1893	77 
1894	101 
1895	34 
1896	57 
1897	62 
1898	28 
1899	12 
1900	20 
1901	74 
1902	10 
1903	70 
1904	69 
1905	72 
1906	97 
1907	86 
1908	99 
1909	64 
1910	46 
1911	22 
1912	68 
1913	6 
1914	65 
1915	16 
1916	18 
1917	52 
1918	94 
1919	96 
1920	77 
1921	58 
1922	67 
1923	54 
1924	97 
1925	46 
1926	94 
1927	63 
1928	28 
1929	22 
1930	1 
1931	42 
1932	39 
1933	26 
1934	22 
1935	47 
1936	42 
1937	90 
1938	13 
1939	21 
1940	101 
1941	51 
1942	13 
1943	75 
1944	100 
1945	54 
1946	98 
1947	20 
1948	65 
1949	51 
1950	39 
1951	86 
1952	60 
1953	66 
1954	22 
1955	14 
1956	3 
1957	31 
1958	47 
1959	22 
1960	100 
1961	68 
1962	48 
1963	26 
1964	57 
1965	7 
1966	31 
1967	33 
1968	66 
1969	35 
1970	66 
1971	84 
1972	41 
1973	39 
1974	66 
1975	39 
1976	66 
1977	77 
1978	28 
1979	82 
1980	43 
1981	45 
1982	76 
1983	29 
1984	17 
1985	81 
1986	5 
1987	98 
1988	74 
1989	11 
1990	29 
1991	27 
1992	77 
1993	66 
1994	68 
1995	13 
1996	83 
1997	16 
1998	30 
1999	101 
2000	62 
2001	38 
2002	95 
2003	10 
2004	21 
2005	99 
2006	80 
2007	72 
2008	17 
2009	90 
2010	7 
2011	45 
2012	5 
2013	39 
2014	100 
2015	74 
2016	1 
2017	50 
2018	12 
2019	76 
2020	21 
2021	100 
2022	11 
2023	51 
2024	15 
2025	76 
2026	72 
2027	66 
2028	53 
2029	86 
2030	61 
2031	60 
2032	62 
2033	77 
2034	13 
2035	51 
2036	85 
2037	42 
2038	101 
2039	90 
2040	69 
2041	97 
2042	83 
2043	75 
2044	29 
2045	10 
2046	90 
2047	33 
2048	60 
2049	97 
2050	51 
2051	25 
2052	26 
2053	67 
2054	78 
2055	51 
2056	30 
2057	69 
2058	31 
2059	63 
2060	99 
2061	19 
2062	55 
2063	15 
2064	22 
2065	29 
2066	90 
2067	74 
2068	41 
2069	2 
2070	101 
2071	10 
2072	36 
2073	74 
2074	54 
2075	89 
2076	81 
2077	87 
2078	37 
2079	44 
2080	44 
2081	48 
2082	12 
2083	34 
2084	47 
2085	86 
2086	17 
2087	32 
2088	28 
2089	77 
2090	86 
2091	44 
2092	95 
2093	9 
2094	92 
2095	92 
2096	29 
2097	71 
2098	89 
2099	68 
2100	56 
2101	41 
2102	30 
2103	12 
2104	30 
2105	97 
2106	94 
2107	82 
2108	77 
2109	22 
2110	54 
2111	42 
2112	39 
2113	91 
2114	85 
2115	27 
2116	2 
2117	15 
2118	58 
2119	64 
2120	3 
2121	66 
2122	8 
2123	68 
2124	90 
2125	100 
2126	57 
2127	53 
2128	51 
2129	72 
2130	34 
2131	36 
2132	79 
2133	5 
2134	20 
2135	91 
2136	41 
2137	22 
2138	75 
2139	5 
2140	41 
2141	12 
2142	31 
2143	66 
2144	53 
2145	100 
2146	70 
2147	41 
2148	100 
2149	5 
2150	58 
2151	58 
2152	1 
2153	50 
2154	1 
2155	68 
2156	90 
2157	89 
2158	95 
2159	54 
2160	71 
2161	12 
2162	42 
2163	11 
2164	43 
2165	64 
2166	44 
2167	42 
2168	96 
2169	39 
2170	42 
2171	52 
2172	66 
2173	41 
2174	60 
2175	69 
2176	61 
2177	98 
2178	41 
2179	77 
2180	29 
2181	46 
2182	57 
2183	92 
2184	87 
2185	81 
2186	22 
2187	61 
2188	72 
2189	48 
2190	85 
2191	5 
2192	28 
2193	7 
2194	69 
2195	74 
2196	82 
2197	60 
2198	14 
2199	6 
2200	58 
2201	100 
2202	12 
2203	4 
2204	43 
2205	45 
2206	78 
2207	36 
2208	8 
2209	51 
2210	70 
2211	6 
2212	41 
2213	58 
2214	60 
2215	66 
2216	73 
2217	8 
2218	42 
2219	65 
2220	21 
2221	51 
2222	53 
2223	54 
2224	82 
2225	83 
2226	78 
2227	49 
2228	3 
2229	19 
2230	54 
2231	70 
2232	12 
2233	28 
2234	38 
2235	3 
2236	19 
2237	81 
2238	88 
2239	57 
2240	5 
2241	46 
2242	66 
2243	34 
2244	63 
2245	92 
2246	45 
2247	96 
2248	1 
2249	47 
2250	57 
2251	93 
2252	69 
2253	67 
2254	51 
2255	15 
2256	75 
2257	63 
2258	54 
2259	31 
2260	3 
2261	69 
2262	75 
2263	7 
2264	67 
2265	79 
2266	37 
2267	68 
2268	62 
2269	82 
2270	34 
2271	16 
2272	19 
2273	58 
2274	63 
2275	12 
2276	83 
2277	65 
2278	57 
2279	72 
2280	15 
2281	60 
2282	67 
2283	10 
2284	66 
2285	53 
2286	41 
2287	41 
2288	33 
2289	82 
2290	83 
2291	81 
2292	77 
2293	9 
2294	64 
2295	55 
2296	73 
2297	98 
2298	83 
2299	9 
2300	53 
2301	9 
2302	77 
2303	55 
2304	86 
2305	74 
2306	35 
2307	76 
2308	75 
2309	85 
2310	54 
2311	24 
2312	36 
2313	53 
2314	51 
2315	48 
2316	31 
2317	36 
2318	26 
2319	85 
2320	50 
2321	75 
2322	17 
2323	54 
2324	53 
2325	90 
2326	59 
2327	28 
2328	19 
2329	58 
2330	17 
2331	91 
2332	9 
2333	13 
2334	69 
2335	44 
2336	45 
2337	26 
2338	18 
2339	10 
2340	94 
2341	91 
2342	74 
2343	42 
2344	94 
2345	91 
2346	28 
2347	70 
2348	51 
2349	97 
2350	74 
2351	17 
2352	40 
2353	38 
2354	17 
2355	17 
2356	55 
2357	82 
2358	17 
2359	68 
2360	83 
2361	85 
2362	24 
2363	19 
2364	76 
2365	101 
2366	17 
2367	79 
2368	75 
2369	69 
2370	61 
2371	78 
2372	18 
2373	55 
2374	22 
2375	58 
2376	70 
2377	92 
2378	45 
2379	21 
2380	76 
2381	82 
2382	40 
2383	75 
2384	12 
2385	11 
2386	10 
2387	75 
2388	97 
2389	70 
2390	77 
2391	36 
2392	46 
2393	42 
2394	46 
2395	44 
2396	90 
2397	76 
2398	90 
2399	29 
2400	11 
2401	100 
2402	79 
2403	10 
2404	37 
2405	22 
2406	12 
2407	90 
2408	43 
2409	81 
2410	34 
2411	79 
2412	44 
2413	99 
2414	75 
2415	46 
2416	70 
2417	93 
2418	50 
2419	8 
2420	58 
2421	19 
2422	49 
2423	27 
2424	38 
2425	22 
2426	26 
2427	75 
2428	40 
2429	59 
2430	54 
2431	63 
2432	6 
2433	93 
2434	18 
2435	2 
2436	4 
2437	100 
2438	101 
2439	51 
2440	28 
2441	42 
2442	7 
2443	86 
2444	68 
2445	17 
2446	84 
2447	84 
2448	84 
2449	32 
2450	20 
2451	95 
2452	5 
2453	41 
2454	80 
2455	81 
2456	73 
2457	96 
2458	41 
2459	81 
2460	43 
2461	97 
2462	7 
2463	47 
2464	58 
2465	2 
2466	78 
2467	12 
2468	52 
2469	14 
2470	98 
2471	41 
2472	70 
2473	46 
2474	15 
2475	81 
2476	23 
2477	90 
2478	75 
2479	58 
2480	5 
2481	82 
2482	30 
2483	56 
2484	12 
2485	27 
2486	35 
2487	98 
2488	22 
2489	31 
2490	75 
2491	62 
2492	54 
2493	46 
2494	51 
2495	76 
2496	70 
2497	20 
2498	75 
2499	49 
2500	45 
2501	6 
2502	12 
2503	69 
2504	94 
2505	39 
2506	4 
2507	52 
2508	71 
2509	60 
2510	71 
2511	48 
2512	8 
2513	27 
2514	100 
2515	74 
2516	25 
2517	26 
2518	38 
2519	85 
2520	79 
2521	13 
2522	81 
2523	71 
2524	81 
2525	79 
2526	2 
2527	67 
2528	51 
2529	77 
2530	81 
2531	48 
2532	1 
2533	50 
2534	9 
2535	42 
2536	60 
2537	28 
2538	77 
2539	58 
2540	58 
2541	14 
2542	34 
2543	3 
2544	42 
2545	76 
2546	19 
2547	44 
2548	22 
2549	78 
2550	9 
2551	67 
2552	18 
2553	66 
2554	72 
2555	14 
2556	75 
2557	15 
2558	96 
2559	99 
2560	70 
2561	69 
2562	67 
2563	79 
2564	41 
2565	21 
2566	12 
2567	46 
2568	67 
2569	90 
2570	45 
2571	58 
2572	58 
2573	88 
2574	29 
2575	81 
2576	63 
2577	54 
2578	12 
2579	58 
2580	23 
2581	75 
2582	4 
2583	59 
2584	92 
2585	34 
2586	40 
2587	79 
2588	74 
2589	5 
2590	72 
2591	31 
2592	46 
2593	2 
2594	92 
2595	41 
2596	100 
2597	77 
2598	69 
2599	69 
2600	4 
2601	44 
2602	66 
2603	94 
2604	51 
2605	77 
2606	47 
2607	74 
2608	27 
2609	48 
2610	81 
2611	25 
2612	1 
2613	75 
2614	24 
2615	74 
2616	101 
2617	101 
2618	74 
2619	84 
2620	51 
2621	24 
2622	26 
2623	81 
2624	69 
2625	88 
2626	41 
2627	48 
2628	28 
2629	82 
2630	46 
2631	67 
2632	97 
2633	22 
2634	21 
2635	69 
2636	47 
2637	33 
2638	60 
2639	82 
2640	91 
2641	51 
2642	34 
2643	52 
2644	50 
2645	89 
2646	41 
2647	66 
2648	39 
2649	77 
2650	79 
2651	50 
2652	82 
2653	58 
2654	29 
2655	53 
2656	58 
2657	100 
2658	96 
2659	55 
2660	68 
2661	86 
2662	94 
2663	22 
2664	71 
2665	74 
2666	22 
2667	26 
2668	34 
2669	91 
2670	32 
2671	30 
2672	51 
2673	55 
2674	30 
2675	25 
2676	26 
2677	41 
2678	41 
2679	29 
2680	55 
2681	18 
2682	58 
2683	60 
2684	42 
2685	90 
2686	75 
2687	12 
2688	38 
2689	90 
2690	75 
2691	62 
2692	22 
2693	36 
2694	56 
2695	51 
2696	22 
2697	57 
2698	24 
2699	79 
2700	20 
2701	81 
2702	3 
2703	60 
2704	82 
2705	42 
2706	81 
2707	86 
2708	86 
2709	89 
2710	32 
2711	69 
2712	75 
2713	3 
2714	27 
2715	17 
2716	88 
2717	63 
2718	53 
2719	28 
2720	41 
2721	51 
2722	30 
2723	57 
2724	49 
2725	3 
2726	62 
2727	6 
2728	45 
2729	13 
2730	46 
2731	20 
2732	42 
2733	57 
2734	53 
2735	79 
2736	41 
2737	12 
2738	22 
2739	76 
2740	42 
2741	78 
2742	57 
2743	46 
2744	81 
2745	90 
2746	30 
2747	99 
2748	37 
2749	74 
2750	42 
2751	50 
2752	69 
2753	41 
2754	29 
2755	101 
2756	29 
2757	27 
2758	55 
2759	63 
2760	66 
2761	87 
2762	73 
2763	70 
2764	82 
2765	22 
2766	76 
2767	86 
2768	101 
2769	76 
2770	82 
2771	69 
2772	12 
2773	70 
2774	27 
2775	63 
2776	95 
2777	75 
2778	5 
2779	96 
2780	15 
2781	68 
2782	9 
2783	4 
2784	23 
2785	73 
2786	51 
2787	11 
2788	75 
2789	50 
2790	66 
2791	57 
2792	99 
2793	79 
2794	4 
2795	24 
2796	77 
2797	99 
2798	65 
2799	28 
2800	1 
2801	76 
2802	45 
2803	20 
2804	9 
2805	82 
2806	95 
2807	3 
2808	16 
2809	6 
2810	16 
2811	44 
2812	51 
2813	82 
2814	21 
2815	17 
2816	73 
2817	64 
2818	50 
2819	99 
2820	32 
2821	83 
2822	58 
2823	51 
2824	69 
2825	20 
2826	53 
2827	16 
2828	48 
2829	66 
2830	1 
2831	54 
2832	11 
2833	95 
2834	17 
2835	58 
2836	41 
2837	6 
2838	46 
2839	92 
2840	51 
2841	20 
2842	6 
2843	77 
2844	100 
2845	4 
2846	25 
2847	89 
2848	34 
2849	21 
2850	82 
2851	50 
2852	56 
2853	60 
2854	79 
2855	60 
2856	19 
2857	52 
2858	27 
2859	45 
2860	55 
2861	83 
2862	62 
2863	57 
2864	75 
2865	41 
2866	90 
2867	68 
2868	2 
2869	30 
2870	39 
2871	18 
2872	71 
2873	74 
2874	57 
2875	51 
2876	3 
2877	88 
2878	57 
2879	72 
2880	39 
2881	42 
2882	83 
2883	99 
2884	55 
2885	25 
2886	70 
2887	60 
2888	92 
2889	81 
2890	12 
2891	5 
2892	54 
2893	57 
2894	26 
2895	59 
2896	35 
2897	97 
2898	34 
2899	49 
2900	70 
2901	61 
2902	86 
2903	95 
2904	17 
2905	45 
2906	56 
2907	54 
2908	30 
2909	17 
2910	12 
2911	6 
2912	40 
2913	69 
2914	22 
2915	68 
2916	76 
2917	81 
2918	100 
2919	91 
2920	80 
2921	70 
2922	1 
2923	69 
2924	83 
2925	15 
2926	53 
2927	56 
2928	42 
2929	45 
2930	52 
2931	79 
2932	32 
2933	57 
2934	33 
2935	76 
2936	12 
2937	17 
2938	28 
2939	49 
2940	46 
2941	68 
2942	4 
2943	41 
2944	83 
2945	2 
2946	10 
2947	95 
2948	66 
2949	39 
2950	83 
2951	45 
2952	88 
2953	65 
2954	75 
2955	45 
2956	83 
2957	58 
2958	30 
2959	76 
2960	77 
2961	74 
2962	5 
2963	58 
2964	1 
2965	16 
2966	48 
2967	57 
2968	97 
2969	30 
2970	43 
2971	74 
2972	44 
2973	51 
2974	100 
2975	46 
2976	66 
2977	22 
2978	83 
2979	81 
2980	41 
2981	30 
2982	58 
2983	5 
2984	20 
2985	40 
2986	100 
2987	44 
2988	63 
2989	75 
2990	49 
2991	43 
2992	69 
2993	40 
2994	94 
2995	73 
2996	25 
2997	90 
2998	45 
2999	25 
3000	76 
3001	64 
3002	88 
3003	26 
3004	100 
3005	57 
3006	89 
3007	70 
3008	83 
3009	75 
3010	74 
3011	86 
3012	20 
3013	81 
3014	52 
3015	10 
3016	17 
3017	75 
3018	34 
3019	74 
3020	48 
3021	42 
3022	94 
3023	28 
3024	19 
3025	39 
3026	51 
3027	68 
3028	53 
3029	66 
3030	74 
3031	17 
3032	95 
3033	69 
3034	53 
3035	76 
3036	99 
3037	82 
3038	18 
3039	21 
3040	71 
3041	12 
3042	86 
3043	47 
3044	50 
3045	69 
3046	27 
3047	68 
3048	31 
3049	55 
3050	14 
3051	55 
3052	57 
3053	28 
3054	6 
3055	60 
3056	12 
3057	68 
3058	70 
3059	54 
3060	60 
3061	42 
3062	59 
3063	52 
3064	17 
3065	52 
3066	16 
3067	17 
3068	10 
3069	16 
3070	54 
3071	79 
3072	81 
3073	79 
3074	45 
3075	37 
3076	84 
3077	51 
3078	39 
3079	27 
3080	90 
3081	88 
3082	14 
3083	46 
3084	48 
3085	88 
3086	81 
3087	33 
3088	59 
3089	78 
3090	23 
3091	12 
3092	53 
3093	69 
3094	101 
3095	31 
3096	4 
3097	51 
3098	67 
3099	79 
3100	75 
3101	54 
3102	36 
3103	77 
3104	57 
3105	73 
3106	90 
3107	100 
3108	38 
3109	57 
3110	78 
3111	41 
3112	88 
3113	84 
3114	53 
3115	86 
3116	28 
3117	42 
3118	79 
3119	74 
3120	39 
3121	38 
3122	86 
3123	79 
3124	101 
3125	44 
3126	53 
3127	91 
3128	28 
3129	95 
3130	24 
3131	46 
3132	14 
3133	12 
3134	69 
3135	87 
3136	12 
3137	22 
3138	54 
3139	61 
3140	45 
3141	21 
3142	95 
3143	41 
3144	70 
3145	58 
3146	23 
3147	90 
3148	75 
3149	17 
3150	97 
3151	77 
3152	69 
3153	47 
3154	13 
3155	64 
3156	50 
3157	3 
3158	51 
3159	27 
3160	97 
3161	41 
3162	37 
3163	53 
3164	17 
3165	79 
3166	28 
3167	66 
3168	86 
3169	81 
3170	92 
3171	74 
3172	62 
3173	25 
3174	96 
3175	29 
3176	44 
3177	81 
3178	22 
3179	76 
3180	92 
3181	79 
3182	99 
3183	7 
3184	68 
3185	66 
3186	100 
3187	72 
3188	86 
3189	29 
3190	41 
3191	79 
3192	82 
3193	17 
3194	77 
3195	10 
3196	89 
3197	70 
3198	96 
3199	48 
3200	35 
3201	72 
3202	41 
3203	28 
3204	81 
3205	8 
3206	101 
3207	80 
3208	57 
3209	2 
3210	60 
3211	33 
3212	56 
3213	30 
3214	17 
3215	14 
3216	94 
3217	34 
3218	57 
3219	41 
3220	81 
3221	75 
3222	36 
3223	35 
3224	92 
3225	90 
3226	81 
3227	15 
3228	25 
3229	17 
3230	51 
3231	67 
3232	63 
3233	19 
3234	37 
3235	36 
3236	41 
3237	46 
3238	90 
3239	39 
3240	100 
3241	75 
3242	97 
3243	84 
3244	35 
3245	21 
3246	98 
3247	9 
3248	90 
3249	39 
3250	59 
3251	57 
3252	10 
3253	59 
3254	6 
3255	79 
3256	76 
3257	78 
3258	4 
3259	63 
3260	88 
3261	101 
3262	36 
3263	12 
3264	77 
3265	54 
3266	54 
3267	72 
3268	34 
3269	86 
3270	46 
3271	46 
3272	70 
3273	66 
3274	83 
3275	71 
3276	90 
3277	86 
3278	90 
3279	86 
3280	57 
3281	71 
3282	69 
3283	53 
3284	26 
3285	42 
3286	54 
3287	66 
3288	9 
3289	71 
3290	7 
3291	49 
3292	50 
3293	28 
3294	84 
3295	2 
3296	30 
3297	71 
3298	62 
3299	74 
3300	101 
3301	3 
3302	59 
3303	56 
3304	90 
3305	31 
3306	45 
3307	12 
3308	82 
3309	57 
3310	90 
3311	57 
3312	90 
3313	86 
3314	91 
3315	74 
3316	33 
3317	22 
3318	84 
3319	70 
3320	91 
3321	41 
3322	55 
3323	74 
3324	75 
3325	63 
3326	90 
3327	51 
3328	60 
3329	28 
3330	83 
3331	38 
3332	96 
3333	3 
3334	65 
3335	13 
3336	86 
3337	75 
3338	42 
3339	71 
3340	41 
3341	51 
3342	78 
3343	25 
3344	56 
3345	81 
3346	40 
3347	74 
3348	3 
3349	65 
3350	75 
3351	84 
3352	46 
3353	24 
3354	85 
3355	59 
3356	43 
3357	95 
3358	51 
3359	90 
3360	88 
3361	76 
3362	101 
3363	86 
3364	6 
3365	89 
3366	33 
3367	17 
3368	64 
3369	66 
3370	19 
3371	34 
3372	87 
3373	5 
3374	101 
3375	46 
3376	76 
3377	1 
3378	44 
3379	101 
3380	50 
3381	26 
3382	74 
3383	62 
3384	45 
3385	2 
3386	6 
3387	54 
3388	5 
3389	50 
3390	22 
3391	58 
3392	35 
3393	101 
3394	79 
3395	61 
3396	68 
3397	38 
3398	60 
3399	24 
3400	45 
3401	101 
3402	46 
3403	85 
3404	78 
3405	51 
3406	100 
3407	9 
3408	20 
3409	14 
3410	30 
3411	92 
3412	6 
3413	93 
3414	1 
3415	32 
3416	37 
3417	66 
3418	100 
3419	66 
3420	38 
3421	36 
3422	55 
3423	6 
3424	6 
3425	49 
3426	40 
3427	91 
3428	79 
3429	9 
3430	6 
3431	100 
3432	12 
3433	36 
3434	86 
3435	67 
3436	64 
3437	25 
3438	57 
3439	95 
3440	2 
3441	39 
3442	23 
3443	34 
3444	87 
3445	21 
3446	29 
3447	39 
3448	81 
3449	82 
3450	75 
3451	38 
3452	76 
3453	7 
3454	12 
3455	75 
3456	79 
3457	79 
3458	101 
3459	41 
3460	39 
3461	100 
3462	1 
3463	92 
3464	99 
3465	29 
3466	74 
3467	55 
3468	99 
3469	51 
3470	25 
3471	19 
3472	45 
3473	44 
3474	86 
3475	48 
3476	28 
3477	29 
3478	22 
3479	13 
3480	6 
3481	54 
3482	6 
3483	60 
3484	36 
3485	35 
3486	21 
3487	99 
3488	36 
3489	79 
3490	41 
3491	101 
3492	97 
3493	86 
3494	51 
3495	81 
3496	46 
3497	42 
3498	24 
3499	29 
3500	97 
3501	3 
3502	24 
3503	25 
3504	77 
3505	30 
3506	64 
3507	29 
3508	58 
3509	82 
3510	90 
3511	53 
3512	2 
3513	100 
3514	67 
3515	91 
3516	27 
3517	32 
3518	4 
3519	8 
3520	91 
3521	24 
3522	42 
3523	63 
3524	22 
3525	65 
3526	12 
3527	100 
3528	28 
3529	12 
3530	12 
3531	70 
3532	24 
3533	48 
3534	17 
3535	97 
3536	1 
3537	10 
3538	20 
3539	19 
3540	55 
3541	76 
3542	9 
3543	70 
3544	90 
3545	80 
3546	86 
3547	41 
3548	72 
3549	38 
3550	82 
3551	79 
3552	22 
3553	97 
3554	87 
3555	83 
3556	37 
3557	6 
3558	58 
3559	56 
3560	7 
3561	14 
3562	49 
3563	29 
3564	17 
3565	71 
3566	74 
3567	25 
3568	59 
3569	12 
3570	44 
3571	46 
3572	71 
3573	5 
3574	6 
3575	73 
3576	25 
3577	54 
3578	72 
3579	69 
3580	46 
3581	50 
3582	57 
3583	83 
3584	5 
3585	18 
3586	68 
3587	85 
3588	38 
3589	46 
3590	44 
3591	85 
3592	45 
3593	77 
3594	87 
3595	77 
3596	73 
3597	48 
3598	71 
3599	56 
3600	46 
3601	63 
3602	79 
3603	53 
3604	30 
3605	49 
3606	98 
3607	60 
3608	59 
3609	97 
3610	46 
3611	47 
3612	30 
3613	52 
3614	7 
3615	58 
3616	44 
3617	46 
3618	93 
3619	89 
3620	9 
3621	43 
3622	6 
3623	63 
3624	82 
3625	61 
3626	62 
3627	86 
3628	39 
3629	66 
3630	27 
3631	29 
3632	69 
3633	53 
3634	58 
3635	1 
3636	18 
3637	100 
3638	83 
3639	56 
3640	99 
3641	66 
3642	22 
3643	89 
3644	6 
3645	22 
3646	81 
3647	57 
3648	99 
3649	42 
3650	31 
3651	75 
3652	87 
3653	63 
3654	42 
3655	6 
3656	36 
3657	20 
3658	22 
3659	38 
3660	57 
3661	87 
3662	82 
3663	56 
3664	38 
3665	42 
3666	29 
3667	7 
3668	76 
3669	70 
3670	64 
3671	47 
3672	34 
3673	79 
3674	46 
3675	32 
3676	77 
3677	90 
3678	24 
3679	100 
3680	96 
3681	29 
3682	8 
3683	41 
3684	70 
3685	33 
3686	58 
3687	24 
3688	94 
3689	92 
3690	66 
3691	36 
3692	74 
3693	28 
3694	20 
3695	50 
3696	57 
3697	62 
3698	9 
3699	62 
3700	22 
3701	86 
3702	20 
3703	34 
3704	41 
3705	69 
3706	9 
3707	66 
3708	74 
3709	47 
3710	78 
3711	4 
3712	5 
3713	98 
3714	31 
3715	37 
3716	72 
3717	15 
3718	90 
3719	2 
3720	3 
3721	76 
3722	1 
3723	91 
3724	86 
3725	79 
3726	85 
3727	100 
3728	3 
3729	46 
3730	97 
3731	79 
3732	41 
3733	82 
3734	35 
3735	37 
3736	20 
3737	34 
3738	58 
3739	79 
3740	83 
3741	101 
3742	22 
3743	3 
3744	70 
3745	8 
3746	7 
3747	1 
3748	43 
3749	57 
3750	90 
3751	43 
3752	19 
3753	5 
3754	53 
3755	99 
3756	91 
3757	30 
3758	9 
3759	71 
3760	57 
3761	75 
3762	28 
3763	98 
3764	10 
3765	82 
3766	91 
3767	59 
3768	58 
3769	46 
3770	77 
3771	30 
3772	92 
3773	79 
3774	39 
3775	86 
3776	66 
3777	100 
3778	89 
3779	94 
3780	62 
3781	41 
3782	57 
3783	101 
3784	50 
3785	29 
3786	7 
3787	29 
3788	34 
3789	90 
3790	99 
3791	70 
3792	3 
3793	19 
3794	69 
3795	72 
3796	90 
3797	63 
3798	97 
3799	92 
3800	33 
3801	49 
3802	96 
3803	100 
3804	55 
3805	66 
3806	42 
3807	25 
3808	28 
3809	26 
3810	57 
3811	30 
3812	77 
3813	71 
3814	51 
3815	34 
3816	22 
3817	41 
3818	46 
3819	21 
3820	91 
3821	14 
3822	84 
3823	39 
3824	91 
3825	81 
3826	99 
3827	101 
3828	44 
3829	58 
3830	16 
3831	42 
3832	11 
3833	64 
3834	34 
3835	66 
3836	20 
3837	50 
3838	83 
3839	36 
3840	90 
3841	1 
3842	91 
3843	77 
3844	20 
3845	49 
3846	66 
3847	19 
3848	66 
3849	96 
3850	77 
3851	89 
3852	83 
3853	90 
3854	45 
3855	38 
3856	82 
3857	12 
3858	11 
3859	4 
3860	52 
3861	27 
3862	45 
3863	86 
3864	17 
3865	22 
3866	76 
3867	36 
3868	70 
3869	43 
3870	77 
3871	52 
3872	29 
3873	12 
3874	82 
3875	57 
3876	83 
3877	34 
3878	77 
3879	55 
3880	58 
3881	64 
3882	6 
3883	85 
3884	100 
3885	21 
3886	58 
3887	86 
3888	42 
3889	86 
3890	82 
3891	79 
3892	74 
3893	58 
3894	66 
3895	11 
3896	95 
3897	69 
3898	20 
3899	86 
3900	76 
3901	21 
3902	17 
3903	40 
3904	38 
3905	86 
3906	83 
3907	86 
3908	65 
3909	71 
3910	78 
3911	9 
3912	82 
3913	60 
3914	8 
3915	28 
3916	101 
3917	90 
3918	76 
3919	27 
3920	30 
3921	54 
3922	68 
3923	12 
3924	40 
3925	76 
3926	46 
3927	16 
3928	48 
3929	97 
3930	88 
3931	5 
3932	77 
3933	51 
3934	57 
3935	45 
3936	47 
3937	61 
3938	40 
3939	28 
3940	42 
3941	76 
3942	24 
3943	51 
3944	58 
3945	36 
3946	58 
3947	99 
3948	75 
3949	68 
3950	56 
3951	11 
3952	19 
3953	86 
3954	42 
3955	43 
3956	76 
3957	52 
3958	14 
3959	75 
3960	90 
3961	93 
3962	74 
3963	58 
3964	90 
3965	79 
3966	91 
3967	48 
3968	19 
3969	41 
3970	7 
3971	70 
3972	32 
3973	45 
3974	12 
3975	17 
3976	81 
3977	100 
3978	77 
3979	90 
3980	19 
3981	77 
3982	54 
3983	100 
3984	6 
3985	82 
3986	41 
3987	61 
3988	100 
3989	28 
3990	75 
3991	99 
3992	69 
3993	45 
3994	75 
3995	84 
3996	81 
3997	57 
3998	101 
3999	39 
4000	71 
4001	13 
4002	10 
4003	17 
4004	75 
4005	12 
4006	58 
4007	31 
4008	28 
4009	10 
4010	29 
4011	79 
4012	101 
4013	58 
4014	92 
4015	101 
4016	57 
4017	33 
4018	76 
4019	63 
4020	3 
4021	51 
4022	90 
4023	49 
4024	75 
4025	40 
4026	43 
4027	84 
4028	100 
4029	78 
4030	85 
4031	57 
4032	71 
4033	81 
4034	48 
4035	73 
4036	88 
4037	9 
4038	24 
4039	49 
4040	24 
4041	30 
4042	90 
4043	75 
4044	25 
4045	46 
4046	90 
4047	26 
4048	54 
4049	3 
4050	22 
4051	65 
4052	30 
4053	55 
4054	61 
4055	58 
4056	8 
4057	40 
4058	29 
4059	91 
4060	32 
4061	51 
4062	57 
4063	53 
4064	22 
4065	41 
4066	57 
4067	32 
4068	57 
4069	13 
4070	30 
4071	21 
4072	13 
4073	50 
4074	44 
4075	81 
4076	51 
4077	10 
4078	94 
4079	55 
4080	77 
4081	17 
4082	54 
4083	74 
4084	86 
4085	95 
4086	100 
4087	19 
4088	3 
4089	66 
4090	22 
4091	96 
4092	86 
4093	49 
4094	26 
4095	34 
4096	99 
4097	56 
4098	58 
4099	61 
4100	9 
4101	66 
4102	77 
4103	44 
4104	53 
4105	29 
4106	4 
4107	43 
4108	66 
4109	79 
4110	90 
4111	26 
4112	46 
4113	95 
4114	40 
4115	38 
4116	92 
4117	49 
4118	101 
4119	84 
4120	21 
4121	99 
4122	69 
4123	31 
4124	88 
4125	26 
4126	7 
4127	56 
4128	72 
4129	47 
4130	70 
4131	19 
4132	99 
4133	101 
4134	30 
4135	90 
4136	98 
4137	93 
4138	48 
4139	12 
4140	8 
4141	65 
4142	18 
4143	91 
4144	29 
4145	70 
4146	29 
4147	72 
4148	57 
4149	58 
4150	101 
4151	6 
4152	82 
4153	53 
4154	19 
4155	34 
4156	46 
4157	51 
4158	65 
4159	68 
4160	13 
4161	41 
4162	94 
4163	77 
4164	99 
4165	21 
4166	17 
4167	91 
4168	44 
4169	41 
4170	97 
4171	75 
4172	26 
4173	24 
4174	19 
4175	82 
4176	33 
4177	20 
4178	79 
4179	82 
4180	38 
4181	68 
4182	45 
4183	48 
4184	83 
4185	51 
4186	66 
4187	93 
4188	22 
4189	55 
4190	79 
4191	55 
4192	12 
4193	40 
4194	74 
4195	27 
4196	91 
4197	32 
4198	17 
4199	46 
4200	7 
4201	33 
4202	74 
4203	22 
4204	19 
4205	66 
4206	79 
4207	46 
4208	38 
4209	15 
4210	21 
4211	46 
4212	40 
4213	46 
4214	2 
4215	23 
4216	68 
4217	95 
4218	15 
4219	75 
4220	38 
4221	29 
4222	24 
4223	100 
4224	21 
4225	21 
4226	81 
4227	53 
4228	37 
4229	74 
4230	86 
4231	48 
4232	97 
4233	66 
4234	38 
4235	81 
4236	54 
4237	62 
4238	98 
4239	84 
4240	77 
4241	79 
4242	57 
4243	41 
4244	99 
4245	18 
4246	72 
4247	29 
4248	99 
4249	27 
4250	42 
4251	81 
4252	8 
4253	81 
4254	12 
4255	66 
4256	75 
4257	88 
4258	36 
4259	15 
4260	12 
4261	15 
4262	60 
4263	45 
4264	4 
4265	33 
4266	43 
4267	97 
4268	100 
4269	22 
4270	14 
4271	95 
4272	47 
4273	45 
4274	30 
4275	5 
4276	3 
4277	29 
4278	75 
4279	79 
4280	41 
4281	56 
4282	20 
4283	81 
4284	11 
4285	85 
4286	2 
4287	8 
4288	42 
4289	51 
4290	94 
4291	97 
4292	88 
4293	9 
4294	36 
4295	101 
4296	86 
4297	54 
4298	32 
4299	93 
4300	58 
4301	77 
4302	26 
4303	46 
4304	97 
4305	64 
4306	46 
4307	5 
4308	10 
4309	21 
4310	51 
4311	21 
4312	88 
4313	16 
4314	84 
4315	12 
4316	45 
4317	71 
4318	97 
4319	81 
4320	18 
4321	49 
4322	42 
4323	77 
4324	90 
4325	17 
4326	77 
4327	13 
4328	79 
4329	90 
4330	45 
4331	39 
4332	40 
4333	77 
4334	6 
4335	4 
4336	23 
4337	66 
4338	88 
4339	76 
4340	96 
4341	47 
4342	75 
4343	18 
4344	22 
4345	50 
4346	97 
4347	76 
4348	64 
4349	81 
4350	39 
4351	91 
4352	35 
4353	81 
4354	70 
4355	46 
4356	14 
4357	1 
4358	21 
4359	29 
4360	81 
4361	55 
4362	49 
4363	42 
4364	4 
4365	55 
4366	62 
4367	21 
4368	63 
4369	61 
4370	30 
4371	68 
4372	65 
4373	30 
4374	77 
4375	9 
4376	28 
4377	60 
4378	21 
4379	36 
4380	84 
4381	79 
4382	5 
4383	12 
4384	29 
4385	57 
4386	92 
4387	64 
4388	69 
4389	60 
4390	11 
4391	24 
4392	75 
4393	57 
4394	92 
4395	57 
4396	70 
4397	75 
4398	44 
4399	81 
4400	93 
4401	91 
4402	6 
4403	42 
4404	84 
4405	54 
4406	78 
4407	41 
4408	101 
4409	74 
4410	75 
4411	78 
4412	1 
4413	54 
4414	81 
4415	37 
4416	77 
4417	76 
4418	20 
4419	31 
4420	78 
4421	21 
4422	96 
4423	68 
4424	51 
4425	8 
4426	53 
4427	83 
4428	70 
4429	37 
4430	60 
4431	24 
4432	79 
4433	30 
4434	75 
4435	59 
4436	17 
4437	101 
4438	47 
4439	29 
4440	78 
4441	60 
4442	78 
4443	50 
4444	40 
4445	62 
4446	80 
4447	45 
4448	92 
4449	10 
4450	100 
4451	100 
4452	55 
4453	10 
4454	79 
4455	11 
4456	5 
4457	13 
4458	4 
4459	79 
4460	26 
4461	45 
4462	44 
4463	37 
4464	69 
4465	98 
4466	74 
4467	79 
4468	19 
4469	51 
4470	58 
4471	1 
4472	30 
4473	72 
4474	56 
4475	43 
4476	94 
4477	94 
4478	98 
4479	87 
4480	83 
4481	17 
4482	43 
4483	75 
4484	28 
4485	68 
4486	29 
4487	30 
4488	92 
4489	45 
4490	47 
4491	83 
4492	73 
4493	2 
4494	82 
4495	74 
4496	36 
4497	54 
4498	21 
4499	46 
4500	58 
4501	99 
4502	41 
4503	101 
4504	77 
4505	69 
4506	96 
4507	73 
4508	84 
4509	7 
4510	62 
4511	101 
4512	60 
4513	21 
4514	88 
4515	59 
4516	17 
4517	12 
4518	86 
4519	75 
4520	20 
4521	42 
4522	66 
4523	74 
4524	83 
4525	33 
4526	50 
4527	26 
4528	75 
4529	100 
4530	86 
4531	36 
4532	17 
4533	93 
4534	6 
4535	12 
4536	58 
4537	9 
4538	76 
4539	73 
4540	51 
4541	56 
4542	16 
4543	95 
4544	8 
4545	56 
4546	52 
4547	44 
4548	35 
4549	71 
4550	75 
4551	91 
4552	4 
4553	70 
4554	65 
4555	66 
4556	30 
4557	63 
4558	101 
4559	12 
4560	3 
4561	75 
4562	70 
4563	63 
4564	77 
4565	31 
4566	48 
4567	65 
4568	76 
4569	39 
4570	95 
4571	31 
4572	17 
4573	49 
4574	36 
4575	21 
4576	82 
4577	85 
4578	72 
4579	74 
4580	22 
4581	70 
4582	93 
4583	101 
4584	23 
4585	38 
4586	38 
4587	46 
4588	28 
4589	32 
4590	81 
4591	19 
4592	57 
4593	1 
4594	75 
4595	77 
4596	57 
4597	60 
4598	15 
4599	75 
4600	51 
4601	58 
4602	17 
4603	68 
4604	7 
4605	91 
4606	1 
4607	21 
4608	8 
4609	46 
4610	30 
4611	69 
4612	9 
4613	48 
4614	21 
4615	24 
4616	100 
4617	90 
4618	33 
4619	50 
4620	37 
4621	91 
4622	77 
4623	44 
4624	47 
4625	58 
4626	20 
4627	100 
4628	8 
4629	57 
4630	74 
4631	90 
4632	19 
4633	33 
4634	19 
4635	90 
4636	23 
4637	22 
4638	11 
4639	79 
4640	8 
4641	2 
4642	63 
4643	87 
4644	76 
4645	20 
4646	23 
4647	33 
4648	49 
4649	54 
4650	39 
4651	76 
4652	57 
4653	10 
4654	98 
4655	98 
4656	14 
4657	16 
4658	96 
4659	70 
4660	9 
4661	7 
4662	96 
4663	86 
4664	36 
4665	55 
4666	68 
4667	81 
4668	81 
4669	10 
4670	63 
4671	5 
4672	68 
4673	99 
4674	81 
4675	75 
4676	57 
4677	19 
4678	12 
4679	68 
4680	50 
4681	71 
4682	6 
4683	54 
4684	28 
4685	66 
4686	69 
4687	51 
4688	71 
4689	85 
4690	85 
4691	96 
4692	21 
4693	83 
4694	33 
4695	36 
4696	1 
4697	18 
4698	83 
4699	73 
4700	13 
4701	22 
4702	30 
4703	96 
4704	29 
4705	2 
4706	51 
4707	79 
4708	78 
4709	78 
4710	51 
4711	20 
4712	93 
4713	74 
4714	58 
4715	58 
4716	90 
4717	6 
4718	95 
4719	18 
4720	50 
4721	47 
4722	74 
4723	53 
4724	18 
4725	28 
4726	21 
4727	34 
4728	75 
4729	33 
4730	30 
4731	44 
4732	8 
4733	71 
4734	18 
4735	46 
4736	14 
4737	45 
4738	10 
4739	101 
4740	53 
4741	5 
4742	1 
4743	28 
4744	28 
4745	10 
4746	46 
4747	7 
4748	1 
4749	72 
4750	59 
4751	58 
4752	17 
4753	45 
4754	17 
4755	17 
4756	20 
4757	14 
4758	46 
4759	94 
4760	38 
4761	68 
4762	2 
4763	56 
4764	86 
4765	36 
4766	64 
4767	9 
4768	29 
4769	2 
4770	86 
4771	28 
4772	51 
4773	99 
4774	36 
4775	29 
4776	86 
4777	24 
4778	47 
4779	17 
4780	82 
4781	37 
4782	63 
4783	21 
4784	91 
4785	21 
4786	85 
4787	71 
4788	84 
4789	72 
4790	76 
4791	70 
4792	75 
4793	6 
4794	79 
4795	95 
4796	3 
4797	86 
4798	99 
4799	24 
4800	37 
4801	100 
4802	20 
4803	48 
4804	3 
4805	66 
4806	28 
4807	86 
4808	33 
4809	73 
4810	71 
4811	1 
4812	68 
4813	22 
4814	47 
4815	48 
4816	82 
4817	37 
4818	69 
4819	49 
4820	42 
4821	28 
4822	91 
4823	17 
4824	60 
4825	64 
4826	70 
4827	75 
4828	36 
4829	36 
4830	100 
4831	12 
4832	4 
4833	45 
4834	13 
4835	86 
4836	76 
4837	6 
4838	66 
4839	98 
4840	53 
4841	42 
4842	92 
4843	100 
4844	51 
4845	28 
4846	65 
4847	1 
4848	12 
4849	66 
4850	78 
4851	74 
4852	68 
4853	76 
4854	96 
4855	9 
4856	99 
4857	95 
4858	75 
4859	24 
4860	101 
4861	40 
4862	63 
4863	72 
4864	70 
4865	12 
4866	90 
4867	47 
4868	72 
4869	29 
4870	54 
4871	30 
4872	29 
4873	76 
4874	41 
4875	22 
4876	30 
4877	19 
4878	57 
4879	38 
4880	74 
4881	64 
4882	48 
4883	4 
4884	55 
4885	76 
4886	72 
4887	58 
4888	58 
4889	57 
4890	5 
4891	38 
4892	36 
4893	29 
4894	81 
4895	51 
4896	64 
4897	100 
4898	30 
4899	19 
4900	95 
4901	83 
4902	33 
4903	57 
4904	53 
4905	38 
4906	70 
4907	41 
4908	92 
4909	24 
4910	96 
4911	29 
4912	82 
4913	22 
4914	92 
4915	28 
4916	68 
4917	77 
4918	57 
4919	77 
4920	6 
4921	88 
4922	74 
4923	50 
4924	53 
4925	101 
4926	77 
4927	86 
4928	20 
4929	53 
4930	90 
4931	57 
4932	77 
4933	90 
4934	71 
4935	29 
4936	21 
4937	63 
4938	92 
4939	36 
4940	7 
4941	77 
4942	96 
4943	71 
4944	66 
4945	92 
4946	42 
4947	53 
4948	54 
4949	41 
4950	28 
4951	95 
4952	85 
4953	66 
4954	84 
4955	88 
4956	53 
4957	101 
4958	85 
4959	78 
4960	33 
4961	90 
4962	44 
4963	34 
4964	51 
4965	28 
4966	99 
4967	90 
4968	81 
4969	56 
4970	41 
4971	83 
4972	29 
4973	46 
4974	92 
4975	58 
4976	75 
4977	9 
4978	76 
4979	99 
4980	42 
4981	34 
4982	70 
4983	66 
4984	75 
4985	41 
4986	41 
4987	29 
4988	30 
4989	95 
4990	81 
4991	50 
4992	51 
4993	101 
4994	74 
4995	90 
4996	38 
4997	84 
4998	44 
4999	10 
5000	75 
