1	24 
2	8 
3	61 
4	10 
5	41 
6	67 
7	103 
8	29 
9	95 
10	89 
11	92 
12	29 
13	16 
14	104 
15	10 
16	7 
17	28 
18	63 
19	2 
20	78 
21	62 
22	90 
23	28 
24	46 
25	69 
26	44 
27	51 
28	47 
29	57 
30	46 
31	44 
32	95 
33	92 
34	52 
35	25 
36	39 
37	72 
38	55 
39	84 
40	54 
41	71 
42	83 
43	82 
44	24 
45	64 
46	111 
47	9 
48	7 
49	5 
50	23 
51	106 
52	15 
53	102 
54	81 
55	91 
56	79 
57	34 
58	40 
59	24 
60	96 
61	3 
62	63 
63	81 
64	15 
65	64 
66	82 
67	109 
68	16 
69	86 
70	7 
71	40 
72	52 
73	57 
74	63 
75	95 
76	49 
77	25 
78	54 
79	39 
80	35 
81	67 
82	92 
83	94 
84	86 
85	86 
86	83 
87	44 
88	7 
89	42 
90	67 
91	109 
92	34 
93	67 
94	47 
95	105 
96	9 
97	59 
98	57 
99	85 
100	106 
101	86 
102	96 
103	3 
104	75 
105	31 
106	11 
107	29 
108	56 
109	74 
110	7 
111	110 
112	77 
113	39 
114	53 
115	106 
116	108 
117	13 
118	79 
119	102 
120	83 
121	11 
122	27 
123	26 
124	29 
125	29 
126	3 
127	61 
128	45 
129	48 
130	108 
131	100 
132	5 
133	47 
134	39 
135	47 
136	79 
137	84 
138	106 
139	57 
140	48 
141	52 
142	3 
143	76 
144	28 
145	32 
146	68 
147	44 
148	9 
149	92 
150	77 
151	30 
152	104 
153	51 
154	42 
155	101 
156	39 
157	47 
158	56 
159	88 
160	92 
161	45 
162	86 
163	61 
164	100 
165	89 
166	32 
167	85 
168	109 
169	60 
170	6 
171	69 
172	47 
173	56 
174	52 
175	65 
176	102 
177	23 
178	28 
179	8 
180	46 
181	18 
182	11 
183	109 
184	59 
185	50 
186	83 
187	72 
188	2 
189	73 
190	34 
191	19 
192	68 
193	76 
194	92 
195	108 
196	89 
197	20 
198	65 
199	56 
200	7 
201	99 
202	34 
203	83 
204	106 
205	72 
206	107 
207	63 
208	13 
209	90 
210	27 
211	69 
212	70 
213	3 
214	102 
215	106 
216	63 
217	78 
218	73 
219	23 
220	30 
221	11 
222	41 
223	11 
224	69 
225	64 
226	31 
227	62 
228	64 
229	86 
230	49 
231	63 
232	32 
233	15 
234	11 
235	68 
236	99 
237	54 
238	42 
239	7 
240	68 
241	45 
242	61 
243	79 
244	79 
245	105 
246	96 
247	47 
248	74 
249	109 
250	11 
251	36 
252	44 
253	56 
254	47 
255	78 
256	109 
257	30 
258	37 
259	32 
260	72 
261	31 
262	60 
263	32 
264	81 
265	26 
266	64 
267	87 
268	11 
269	93 
270	95 
271	11 
272	10 
273	111 
274	15 
275	108 
276	19 
277	56 
278	75 
279	18 
280	34 
281	20 
282	78 
283	82 
284	13 
285	19 
286	73 
287	70 
288	23 
289	15 
290	64 
291	105 
292	19 
293	33 
294	62 
295	34 
296	34 
297	51 
298	51 
299	24 
300	15 
301	88 
302	20 
303	66 
304	5 
305	96 
306	57 
307	51 
308	19 
309	99 
310	83 
311	51 
312	105 
313	41 
314	30 
315	36 
316	87 
317	72 
318	29 
319	111 
320	28 
321	34 
322	79 
323	32 
324	3 
325	61 
326	3 
327	76 
328	29 
329	42 
330	70 
331	110 
332	5 
333	102 
334	31 
335	104 
336	67 
337	39 
338	8 
339	34 
340	29 
341	10 
342	50 
343	75 
344	60 
345	2 
346	68 
347	63 
348	56 
349	20 
350	111 
351	45 
352	23 
353	60 
354	2 
355	11 
356	13 
357	1 
358	67 
359	15 
360	52 
361	30 
362	11 
363	62 
364	32 
365	41 
366	49 
367	71 
368	99 
369	34 
370	43 
371	41 
372	108 
373	42 
374	56 
375	73 
376	85 
377	41 
378	64 
379	111 
380	10 
381	43 
382	96 
383	9 
384	27 
385	69 
386	42 
387	98 
388	95 
389	102 
390	81 
391	23 
392	110 
393	111 
394	47 
395	64 
396	41 
397	63 
398	29 
399	99 
400	2 
401	15 
402	100 
403	15 
404	80 
405	92 
406	64 
407	97 
408	2 
409	73 
410	91 
411	11 
412	87 
413	3 
414	61 
415	15 
416	76 
417	42 
418	30 
419	39 
420	97 
421	29 
422	71 
423	69 
424	3 
425	12 
426	39 
427	105 
428	28 
429	25 
430	98 
431	9 
432	1 
433	27 
434	57 
435	3 
436	47 
437	103 
438	11 
439	64 
440	2 
441	9 
442	53 
443	73 
444	76 
445	82 
446	34 
447	92 
448	71 
449	52 
450	97 
451	16 
452	51 
453	54 
454	57 
455	9 
456	15 
457	43 
458	79 
459	100 
460	47 
461	5 
462	62 
463	62 
464	97 
465	76 
466	96 
467	26 
468	82 
469	32 
470	96 
471	68 
472	64 
473	30 
474	63 
475	99 
476	83 
477	63 
478	16 
479	93 
480	11 
481	19 
482	79 
483	34 
484	89 
485	95 
486	55 
487	79 
488	6 
489	51 
490	23 
491	76 
492	102 
493	61 
494	78 
495	75 
496	2 
497	40 
498	61 
499	50 
500	79 
501	73 
502	44 
503	3 
504	6 
505	32 
506	3 
507	95 
508	73 
509	78 
510	57 
511	25 
512	44 
513	2 
514	11 
515	109 
516	63 
517	77 
518	105 
519	60 
520	83 
521	104 
522	63 
523	41 
524	6 
525	111 
526	107 
527	6 
528	100 
529	10 
530	1 
531	2 
532	100 
533	22 
534	12 
535	15 
536	52 
537	7 
538	65 
539	41 
540	82 
541	26 
542	109 
543	79 
544	28 
545	96 
546	46 
547	47 
548	4 
549	31 
550	97 
551	53 
552	69 
553	63 
554	108 
555	106 
556	9 
557	77 
558	90 
559	72 
560	36 
561	63 
562	63 
563	90 
564	85 
565	94 
566	99 
567	47 
568	108 
569	16 
570	42 
571	85 
572	31 
573	9 
574	33 
575	88 
576	21 
577	63 
578	76 
579	107 
580	99 
581	75 
582	96 
583	47 
584	7 
585	7 
586	35 
587	21 
588	36 
589	108 
590	38 
591	3 
592	45 
593	2 
594	63 
595	34 
596	108 
597	79 
598	5 
599	110 
600	64 
601	57 
602	82 
603	5 
604	2 
605	69 
606	89 
607	78 
608	106 
609	7 
610	68 
611	93 
612	59 
613	23 
614	101 
615	43 
616	76 
617	47 
618	106 
619	57 
620	23 
621	88 
622	110 
623	88 
624	99 
625	11 
626	28 
627	44 
628	39 
629	57 
630	57 
631	68 
632	79 
633	4 
634	105 
635	96 
636	74 
637	35 
638	57 
639	105 
640	23 
641	67 
642	84 
643	7 
644	83 
645	2 
646	36 
647	49 
648	72 
649	58 
650	68 
651	56 
652	100 
653	7 
654	7 
655	68 
656	21 
657	10 
658	57 
659	90 
660	17 
661	1 
662	2 
663	63 
664	23 
665	69 
666	68 
667	99 
668	57 
669	7 
670	73 
671	94 
672	9 
673	4 
674	3 
675	32 
676	16 
677	10 
678	109 
679	63 
680	7 
681	3 
682	83 
683	81 
684	4 
685	53 
686	41 
687	49 
688	85 
689	64 
690	57 
691	31 
692	92 
693	36 
694	64 
695	64 
696	6 
697	104 
698	29 
699	111 
700	67 
701	1 
702	15 
703	22 
704	89 
705	57 
706	73 
707	6 
708	41 
709	11 
710	88 
711	8 
712	34 
713	43 
714	36 
715	84 
716	4 
717	52 
718	2 
719	51 
720	27 
721	29 
722	41 
723	82 
724	72 
725	39 
726	27 
727	4 
728	105 
729	75 
730	41 
731	35 
732	64 
733	63 
734	79 
735	79 
736	69 
737	5 
738	105 
739	11 
740	102 
741	64 
742	96 
743	98 
744	79 
745	17 
746	7 
747	63 
748	6 
749	96 
750	69 
751	50 
752	32 
753	28 
754	3 
755	47 
756	74 
757	2 
758	35 
759	9 
760	108 
761	10 
762	18 
763	44 
764	37 
765	11 
766	44 
767	43 
768	33 
769	72 
770	7 
771	42 
772	3 
773	79 
774	9 
775	9 
776	68 
777	34 
778	52 
779	13 
780	32 
781	88 
782	34 
783	81 
784	17 
785	2 
786	85 
787	101 
788	42 
789	90 
790	2 
791	74 
792	11 
793	49 
794	99 
795	19 
796	71 
797	15 
798	21 
799	41 
800	18 
801	109 
802	19 
803	61 
804	52 
805	79 
806	15 
807	23 
808	13 
809	76 
810	81 
811	41 
812	92 
813	108 
814	105 
815	76 
816	92 
817	27 
818	110 
819	16 
820	34 
821	51 
822	42 
823	41 
824	18 
825	42 
826	47 
827	108 
828	28 
829	100 
830	39 
831	3 
832	94 
833	95 
834	36 
835	86 
836	95 
837	64 
838	64 
839	67 
840	15 
841	5 
842	104 
843	79 
844	36 
845	47 
846	99 
847	57 
848	10 
849	56 
850	69 
851	37 
852	58 
853	32 
854	67 
855	110 
856	66 
857	99 
858	63 
859	30 
860	60 
861	79 
862	108 
863	98 
864	65 
865	10 
866	35 
867	108 
868	70 
869	5 
870	96 
871	3 
872	57 
873	34 
874	58 
875	104 
876	34 
877	81 
878	51 
879	89 
880	25 
881	28 
882	104 
883	108 
884	101 
885	100 
886	25 
887	2 
888	73 
889	84 
890	3 
891	105 
892	57 
893	28 
894	5 
895	34 
896	3 
897	110 
898	68 
899	99 
900	99 
901	13 
902	47 
903	93 
904	41 
905	109 
906	5 
907	76 
908	103 
909	25 
910	105 
911	16 
912	35 
913	91 
914	16 
915	41 
916	94 
917	92 
918	41 
919	29 
920	99 
921	110 
922	38 
923	28 
924	77 
925	107 
926	105 
927	76 
928	19 
929	71 
930	63 
931	64 
932	108 
933	79 
934	63 
935	72 
936	15 
937	78 
938	63 
939	10 
940	27 
941	35 
942	29 
943	59 
944	3 
945	66 
946	108 
947	47 
948	70 
949	65 
950	22 
951	47 
952	68 
953	66 
954	2 
955	105 
956	26 
957	50 
958	15 
959	63 
960	63 
961	47 
962	16 
963	110 
964	22 
965	60 
966	110 
967	81 
968	50 
969	73 
970	79 
971	80 
972	75 
973	2 
974	38 
975	63 
976	64 
977	65 
978	52 
979	86 
980	36 
981	97 
982	11 
983	79 
984	64 
985	99 
986	29 
987	20 
988	44 
989	57 
990	81 
991	32 
992	111 
993	69 
994	28 
995	29 
996	61 
997	29 
998	41 
999	3 
1000	105 
1001	3 
1002	63 
1003	17 
1004	90 
1005	15 
1006	75 
1007	4 
1008	83 
1009	99 
1010	33 
1011	13 
1012	54 
1013	62 
1014	68 
1015	80 
1016	107 
1017	93 
1018	34 
1019	64 
1020	1 
1021	88 
1022	12 
1023	17 
1024	3 
1025	97 
1026	35 
1027	10 
1028	39 
1029	71 
1030	2 
1031	11 
1032	2 
1033	70 
1034	22 
1035	49 
1036	44 
1037	3 
1038	42 
1039	64 
1040	44 
1041	34 
1042	30 
1043	10 
1044	4 
1045	34 
1046	22 
1047	92 
1048	9 
1049	48 
1050	92 
1051	110 
1052	34 
1053	32 
1054	14 
1055	42 
1056	54 
1057	13 
1058	90 
1059	2 
1060	13 
1061	96 
1062	15 
1063	94 
1064	71 
1065	15 
1066	78 
1067	76 
1068	96 
1069	39 
1070	95 
1071	94 
1072	108 
1073	23 
1074	92 
1075	92 
1076	6 
1077	61 
1078	101 
1079	96 
1080	71 
1081	61 
1082	62 
1083	108 
1084	3 
1085	65 
1086	61 
1087	41 
1088	4 
1089	7 
1090	34 
1091	41 
1092	61 
1093	28 
1094	96 
1095	82 
1096	76 
1097	92 
1098	48 
1099	46 
1100	74 
1101	66 
1102	92 
1103	85 
1104	111 
1105	64 
1106	10 
1107	7 
1108	6 
1109	78 
1110	93 
1111	100 
1112	1 
1113	77 
1114	59 
1115	74 
1116	42 
1117	55 
1118	29 
1119	99 
1120	74 
1121	46 
1122	68 
1123	34 
1124	10 
1125	72 
1126	3 
1127	53 
1128	19 
1129	24 
1130	54 
1131	86 
1132	11 
1133	92 
1134	16 
1135	2 
1136	111 
1137	32 
1138	106 
1139	7 
1140	34 
1141	82 
1142	64 
1143	6 
1144	54 
1145	49 
1146	26 
1147	13 
1148	57 
1149	59 
1150	13 
1151	100 
1152	109 
1153	16 
1154	111 
1155	36 
1156	41 
1157	31 
1158	67 
1159	96 
1160	96 
1161	105 
1162	11 
1163	9 
1164	80 
1165	63 
1166	87 
1167	92 
1168	42 
1169	102 
1170	89 
1171	46 
1172	92 
1173	7 
1174	53 
1175	43 
1176	15 
1177	89 
1178	106 
1179	59 
1180	102 
1181	23 
1182	100 
1183	79 
1184	79 
1185	47 
1186	33 
1187	97 
1188	15 
1189	15 
1190	110 
1191	105 
1192	64 
1193	39 
1194	64 
1195	21 
1196	47 
1197	47 
1198	7 
1199	70 
1200	69 
1201	22 
1202	91 
1203	89 
1204	2 
1205	24 
1206	47 
1207	48 
1208	103 
1209	62 
1210	75 
1211	28 
1212	72 
1213	28 
1214	16 
1215	31 
1216	33 
1217	7 
1218	34 
1219	54 
1220	30 
1221	74 
1222	63 
1223	56 
1224	46 
1225	46 
1226	110 
1227	14 
1228	104 
1229	95 
1230	5 
1231	98 
1232	59 
1233	51 
1234	102 
1235	89 
1236	41 
1237	7 
1238	41 
1239	100 
1240	78 
1241	86 
1242	110 
1243	71 
1244	105 
1245	96 
1246	3 
1247	5 
1248	29 
1249	76 
1250	11 
1251	75 
1252	69 
1253	108 
1254	56 
1255	108 
1256	109 
1257	48 
1258	16 
1259	86 
1260	70 
1261	7 
1262	98 
1263	2 
1264	73 
1265	62 
1266	89 
1267	15 
1268	5 
1269	81 
1270	38 
1271	99 
1272	10 
1273	97 
1274	3 
1275	40 
1276	110 
1277	61 
1278	110 
1279	39 
1280	66 
1281	83 
1282	2 
1283	38 
1284	76 
1285	64 
1286	10 
1287	95 
1288	47 
1289	78 
1290	3 
1291	102 
1292	16 
1293	39 
1294	91 
1295	96 
1296	5 
1297	34 
1298	73 
1299	80 
1300	100 
1301	19 
1302	109 
1303	14 
1304	25 
1305	111 
1306	93 
1307	82 
1308	97 
1309	48 
1310	57 
1311	47 
1312	57 
1313	95 
1314	106 
1315	5 
1316	79 
1317	9 
1318	33 
1319	7 
1320	3 
1321	57 
1322	5 
1323	52 
1324	59 
1325	23 
1326	86 
1327	41 
1328	34 
1329	108 
1330	20 
1331	64 
1332	106 
1333	88 
1334	71 
1335	41 
1336	79 
1337	62 
1338	70 
1339	82 
1340	57 
1341	98 
1342	15 
1343	67 
1344	8 
1345	16 
1346	73 
1347	7 
1348	2 
1349	82 
1350	15 
1351	22 
1352	68 
1353	3 
1354	46 
1355	5 
1356	67 
1357	49 
1358	29 
1359	23 
1360	110 
1361	47 
1362	23 
1363	59 
1364	16 
1365	63 
1366	100 
1367	36 
1368	98 
1369	51 
1370	47 
1371	61 
1372	34 
1373	84 
1374	50 
1375	3 
1376	18 
1377	79 
1378	83 
1379	68 
1380	34 
1381	54 
1382	93 
1383	32 
1384	16 
1385	21 
1386	63 
1387	51 
1388	57 
1389	33 
1390	83 
1391	78 
1392	7 
1393	13 
1394	23 
1395	62 
1396	65 
1397	76 
1398	11 
1399	105 
1400	13 
1401	18 
1402	98 
1403	111 
1404	92 
1405	10 
1406	57 
1407	3 
1408	64 
1409	102 
1410	22 
1411	12 
1412	76 
1413	33 
1414	27 
1415	38 
1416	64 
1417	5 
1418	92 
1419	57 
1420	50 
1421	34 
1422	51 
1423	61 
1424	15 
1425	39 
1426	106 
1427	16 
1428	3 
1429	14 
1430	105 
1431	87 
1432	12 
1433	82 
1434	2 
1435	14 
1436	48 
1437	99 
1438	76 
1439	65 
1440	76 
1441	9 
1442	15 
1443	47 
1444	84 
1445	81 
1446	88 
1447	88 
1448	36 
1449	11 
1450	3 
1451	2 
1452	83 
1453	76 
1454	4 
1455	98 
1456	99 
1457	83 
1458	74 
1459	18 
1460	83 
1461	95 
1462	29 
1463	32 
1464	86 
1465	35 
1466	66 
1467	94 
1468	75 
1469	34 
1470	22 
1471	13 
1472	68 
1473	63 
1474	2 
1475	101 
1476	3 
1477	53 
1478	16 
1479	12 
1480	5 
1481	63 
1482	93 
1483	10 
1484	96 
1485	44 
1486	92 
1487	106 
1488	100 
1489	24 
1490	85 
1491	89 
1492	1 
1493	5 
1494	9 
1495	61 
1496	29 
1497	47 
1498	25 
1499	7 
1500	37 
1501	45 
1502	10 
1503	91 
1504	108 
1505	86 
1506	37 
1507	64 
1508	92 
1509	108 
1510	40 
1511	67 
1512	6 
1513	23 
1514	3 
1515	19 
1516	57 
1517	36 
1518	42 
1519	8 
1520	101 
1521	54 
1522	69 
1523	13 
1524	62 
1525	29 
1526	63 
1527	68 
1528	4 
1529	33 
1530	80 
1531	26 
1532	65 
1533	65 
1534	97 
1535	64 
1536	40 
1537	26 
1538	16 
1539	92 
1540	32 
1541	75 
1542	91 
1543	18 
1544	86 
1545	3 
1546	95 
1547	15 
1548	47 
1549	73 
1550	37 
1551	41 
1552	107 
1553	64 
1554	17 
1555	92 
1556	74 
1557	81 
1558	63 
1559	29 
1560	49 
1561	37 
1562	94 
1563	3 
1564	3 
1565	16 
1566	22 
1567	76 
1568	101 
1569	35 
1570	95 
1571	67 
1572	107 
1573	20 
1574	89 
1575	99 
1576	92 
1577	11 
1578	92 
1579	59 
1580	99 
1581	73 
1582	42 
1583	59 
1584	111 
1585	98 
1586	2 
1587	73 
1588	104 
1589	109 
1590	7 
1591	4 
1592	52 
1593	108 
1594	36 
1595	97 
1596	48 
1597	15 
1598	105 
1599	23 
1600	108 
1601	73 
1602	89 
1603	50 
1604	4 
1605	101 
1606	34 
1607	99 
1608	96 
1609	104 
1610	39 
1611	23 
1612	83 
1613	38 
1614	95 
1615	77 
1616	71 
1617	11 
1618	67 
1619	41 
1620	5 
1621	15 
1622	7 
1623	8 
1624	75 
1625	65 
1626	92 
1627	92 
1628	102 
1629	69 
1630	24 
1631	7 
1632	44 
1633	11 
1634	76 
1635	94 
1636	110 
1637	8 
1638	83 
1639	13 
1640	2 
1641	66 
1642	81 
1643	28 
1644	47 
1645	16 
1646	100 
1647	81 
1648	52 
1649	66 
1650	67 
1651	11 
1652	38 
1653	23 
1654	91 
1655	67 
1656	7 
1657	7 
1658	47 
1659	96 
1660	14 
1661	99 
1662	83 
1663	34 
1664	76 
1665	68 
1666	37 
1667	11 
1668	50 
1669	94 
1670	67 
1671	66 
1672	37 
1673	69 
1674	108 
1675	9 
1676	6 
1677	76 
1678	15 
1679	19 
1680	87 
1681	85 
1682	93 
1683	85 
1684	57 
1685	76 
1686	16 
1687	61 
1688	15 
1689	95 
1690	6 
1691	52 
1692	96 
1693	105 
1694	79 
1695	23 
1696	28 
1697	16 
1698	34 
1699	83 
1700	91 
1701	49 
1702	50 
1703	80 
1704	94 
1705	92 
1706	44 
1707	14 
1708	92 
1709	36 
1710	34 
1711	33 
1712	22 
1713	57 
1714	7 
1715	7 
1716	15 
1717	47 
1718	79 
1719	51 
1720	63 
1721	92 
1722	8 
1723	10 
1724	81 
1725	111 
1726	92 
1727	59 
1728	79 
1729	38 
1730	83 
1731	6 
1732	15 
1733	92 
1734	56 
1735	15 
1736	62 
1737	2 
1738	15 
1739	34 
1740	3 
1741	102 
1742	104 
1743	99 
1744	73 
1745	83 
1746	3 
1747	80 
1748	5 
1749	55 
1750	16 
1751	25 
1752	12 
1753	10 
1754	88 
1755	56 
1756	95 
1757	39 
1758	12 
1759	16 
1760	45 
1761	67 
1762	24 
1763	63 
1764	54 
1765	16 
1766	53 
1767	2 
1768	96 
1769	86 
1770	62 
1771	43 
1772	32 
1773	15 
1774	64 
1775	40 
1776	63 
1777	5 
1778	68 
1779	5 
1780	86 
1781	54 
1782	71 
1783	110 
1784	20 
1785	111 
1786	50 
1787	24 
1788	95 
1789	96 
1790	100 
1791	99 
1792	50 
1793	7 
1794	89 
1795	101 
1796	58 
1797	56 
1798	66 
1799	75 
1800	78 
1801	13 
1802	74 
1803	96 
1804	89 
1805	51 
1806	32 
1807	95 
1808	2 
1809	99 
1810	34 
1811	42 
1812	68 
1813	73 
1814	106 
1815	52 
1816	69 
1817	52 
1818	68 
1819	31 
1820	41 
1821	101 
1822	13 
1823	110 
1824	76 
1825	37 
1826	110 
1827	101 
1828	84 
1829	68 
1830	91 
1831	78 
1832	63 
1833	109 
1834	23 
1835	88 
1836	33 
1837	94 
1838	42 
1839	111 
1840	15 
1841	18 
1842	38 
1843	41 
1844	76 
1845	94 
1846	8 
1847	70 
1848	63 
1849	108 
1850	111 
1851	16 
1852	100 
1853	95 
1854	23 
1855	89 
1856	50 
1857	12 
1858	39 
1859	22 
1860	105 
1861	79 
1862	94 
1863	19 
1864	2 
1865	68 
1866	44 
1867	77 
1868	67 
1869	89 
1870	19 
1871	10 
1872	108 
1873	11 
1874	8 
1875	96 
1876	23 
1877	34 
1878	85 
1879	11 
1880	57 
1881	3 
1882	56 
1883	2 
1884	15 
1885	30 
1886	100 
1887	23 
1888	76 
1889	23 
1890	64 
1891	12 
1892	92 
1893	42 
1894	42 
1895	34 
1896	67 
1897	93 
1898	25 
1899	70 
1900	61 
1901	16 
1902	22 
1903	93 
1904	68 
1905	28 
1906	76 
1907	3 
1908	73 
1909	95 
1910	15 
1911	43 
1912	46 
1913	23 
1914	65 
1915	78 
1916	47 
1917	75 
1918	40 
1919	92 
1920	63 
1921	106 
1922	5 
1923	92 
1924	71 
1925	108 
1926	19 
1927	12 
1928	94 
1929	89 
1930	1 
1931	56 
1932	5 
1933	102 
1934	73 
1935	17 
1936	13 
1937	24 
1938	12 
1939	45 
1940	16 
1941	99 
1942	23 
1943	41 
1944	111 
1945	62 
1946	75 
1947	10 
1948	39 
1949	5 
1950	88 
1951	76 
1952	22 
1953	41 
1954	101 
1955	7 
1956	37 
1957	16 
1958	83 
1959	74 
1960	102 
1961	85 
1962	39 
1963	6 
1964	99 
1965	65 
1966	34 
1967	76 
1968	88 
1969	11 
1970	64 
1971	106 
1972	16 
1973	43 
1974	2 
1975	56 
1976	73 
1977	64 
1978	100 
1979	64 
1980	13 
1981	16 
1982	76 
1983	45 
1984	16 
1985	105 
1986	2 
1987	3 
1988	41 
1989	64 
1990	64 
1991	68 
1992	57 
1993	16 
1994	76 
1995	7 
1996	17 
1997	108 
1998	71 
1999	26 
2000	11 
2001	32 
2002	57 
2003	5 
2004	62 
2005	7 
2006	6 
2007	63 
2008	45 
2009	79 
2010	3 
2011	76 
2012	59 
2013	11 
2014	28 
2015	32 
2016	47 
2017	67 
2018	3 
2019	70 
2020	28 
2021	42 
2022	56 
2023	67 
2024	19 
2025	109 
2026	44 
2027	94 
2028	60 
2029	101 
2030	80 
2031	50 
2032	108 
2033	54 
2034	37 
2035	52 
2036	41 
2037	52 
2038	2 
2039	86 
2040	51 
2041	99 
2042	7 
2043	99 
2044	100 
2045	16 
2046	53 
2047	79 
2048	54 
2049	2 
2050	73 
2051	65 
2052	107 
2053	72 
2054	108 
2055	62 
2056	25 
2057	111 
2058	79 
2059	76 
2060	1 
2061	63 
2062	23 
2063	71 
2064	79 
2065	29 
2066	64 
2067	9 
2068	95 
2069	75 
2070	111 
2071	79 
2072	11 
2073	106 
2074	81 
2075	64 
2076	95 
2077	85 
2078	99 
2079	7 
2080	31 
2081	34 
2082	39 
2083	111 
2084	77 
2085	10 
2086	108 
2087	106 
2088	52 
2089	108 
2090	10 
2091	29 
2092	95 
2093	11 
2094	25 
2095	111 
2096	79 
2097	97 
2098	11 
2099	5 
2100	15 
2101	41 
2102	86 
2103	99 
2104	46 
2105	10 
2106	6 
2107	88 
2108	106 
2109	19 
2110	4 
2111	40 
2112	28 
2113	109 
2114	74 
2115	106 
2116	95 
2117	81 
2118	32 
2119	94 
2120	45 
2121	20 
2122	33 
2123	45 
2124	99 
2125	17 
2126	27 
2127	61 
2128	31 
2129	32 
2130	81 
2131	71 
2132	55 
2133	42 
2134	97 
2135	7 
2136	72 
2137	92 
2138	6 
2139	42 
2140	3 
2141	73 
2142	3 
2143	23 
2144	32 
2145	3 
2146	91 
2147	52 
2148	83 
2149	15 
2150	99 
2151	59 
2152	85 
2153	9 
2154	33 
2155	96 
2156	16 
2157	71 
2158	76 
2159	101 
2160	79 
2161	41 
2162	110 
2163	79 
2164	69 
2165	19 
2166	99 
2167	12 
2168	7 
2169	34 
2170	35 
2171	19 
2172	33 
2173	47 
2174	50 
2175	83 
2176	70 
2177	77 
2178	95 
2179	92 
2180	63 
2181	73 
2182	34 
2183	100 
2184	49 
2185	34 
2186	19 
2187	82 
2188	32 
2189	96 
2190	110 
2191	34 
2192	47 
2193	3 
2194	94 
2195	9 
2196	80 
2197	1 
2198	2 
2199	6 
2200	15 
2201	99 
2202	69 
2203	47 
2204	81 
2205	67 
2206	97 
2207	57 
2208	59 
2209	40 
2210	15 
2211	23 
2212	48 
2213	50 
2214	50 
2215	35 
2216	29 
2217	7 
2218	44 
2219	7 
2220	11 
2221	105 
2222	108 
2223	73 
2224	19 
2225	23 
2226	92 
2227	6 
2228	63 
2229	11 
2230	96 
2231	5 
2232	36 
2233	42 
2234	41 
2235	2 
2236	103 
2237	64 
2238	96 
2239	34 
2240	11 
2241	76 
2242	99 
2243	75 
2244	29 
2245	29 
2246	29 
2247	75 
2248	83 
2249	66 
2250	34 
2251	28 
2252	55 
2253	81 
2254	22 
2255	33 
2256	89 
2257	47 
2258	7 
2259	59 
2260	59 
2261	76 
2262	99 
2263	59 
2264	67 
2265	48 
2266	33 
2267	28 
2268	72 
2269	64 
2270	83 
2271	97 
2272	73 
2273	45 
2274	68 
2275	27 
2276	34 
2277	19 
2278	41 
2279	33 
2280	62 
2281	104 
2282	72 
2283	29 
2284	54 
2285	68 
2286	16 
2287	81 
2288	89 
2289	111 
2290	42 
2291	34 
2292	66 
2293	45 
2294	61 
2295	96 
2296	42 
2297	55 
2298	22 
2299	90 
2300	3 
2301	51 
2302	92 
2303	34 
2304	16 
2305	10 
2306	7 
2307	16 
2308	58 
2309	82 
2310	36 
2311	6 
2312	79 
2313	22 
2314	25 
2315	11 
2316	43 
2317	34 
2318	93 
2319	111 
2320	104 
2321	8 
2322	5 
2323	66 
2324	91 
2325	87 
2326	108 
2327	57 
2328	55 
2329	89 
2330	30 
2331	91 
2332	32 
2333	81 
2334	35 
2335	47 
2336	92 
2337	103 
2338	63 
2339	18 
2340	96 
2341	28 
2342	7 
2343	67 
2344	34 
2345	102 
2346	23 
2347	63 
2348	96 
2349	32 
2350	63 
2351	46 
2352	64 
2353	70 
2354	27 
2355	3 
2356	50 
2357	96 
2358	55 
2359	95 
2360	65 
2361	92 
2362	76 
2363	49 
2364	15 
2365	30 
2366	52 
2367	49 
2368	64 
2369	18 
2370	23 
2371	68 
2372	78 
2373	3 
2374	2 
2375	8 
2376	18 
2377	63 
2378	62 
2379	110 
2380	51 
2381	64 
2382	52 
2383	75 
2384	9 
2385	48 
2386	108 
2387	78 
2388	95 
2389	111 
2390	24 
2391	111 
2392	109 
2393	15 
2394	59 
2395	52 
2396	52 
2397	32 
2398	3 
2399	108 
2400	34 
2401	19 
2402	40 
2403	29 
2404	69 
2405	48 
2406	34 
2407	6 
2408	13 
2409	90 
2410	29 
2411	28 
2412	85 
2413	91 
2414	69 
2415	44 
2416	88 
2417	42 
2418	2 
2419	100 
2420	15 
2421	20 
2422	111 
2423	92 
2424	83 
2425	19 
2426	29 
2427	108 
2428	30 
2429	4 
2430	34 
2431	23 
2432	80 
2433	100 
2434	68 
2435	110 
2436	111 
2437	59 
2438	83 
2439	59 
2440	96 
2441	101 
2442	79 
2443	41 
2444	73 
2445	41 
2446	76 
2447	38 
2448	59 
2449	50 
2450	108 
2451	19 
2452	100 
2453	63 
2454	110 
2455	28 
2456	5 
2457	23 
2458	56 
2459	107 
2460	68 
2461	56 
2462	93 
2463	18 
2464	7 
2465	75 
2466	88 
2467	61 
2468	102 
2469	17 
2470	95 
2471	109 
2472	29 
2473	8 
2474	95 
2475	17 
2476	100 
2477	85 
2478	11 
2479	95 
2480	31 
2481	111 
2482	59 
2483	90 
2484	59 
2485	87 
2486	61 
2487	104 
2488	102 
2489	99 
2490	34 
2491	109 
2492	91 
2493	27 
2494	35 
2495	111 
2496	79 
2497	99 
2498	85 
2499	95 
2500	25 
2501	51 
2502	4 
2503	36 
2504	92 
2505	3 
2506	10 
2507	96 
2508	76 
2509	22 
2510	95 
2511	52 
2512	76 
2513	42 
2514	89 
2515	95 
2516	85 
2517	17 
2518	37 
2519	32 
2520	72 
2521	11 
2522	105 
2523	8 
2524	5 
2525	33 
2526	56 
2527	91 
2528	8 
2529	92 
2530	11 
2531	92 
2532	3 
2533	91 
2534	36 
2535	36 
2536	96 
2537	34 
2538	56 
2539	44 
2540	11 
2541	105 
2542	21 
2543	67 
2544	101 
2545	106 
2546	104 
2547	89 
2548	19 
2549	49 
2550	62 
2551	67 
2552	78 
2553	59 
2554	37 
2555	5 
2556	57 
2557	97 
2558	108 
2559	34 
2560	38 
2561	111 
2562	99 
2563	91 
2564	102 
2565	85 
2566	101 
2567	76 
2568	89 
2569	52 
2570	107 
2571	15 
2572	59 
2573	56 
2574	6 
2575	99 
2576	83 
2577	15 
2578	63 
2579	65 
2580	29 
2581	4 
2582	106 
2583	3 
2584	41 
2585	104 
2586	12 
2587	106 
2588	31 
2589	34 
2590	2 
2591	100 
2592	82 
2593	69 
2594	73 
2595	23 
2596	75 
2597	53 
2598	110 
2599	6 
2600	43 
2601	15 
2602	13 
2603	90 
2604	102 
2605	2 
2606	111 
2607	51 
2608	59 
2609	45 
2610	97 
2611	87 
2612	83 
2613	95 
2614	64 
2615	81 
2616	96 
2617	111 
2618	69 
2619	79 
2620	76 
2621	57 
2622	15 
2623	48 
2624	41 
2625	67 
2626	66 
2627	11 
2628	19 
2629	9 
2630	61 
2631	56 
2632	33 
2633	61 
2634	71 
2635	111 
2636	4 
2637	100 
2638	62 
2639	22 
2640	15 
2641	11 
2642	89 
2643	88 
2644	41 
2645	49 
2646	33 
2647	17 
2648	64 
2649	30 
2650	63 
2651	25 
2652	62 
2653	106 
2654	3 
2655	58 
2656	23 
2657	48 
2658	71 
2659	40 
2660	34 
2661	2 
2662	76 
2663	11 
2664	87 
2665	9 
2666	109 
2667	11 
2668	36 
2669	39 
2670	108 
2671	91 
2672	96 
2673	10 
2674	32 
2675	2 
2676	14 
2677	13 
2678	50 
2679	95 
2680	34 
2681	48 
2682	15 
2683	29 
2684	92 
2685	59 
2686	92 
2687	16 
2688	91 
2689	28 
2690	109 
2691	6 
2692	30 
2693	73 
2694	92 
2695	47 
2696	28 
2697	92 
2698	85 
2699	103 
2700	70 
2701	15 
2702	35 
2703	41 
2704	59 
2705	78 
2706	28 
2707	10 
2708	45 
2709	15 
2710	7 
2711	5 
2712	105 
2713	47 
2714	23 
2715	34 
2716	23 
2717	78 
2718	83 
2719	65 
2720	6 
2721	76 
2722	21 
2723	22 
2724	85 
2725	15 
2726	94 
2727	71 
2728	79 
2729	13 
2730	15 
2731	108 
2732	62 
2733	86 
2734	50 
2735	58 
2736	22 
2737	28 
2738	20 
2739	23 
2740	85 
2741	87 
2742	71 
2743	38 
2744	96 
2745	55 
2746	69 
2747	11 
2748	76 
2749	49 
2750	103 
2751	33 
2752	109 
2753	2 
2754	107 
2755	88 
2756	54 
2757	33 
2758	32 
2759	19 
2760	34 
2761	28 
2762	75 
2763	109 
2764	12 
2765	99 
2766	47 
2767	79 
2768	99 
2769	28 
2770	5 
2771	76 
2772	50 
2773	3 
2774	96 
2775	53 
2776	42 
2777	10 
2778	5 
2779	47 
2780	29 
2781	69 
2782	59 
2783	83 
2784	62 
2785	62 
2786	88 
2787	80 
2788	104 
2789	19 
2790	56 
2791	95 
2792	78 
2793	94 
2794	58 
2795	67 
2796	9 
2797	41 
2798	95 
2799	69 
2800	73 
2801	47 
2802	108 
2803	110 
2804	39 
2805	57 
2806	103 
2807	85 
2808	19 
2809	51 
2810	13 
2811	62 
2812	75 
2813	29 
2814	25 
2815	16 
2816	34 
2817	11 
2818	15 
2819	28 
2820	7 
2821	51 
2822	21 
2823	68 
2824	48 
2825	16 
2826	34 
2827	99 
2828	64 
2829	32 
2830	15 
2831	4 
2832	74 
2833	107 
2834	27 
2835	18 
2836	6 
2837	14 
2838	28 
2839	34 
2840	101 
2841	105 
2842	37 
2843	15 
2844	98 
2845	79 
2846	26 
2847	69 
2848	77 
2849	10 
2850	7 
2851	59 
2852	92 
2853	32 
2854	41 
2855	55 
2856	95 
2857	64 
2858	64 
2859	102 
2860	52 
2861	93 
2862	52 
2863	32 
2864	29 
2865	81 
2866	79 
2867	108 
2868	111 
2869	35 
2870	106 
2871	14 
2872	2 
2873	50 
2874	54 
2875	64 
2876	108 
2877	23 
2878	52 
2879	2 
2880	22 
2881	108 
2882	80 
2883	15 
2884	89 
2885	75 
2886	11 
2887	80 
2888	66 
2889	105 
2890	43 
2891	3 
2892	25 
2893	61 
2894	108 
2895	6 
2896	56 
2897	60 
2898	6 
2899	32 
2900	15 
2901	77 
2902	96 
2903	10 
2904	64 
2905	9 
2906	75 
2907	68 
2908	3 
2909	89 
2910	96 
2911	41 
2912	15 
2913	35 
2914	74 
2915	7 
2916	82 
2917	95 
2918	47 
2919	95 
2920	44 
2921	50 
2922	78 
2923	68 
2924	73 
2925	5 
2926	42 
2927	25 
2928	111 
2929	96 
2930	61 
2931	47 
2932	79 
2933	98 
2934	57 
2935	67 
2936	88 
2937	81 
2938	79 
2939	7 
2940	52 
2941	78 
2942	67 
2943	94 
2944	51 
2945	34 
2946	79 
2947	39 
2948	52 
2949	109 
2950	40 
2951	57 
2952	11 
2953	81 
2954	55 
2955	42 
2956	55 
2957	80 
2958	90 
2959	108 
2960	53 
2961	20 
2962	11 
2963	86 
2964	73 
2965	39 
2966	92 
2967	108 
2968	82 
2969	52 
2970	4 
2971	35 
2972	3 
2973	32 
2974	36 
2975	69 
2976	75 
2977	81 
2978	23 
2979	23 
2980	78 
2981	52 
2982	84 
2983	50 
2984	31 
2985	56 
2986	78 
2987	32 
2988	95 
2989	10 
2990	83 
2991	8 
2992	81 
2993	56 
2994	104 
2995	57 
2996	20 
2997	87 
2998	8 
2999	68 
3000	28 
3001	15 
3002	13 
3003	29 
3004	66 
3005	46 
3006	47 
3007	36 
3008	52 
3009	43 
3010	106 
3011	110 
3012	64 
3013	64 
3014	28 
3015	34 
3016	47 
3017	72 
3018	1 
3019	67 
3020	31 
3021	81 
3022	3 
3023	109 
3024	12 
3025	93 
3026	92 
3027	83 
3028	62 
3029	78 
3030	8 
3031	27 
3032	11 
3033	29 
3034	67 
3035	24 
3036	38 
3037	95 
3038	107 
3039	25 
3040	69 
3041	99 
3042	62 
3043	76 
3044	70 
3045	13 
3046	8 
3047	70 
3048	29 
3049	53 
3050	88 
3051	76 
3052	56 
3053	92 
3054	74 
3055	41 
3056	12 
3057	11 
3058	80 
3059	52 
3060	46 
3061	96 
3062	56 
3063	9 
3064	108 
3065	60 
3066	94 
3067	110 
3068	110 
3069	48 
3070	39 
3071	62 
3072	69 
3073	6 
3074	69 
3075	1 
3076	67 
3077	92 
3078	99 
3079	7 
3080	56 
3081	76 
3082	58 
3083	34 
3084	68 
3085	63 
3086	15 
3087	29 
3088	57 
3089	98 
3090	83 
3091	105 
3092	35 
3093	1 
3094	23 
3095	88 
3096	69 
3097	101 
3098	80 
3099	73 
3100	81 
3101	15 
3102	26 
3103	71 
3104	20 
3105	38 
3106	62 
3107	41 
3108	20 
3109	39 
3110	24 
3111	108 
3112	7 
3113	27 
3114	80 
3115	63 
3116	12 
3117	109 
3118	14 
3119	64 
3120	4 
3121	56 
3122	76 
3123	41 
3124	6 
3125	76 
3126	71 
3127	58 
3128	66 
3129	18 
3130	22 
3131	56 
3132	29 
3133	96 
3134	26 
3135	96 
3136	65 
3137	13 
3138	16 
3139	76 
3140	5 
3141	106 
3142	105 
3143	78 
3144	32 
3145	71 
3146	108 
3147	92 
3148	5 
3149	91 
3150	1 
3151	25 
3152	109 
3153	67 
3154	3 
3155	67 
3156	88 
3157	64 
3158	71 
3159	59 
3160	5 
3161	87 
3162	41 
3163	98 
3164	4 
3165	62 
3166	78 
3167	41 
3168	103 
3169	18 
3170	61 
3171	50 
3172	76 
3173	99 
3174	70 
3175	104 
3176	29 
3177	86 
3178	45 
3179	22 
3180	89 
3181	108 
3182	70 
3183	82 
3184	52 
3185	107 
3186	77 
3187	99 
3188	16 
3189	1 
3190	47 
3191	26 
3192	89 
3193	13 
3194	66 
3195	20 
3196	110 
3197	6 
3198	83 
3199	80 
3200	83 
3201	33 
3202	101 
3203	68 
3204	2 
3205	32 
3206	32 
3207	78 
3208	108 
3209	81 
3210	37 
3211	33 
3212	48 
3213	104 
3214	11 
3215	3 
3216	34 
3217	8 
3218	67 
3219	72 
3220	27 
3221	15 
3222	90 
3223	83 
3224	15 
3225	81 
3226	103 
3227	56 
3228	104 
3229	58 
3230	82 
3231	9 
3232	48 
3233	96 
3234	55 
3235	105 
3236	5 
3237	67 
3238	2 
3239	83 
3240	108 
3241	28 
3242	84 
3243	48 
3244	81 
3245	22 
3246	92 
3247	111 
3248	67 
3249	78 
3250	56 
3251	111 
3252	79 
3253	111 
3254	16 
3255	63 
3256	9 
3257	86 
3258	87 
3259	99 
3260	99 
3261	64 
3262	9 
3263	15 
3264	7 
3265	49 
3266	64 
3267	7 
3268	39 
3269	45 
3270	12 
3271	110 
3272	110 
3273	19 
3274	67 
3275	65 
3276	83 
3277	50 
3278	64 
3279	62 
3280	52 
3281	88 
3282	41 
3283	73 
3284	88 
3285	60 
3286	79 
3287	41 
3288	41 
3289	89 
3290	83 
3291	47 
3292	14 
3293	10 
3294	50 
3295	99 
3296	7 
3297	73 
3298	12 
3299	33 
3300	59 
3301	64 
3302	9 
3303	33 
3304	16 
3305	7 
3306	97 
3307	59 
3308	24 
3309	4 
3310	87 
3311	14 
3312	11 
3313	64 
3314	100 
3315	15 
3316	33 
3317	89 
3318	3 
3319	33 
3320	86 
3321	16 
3322	57 
3323	111 
3324	56 
3325	27 
3326	92 
3327	64 
3328	102 
3329	44 
3330	72 
3331	99 
3332	81 
3333	66 
3334	43 
3335	102 
3336	108 
3337	86 
3338	23 
3339	57 
3340	52 
3341	59 
3342	23 
3343	46 
3344	3 
3345	109 
3346	5 
3347	54 
3348	68 
3349	99 
3350	13 
3351	3 
3352	13 
3353	57 
3354	91 
3355	10 
3356	23 
3357	76 
3358	71 
3359	24 
3360	76 
3361	49 
3362	54 
3363	79 
3364	99 
3365	104 
3366	79 
3367	33 
3368	55 
3369	62 
3370	110 
3371	76 
3372	33 
3373	64 
3374	76 
3375	33 
3376	104 
3377	105 
3378	27 
3379	52 
3380	26 
3381	89 
3382	34 
3383	15 
3384	109 
3385	14 
3386	93 
3387	4 
3388	27 
3389	39 
3390	75 
3391	19 
3392	63 
3393	32 
3394	68 
3395	89 
3396	24 
3397	11 
3398	76 
3399	47 
3400	63 
3401	3 
3402	41 
3403	3 
3404	7 
3405	60 
3406	46 
3407	70 
3408	72 
3409	60 
3410	80 
3411	84 
3412	54 
3413	98 
3414	35 
3415	57 
3416	86 
3417	13 
3418	103 
3419	2 
3420	32 
3421	92 
3422	25 
3423	54 
3424	79 
3425	32 
3426	5 
3427	64 
3428	78 
3429	15 
3430	5 
3431	99 
3432	92 
3433	35 
3434	32 
3435	96 
3436	51 
3437	66 
3438	9 
3439	104 
3440	62 
3441	78 
3442	16 
3443	33 
3444	106 
3445	7 
3446	63 
3447	108 
3448	2 
3449	76 
3450	104 
3451	37 
3452	57 
3453	91 
3454	5 
3455	7 
3456	79 
3457	34 
3458	53 
3459	92 
3460	92 
3461	86 
3462	6 
3463	9 
3464	6 
3465	18 
3466	41 
3467	21 
3468	52 
3469	15 
3470	41 
3471	51 
3472	28 
3473	84 
3474	31 
3475	106 
3476	29 
3477	30 
3478	26 
3479	10 
3480	85 
3481	63 
3482	15 
3483	48 
3484	100 
3485	47 
3486	37 
3487	83 
3488	67 
3489	85 
3490	48 
3491	99 
3492	61 
3493	85 
3494	56 
3495	49 
3496	56 
3497	5 
3498	33 
3499	74 
3500	99 
3501	60 
3502	14 
3503	17 
3504	69 
3505	71 
3506	3 
3507	43 
3508	54 
3509	97 
3510	85 
3511	85 
3512	7 
3513	9 
3514	96 
3515	24 
3516	96 
3517	57 
3518	76 
3519	27 
3520	25 
3521	84 
3522	6 
3523	108 
3524	81 
3525	100 
3526	6 
3527	51 
3528	90 
3529	62 
3530	99 
3531	22 
3532	50 
3533	29 
3534	108 
3535	107 
3536	89 
3537	56 
3538	109 
3539	23 
3540	31 
3541	30 
3542	5 
3543	52 
3544	11 
3545	91 
3546	95 
3547	57 
3548	59 
3549	75 
3550	96 
3551	5 
3552	57 
3553	100 
3554	92 
3555	41 
3556	82 
3557	42 
3558	100 
3559	4 
3560	34 
3561	7 
3562	39 
3563	66 
3564	86 
3565	73 
3566	109 
3567	46 
3568	7 
3569	85 
3570	104 
3571	111 
3572	104 
3573	103 
3574	81 
3575	102 
3576	75 
3577	108 
3578	106 
3579	73 
3580	7 
3581	90 
3582	79 
3583	55 
3584	85 
3585	98 
3586	3 
3587	11 
3588	68 
3589	29 
3590	3 
3591	73 
3592	11 
3593	108 
3594	58 
3595	110 
3596	23 
3597	85 
3598	9 
3599	86 
3600	59 
3601	34 
3602	8 
3603	56 
3604	5 
3605	96 
3606	52 
3607	94 
3608	47 
3609	86 
3610	23 
3611	27 
3612	83 
3613	35 
3614	106 
3615	68 
3616	21 
3617	42 
3618	84 
3619	38 
3620	23 
3621	52 
3622	11 
3623	13 
3624	91 
3625	102 
3626	67 
3627	13 
3628	81 
3629	32 
3630	94 
3631	79 
3632	86 
3633	111 
3634	38 
3635	104 
3636	21 
3637	51 
3638	52 
3639	76 
3640	19 
3641	5 
3642	106 
3643	2 
3644	77 
3645	25 
3646	111 
3647	15 
3648	10 
3649	82 
3650	55 
3651	47 
3652	16 
3653	63 
3654	99 
3655	62 
3656	99 
3657	4 
3658	23 
3659	41 
3660	39 
3661	8 
3662	23 
3663	25 
3664	82 
3665	82 
3666	65 
3667	99 
3668	95 
3669	89 
3670	104 
3671	53 
3672	32 
3673	102 
3674	76 
3675	63 
3676	90 
3677	56 
3678	108 
3679	48 
3680	55 
3681	7 
3682	33 
3683	11 
3684	89 
3685	89 
3686	33 
3687	27 
3688	99 
3689	8 
3690	81 
3691	30 
3692	83 
3693	13 
3694	94 
3695	44 
3696	32 
3697	89 
3698	82 
3699	104 
3700	61 
3701	23 
3702	26 
3703	52 
3704	83 
3705	81 
3706	3 
3707	36 
3708	2 
3709	98 
3710	2 
3711	9 
3712	39 
3713	84 
3714	44 
3715	91 
3716	78 
3717	28 
3718	110 
3719	40 
3720	61 
3721	93 
3722	99 
3723	18 
3724	110 
3725	86 
3726	62 
3727	75 
3728	99 
3729	86 
3730	32 
3731	7 
3732	58 
3733	5 
3734	34 
3735	9 
3736	25 
3737	54 
3738	41 
3739	72 
3740	7 
3741	13 
3742	91 
3743	97 
3744	92 
3745	32 
3746	106 
3747	30 
3748	47 
3749	83 
3750	78 
3751	32 
3752	22 
3753	47 
3754	59 
3755	11 
3756	68 
3757	40 
3758	54 
3759	109 
3760	5 
3761	100 
3762	80 
3763	18 
3764	30 
3765	15 
3766	30 
3767	77 
3768	2 
3769	93 
3770	76 
3771	96 
3772	58 
3773	40 
3774	92 
3775	87 
3776	98 
3777	7 
3778	5 
3779	43 
3780	108 
3781	85 
3782	8 
3783	36 
3784	68 
3785	42 
3786	110 
3787	75 
3788	68 
3789	62 
3790	111 
3791	81 
3792	52 
3793	108 
3794	19 
3795	93 
3796	64 
3797	67 
3798	96 
3799	64 
3800	110 
3801	79 
3802	76 
3803	16 
3804	22 
3805	63 
3806	68 
3807	50 
3808	41 
3809	15 
3810	63 
3811	69 
3812	107 
3813	59 
3814	45 
3815	93 
3816	75 
3817	67 
3818	109 
3819	6 
3820	62 
3821	78 
3822	92 
3823	95 
3824	73 
3825	76 
3826	83 
3827	3 
3828	92 
3829	52 
3830	60 
3831	18 
3832	99 
3833	57 
3834	77 
3835	99 
3836	51 
3837	92 
3838	108 
3839	78 
3840	45 
3841	70 
3842	83 
3843	55 
3844	99 
3845	79 
3846	23 
3847	58 
3848	63 
3849	74 
3850	51 
3851	47 
3852	32 
3853	101 
3854	46 
3855	19 
3856	20 
3857	101 
3858	77 
3859	25 
3860	63 
3861	70 
3862	2 
3863	109 
3864	106 
3865	106 
3866	110 
3867	78 
3868	105 
3869	85 
3870	97 
3871	108 
3872	13 
3873	36 
3874	91 
3875	98 
3876	53 
3877	76 
3878	100 
3879	64 
3880	66 
3881	108 
3882	28 
3883	23 
3884	56 
3885	2 
3886	9 
3887	72 
3888	110 
3889	55 
3890	13 
3891	29 
3892	19 
3893	66 
3894	2 
3895	77 
3896	7 
3897	13 
3898	54 
3899	60 
3900	4 
3901	62 
3902	58 
3903	42 
3904	95 
3905	86 
3906	99 
3907	2 
3908	27 
3909	100 
3910	64 
3911	7 
3912	96 
3913	44 
3914	7 
3915	34 
3916	5 
3917	85 
3918	16 
3919	106 
3920	7 
3921	56 
3922	6 
3923	100 
3924	20 
3925	92 
3926	30 
3927	5 
3928	39 
3929	41 
3930	108 
3931	3 
3932	70 
3933	30 
3934	92 
3935	22 
3936	15 
3937	68 
3938	101 
3939	53 
3940	95 
3941	91 
3942	73 
3943	16 
3944	97 
3945	109 
3946	41 
3947	5 
3948	81 
3949	32 
3950	68 
3951	92 
3952	64 
3953	63 
3954	42 
3955	30 
3956	103 
3957	81 
3958	50 
3959	97 
3960	99 
3961	71 
3962	95 
3963	44 
3964	99 
3965	103 
3966	1 
3967	30 
3968	110 
3969	106 
3970	94 
3971	39 
3972	104 
3973	39 
3974	23 
3975	108 
3976	14 
3977	14 
3978	48 
3979	77 
3980	68 
3981	88 
3982	88 
3983	109 
3984	6 
3985	64 
3986	63 
3987	2 
3988	87 
3989	5 
3990	75 
3991	42 
3992	5 
3993	2 
3994	11 
3995	99 
3996	34 
3997	10 
3998	36 
3999	108 
4000	52 
4001	3 
4002	46 
4003	39 
4004	1 
4005	2 
4006	72 
4007	15 
4008	2 
4009	75 
4010	37 
4011	35 
4012	42 
4013	79 
4014	62 
4015	2 
4016	11 
4017	41 
4018	99 
4019	90 
4020	19 
4021	59 
4022	68 
4023	11 
4024	56 
4025	31 
4026	31 
4027	48 
4028	85 
4029	96 
4030	39 
4031	81 
4032	41 
4033	80 
4034	27 
4035	23 
4036	9 
4037	78 
4038	32 
4039	3 
4040	52 
4041	27 
4042	79 
4043	49 
4044	34 
4045	76 
4046	54 
4047	38 
4048	59 
4049	74 
4050	71 
4051	19 
4052	51 
4053	103 
4054	96 
4055	103 
4056	79 
4057	79 
4058	2 
4059	65 
4060	16 
4061	52 
4062	11 
4063	48 
4064	108 
4065	110 
4066	48 
4067	92 
4068	30 
4069	11 
4070	66 
4071	2 
4072	84 
4073	88 
4074	89 
4075	99 
4076	81 
4077	77 
4078	30 
4079	59 
4080	46 
4081	34 
4082	62 
4083	66 
4084	60 
4085	57 
4086	108 
4087	96 
4088	61 
4089	99 
4090	75 
4091	52 
4092	48 
4093	23 
4094	15 
4095	104 
4096	11 
4097	79 
4098	108 
4099	31 
4100	69 
4101	50 
4102	7 
4103	95 
4104	11 
4105	95 
4106	10 
4107	69 
4108	69 
4109	38 
4110	92 
4111	4 
4112	61 
4113	33 
4114	32 
4115	80 
4116	7 
4117	36 
4118	111 
4119	11 
4120	32 
4121	79 
4122	100 
4123	47 
4124	33 
4125	61 
4126	96 
4127	13 
4128	50 
4129	109 
4130	47 
4131	26 
4132	13 
4133	95 
4134	41 
4135	92 
4136	15 
4137	39 
4138	33 
4139	34 
4140	67 
4141	62 
4142	13 
4143	92 
4144	105 
4145	108 
4146	63 
4147	44 
4148	5 
4149	80 
4150	83 
4151	19 
4152	43 
4153	21 
4154	79 
4155	106 
4156	86 
4157	22 
4158	25 
4159	84 
4160	62 
4161	37 
4162	52 
4163	101 
4164	23 
4165	100 
4166	23 
4167	63 
4168	42 
4169	109 
4170	110 
4171	76 
4172	71 
4173	79 
4174	83 
4175	58 
4176	85 
4177	73 
4178	101 
4179	108 
4180	42 
4181	15 
4182	104 
4183	75 
4184	63 
4185	41 
4186	61 
4187	62 
4188	102 
4189	7 
4190	108 
4191	109 
4192	73 
4193	56 
4194	108 
4195	25 
4196	32 
4197	74 
4198	32 
4199	111 
4200	12 
4201	54 
4202	111 
4203	71 
4204	2 
4205	11 
4206	72 
4207	108 
4208	106 
4209	28 
4210	64 
4211	78 
4212	28 
4213	41 
4214	93 
4215	111 
4216	95 
4217	23 
4218	75 
4219	10 
4220	5 
4221	4 
4222	83 
4223	92 
4224	77 
4225	59 
4226	89 
4227	87 
4228	85 
4229	61 
4230	85 
4231	44 
4232	79 
4233	67 
4234	96 
4235	106 
4236	95 
4237	61 
4238	96 
4239	3 
4240	56 
4241	20 
4242	60 
4243	30 
4244	88 
4245	61 
4246	52 
4247	35 
4248	21 
4249	89 
4250	32 
4251	26 
4252	38 
4253	32 
4254	109 
4255	99 
4256	35 
4257	56 
4258	110 
4259	15 
4260	18 
4261	100 
4262	101 
4263	87 
4264	57 
4265	61 
4266	100 
4267	81 
4268	105 
4269	26 
4270	21 
4271	83 
4272	1 
4273	15 
4274	59 
4275	5 
4276	39 
4277	59 
4278	71 
4279	32 
4280	17 
4281	96 
4282	63 
4283	92 
4284	106 
4285	55 
4286	62 
4287	106 
4288	19 
4289	14 
4290	34 
4291	86 
4292	40 
4293	67 
4294	15 
4295	106 
4296	92 
4297	109 
4298	37 
4299	109 
4300	103 
4301	96 
4302	94 
4303	58 
4304	99 
4305	25 
4306	27 
4307	52 
4308	79 
4309	104 
4310	45 
4311	52 
4312	101 
4313	91 
4314	45 
4315	35 
4316	92 
4317	46 
4318	52 
4319	92 
4320	56 
4321	41 
4322	31 
4323	51 
4324	42 
4325	110 
4326	47 
4327	32 
4328	10 
4329	85 
4330	21 
4331	78 
4332	76 
4333	19 
4334	64 
4335	97 
4336	63 
4337	85 
4338	83 
4339	60 
4340	47 
4341	61 
4342	56 
4343	79 
4344	99 
4345	92 
4346	33 
4347	10 
4348	65 
4349	60 
4350	52 
4351	9 
4352	38 
4353	96 
4354	91 
4355	93 
4356	3 
4357	35 
4358	96 
4359	4 
4360	56 
4361	63 
4362	87 
4363	10 
4364	57 
4365	39 
4366	109 
4367	29 
4368	34 
4369	9 
4370	40 
4371	28 
4372	33 
4373	3 
4374	41 
4375	47 
4376	75 
4377	109 
4378	109 
4379	52 
4380	73 
4381	51 
4382	10 
4383	56 
4384	108 
4385	76 
4386	3 
4387	91 
4388	15 
4389	107 
4390	41 
4391	20 
4392	99 
4393	70 
4394	77 
4395	89 
4396	15 
4397	49 
4398	32 
4399	108 
4400	3 
4401	75 
4402	93 
4403	45 
4404	109 
4405	99 
4406	53 
4407	109 
4408	28 
4409	77 
4410	76 
4411	3 
4412	32 
4413	2 
4414	79 
4415	77 
4416	54 
4417	100 
4418	46 
4419	90 
4420	19 
4421	107 
4422	6 
4423	64 
4424	109 
4425	34 
4426	63 
4427	101 
4428	71 
4429	59 
4430	54 
4431	110 
4432	3 
4433	11 
4434	65 
4435	110 
4436	24 
4437	13 
4438	6 
4439	61 
4440	29 
4441	21 
4442	79 
4443	88 
4444	82 
4445	76 
4446	7 
4447	99 
4448	11 
4449	32 
4450	93 
4451	53 
4452	76 
4453	16 
4454	104 
4455	79 
4456	100 
4457	56 
4458	11 
4459	28 
4460	85 
4461	109 
4462	23 
4463	49 
4464	18 
4465	76 
4466	81 
4467	61 
4468	16 
4469	39 
4470	16 
4471	65 
4472	27 
4473	9 
4474	44 
4475	11 
4476	97 
4477	75 
4478	66 
4479	42 
4480	13 
4481	13 
4482	95 
4483	64 
4484	67 
4485	108 
4486	101 
4487	11 
4488	103 
4489	54 
4490	10 
4491	90 
4492	96 
4493	76 
4494	76 
4495	109 
4496	21 
4497	83 
4498	16 
4499	84 
4500	2 
4501	50 
4502	69 
4503	31 
4504	56 
4505	26 
4506	95 
4507	23 
4508	81 
4509	3 
4510	20 
4511	57 
4512	30 
4513	11 
4514	49 
4515	28 
4516	28 
4517	61 
4518	54 
4519	1 
4520	59 
4521	41 
4522	39 
4523	5 
4524	15 
4525	57 
4526	64 
4527	20 
4528	68 
4529	34 
4530	25 
4531	19 
4532	87 
4533	95 
4534	67 
4535	30 
4536	53 
4537	92 
4538	33 
4539	34 
4540	63 
4541	47 
4542	19 
4543	37 
4544	21 
4545	109 
4546	4 
4547	110 
4548	89 
4549	95 
4550	43 
4551	41 
4552	111 
4553	4 
4554	75 
4555	89 
4556	83 
4557	30 
4558	5 
4559	10 
4560	52 
4561	19 
4562	16 
4563	3 
4564	16 
4565	56 
4566	39 
4567	28 
4568	77 
4569	100 
4570	32 
4571	24 
4572	92 
4573	21 
4574	104 
4575	9 
4576	7 
4577	99 
4578	54 
4579	61 
4580	48 
4581	62 
4582	21 
4583	9 
4584	3 
4585	8 
4586	36 
4587	19 
4588	79 
4589	109 
4590	91 
4591	99 
4592	106 
4593	14 
4594	78 
4595	56 
4596	73 
4597	7 
4598	99 
4599	108 
4600	54 
4601	34 
4602	4 
4603	62 
4604	34 
4605	69 
4606	64 
4607	86 
4608	52 
4609	27 
4610	78 
4611	27 
4612	106 
4613	39 
4614	17 
4615	100 
4616	59 
4617	5 
4618	96 
4619	95 
4620	64 
4621	9 
4622	37 
4623	71 
4624	102 
4625	100 
4626	106 
4627	27 
4628	17 
4629	35 
4630	11 
4631	21 
4632	3 
4633	13 
4634	14 
4635	64 
4636	20 
4637	65 
4638	92 
4639	49 
4640	42 
4641	99 
4642	110 
4643	34 
4644	7 
4645	40 
4646	3 
4647	59 
4648	13 
4649	71 
4650	59 
4651	41 
4652	44 
4653	108 
4654	79 
4655	15 
4656	3 
4657	17 
4658	52 
4659	3 
4660	69 
4661	64 
4662	42 
4663	88 
4664	68 
4665	18 
4666	2 
4667	93 
4668	53 
4669	73 
4670	104 
4671	81 
4672	81 
4673	5 
4674	39 
4675	79 
4676	99 
4677	97 
4678	23 
4679	79 
4680	7 
4681	94 
4682	11 
4683	9 
4684	64 
4685	9 
4686	67 
4687	95 
4688	16 
4689	107 
4690	56 
4691	109 
4692	28 
4693	62 
4694	75 
4695	52 
4696	103 
4697	104 
4698	33 
4699	59 
4700	91 
4701	89 
4702	63 
4703	35 
4704	50 
4705	42 
4706	50 
4707	92 
4708	76 
4709	100 
4710	97 
4711	101 
4712	42 
4713	90 
4714	6 
4715	37 
4716	25 
4717	45 
4718	20 
4719	1 
4720	10 
4721	38 
4722	59 
4723	18 
4724	26 
4725	99 
4726	95 
4727	107 
4728	21 
4729	80 
4730	35 
4731	92 
4732	64 
4733	110 
4734	75 
4735	3 
4736	7 
4737	15 
4738	15 
4739	33 
4740	50 
4741	78 
4742	3 
4743	21 
4744	53 
4745	7 
4746	94 
4747	42 
4748	73 
4749	75 
4750	61 
4751	34 
4752	5 
4753	92 
4754	18 
4755	6 
4756	56 
4757	83 
4758	69 
4759	92 
4760	2 
4761	39 
4762	65 
4763	46 
4764	69 
4765	27 
4766	35 
4767	70 
4768	110 
4769	95 
4770	97 
4771	84 
4772	71 
4773	21 
4774	23 
4775	69 
4776	55 
4777	2 
4778	106 
4779	32 
4780	58 
4781	8 
4782	25 
4783	97 
4784	58 
4785	16 
4786	41 
4787	86 
4788	5 
4789	104 
4790	3 
4791	27 
4792	50 
4793	65 
4794	64 
4795	71 
4796	2 
4797	65 
4798	35 
4799	35 
4800	104 
4801	97 
4802	83 
4803	7 
4804	91 
4805	26 
4806	5 
4807	78 
4808	39 
4809	64 
4810	44 
4811	8 
4812	68 
4813	79 
4814	105 
4815	17 
4816	76 
4817	76 
4818	66 
4819	73 
4820	44 
4821	63 
4822	17 
4823	63 
4824	111 
4825	111 
4826	106 
4827	43 
4828	5 
4829	40 
4830	96 
4831	42 
4832	78 
4833	99 
4834	68 
4835	100 
4836	43 
4837	75 
4838	63 
4839	40 
4840	55 
4841	108 
4842	65 
4843	63 
4844	96 
4845	44 
4846	63 
4847	63 
4848	104 
4849	92 
4850	99 
4851	88 
4852	11 
4853	54 
4854	72 
4855	2 
4856	23 
4857	81 
4858	77 
4859	41 
4860	76 
4861	96 
4862	85 
4863	34 
4864	20 
4865	15 
4866	7 
4867	67 
4868	62 
4869	34 
4870	4 
4871	65 
4872	93 
4873	44 
4874	17 
4875	56 
4876	87 
4877	57 
4878	29 
4879	86 
4880	41 
4881	17 
4882	12 
4883	93 
4884	49 
4885	7 
4886	63 
4887	28 
4888	2 
4889	109 
4890	20 
4891	71 
4892	73 
4893	34 
4894	33 
4895	110 
4896	72 
4897	2 
4898	99 
4899	56 
4900	110 
4901	11 
4902	108 
4903	49 
4904	1 
4905	23 
4906	23 
4907	109 
4908	29 
4909	62 
4910	79 
4911	96 
4912	15 
4913	104 
4914	85 
4915	95 
4916	33 
4917	24 
4918	84 
4919	5 
4920	111 
4921	108 
4922	64 
4923	84 
4924	92 
4925	44 
4926	94 
4927	76 
4928	15 
4929	25 
4930	5 
4931	20 
4932	63 
4933	104 
4934	34 
4935	13 
4936	70 
4937	39 
4938	90 
4939	37 
4940	23 
4941	1 
4942	49 
4943	109 
4944	69 
4945	25 
4946	4 
4947	95 
4948	67 
4949	41 
4950	104 
4951	92 
4952	83 
4953	12 
4954	6 
4955	70 
4956	45 
4957	57 
4958	77 
4959	96 
4960	100 
4961	111 
4962	100 
4963	57 
4964	62 
4965	42 
4966	97 
4967	102 
4968	77 
4969	35 
4970	30 
4971	105 
4972	87 
4973	31 
4974	41 
4975	63 
4976	8 
4977	69 
4978	65 
4979	22 
4980	31 
4981	3 
4982	10 
4983	53 
4984	47 
4985	64 
4986	89 
4987	15 
4988	34 
4989	79 
4990	46 
4991	4 
4992	64 
4993	10 
4994	3 
4995	6 
4996	27 
4997	16 
4998	83 
4999	108 
5000	7 
