1	93 
2	5 
3	81 
4	39 
5	13 
6	43 
7	80 
8	10 
9	31 
10	96 
11	15 
12	8 
13	43 
14	95 
15	24 
16	84 
17	93 
18	47 
19	11 
20	74 
21	92 
22	62 
23	35 
24	27 
25	5 
26	8 
27	8 
28	3 
29	5 
30	34 
31	83 
32	13 
33	81 
34	54 
35	86 
36	77 
37	25 
38	52 
39	71 
40	36 
41	46 
42	33 
43	67 
44	76 
45	92 
46	16 
47	2 
48	47 
49	8 
50	2 
51	3 
52	94 
53	78 
54	52 
55	81 
56	17 
57	26 
58	26 
59	2 
60	62 
61	53 
62	27 
63	72 
64	7 
65	3 
66	55 
67	87 
68	3 
69	9 
70	54 
71	28 
72	17 
73	76 
74	26 
75	43 
76	34 
77	61 
78	39 
79	89 
80	67 
81	26 
82	81 
83	24 
84	50 
85	85 
86	50 
87	47 
88	53 
89	42 
90	91 
91	49 
92	85 
93	24 
94	23 
95	79 
96	17 
97	87 
98	93 
99	38 
100	57 
101	25 
102	8 
103	68 
104	59 
105	53 
106	63 
107	50 
108	5 
109	95 
110	10 
111	89 
112	81 
113	4 
114	49 
115	78 
116	12 
117	70 
118	93 
119	5 
120	30 
121	47 
122	24 
123	25 
124	50 
125	59 
126	86 
127	50 
128	88 
129	54 
130	9 
131	47 
132	78 
133	25 
134	73 
135	63 
136	71 
137	46 
138	87 
139	31 
140	58 
141	27 
142	31 
143	85 
144	86 
145	38 
146	13 
147	11 
148	54 
149	19 
150	70 
151	46 
152	18 
153	78 
154	41 
155	6 
156	62 
157	11 
158	54 
159	11 
160	20 
161	45 
162	22 
163	88 
164	50 
165	78 
166	54 
167	63 
168	41 
169	51 
170	85 
171	49 
172	3 
173	60 
174	96 
175	20 
176	55 
177	65 
178	48 
179	47 
180	50 
181	41 
182	45 
183	65 
184	24 
185	50 
186	13 
187	81 
188	17 
189	42 
190	54 
191	1 
192	88 
193	94 
194	80 
195	61 
196	47 
197	92 
198	68 
199	3 
200	59 
201	15 
202	43 
203	57 
204	88 
205	79 
206	17 
207	37 
208	86 
209	3 
210	42 
211	54 
212	6 
213	31 
214	88 
215	45 
216	54 
217	60 
218	6 
219	70 
220	49 
221	18 
222	4 
223	85 
224	60 
225	86 
226	94 
227	94 
228	17 
229	12 
230	27 
231	59 
232	94 
233	2 
234	34 
235	85 
236	59 
237	82 
238	23 
239	45 
240	53 
241	71 
242	80 
243	13 
244	54 
245	35 
246	24 
247	97 
248	70 
249	24 
250	17 
251	21 
252	2 
253	95 
254	76 
255	81 
256	40 
257	86 
258	31 
259	94 
260	81 
261	40 
262	43 
263	78 
264	61 
265	84 
266	12 
267	45 
268	97 
269	12 
270	93 
271	44 
272	15 
273	67 
274	67 
275	24 
276	89 
277	75 
278	54 
279	44 
280	42 
281	80 
282	29 
283	17 
284	57 
285	72 
286	87 
287	85 
288	60 
289	47 
290	69 
291	81 
292	87 
293	80 
294	95 
295	18 
296	62 
297	54 
298	29 
299	49 
300	54 
301	36 
302	23 
303	24 
304	26 
305	21 
306	85 
307	41 
308	24 
309	24 
310	40 
311	12 
312	43 
313	61 
314	34 
315	17 
316	64 
317	48 
318	94 
319	39 
320	71 
321	38 
322	53 
323	25 
324	18 
325	35 
326	90 
327	59 
328	59 
329	85 
330	60 
331	5 
332	49 
333	19 
334	3 
335	68 
336	76 
337	96 
338	33 
339	4 
340	76 
341	24 
342	12 
343	90 
344	62 
345	21 
346	97 
347	85 
348	94 
349	88 
350	4 
351	35 
352	96 
353	42 
354	78 
355	22 
356	59 
357	65 
358	92 
359	45 
360	71 
361	6 
362	12 
363	42 
364	17 
365	43 
366	87 
367	8 
368	46 
369	13 
370	8 
371	3 
372	39 
373	96 
374	60 
375	23 
376	38 
377	20 
378	12 
379	27 
380	61 
381	17 
382	36 
383	16 
384	71 
385	54 
386	26 
387	97 
388	2 
389	11 
390	96 
391	12 
392	24 
393	38 
394	92 
395	30 
396	60 
397	94 
398	83 
399	18 
400	31 
401	70 
402	77 
403	35 
404	29 
405	47 
406	46 
407	6 
408	65 
409	51 
410	36 
411	17 
412	61 
413	33 
414	51 
415	32 
416	51 
417	47 
418	26 
419	70 
420	1 
421	18 
422	81 
423	35 
424	86 
425	74 
426	16 
427	47 
428	29 
429	70 
430	33 
431	12 
432	83 
433	91 
434	25 
435	5 
436	70 
437	17 
438	9 
439	54 
440	3 
441	30 
442	23 
443	71 
444	49 
445	68 
446	37 
447	12 
448	67 
449	28 
450	41 
451	14 
452	69 
453	8 
454	97 
455	93 
456	94 
457	47 
458	28 
459	3 
460	27 
461	46 
462	34 
463	62 
464	86 
465	5 
466	12 
467	88 
468	41 
469	20 
470	85 
471	28 
472	92 
473	59 
474	44 
475	17 
476	24 
477	68 
478	2 
479	86 
480	22 
481	30 
482	59 
483	29 
484	93 
485	73 
486	37 
487	1 
488	10 
489	3 
490	39 
491	91 
492	39 
493	88 
494	66 
495	23 
496	59 
497	76 
498	44 
499	12 
500	24 
501	57 
502	96 
503	92 
504	35 
505	2 
506	44 
507	21 
508	58 
509	68 
510	17 
511	27 
512	3 
513	45 
514	31 
515	82 
516	11 
517	29 
518	30 
519	54 
520	43 
521	46 
522	12 
523	35 
524	71 
525	47 
526	97 
527	3 
528	18 
529	93 
530	4 
531	90 
532	54 
533	50 
534	23 
535	82 
536	74 
537	43 
538	20 
539	65 
540	24 
541	49 
542	75 
543	73 
544	60 
545	84 
546	92 
547	14 
548	9 
549	93 
550	26 
551	12 
552	92 
553	25 
554	35 
555	51 
556	44 
557	97 
558	78 
559	25 
560	24 
561	36 
562	20 
563	35 
564	35 
565	10 
566	17 
567	35 
568	35 
569	26 
570	94 
571	94 
572	2 
573	16 
574	41 
575	51 
576	25 
577	47 
578	52 
579	9 
580	79 
581	91 
582	77 
583	12 
584	26 
585	70 
586	53 
587	89 
588	46 
589	62 
590	46 
591	86 
592	47 
593	18 
594	84 
595	65 
596	20 
597	21 
598	6 
599	88 
600	50 
601	26 
602	38 
603	63 
604	20 
605	63 
606	49 
607	38 
608	75 
609	26 
610	73 
611	89 
612	40 
613	2 
614	93 
615	55 
616	92 
617	2 
618	93 
619	35 
620	29 
621	74 
622	25 
623	49 
624	90 
625	22 
626	59 
627	76 
628	39 
629	5 
630	61 
631	3 
632	8 
633	66 
634	92 
635	55 
636	58 
637	12 
638	79 
639	69 
640	88 
641	92 
642	12 
643	81 
644	85 
645	41 
646	14 
647	70 
648	24 
649	7 
650	79 
651	26 
652	49 
653	76 
654	71 
655	47 
656	86 
657	60 
658	54 
659	76 
660	11 
661	43 
662	60 
663	22 
664	85 
665	68 
666	35 
667	59 
668	81 
669	86 
670	66 
671	14 
672	58 
673	20 
674	93 
675	86 
676	18 
677	40 
678	90 
679	79 
680	12 
681	35 
682	84 
683	71 
684	92 
685	26 
686	33 
687	90 
688	6 
689	45 
690	74 
691	13 
692	95 
693	51 
694	2 
695	37 
696	81 
697	94 
698	88 
699	4 
700	67 
701	17 
702	64 
703	87 
704	87 
705	80 
706	49 
707	90 
708	54 
709	91 
710	92 
711	93 
712	68 
713	68 
714	53 
715	6 
716	43 
717	8 
718	92 
719	33 
720	85 
721	16 
722	26 
723	74 
724	6 
725	51 
726	97 
727	32 
728	7 
729	35 
730	38 
731	62 
732	11 
733	30 
734	7 
735	54 
736	96 
737	1 
738	93 
739	26 
740	96 
741	79 
742	62 
743	49 
744	45 
745	38 
746	45 
747	66 
748	53 
749	89 
750	11 
751	15 
752	30 
753	25 
754	6 
755	81 
756	63 
757	64 
758	94 
759	69 
760	94 
761	4 
762	13 
763	29 
764	1 
765	39 
766	4 
767	47 
768	13 
769	27 
770	80 
771	63 
772	93 
773	41 
774	89 
775	48 
776	93 
777	6 
778	79 
779	44 
780	54 
781	44 
782	52 
783	90 
784	25 
785	68 
786	77 
787	18 
788	58 
789	76 
790	86 
791	46 
792	60 
793	16 
794	88 
795	86 
796	85 
797	12 
798	11 
799	32 
800	92 
801	57 
802	61 
803	33 
804	95 
805	28 
806	3 
807	18 
808	45 
809	24 
810	46 
811	35 
812	55 
813	82 
814	67 
815	69 
816	13 
817	54 
818	4 
819	71 
820	30 
821	44 
822	22 
823	32 
824	81 
825	79 
826	87 
827	85 
828	56 
829	47 
830	93 
831	51 
832	29 
833	35 
834	44 
835	21 
836	85 
837	8 
838	43 
839	86 
840	27 
841	18 
842	62 
843	53 
844	57 
845	75 
846	79 
847	70 
848	94 
849	68 
850	56 
851	25 
852	48 
853	65 
854	38 
855	54 
856	45 
857	76 
858	53 
859	72 
860	43 
861	15 
862	58 
863	53 
864	21 
865	83 
866	47 
867	63 
868	71 
869	58 
870	39 
871	63 
872	50 
873	95 
874	74 
875	85 
876	17 
877	63 
878	75 
879	28 
880	73 
881	27 
882	18 
883	18 
884	20 
885	65 
886	45 
887	45 
888	13 
889	29 
890	71 
891	97 
892	33 
893	67 
894	63 
895	93 
896	13 
897	31 
898	6 
899	49 
900	90 
901	32 
902	31 
903	45 
904	8 
905	35 
906	48 
907	30 
908	86 
909	12 
910	68 
911	71 
912	73 
913	61 
914	26 
915	26 
916	78 
917	36 
918	94 
919	35 
920	56 
921	33 
922	93 
923	24 
924	17 
925	88 
926	4 
927	22 
928	62 
929	70 
930	27 
931	50 
932	94 
933	27 
934	61 
935	59 
936	18 
937	68 
938	68 
939	73 
940	67 
941	41 
942	11 
943	51 
944	77 
945	12 
946	68 
947	97 
948	12 
949	96 
950	86 
951	66 
952	47 
953	4 
954	50 
955	62 
956	54 
957	39 
958	86 
959	93 
960	44 
961	96 
962	51 
963	31 
964	31 
965	94 
966	24 
967	62 
968	4 
969	85 
970	93 
971	82 
972	79 
973	17 
974	17 
975	59 
976	64 
977	18 
978	27 
979	74 
980	19 
981	26 
982	76 
983	17 
984	62 
985	13 
986	79 
987	80 
988	67 
989	13 
990	17 
991	71 
992	11 
993	37 
994	55 
995	12 
996	49 
997	56 
998	85 
999	73 
1000	12 
1001	96 
1002	18 
1003	17 
1004	86 
1005	16 
1006	44 
1007	13 
1008	8 
1009	91 
1010	54 
1011	74 
1012	92 
1013	25 
1014	38 
1015	65 
1016	44 
1017	95 
1018	31 
1019	8 
1020	1 
1021	18 
1022	71 
1023	11 
1024	14 
1025	17 
1026	93 
1027	24 
1028	53 
1029	92 
1030	40 
1031	65 
1032	71 
1033	16 
1034	95 
1035	54 
1036	81 
1037	38 
1038	56 
1039	76 
1040	78 
1041	14 
1042	36 
1043	13 
1044	2 
1045	71 
1046	92 
1047	17 
1048	96 
1049	4 
1050	64 
1051	28 
1052	10 
1053	4 
1054	80 
1055	39 
1056	91 
1057	93 
1058	26 
1059	87 
1060	24 
1061	18 
1062	94 
1063	53 
1064	92 
1065	4 
1066	13 
1067	45 
1068	17 
1069	34 
1070	79 
1071	87 
1072	56 
1073	20 
1074	21 
1075	71 
1076	26 
1077	95 
1078	3 
1079	53 
1080	13 
1081	47 
1082	71 
1083	36 
1084	27 
1085	20 
1086	95 
1087	61 
1088	54 
1089	54 
1090	21 
1091	93 
1092	49 
1093	3 
1094	28 
1095	76 
1096	57 
1097	73 
1098	90 
1099	77 
1100	9 
1101	77 
1102	71 
1103	30 
1104	51 
1105	6 
1106	28 
1107	58 
1108	76 
1109	44 
1110	12 
1111	32 
1112	51 
1113	39 
1114	81 
1115	90 
1116	6 
1117	39 
1118	79 
1119	76 
1120	49 
1121	2 
1122	71 
1123	88 
1124	30 
1125	1 
1126	12 
1127	52 
1128	10 
1129	93 
1130	64 
1131	49 
1132	49 
1133	30 
1134	64 
1135	10 
1136	70 
1137	60 
1138	26 
1139	84 
1140	31 
1141	58 
1142	60 
1143	60 
1144	42 
1145	49 
1146	87 
1147	43 
1148	11 
1149	2 
1150	90 
1151	71 
1152	66 
1153	79 
1154	51 
1155	57 
1156	26 
1157	70 
1158	6 
1159	74 
1160	3 
1161	19 
1162	79 
1163	2 
1164	70 
1165	28 
1166	53 
1167	56 
1168	9 
1169	41 
1170	73 
1171	44 
1172	12 
1173	11 
1174	17 
1175	85 
1176	53 
1177	75 
1178	28 
1179	17 
1180	39 
1181	54 
1182	92 
1183	61 
1184	73 
1185	35 
1186	43 
1187	82 
1188	61 
1189	82 
1190	50 
1191	69 
1192	30 
1193	76 
1194	1 
1195	54 
1196	54 
1197	26 
1198	25 
1199	25 
1200	93 
1201	93 
1202	62 
1203	81 
1204	54 
1205	39 
1206	23 
1207	93 
1208	10 
1209	49 
1210	26 
1211	90 
1212	25 
1213	18 
1214	61 
1215	87 
1216	61 
1217	17 
1218	47 
1219	70 
1220	79 
1221	22 
1222	37 
1223	35 
1224	3 
1225	25 
1226	18 
1227	6 
1228	12 
1229	75 
1230	78 
1231	69 
1232	10 
1233	36 
1234	65 
1235	24 
1236	49 
1237	25 
1238	75 
1239	44 
1240	53 
1241	2 
1242	54 
1243	93 
1244	44 
1245	24 
1246	4 
1247	66 
1248	70 
1249	59 
1250	65 
1251	73 
1252	50 
1253	13 
1254	89 
1255	77 
1256	64 
1257	12 
1258	50 
1259	48 
1260	13 
1261	70 
1262	56 
1263	43 
1264	53 
1265	13 
1266	24 
1267	1 
1268	54 
1269	48 
1270	22 
1271	2 
1272	18 
1273	96 
1274	81 
1275	70 
1276	49 
1277	54 
1278	25 
1279	51 
1280	47 
1281	3 
1282	42 
1283	21 
1284	63 
1285	81 
1286	20 
1287	97 
1288	70 
1289	27 
1290	38 
1291	60 
1292	12 
1293	19 
1294	89 
1295	52 
1296	79 
1297	28 
1298	6 
1299	14 
1300	81 
1301	15 
1302	18 
1303	39 
1304	86 
1305	44 
1306	72 
1307	70 
1308	90 
1309	10 
1310	45 
1311	94 
1312	35 
1313	12 
1314	33 
1315	45 
1316	36 
1317	66 
1318	54 
1319	27 
1320	19 
1321	55 
1322	87 
1323	54 
1324	87 
1325	47 
1326	71 
1327	12 
1328	77 
1329	54 
1330	8 
1331	18 
1332	95 
1333	18 
1334	8 
1335	79 
1336	82 
1337	69 
1338	77 
1339	51 
1340	32 
1341	26 
1342	17 
1343	18 
1344	11 
1345	31 
1346	39 
1347	2 
1348	47 
1349	67 
1350	79 
1351	95 
1352	3 
1353	28 
1354	38 
1355	47 
1356	94 
1357	96 
1358	27 
1359	15 
1360	41 
1361	45 
1362	5 
1363	90 
1364	13 
1365	25 
1366	12 
1367	95 
1368	79 
1369	3 
1370	86 
1371	11 
1372	79 
1373	44 
1374	36 
1375	88 
1376	20 
1377	44 
1378	70 
1379	65 
1380	45 
1381	52 
1382	61 
1383	31 
1384	15 
1385	53 
1386	46 
1387	10 
1388	55 
1389	46 
1390	18 
1391	74 
1392	61 
1393	93 
1394	16 
1395	53 
1396	49 
1397	96 
1398	41 
1399	20 
1400	92 
1401	76 
1402	10 
1403	90 
1404	52 
1405	27 
1406	94 
1407	44 
1408	63 
1409	28 
1410	62 
1411	42 
1412	13 
1413	54 
1414	20 
1415	27 
1416	38 
1417	51 
1418	76 
1419	78 
1420	29 
1421	65 
1422	50 
1423	13 
1424	33 
1425	67 
1426	4 
1427	94 
1428	47 
1429	93 
1430	29 
1431	17 
1432	13 
1433	2 
1434	58 
1435	39 
1436	79 
1437	44 
1438	18 
1439	20 
1440	94 
1441	4 
1442	48 
1443	42 
1444	92 
1445	27 
1446	16 
1447	94 
1448	70 
1449	94 
1450	46 
1451	67 
1452	26 
1453	13 
1454	52 
1455	45 
1456	60 
1457	87 
1458	14 
1459	81 
1460	62 
1461	76 
1462	93 
1463	88 
1464	73 
1465	48 
1466	41 
1467	25 
1468	71 
1469	96 
1470	27 
1471	71 
1472	49 
1473	41 
1474	54 
1475	66 
1476	38 
1477	83 
1478	24 
1479	24 
1480	53 
1481	86 
1482	43 
1483	12 
1484	71 
1485	15 
1486	12 
1487	47 
1488	90 
1489	44 
1490	14 
1491	94 
1492	80 
1493	27 
1494	31 
1495	40 
1496	94 
1497	31 
1498	95 
1499	45 
1500	92 
1501	13 
1502	81 
1503	79 
1504	95 
1505	46 
1506	81 
1507	77 
1508	22 
1509	97 
1510	93 
1511	21 
1512	86 
1513	62 
1514	18 
1515	80 
1516	58 
1517	81 
1518	38 
1519	8 
1520	6 
1521	94 
1522	86 
1523	80 
1524	31 
1525	94 
1526	32 
1527	77 
1528	31 
1529	89 
1530	72 
1531	31 
1532	57 
1533	95 
1534	48 
1535	13 
1536	46 
1537	74 
1538	50 
1539	80 
1540	47 
1541	61 
1542	84 
1543	66 
1544	18 
1545	3 
1546	4 
1547	24 
1548	17 
1549	6 
1550	95 
1551	36 
1552	34 
1553	6 
1554	81 
1555	44 
1556	58 
1557	46 
1558	70 
1559	84 
1560	4 
1561	14 
1562	13 
1563	22 
1564	3 
1565	48 
1566	46 
1567	48 
1568	43 
1569	93 
1570	35 
1571	2 
1572	40 
1573	87 
1574	84 
1575	3 
1576	63 
1577	10 
1578	30 
1579	3 
1580	25 
1581	25 
1582	15 
1583	89 
1584	41 
1585	86 
1586	3 
1587	60 
1588	71 
1589	28 
1590	54 
1591	68 
1592	43 
1593	35 
1594	57 
1595	13 
1596	65 
1597	12 
1598	44 
1599	47 
1600	71 
1601	87 
1602	35 
1603	24 
1604	9 
1605	79 
1606	5 
1607	75 
1608	85 
1609	66 
1610	73 
1611	90 
1612	80 
1613	79 
1614	81 
1615	94 
1616	43 
1617	28 
1618	28 
1619	33 
1620	47 
1621	45 
1622	60 
1623	53 
1624	51 
1625	40 
1626	51 
1627	71 
1628	35 
1629	69 
1630	96 
1631	26 
1632	15 
1633	87 
1634	28 
1635	55 
1636	17 
1637	85 
1638	33 
1639	86 
1640	17 
1641	41 
1642	83 
1643	96 
1644	90 
1645	21 
1646	51 
1647	47 
1648	13 
1649	76 
1650	25 
1651	12 
1652	44 
1653	57 
1654	19 
1655	72 
1656	12 
1657	61 
1658	10 
1659	71 
1660	59 
1661	35 
1662	30 
1663	71 
1664	88 
1665	81 
1666	45 
1667	25 
1668	48 
1669	46 
1670	2 
1671	70 
1672	57 
1673	81 
1674	93 
1675	95 
1676	46 
1677	80 
1678	87 
1679	72 
1680	93 
1681	92 
1682	50 
1683	74 
1684	3 
1685	38 
1686	47 
1687	49 
1688	31 
1689	3 
1690	59 
1691	4 
1692	1 
1693	32 
1694	70 
1695	79 
1696	35 
1697	51 
1698	36 
1699	4 
1700	52 
1701	59 
1702	21 
1703	49 
1704	26 
1705	64 
1706	68 
1707	43 
1708	84 
1709	71 
1710	73 
1711	26 
1712	50 
1713	9 
1714	25 
1715	49 
1716	86 
1717	38 
1718	92 
1719	54 
1720	24 
1721	18 
1722	49 
1723	36 
1724	33 
1725	25 
1726	31 
1727	1 
1728	49 
1729	68 
1730	30 
1731	34 
1732	12 
1733	54 
1734	29 
1735	80 
1736	58 
1737	31 
1738	33 
1739	2 
1740	36 
1741	45 
1742	64 
1743	24 
1744	70 
1745	54 
1746	90 
1747	86 
1748	53 
1749	43 
1750	62 
1751	85 
1752	48 
1753	51 
1754	85 
1755	71 
1756	13 
1757	59 
1758	21 
1759	62 
1760	47 
1761	7 
1762	25 
1763	17 
1764	9 
1765	96 
1766	49 
1767	54 
1768	96 
1769	68 
1770	54 
1771	17 
1772	97 
1773	81 
1774	71 
1775	77 
1776	59 
1777	95 
1778	61 
1779	92 
1780	11 
1781	19 
1782	35 
1783	70 
1784	32 
1785	21 
1786	61 
1787	46 
1788	78 
1789	26 
1790	94 
1791	19 
1792	77 
1793	73 
1794	24 
1795	96 
1796	76 
1797	49 
1798	14 
1799	6 
1800	18 
1801	87 
1802	79 
1803	93 
1804	7 
1805	41 
1806	54 
1807	35 
1808	85 
1809	44 
1810	87 
1811	39 
1812	87 
1813	49 
1814	47 
1815	63 
1816	59 
1817	80 
1818	53 
1819	8 
1820	80 
1821	9 
1822	4 
1823	81 
1824	58 
1825	13 
1826	39 
1827	87 
1828	91 
1829	54 
1830	14 
1831	5 
1832	87 
1833	71 
1834	18 
1835	30 
1836	25 
1837	79 
1838	17 
1839	94 
1840	46 
1841	73 
1842	49 
1843	59 
1844	95 
1845	15 
1846	31 
1847	17 
1848	81 
1849	31 
1850	62 
1851	81 
1852	12 
1853	71 
1854	70 
1855	41 
1856	59 
1857	38 
1858	96 
1859	76 
1860	29 
1861	51 
1862	33 
1863	62 
1864	43 
1865	59 
1866	33 
1867	54 
1868	70 
1869	3 
1870	50 
1871	32 
1872	25 
1873	80 
1874	89 
1875	6 
1876	59 
1877	79 
1878	43 
1879	4 
1880	27 
1881	40 
1882	95 
1883	81 
1884	27 
1885	94 
1886	51 
1887	13 
1888	79 
1889	40 
1890	76 
1891	92 
1892	28 
1893	39 
1894	65 
1895	54 
1896	22 
1897	64 
1898	8 
1899	75 
1900	94 
1901	93 
1902	56 
1903	17 
1904	95 
1905	45 
1906	4 
1907	27 
1908	6 
1909	43 
1910	44 
1911	17 
1912	12 
1913	30 
1914	94 
1915	74 
1916	94 
1917	49 
1918	51 
1919	20 
1920	42 
1921	39 
1922	24 
1923	16 
1924	6 
1925	93 
1926	70 
1927	59 
1928	38 
1929	91 
1930	53 
1931	69 
1932	70 
1933	49 
1934	7 
1935	5 
1936	49 
1937	71 
1938	49 
1939	12 
1940	41 
1941	95 
1942	89 
1943	29 
1944	22 
1945	77 
1946	45 
1947	67 
1948	61 
1949	73 
1950	16 
1951	39 
1952	31 
1953	54 
1954	33 
1955	64 
1956	94 
1957	45 
1958	37 
1959	49 
1960	28 
1961	15 
1962	19 
1963	47 
1964	9 
1965	96 
1966	51 
1967	76 
1968	54 
1969	12 
1970	81 
1971	44 
1972	92 
1973	65 
1974	71 
1975	59 
1976	43 
1977	27 
1978	61 
1979	62 
1980	54 
1981	18 
1982	17 
1983	69 
1984	39 
1985	70 
1986	50 
1987	77 
1988	18 
1989	49 
1990	45 
1991	6 
1992	78 
1993	41 
1994	63 
1995	74 
1996	30 
1997	23 
1998	22 
1999	50 
2000	51 
2001	30 
2002	71 
2003	52 
2004	59 
2005	4 
2006	49 
2007	81 
2008	80 
2009	84 
2010	16 
2011	70 
2012	77 
2013	28 
2014	54 
2015	77 
2016	45 
2017	71 
2018	54 
2019	35 
2020	35 
2021	29 
2022	3 
2023	20 
2024	41 
2025	39 
2026	61 
2027	14 
2028	34 
2029	17 
2030	85 
2031	42 
2032	24 
2033	11 
2034	24 
2035	54 
2036	61 
2037	53 
2038	27 
2039	72 
2040	1 
2041	39 
2042	14 
2043	22 
2044	67 
2045	47 
2046	81 
2047	27 
2048	24 
2049	21 
2050	13 
2051	59 
2052	4 
2053	17 
2054	23 
2055	87 
2056	80 
2057	86 
2058	58 
2059	87 
2060	6 
2061	18 
2062	72 
2063	18 
2064	25 
2065	86 
2066	76 
2067	82 
2068	8 
2069	3 
2070	94 
2071	97 
2072	86 
2073	86 
2074	15 
2075	55 
2076	27 
2077	28 
2078	95 
2079	94 
2080	86 
2081	35 
2082	1 
2083	86 
2084	31 
2085	19 
2086	41 
2087	82 
2088	4 
2089	24 
2090	44 
2091	1 
2092	81 
2093	79 
2094	92 
2095	28 
2096	65 
2097	76 
2098	31 
2099	28 
2100	13 
2101	71 
2102	86 
2103	89 
2104	97 
2105	13 
2106	31 
2107	88 
2108	25 
2109	59 
2110	46 
2111	3 
2112	90 
2113	2 
2114	87 
2115	52 
2116	33 
2117	9 
2118	4 
2119	28 
2120	20 
2121	96 
2122	97 
2123	4 
2124	13 
2125	32 
2126	51 
2127	71 
2128	4 
2129	47 
2130	45 
2131	1 
2132	14 
2133	62 
2134	44 
2135	93 
2136	96 
2137	18 
2138	3 
2139	14 
2140	72 
2141	13 
2142	12 
2143	52 
2144	25 
2145	39 
2146	33 
2147	38 
2148	31 
2149	35 
2150	17 
2151	68 
2152	83 
2153	92 
2154	28 
2155	28 
2156	1 
2157	74 
2158	17 
2159	3 
2160	28 
2161	33 
2162	12 
2163	72 
2164	1 
2165	50 
2166	13 
2167	90 
2168	46 
2169	9 
2170	96 
2171	97 
2172	25 
2173	7 
2174	65 
2175	4 
2176	58 
2177	46 
2178	61 
2179	45 
2180	51 
2181	62 
2182	10 
2183	60 
2184	79 
2185	6 
2186	70 
2187	16 
2188	5 
2189	8 
2190	13 
2191	12 
2192	48 
2193	22 
2194	47 
2195	2 
2196	25 
2197	59 
2198	79 
2199	33 
2200	20 
2201	17 
2202	51 
2203	12 
2204	29 
2205	46 
2206	10 
2207	46 
2208	5 
2209	29 
2210	39 
2211	95 
2212	12 
2213	59 
2214	61 
2215	50 
2216	59 
2217	85 
2218	26 
2219	86 
2220	41 
2221	72 
2222	78 
2223	26 
2224	91 
2225	71 
2226	95 
2227	35 
2228	37 
2229	4 
2230	15 
2231	47 
2232	24 
2233	65 
2234	3 
2235	60 
2236	44 
2237	69 
2238	46 
2239	11 
2240	45 
2241	86 
2242	43 
2243	51 
2244	36 
2245	81 
2246	86 
2247	10 
2248	63 
2249	94 
2250	48 
2251	24 
2252	53 
2253	53 
2254	68 
2255	13 
2256	37 
2257	19 
2258	34 
2259	26 
2260	49 
2261	2 
2262	4 
2263	76 
2264	25 
2265	27 
2266	89 
2267	62 
2268	42 
2269	81 
2270	24 
2271	89 
2272	54 
2273	12 
2274	74 
2275	87 
2276	17 
2277	94 
2278	63 
2279	96 
2280	1 
2281	76 
2282	72 
2283	84 
2284	31 
2285	48 
2286	38 
2287	7 
2288	53 
2289	30 
2290	48 
2291	2 
2292	53 
2293	2 
2294	47 
2295	27 
2296	86 
2297	96 
2298	2 
2299	51 
2300	48 
2301	94 
2302	11 
2303	59 
2304	54 
2305	95 
2306	61 
2307	20 
2308	58 
2309	21 
2310	78 
2311	7 
2312	78 
2313	63 
2314	86 
2315	59 
2316	70 
2317	8 
2318	65 
2319	37 
2320	10 
2321	27 
2322	85 
2323	69 
2324	74 
2325	59 
2326	85 
2327	24 
2328	20 
2329	46 
2330	77 
2331	3 
2332	83 
2333	26 
2334	10 
2335	76 
2336	88 
2337	56 
2338	13 
2339	56 
2340	25 
2341	46 
2342	27 
2343	89 
2344	73 
2345	83 
2346	48 
2347	60 
2348	30 
2349	81 
2350	22 
2351	47 
2352	58 
2353	68 
2354	95 
2355	92 
2356	27 
2357	87 
2358	36 
2359	46 
2360	18 
2361	68 
2362	56 
2363	39 
2364	71 
2365	5 
2366	27 
2367	76 
2368	86 
2369	35 
2370	95 
2371	24 
2372	20 
2373	50 
2374	38 
2375	94 
2376	44 
2377	40 
2378	73 
2379	17 
2380	93 
2381	44 
2382	12 
2383	53 
2384	61 
2385	27 
2386	30 
2387	81 
2388	46 
2389	27 
2390	25 
2391	8 
2392	31 
2393	59 
2394	70 
2395	1 
2396	85 
2397	46 
2398	21 
2399	29 
2400	86 
2401	33 
2402	96 
2403	25 
2404	49 
2405	33 
2406	80 
2407	49 
2408	71 
2409	43 
2410	21 
2411	93 
2412	79 
2413	93 
2414	4 
2415	60 
2416	71 
2417	46 
2418	93 
2419	81 
2420	18 
2421	60 
2422	44 
2423	7 
2424	59 
2425	44 
2426	93 
2427	86 
2428	24 
2429	30 
2430	86 
2431	72 
2432	21 
2433	79 
2434	3 
2435	53 
2436	26 
2437	35 
2438	45 
2439	5 
2440	65 
2441	40 
2442	39 
2443	74 
2444	18 
2445	36 
2446	20 
2447	92 
2448	90 
2449	17 
2450	62 
2451	60 
2452	30 
2453	85 
2454	15 
2455	48 
2456	39 
2457	24 
2458	62 
2459	14 
2460	97 
2461	27 
2462	2 
2463	45 
2464	44 
2465	27 
2466	33 
2467	40 
2468	3 
2469	53 
2470	85 
2471	59 
2472	33 
2473	63 
2474	93 
2475	33 
2476	94 
2477	18 
2478	48 
2479	37 
2480	84 
2481	51 
2482	12 
2483	69 
2484	15 
2485	60 
2486	90 
2487	76 
2488	31 
2489	27 
2490	26 
2491	49 
2492	77 
2493	83 
2494	60 
2495	63 
2496	85 
2497	72 
2498	86 
2499	97 
2500	92 
2501	90 
2502	50 
2503	85 
2504	39 
2505	2 
2506	15 
2507	2 
2508	56 
2509	60 
2510	8 
2511	87 
2512	67 
2513	47 
2514	13 
2515	97 
2516	21 
2517	25 
2518	13 
2519	54 
2520	73 
2521	81 
2522	7 
2523	95 
2524	81 
2525	32 
2526	94 
2527	18 
2528	21 
2529	33 
2530	70 
2531	20 
2532	37 
2533	39 
2534	4 
2535	68 
2536	35 
2537	21 
2538	42 
2539	69 
2540	84 
2541	84 
2542	21 
2543	54 
2544	9 
2545	8 
2546	61 
2547	13 
2548	26 
2549	35 
2550	26 
2551	94 
2552	4 
2553	50 
2554	3 
2555	13 
2556	22 
2557	17 
2558	33 
2559	53 
2560	46 
2561	53 
2562	74 
2563	9 
2564	19 
2565	2 
2566	94 
2567	70 
2568	79 
2569	47 
2570	80 
2571	33 
2572	6 
2573	29 
2574	6 
2575	35 
2576	54 
2577	60 
2578	38 
2579	50 
2580	17 
2581	44 
2582	73 
2583	91 
2584	20 
2585	81 
2586	85 
2587	71 
2588	46 
2589	7 
2590	71 
2591	47 
2592	47 
2593	70 
2594	54 
2595	48 
2596	82 
2597	42 
2598	96 
2599	77 
2600	30 
2601	55 
2602	12 
2603	78 
2604	50 
2605	30 
2606	12 
2607	83 
2608	3 
2609	13 
2610	76 
2611	43 
2612	31 
2613	6 
2614	34 
2615	12 
2616	92 
2617	59 
2618	80 
2619	30 
2620	2 
2621	70 
2622	34 
2623	33 
2624	92 
2625	67 
2626	20 
2627	35 
2628	87 
2629	49 
2630	79 
2631	82 
2632	19 
2633	14 
2634	17 
2635	16 
2636	13 
2637	41 
2638	66 
2639	18 
2640	46 
2641	90 
2642	20 
2643	71 
2644	7 
2645	53 
2646	92 
2647	20 
2648	4 
2649	7 
2650	3 
2651	87 
2652	82 
2653	80 
2654	57 
2655	54 
2656	47 
2657	13 
2658	64 
2659	77 
2660	22 
2661	92 
2662	12 
2663	26 
2664	89 
2665	3 
2666	43 
2667	35 
2668	36 
2669	46 
2670	91 
2671	97 
2672	86 
2673	48 
2674	92 
2675	28 
2676	28 
2677	73 
2678	16 
2679	71 
2680	12 
2681	63 
2682	67 
2683	53 
2684	11 
2685	2 
2686	31 
2687	95 
2688	59 
2689	19 
2690	54 
2691	87 
2692	24 
2693	27 
2694	92 
2695	3 
2696	3 
2697	69 
2698	93 
2699	61 
2700	3 
2701	27 
2702	15 
2703	40 
2704	83 
2705	71 
2706	39 
2707	4 
2708	75 
2709	37 
2710	89 
2711	39 
2712	34 
2713	44 
2714	82 
2715	39 
2716	6 
2717	59 
2718	79 
2719	80 
2720	14 
2721	86 
2722	59 
2723	79 
2724	59 
2725	94 
2726	43 
2727	20 
2728	68 
2729	27 
2730	27 
2731	4 
2732	40 
2733	35 
2734	72 
2735	12 
2736	80 
2737	51 
2738	28 
2739	11 
2740	93 
2741	2 
2742	53 
2743	74 
2744	30 
2745	70 
2746	51 
2747	40 
2748	35 
2749	90 
2750	94 
2751	60 
2752	71 
2753	46 
2754	47 
2755	29 
2756	52 
2757	35 
2758	69 
2759	47 
2760	63 
2761	17 
2762	8 
2763	3 
2764	23 
2765	69 
2766	33 
2767	72 
2768	12 
2769	88 
2770	43 
2771	65 
2772	47 
2773	56 
2774	29 
2775	1 
2776	4 
2777	73 
2778	49 
2779	67 
2780	61 
2781	67 
2782	28 
2783	63 
2784	81 
2785	34 
2786	96 
2787	86 
2788	87 
2789	13 
2790	87 
2791	11 
2792	55 
2793	24 
2794	29 
2795	68 
2796	69 
2797	24 
2798	35 
2799	96 
2800	9 
2801	45 
2802	46 
2803	24 
2804	34 
2805	35 
2806	80 
2807	79 
2808	78 
2809	47 
2810	80 
2811	3 
2812	81 
2813	85 
2814	49 
2815	45 
2816	74 
2817	65 
2818	1 
2819	68 
2820	87 
2821	79 
2822	1 
2823	25 
2824	95 
2825	26 
2826	6 
2827	12 
2828	33 
2829	59 
2830	77 
2831	79 
2832	26 
2833	65 
2834	27 
2835	18 
2836	53 
2837	21 
2838	76 
2839	44 
2840	31 
2841	41 
2842	25 
2843	49 
2844	63 
2845	2 
2846	39 
2847	17 
2848	47 
2849	76 
2850	76 
2851	87 
2852	32 
2853	28 
2854	87 
2855	66 
2856	92 
2857	72 
2858	18 
2859	62 
2860	14 
2861	27 
2862	92 
2863	52 
2864	49 
2865	54 
2866	71 
2867	96 
2868	65 
2869	2 
2870	69 
2871	15 
2872	90 
2873	76 
2874	75 
2875	35 
2876	59 
2877	17 
2878	40 
2879	79 
2880	3 
2881	72 
2882	27 
2883	59 
2884	25 
2885	21 
2886	25 
2887	39 
2888	47 
2889	10 
2890	43 
2891	87 
2892	38 
2893	45 
2894	59 
2895	53 
2896	94 
2897	32 
2898	18 
2899	76 
2900	20 
2901	63 
2902	16 
2903	18 
2904	18 
2905	86 
2906	61 
2907	42 
2908	59 
2909	1 
2910	54 
2911	60 
2912	30 
2913	18 
2914	94 
2915	45 
2916	22 
2917	8 
2918	20 
2919	29 
2920	78 
2921	54 
2922	46 
2923	51 
2924	15 
2925	86 
2926	39 
2927	12 
2928	27 
2929	74 
2930	89 
2931	75 
2932	18 
2933	24 
2934	73 
2935	13 
2936	39 
2937	38 
2938	11 
2939	59 
2940	37 
2941	74 
2942	37 
2943	24 
2944	3 
2945	52 
2946	27 
2947	14 
2948	23 
2949	27 
2950	13 
2951	4 
2952	80 
2953	9 
2954	70 
2955	36 
2956	45 
2957	13 
2958	35 
2959	63 
2960	72 
2961	51 
2962	75 
2963	10 
2964	35 
2965	54 
2966	6 
2967	3 
2968	19 
2969	52 
2970	49 
2971	49 
2972	3 
2973	1 
2974	2 
2975	75 
2976	6 
2977	35 
2978	38 
2979	40 
2980	68 
2981	45 
2982	3 
2983	92 
2984	36 
2985	55 
2986	73 
2987	92 
2988	88 
2989	32 
2990	47 
2991	26 
2992	22 
2993	39 
2994	34 
2995	35 
2996	54 
2997	26 
2998	92 
2999	92 
3000	76 
3001	33 
3002	47 
3003	24 
3004	42 
3005	43 
3006	27 
3007	39 
3008	55 
3009	84 
3010	59 
3011	54 
3012	71 
3013	1 
3014	49 
3015	43 
3016	68 
3017	81 
3018	49 
3019	4 
3020	97 
3021	1 
3022	35 
3023	25 
3024	53 
3025	27 
3026	53 
3027	48 
3028	77 
3029	59 
3030	59 
3031	24 
3032	17 
3033	48 
3034	22 
3035	49 
3036	20 
3037	9 
3038	86 
3039	81 
3040	4 
3041	86 
3042	4 
3043	32 
3044	20 
3045	86 
3046	72 
3047	49 
3048	93 
3049	87 
3050	38 
3051	38 
3052	36 
3053	65 
3054	87 
3055	31 
3056	63 
3057	96 
3058	72 
3059	26 
3060	24 
3061	71 
3062	89 
3063	79 
3064	33 
3065	74 
3066	75 
3067	33 
3068	82 
3069	63 
3070	8 
3071	55 
3072	14 
3073	17 
3074	48 
3075	17 
3076	3 
3077	93 
3078	76 
3079	31 
3080	92 
3081	72 
3082	3 
3083	77 
3084	13 
3085	83 
3086	60 
3087	48 
3088	36 
3089	96 
3090	51 
3091	18 
3092	93 
3093	9 
3094	33 
3095	47 
3096	54 
3097	80 
3098	57 
3099	85 
3100	25 
3101	30 
3102	76 
3103	57 
3104	67 
3105	73 
3106	87 
3107	94 
3108	92 
3109	3 
3110	4 
3111	36 
3112	84 
3113	13 
3114	81 
3115	35 
3116	88 
3117	25 
3118	59 
3119	79 
3120	6 
3121	33 
3122	94 
3123	3 
3124	70 
3125	49 
3126	85 
3127	38 
3128	80 
3129	77 
3130	25 
3131	20 
3132	40 
3133	50 
3134	39 
3135	36 
3136	24 
3137	11 
3138	18 
3139	24 
3140	54 
3141	18 
3142	64 
3143	55 
3144	66 
3145	45 
3146	22 
3147	79 
3148	60 
3149	26 
3150	54 
3151	49 
3152	1 
3153	12 
3154	71 
3155	51 
3156	9 
3157	35 
3158	26 
3159	65 
3160	55 
3161	69 
3162	59 
3163	97 
3164	56 
3165	23 
3166	52 
3167	71 
3168	22 
3169	30 
3170	87 
3171	86 
3172	88 
3173	77 
3174	53 
3175	81 
3176	26 
3177	13 
3178	83 
3179	48 
3180	57 
3181	38 
3182	62 
3183	88 
3184	48 
3185	73 
3186	97 
3187	44 
3188	22 
3189	86 
3190	85 
3191	44 
3192	40 
3193	34 
3194	16 
3195	30 
3196	86 
3197	38 
3198	48 
3199	86 
3200	38 
3201	36 
3202	76 
3203	88 
3204	79 
3205	17 
3206	56 
3207	53 
3208	54 
3209	94 
3210	33 
3211	78 
3212	49 
3213	25 
3214	48 
3215	77 
3216	45 
3217	70 
3218	96 
3219	47 
3220	3 
3221	30 
3222	32 
3223	47 
3224	37 
3225	83 
3226	8 
3227	96 
3228	81 
3229	2 
3230	85 
3231	93 
3232	13 
3233	4 
3234	54 
3235	42 
3236	43 
3237	59 
3238	79 
3239	23 
3240	70 
3241	87 
3242	27 
3243	8 
3244	86 
3245	25 
3246	74 
3247	80 
3248	63 
3249	76 
3250	43 
3251	65 
3252	44 
3253	45 
3254	2 
3255	26 
3256	89 
3257	48 
3258	6 
3259	65 
3260	87 
3261	14 
3262	93 
3263	27 
3264	47 
3265	77 
3266	87 
3267	71 
3268	43 
3269	67 
3270	12 
3271	59 
3272	25 
3273	91 
3274	27 
3275	20 
3276	17 
3277	25 
3278	47 
3279	93 
3280	53 
3281	16 
3282	25 
3283	23 
3284	76 
3285	25 
3286	11 
3287	26 
3288	25 
3289	87 
3290	86 
3291	96 
3292	24 
3293	25 
3294	79 
3295	24 
3296	78 
3297	66 
3298	39 
3299	17 
3300	9 
3301	86 
3302	88 
3303	18 
3304	68 
3305	96 
3306	86 
3307	59 
3308	92 
3309	85 
3310	22 
3311	76 
3312	93 
3313	81 
3314	78 
3315	25 
3316	91 
3317	25 
3318	65 
3319	5 
3320	71 
3321	45 
3322	61 
3323	28 
3324	39 
3325	82 
3326	44 
3327	39 
3328	70 
3329	90 
3330	2 
3331	44 
3332	48 
3333	16 
3334	93 
3335	44 
3336	86 
3337	38 
3338	28 
3339	26 
3340	13 
3341	47 
3342	61 
3343	25 
3344	56 
3345	3 
3346	85 
3347	28 
3348	87 
3349	29 
3350	12 
3351	4 
3352	12 
3353	3 
3354	45 
3355	33 
3356	75 
3357	80 
3358	94 
3359	90 
3360	24 
3361	22 
3362	57 
3363	30 
3364	64 
3365	2 
3366	77 
3367	59 
3368	20 
3369	23 
3370	46 
3371	35 
3372	39 
3373	49 
3374	88 
3375	89 
3376	87 
3377	3 
3378	38 
3379	36 
3380	49 
3381	29 
3382	28 
3383	60 
3384	59 
3385	3 
3386	13 
3387	68 
3388	36 
3389	13 
3390	44 
3391	54 
3392	18 
3393	6 
3394	71 
3395	88 
3396	59 
3397	78 
3398	87 
3399	93 
3400	27 
3401	31 
3402	96 
3403	12 
3404	72 
3405	79 
3406	93 
3407	27 
3408	12 
3409	35 
3410	12 
3411	88 
3412	47 
3413	79 
3414	86 
3415	10 
3416	53 
3417	88 
3418	94 
3419	25 
3420	87 
3421	34 
3422	51 
3423	49 
3424	85 
3425	3 
3426	12 
3427	88 
3428	92 
3429	76 
3430	85 
3431	15 
3432	81 
3433	71 
3434	81 
3435	72 
3436	28 
3437	84 
3438	3 
3439	31 
3440	27 
3441	50 
3442	81 
3443	32 
3444	77 
3445	6 
3446	33 
3447	79 
3448	13 
3449	1 
3450	47 
3451	1 
3452	4 
3453	50 
3454	13 
3455	22 
3456	9 
3457	22 
3458	4 
3459	27 
3460	93 
3461	2 
3462	18 
3463	46 
3464	88 
3465	35 
3466	50 
3467	79 
3468	26 
3469	66 
3470	11 
3471	55 
3472	39 
3473	34 
3474	85 
3475	67 
3476	55 
3477	53 
3478	27 
3479	1 
3480	1 
3481	74 
3482	50 
3483	39 
3484	50 
3485	71 
3486	30 
3487	13 
3488	93 
3489	69 
3490	27 
3491	71 
3492	80 
3493	45 
3494	90 
3495	14 
3496	39 
3497	78 
3498	52 
3499	68 
3500	47 
3501	3 
3502	70 
3503	35 
3504	41 
3505	76 
3506	47 
3507	71 
3508	27 
3509	30 
3510	51 
3511	62 
3512	59 
3513	39 
3514	48 
3515	59 
3516	39 
3517	38 
3518	95 
3519	19 
3520	38 
3521	90 
3522	18 
3523	85 
3524	66 
3525	33 
3526	33 
3527	3 
3528	23 
3529	17 
3530	25 
3531	24 
3532	49 
3533	28 
3534	88 
3535	1 
3536	89 
3537	64 
3538	48 
3539	27 
3540	12 
3541	59 
3542	22 
3543	23 
3544	13 
3545	47 
3546	26 
3547	42 
3548	8 
3549	38 
3550	62 
3551	17 
3552	2 
3553	13 
3554	65 
3555	49 
3556	65 
3557	24 
3558	85 
3559	91 
3560	32 
3561	17 
3562	24 
3563	71 
3564	27 
3565	2 
3566	13 
3567	87 
3568	81 
3569	83 
3570	27 
3571	86 
3572	87 
3573	1 
3574	92 
3575	72 
3576	8 
3577	27 
3578	15 
3579	23 
3580	88 
3581	3 
3582	59 
3583	92 
3584	24 
3585	24 
3586	70 
3587	6 
3588	41 
3589	24 
3590	43 
3591	33 
3592	2 
3593	58 
3594	70 
3595	73 
3596	49 
3597	39 
3598	93 
3599	77 
3600	82 
3601	3 
3602	32 
3603	43 
3604	36 
3605	48 
3606	49 
3607	81 
3608	25 
3609	50 
3610	20 
3611	42 
3612	96 
3613	25 
3614	89 
3615	53 
3616	70 
3617	47 
3618	83 
3619	60 
3620	49 
3621	12 
3622	87 
3623	27 
3624	38 
3625	51 
3626	75 
3627	66 
3628	62 
3629	65 
3630	28 
3631	27 
3632	71 
3633	1 
3634	39 
3635	26 
3636	52 
3637	85 
3638	48 
3639	92 
3640	17 
3641	33 
3642	56 
3643	79 
3644	94 
3645	20 
3646	90 
3647	51 
3648	49 
3649	33 
3650	48 
3651	6 
3652	25 
3653	12 
3654	58 
3655	96 
3656	38 
3657	74 
3658	79 
3659	29 
3660	93 
3661	87 
3662	3 
3663	93 
3664	87 
3665	80 
3666	77 
3667	13 
3668	7 
3669	35 
3670	46 
3671	44 
3672	92 
3673	51 
3674	61 
3675	70 
3676	2 
3677	51 
3678	36 
3679	70 
3680	22 
3681	77 
3682	5 
3683	18 
3684	35 
3685	18 
3686	66 
3687	21 
3688	40 
3689	18 
3690	51 
3691	43 
3692	28 
3693	65 
3694	86 
3695	59 
3696	16 
3697	94 
3698	50 
3699	92 
3700	89 
3701	71 
3702	20 
3703	55 
3704	93 
3705	8 
3706	36 
3707	39 
3708	18 
3709	11 
3710	62 
3711	83 
3712	85 
3713	15 
3714	47 
3715	28 
3716	31 
3717	39 
3718	18 
3719	24 
3720	45 
3721	70 
3722	47 
3723	20 
3724	23 
3725	77 
3726	26 
3727	30 
3728	71 
3729	64 
3730	33 
3731	84 
3732	33 
3733	12 
3734	68 
3735	47 
3736	39 
3737	24 
3738	13 
3739	70 
3740	26 
3741	20 
3742	62 
3743	32 
3744	9 
3745	8 
3746	27 
3747	58 
3748	38 
3749	94 
3750	50 
3751	64 
3752	45 
3753	20 
3754	50 
3755	4 
3756	12 
3757	56 
3758	92 
3759	49 
3760	6 
3761	35 
3762	62 
3763	20 
3764	42 
3765	38 
3766	82 
3767	93 
3768	70 
3769	18 
3770	32 
3771	49 
3772	29 
3773	27 
3774	29 
3775	52 
3776	49 
3777	25 
3778	59 
3779	41 
3780	13 
3781	65 
3782	76 
3783	59 
3784	79 
3785	30 
3786	81 
3787	13 
3788	20 
3789	23 
3790	79 
3791	59 
3792	3 
3793	93 
3794	38 
3795	49 
3796	59 
3797	25 
3798	80 
3799	41 
3800	18 
3801	59 
3802	5 
3803	45 
3804	4 
3805	11 
3806	39 
3807	88 
3808	48 
3809	25 
3810	70 
3811	65 
3812	40 
3813	87 
3814	19 
3815	71 
3816	49 
3817	27 
3818	65 
3819	53 
3820	77 
3821	38 
3822	39 
3823	35 
3824	76 
3825	58 
3826	47 
3827	24 
3828	33 
3829	51 
3830	24 
3831	60 
3832	20 
3833	67 
3834	54 
3835	19 
3836	53 
3837	94 
3838	80 
3839	16 
3840	63 
3841	85 
3842	74 
3843	67 
3844	28 
3845	11 
3846	53 
3847	64 
3848	80 
3849	77 
3850	71 
3851	86 
3852	70 
3853	52 
3854	23 
3855	25 
3856	90 
3857	77 
3858	22 
3859	39 
3860	24 
3861	28 
3862	70 
3863	38 
3864	6 
3865	80 
3866	37 
3867	48 
3868	92 
3869	12 
3870	16 
3871	97 
3872	52 
3873	2 
3874	65 
3875	4 
3876	86 
3877	41 
3878	23 
3879	79 
3880	17 
3881	93 
3882	49 
3883	37 
3884	63 
3885	30 
3886	2 
3887	70 
3888	3 
3889	18 
3890	34 
3891	40 
3892	62 
3893	47 
3894	49 
3895	46 
3896	64 
3897	22 
3898	20 
3899	32 
3900	63 
3901	13 
3902	17 
3903	54 
3904	26 
3905	73 
3906	4 
3907	81 
3908	48 
3909	72 
3910	50 
3911	93 
3912	68 
3913	74 
3914	81 
3915	54 
3916	58 
3917	87 
3918	85 
3919	51 
3920	47 
3921	12 
3922	63 
3923	45 
3924	93 
3925	58 
3926	21 
3927	71 
3928	18 
3929	27 
3930	96 
3931	74 
3932	78 
3933	90 
3934	18 
3935	14 
3936	72 
3937	27 
3938	18 
3939	17 
3940	31 
3941	33 
3942	94 
3943	51 
3944	95 
3945	63 
3946	93 
3947	68 
3948	24 
3949	42 
3950	21 
3951	67 
3952	76 
3953	9 
3954	62 
3955	30 
3956	30 
3957	23 
3958	20 
3959	54 
3960	31 
3961	78 
3962	28 
3963	11 
3964	83 
3965	75 
3966	5 
3967	78 
3968	71 
3969	48 
3970	25 
3971	82 
3972	71 
3973	1 
3974	86 
3975	44 
3976	63 
3977	93 
3978	33 
3979	50 
3980	86 
3981	90 
3982	45 
3983	41 
3984	26 
3985	25 
3986	42 
3987	95 
3988	40 
3989	27 
3990	93 
3991	55 
3992	33 
3993	41 
3994	76 
3995	73 
3996	86 
3997	50 
3998	63 
3999	50 
4000	36 
4001	59 
4002	5 
4003	39 
4004	94 
4005	44 
4006	44 
4007	22 
4008	48 
4009	27 
4010	57 
4011	38 
4012	33 
4013	77 
4014	80 
4015	87 
4016	3 
4017	45 
4018	70 
4019	51 
4020	55 
4021	44 
4022	51 
4023	58 
4024	5 
4025	86 
4026	27 
4027	35 
4028	28 
4029	2 
4030	26 
4031	59 
4032	59 
4033	24 
4034	24 
4035	71 
4036	7 
4037	4 
4038	58 
4039	2 
4040	49 
4041	70 
4042	64 
4043	17 
4044	35 
4045	81 
4046	38 
4047	22 
4048	96 
4049	27 
4050	18 
4051	28 
4052	4 
4053	24 
4054	46 
4055	26 
4056	13 
4057	43 
4058	2 
4059	28 
4060	93 
4061	62 
4062	23 
4063	82 
4064	21 
4065	91 
4066	65 
4067	70 
4068	2 
4069	6 
4070	48 
4071	92 
4072	17 
4073	78 
4074	6 
4075	16 
4076	2 
4077	30 
4078	80 
4079	26 
4080	85 
4081	41 
4082	26 
4083	21 
4084	68 
4085	93 
4086	41 
4087	4 
4088	57 
4089	72 
4090	49 
4091	47 
4092	23 
4093	47 
4094	50 
4095	81 
4096	38 
4097	72 
4098	88 
4099	66 
4100	37 
4101	86 
4102	70 
4103	94 
4104	76 
4105	82 
4106	70 
4107	6 
4108	62 
4109	96 
4110	48 
4111	89 
4112	63 
4113	49 
4114	92 
4115	68 
4116	27 
4117	67 
4118	77 
4119	47 
4120	90 
4121	73 
4122	90 
4123	35 
4124	44 
4125	9 
4126	3 
4127	96 
4128	8 
4129	51 
4130	4 
4131	23 
4132	17 
4133	44 
4134	14 
4135	48 
4136	31 
4137	41 
4138	26 
4139	12 
4140	81 
4141	95 
4142	96 
4143	40 
4144	31 
4145	17 
4146	25 
4147	3 
4148	24 
4149	81 
4150	59 
4151	17 
4152	37 
4153	87 
4154	72 
4155	73 
4156	40 
4157	86 
4158	17 
4159	79 
4160	51 
4161	43 
4162	54 
4163	21 
4164	23 
4165	3 
4166	28 
4167	39 
4168	6 
4169	31 
4170	73 
4171	35 
4172	77 
4173	65 
4174	2 
4175	25 
4176	49 
4177	88 
4178	45 
4179	6 
4180	88 
4181	45 
4182	59 
4183	73 
4184	86 
4185	59 
4186	9 
4187	58 
4188	97 
4189	35 
4190	65 
4191	24 
4192	79 
4193	25 
4194	3 
4195	68 
4196	67 
4197	94 
4198	20 
4199	7 
4200	63 
4201	45 
4202	48 
4203	30 
4204	37 
4205	65 
4206	85 
4207	46 
4208	3 
4209	35 
4210	86 
4211	27 
4212	40 
4213	82 
4214	86 
4215	53 
4216	93 
4217	93 
4218	5 
4219	25 
4220	86 
4221	79 
4222	39 
4223	38 
4224	95 
4225	73 
4226	51 
4227	97 
4228	30 
4229	8 
4230	53 
4231	19 
4232	54 
4233	27 
4234	65 
4235	96 
4236	96 
4237	17 
4238	63 
4239	24 
4240	70 
4241	74 
4242	86 
4243	94 
4244	44 
4245	51 
4246	59 
4247	32 
4248	30 
4249	25 
4250	35 
4251	46 
4252	63 
4253	80 
4254	71 
4255	77 
4256	80 
4257	40 
4258	25 
4259	77 
4260	51 
4261	95 
4262	3 
4263	86 
4264	7 
4265	30 
4266	47 
4267	51 
4268	79 
4269	87 
4270	46 
4271	65 
4272	33 
4273	60 
4274	53 
4275	86 
4276	51 
4277	8 
4278	79 
4279	73 
4280	65 
4281	37 
4282	6 
4283	81 
4284	31 
4285	51 
4286	48 
4287	72 
4288	43 
4289	24 
4290	29 
4291	16 
4292	96 
4293	80 
4294	1 
4295	27 
4296	62 
4297	17 
4298	71 
4299	80 
4300	88 
4301	20 
4302	55 
4303	85 
4304	6 
4305	34 
4306	24 
4307	81 
4308	73 
4309	3 
4310	9 
4311	95 
4312	25 
4313	21 
4314	15 
4315	12 
4316	36 
4317	16 
4318	91 
4319	22 
4320	89 
4321	33 
4322	88 
4323	24 
4324	54 
4325	38 
4326	1 
4327	38 
4328	81 
4329	24 
4330	23 
4331	15 
4332	93 
4333	24 
4334	40 
4335	43 
4336	50 
4337	21 
4338	53 
4339	81 
4340	6 
4341	48 
4342	57 
4343	29 
4344	3 
4345	79 
4346	8 
4347	39 
4348	81 
4349	61 
4350	60 
4351	36 
4352	58 
4353	51 
4354	81 
4355	31 
4356	83 
4357	12 
4358	28 
4359	13 
4360	59 
4361	16 
4362	21 
4363	38 
4364	30 
4365	89 
4366	71 
4367	27 
4368	58 
4369	24 
4370	85 
4371	81 
4372	73 
4373	11 
4374	95 
4375	75 
4376	65 
4377	46 
4378	92 
4379	40 
4380	94 
4381	39 
4382	73 
4383	26 
4384	69 
4385	86 
4386	66 
4387	73 
4388	77 
4389	80 
4390	19 
4391	17 
4392	61 
4393	48 
4394	80 
4395	65 
4396	82 
4397	95 
4398	54 
4399	87 
4400	86 
4401	44 
4402	71 
4403	12 
4404	29 
4405	3 
4406	51 
4407	2 
4408	44 
4409	59 
4410	8 
4411	21 
4412	45 
4413	21 
4414	63 
4415	18 
4416	35 
4417	87 
4418	44 
4419	51 
4420	38 
4421	36 
4422	27 
4423	71 
4424	27 
4425	64 
4426	20 
4427	31 
4428	70 
4429	5 
4430	17 
4431	59 
4432	27 
4433	19 
4434	12 
4435	71 
4436	34 
4437	86 
4438	8 
4439	33 
4440	35 
4441	4 
4442	27 
4443	13 
4444	80 
4445	75 
4446	74 
4447	31 
4448	91 
4449	94 
4450	48 
4451	48 
4452	94 
4453	3 
4454	20 
4455	18 
4456	76 
4457	54 
4458	96 
4459	24 
4460	88 
4461	41 
4462	28 
4463	3 
4464	93 
4465	90 
4466	86 
4467	18 
4468	59 
4469	25 
4470	14 
4471	17 
4472	55 
4473	22 
4474	2 
4475	85 
4476	39 
4477	81 
4478	6 
4479	93 
4480	35 
4481	86 
4482	49 
4483	32 
4484	14 
4485	60 
4486	24 
4487	63 
4488	38 
4489	26 
4490	88 
4491	1 
4492	88 
4493	86 
4494	19 
4495	86 
4496	7 
4497	91 
4498	59 
4499	2 
4500	94 
4501	81 
4502	4 
4503	70 
4504	52 
4505	8 
4506	35 
4507	69 
4508	45 
4509	39 
4510	12 
4511	7 
4512	94 
4513	42 
4514	93 
4515	80 
4516	83 
4517	75 
4518	12 
4519	15 
4520	8 
4521	13 
4522	49 
4523	30 
4524	17 
4525	22 
4526	10 
4527	44 
4528	93 
4529	60 
4530	27 
4531	13 
4532	46 
4533	45 
4534	18 
4535	26 
4536	15 
4537	49 
4538	26 
4539	75 
4540	13 
4541	92 
4542	80 
4543	85 
4544	20 
4545	57 
4546	24 
4547	2 
4548	3 
4549	90 
4550	39 
4551	11 
4552	29 
4553	17 
4554	37 
4555	2 
4556	63 
4557	85 
4558	37 
4559	27 
4560	38 
4561	47 
4562	54 
4563	39 
4564	38 
4565	38 
4566	6 
4567	84 
4568	70 
4569	49 
4570	18 
4571	12 
4572	97 
4573	68 
4574	78 
4575	2 
4576	68 
4577	40 
4578	49 
4579	3 
4580	5 
4581	86 
4582	21 
4583	47 
4584	38 
4585	35 
4586	7 
4587	19 
4588	56 
4589	24 
4590	37 
4591	33 
4592	72 
4593	14 
4594	91 
4595	24 
4596	20 
4597	27 
4598	70 
4599	96 
4600	94 
4601	78 
4602	94 
4603	68 
4604	31 
4605	95 
4606	17 
4607	50 
4608	16 
4609	48 
4610	93 
4611	40 
4612	33 
4613	18 
4614	35 
4615	50 
4616	53 
4617	92 
4618	44 
4619	65 
4620	74 
4621	24 
4622	17 
4623	30 
4624	38 
4625	18 
4626	25 
4627	19 
4628	43 
4629	73 
4630	30 
4631	82 
4632	88 
4633	54 
4634	71 
4635	73 
4636	57 
4637	27 
4638	91 
4639	43 
4640	32 
4641	38 
4642	12 
4643	31 
4644	71 
4645	3 
4646	18 
4647	6 
4648	44 
4649	86 
4650	60 
4651	41 
4652	12 
4653	71 
4654	35 
4655	83 
4656	73 
4657	89 
4658	86 
4659	76 
4660	90 
4661	52 
4662	62 
4663	96 
4664	17 
4665	39 
4666	6 
4667	49 
4668	26 
4669	67 
4670	65 
4671	86 
4672	17 
4673	52 
4674	75 
4675	46 
4676	71 
4677	28 
4678	90 
4679	93 
4680	75 
4681	91 
4682	48 
4683	94 
4684	79 
4685	85 
4686	44 
4687	53 
4688	45 
4689	54 
4690	54 
4691	71 
4692	80 
4693	39 
4694	3 
4695	62 
4696	94 
4697	80 
4698	70 
4699	65 
4700	27 
4701	54 
4702	34 
4703	63 
4704	75 
4705	68 
4706	26 
4707	85 
4708	49 
4709	87 
4710	8 
4711	3 
4712	12 
4713	24 
4714	24 
4715	31 
4716	38 
4717	92 
4718	70 
4719	7 
4720	24 
4721	3 
4722	87 
4723	70 
4724	49 
4725	84 
4726	27 
4727	61 
4728	50 
4729	3 
4730	31 
4731	38 
4732	14 
4733	30 
4734	48 
4735	36 
4736	49 
4737	87 
4738	35 
4739	84 
4740	44 
4741	27 
4742	33 
4743	67 
4744	13 
4745	26 
4746	78 
4747	17 
4748	87 
4749	22 
4750	25 
4751	39 
4752	6 
4753	92 
4754	68 
4755	17 
4756	26 
4757	93 
4758	97 
4759	75 
4760	68 
4761	42 
4762	73 
4763	24 
4764	6 
4765	86 
4766	39 
4767	13 
4768	89 
4769	2 
4770	1 
4771	18 
4772	43 
4773	93 
4774	7 
4775	49 
4776	78 
4777	84 
4778	72 
4779	6 
4780	50 
4781	59 
4782	20 
4783	27 
4784	43 
4785	45 
4786	56 
4787	2 
4788	26 
4789	35 
4790	86 
4791	12 
4792	79 
4793	67 
4794	17 
4795	12 
4796	67 
4797	50 
4798	71 
4799	39 
4800	35 
4801	81 
4802	94 
4803	12 
4804	71 
4805	88 
4806	51 
4807	33 
4808	92 
4809	81 
4810	24 
4811	12 
4812	42 
4813	81 
4814	45 
4815	71 
4816	17 
4817	48 
4818	76 
4819	85 
4820	13 
4821	94 
4822	46 
4823	48 
4824	33 
4825	74 
4826	54 
4827	18 
4828	86 
4829	44 
4830	87 
4831	81 
4832	21 
4833	25 
4834	69 
4835	4 
4836	62 
4837	11 
4838	40 
4839	63 
4840	49 
4841	15 
4842	38 
4843	81 
4844	81 
4845	17 
4846	47 
4847	31 
4848	51 
4849	59 
4850	18 
4851	95 
4852	35 
4853	96 
4854	90 
4855	18 
4856	72 
4857	6 
4858	54 
4859	46 
4860	38 
4861	71 
4862	93 
4863	67 
4864	33 
4865	24 
4866	54 
4867	45 
4868	35 
4869	31 
4870	23 
4871	4 
4872	24 
4873	50 
4874	65 
4875	45 
4876	88 
4877	44 
4878	86 
4879	60 
4880	86 
4881	80 
4882	68 
4883	44 
4884	35 
4885	54 
4886	38 
4887	24 
4888	44 
4889	4 
4890	90 
4891	49 
4892	17 
4893	92 
4894	17 
4895	50 
4896	11 
4897	92 
4898	93 
4899	49 
4900	6 
4901	68 
4902	27 
4903	35 
4904	79 
4905	69 
4906	2 
4907	85 
4908	60 
4909	80 
4910	2 
4911	42 
4912	40 
4913	50 
4914	17 
4915	34 
4916	68 
4917	28 
4918	19 
4919	24 
4920	77 
4921	47 
4922	51 
4923	77 
4924	51 
4925	92 
4926	46 
4927	20 
4928	46 
4929	92 
4930	1 
4931	22 
4932	54 
4933	40 
4934	59 
4935	28 
4936	51 
4937	79 
4938	45 
4939	12 
4940	80 
4941	33 
4942	22 
4943	66 
4944	68 
4945	47 
4946	46 
4947	14 
4948	47 
4949	67 
4950	28 
4951	81 
4952	83 
4953	13 
4954	94 
4955	4 
4956	40 
4957	45 
4958	2 
4959	72 
4960	70 
4961	43 
4962	30 
4963	37 
4964	2 
4965	74 
4966	63 
4967	86 
4968	83 
4969	83 
4970	63 
4971	61 
4972	26 
4973	43 
4974	80 
4975	75 
4976	52 
4977	79 
4978	88 
4979	54 
4980	7 
4981	22 
4982	3 
4983	8 
4984	21 
4985	59 
4986	79 
4987	46 
4988	63 
4989	36 
4990	25 
4991	17 
4992	48 
4993	94 
4994	56 
4995	80 
4996	8 
4997	48 
4998	30 
4999	79 
5000	93 
