1	3 
2	42 
3	14 
4	16 
5	51 
6	39 
7	9 
8	55 
9	50 
10	38 
11	53 
12	92 
13	26 
14	86 
15	1 
16	43 
17	54 
18	24 
19	38 
20	27 
21	82 
22	48 
23	23 
24	84 
25	35 
26	75 
27	47 
28	44 
29	75 
30	1 
31	14 
32	90 
33	59 
34	65 
35	90 
36	101 
37	39 
38	29 
39	40 
40	30 
41	38 
42	90 
43	14 
44	64 
45	49 
46	14 
47	59 
48	58 
49	28 
50	90 
51	17 
52	86 
53	24 
54	4 
55	36 
56	38 
57	86 
58	5 
59	7 
60	73 
61	36 
62	90 
63	14 
64	37 
65	88 
66	102 
67	14 
68	81 
69	100 
70	30 
71	51 
72	49 
73	54 
74	1 
75	68 
76	77 
77	96 
78	20 
79	90 
80	40 
81	68 
82	16 
83	80 
84	65 
85	78 
86	81 
87	59 
88	103 
89	97 
90	9 
91	14 
92	71 
93	31 
94	70 
95	39 
96	43 
97	14 
98	52 
99	29 
100	10 
101	40 
102	5 
103	18 
104	54 
105	17 
106	35 
107	38 
108	82 
109	62 
110	11 
111	37 
112	97 
113	20 
114	30 
115	104 
116	81 
117	33 
118	48 
119	54 
120	10 
121	66 
122	30 
123	11 
124	88 
125	26 
126	88 
127	27 
128	50 
129	84 
130	57 
131	40 
132	64 
133	58 
134	18 
135	22 
136	62 
137	16 
138	47 
139	90 
140	21 
141	100 
142	53 
143	86 
144	54 
145	91 
146	62 
147	54 
148	1 
149	82 
150	38 
151	29 
152	91 
153	38 
154	26 
155	9 
156	44 
157	48 
158	74 
159	82 
160	75 
161	50 
162	5 
163	37 
164	19 
165	82 
166	55 
167	60 
168	57 
169	76 
170	76 
171	18 
172	73 
173	43 
174	91 
175	31 
176	86 
177	66 
178	65 
179	31 
180	82 
181	11 
182	3 
183	66 
184	102 
185	86 
186	55 
187	8 
188	75 
189	13 
190	84 
191	75 
192	69 
193	72 
194	28 
195	91 
196	97 
197	75 
198	43 
199	64 
200	14 
201	39 
202	32 
203	48 
204	30 
205	3 
206	77 
207	73 
208	62 
209	37 
210	67 
211	48 
212	82 
213	58 
214	9 
215	51 
216	23 
217	62 
218	41 
219	66 
220	66 
221	16 
222	15 
223	62 
224	80 
225	72 
226	6 
227	75 
228	68 
229	30 
230	26 
231	75 
232	10 
233	101 
234	37 
235	86 
236	42 
237	41 
238	37 
239	67 
240	5 
241	83 
242	88 
243	27 
244	23 
245	3 
246	86 
247	45 
248	86 
249	55 
250	67 
251	89 
252	85 
253	83 
254	84 
255	65 
256	51 
257	41 
258	39 
259	55 
260	14 
261	84 
262	81 
263	28 
264	9 
265	75 
266	20 
267	81 
268	1 
269	63 
270	5 
271	55 
272	94 
273	22 
274	72 
275	28 
276	38 
277	9 
278	44 
279	44 
280	14 
281	43 
282	89 
283	52 
284	82 
285	3 
286	58 
287	48 
288	26 
289	86 
290	50 
291	71 
292	101 
293	73 
294	51 
295	37 
296	98 
297	5 
298	30 
299	35 
300	93 
301	66 
302	2 
303	44 
304	39 
305	69 
306	47 
307	30 
308	24 
309	12 
310	91 
311	95 
312	74 
313	74 
314	38 
315	72 
316	49 
317	46 
318	8 
319	8 
320	81 
321	47 
322	73 
323	61 
324	29 
325	32 
326	66 
327	9 
328	87 
329	47 
330	9 
331	96 
332	40 
333	101 
334	21 
335	35 
336	1 
337	75 
338	49 
339	38 
340	21 
341	20 
342	70 
343	96 
344	5 
345	96 
346	74 
347	90 
348	1 
349	35 
350	14 
351	75 
352	31 
353	100 
354	57 
355	49 
356	29 
357	90 
358	37 
359	73 
360	26 
361	81 
362	29 
363	73 
364	14 
365	87 
366	21 
367	19 
368	19 
369	56 
370	80 
371	84 
372	45 
373	97 
374	73 
375	72 
376	72 
377	14 
378	38 
379	1 
380	9 
381	75 
382	59 
383	78 
384	1 
385	20 
386	63 
387	29 
388	100 
389	11 
390	50 
391	29 
392	9 
393	81 
394	90 
395	91 
396	1 
397	26 
398	104 
399	64 
400	103 
401	50 
402	8 
403	78 
404	78 
405	8 
406	65 
407	87 
408	46 
409	2 
410	59 
411	6 
412	77 
413	72 
414	89 
415	28 
416	7 
417	38 
418	11 
419	44 
420	68 
421	9 
422	28 
423	49 
424	90 
425	39 
426	41 
427	63 
428	9 
429	50 
430	37 
431	43 
432	87 
433	64 
434	47 
435	99 
436	65 
437	86 
438	64 
439	30 
440	37 
441	96 
442	56 
443	47 
444	72 
445	63 
446	30 
447	82 
448	7 
449	64 
450	37 
451	59 
452	92 
453	32 
454	61 
455	86 
456	40 
457	12 
458	72 
459	72 
460	101 
461	79 
462	7 
463	47 
464	65 
465	37 
466	36 
467	35 
468	57 
469	50 
470	35 
471	85 
472	41 
473	3 
474	52 
475	57 
476	73 
477	49 
478	59 
479	75 
480	86 
481	93 
482	28 
483	43 
484	29 
485	82 
486	9 
487	75 
488	55 
489	84 
490	65 
491	86 
492	86 
493	55 
494	5 
495	97 
496	75 
497	72 
498	65 
499	73 
500	47 
501	88 
502	72 
503	66 
504	72 
505	96 
506	43 
507	29 
508	13 
509	86 
510	11 
511	8 
512	54 
513	36 
514	46 
515	14 
516	86 
517	3 
518	57 
519	64 
520	66 
521	86 
522	56 
523	46 
524	90 
525	32 
526	39 
527	103 
528	65 
529	52 
530	4 
531	11 
532	30 
533	44 
534	24 
535	38 
536	72 
537	96 
538	53 
539	39 
540	50 
541	66 
542	82 
543	26 
544	95 
545	65 
546	8 
547	60 
548	66 
549	81 
550	13 
551	64 
552	90 
553	66 
554	45 
555	100 
556	84 
557	24 
558	35 
559	94 
560	63 
561	83 
562	3 
563	53 
564	14 
565	28 
566	88 
567	88 
568	77 
569	86 
570	15 
571	63 
572	19 
573	89 
574	35 
575	48 
576	63 
577	57 
578	47 
579	63 
580	39 
581	8 
582	44 
583	7 
584	14 
585	65 
586	44 
587	86 
588	72 
589	14 
590	3 
591	76 
592	7 
593	45 
594	4 
595	96 
596	22 
597	51 
598	100 
599	104 
600	72 
601	16 
602	104 
603	84 
604	78 
605	12 
606	14 
607	95 
608	46 
609	65 
610	32 
611	39 
612	89 
613	84 
614	15 
615	96 
616	15 
617	3 
618	56 
619	94 
620	96 
621	55 
622	37 
623	50 
624	97 
625	32 
626	28 
627	96 
628	97 
629	96 
630	30 
631	82 
632	13 
633	102 
634	103 
635	7 
636	56 
637	20 
638	22 
639	16 
640	26 
641	26 
642	21 
643	39 
644	86 
645	47 
646	84 
647	14 
648	75 
649	57 
650	14 
651	64 
652	44 
653	16 
654	89 
655	43 
656	9 
657	81 
658	10 
659	19 
660	50 
661	46 
662	97 
663	26 
664	90 
665	25 
666	5 
667	24 
668	19 
669	36 
670	31 
671	66 
672	84 
673	39 
674	48 
675	41 
676	2 
677	70 
678	72 
679	44 
680	58 
681	48 
682	59 
683	37 
684	36 
685	77 
686	81 
687	77 
688	92 
689	94 
690	65 
691	39 
692	64 
693	62 
694	64 
695	51 
696	35 
697	9 
698	87 
699	68 
700	19 
701	77 
702	9 
703	18 
704	23 
705	82 
706	75 
707	39 
708	39 
709	30 
710	37 
711	29 
712	21 
713	76 
714	47 
715	89 
716	63 
717	44 
718	38 
719	59 
720	2 
721	77 
722	37 
723	47 
724	1 
725	83 
726	54 
727	6 
728	65 
729	37 
730	91 
731	29 
732	7 
733	72 
734	2 
735	91 
736	22 
737	44 
738	8 
739	86 
740	30 
741	12 
742	45 
743	29 
744	81 
745	58 
746	68 
747	73 
748	91 
749	43 
750	14 
751	40 
752	85 
753	64 
754	77 
755	46 
756	8 
757	59 
758	14 
759	102 
760	73 
761	104 
762	14 
763	12 
764	16 
765	97 
766	43 
767	11 
768	4 
769	15 
770	28 
771	14 
772	86 
773	80 
774	12 
775	70 
776	98 
777	66 
778	84 
779	54 
780	90 
781	88 
782	81 
783	39 
784	100 
785	10 
786	30 
787	65 
788	16 
789	65 
790	43 
791	78 
792	43 
793	66 
794	71 
795	101 
796	31 
797	82 
798	38 
799	20 
800	37 
801	67 
802	81 
803	57 
804	30 
805	59 
806	91 
807	3 
808	91 
809	102 
810	49 
811	98 
812	44 
813	85 
814	9 
815	56 
816	100 
817	61 
818	44 
819	77 
820	14 
821	4 
822	57 
823	45 
824	73 
825	1 
826	20 
827	81 
828	83 
829	29 
830	72 
831	38 
832	71 
833	3 
834	29 
835	63 
836	39 
837	61 
838	92 
839	35 
840	90 
841	19 
842	57 
843	29 
844	54 
845	33 
846	50 
847	43 
848	52 
849	6 
850	26 
851	25 
852	66 
853	96 
854	33 
855	46 
856	8 
857	84 
858	30 
859	9 
860	94 
861	43 
862	31 
863	59 
864	84 
865	66 
866	69 
867	71 
868	90 
869	26 
870	91 
871	9 
872	70 
873	61 
874	93 
875	4 
876	35 
877	4 
878	15 
879	47 
880	9 
881	83 
882	35 
883	5 
884	66 
885	21 
886	99 
887	23 
888	90 
889	5 
890	78 
891	35 
892	100 
893	21 
894	103 
895	9 
896	84 
897	46 
898	58 
899	91 
900	54 
901	2 
902	57 
903	58 
904	39 
905	44 
906	34 
907	95 
908	84 
909	9 
910	99 
911	83 
912	94 
913	8 
914	50 
915	50 
916	84 
917	2 
918	64 
919	9 
920	24 
921	57 
922	64 
923	22 
924	59 
925	89 
926	97 
927	63 
928	42 
929	99 
930	47 
931	37 
932	99 
933	38 
934	85 
935	38 
936	8 
937	90 
938	42 
939	10 
940	71 
941	53 
942	79 
943	50 
944	88 
945	60 
946	30 
947	17 
948	64 
949	28 
950	14 
951	2 
952	35 
953	104 
954	34 
955	37 
956	72 
957	68 
958	36 
959	21 
960	1 
961	52 
962	74 
963	47 
964	26 
965	11 
966	84 
967	77 
968	77 
969	59 
970	60 
971	73 
972	72 
973	84 
974	91 
975	39 
976	88 
977	73 
978	72 
979	5 
980	35 
981	62 
982	59 
983	49 
984	43 
985	12 
986	59 
987	29 
988	100 
989	96 
990	3 
991	64 
992	59 
993	1 
994	72 
995	38 
996	50 
997	9 
998	86 
999	75 
1000	59 
1001	89 
1002	90 
1003	14 
1004	30 
1005	82 
1006	10 
1007	103 
1008	37 
1009	48 
1010	66 
1011	88 
1012	3 
1013	65 
1014	39 
1015	29 
1016	19 
1017	29 
1018	66 
1019	100 
1020	84 
1021	44 
1022	39 
1023	7 
1024	75 
1025	84 
1026	48 
1027	78 
1028	25 
1029	10 
1030	13 
1031	86 
1032	9 
1033	9 
1034	26 
1035	66 
1036	9 
1037	98 
1038	65 
1039	88 
1040	94 
1041	11 
1042	1 
1043	57 
1044	43 
1045	90 
1046	52 
1047	72 
1048	8 
1049	44 
1050	81 
1051	86 
1052	104 
1053	66 
1054	29 
1055	95 
1056	39 
1057	46 
1058	53 
1059	22 
1060	52 
1061	13 
1062	93 
1063	28 
1064	47 
1065	89 
1066	7 
1067	68 
1068	72 
1069	77 
1070	35 
1071	71 
1072	26 
1073	9 
1074	97 
1075	46 
1076	29 
1077	8 
1078	76 
1079	72 
1080	64 
1081	100 
1082	26 
1083	60 
1084	101 
1085	91 
1086	39 
1087	86 
1088	12 
1089	69 
1090	82 
1091	53 
1092	86 
1093	84 
1094	5 
1095	49 
1096	81 
1097	69 
1098	64 
1099	45 
1100	35 
1101	91 
1102	18 
1103	37 
1104	97 
1105	16 
1106	14 
1107	2 
1108	72 
1109	1 
1110	38 
1111	37 
1112	53 
1113	65 
1114	12 
1115	4 
1116	88 
1117	5 
1118	75 
1119	12 
1120	1 
1121	2 
1122	30 
1123	84 
1124	55 
1125	53 
1126	29 
1127	96 
1128	30 
1129	37 
1130	90 
1131	87 
1132	84 
1133	48 
1134	29 
1135	66 
1136	103 
1137	68 
1138	86 
1139	82 
1140	5 
1141	49 
1142	90 
1143	20 
1144	81 
1145	20 
1146	39 
1147	81 
1148	8 
1149	33 
1150	67 
1151	53 
1152	35 
1153	47 
1154	43 
1155	12 
1156	94 
1157	9 
1158	6 
1159	53 
1160	71 
1161	61 
1162	96 
1163	42 
1164	2 
1165	72 
1166	67 
1167	8 
1168	1 
1169	67 
1170	82 
1171	67 
1172	84 
1173	16 
1174	3 
1175	28 
1176	95 
1177	66 
1178	44 
1179	14 
1180	92 
1181	39 
1182	36 
1183	79 
1184	99 
1185	93 
1186	1 
1187	70 
1188	16 
1189	43 
1190	104 
1191	60 
1192	21 
1193	65 
1194	93 
1195	75 
1196	35 
1197	75 
1198	5 
1199	39 
1200	88 
1201	72 
1202	83 
1203	96 
1204	61 
1205	21 
1206	30 
1207	23 
1208	36 
1209	87 
1210	88 
1211	96 
1212	43 
1213	43 
1214	3 
1215	3 
1216	82 
1217	59 
1218	75 
1219	6 
1220	7 
1221	3 
1222	63 
1223	4 
1224	99 
1225	76 
1226	6 
1227	38 
1228	58 
1229	55 
1230	64 
1231	3 
1232	8 
1233	53 
1234	16 
1235	13 
1236	6 
1237	37 
1238	81 
1239	9 
1240	41 
1241	81 
1242	85 
1243	78 
1244	14 
1245	91 
1246	56 
1247	88 
1248	1 
1249	66 
1250	22 
1251	74 
1252	75 
1253	101 
1254	68 
1255	18 
1256	88 
1257	53 
1258	46 
1259	38 
1260	23 
1261	66 
1262	10 
1263	56 
1264	30 
1265	41 
1266	29 
1267	37 
1268	100 
1269	64 
1270	28 
1271	46 
1272	37 
1273	65 
1274	53 
1275	76 
1276	73 
1277	14 
1278	35 
1279	28 
1280	39 
1281	57 
1282	65 
1283	4 
1284	9 
1285	94 
1286	79 
1287	75 
1288	66 
1289	29 
1290	14 
1291	69 
1292	44 
1293	2 
1294	102 
1295	81 
1296	39 
1297	54 
1298	64 
1299	32 
1300	14 
1301	1 
1302	47 
1303	81 
1304	26 
1305	51 
1306	83 
1307	75 
1308	65 
1309	54 
1310	11 
1311	64 
1312	30 
1313	2 
1314	64 
1315	84 
1316	49 
1317	20 
1318	44 
1319	44 
1320	86 
1321	62 
1322	50 
1323	30 
1324	26 
1325	82 
1326	47 
1327	50 
1328	84 
1329	75 
1330	26 
1331	4 
1332	31 
1333	30 
1334	9 
1335	68 
1336	35 
1337	50 
1338	69 
1339	65 
1340	97 
1341	31 
1342	26 
1343	60 
1344	86 
1345	96 
1346	20 
1347	9 
1348	57 
1349	64 
1350	86 
1351	67 
1352	61 
1353	82 
1354	39 
1355	94 
1356	75 
1357	12 
1358	47 
1359	93 
1360	59 
1361	80 
1362	66 
1363	62 
1364	55 
1365	35 
1366	57 
1367	3 
1368	71 
1369	72 
1370	1 
1371	58 
1372	64 
1373	82 
1374	37 
1375	75 
1376	49 
1377	42 
1378	77 
1379	26 
1380	79 
1381	44 
1382	43 
1383	37 
1384	29 
1385	74 
1386	29 
1387	82 
1388	32 
1389	80 
1390	44 
1391	9 
1392	87 
1393	29 
1394	37 
1395	73 
1396	58 
1397	37 
1398	81 
1399	43 
1400	43 
1401	25 
1402	57 
1403	35 
1404	66 
1405	32 
1406	73 
1407	100 
1408	72 
1409	82 
1410	78 
1411	50 
1412	50 
1413	80 
1414	59 
1415	59 
1416	3 
1417	12 
1418	35 
1419	14 
1420	94 
1421	66 
1422	98 
1423	71 
1424	3 
1425	66 
1426	1 
1427	5 
1428	61 
1429	63 
1430	28 
1431	20 
1432	41 
1433	16 
1434	57 
1435	45 
1436	61 
1437	31 
1438	17 
1439	17 
1440	44 
1441	89 
1442	2 
1443	81 
1444	104 
1445	9 
1446	87 
1447	73 
1448	16 
1449	37 
1450	39 
1451	76 
1452	77 
1453	85 
1454	30 
1455	18 
1456	3 
1457	47 
1458	101 
1459	103 
1460	61 
1461	64 
1462	37 
1463	4 
1464	44 
1465	43 
1466	25 
1467	31 
1468	86 
1469	46 
1470	8 
1471	81 
1472	50 
1473	86 
1474	85 
1475	86 
1476	45 
1477	12 
1478	104 
1479	34 
1480	88 
1481	3 
1482	8 
1483	43 
1484	96 
1485	7 
1486	9 
1487	69 
1488	73 
1489	96 
1490	83 
1491	25 
1492	75 
1493	82 
1494	71 
1495	29 
1496	67 
1497	43 
1498	28 
1499	11 
1500	26 
1501	39 
1502	96 
1503	91 
1504	104 
1505	66 
1506	59 
1507	73 
1508	41 
1509	72 
1510	87 
1511	50 
1512	8 
1513	18 
1514	2 
1515	32 
1516	51 
1517	4 
1518	5 
1519	51 
1520	63 
1521	77 
1522	75 
1523	104 
1524	81 
1525	50 
1526	3 
1527	3 
1528	75 
1529	27 
1530	53 
1531	18 
1532	65 
1533	38 
1534	57 
1535	37 
1536	77 
1537	93 
1538	94 
1539	39 
1540	3 
1541	66 
1542	4 
1543	85 
1544	87 
1545	8 
1546	73 
1547	17 
1548	66 
1549	99 
1550	69 
1551	62 
1552	76 
1553	103 
1554	86 
1555	8 
1556	76 
1557	8 
1558	96 
1559	77 
1560	49 
1561	15 
1562	73 
1563	5 
1564	104 
1565	104 
1566	48 
1567	22 
1568	81 
1569	71 
1570	9 
1571	92 
1572	42 
1573	99 
1574	1 
1575	31 
1576	28 
1577	66 
1578	71 
1579	30 
1580	3 
1581	42 
1582	38 
1583	5 
1584	57 
1585	91 
1586	30 
1587	10 
1588	38 
1589	31 
1590	91 
1591	65 
1592	74 
1593	30 
1594	4 
1595	30 
1596	21 
1597	1 
1598	65 
1599	61 
1600	70 
1601	3 
1602	86 
1603	53 
1604	31 
1605	36 
1606	70 
1607	73 
1608	57 
1609	92 
1610	90 
1611	20 
1612	84 
1613	30 
1614	89 
1615	93 
1616	102 
1617	2 
1618	86 
1619	89 
1620	89 
1621	99 
1622	97 
1623	59 
1624	4 
1625	13 
1626	4 
1627	77 
1628	61 
1629	29 
1630	71 
1631	48 
1632	83 
1633	86 
1634	66 
1635	10 
1636	54 
1637	22 
1638	10 
1639	56 
1640	104 
1641	22 
1642	20 
1643	3 
1644	28 
1645	87 
1646	37 
1647	85 
1648	59 
1649	43 
1650	66 
1651	36 
1652	99 
1653	75 
1654	3 
1655	49 
1656	90 
1657	27 
1658	10 
1659	2 
1660	26 
1661	14 
1662	44 
1663	42 
1664	30 
1665	57 
1666	9 
1667	10 
1668	48 
1669	47 
1670	26 
1671	38 
1672	101 
1673	64 
1674	46 
1675	69 
1676	65 
1677	51 
1678	67 
1679	39 
1680	59 
1681	60 
1682	22 
1683	47 
1684	82 
1685	25 
1686	91 
1687	81 
1688	100 
1689	84 
1690	63 
1691	73 
1692	64 
1693	39 
1694	94 
1695	81 
1696	89 
1697	88 
1698	96 
1699	95 
1700	93 
1701	97 
1702	62 
1703	87 
1704	14 
1705	2 
1706	29 
1707	12 
1708	1 
1709	84 
1710	8 
1711	98 
1712	84 
1713	32 
1714	94 
1715	34 
1716	27 
1717	89 
1718	34 
1719	47 
1720	39 
1721	12 
1722	66 
1723	38 
1724	40 
1725	3 
1726	88 
1727	49 
1728	29 
1729	91 
1730	73 
1731	21 
1732	74 
1733	37 
1734	96 
1735	37 
1736	21 
1737	27 
1738	69 
1739	59 
1740	30 
1741	86 
1742	81 
1743	98 
1744	8 
1745	100 
1746	54 
1747	38 
1748	85 
1749	14 
1750	101 
1751	83 
1752	102 
1753	98 
1754	1 
1755	65 
1756	81 
1757	3 
1758	39 
1759	15 
1760	67 
1761	100 
1762	50 
1763	44 
1764	69 
1765	66 
1766	96 
1767	90 
1768	73 
1769	27 
1770	88 
1771	79 
1772	57 
1773	26 
1774	38 
1775	50 
1776	24 
1777	22 
1778	39 
1779	66 
1780	93 
1781	69 
1782	13 
1783	26 
1784	66 
1785	59 
1786	79 
1787	43 
1788	51 
1789	9 
1790	97 
1791	90 
1792	36 
1793	93 
1794	43 
1795	54 
1796	17 
1797	90 
1798	3 
1799	9 
1800	46 
1801	37 
1802	8 
1803	82 
1804	8 
1805	100 
1806	3 
1807	11 
1808	11 
1809	66 
1810	96 
1811	82 
1812	82 
1813	73 
1814	64 
1815	82 
1816	30 
1817	73 
1818	20 
1819	39 
1820	11 
1821	103 
1822	100 
1823	26 
1824	27 
1825	20 
1826	73 
1827	100 
1828	60 
1829	37 
1830	75 
1831	33 
1832	35 
1833	86 
1834	83 
1835	12 
1836	89 
1837	20 
1838	29 
1839	98 
1840	3 
1841	85 
1842	12 
1843	86 
1844	27 
1845	94 
1846	92 
1847	4 
1848	101 
1849	56 
1850	59 
1851	62 
1852	42 
1853	35 
1854	69 
1855	51 
1856	19 
1857	73 
1858	84 
1859	5 
1860	3 
1861	37 
1862	96 
1863	38 
1864	36 
1865	17 
1866	35 
1867	27 
1868	3 
1869	28 
1870	53 
1871	37 
1872	17 
1873	17 
1874	35 
1875	82 
1876	33 
1877	82 
1878	59 
1879	19 
1880	4 
1881	73 
1882	8 
1883	81 
1884	50 
1885	50 
1886	31 
1887	46 
1888	60 
1889	70 
1890	82 
1891	61 
1892	49 
1893	86 
1894	43 
1895	59 
1896	20 
1897	31 
1898	34 
1899	102 
1900	104 
1901	25 
1902	72 
1903	54 
1904	40 
1905	84 
1906	48 
1907	20 
1908	28 
1909	88 
1910	84 
1911	10 
1912	29 
1913	86 
1914	48 
1915	29 
1916	96 
1917	61 
1918	79 
1919	51 
1920	3 
1921	66 
1922	43 
1923	46 
1924	75 
1925	37 
1926	51 
1927	8 
1928	14 
1929	10 
1930	56 
1931	99 
1932	90 
1933	16 
1934	82 
1935	57 
1936	3 
1937	58 
1938	28 
1939	44 
1940	94 
1941	91 
1942	36 
1943	97 
1944	101 
1945	50 
1946	65 
1947	40 
1948	30 
1949	81 
1950	71 
1951	39 
1952	41 
1953	82 
1954	90 
1955	77 
1956	84 
1957	27 
1958	15 
1959	25 
1960	30 
1961	98 
1962	57 
1963	71 
1964	38 
1965	64 
1966	42 
1967	32 
1968	62 
1969	71 
1970	39 
1971	41 
1972	85 
1973	28 
1974	43 
1975	86 
1976	24 
1977	35 
1978	2 
1979	23 
1980	88 
1981	89 
1982	6 
1983	89 
1984	8 
1985	67 
1986	64 
1987	35 
1988	104 
1989	8 
1990	64 
1991	26 
1992	15 
1993	64 
1994	14 
1995	99 
1996	72 
1997	7 
1998	86 
1999	31 
2000	47 
2001	28 
2002	97 
2003	91 
2004	46 
2005	71 
2006	46 
2007	70 
2008	4 
2009	35 
2010	91 
2011	11 
2012	71 
2013	16 
2014	43 
2015	39 
2016	93 
2017	75 
2018	74 
2019	73 
2020	81 
2021	39 
2022	26 
2023	99 
2024	20 
2025	14 
2026	42 
2027	51 
2028	14 
2029	52 
2030	29 
2031	8 
2032	44 
2033	39 
2034	29 
2035	12 
2036	1 
2037	100 
2038	13 
2039	42 
2040	96 
2041	81 
2042	3 
2043	58 
2044	38 
2045	100 
2046	82 
2047	81 
2048	80 
2049	63 
2050	89 
2051	5 
2052	102 
2053	40 
2054	25 
2055	58 
2056	59 
2057	84 
2058	75 
2059	43 
2060	42 
2061	43 
2062	31 
2063	73 
2064	39 
2065	75 
2066	84 
2067	21 
2068	17 
2069	14 
2070	10 
2071	94 
2072	90 
2073	67 
2074	80 
2075	15 
2076	12 
2077	38 
2078	70 
2079	60 
2080	66 
2081	56 
2082	33 
2083	47 
2084	87 
2085	84 
2086	52 
2087	10 
2088	33 
2089	52 
2090	14 
2091	47 
2092	82 
2093	9 
2094	31 
2095	82 
2096	37 
2097	37 
2098	4 
2099	90 
2100	31 
2101	16 
2102	59 
2103	76 
2104	90 
2105	20 
2106	81 
2107	73 
2108	81 
2109	70 
2110	44 
2111	104 
2112	99 
2113	70 
2114	30 
2115	35 
2116	72 
2117	84 
2118	4 
2119	8 
2120	17 
2121	52 
2122	40 
2123	9 
2124	92 
2125	18 
2126	4 
2127	93 
2128	69 
2129	11 
2130	4 
2131	65 
2132	44 
2133	57 
2134	95 
2135	59 
2136	73 
2137	28 
2138	43 
2139	75 
2140	34 
2141	66 
2142	91 
2143	77 
2144	66 
2145	29 
2146	98 
2147	9 
2148	89 
2149	34 
2150	16 
2151	30 
2152	66 
2153	53 
2154	28 
2155	14 
2156	58 
2157	43 
2158	91 
2159	57 
2160	69 
2161	27 
2162	98 
2163	86 
2164	99 
2165	85 
2166	38 
2167	100 
2168	52 
2169	103 
2170	90 
2171	35 
2172	38 
2173	36 
2174	85 
2175	8 
2176	38 
2177	50 
2178	75 
2179	51 
2180	77 
2181	56 
2182	64 
2183	48 
2184	90 
2185	78 
2186	30 
2187	91 
2188	36 
2189	85 
2190	54 
2191	75 
2192	64 
2193	88 
2194	96 
2195	25 
2196	54 
2197	59 
2198	7 
2199	41 
2200	104 
2201	64 
2202	89 
2203	5 
2204	31 
2205	1 
2206	85 
2207	80 
2208	43 
2209	77 
2210	85 
2211	6 
2212	81 
2213	91 
2214	64 
2215	66 
2216	96 
2217	17 
2218	31 
2219	4 
2220	45 
2221	100 
2222	17 
2223	43 
2224	4 
2225	99 
2226	42 
2227	18 
2228	64 
2229	63 
2230	83 
2231	24 
2232	2 
2233	69 
2234	73 
2235	75 
2236	46 
2237	76 
2238	39 
2239	54 
2240	99 
2241	7 
2242	4 
2243	14 
2244	100 
2245	91 
2246	34 
2247	51 
2248	62 
2249	81 
2250	8 
2251	71 
2252	47 
2253	14 
2254	76 
2255	28 
2256	90 
2257	14 
2258	100 
2259	4 
2260	7 
2261	62 
2262	84 
2263	45 
2264	1 
2265	7 
2266	9 
2267	7 
2268	97 
2269	88 
2270	28 
2271	3 
2272	57 
2273	9 
2274	23 
2275	73 
2276	38 
2277	42 
2278	2 
2279	30 
2280	1 
2281	59 
2282	94 
2283	28 
2284	68 
2285	67 
2286	75 
2287	64 
2288	30 
2289	84 
2290	96 
2291	70 
2292	2 
2293	46 
2294	103 
2295	3 
2296	43 
2297	8 
2298	21 
2299	72 
2300	3 
2301	32 
2302	66 
2303	77 
2304	64 
2305	69 
2306	21 
2307	69 
2308	58 
2309	102 
2310	85 
2311	16 
2312	43 
2313	72 
2314	64 
2315	66 
2316	15 
2317	74 
2318	67 
2319	104 
2320	20 
2321	79 
2322	97 
2323	29 
2324	57 
2325	74 
2326	30 
2327	8 
2328	7 
2329	96 
2330	94 
2331	77 
2332	65 
2333	81 
2334	45 
2335	76 
2336	43 
2337	8 
2338	71 
2339	34 
2340	21 
2341	69 
2342	99 
2343	45 
2344	11 
2345	48 
2346	1 
2347	6 
2348	4 
2349	72 
2350	7 
2351	72 
2352	72 
2353	83 
2354	79 
2355	28 
2356	29 
2357	14 
2358	104 
2359	3 
2360	14 
2361	53 
2362	98 
2363	84 
2364	82 
2365	69 
2366	25 
2367	44 
2368	36 
2369	54 
2370	17 
2371	66 
2372	23 
2373	104 
2374	75 
2375	7 
2376	72 
2377	11 
2378	75 
2379	38 
2380	72 
2381	9 
2382	56 
2383	38 
2384	77 
2385	81 
2386	58 
2387	8 
2388	75 
2389	7 
2390	71 
2391	96 
2392	98 
2393	68 
2394	69 
2395	27 
2396	75 
2397	16 
2398	87 
2399	71 
2400	17 
2401	39 
2402	1 
2403	7 
2404	36 
2405	99 
2406	71 
2407	3 
2408	9 
2409	7 
2410	15 
2411	62 
2412	88 
2413	35 
2414	25 
2415	38 
2416	25 
2417	35 
2418	86 
2419	31 
2420	101 
2421	51 
2422	45 
2423	82 
2424	61 
2425	34 
2426	1 
2427	13 
2428	44 
2429	84 
2430	47 
2431	22 
2432	37 
2433	59 
2434	97 
2435	73 
2436	88 
2437	14 
2438	76 
2439	79 
2440	22 
2441	98 
2442	81 
2443	15 
2444	91 
2445	99 
2446	59 
2447	90 
2448	68 
2449	65 
2450	17 
2451	42 
2452	88 
2453	7 
2454	73 
2455	98 
2456	35 
2457	67 
2458	81 
2459	64 
2460	89 
2461	60 
2462	99 
2463	75 
2464	72 
2465	45 
2466	82 
2467	3 
2468	70 
2469	38 
2470	61 
2471	41 
2472	72 
2473	64 
2474	66 
2475	63 
2476	6 
2477	17 
2478	9 
2479	43 
2480	91 
2481	59 
2482	52 
2483	47 
2484	25 
2485	43 
2486	33 
2487	85 
2488	101 
2489	7 
2490	6 
2491	45 
2492	98 
2493	35 
2494	38 
2495	38 
2496	73 
2497	26 
2498	65 
2499	3 
2500	57 
2501	45 
2502	43 
2503	64 
2504	54 
2505	52 
2506	62 
2507	61 
2508	102 
2509	64 
2510	3 
2511	31 
2512	72 
2513	66 
2514	47 
2515	43 
2516	73 
2517	56 
2518	17 
2519	38 
2520	71 
2521	39 
2522	34 
2523	14 
2524	64 
2525	96 
2526	98 
2527	80 
2528	98 
2529	12 
2530	50 
2531	84 
2532	16 
2533	94 
2534	98 
2535	89 
2536	49 
2537	34 
2538	79 
2539	49 
2540	102 
2541	24 
2542	49 
2543	72 
2544	74 
2545	15 
2546	10 
2547	83 
2548	11 
2549	46 
2550	102 
2551	78 
2552	86 
2553	75 
2554	3 
2555	1 
2556	73 
2557	88 
2558	9 
2559	72 
2560	39 
2561	43 
2562	90 
2563	70 
2564	26 
2565	28 
2566	43 
2567	35 
2568	104 
2569	31 
2570	89 
2571	2 
2572	37 
2573	29 
2574	3 
2575	43 
2576	35 
2577	37 
2578	89 
2579	75 
2580	81 
2581	32 
2582	47 
2583	90 
2584	88 
2585	39 
2586	54 
2587	103 
2588	42 
2589	23 
2590	81 
2591	40 
2592	46 
2593	1 
2594	47 
2595	35 
2596	75 
2597	44 
2598	57 
2599	99 
2600	6 
2601	85 
2602	61 
2603	28 
2604	88 
2605	96 
2606	42 
2607	71 
2608	38 
2609	77 
2610	28 
2611	72 
2612	16 
2613	50 
2614	38 
2615	45 
2616	39 
2617	59 
2618	3 
2619	87 
2620	77 
2621	82 
2622	84 
2623	84 
2624	7 
2625	43 
2626	65 
2627	74 
2628	69 
2629	71 
2630	77 
2631	7 
2632	88 
2633	43 
2634	46 
2635	38 
2636	57 
2637	80 
2638	19 
2639	30 
2640	53 
2641	66 
2642	37 
2643	43 
2644	5 
2645	30 
2646	27 
2647	90 
2648	42 
2649	88 
2650	23 
2651	1 
2652	61 
2653	14 
2654	47 
2655	9 
2656	7 
2657	94 
2658	58 
2659	89 
2660	81 
2661	5 
2662	104 
2663	80 
2664	53 
2665	18 
2666	22 
2667	96 
2668	4 
2669	57 
2670	37 
2671	35 
2672	50 
2673	38 
2674	86 
2675	8 
2676	93 
2677	51 
2678	26 
2679	44 
2680	30 
2681	65 
2682	44 
2683	86 
2684	44 
2685	55 
2686	59 
2687	89 
2688	69 
2689	43 
2690	84 
2691	75 
2692	3 
2693	4 
2694	1 
2695	71 
2696	25 
2697	35 
2698	66 
2699	75 
2700	35 
2701	89 
2702	97 
2703	94 
2704	93 
2705	98 
2706	64 
2707	9 
2708	62 
2709	50 
2710	28 
2711	15 
2712	30 
2713	37 
2714	72 
2715	57 
2716	42 
2717	20 
2718	9 
2719	73 
2720	67 
2721	84 
2722	99 
2723	1 
2724	49 
2725	71 
2726	81 
2727	50 
2728	37 
2729	18 
2730	20 
2731	59 
2732	100 
2733	69 
2734	70 
2735	37 
2736	83 
2737	84 
2738	85 
2739	59 
2740	49 
2741	88 
2742	19 
2743	98 
2744	30 
2745	90 
2746	75 
2747	29 
2748	50 
2749	64 
2750	13 
2751	84 
2752	89 
2753	47 
2754	95 
2755	50 
2756	4 
2757	96 
2758	44 
2759	37 
2760	31 
2761	21 
2762	39 
2763	76 
2764	63 
2765	50 
2766	1 
2767	67 
2768	1 
2769	18 
2770	43 
2771	35 
2772	50 
2773	58 
2774	51 
2775	82 
2776	32 
2777	55 
2778	98 
2779	43 
2780	89 
2781	30 
2782	103 
2783	43 
2784	35 
2785	60 
2786	29 
2787	75 
2788	66 
2789	62 
2790	59 
2791	48 
2792	26 
2793	2 
2794	29 
2795	13 
2796	82 
2797	84 
2798	59 
2799	91 
2800	23 
2801	38 
2802	25 
2803	84 
2804	86 
2805	75 
2806	90 
2807	69 
2808	69 
2809	44 
2810	36 
2811	72 
2812	82 
2813	61 
2814	9 
2815	70 
2816	70 
2817	99 
2818	69 
2819	42 
2820	103 
2821	45 
2822	73 
2823	97 
2824	37 
2825	94 
2826	92 
2827	81 
2828	14 
2829	26 
2830	37 
2831	15 
2832	82 
2833	20 
2834	84 
2835	54 
2836	28 
2837	44 
2838	35 
2839	22 
2840	36 
2841	96 
2842	49 
2843	31 
2844	49 
2845	77 
2846	10 
2847	71 
2848	40 
2849	37 
2850	77 
2851	90 
2852	26 
2853	84 
2854	49 
2855	74 
2856	90 
2857	89 
2858	96 
2859	78 
2860	19 
2861	35 
2862	14 
2863	3 
2864	102 
2865	67 
2866	11 
2867	64 
2868	77 
2869	75 
2870	62 
2871	56 
2872	13 
2873	68 
2874	90 
2875	53 
2876	98 
2877	82 
2878	82 
2879	44 
2880	11 
2881	42 
2882	93 
2883	85 
2884	49 
2885	38 
2886	63 
2887	66 
2888	30 
2889	20 
2890	73 
2891	46 
2892	94 
2893	35 
2894	102 
2895	28 
2896	46 
2897	1 
2898	77 
2899	33 
2900	76 
2901	3 
2902	51 
2903	97 
2904	75 
2905	69 
2906	90 
2907	64 
2908	52 
2909	30 
2910	92 
2911	72 
2912	3 
2913	71 
2914	7 
2915	31 
2916	1 
2917	65 
2918	91 
2919	81 
2920	3 
2921	27 
2922	81 
2923	71 
2924	75 
2925	88 
2926	89 
2927	84 
2928	61 
2929	43 
2930	42 
2931	30 
2932	32 
2933	34 
2934	80 
2935	35 
2936	81 
2937	63 
2938	71 
2939	90 
2940	91 
2941	69 
2942	88 
2943	86 
2944	51 
2945	96 
2946	86 
2947	16 
2948	55 
2949	70 
2950	73 
2951	72 
2952	76 
2953	101 
2954	70 
2955	93 
2956	49 
2957	1 
2958	45 
2959	64 
2960	98 
2961	29 
2962	65 
2963	28 
2964	72 
2965	14 
2966	97 
2967	97 
2968	73 
2969	26 
2970	2 
2971	40 
2972	55 
2973	86 
2974	43 
2975	97 
2976	77 
2977	88 
2978	65 
2979	15 
2980	64 
2981	99 
2982	81 
2983	62 
2984	67 
2985	33 
2986	5 
2987	71 
2988	2 
2989	81 
2990	64 
2991	45 
2992	86 
2993	37 
2994	44 
2995	25 
2996	10 
2997	96 
2998	5 
2999	20 
3000	68 
3001	92 
3002	24 
3003	77 
3004	4 
3005	64 
3006	76 
3007	81 
3008	86 
3009	101 
3010	69 
3011	29 
3012	73 
3013	68 
3014	81 
3015	83 
3016	48 
3017	104 
3018	73 
3019	60 
3020	59 
3021	59 
3022	23 
3023	49 
3024	63 
3025	88 
3026	74 
3027	44 
3028	83 
3029	81 
3030	78 
3031	11 
3032	29 
3033	5 
3034	81 
3035	7 
3036	52 
3037	91 
3038	9 
3039	67 
3040	53 
3041	3 
3042	98 
3043	85 
3044	66 
3045	43 
3046	56 
3047	30 
3048	5 
3049	36 
3050	38 
3051	37 
3052	11 
3053	72 
3054	33 
3055	42 
3056	85 
3057	17 
3058	25 
3059	90 
3060	70 
3061	83 
3062	47 
3063	93 
3064	84 
3065	1 
3066	96 
3067	59 
3068	82 
3069	61 
3070	47 
3071	46 
3072	59 
3073	66 
3074	47 
3075	14 
3076	29 
3077	81 
3078	9 
3079	99 
3080	4 
3081	59 
3082	54 
3083	20 
3084	61 
3085	72 
3086	40 
3087	90 
3088	38 
3089	65 
3090	86 
3091	5 
3092	12 
3093	97 
3094	2 
3095	39 
3096	96 
3097	5 
3098	80 
3099	75 
3100	5 
3101	13 
3102	44 
3103	71 
3104	41 
3105	63 
3106	45 
3107	59 
3108	72 
3109	1 
3110	71 
3111	39 
3112	35 
3113	47 
3114	11 
3115	65 
3116	1 
3117	47 
3118	59 
3119	44 
3120	90 
3121	56 
3122	69 
3123	24 
3124	104 
3125	43 
3126	64 
3127	86 
3128	9 
3129	65 
3130	45 
3131	97 
3132	95 
3133	19 
3134	35 
3135	9 
3136	59 
3137	3 
3138	38 
3139	90 
3140	41 
3141	66 
3142	9 
3143	89 
3144	48 
3145	38 
3146	24 
3147	1 
3148	94 
3149	72 
3150	96 
3151	6 
3152	3 
3153	83 
3154	61 
3155	95 
3156	11 
3157	22 
3158	95 
3159	99 
3160	4 
3161	83 
3162	58 
3163	63 
3164	76 
3165	57 
3166	74 
3167	38 
3168	33 
3169	50 
3170	19 
3171	45 
3172	23 
3173	91 
3174	71 
3175	81 
3176	66 
3177	11 
3178	65 
3179	37 
3180	59 
3181	86 
3182	4 
3183	4 
3184	46 
3185	14 
3186	97 
3187	100 
3188	66 
3189	69 
3190	34 
3191	61 
3192	92 
3193	51 
3194	26 
3195	96 
3196	73 
3197	29 
3198	62 
3199	38 
3200	29 
3201	46 
3202	22 
3203	86 
3204	13 
3205	86 
3206	94 
3207	44 
3208	86 
3209	49 
3210	9 
3211	36 
3212	19 
3213	52 
3214	15 
3215	96 
3216	68 
3217	81 
3218	57 
3219	4 
3220	93 
3221	9 
3222	46 
3223	102 
3224	59 
3225	29 
3226	72 
3227	4 
3228	1 
3229	1 
3230	92 
3231	75 
3232	13 
3233	86 
3234	96 
3235	44 
3236	52 
3237	44 
3238	9 
3239	86 
3240	65 
3241	22 
3242	88 
3243	68 
3244	30 
3245	37 
3246	21 
3247	103 
3248	73 
3249	38 
3250	77 
3251	17 
3252	54 
3253	81 
3254	57 
3255	94 
3256	75 
3257	8 
3258	78 
3259	102 
3260	59 
3261	43 
3262	94 
3263	4 
3264	46 
3265	51 
3266	65 
3267	53 
3268	65 
3269	78 
3270	94 
3271	53 
3272	39 
3273	95 
3274	59 
3275	101 
3276	97 
3277	28 
3278	82 
3279	75 
3280	37 
3281	4 
3282	64 
3283	87 
3284	38 
3285	20 
3286	39 
3287	8 
3288	7 
3289	46 
3290	72 
3291	76 
3292	27 
3293	21 
3294	32 
3295	9 
3296	44 
3297	91 
3298	77 
3299	26 
3300	100 
3301	15 
3302	52 
3303	43 
3304	20 
3305	91 
3306	3 
3307	44 
3308	65 
3309	1 
3310	36 
3311	18 
3312	9 
3313	72 
3314	104 
3315	99 
3316	17 
3317	76 
3318	64 
3319	5 
3320	60 
3321	41 
3322	95 
3323	60 
3324	46 
3325	76 
3326	66 
3327	84 
3328	1 
3329	77 
3330	82 
3331	47 
3332	29 
3333	14 
3334	39 
3335	37 
3336	98 
3337	4 
3338	88 
3339	94 
3340	17 
3341	64 
3342	90 
3343	1 
3344	85 
3345	57 
3346	8 
3347	76 
3348	96 
3349	24 
3350	26 
3351	3 
3352	14 
3353	52 
3354	3 
3355	72 
3356	63 
3357	2 
3358	104 
3359	30 
3360	39 
3361	36 
3362	95 
3363	81 
3364	100 
3365	25 
3366	77 
3367	76 
3368	4 
3369	80 
3370	82 
3371	48 
3372	96 
3373	14 
3374	61 
3375	21 
3376	7 
3377	47 
3378	7 
3379	28 
3380	55 
3381	46 
3382	99 
3383	67 
3384	52 
3385	61 
3386	37 
3387	101 
3388	38 
3389	71 
3390	47 
3391	83 
3392	88 
3393	37 
3394	90 
3395	37 
3396	18 
3397	94 
3398	92 
3399	9 
3400	30 
3401	81 
3402	4 
3403	3 
3404	66 
3405	48 
3406	2 
3407	75 
3408	88 
3409	10 
3410	3 
3411	88 
3412	87 
3413	30 
3414	50 
3415	74 
3416	88 
3417	3 
3418	89 
3419	30 
3420	30 
3421	29 
3422	94 
3423	3 
3424	5 
3425	32 
3426	42 
3427	84 
3428	26 
3429	30 
3430	46 
3431	28 
3432	3 
3433	95 
3434	28 
3435	59 
3436	42 
3437	57 
3438	100 
3439	47 
3440	84 
3441	2 
3442	65 
3443	96 
3444	75 
3445	75 
3446	35 
3447	77 
3448	49 
3449	86 
3450	64 
3451	94 
3452	81 
3453	37 
3454	30 
3455	47 
3456	75 
3457	7 
3458	26 
3459	65 
3460	47 
3461	42 
3462	43 
3463	50 
3464	88 
3465	74 
3466	90 
3467	9 
3468	59 
3469	84 
3470	29 
3471	50 
3472	66 
3473	4 
3474	84 
3475	78 
3476	75 
3477	3 
3478	31 
3479	37 
3480	76 
3481	104 
3482	17 
3483	72 
3484	34 
3485	35 
3486	94 
3487	101 
3488	29 
3489	84 
3490	49 
3491	46 
3492	86 
3493	90 
3494	61 
3495	88 
3496	14 
3497	89 
3498	43 
3499	22 
3500	38 
3501	57 
3502	11 
3503	38 
3504	91 
3505	40 
3506	26 
3507	46 
3508	55 
3509	19 
3510	99 
3511	39 
3512	89 
3513	43 
3514	21 
3515	28 
3516	97 
3517	4 
3518	87 
3519	88 
3520	71 
3521	90 
3522	64 
3523	89 
3524	96 
3525	4 
3526	69 
3527	3 
3528	42 
3529	30 
3530	3 
3531	64 
3532	95 
3533	3 
3534	70 
3535	79 
3536	84 
3537	69 
3538	17 
3539	38 
3540	64 
3541	33 
3542	99 
3543	72 
3544	18 
3545	36 
3546	47 
3547	75 
3548	24 
3549	58 
3550	25 
3551	33 
3552	72 
3553	7 
3554	67 
3555	88 
3556	84 
3557	39 
3558	89 
3559	16 
3560	88 
3561	57 
3562	69 
3563	28 
3564	86 
3565	94 
3566	43 
3567	7 
3568	66 
3569	44 
3570	76 
3571	5 
3572	4 
3573	81 
3574	82 
3575	82 
3576	53 
3577	38 
3578	72 
3579	100 
3580	39 
3581	3 
3582	38 
3583	45 
3584	82 
3585	57 
3586	43 
3587	63 
3588	71 
3589	77 
3590	71 
3591	87 
3592	48 
3593	17 
3594	27 
3595	48 
3596	21 
3597	9 
3598	20 
3599	30 
3600	70 
3601	37 
3602	62 
3603	88 
3604	62 
3605	19 
3606	70 
3607	59 
3608	33 
3609	28 
3610	17 
3611	55 
3612	104 
3613	71 
3614	22 
3615	84 
3616	88 
3617	77 
3618	31 
3619	44 
3620	6 
3621	32 
3622	30 
3623	30 
3624	64 
3625	86 
3626	81 
3627	81 
3628	2 
3629	42 
3630	94 
3631	43 
3632	7 
3633	62 
3634	90 
3635	95 
3636	28 
3637	2 
3638	91 
3639	89 
3640	44 
3641	73 
3642	7 
3643	11 
3644	28 
3645	32 
3646	57 
3647	42 
3648	21 
3649	8 
3650	86 
3651	29 
3652	101 
3653	20 
3654	70 
3655	2 
3656	8 
3657	88 
3658	46 
3659	17 
3660	88 
3661	43 
3662	86 
3663	78 
3664	90 
3665	42 
3666	40 
3667	81 
3668	54 
3669	4 
3670	12 
3671	31 
3672	39 
3673	92 
3674	62 
3675	60 
3676	79 
3677	34 
3678	68 
3679	81 
3680	57 
3681	34 
3682	59 
3683	89 
3684	38 
3685	1 
3686	47 
3687	75 
3688	91 
3689	103 
3690	69 
3691	30 
3692	100 
3693	13 
3694	38 
3695	58 
3696	39 
3697	66 
3698	37 
3699	30 
3700	30 
3701	55 
3702	5 
3703	84 
3704	38 
3705	3 
3706	50 
3707	43 
3708	72 
3709	66 
3710	51 
3711	101 
3712	37 
3713	57 
3714	86 
3715	71 
3716	47 
3717	77 
3718	76 
3719	8 
3720	3 
3721	30 
3722	18 
3723	4 
3724	71 
3725	26 
3726	65 
3727	87 
3728	38 
3729	100 
3730	95 
3731	72 
3732	29 
3733	86 
3734	2 
3735	64 
3736	64 
3737	100 
3738	8 
3739	90 
3740	36 
3741	67 
3742	78 
3743	41 
3744	3 
3745	20 
3746	70 
3747	75 
3748	97 
3749	47 
3750	21 
3751	76 
3752	99 
3753	38 
3754	30 
3755	94 
3756	29 
3757	39 
3758	94 
3759	4 
3760	100 
3761	100 
3762	9 
3763	41 
3764	89 
3765	97 
3766	75 
3767	75 
3768	5 
3769	18 
3770	28 
3771	37 
3772	97 
3773	76 
3774	86 
3775	71 
3776	6 
3777	23 
3778	12 
3779	46 
3780	29 
3781	7 
3782	71 
3783	35 
3784	85 
3785	57 
3786	26 
3787	23 
3788	63 
3789	59 
3790	74 
3791	101 
3792	88 
3793	99 
3794	93 
3795	9 
3796	37 
3797	73 
3798	21 
3799	74 
3800	5 
3801	44 
3802	9 
3803	84 
3804	4 
3805	72 
3806	96 
3807	73 
3808	27 
3809	45 
3810	40 
3811	100 
3812	87 
3813	35 
3814	104 
3815	99 
3816	29 
3817	2 
3818	3 
3819	90 
3820	2 
3821	89 
3822	70 
3823	30 
3824	59 
3825	86 
3826	94 
3827	61 
3828	90 
3829	72 
3830	71 
3831	45 
3832	3 
3833	86 
3834	70 
3835	43 
3836	41 
3837	18 
3838	46 
3839	63 
3840	1 
3841	79 
3842	29 
3843	1 
3844	82 
3845	52 
3846	5 
3847	74 
3848	66 
3849	43 
3850	94 
3851	38 
3852	40 
3853	32 
3854	35 
3855	89 
3856	66 
3857	4 
3858	38 
3859	51 
3860	48 
3861	56 
3862	32 
3863	9 
3864	48 
3865	50 
3866	23 
3867	44 
3868	9 
3869	28 
3870	27 
3871	22 
3872	35 
3873	50 
3874	38 
3875	17 
3876	66 
3877	9 
3878	69 
3879	44 
3880	39 
3881	26 
3882	84 
3883	19 
3884	71 
3885	61 
3886	21 
3887	82 
3888	59 
3889	87 
3890	104 
3891	78 
3892	71 
3893	31 
3894	84 
3895	8 
3896	72 
3897	48 
3898	22 
3899	11 
3900	5 
3901	75 
3902	29 
3903	51 
3904	92 
3905	30 
3906	88 
3907	37 
3908	104 
3909	20 
3910	42 
3911	48 
3912	10 
3913	13 
3914	9 
3915	37 
3916	15 
3917	33 
3918	41 
3919	73 
3920	104 
3921	29 
3922	37 
3923	99 
3924	8 
3925	13 
3926	40 
3927	8 
3928	71 
3929	3 
3930	2 
3931	84 
3932	82 
3933	14 
3934	43 
3935	10 
3936	83 
3937	44 
3938	22 
3939	53 
3940	72 
3941	18 
3942	84 
3943	82 
3944	50 
3945	39 
3946	97 
3947	31 
3948	4 
3949	30 
3950	44 
3951	37 
3952	36 
3953	71 
3954	42 
3955	70 
3956	49 
3957	34 
3958	81 
3959	48 
3960	3 
3961	77 
3962	93 
3963	8 
3964	35 
3965	79 
3966	69 
3967	73 
3968	28 
3969	100 
3970	42 
3971	48 
3972	82 
3973	43 
3974	78 
3975	35 
3976	7 
3977	31 
3978	42 
3979	66 
3980	3 
3981	29 
3982	37 
3983	94 
3984	8 
3985	72 
3986	61 
3987	26 
3988	37 
3989	9 
3990	84 
3991	75 
3992	81 
3993	94 
3994	104 
3995	14 
3996	82 
3997	41 
3998	61 
3999	68 
4000	43 
4001	4 
4002	43 
4003	89 
4004	99 
4005	26 
4006	77 
4007	92 
4008	92 
4009	54 
4010	42 
4011	14 
4012	96 
4013	28 
4014	66 
4015	79 
4016	86 
4017	14 
4018	59 
4019	77 
4020	66 
4021	54 
4022	59 
4023	43 
4024	24 
4025	78 
4026	50 
4027	86 
4028	101 
4029	35 
4030	4 
4031	94 
4032	85 
4033	56 
4034	103 
4035	11 
4036	94 
4037	19 
4038	66 
4039	89 
4040	59 
4041	84 
4042	95 
4043	60 
4044	37 
4045	30 
4046	43 
4047	71 
4048	61 
4049	33 
4050	66 
4051	103 
4052	88 
4053	72 
4054	3 
4055	33 
4056	38 
4057	81 
4058	66 
4059	45 
4060	73 
4061	46 
4062	82 
4063	6 
4064	54 
4065	67 
4066	18 
4067	14 
4068	11 
4069	69 
4070	78 
4071	86 
4072	3 
4073	85 
4074	64 
4075	44 
4076	43 
4077	38 
4078	64 
4079	42 
4080	65 
4081	63 
4082	44 
4083	56 
4084	84 
4085	54 
4086	63 
4087	98 
4088	84 
4089	88 
4090	104 
4091	37 
4092	86 
4093	88 
4094	21 
4095	75 
4096	81 
4097	100 
4098	73 
4099	53 
4100	86 
4101	1 
4102	2 
4103	76 
4104	8 
4105	90 
4106	28 
4107	54 
4108	3 
4109	21 
4110	11 
4111	8 
4112	30 
4113	2 
4114	52 
4115	12 
4116	26 
4117	52 
4118	72 
4119	77 
4120	68 
4121	88 
4122	74 
4123	81 
4124	48 
4125	18 
4126	61 
4127	76 
4128	1 
4129	83 
4130	91 
4131	21 
4132	47 
4133	73 
4134	77 
4135	15 
4136	103 
4137	48 
4138	17 
4139	71 
4140	37 
4141	103 
4142	11 
4143	8 
4144	35 
4145	25 
4146	35 
4147	99 
4148	86 
4149	2 
4150	34 
4151	94 
4152	22 
4153	8 
4154	59 
4155	48 
4156	73 
4157	1 
4158	94 
4159	98 
4160	44 
4161	17 
4162	59 
4163	86 
4164	37 
4165	87 
4166	95 
4167	6 
4168	26 
4169	35 
4170	37 
4171	99 
4172	99 
4173	97 
4174	76 
4175	86 
4176	10 
4177	79 
4178	78 
4179	53 
4180	96 
4181	56 
4182	53 
4183	66 
4184	32 
4185	9 
4186	20 
4187	61 
4188	96 
4189	43 
4190	48 
4191	44 
4192	46 
4193	24 
4194	39 
4195	38 
4196	21 
4197	94 
4198	13 
4199	75 
4200	90 
4201	40 
4202	53 
4203	35 
4204	82 
4205	18 
4206	56 
4207	101 
4208	88 
4209	8 
4210	29 
4211	34 
4212	22 
4213	82 
4214	46 
4215	77 
4216	67 
4217	46 
4218	31 
4219	44 
4220	62 
4221	49 
4222	55 
4223	16 
4224	76 
4225	34 
4226	65 
4227	37 
4228	30 
4229	80 
4230	29 
4231	37 
4232	43 
4233	61 
4234	66 
4235	90 
4236	82 
4237	35 
4238	60 
4239	41 
4240	98 
4241	23 
4242	37 
4243	89 
4244	14 
4245	78 
4246	80 
4247	29 
4248	35 
4249	21 
4250	11 
4251	67 
4252	11 
4253	37 
4254	80 
4255	73 
4256	76 
4257	30 
4258	28 
4259	51 
4260	64 
4261	90 
4262	82 
4263	17 
4264	88 
4265	26 
4266	54 
4267	89 
4268	68 
4269	86 
4270	26 
4271	56 
4272	32 
4273	91 
4274	17 
4275	86 
4276	86 
4277	23 
4278	75 
4279	13 
4280	98 
4281	97 
4282	100 
4283	42 
4284	39 
4285	39 
4286	42 
4287	72 
4288	14 
4289	27 
4290	75 
4291	35 
4292	77 
4293	26 
4294	84 
4295	69 
4296	24 
4297	58 
4298	12 
4299	15 
4300	3 
4301	2 
4302	43 
4303	82 
4304	3 
4305	72 
4306	87 
4307	26 
4308	97 
4309	30 
4310	2 
4311	26 
4312	26 
4313	18 
4314	4 
4315	29 
4316	25 
4317	28 
4318	1 
4319	6 
4320	100 
4321	62 
4322	9 
4323	103 
4324	57 
4325	89 
4326	65 
4327	33 
4328	8 
4329	88 
4330	102 
4331	69 
4332	91 
4333	61 
4334	64 
4335	82 
4336	29 
4337	29 
4338	53 
4339	96 
4340	9 
4341	81 
4342	42 
4343	1 
4344	33 
4345	39 
4346	36 
4347	57 
4348	47 
4349	19 
4350	89 
4351	24 
4352	93 
4353	9 
4354	81 
4355	4 
4356	38 
4357	96 
4358	97 
4359	94 
4360	78 
4361	66 
4362	81 
4363	84 
4364	64 
4365	66 
4366	9 
4367	75 
4368	9 
4369	63 
4370	19 
4371	39 
4372	26 
4373	39 
4374	36 
4375	1 
4376	70 
4377	14 
4378	65 
4379	30 
4380	66 
4381	35 
4382	81 
4383	57 
4384	98 
4385	15 
4386	24 
4387	10 
4388	90 
4389	77 
4390	40 
4391	83 
4392	73 
4393	75 
4394	31 
4395	77 
4396	43 
4397	87 
4398	30 
4399	32 
4400	50 
4401	63 
4402	2 
4403	55 
4404	56 
4405	48 
4406	100 
4407	26 
4408	22 
4409	104 
4410	26 
4411	43 
4412	72 
4413	87 
4414	64 
4415	82 
4416	4 
4417	48 
4418	75 
4419	95 
4420	30 
4421	3 
4422	47 
4423	24 
4424	102 
4425	102 
4426	78 
4427	102 
4428	29 
4429	90 
4430	100 
4431	97 
4432	78 
4433	7 
4434	3 
4435	39 
4436	4 
4437	24 
4438	74 
4439	76 
4440	7 
4441	45 
4442	16 
4443	1 
4444	36 
4445	31 
4446	85 
4447	81 
4448	29 
4449	59 
4450	88 
4451	8 
4452	22 
4453	66 
4454	60 
4455	70 
4456	49 
4457	65 
4458	30 
4459	29 
4460	9 
4461	2 
4462	98 
4463	5 
4464	79 
4465	71 
4466	25 
4467	89 
4468	66 
4469	38 
4470	83 
4471	47 
4472	9 
4473	81 
4474	91 
4475	39 
4476	39 
4477	11 
4478	96 
4479	46 
4480	28 
4481	4 
4482	28 
4483	72 
4484	8 
4485	5 
4486	9 
4487	37 
4488	82 
4489	72 
4490	46 
4491	100 
4492	28 
4493	2 
4494	72 
4495	17 
4496	80 
4497	32 
4498	59 
4499	46 
4500	77 
4501	75 
4502	41 
4503	77 
4504	70 
4505	40 
4506	19 
4507	30 
4508	1 
4509	3 
4510	46 
4511	57 
4512	85 
4513	22 
4514	16 
4515	82 
4516	43 
4517	14 
4518	47 
4519	29 
4520	81 
4521	65 
4522	2 
4523	88 
4524	98 
4525	81 
4526	65 
4527	19 
4528	37 
4529	69 
4530	84 
4531	21 
4532	84 
4533	53 
4534	90 
4535	43 
4536	10 
4537	39 
4538	77 
4539	75 
4540	79 
4541	81 
4542	85 
4543	63 
4544	90 
4545	12 
4546	55 
4547	90 
4548	44 
4549	14 
4550	1 
4551	49 
4552	88 
4553	6 
4554	71 
4555	80 
4556	34 
4557	66 
4558	73 
4559	3 
4560	12 
4561	2 
4562	67 
4563	1 
4564	94 
4565	9 
4566	67 
4567	51 
4568	76 
4569	60 
4570	8 
4571	73 
4572	19 
4573	3 
4574	7 
4575	22 
4576	29 
4577	99 
4578	29 
4579	104 
4580	59 
4581	38 
4582	17 
4583	84 
4584	30 
4585	37 
4586	42 
4587	96 
4588	20 
4589	64 
4590	43 
4591	11 
4592	37 
4593	17 
4594	66 
4595	57 
4596	3 
4597	71 
4598	84 
4599	98 
4600	95 
4601	22 
4602	96 
4603	58 
4604	70 
4605	77 
4606	51 
4607	92 
4608	89 
4609	47 
4610	75 
4611	86 
4612	69 
4613	37 
4614	78 
4615	90 
4616	20 
4617	59 
4618	46 
4619	104 
4620	47 
4621	76 
4622	31 
4623	6 
4624	58 
4625	41 
4626	77 
4627	65 
4628	39 
4629	32 
4630	48 
4631	3 
4632	85 
4633	38 
4634	9 
4635	69 
4636	94 
4637	39 
4638	52 
4639	11 
4640	82 
4641	64 
4642	98 
4643	53 
4644	4 
4645	103 
4646	29 
4647	44 
4648	68 
4649	7 
4650	82 
4651	37 
4652	39 
4653	25 
4654	23 
4655	72 
4656	75 
4657	44 
4658	72 
4659	84 
4660	38 
4661	66 
4662	76 
4663	1 
4664	91 
4665	66 
4666	75 
4667	2 
4668	44 
4669	38 
4670	82 
4671	31 
4672	36 
4673	59 
4674	47 
4675	46 
4676	90 
4677	37 
4678	81 
4679	72 
4680	54 
4681	5 
4682	29 
4683	76 
4684	62 
4685	75 
4686	16 
4687	72 
4688	9 
4689	86 
4690	30 
4691	44 
4692	81 
4693	75 
4694	38 
4695	14 
4696	86 
4697	31 
4698	14 
4699	94 
4700	49 
4701	82 
4702	50 
4703	3 
4704	57 
4705	89 
4706	83 
4707	84 
4708	64 
4709	96 
4710	38 
4711	100 
4712	9 
4713	6 
4714	90 
4715	39 
4716	48 
4717	30 
4718	83 
4719	26 
4720	95 
4721	69 
4722	82 
4723	97 
4724	72 
4725	96 
4726	70 
4727	75 
4728	4 
4729	37 
4730	63 
4731	89 
4732	72 
4733	30 
4734	100 
4735	96 
4736	66 
4737	17 
4738	87 
4739	89 
4740	81 
4741	37 
4742	59 
4743	73 
4744	29 
4745	12 
4746	9 
4747	100 
4748	11 
4749	43 
4750	10 
4751	43 
4752	55 
4753	28 
4754	84 
4755	57 
4756	47 
4757	104 
4758	61 
4759	29 
4760	73 
4761	59 
4762	91 
4763	56 
4764	77 
4765	82 
4766	9 
4767	9 
4768	42 
4769	77 
4770	75 
4771	51 
4772	22 
4773	12 
4774	1 
4775	26 
4776	97 
4777	54 
4778	100 
4779	9 
4780	72 
4781	32 
4782	58 
4783	96 
4784	22 
4785	56 
4786	43 
4787	64 
4788	66 
4789	16 
4790	85 
4791	32 
4792	90 
4793	10 
4794	90 
4795	43 
4796	9 
4797	65 
4798	85 
4799	59 
4800	55 
4801	44 
4802	90 
4803	48 
4804	55 
4805	56 
4806	45 
4807	29 
4808	14 
4809	97 
4810	70 
4811	73 
4812	28 
4813	38 
4814	31 
4815	72 
4816	91 
4817	3 
4818	57 
4819	91 
4820	73 
4821	86 
4822	82 
4823	10 
4824	55 
4825	83 
4826	4 
4827	1 
4828	20 
4829	44 
4830	63 
4831	86 
4832	38 
4833	57 
4834	38 
4835	65 
4836	35 
4837	50 
4838	5 
4839	37 
4840	72 
4841	98 
4842	7 
4843	81 
4844	10 
4845	88 
4846	64 
4847	100 
4848	73 
4849	81 
4850	87 
4851	20 
4852	87 
4853	59 
4854	61 
4855	50 
4856	96 
4857	55 
4858	73 
4859	72 
4860	70 
4861	55 
4862	28 
4863	31 
4864	3 
4865	86 
4866	76 
4867	61 
4868	46 
4869	39 
4870	43 
4871	3 
4872	90 
4873	35 
4874	86 
4875	91 
4876	73 
4877	43 
4878	86 
4879	30 
4880	88 
4881	1 
4882	83 
4883	84 
4884	1 
4885	29 
4886	44 
4887	104 
4888	83 
4889	4 
4890	9 
4891	86 
4892	64 
4893	73 
4894	3 
4895	49 
4896	72 
4897	82 
4898	82 
4899	29 
4900	86 
4901	50 
4902	85 
4903	73 
4904	38 
4905	88 
4906	99 
4907	98 
4908	100 
4909	104 
4910	14 
4911	64 
4912	14 
4913	81 
4914	100 
4915	76 
4916	59 
4917	9 
4918	35 
4919	85 
4920	38 
4921	43 
4922	64 
4923	29 
4924	84 
4925	46 
4926	9 
4927	88 
4928	104 
4929	84 
4930	76 
4931	88 
4932	61 
4933	53 
4934	59 
4935	43 
4936	14 
4937	75 
4938	7 
4939	71 
4940	86 
4941	64 
4942	46 
4943	8 
4944	81 
4945	88 
4946	71 
4947	11 
4948	94 
4949	89 
4950	37 
4951	63 
4952	71 
4953	57 
4954	30 
4955	91 
4956	75 
4957	7 
4958	59 
4959	47 
4960	14 
4961	2 
4962	4 
4963	72 
4964	21 
4965	35 
4966	89 
4967	1 
4968	90 
4969	63 
4970	81 
4971	96 
4972	14 
4973	31 
4974	99 
4975	73 
4976	26 
4977	86 
4978	37 
4979	86 
4980	65 
4981	35 
4982	9 
4983	1 
4984	44 
4985	75 
4986	43 
4987	29 
4988	17 
4989	97 
4990	28 
4991	46 
4992	26 
4993	77 
4994	7 
4995	46 
4996	20 
4997	98 
4998	90 
4999	57 
5000	38 
