1	30 
2	48 
3	50 
4	67 
5	30 
6	62 
7	18 
8	6 
9	34 
10	6 
11	60 
12	74 
13	26 
14	101 
15	57 
16	10 
17	92 
18	98 
19	21 
20	63 
21	47 
22	89 
23	21 
24	16 
25	50 
26	43 
27	56 
28	53 
29	100 
30	77 
31	65 
32	9 
33	82 
34	9 
35	56 
36	77 
37	8 
38	80 
39	72 
40	13 
41	35 
42	81 
43	100 
44	95 
45	16 
46	60 
47	35 
48	1 
49	97 
50	1 
51	33 
52	28 
53	45 
54	21 
55	12 
56	39 
57	56 
58	82 
59	94 
60	90 
61	22 
62	43 
63	1 
64	87 
65	78 
66	21 
67	25 
68	3 
69	19 
70	21 
71	37 
72	11 
73	57 
74	52 
75	39 
76	20 
77	14 
78	22 
79	94 
80	68 
81	36 
82	61 
83	54 
84	28 
85	44 
86	28 
87	28 
88	14 
89	87 
90	25 
91	20 
92	8 
93	81 
94	72 
95	92 
96	11 
97	72 
98	92 
99	45 
100	32 
101	69 
102	42 
103	16 
104	7 
105	78 
106	77 
107	14 
108	66 
109	22 
110	12 
111	100 
112	32 
113	94 
114	94 
115	52 
116	24 
117	26 
118	72 
119	101 
120	6 
121	70 
122	96 
123	42 
124	8 
125	28 
126	12 
127	28 
128	77 
129	21 
130	71 
131	56 
132	56 
133	62 
134	45 
135	2 
136	7 
137	37 
138	35 
139	95 
140	74 
141	50 
142	43 
143	99 
144	2 
145	99 
146	47 
147	91 
148	25 
149	95 
150	101 
151	97 
152	19 
153	21 
154	3 
155	6 
156	68 
157	87 
158	12 
159	68 
160	72 
161	62 
162	63 
163	54 
164	56 
165	65 
166	89 
167	91 
168	39 
169	7 
170	1 
171	19 
172	46 
173	100 
174	18 
175	16 
176	55 
177	43 
178	23 
179	99 
180	27 
181	67 
182	8 
183	69 
184	52 
185	77 
186	80 
187	14 
188	85 
189	1 
190	81 
191	13 
192	63 
193	81 
194	11 
195	74 
196	25 
197	79 
198	24 
199	51 
200	30 
201	38 
202	40 
203	62 
204	36 
205	24 
206	80 
207	81 
208	14 
209	49 
210	31 
211	84 
212	63 
213	36 
214	46 
215	91 
216	6 
217	22 
218	71 
219	61 
220	24 
221	38 
222	28 
223	24 
224	6 
225	78 
226	46 
227	92 
228	11 
229	42 
230	75 
231	28 
232	11 
233	87 
234	65 
235	72 
236	65 
237	13 
238	35 
239	35 
240	22 
241	76 
242	92 
243	21 
244	40 
245	20 
246	33 
247	96 
248	50 
249	13 
250	64 
251	10 
252	7 
253	98 
254	19 
255	77 
256	55 
257	9 
258	70 
259	34 
260	78 
261	61 
262	16 
263	81 
264	97 
265	31 
266	53 
267	10 
268	89 
269	80 
270	71 
271	85 
272	14 
273	34 
274	77 
275	87 
276	50 
277	20 
278	78 
279	54 
280	73 
281	10 
282	16 
283	16 
284	25 
285	19 
286	14 
287	43 
288	53 
289	76 
290	56 
291	16 
292	41 
293	24 
294	89 
295	81 
296	19 
297	1 
298	25 
299	17 
300	72 
301	41 
302	94 
303	35 
304	78 
305	100 
306	37 
307	31 
308	69 
309	80 
310	34 
311	24 
312	30 
313	75 
314	24 
315	63 
316	1 
317	39 
318	2 
319	31 
320	30 
321	36 
322	10 
323	2 
324	29 
325	62 
326	66 
327	12 
328	56 
329	1 
330	60 
331	11 
332	52 
333	93 
334	77 
335	61 
336	29 
337	15 
338	21 
339	73 
340	34 
341	77 
342	73 
343	75 
344	75 
345	54 
346	48 
347	1 
348	53 
349	91 
350	81 
351	85 
352	56 
353	40 
354	9 
355	7 
356	9 
357	101 
358	26 
359	22 
360	80 
361	20 
362	76 
363	66 
364	24 
365	44 
366	8 
367	9 
368	65 
369	63 
370	50 
371	99 
372	29 
373	65 
374	19 
375	31 
376	61 
377	77 
378	92 
379	4 
380	72 
381	81 
382	9 
383	83 
384	38 
385	84 
386	43 
387	88 
388	63 
389	41 
390	79 
391	6 
392	56 
393	51 
394	75 
395	13 
396	62 
397	8 
398	24 
399	10 
400	53 
401	38 
402	92 
403	40 
404	38 
405	62 
406	20 
407	12 
408	95 
409	59 
410	62 
411	23 
412	33 
413	72 
414	63 
415	57 
416	46 
417	64 
418	83 
419	66 
420	1 
421	23 
422	79 
423	98 
424	84 
425	54 
426	77 
427	62 
428	51 
429	9 
430	88 
431	83 
432	33 
433	76 
434	24 
435	39 
436	1 
437	17 
438	7 
439	67 
440	23 
441	4 
442	22 
443	26 
444	10 
445	7 
446	22 
447	64 
448	13 
449	40 
450	74 
451	81 
452	65 
453	49 
454	1 
455	56 
456	84 
457	91 
458	77 
459	83 
460	90 
461	43 
462	39 
463	95 
464	1 
465	30 
466	36 
467	54 
468	78 
469	8 
470	41 
471	63 
472	94 
473	11 
474	70 
475	93 
476	78 
477	66 
478	62 
479	87 
480	6 
481	24 
482	78 
483	93 
484	72 
485	56 
486	9 
487	56 
488	40 
489	41 
490	8 
491	63 
492	80 
493	22 
494	50 
495	9 
496	66 
497	61 
498	79 
499	79 
500	95 
501	76 
502	56 
503	19 
504	35 
505	39 
506	79 
507	36 
508	18 
509	46 
510	83 
511	23 
512	6 
513	46 
514	64 
515	7 
516	91 
517	62 
518	6 
519	91 
520	14 
521	94 
522	58 
523	24 
524	23 
525	56 
526	40 
527	80 
528	41 
529	100 
530	46 
531	97 
532	69 
533	26 
534	1 
535	75 
536	57 
537	34 
538	21 
539	76 
540	48 
541	77 
542	54 
543	66 
544	20 
545	12 
546	89 
547	63 
548	6 
549	59 
550	73 
551	20 
552	23 
553	12 
554	19 
555	69 
556	50 
557	62 
558	24 
559	46 
560	85 
561	100 
562	80 
563	46 
564	96 
565	89 
566	41 
567	60 
568	77 
569	35 
570	6 
571	10 
572	40 
573	74 
574	95 
575	30 
576	101 
577	52 
578	63 
579	76 
580	40 
581	31 
582	62 
583	10 
584	25 
585	83 
586	21 
587	16 
588	78 
589	50 
590	1 
591	1 
592	33 
593	10 
594	75 
595	92 
596	73 
597	65 
598	34 
599	13 
600	9 
601	81 
602	4 
603	37 
604	48 
605	97 
606	30 
607	88 
608	74 
609	66 
610	95 
611	27 
612	43 
613	6 
614	66 
615	60 
616	78 
617	64 
618	26 
619	35 
620	2 
621	94 
622	24 
623	80 
624	3 
625	22 
626	41 
627	35 
628	7 
629	40 
630	47 
631	16 
632	8 
633	46 
634	51 
635	63 
636	11 
637	56 
638	29 
639	53 
640	28 
641	1 
642	12 
643	67 
644	24 
645	44 
646	66 
647	63 
648	6 
649	65 
650	30 
651	50 
652	57 
653	49 
654	92 
655	57 
656	32 
657	19 
658	92 
659	78 
660	77 
661	94 
662	61 
663	53 
664	60 
665	12 
666	25 
667	9 
668	32 
669	52 
670	77 
671	81 
672	30 
673	52 
674	46 
675	37 
676	59 
677	34 
678	70 
679	93 
680	35 
681	88 
682	76 
683	68 
684	80 
685	25 
686	7 
687	81 
688	75 
689	10 
690	26 
691	87 
692	10 
693	89 
694	80 
695	83 
696	91 
697	72 
698	71 
699	37 
700	101 
701	39 
702	67 
703	73 
704	70 
705	1 
706	30 
707	97 
708	40 
709	35 
710	67 
711	81 
712	67 
713	68 
714	15 
715	77 
716	20 
717	17 
718	97 
719	82 
720	79 
721	92 
722	22 
723	1 
724	80 
725	100 
726	23 
727	17 
728	92 
729	81 
730	25 
731	81 
732	97 
733	32 
734	72 
735	1 
736	73 
737	97 
738	18 
739	76 
740	44 
741	62 
742	71 
743	39 
744	73 
745	76 
746	73 
747	53 
748	56 
749	8 
750	36 
751	71 
752	76 
753	1 
754	38 
755	88 
756	16 
757	38 
758	65 
759	12 
760	15 
761	33 
762	88 
763	74 
764	97 
765	90 
766	89 
767	48 
768	56 
769	42 
770	19 
771	60 
772	79 
773	60 
774	41 
775	64 
776	50 
777	61 
778	20 
779	39 
780	57 
781	12 
782	73 
783	38 
784	8 
785	23 
786	95 
787	24 
788	89 
789	28 
790	78 
791	87 
792	41 
793	33 
794	40 
795	14 
796	73 
797	8 
798	42 
799	48 
800	97 
801	42 
802	91 
803	35 
804	17 
805	34 
806	34 
807	63 
808	44 
809	40 
810	79 
811	35 
812	35 
813	95 
814	81 
815	36 
816	95 
817	40 
818	96 
819	33 
820	33 
821	67 
822	72 
823	79 
824	99 
825	34 
826	91 
827	8 
828	72 
829	11 
830	88 
831	22 
832	49 
833	62 
834	20 
835	100 
836	18 
837	33 
838	9 
839	68 
840	72 
841	95 
842	89 
843	12 
844	22 
845	72 
846	61 
847	72 
848	81 
849	85 
850	30 
851	61 
852	98 
853	82 
854	59 
855	50 
856	25 
857	81 
858	11 
859	94 
860	74 
861	97 
862	70 
863	24 
864	87 
865	78 
866	65 
867	67 
868	94 
869	25 
870	59 
871	85 
872	56 
873	11 
874	69 
875	41 
876	45 
877	20 
878	68 
879	19 
880	31 
881	1 
882	39 
883	12 
884	41 
885	64 
886	25 
887	95 
888	64 
889	52 
890	53 
891	65 
892	92 
893	6 
894	43 
895	10 
896	14 
897	4 
898	76 
899	89 
900	76 
901	64 
902	49 
903	66 
904	11 
905	53 
906	48 
907	72 
908	17 
909	75 
910	53 
911	74 
912	36 
913	32 
914	9 
915	36 
916	94 
917	26 
918	35 
919	15 
920	44 
921	63 
922	72 
923	9 
924	68 
925	5 
926	85 
927	72 
928	39 
929	26 
930	30 
931	93 
932	20 
933	66 
934	60 
935	25 
936	94 
937	25 
938	93 
939	68 
940	75 
941	83 
942	79 
943	33 
944	39 
945	56 
946	3 
947	33 
948	49 
949	100 
950	56 
951	54 
952	54 
953	38 
954	18 
955	32 
956	54 
957	95 
958	13 
959	68 
960	7 
961	51 
962	68 
963	52 
964	48 
965	96 
966	39 
967	20 
968	40 
969	8 
970	5 
971	39 
972	75 
973	19 
974	24 
975	61 
976	66 
977	22 
978	77 
979	1 
980	97 
981	35 
982	83 
983	35 
984	60 
985	77 
986	97 
987	8 
988	67 
989	5 
990	24 
991	11 
992	15 
993	97 
994	1 
995	21 
996	41 
997	66 
998	100 
999	36 
1000	29 
1001	19 
1002	81 
1003	20 
1004	64 
1005	67 
1006	47 
1007	2 
1008	71 
1009	19 
1010	39 
1011	31 
1012	9 
1013	54 
1014	35 
1015	80 
1016	61 
1017	7 
1018	43 
1019	56 
1020	59 
1021	81 
1022	91 
1023	25 
1024	9 
1025	20 
1026	74 
1027	80 
1028	73 
1029	72 
1030	41 
1031	8 
1032	21 
1033	54 
1034	81 
1035	16 
1036	64 
1037	97 
1038	20 
1039	64 
1040	39 
1041	56 
1042	61 
1043	59 
1044	73 
1045	46 
1046	91 
1047	79 
1048	72 
1049	66 
1050	24 
1051	63 
1052	21 
1053	24 
1054	57 
1055	33 
1056	39 
1057	25 
1058	20 
1059	21 
1060	73 
1061	83 
1062	62 
1063	49 
1064	54 
1065	5 
1066	21 
1067	95 
1068	57 
1069	92 
1070	28 
1071	25 
1072	46 
1073	1 
1074	74 
1075	9 
1076	26 
1077	24 
1078	47 
1079	97 
1080	23 
1081	23 
1082	100 
1083	62 
1084	25 
1085	12 
1086	20 
1087	20 
1088	33 
1089	75 
1090	56 
1091	76 
1092	7 
1093	63 
1094	49 
1095	74 
1096	64 
1097	22 
1098	4 
1099	24 
1100	42 
1101	28 
1102	19 
1103	22 
1104	34 
1105	92 
1106	95 
1107	79 
1108	50 
1109	68 
1110	57 
1111	25 
1112	77 
1113	65 
1114	50 
1115	66 
1116	39 
1117	76 
1118	21 
1119	33 
1120	16 
1121	50 
1122	11 
1123	1 
1124	77 
1125	28 
1126	12 
1127	32 
1128	69 
1129	58 
1130	14 
1131	56 
1132	91 
1133	77 
1134	79 
1135	51 
1136	52 
1137	63 
1138	8 
1139	83 
1140	98 
1141	79 
1142	28 
1143	73 
1144	92 
1145	81 
1146	36 
1147	9 
1148	16 
1149	64 
1150	62 
1151	31 
1152	82 
1153	6 
1154	75 
1155	80 
1156	7 
1157	36 
1158	85 
1159	40 
1160	41 
1161	35 
1162	94 
1163	41 
1164	39 
1165	19 
1166	62 
1167	11 
1168	32 
1169	89 
1170	89 
1171	5 
1172	55 
1173	77 
1174	73 
1175	101 
1176	16 
1177	74 
1178	35 
1179	56 
1180	39 
1181	45 
1182	64 
1183	73 
1184	14 
1185	28 
1186	98 
1187	40 
1188	55 
1189	100 
1190	16 
1191	39 
1192	1 
1193	6 
1194	40 
1195	48 
1196	56 
1197	8 
1198	39 
1199	50 
1200	73 
1201	33 
1202	43 
1203	68 
1204	28 
1205	14 
1206	39 
1207	8 
1208	29 
1209	25 
1210	33 
1211	47 
1212	82 
1213	34 
1214	12 
1215	67 
1216	14 
1217	67 
1218	97 
1219	23 
1220	81 
1221	20 
1222	33 
1223	70 
1224	80 
1225	75 
1226	16 
1227	57 
1228	40 
1229	78 
1230	51 
1231	15 
1232	70 
1233	61 
1234	11 
1235	92 
1236	42 
1237	90 
1238	12 
1239	72 
1240	31 
1241	21 
1242	52 
1243	25 
1244	60 
1245	39 
1246	36 
1247	7 
1248	49 
1249	12 
1250	97 
1251	25 
1252	85 
1253	23 
1254	30 
1255	25 
1256	63 
1257	92 
1258	73 
1259	87 
1260	11 
1261	65 
1262	24 
1263	85 
1264	76 
1265	64 
1266	62 
1267	27 
1268	72 
1269	94 
1270	24 
1271	17 
1272	41 
1273	73 
1274	67 
1275	88 
1276	73 
1277	63 
1278	63 
1279	97 
1280	60 
1281	19 
1282	30 
1283	79 
1284	23 
1285	49 
1286	92 
1287	89 
1288	8 
1289	42 
1290	30 
1291	31 
1292	14 
1293	80 
1294	73 
1295	31 
1296	19 
1297	19 
1298	77 
1299	29 
1300	33 
1301	94 
1302	95 
1303	45 
1304	28 
1305	85 
1306	32 
1307	78 
1308	8 
1309	59 
1310	43 
1311	13 
1312	23 
1313	72 
1314	76 
1315	50 
1316	33 
1317	16 
1318	98 
1319	23 
1320	4 
1321	73 
1322	5 
1323	78 
1324	80 
1325	49 
1326	11 
1327	49 
1328	41 
1329	25 
1330	81 
1331	84 
1332	4 
1333	30 
1334	92 
1335	87 
1336	81 
1337	91 
1338	62 
1339	46 
1340	50 
1341	22 
1342	76 
1343	61 
1344	81 
1345	28 
1346	72 
1347	97 
1348	74 
1349	6 
1350	79 
1351	16 
1352	78 
1353	15 
1354	57 
1355	50 
1356	30 
1357	73 
1358	48 
1359	59 
1360	16 
1361	93 
1362	20 
1363	64 
1364	87 
1365	70 
1366	34 
1367	65 
1368	1 
1369	93 
1370	28 
1371	34 
1372	17 
1373	19 
1374	78 
1375	97 
1376	33 
1377	78 
1378	50 
1379	65 
1380	81 
1381	95 
1382	14 
1383	72 
1384	31 
1385	78 
1386	2 
1387	24 
1388	16 
1389	80 
1390	58 
1391	8 
1392	84 
1393	60 
1394	70 
1395	39 
1396	6 
1397	25 
1398	35 
1399	73 
1400	45 
1401	81 
1402	9 
1403	72 
1404	73 
1405	63 
1406	9 
1407	20 
1408	94 
1409	76 
1410	58 
1411	82 
1412	50 
1413	37 
1414	73 
1415	9 
1416	96 
1417	91 
1418	85 
1419	59 
1420	57 
1421	1 
1422	92 
1423	74 
1424	33 
1425	48 
1426	24 
1427	20 
1428	82 
1429	97 
1430	68 
1431	58 
1432	12 
1433	37 
1434	45 
1435	15 
1436	75 
1437	10 
1438	28 
1439	82 
1440	35 
1441	22 
1442	8 
1443	39 
1444	88 
1445	62 
1446	67 
1447	95 
1448	64 
1449	1 
1450	21 
1451	25 
1452	81 
1453	59 
1454	11 
1455	73 
1456	39 
1457	80 
1458	53 
1459	23 
1460	78 
1461	1 
1462	50 
1463	39 
1464	79 
1465	59 
1466	54 
1467	1 
1468	28 
1469	10 
1470	80 
1471	64 
1472	95 
1473	66 
1474	76 
1475	31 
1476	51 
1477	80 
1478	77 
1479	61 
1480	21 
1481	5 
1482	5 
1483	87 
1484	72 
1485	72 
1486	12 
1487	30 
1488	77 
1489	67 
1490	53 
1491	33 
1492	72 
1493	19 
1494	97 
1495	14 
1496	81 
1497	31 
1498	33 
1499	85 
1500	88 
1501	55 
1502	22 
1503	21 
1504	65 
1505	29 
1506	57 
1507	60 
1508	72 
1509	59 
1510	75 
1511	57 
1512	86 
1513	50 
1514	67 
1515	24 
1516	30 
1517	4 
1518	47 
1519	8 
1520	72 
1521	66 
1522	14 
1523	36 
1524	94 
1525	1 
1526	1 
1527	9 
1528	77 
1529	47 
1530	95 
1531	1 
1532	11 
1533	35 
1534	62 
1535	63 
1536	93 
1537	99 
1538	32 
1539	67 
1540	33 
1541	9 
1542	77 
1543	89 
1544	43 
1545	76 
1546	76 
1547	9 
1548	100 
1549	39 
1550	101 
1551	19 
1552	50 
1553	39 
1554	92 
1555	56 
1556	44 
1557	12 
1558	36 
1559	40 
1560	95 
1561	95 
1562	75 
1563	5 
1564	95 
1565	3 
1566	94 
1567	40 
1568	74 
1569	10 
1570	7 
1571	31 
1572	2 
1573	34 
1574	18 
1575	5 
1576	89 
1577	35 
1578	22 
1579	26 
1580	60 
1581	68 
1582	39 
1583	97 
1584	8 
1585	92 
1586	96 
1587	24 
1588	52 
1589	34 
1590	64 
1591	11 
1592	42 
1593	58 
1594	12 
1595	61 
1596	63 
1597	35 
1598	31 
1599	76 
1600	77 
1601	25 
1602	41 
1603	81 
1604	77 
1605	100 
1606	72 
1607	50 
1608	91 
1609	26 
1610	52 
1611	75 
1612	8 
1613	63 
1614	98 
1615	73 
1616	81 
1617	93 
1618	101 
1619	64 
1620	35 
1621	81 
1622	73 
1623	22 
1624	5 
1625	34 
1626	20 
1627	22 
1628	12 
1629	50 
1630	10 
1631	77 
1632	68 
1633	36 
1634	63 
1635	67 
1636	83 
1637	69 
1638	13 
1639	91 
1640	19 
1641	29 
1642	24 
1643	85 
1644	28 
1645	61 
1646	25 
1647	82 
1648	72 
1649	35 
1650	14 
1651	73 
1652	54 
1653	78 
1654	52 
1655	7 
1656	26 
1657	90 
1658	30 
1659	35 
1660	9 
1661	24 
1662	34 
1663	73 
1664	63 
1665	11 
1666	61 
1667	17 
1668	30 
1669	81 
1670	66 
1671	62 
1672	34 
1673	41 
1674	24 
1675	59 
1676	62 
1677	35 
1678	20 
1679	81 
1680	42 
1681	21 
1682	76 
1683	1 
1684	75 
1685	78 
1686	56 
1687	52 
1688	19 
1689	31 
1690	74 
1691	39 
1692	92 
1693	97 
1694	78 
1695	87 
1696	78 
1697	97 
1698	51 
1699	71 
1700	73 
1701	33 
1702	24 
1703	9 
1704	16 
1705	82 
1706	35 
1707	16 
1708	49 
1709	16 
1710	99 
1711	22 
1712	56 
1713	21 
1714	28 
1715	16 
1716	97 
1717	12 
1718	48 
1719	47 
1720	73 
1721	91 
1722	7 
1723	40 
1724	50 
1725	15 
1726	33 
1727	24 
1728	79 
1729	81 
1730	79 
1731	53 
1732	16 
1733	59 
1734	53 
1735	64 
1736	52 
1737	91 
1738	50 
1739	42 
1740	58 
1741	67 
1742	46 
1743	96 
1744	77 
1745	50 
1746	64 
1747	79 
1748	98 
1749	36 
1750	91 
1751	73 
1752	35 
1753	29 
1754	97 
1755	22 
1756	9 
1757	21 
1758	27 
1759	33 
1760	7 
1761	73 
1762	48 
1763	56 
1764	16 
1765	73 
1766	63 
1767	14 
1768	78 
1769	9 
1770	98 
1771	77 
1772	91 
1773	16 
1774	44 
1775	101 
1776	78 
1777	31 
1778	87 
1779	55 
1780	27 
1781	72 
1782	91 
1783	75 
1784	81 
1785	50 
1786	100 
1787	12 
1788	20 
1789	22 
1790	27 
1791	23 
1792	9 
1793	21 
1794	18 
1795	62 
1796	78 
1797	60 
1798	42 
1799	75 
1800	40 
1801	77 
1802	93 
1803	3 
1804	72 
1805	18 
1806	78 
1807	41 
1808	56 
1809	34 
1810	16 
1811	76 
1812	90 
1813	11 
1814	25 
1815	98 
1816	36 
1817	90 
1818	66 
1819	36 
1820	14 
1821	77 
1822	54 
1823	71 
1824	14 
1825	52 
1826	11 
1827	50 
1828	80 
1829	68 
1830	52 
1831	54 
1832	50 
1833	79 
1834	93 
1835	20 
1836	75 
1837	95 
1838	4 
1839	53 
1840	30 
1841	41 
1842	51 
1843	92 
1844	7 
1845	68 
1846	72 
1847	95 
1848	91 
1849	78 
1850	18 
1851	16 
1852	72 
1853	5 
1854	21 
1855	62 
1856	45 
1857	62 
1858	6 
1859	41 
1860	35 
1861	97 
1862	91 
1863	54 
1864	16 
1865	84 
1866	65 
1867	49 
1868	20 
1869	33 
1870	50 
1871	8 
1872	19 
1873	61 
1874	79 
1875	57 
1876	53 
1877	72 
1878	100 
1879	20 
1880	35 
1881	57 
1882	31 
1883	81 
1884	67 
1885	78 
1886	4 
1887	96 
1888	59 
1889	89 
1890	1 
1891	76 
1892	34 
1893	27 
1894	73 
1895	65 
1896	18 
1897	56 
1898	42 
1899	28 
1900	77 
1901	71 
1902	23 
1903	93 
1904	91 
1905	63 
1906	72 
1907	61 
1908	57 
1909	80 
1910	28 
1911	61 
1912	92 
1913	72 
1914	22 
1915	96 
1916	33 
1917	10 
1918	44 
1919	9 
1920	100 
1921	1 
1922	27 
1923	8 
1924	95 
1925	79 
1926	16 
1927	65 
1928	59 
1929	19 
1930	47 
1931	20 
1932	25 
1933	9 
1934	64 
1935	75 
1936	40 
1937	92 
1938	75 
1939	7 
1940	26 
1941	11 
1942	63 
1943	1 
1944	24 
1945	42 
1946	11 
1947	55 
1948	20 
1949	16 
1950	52 
1951	81 
1952	48 
1953	89 
1954	62 
1955	20 
1956	79 
1957	50 
1958	52 
1959	56 
1960	67 
1961	76 
1962	92 
1963	40 
1964	45 
1965	24 
1966	55 
1967	9 
1968	1 
1969	35 
1970	17 
1971	63 
1972	2 
1973	19 
1974	74 
1975	75 
1976	63 
1977	32 
1978	15 
1979	38 
1980	89 
1981	28 
1982	44 
1983	70 
1984	78 
1985	77 
1986	85 
1987	76 
1988	40 
1989	65 
1990	96 
1991	80 
1992	79 
1993	43 
1994	14 
1995	70 
1996	54 
1997	20 
1998	1 
1999	54 
2000	33 
2001	31 
2002	69 
2003	28 
2004	94 
2005	9 
2006	33 
2007	64 
2008	76 
2009	14 
2010	79 
2011	40 
2012	5 
2013	61 
2014	21 
2015	38 
2016	5 
2017	80 
2018	37 
2019	10 
2020	87 
2021	76 
2022	29 
2023	99 
2024	17 
2025	37 
2026	101 
2027	46 
2028	77 
2029	26 
2030	52 
2031	78 
2032	74 
2033	81 
2034	72 
2035	31 
2036	1 
2037	40 
2038	20 
2039	78 
2040	10 
2041	19 
2042	56 
2043	88 
2044	87 
2045	28 
2046	19 
2047	95 
2048	29 
2049	73 
2050	19 
2051	78 
2052	56 
2053	57 
2054	77 
2055	1 
2056	77 
2057	51 
2058	9 
2059	19 
2060	82 
2061	71 
2062	79 
2063	31 
2064	16 
2065	67 
2066	54 
2067	72 
2068	1 
2069	53 
2070	16 
2071	93 
2072	53 
2073	34 
2074	54 
2075	101 
2076	15 
2077	63 
2078	74 
2079	3 
2080	8 
2081	67 
2082	63 
2083	48 
2084	72 
2085	78 
2086	12 
2087	35 
2088	22 
2089	92 
2090	48 
2091	77 
2092	40 
2093	85 
2094	16 
2095	94 
2096	1 
2097	24 
2098	25 
2099	33 
2100	72 
2101	83 
2102	30 
2103	74 
2104	5 
2105	94 
2106	63 
2107	84 
2108	60 
2109	9 
2110	81 
2111	25 
2112	63 
2113	42 
2114	55 
2115	44 
2116	1 
2117	11 
2118	77 
2119	10 
2120	89 
2121	67 
2122	52 
2123	4 
2124	6 
2125	97 
2126	50 
2127	34 
2128	33 
2129	10 
2130	29 
2131	60 
2132	50 
2133	89 
2134	8 
2135	3 
2136	61 
2137	20 
2138	85 
2139	62 
2140	41 
2141	94 
2142	11 
2143	26 
2144	78 
2145	65 
2146	47 
2147	30 
2148	2 
2149	53 
2150	45 
2151	15 
2152	11 
2153	100 
2154	32 
2155	35 
2156	87 
2157	21 
2158	48 
2159	2 
2160	39 
2161	16 
2162	67 
2163	80 
2164	97 
2165	88 
2166	60 
2167	101 
2168	43 
2169	51 
2170	50 
2171	75 
2172	56 
2173	22 
2174	48 
2175	79 
2176	22 
2177	51 
2178	35 
2179	66 
2180	63 
2181	33 
2182	33 
2183	33 
2184	44 
2185	62 
2186	82 
2187	41 
2188	73 
2189	82 
2190	57 
2191	90 
2192	59 
2193	14 
2194	19 
2195	7 
2196	101 
2197	25 
2198	22 
2199	75 
2200	80 
2201	63 
2202	24 
2203	14 
2204	9 
2205	18 
2206	78 
2207	67 
2208	81 
2209	19 
2210	101 
2211	94 
2212	32 
2213	74 
2214	6 
2215	86 
2216	42 
2217	61 
2218	35 
2219	73 
2220	13 
2221	90 
2222	93 
2223	47 
2224	65 
2225	19 
2226	21 
2227	39 
2228	6 
2229	20 
2230	7 
2231	11 
2232	93 
2233	96 
2234	54 
2235	63 
2236	79 
2237	68 
2238	96 
2239	8 
2240	9 
2241	100 
2242	57 
2243	13 
2244	20 
2245	78 
2246	72 
2247	11 
2248	82 
2249	86 
2250	16 
2251	75 
2252	25 
2253	73 
2254	79 
2255	6 
2256	6 
2257	28 
2258	28 
2259	89 
2260	8 
2261	20 
2262	73 
2263	87 
2264	22 
2265	22 
2266	83 
2267	59 
2268	5 
2269	35 
2270	39 
2271	35 
2272	30 
2273	76 
2274	79 
2275	26 
2276	57 
2277	101 
2278	73 
2279	2 
2280	78 
2281	72 
2282	40 
2283	2 
2284	74 
2285	94 
2286	60 
2287	75 
2288	79 
2289	25 
2290	6 
2291	3 
2292	59 
2293	20 
2294	49 
2295	97 
2296	80 
2297	35 
2298	98 
2299	6 
2300	17 
2301	7 
2302	91 
2303	39 
2304	89 
2305	22 
2306	72 
2307	90 
2308	81 
2309	56 
2310	36 
2311	48 
2312	76 
2313	22 
2314	57 
2315	5 
2316	28 
2317	96 
2318	28 
2319	74 
2320	47 
2321	6 
2322	33 
2323	39 
2324	81 
2325	41 
2326	73 
2327	66 
2328	62 
2329	67 
2330	75 
2331	78 
2332	12 
2333	60 
2334	63 
2335	4 
2336	78 
2337	28 
2338	40 
2339	51 
2340	96 
2341	81 
2342	64 
2343	62 
2344	30 
2345	84 
2346	1 
2347	33 
2348	50 
2349	82 
2350	6 
2351	67 
2352	6 
2353	25 
2354	25 
2355	21 
2356	88 
2357	52 
2358	2 
2359	75 
2360	44 
2361	77 
2362	76 
2363	29 
2364	48 
2365	37 
2366	80 
2367	24 
2368	74 
2369	5 
2370	18 
2371	55 
2372	100 
2373	2 
2374	24 
2375	44 
2376	81 
2377	12 
2378	11 
2379	96 
2380	33 
2381	15 
2382	100 
2383	33 
2384	82 
2385	101 
2386	10 
2387	22 
2388	77 
2389	96 
2390	91 
2391	31 
2392	24 
2393	31 
2394	1 
2395	79 
2396	93 
2397	79 
2398	51 
2399	14 
2400	16 
2401	79 
2402	53 
2403	81 
2404	95 
2405	68 
2406	56 
2407	92 
2408	33 
2409	20 
2410	31 
2411	54 
2412	61 
2413	34 
2414	96 
2415	60 
2416	82 
2417	48 
2418	41 
2419	6 
2420	80 
2421	60 
2422	53 
2423	54 
2424	28 
2425	46 
2426	83 
2427	65 
2428	64 
2429	58 
2430	76 
2431	47 
2432	57 
2433	54 
2434	23 
2435	54 
2436	53 
2437	60 
2438	85 
2439	8 
2440	77 
2441	17 
2442	12 
2443	12 
2444	10 
2445	34 
2446	51 
2447	42 
2448	33 
2449	35 
2450	9 
2451	56 
2452	29 
2453	35 
2454	25 
2455	75 
2456	40 
2457	96 
2458	36 
2459	20 
2460	64 
2461	47 
2462	12 
2463	28 
2464	69 
2465	90 
2466	60 
2467	71 
2468	32 
2469	40 
2470	19 
2471	91 
2472	38 
2473	50 
2474	34 
2475	54 
2476	3 
2477	98 
2478	92 
2479	77 
2480	16 
2481	19 
2482	65 
2483	82 
2484	92 
2485	77 
2486	7 
2487	41 
2488	23 
2489	25 
2490	36 
2491	84 
2492	95 
2493	79 
2494	76 
2495	56 
2496	79 
2497	41 
2498	31 
2499	98 
2500	72 
2501	77 
2502	89 
2503	1 
2504	21 
2505	80 
2506	14 
2507	16 
2508	41 
2509	73 
2510	13 
2511	25 
2512	11 
2513	13 
2514	33 
2515	19 
2516	23 
2517	78 
2518	12 
2519	56 
2520	10 
2521	12 
2522	12 
2523	18 
2524	14 
2525	32 
2526	25 
2527	84 
2528	93 
2529	80 
2530	16 
2531	69 
2532	78 
2533	96 
2534	81 
2535	8 
2536	92 
2537	99 
2538	12 
2539	90 
2540	78 
2541	8 
2542	88 
2543	97 
2544	67 
2545	28 
2546	32 
2547	40 
2548	33 
2549	14 
2550	14 
2551	9 
2552	47 
2553	56 
2554	88 
2555	66 
2556	78 
2557	17 
2558	57 
2559	23 
2560	12 
2561	66 
2562	67 
2563	54 
2564	52 
2565	64 
2566	21 
2567	25 
2568	4 
2569	75 
2570	48 
2571	76 
2572	97 
2573	63 
2574	11 
2575	61 
2576	80 
2577	26 
2578	74 
2579	87 
2580	19 
2581	76 
2582	1 
2583	54 
2584	73 
2585	92 
2586	73 
2587	72 
2588	41 
2589	44 
2590	58 
2591	56 
2592	11 
2593	25 
2594	56 
2595	77 
2596	63 
2597	81 
2598	66 
2599	56 
2600	20 
2601	13 
2602	27 
2603	77 
2604	20 
2605	75 
2606	40 
2607	53 
2608	20 
2609	8 
2610	27 
2611	57 
2612	89 
2613	96 
2614	6 
2615	74 
2616	19 
2617	6 
2618	31 
2619	35 
2620	23 
2621	53 
2622	99 
2623	56 
2624	39 
2625	79 
2626	50 
2627	19 
2628	96 
2629	9 
2630	89 
2631	8 
2632	44 
2633	21 
2634	60 
2635	24 
2636	25 
2637	24 
2638	14 
2639	3 
2640	67 
2641	36 
2642	50 
2643	91 
2644	36 
2645	12 
2646	43 
2647	57 
2648	28 
2649	65 
2650	85 
2651	70 
2652	15 
2653	31 
2654	89 
2655	16 
2656	89 
2657	19 
2658	57 
2659	82 
2660	63 
2661	25 
2662	6 
2663	25 
2664	82 
2665	95 
2666	66 
2667	58 
2668	73 
2669	91 
2670	29 
2671	31 
2672	61 
2673	1 
2674	21 
2675	22 
2676	34 
2677	35 
2678	51 
2679	93 
2680	52 
2681	78 
2682	78 
2683	40 
2684	65 
2685	72 
2686	73 
2687	5 
2688	30 
2689	46 
2690	38 
2691	8 
2692	51 
2693	85 
2694	27 
2695	31 
2696	78 
2697	91 
2698	72 
2699	32 
2700	70 
2701	65 
2702	8 
2703	63 
2704	79 
2705	95 
2706	76 
2707	71 
2708	16 
2709	5 
2710	89 
2711	73 
2712	36 
2713	98 
2714	53 
2715	33 
2716	91 
2717	56 
2718	81 
2719	76 
2720	31 
2721	39 
2722	83 
2723	72 
2724	37 
2725	98 
2726	65 
2727	23 
2728	79 
2729	14 
2730	16 
2731	65 
2732	1 
2733	36 
2734	89 
2735	77 
2736	71 
2737	93 
2738	39 
2739	59 
2740	24 
2741	41 
2742	66 
2743	33 
2744	77 
2745	9 
2746	8 
2747	78 
2748	1 
2749	99 
2750	97 
2751	24 
2752	53 
2753	25 
2754	53 
2755	9 
2756	25 
2757	28 
2758	6 
2759	54 
2760	69 
2761	39 
2762	60 
2763	9 
2764	92 
2765	97 
2766	56 
2767	27 
2768	72 
2769	14 
2770	95 
2771	24 
2772	41 
2773	19 
2774	6 
2775	48 
2776	35 
2777	78 
2778	60 
2779	25 
2780	12 
2781	20 
2782	82 
2783	89 
2784	50 
2785	22 
2786	25 
2787	11 
2788	38 
2789	34 
2790	54 
2791	21 
2792	89 
2793	21 
2794	36 
2795	38 
2796	93 
2797	28 
2798	9 
2799	62 
2800	77 
2801	73 
2802	65 
2803	75 
2804	52 
2805	94 
2806	56 
2807	57 
2808	22 
2809	34 
2810	12 
2811	64 
2812	22 
2813	24 
2814	57 
2815	23 
2816	24 
2817	93 
2818	32 
2819	56 
2820	19 
2821	96 
2822	67 
2823	75 
2824	77 
2825	34 
2826	73 
2827	64 
2828	6 
2829	81 
2830	7 
2831	86 
2832	9 
2833	40 
2834	26 
2835	74 
2836	77 
2837	76 
2838	12 
2839	57 
2840	46 
2841	31 
2842	39 
2843	58 
2844	82 
2845	34 
2846	83 
2847	4 
2848	65 
2849	48 
2850	62 
2851	74 
2852	46 
2853	87 
2854	14 
2855	56 
2856	34 
2857	70 
2858	35 
2859	66 
2860	25 
2861	14 
2862	63 
2863	46 
2864	62 
2865	41 
2866	95 
2867	98 
2868	41 
2869	20 
2870	35 
2871	20 
2872	24 
2873	9 
2874	7 
2875	72 
2876	50 
2877	57 
2878	85 
2879	92 
2880	48 
2881	1 
2882	67 
2883	7 
2884	101 
2885	81 
2886	36 
2887	14 
2888	10 
2889	41 
2890	95 
2891	77 
2892	77 
2893	23 
2894	6 
2895	71 
2896	24 
2897	11 
2898	92 
2899	39 
2900	38 
2901	72 
2902	18 
2903	5 
2904	32 
2905	57 
2906	51 
2907	76 
2908	45 
2909	12 
2910	82 
2911	11 
2912	31 
2913	78 
2914	33 
2915	99 
2916	5 
2917	62 
2918	38 
2919	77 
2920	7 
2921	10 
2922	16 
2923	97 
2924	1 
2925	71 
2926	24 
2927	91 
2928	43 
2929	33 
2930	55 
2931	95 
2932	65 
2933	72 
2934	42 
2935	30 
2936	63 
2937	27 
2938	87 
2939	72 
2940	92 
2941	49 
2942	16 
2943	51 
2944	80 
2945	63 
2946	48 
2947	5 
2948	77 
2949	13 
2950	78 
2951	94 
2952	85 
2953	5 
2954	80 
2955	30 
2956	100 
2957	3 
2958	51 
2959	59 
2960	55 
2961	13 
2962	56 
2963	77 
2964	61 
2965	53 
2966	62 
2967	60 
2968	56 
2969	33 
2970	16 
2971	45 
2972	78 
2973	85 
2974	52 
2975	40 
2976	73 
2977	54 
2978	31 
2979	72 
2980	56 
2981	21 
2982	95 
2983	12 
2984	5 
2985	41 
2986	40 
2987	77 
2988	76 
2989	65 
2990	6 
2991	36 
2992	79 
2993	43 
2994	42 
2995	64 
2996	81 
2997	33 
2998	17 
2999	32 
3000	11 
3001	60 
3002	51 
3003	61 
3004	67 
3005	81 
3006	20 
3007	94 
3008	82 
3009	26 
3010	8 
3011	60 
3012	48 
3013	23 
3014	1 
3015	78 
3016	77 
3017	10 
3018	33 
3019	14 
3020	28 
3021	100 
3022	21 
3023	24 
3024	22 
3025	80 
3026	95 
3027	24 
3028	81 
3029	89 
3030	24 
3031	81 
3032	9 
3033	24 
3034	12 
3035	29 
3036	37 
3037	38 
3038	74 
3039	45 
3040	64 
3041	66 
3042	16 
3043	65 
3044	28 
3045	65 
3046	25 
3047	40 
3048	74 
3049	14 
3050	73 
3051	84 
3052	92 
3053	30 
3054	6 
3055	79 
3056	64 
3057	36 
3058	35 
3059	81 
3060	64 
3061	75 
3062	56 
3063	51 
3064	40 
3065	66 
3066	92 
3067	30 
3068	91 
3069	39 
3070	85 
3071	77 
3072	97 
3073	42 
3074	74 
3075	75 
3076	98 
3077	1 
3078	57 
3079	7 
3080	73 
3081	14 
3082	91 
3083	79 
3084	2 
3085	65 
3086	20 
3087	25 
3088	62 
3089	49 
3090	65 
3091	56 
3092	77 
3093	41 
3094	4 
3095	63 
3096	69 
3097	93 
3098	20 
3099	89 
3100	76 
3101	65 
3102	22 
3103	13 
3104	39 
3105	80 
3106	27 
3107	65 
3108	25 
3109	37 
3110	97 
3111	30 
3112	59 
3113	73 
3114	7 
3115	64 
3116	84 
3117	1 
3118	33 
3119	82 
3120	46 
3121	40 
3122	9 
3123	60 
3124	52 
3125	93 
3126	34 
3127	63 
3128	48 
3129	33 
3130	39 
3131	50 
3132	97 
3133	23 
3134	64 
3135	19 
3136	62 
3137	20 
3138	55 
3139	1 
3140	76 
3141	16 
3142	79 
3143	45 
3144	76 
3145	1 
3146	73 
3147	28 
3148	61 
3149	47 
3150	19 
3151	54 
3152	18 
3153	29 
3154	9 
3155	21 
3156	97 
3157	75 
3158	57 
3159	3 
3160	89 
3161	3 
3162	65 
3163	31 
3164	20 
3165	44 
3166	62 
3167	8 
3168	31 
3169	12 
3170	99 
3171	76 
3172	15 
3173	50 
3174	14 
3175	62 
3176	73 
3177	75 
3178	31 
3179	23 
3180	98 
3181	54 
3182	24 
3183	11 
3184	81 
3185	43 
3186	11 
3187	56 
3188	92 
3189	21 
3190	82 
3191	31 
3192	71 
3193	32 
3194	63 
3195	50 
3196	40 
3197	53 
3198	12 
3199	33 
3200	19 
3201	76 
3202	10 
3203	8 
3204	1 
3205	65 
3206	50 
3207	22 
3208	56 
3209	91 
3210	75 
3211	79 
3212	9 
3213	44 
3214	93 
3215	62 
3216	34 
3217	13 
3218	97 
3219	97 
3220	97 
3221	77 
3222	6 
3223	58 
3224	96 
3225	1 
3226	97 
3227	92 
3228	81 
3229	77 
3230	65 
3231	33 
3232	62 
3233	38 
3234	53 
3235	47 
3236	39 
3237	39 
3238	10 
3239	62 
3240	34 
3241	33 
3242	24 
3243	65 
3244	42 
3245	99 
3246	65 
3247	59 
3248	5 
3249	16 
3250	34 
3251	101 
3252	34 
3253	25 
3254	80 
3255	40 
3256	88 
3257	1 
3258	33 
3259	10 
3260	22 
3261	64 
3262	82 
3263	62 
3264	20 
3265	62 
3266	28 
3267	12 
3268	11 
3269	73 
3270	21 
3271	25 
3272	16 
3273	60 
3274	35 
3275	96 
3276	16 
3277	40 
3278	73 
3279	57 
3280	24 
3281	51 
3282	73 
3283	9 
3284	41 
3285	25 
3286	34 
3287	81 
3288	56 
3289	48 
3290	65 
3291	33 
3292	24 
3293	92 
3294	50 
3295	21 
3296	21 
3297	13 
3298	54 
3299	81 
3300	92 
3301	50 
3302	6 
3303	97 
3304	100 
3305	92 
3306	89 
3307	45 
3308	82 
3309	54 
3310	80 
3311	82 
3312	80 
3313	99 
3314	64 
3315	14 
3316	88 
3317	74 
3318	1 
3319	61 
3320	61 
3321	15 
3322	36 
3323	21 
3324	45 
3325	31 
3326	57 
3327	63 
3328	5 
3329	25 
3330	62 
3331	28 
3332	57 
3333	50 
3334	31 
3335	65 
3336	92 
3337	22 
3338	25 
3339	58 
3340	50 
3341	55 
3342	40 
3343	75 
3344	5 
3345	1 
3346	92 
3347	12 
3348	21 
3349	6 
3350	98 
3351	21 
3352	42 
3353	11 
3354	51 
3355	75 
3356	24 
3357	77 
3358	84 
3359	47 
3360	94 
3361	88 
3362	48 
3363	36 
3364	73 
3365	50 
3366	61 
3367	42 
3368	34 
3369	78 
3370	50 
3371	78 
3372	82 
3373	99 
3374	78 
3375	79 
3376	69 
3377	25 
3378	95 
3379	65 
3380	26 
3381	62 
3382	70 
3383	14 
3384	39 
3385	12 
3386	19 
3387	24 
3388	6 
3389	23 
3390	79 
3391	36 
3392	82 
3393	58 
3394	35 
3395	99 
3396	35 
3397	90 
3398	82 
3399	57 
3400	81 
3401	85 
3402	25 
3403	52 
3404	9 
3405	64 
3406	72 
3407	64 
3408	2 
3409	24 
3410	5 
3411	35 
3412	36 
3413	74 
3414	46 
3415	56 
3416	86 
3417	8 
3418	57 
3419	62 
3420	38 
3421	54 
3422	93 
3423	68 
3424	60 
3425	73 
3426	7 
3427	76 
3428	44 
3429	41 
3430	21 
3431	77 
3432	12 
3433	22 
3434	12 
3435	47 
3436	75 
3437	66 
3438	18 
3439	5 
3440	62 
3441	63 
3442	17 
3443	25 
3444	1 
3445	77 
3446	29 
3447	81 
3448	83 
3449	77 
3450	76 
3451	72 
3452	64 
3453	21 
3454	4 
3455	22 
3456	61 
3457	96 
3458	73 
3459	25 
3460	61 
3461	40 
3462	33 
3463	79 
3464	73 
3465	94 
3466	92 
3467	20 
3468	78 
3469	49 
3470	1 
3471	31 
3472	1 
3473	98 
3474	39 
3475	62 
3476	62 
3477	36 
3478	9 
3479	12 
3480	51 
3481	5 
3482	19 
3483	41 
3484	86 
3485	1 
3486	94 
3487	61 
3488	39 
3489	14 
3490	33 
3491	21 
3492	20 
3493	65 
3494	86 
3495	33 
3496	83 
3497	25 
3498	88 
3499	36 
3500	34 
3501	68 
3502	78 
3503	13 
3504	51 
3505	27 
3506	21 
3507	11 
3508	53 
3509	53 
3510	17 
3511	75 
3512	47 
3513	72 
3514	92 
3515	21 
3516	20 
3517	77 
3518	75 
3519	76 
3520	20 
3521	63 
3522	11 
3523	9 
3524	6 
3525	55 
3526	67 
3527	7 
3528	16 
3529	28 
3530	76 
3531	42 
3532	72 
3533	35 
3534	82 
3535	62 
3536	93 
3537	18 
3538	25 
3539	12 
3540	73 
3541	78 
3542	26 
3543	61 
3544	76 
3545	79 
3546	74 
3547	82 
3548	94 
3549	97 
3550	19 
3551	21 
3552	74 
3553	54 
3554	77 
3555	14 
3556	5 
3557	56 
3558	47 
3559	88 
3560	57 
3561	49 
3562	12 
3563	80 
3564	39 
3565	22 
3566	99 
3567	34 
3568	70 
3569	65 
3570	56 
3571	10 
3572	67 
3573	48 
3574	95 
3575	19 
3576	27 
3577	97 
3578	67 
3579	22 
3580	1 
3581	58 
3582	14 
3583	25 
3584	41 
3585	75 
3586	14 
3587	92 
3588	36 
3589	58 
3590	19 
3591	1 
3592	73 
3593	1 
3594	35 
3595	11 
3596	54 
3597	25 
3598	84 
3599	67 
3600	98 
3601	65 
3602	38 
3603	18 
3604	93 
3605	51 
3606	6 
3607	49 
3608	87 
3609	80 
3610	67 
3611	56 
3612	84 
3613	53 
3614	12 
3615	25 
3616	36 
3617	25 
3618	61 
3619	91 
3620	60 
3621	82 
3622	1 
3623	51 
3624	87 
3625	11 
3626	25 
3627	41 
3628	50 
3629	19 
3630	2 
3631	34 
3632	12 
3633	6 
3634	77 
3635	82 
3636	95 
3637	82 
3638	11 
3639	62 
3640	84 
3641	53 
3642	100 
3643	36 
3644	82 
3645	61 
3646	47 
3647	78 
3648	82 
3649	61 
3650	25 
3651	65 
3652	82 
3653	19 
3654	47 
3655	70 
3656	57 
3657	46 
3658	96 
3659	87 
3660	85 
3661	77 
3662	99 
3663	50 
3664	76 
3665	6 
3666	21 
3667	5 
3668	73 
3669	67 
3670	33 
3671	70 
3672	85 
3673	75 
3674	56 
3675	14 
3676	17 
3677	31 
3678	3 
3679	61 
3680	69 
3681	25 
3682	54 
3683	39 
3684	52 
3685	65 
3686	67 
3687	46 
3688	56 
3689	35 
3690	28 
3691	23 
3692	73 
3693	15 
3694	57 
3695	5 
3696	34 
3697	86 
3698	73 
3699	89 
3700	62 
3701	42 
3702	66 
3703	86 
3704	63 
3705	57 
3706	53 
3707	11 
3708	65 
3709	80 
3710	86 
3711	33 
3712	25 
3713	84 
3714	56 
3715	56 
3716	7 
3717	88 
3718	25 
3719	37 
3720	41 
3721	31 
3722	85 
3723	6 
3724	82 
3725	33 
3726	44 
3727	8 
3728	28 
3729	51 
3730	25 
3731	28 
3732	88 
3733	96 
3734	2 
3735	39 
3736	27 
3737	93 
3738	25 
3739	32 
3740	94 
3741	35 
3742	41 
3743	96 
3744	43 
3745	33 
3746	6 
3747	14 
3748	6 
3749	22 
3750	61 
3751	24 
3752	57 
3753	86 
3754	20 
3755	92 
3756	89 
3757	53 
3758	28 
3759	12 
3760	55 
3761	7 
3762	53 
3763	30 
3764	16 
3765	88 
3766	67 
3767	9 
3768	61 
3769	23 
3770	41 
3771	25 
3772	80 
3773	8 
3774	32 
3775	74 
3776	35 
3777	91 
3778	90 
3779	60 
3780	82 
3781	80 
3782	33 
3783	16 
3784	65 
3785	37 
3786	70 
3787	96 
3788	27 
3789	67 
3790	3 
3791	79 
3792	90 
3793	7 
3794	59 
3795	96 
3796	59 
3797	65 
3798	14 
3799	40 
3800	33 
3801	62 
3802	56 
3803	89 
3804	93 
3805	95 
3806	34 
3807	19 
3808	9 
3809	35 
3810	92 
3811	9 
3812	42 
3813	21 
3814	76 
3815	13 
3816	25 
3817	83 
3818	100 
3819	64 
3820	82 
3821	24 
3822	63 
3823	24 
3824	81 
3825	61 
3826	23 
3827	59 
3828	73 
3829	76 
3830	1 
3831	72 
3832	56 
3833	92 
3834	17 
3835	42 
3836	26 
3837	94 
3838	10 
3839	42 
3840	25 
3841	93 
3842	79 
3843	8 
3844	78 
3845	77 
3846	76 
3847	50 
3848	66 
3849	97 
3850	33 
3851	36 
3852	25 
3853	65 
3854	10 
3855	12 
3856	21 
3857	69 
3858	99 
3859	97 
3860	74 
3861	78 
3862	1 
3863	78 
3864	21 
3865	34 
3866	47 
3867	6 
3868	3 
3869	25 
3870	69 
3871	61 
3872	51 
3873	78 
3874	25 
3875	16 
3876	49 
3877	92 
3878	81 
3879	73 
3880	16 
3881	36 
3882	43 
3883	16 
3884	60 
3885	43 
3886	28 
3887	62 
3888	12 
3889	79 
3890	5 
3891	34 
3892	50 
3893	38 
3894	70 
3895	61 
3896	71 
3897	57 
3898	16 
3899	80 
3900	81 
3901	41 
3902	81 
3903	86 
3904	9 
3905	90 
3906	20 
3907	11 
3908	83 
3909	66 
3910	40 
3911	8 
3912	33 
3913	23 
3914	66 
3915	19 
3916	19 
3917	54 
3918	21 
3919	11 
3920	38 
3921	18 
3922	61 
3923	39 
3924	35 
3925	35 
3926	11 
3927	62 
3928	10 
3929	76 
3930	40 
3931	34 
3932	46 
3933	97 
3934	55 
3935	64 
3936	12 
3937	65 
3938	91 
3939	97 
3940	7 
3941	92 
3942	2 
3943	73 
3944	75 
3945	95 
3946	6 
3947	50 
3948	15 
3949	76 
3950	12 
3951	28 
3952	72 
3953	46 
3954	6 
3955	13 
3956	60 
3957	42 
3958	6 
3959	1 
3960	77 
3961	8 
3962	24 
3963	77 
3964	101 
3965	100 
3966	78 
3967	71 
3968	83 
3969	28 
3970	35 
3971	43 
3972	73 
3973	40 
3974	92 
3975	33 
3976	77 
3977	14 
3978	86 
3979	73 
3980	22 
3981	30 
3982	68 
3983	74 
3984	87 
3985	70 
3986	45 
3987	54 
3988	24 
3989	1 
3990	9 
3991	31 
3992	78 
3993	84 
3994	47 
3995	19 
3996	26 
3997	35 
3998	20 
3999	1 
4000	77 
4001	89 
4002	35 
4003	88 
4004	43 
4005	76 
4006	66 
4007	24 
4008	30 
4009	31 
4010	43 
4011	38 
4012	70 
4013	30 
4014	2 
4015	8 
4016	19 
4017	60 
4018	60 
4019	54 
4020	28 
4021	21 
4022	1 
4023	42 
4024	93 
4025	82 
4026	2 
4027	9 
4028	40 
4029	4 
4030	64 
4031	67 
4032	96 
4033	77 
4034	6 
4035	40 
4036	44 
4037	86 
4038	92 
4039	55 
4040	32 
4041	56 
4042	25 
4043	95 
4044	98 
4045	16 
4046	92 
4047	99 
4048	72 
4049	53 
4050	11 
4051	30 
4052	9 
4053	59 
4054	69 
4055	32 
4056	100 
4057	62 
4058	7 
4059	77 
4060	18 
4061	75 
4062	81 
4063	14 
4064	72 
4065	28 
4066	57 
4067	73 
4068	28 
4069	29 
4070	1 
4071	69 
4072	31 
4073	82 
4074	4 
4075	100 
4076	97 
4077	12 
4078	76 
4079	78 
4080	39 
4081	62 
4082	3 
4083	15 
4084	6 
4085	19 
4086	10 
4087	9 
4088	25 
4089	77 
4090	25 
4091	30 
4092	78 
4093	37 
4094	97 
4095	80 
4096	89 
4097	56 
4098	95 
4099	7 
4100	57 
4101	8 
4102	60 
4103	28 
4104	91 
4105	4 
4106	92 
4107	62 
4108	40 
4109	97 
4110	5 
4111	83 
4112	56 
4113	54 
4114	6 
4115	46 
4116	66 
4117	94 
4118	31 
4119	95 
4120	63 
4121	64 
4122	68 
4123	25 
4124	22 
4125	94 
4126	17 
4127	90 
4128	10 
4129	38 
4130	57 
4131	92 
4132	82 
4133	11 
4134	6 
4135	40 
4136	63 
4137	98 
4138	2 
4139	49 
4140	63 
4141	66 
4142	6 
4143	88 
4144	44 
4145	93 
4146	70 
4147	30 
4148	78 
4149	77 
4150	21 
4151	1 
4152	21 
4153	47 
4154	77 
4155	39 
4156	6 
4157	10 
4158	12 
4159	80 
4160	91 
4161	82 
4162	20 
4163	31 
4164	91 
4165	24 
4166	78 
4167	56 
4168	58 
4169	8 
4170	54 
4171	10 
4172	15 
4173	74 
4174	27 
4175	33 
4176	1 
4177	40 
4178	72 
4179	31 
4180	74 
4181	23 
4182	97 
4183	90 
4184	66 
4185	49 
4186	80 
4187	19 
4188	97 
4189	19 
4190	8 
4191	75 
4192	42 
4193	57 
4194	20 
4195	91 
4196	59 
4197	22 
4198	50 
4199	97 
4200	12 
4201	90 
4202	22 
4203	3 
4204	85 
4205	16 
4206	3 
4207	10 
4208	24 
4209	34 
4210	51 
4211	55 
4212	11 
4213	78 
4214	11 
4215	62 
4216	50 
4217	80 
4218	89 
4219	26 
4220	76 
4221	16 
4222	39 
4223	75 
4224	14 
4225	75 
4226	60 
4227	95 
4228	78 
4229	35 
4230	10 
4231	79 
4232	10 
4233	50 
4234	28 
4235	83 
4236	73 
4237	67 
4238	7 
4239	6 
4240	11 
4241	21 
4242	14 
4243	48 
4244	50 
4245	101 
4246	25 
4247	73 
4248	16 
4249	75 
4250	85 
4251	8 
4252	3 
4253	54 
4254	21 
4255	12 
4256	26 
4257	100 
4258	78 
4259	92 
4260	74 
4261	4 
4262	54 
4263	30 
4264	14 
4265	67 
4266	76 
4267	101 
4268	25 
4269	32 
4270	77 
4271	15 
4272	9 
4273	87 
4274	30 
4275	85 
4276	73 
4277	20 
4278	24 
4279	20 
4280	12 
4281	50 
4282	9 
4283	78 
4284	6 
4285	71 
4286	27 
4287	81 
4288	34 
4289	25 
4290	9 
4291	79 
4292	77 
4293	71 
4294	1 
4295	30 
4296	33 
4297	6 
4298	89 
4299	20 
4300	73 
4301	78 
4302	28 
4303	5 
4304	58 
4305	31 
4306	48 
4307	22 
4308	66 
4309	40 
4310	81 
4311	60 
4312	77 
4313	62 
4314	92 
4315	9 
4316	86 
4317	48 
4318	37 
4319	75 
4320	1 
4321	73 
4322	78 
4323	49 
4324	3 
4325	12 
4326	40 
4327	16 
4328	40 
4329	68 
4330	62 
4331	41 
4332	97 
4333	72 
4334	30 
4335	86 
4336	91 
4337	40 
4338	33 
4339	25 
4340	79 
4341	63 
4342	52 
4343	78 
4344	16 
4345	55 
4346	4 
4347	75 
4348	73 
4349	6 
4350	91 
4351	57 
4352	81 
4353	19 
4354	54 
4355	60 
4356	76 
4357	73 
4358	53 
4359	54 
4360	8 
4361	76 
4362	19 
4363	20 
4364	21 
4365	72 
4366	23 
4367	1 
4368	23 
4369	26 
4370	27 
4371	87 
4372	65 
4373	33 
4374	85 
4375	80 
4376	33 
4377	62 
4378	6 
4379	72 
4380	65 
4381	29 
4382	93 
4383	28 
4384	58 
4385	100 
4386	67 
4387	98 
4388	21 
4389	30 
4390	74 
4391	57 
4392	82 
4393	54 
4394	12 
4395	19 
4396	45 
4397	45 
4398	80 
4399	31 
4400	37 
4401	97 
4402	41 
4403	81 
4404	56 
4405	83 
4406	99 
4407	62 
4408	50 
4409	26 
4410	68 
4411	59 
4412	77 
4413	54 
4414	86 
4415	73 
4416	96 
4417	34 
4418	72 
4419	54 
4420	65 
4421	62 
4422	7 
4423	10 
4424	14 
4425	30 
4426	39 
4427	90 
4428	76 
4429	24 
4430	58 
4431	42 
4432	20 
4433	89 
4434	62 
4435	77 
4436	49 
4437	56 
4438	91 
4439	78 
4440	91 
4441	28 
4442	87 
4443	76 
4444	96 
4445	74 
4446	78 
4447	91 
4448	69 
4449	21 
4450	39 
4451	5 
4452	100 
4453	91 
4454	56 
4455	61 
4456	65 
4457	78 
4458	92 
4459	5 
4460	81 
4461	50 
4462	22 
4463	48 
4464	63 
4465	62 
4466	30 
4467	21 
4468	60 
4469	63 
4470	81 
4471	65 
4472	75 
4473	77 
4474	57 
4475	59 
4476	2 
4477	5 
4478	5 
4479	23 
4480	14 
4481	50 
4482	76 
4483	30 
4484	27 
4485	96 
4486	77 
4487	91 
4488	63 
4489	64 
4490	100 
4491	77 
4492	81 
4493	40 
4494	12 
4495	35 
4496	97 
4497	73 
4498	53 
4499	81 
4500	86 
4501	4 
4502	18 
4503	65 
4504	23 
4505	72 
4506	1 
4507	31 
4508	71 
4509	40 
4510	43 
4511	40 
4512	75 
4513	26 
4514	14 
4515	40 
4516	73 
4517	74 
4518	66 
4519	24 
4520	82 
4521	1 
4522	36 
4523	38 
4524	32 
4525	39 
4526	57 
4527	76 
4528	96 
4529	55 
4530	46 
4531	73 
4532	62 
4533	35 
4534	37 
4535	48 
4536	93 
4537	54 
4538	91 
4539	63 
4540	33 
4541	15 
4542	25 
4543	74 
4544	42 
4545	31 
4546	81 
4547	93 
4548	58 
4549	60 
4550	59 
4551	6 
4552	14 
4553	28 
4554	43 
4555	22 
4556	76 
4557	89 
4558	9 
4559	13 
4560	39 
4561	63 
4562	19 
4563	5 
4564	67 
4565	31 
4566	51 
4567	20 
4568	30 
4569	22 
4570	43 
4571	85 
4572	12 
4573	98 
4574	67 
4575	12 
4576	95 
4577	21 
4578	22 
4579	97 
4580	76 
4581	41 
4582	69 
4583	88 
4584	75 
4585	25 
4586	90 
4587	74 
4588	44 
4589	54 
4590	65 
4591	25 
4592	9 
4593	42 
4594	60 
4595	20 
4596	77 
4597	92 
4598	55 
4599	57 
4600	21 
4601	79 
4602	6 
4603	88 
4604	52 
4605	24 
4606	51 
4607	26 
4608	37 
4609	78 
4610	26 
4611	61 
4612	81 
4613	15 
4614	8 
4615	86 
4616	76 
4617	40 
4618	53 
4619	95 
4620	48 
4621	8 
4622	53 
4623	62 
4624	9 
4625	56 
4626	6 
4627	50 
4628	68 
4629	52 
4630	62 
4631	39 
4632	66 
4633	81 
4634	21 
4635	50 
4636	31 
4637	31 
4638	5 
4639	14 
4640	92 
4641	93 
4642	48 
4643	9 
4644	101 
4645	51 
4646	11 
4647	79 
4648	65 
4649	1 
4650	49 
4651	50 
4652	23 
4653	65 
4654	59 
4655	81 
4656	14 
4657	5 
4658	31 
4659	100 
4660	63 
4661	50 
4662	77 
4663	31 
4664	28 
4665	32 
4666	53 
4667	76 
4668	41 
4669	73 
4670	60 
4671	50 
4672	25 
4673	4 
4674	68 
4675	7 
4676	50 
4677	15 
4678	92 
4679	52 
4680	24 
4681	75 
4682	37 
4683	80 
4684	2 
4685	12 
4686	55 
4687	75 
4688	71 
4689	4 
4690	76 
4691	7 
4692	68 
4693	72 
4694	12 
4695	62 
4696	20 
4697	63 
4698	79 
4699	40 
4700	77 
4701	22 
4702	11 
4703	97 
4704	20 
4705	15 
4706	95 
4707	22 
4708	62 
4709	31 
4710	16 
4711	39 
4712	19 
4713	49 
4714	54 
4715	25 
4716	96 
4717	18 
4718	41 
4719	40 
4720	89 
4721	50 
4722	40 
4723	20 
4724	100 
4725	64 
4726	84 
4727	55 
4728	67 
4729	39 
4730	73 
4731	95 
4732	90 
4733	77 
4734	40 
4735	65 
4736	46 
4737	56 
4738	12 
4739	88 
4740	50 
4741	1 
4742	30 
4743	65 
4744	42 
4745	12 
4746	40 
4747	39 
4748	95 
4749	67 
4750	59 
4751	33 
4752	78 
4753	35 
4754	43 
4755	21 
4756	97 
4757	17 
4758	27 
4759	20 
4760	39 
4761	54 
4762	53 
4763	72 
4764	86 
4765	63 
4766	8 
4767	52 
4768	97 
4769	57 
4770	37 
4771	22 
4772	72 
4773	97 
4774	19 
4775	78 
4776	22 
4777	57 
4778	52 
4779	81 
4780	53 
4781	81 
4782	56 
4783	76 
4784	23 
4785	88 
4786	90 
4787	14 
4788	62 
4789	44 
4790	62 
4791	77 
4792	43 
4793	32 
4794	60 
4795	34 
4796	12 
4797	50 
4798	28 
4799	81 
4800	58 
4801	35 
4802	78 
4803	80 
4804	100 
4805	93 
4806	42 
4807	70 
4808	36 
4809	71 
4810	25 
4811	56 
4812	60 
4813	39 
4814	101 
4815	90 
4816	27 
4817	34 
4818	22 
4819	72 
4820	47 
4821	60 
4822	81 
4823	40 
4824	60 
4825	39 
4826	95 
4827	92 
4828	64 
4829	51 
4830	99 
4831	72 
4832	82 
4833	53 
4834	34 
4835	82 
4836	42 
4837	60 
4838	66 
4839	68 
4840	39 
4841	54 
4842	51 
4843	42 
4844	64 
4845	65 
4846	88 
4847	20 
4848	53 
4849	9 
4850	76 
4851	78 
4852	97 
4853	4 
4854	94 
4855	97 
4856	9 
4857	61 
4858	37 
4859	81 
4860	62 
4861	55 
4862	20 
4863	101 
4864	40 
4865	54 
4866	62 
4867	54 
4868	33 
4869	76 
4870	62 
4871	57 
4872	96 
4873	81 
4874	52 
4875	56 
4876	53 
4877	53 
4878	6 
4879	98 
4880	39 
4881	78 
4882	72 
4883	61 
4884	77 
4885	67 
4886	73 
4887	25 
4888	71 
4889	20 
4890	37 
4891	50 
4892	60 
4893	79 
4894	1 
4895	65 
4896	64 
4897	74 
4898	81 
4899	28 
4900	20 
4901	63 
4902	62 
4903	91 
4904	48 
4905	47 
4906	97 
4907	74 
4908	60 
4909	22 
4910	32 
4911	56 
4912	2 
4913	81 
4914	2 
4915	35 
4916	85 
4917	15 
4918	76 
4919	5 
4920	20 
4921	75 
4922	55 
4923	40 
4924	6 
4925	8 
4926	10 
4927	21 
4928	87 
4929	75 
4930	34 
4931	24 
4932	63 
4933	55 
4934	7 
4935	33 
4936	53 
4937	72 
4938	2 
4939	2 
4940	67 
4941	97 
4942	79 
4943	76 
4944	24 
4945	87 
4946	22 
4947	75 
4948	68 
4949	11 
4950	26 
4951	77 
4952	80 
4953	51 
4954	9 
4955	98 
4956	33 
4957	7 
4958	61 
4959	9 
4960	41 
4961	53 
4962	39 
4963	60 
4964	12 
4965	39 
4966	20 
4967	56 
4968	21 
4969	79 
4970	33 
4971	5 
4972	22 
4973	39 
4974	91 
4975	64 
4976	43 
4977	7 
4978	87 
4979	40 
4980	89 
4981	93 
4982	8 
4983	72 
4984	34 
4985	65 
4986	73 
4987	19 
4988	54 
4989	6 
4990	73 
4991	5 
4992	56 
4993	8 
4994	1 
4995	75 
4996	6 
4997	89 
4998	75 
4999	25 
5000	20 
