1	25 
2	30 
3	55 
4	106 
5	98 
6	4 
7	99 
8	21 
9	88 
10	59 
11	44 
12	95 
13	85 
14	52 
15	14 
16	61 
17	69 
18	75 
19	69 
20	39 
21	25 
22	26 
23	83 
24	8 
25	67 
26	56 
27	34 
28	2 
29	47 
30	66 
31	2 
32	8 
33	74 
34	27 
35	62 
36	82 
37	62 
38	85 
39	99 
40	54 
41	48 
42	8 
43	22 
44	25 
45	33 
46	106 
47	38 
48	8 
49	74 
50	43 
51	48 
52	31 
53	69 
54	23 
55	3 
56	44 
57	63 
58	85 
59	2 
60	41 
61	26 
62	77 
63	59 
64	5 
65	30 
66	55 
67	70 
68	25 
69	89 
70	70 
71	95 
72	18 
73	83 
74	12 
75	98 
76	56 
77	2 
78	84 
79	32 
80	90 
81	65 
82	2 
83	53 
84	18 
85	68 
86	62 
87	83 
88	20 
89	6 
90	101 
91	30 
92	24 
93	68 
94	51 
95	80 
96	37 
97	55 
98	72 
99	37 
100	6 
101	99 
102	84 
103	51 
104	95 
105	40 
106	8 
107	49 
108	80 
109	21 
110	80 
111	81 
112	70 
113	46 
114	28 
115	91 
116	11 
117	67 
118	51 
119	9 
120	49 
121	92 
122	48 
123	41 
124	66 
125	74 
126	65 
127	57 
128	11 
129	72 
130	48 
131	102 
132	68 
133	28 
134	19 
135	19 
136	76 
137	67 
138	71 
139	2 
140	80 
141	5 
142	8 
143	58 
144	21 
145	27 
146	47 
147	70 
148	103 
149	58 
150	13 
151	62 
152	32 
153	67 
154	70 
155	11 
156	70 
157	19 
158	77 
159	34 
160	66 
161	98 
162	46 
163	51 
164	81 
165	15 
166	89 
167	31 
168	66 
169	87 
170	26 
171	70 
172	11 
173	31 
174	91 
175	9 
176	59 
177	27 
178	45 
179	24 
180	74 
181	84 
182	84 
183	63 
184	72 
185	14 
186	55 
187	102 
188	21 
189	90 
190	70 
191	1 
192	43 
193	11 
194	47 
195	63 
196	81 
197	64 
198	78 
199	75 
200	95 
201	29 
202	15 
203	38 
204	48 
205	12 
206	42 
207	19 
208	20 
209	41 
210	58 
211	21 
212	72 
213	106 
214	39 
215	99 
216	4 
217	70 
218	11 
219	45 
220	31 
221	75 
222	45 
223	41 
224	60 
225	31 
226	74 
227	93 
228	94 
229	102 
230	89 
231	12 
232	90 
233	36 
234	82 
235	20 
236	34 
237	20 
238	9 
239	48 
240	72 
241	66 
242	64 
243	62 
244	68 
245	74 
246	70 
247	43 
248	94 
249	87 
250	21 
251	34 
252	72 
253	23 
254	9 
255	41 
256	21 
257	89 
258	75 
259	85 
260	74 
261	30 
262	21 
263	75 
264	4 
265	72 
266	74 
267	49 
268	48 
269	96 
270	84 
271	30 
272	85 
273	65 
274	4 
275	98 
276	64 
277	88 
278	15 
279	13 
280	95 
281	67 
282	34 
283	86 
284	64 
285	6 
286	21 
287	82 
288	74 
289	20 
290	63 
291	78 
292	98 
293	94 
294	56 
295	85 
296	4 
297	63 
298	72 
299	31 
300	72 
301	3 
302	47 
303	80 
304	21 
305	47 
306	41 
307	87 
308	95 
309	31 
310	49 
311	49 
312	17 
313	37 
314	51 
315	57 
316	85 
317	51 
318	80 
319	50 
320	85 
321	31 
322	53 
323	15 
324	103 
325	90 
326	105 
327	22 
328	83 
329	68 
330	99 
331	76 
332	31 
333	92 
334	66 
335	101 
336	9 
337	43 
338	41 
339	38 
340	1 
341	34 
342	5 
343	4 
344	13 
345	6 
346	59 
347	75 
348	86 
349	75 
350	70 
351	93 
352	1 
353	73 
354	6 
355	31 
356	51 
357	2 
358	96 
359	1 
360	99 
361	11 
362	67 
363	3 
364	19 
365	95 
366	84 
367	11 
368	19 
369	30 
370	87 
371	2 
372	30 
373	16 
374	18 
375	67 
376	20 
377	98 
378	39 
379	64 
380	76 
381	15 
382	78 
383	94 
384	98 
385	35 
386	95 
387	101 
388	51 
389	16 
390	70 
391	96 
392	14 
393	80 
394	12 
395	76 
396	7 
397	50 
398	12 
399	29 
400	103 
401	55 
402	97 
403	51 
404	13 
405	50 
406	48 
407	55 
408	98 
409	80 
410	28 
411	21 
412	69 
413	76 
414	81 
415	83 
416	100 
417	81 
418	36 
419	58 
420	89 
421	95 
422	83 
423	95 
424	47 
425	53 
426	88 
427	98 
428	80 
429	40 
430	74 
431	74 
432	7 
433	80 
434	75 
435	74 
436	7 
437	89 
438	86 
439	106 
440	70 
441	97 
442	84 
443	74 
444	62 
445	70 
446	87 
447	4 
448	71 
449	13 
450	76 
451	38 
452	67 
453	85 
454	80 
455	13 
456	21 
457	26 
458	12 
459	11 
460	58 
461	60 
462	10 
463	96 
464	84 
465	76 
466	95 
467	30 
468	87 
469	55 
470	49 
471	91 
472	43 
473	100 
474	13 
475	67 
476	52 
477	11 
478	90 
479	1 
480	6 
481	68 
482	14 
483	85 
484	55 
485	85 
486	33 
487	74 
488	98 
489	3 
490	21 
491	9 
492	55 
493	8 
494	82 
495	47 
496	1 
497	48 
498	44 
499	24 
500	98 
501	61 
502	64 
503	49 
504	94 
505	63 
506	85 
507	9 
508	86 
509	15 
510	85 
511	32 
512	105 
513	70 
514	8 
515	48 
516	20 
517	64 
518	25 
519	36 
520	69 
521	95 
522	84 
523	22 
524	80 
525	21 
526	87 
527	69 
528	57 
529	104 
530	42 
531	96 
532	59 
533	53 
534	64 
535	100 
536	22 
537	81 
538	77 
539	106 
540	9 
541	12 
542	55 
543	76 
544	75 
545	87 
546	82 
547	90 
548	51 
549	17 
550	82 
551	90 
552	25 
553	34 
554	11 
555	55 
556	25 
557	82 
558	7 
559	64 
560	74 
561	12 
562	79 
563	44 
564	44 
565	44 
566	20 
567	65 
568	13 
569	44 
570	87 
571	48 
572	51 
573	81 
574	44 
575	89 
576	51 
577	55 
578	106 
579	66 
580	30 
581	12 
582	31 
583	21 
584	5 
585	15 
586	104 
587	63 
588	99 
589	85 
590	2 
591	103 
592	46 
593	49 
594	49 
595	9 
596	95 
597	59 
598	80 
599	67 
600	6 
601	70 
602	44 
603	38 
604	3 
605	4 
606	45 
607	49 
608	84 
609	3 
610	44 
611	24 
612	63 
613	43 
614	51 
615	20 
616	20 
617	96 
618	88 
619	87 
620	18 
621	22 
622	44 
623	106 
624	68 
625	74 
626	85 
627	13 
628	21 
629	60 
630	47 
631	36 
632	39 
633	70 
634	67 
635	91 
636	79 
637	41 
638	17 
639	20 
640	12 
641	74 
642	72 
643	42 
644	7 
645	71 
646	34 
647	75 
648	99 
649	12 
650	24 
651	12 
652	53 
653	33 
654	7 
655	18 
656	84 
657	78 
658	99 
659	76 
660	1 
661	95 
662	80 
663	20 
664	79 
665	31 
666	62 
667	98 
668	55 
669	94 
670	35 
671	4 
672	80 
673	75 
674	76 
675	84 
676	12 
677	3 
678	4 
679	87 
680	72 
681	65 
682	70 
683	13 
684	19 
685	13 
686	14 
687	21 
688	84 
689	30 
690	48 
691	55 
692	63 
693	33 
694	75 
695	46 
696	81 
697	27 
698	11 
699	18 
700	18 
701	21 
702	81 
703	34 
704	34 
705	99 
706	11 
707	70 
708	79 
709	104 
710	43 
711	99 
712	92 
713	44 
714	56 
715	44 
716	30 
717	70 
718	30 
719	57 
720	68 
721	87 
722	95 
723	85 
724	8 
725	76 
726	6 
727	65 
728	1 
729	75 
730	2 
731	51 
732	99 
733	49 
734	76 
735	39 
736	31 
737	101 
738	84 
739	52 
740	37 
741	95 
742	93 
743	61 
744	54 
745	21 
746	56 
747	46 
748	96 
749	44 
750	100 
751	90 
752	89 
753	15 
754	25 
755	72 
756	87 
757	79 
758	68 
759	70 
760	99 
761	47 
762	100 
763	69 
764	8 
765	76 
766	24 
767	34 
768	73 
769	4 
770	7 
771	27 
772	12 
773	82 
774	33 
775	43 
776	89 
777	80 
778	32 
779	66 
780	55 
781	38 
782	53 
783	96 
784	12 
785	99 
786	79 
787	105 
788	63 
789	53 
790	18 
791	16 
792	22 
793	14 
794	49 
795	89 
796	2 
797	55 
798	80 
799	100 
800	95 
801	30 
802	78 
803	54 
804	49 
805	39 
806	95 
807	13 
808	58 
809	65 
810	34 
811	25 
812	63 
813	81 
814	74 
815	76 
816	7 
817	68 
818	12 
819	47 
820	66 
821	75 
822	72 
823	55 
824	15 
825	20 
826	22 
827	89 
828	105 
829	16 
830	76 
831	55 
832	39 
833	58 
834	87 
835	84 
836	55 
837	68 
838	84 
839	97 
840	30 
841	63 
842	48 
843	13 
844	42 
845	92 
846	72 
847	87 
848	67 
849	39 
850	11 
851	3 
852	7 
853	98 
854	53 
855	94 
856	71 
857	67 
858	67 
859	38 
860	48 
861	39 
862	35 
863	13 
864	37 
865	74 
866	28 
867	65 
868	27 
869	33 
870	30 
871	36 
872	43 
873	22 
874	87 
875	23 
876	7 
877	80 
878	34 
879	46 
880	68 
881	104 
882	105 
883	54 
884	1 
885	1 
886	94 
887	99 
888	48 
889	41 
890	58 
891	48 
892	29 
893	13 
894	84 
895	81 
896	89 
897	52 
898	31 
899	55 
900	41 
901	11 
902	95 
903	6 
904	3 
905	5 
906	70 
907	18 
908	55 
909	7 
910	47 
911	35 
912	1 
913	82 
914	49 
915	48 
916	56 
917	78 
918	74 
919	57 
920	22 
921	105 
922	74 
923	49 
924	8 
925	30 
926	23 
927	100 
928	62 
929	59 
930	70 
931	89 
932	32 
933	57 
934	15 
935	98 
936	67 
937	37 
938	70 
939	58 
940	49 
941	35 
942	31 
943	103 
944	10 
945	67 
946	104 
947	69 
948	47 
949	75 
950	31 
951	55 
952	90 
953	99 
954	30 
955	3 
956	58 
957	48 
958	3 
959	30 
960	88 
961	80 
962	30 
963	53 
964	25 
965	83 
966	6 
967	49 
968	47 
969	44 
970	3 
971	87 
972	37 
973	65 
974	2 
975	101 
976	31 
977	104 
978	71 
979	87 
980	21 
981	95 
982	47 
983	9 
984	98 
985	51 
986	14 
987	65 
988	3 
989	1 
990	70 
991	96 
992	76 
993	74 
994	104 
995	25 
996	34 
997	37 
998	76 
999	83 
1000	95 
1001	80 
1002	25 
1003	76 
1004	44 
1005	106 
1006	105 
1007	47 
1008	80 
1009	44 
1010	80 
1011	75 
1012	59 
1013	39 
1014	30 
1015	13 
1016	104 
1017	104 
1018	36 
1019	74 
1020	31 
1021	103 
1022	93 
1023	40 
1024	25 
1025	87 
1026	51 
1027	55 
1028	70 
1029	72 
1030	61 
1031	41 
1032	77 
1033	54 
1034	75 
1035	99 
1036	41 
1037	86 
1038	33 
1039	52 
1040	9 
1041	25 
1042	8 
1043	59 
1044	21 
1045	105 
1046	13 
1047	92 
1048	60 
1049	100 
1050	33 
1051	69 
1052	48 
1053	93 
1054	54 
1055	104 
1056	31 
1057	48 
1058	87 
1059	33 
1060	15 
1061	66 
1062	19 
1063	30 
1064	67 
1065	3 
1066	96 
1067	105 
1068	28 
1069	61 
1070	30 
1071	95 
1072	12 
1073	19 
1074	20 
1075	55 
1076	56 
1077	95 
1078	1 
1079	70 
1080	65 
1081	17 
1082	70 
1083	4 
1084	28 
1085	15 
1086	74 
1087	34 
1088	84 
1089	56 
1090	32 
1091	49 
1092	29 
1093	81 
1094	76 
1095	86 
1096	84 
1097	99 
1098	5 
1099	92 
1100	99 
1101	34 
1102	99 
1103	19 
1104	19 
1105	19 
1106	97 
1107	58 
1108	72 
1109	3 
1110	100 
1111	49 
1112	37 
1113	70 
1114	3 
1115	8 
1116	75 
1117	26 
1118	98 
1119	70 
1120	18 
1121	78 
1122	11 
1123	43 
1124	31 
1125	75 
1126	2 
1127	49 
1128	56 
1129	80 
1130	59 
1131	25 
1132	22 
1133	63 
1134	15 
1135	78 
1136	1 
1137	31 
1138	15 
1139	13 
1140	10 
1141	56 
1142	34 
1143	22 
1144	27 
1145	74 
1146	10 
1147	38 
1148	99 
1149	16 
1150	59 
1151	6 
1152	101 
1153	27 
1154	91 
1155	15 
1156	106 
1157	88 
1158	40 
1159	100 
1160	2 
1161	15 
1162	3 
1163	37 
1164	53 
1165	71 
1166	90 
1167	43 
1168	35 
1169	99 
1170	30 
1171	4 
1172	39 
1173	56 
1174	11 
1175	69 
1176	44 
1177	21 
1178	85 
1179	22 
1180	28 
1181	76 
1182	73 
1183	81 
1184	92 
1185	30 
1186	48 
1187	19 
1188	24 
1189	20 
1190	39 
1191	104 
1192	22 
1193	43 
1194	75 
1195	69 
1196	67 
1197	89 
1198	36 
1199	30 
1200	46 
1201	101 
1202	32 
1203	32 
1204	8 
1205	28 
1206	49 
1207	64 
1208	43 
1209	41 
1210	80 
1211	85 
1212	70 
1213	77 
1214	89 
1215	92 
1216	51 
1217	56 
1218	102 
1219	88 
1220	39 
1221	12 
1222	49 
1223	8 
1224	23 
1225	66 
1226	43 
1227	15 
1228	99 
1229	21 
1230	72 
1231	102 
1232	84 
1233	30 
1234	4 
1235	96 
1236	31 
1237	3 
1238	26 
1239	15 
1240	85 
1241	85 
1242	14 
1243	25 
1244	99 
1245	96 
1246	68 
1247	57 
1248	12 
1249	22 
1250	42 
1251	49 
1252	9 
1253	87 
1254	9 
1255	48 
1256	75 
1257	15 
1258	14 
1259	51 
1260	42 
1261	81 
1262	94 
1263	11 
1264	82 
1265	18 
1266	90 
1267	34 
1268	64 
1269	58 
1270	50 
1271	22 
1272	21 
1273	9 
1274	7 
1275	25 
1276	52 
1277	95 
1278	47 
1279	80 
1280	42 
1281	63 
1282	17 
1283	8 
1284	70 
1285	70 
1286	60 
1287	100 
1288	29 
1289	34 
1290	67 
1291	31 
1292	63 
1293	74 
1294	83 
1295	53 
1296	17 
1297	70 
1298	27 
1299	74 
1300	71 
1301	95 
1302	68 
1303	43 
1304	28 
1305	54 
1306	35 
1307	24 
1308	15 
1309	102 
1310	59 
1311	31 
1312	75 
1313	21 
1314	15 
1315	73 
1316	96 
1317	99 
1318	16 
1319	48 
1320	1 
1321	59 
1322	15 
1323	75 
1324	21 
1325	62 
1326	1 
1327	77 
1328	58 
1329	58 
1330	8 
1331	103 
1332	81 
1333	27 
1334	98 
1335	2 
1336	52 
1337	68 
1338	25 
1339	21 
1340	78 
1341	14 
1342	65 
1343	55 
1344	54 
1345	40 
1346	59 
1347	102 
1348	40 
1349	75 
1350	95 
1351	43 
1352	41 
1353	22 
1354	20 
1355	96 
1356	12 
1357	66 
1358	80 
1359	96 
1360	101 
1361	20 
1362	49 
1363	89 
1364	34 
1365	68 
1366	87 
1367	64 
1368	30 
1369	74 
1370	86 
1371	30 
1372	94 
1373	4 
1374	89 
1375	1 
1376	14 
1377	96 
1378	90 
1379	55 
1380	66 
1381	62 
1382	18 
1383	93 
1384	74 
1385	68 
1386	5 
1387	65 
1388	55 
1389	76 
1390	23 
1391	13 
1392	16 
1393	3 
1394	14 
1395	104 
1396	61 
1397	92 
1398	93 
1399	71 
1400	40 
1401	57 
1402	104 
1403	74 
1404	43 
1405	8 
1406	87 
1407	81 
1408	64 
1409	6 
1410	79 
1411	65 
1412	31 
1413	1 
1414	8 
1415	5 
1416	95 
1417	10 
1418	92 
1419	90 
1420	21 
1421	104 
1422	95 
1423	57 
1424	10 
1425	104 
1426	75 
1427	93 
1428	84 
1429	94 
1430	5 
1431	53 
1432	72 
1433	89 
1434	18 
1435	19 
1436	35 
1437	68 
1438	18 
1439	14 
1440	12 
1441	88 
1442	64 
1443	8 
1444	6 
1445	1 
1446	67 
1447	5 
1448	14 
1449	13 
1450	26 
1451	85 
1452	11 
1453	52 
1454	28 
1455	78 
1456	19 
1457	74 
1458	51 
1459	75 
1460	102 
1461	16 
1462	87 
1463	55 
1464	76 
1465	67 
1466	72 
1467	47 
1468	16 
1469	63 
1470	90 
1471	71 
1472	77 
1473	96 
1474	53 
1475	11 
1476	14 
1477	84 
1478	5 
1479	44 
1480	75 
1481	42 
1482	104 
1483	35 
1484	1 
1485	96 
1486	22 
1487	6 
1488	48 
1489	90 
1490	34 
1491	84 
1492	98 
1493	76 
1494	82 
1495	43 
1496	75 
1497	101 
1498	84 
1499	13 
1500	85 
1501	1 
1502	68 
1503	25 
1504	7 
1505	9 
1506	73 
1507	54 
1508	21 
1509	70 
1510	50 
1511	11 
1512	35 
1513	42 
1514	84 
1515	44 
1516	18 
1517	5 
1518	74 
1519	36 
1520	15 
1521	83 
1522	48 
1523	42 
1524	15 
1525	97 
1526	80 
1527	8 
1528	72 
1529	18 
1530	82 
1531	74 
1532	89 
1533	100 
1534	31 
1535	15 
1536	32 
1537	37 
1538	39 
1539	87 
1540	32 
1541	81 
1542	19 
1543	51 
1544	6 
1545	86 
1546	86 
1547	41 
1548	96 
1549	87 
1550	20 
1551	49 
1552	19 
1553	27 
1554	84 
1555	21 
1556	69 
1557	63 
1558	79 
1559	85 
1560	61 
1561	86 
1562	41 
1563	56 
1564	85 
1565	48 
1566	43 
1567	86 
1568	15 
1569	57 
1570	72 
1571	29 
1572	20 
1573	21 
1574	85 
1575	14 
1576	12 
1577	87 
1578	84 
1579	2 
1580	3 
1581	49 
1582	1 
1583	56 
1584	84 
1585	59 
1586	34 
1587	45 
1588	1 
1589	49 
1590	1 
1591	89 
1592	68 
1593	67 
1594	9 
1595	27 
1596	12 
1597	102 
1598	105 
1599	21 
1600	32 
1601	29 
1602	25 
1603	6 
1604	19 
1605	41 
1606	73 
1607	75 
1608	41 
1609	63 
1610	29 
1611	41 
1612	73 
1613	17 
1614	72 
1615	95 
1616	68 
1617	65 
1618	72 
1619	76 
1620	101 
1621	28 
1622	41 
1623	34 
1624	43 
1625	43 
1626	74 
1627	55 
1628	73 
1629	12 
1630	79 
1631	37 
1632	71 
1633	22 
1634	15 
1635	95 
1636	67 
1637	42 
1638	8 
1639	26 
1640	96 
1641	103 
1642	96 
1643	89 
1644	22 
1645	36 
1646	74 
1647	15 
1648	73 
1649	37 
1650	1 
1651	50 
1652	74 
1653	51 
1654	80 
1655	84 
1656	24 
1657	75 
1658	74 
1659	67 
1660	46 
1661	94 
1662	73 
1663	30 
1664	11 
1665	57 
1666	62 
1667	68 
1668	62 
1669	41 
1670	26 
1671	41 
1672	28 
1673	76 
1674	48 
1675	73 
1676	74 
1677	81 
1678	105 
1679	27 
1680	86 
1681	35 
1682	63 
1683	84 
1684	48 
1685	38 
1686	49 
1687	68 
1688	7 
1689	49 
1690	35 
1691	73 
1692	77 
1693	103 
1694	33 
1695	6 
1696	6 
1697	45 
1698	106 
1699	87 
1700	103 
1701	25 
1702	75 
1703	48 
1704	106 
1705	77 
1706	58 
1707	76 
1708	16 
1709	99 
1710	48 
1711	20 
1712	70 
1713	15 
1714	1 
1715	72 
1716	85 
1717	104 
1718	96 
1719	68 
1720	57 
1721	82 
1722	99 
1723	5 
1724	13 
1725	14 
1726	101 
1727	88 
1728	106 
1729	8 
1730	54 
1731	40 
1732	50 
1733	91 
1734	106 
1735	20 
1736	65 
1737	50 
1738	6 
1739	87 
1740	36 
1741	70 
1742	63 
1743	8 
1744	49 
1745	8 
1746	105 
1747	54 
1748	22 
1749	12 
1750	5 
1751	1 
1752	37 
1753	56 
1754	54 
1755	35 
1756	45 
1757	16 
1758	15 
1759	17 
1760	105 
1761	76 
1762	45 
1763	52 
1764	28 
1765	11 
1766	25 
1767	11 
1768	87 
1769	87 
1770	45 
1771	50 
1772	99 
1773	15 
1774	48 
1775	75 
1776	10 
1777	34 
1778	97 
1779	67 
1780	2 
1781	73 
1782	105 
1783	21 
1784	11 
1785	29 
1786	2 
1787	52 
1788	9 
1789	30 
1790	37 
1791	67 
1792	42 
1793	75 
1794	38 
1795	75 
1796	25 
1797	43 
1798	105 
1799	14 
1800	95 
1801	12 
1802	88 
1803	14 
1804	69 
1805	104 
1806	40 
1807	88 
1808	99 
1809	44 
1810	52 
1811	3 
1812	3 
1813	67 
1814	80 
1815	3 
1816	9 
1817	31 
1818	28 
1819	7 
1820	84 
1821	8 
1822	33 
1823	33 
1824	104 
1825	44 
1826	15 
1827	105 
1828	48 
1829	80 
1830	68 
1831	103 
1832	87 
1833	47 
1834	6 
1835	34 
1836	31 
1837	50 
1838	11 
1839	5 
1840	69 
1841	37 
1842	94 
1843	85 
1844	62 
1845	86 
1846	18 
1847	89 
1848	21 
1849	84 
1850	51 
1851	30 
1852	4 
1853	41 
1854	76 
1855	95 
1856	51 
1857	35 
1858	1 
1859	81 
1860	98 
1861	37 
1862	98 
1863	104 
1864	50 
1865	75 
1866	1 
1867	87 
1868	36 
1869	58 
1870	76 
1871	21 
1872	10 
1873	68 
1874	93 
1875	80 
1876	25 
1877	98 
1878	19 
1879	95 
1880	105 
1881	74 
1882	82 
1883	58 
1884	99 
1885	5 
1886	68 
1887	21 
1888	74 
1889	85 
1890	2 
1891	15 
1892	68 
1893	105 
1894	72 
1895	40 
1896	83 
1897	83 
1898	43 
1899	11 
1900	75 
1901	13 
1902	105 
1903	20 
1904	85 
1905	19 
1906	10 
1907	32 
1908	15 
1909	74 
1910	31 
1911	22 
1912	69 
1913	81 
1914	58 
1915	75 
1916	84 
1917	49 
1918	81 
1919	58 
1920	55 
1921	40 
1922	44 
1923	90 
1924	11 
1925	9 
1926	22 
1927	83 
1928	76 
1929	19 
1930	90 
1931	32 
1932	37 
1933	47 
1934	25 
1935	56 
1936	19 
1937	69 
1938	30 
1939	84 
1940	81 
1941	84 
1942	63 
1943	43 
1944	75 
1945	18 
1946	46 
1947	68 
1948	69 
1949	76 
1950	10 
1951	104 
1952	41 
1953	90 
1954	64 
1955	28 
1956	18 
1957	86 
1958	7 
1959	74 
1960	72 
1961	58 
1962	14 
1963	57 
1964	8 
1965	32 
1966	80 
1967	97 
1968	5 
1969	19 
1970	92 
1971	78 
1972	14 
1973	41 
1974	22 
1975	9 
1976	90 
1977	84 
1978	40 
1979	84 
1980	30 
1981	65 
1982	70 
1983	54 
1984	21 
1985	28 
1986	74 
1987	46 
1988	74 
1989	2 
1990	74 
1991	47 
1992	60 
1993	81 
1994	30 
1995	39 
1996	7 
1997	85 
1998	98 
1999	13 
2000	20 
2001	56 
2002	97 
2003	55 
2004	48 
2005	41 
2006	1 
2007	27 
2008	32 
2009	104 
2010	96 
2011	45 
2012	81 
2013	74 
2014	28 
2015	51 
2016	33 
2017	76 
2018	37 
2019	100 
2020	3 
2021	49 
2022	70 
2023	65 
2024	58 
2025	67 
2026	99 
2027	36 
2028	8 
2029	66 
2030	43 
2031	34 
2032	68 
2033	70 
2034	105 
2035	15 
2036	74 
2037	53 
2038	1 
2039	36 
2040	25 
2041	75 
2042	69 
2043	101 
2044	55 
2045	12 
2046	84 
2047	65 
2048	68 
2049	85 
2050	9 
2051	58 
2052	71 
2053	74 
2054	67 
2055	14 
2056	57 
2057	52 
2058	92 
2059	23 
2060	49 
2061	61 
2062	41 
2063	13 
2064	45 
2065	56 
2066	9 
2067	9 
2068	74 
2069	43 
2070	72 
2071	25 
2072	63 
2073	9 
2074	21 
2075	44 
2076	99 
2077	17 
2078	2 
2079	73 
2080	62 
2081	57 
2082	44 
2083	22 
2084	19 
2085	51 
2086	98 
2087	64 
2088	56 
2089	34 
2090	49 
2091	84 
2092	1 
2093	9 
2094	22 
2095	80 
2096	41 
2097	85 
2098	50 
2099	48 
2100	28 
2101	100 
2102	80 
2103	11 
2104	10 
2105	98 
2106	104 
2107	25 
2108	75 
2109	25 
2110	104 
2111	54 
2112	95 
2113	35 
2114	73 
2115	75 
2116	103 
2117	16 
2118	87 
2119	67 
2120	30 
2121	55 
2122	78 
2123	41 
2124	96 
2125	82 
2126	93 
2127	98 
2128	19 
2129	28 
2130	16 
2131	69 
2132	19 
2133	56 
2134	1 
2135	34 
2136	2 
2137	78 
2138	76 
2139	96 
2140	41 
2141	65 
2142	99 
2143	10 
2144	99 
2145	44 
2146	77 
2147	67 
2148	63 
2149	41 
2150	70 
2151	2 
2152	76 
2153	34 
2154	51 
2155	72 
2156	30 
2157	7 
2158	90 
2159	39 
2160	2 
2161	73 
2162	28 
2163	19 
2164	45 
2165	48 
2166	76 
2167	29 
2168	95 
2169	85 
2170	34 
2171	75 
2172	105 
2173	37 
2174	60 
2175	70 
2176	18 
2177	89 
2178	51 
2179	27 
2180	59 
2181	14 
2182	34 
2183	68 
2184	50 
2185	31 
2186	11 
2187	13 
2188	54 
2189	8 
2190	38 
2191	44 
2192	76 
2193	47 
2194	98 
2195	21 
2196	41 
2197	12 
2198	48 
2199	22 
2200	87 
2201	55 
2202	86 
2203	84 
2204	99 
2205	28 
2206	39 
2207	22 
2208	31 
2209	92 
2210	75 
2211	55 
2212	98 
2213	29 
2214	21 
2215	47 
2216	21 
2217	104 
2218	68 
2219	89 
2220	83 
2221	15 
2222	78 
2223	37 
2224	18 
2225	36 
2226	105 
2227	6 
2228	76 
2229	31 
2230	61 
2231	89 
2232	21 
2233	1 
2234	34 
2235	26 
2236	74 
2237	56 
2238	106 
2239	86 
2240	15 
2241	14 
2242	63 
2243	50 
2244	55 
2245	104 
2246	68 
2247	85 
2248	65 
2249	84 
2250	61 
2251	45 
2252	14 
2253	98 
2254	99 
2255	25 
2256	98 
2257	31 
2258	36 
2259	71 
2260	49 
2261	1 
2262	15 
2263	14 
2264	15 
2265	33 
2266	11 
2267	70 
2268	22 
2269	39 
2270	53 
2271	15 
2272	74 
2273	41 
2274	39 
2275	57 
2276	63 
2277	25 
2278	102 
2279	68 
2280	47 
2281	20 
2282	41 
2283	90 
2284	57 
2285	68 
2286	90 
2287	25 
2288	75 
2289	55 
2290	41 
2291	72 
2292	20 
2293	10 
2294	19 
2295	56 
2296	22 
2297	104 
2298	86 
2299	104 
2300	7 
2301	37 
2302	3 
2303	42 
2304	75 
2305	39 
2306	104 
2307	7 
2308	58 
2309	14 
2310	36 
2311	55 
2312	82 
2313	31 
2314	50 
2315	69 
2316	70 
2317	2 
2318	93 
2319	41 
2320	24 
2321	12 
2322	48 
2323	12 
2324	40 
2325	11 
2326	64 
2327	3 
2328	86 
2329	55 
2330	40 
2331	21 
2332	100 
2333	65 
2334	88 
2335	99 
2336	34 
2337	95 
2338	99 
2339	14 
2340	67 
2341	104 
2342	88 
2343	44 
2344	12 
2345	94 
2346	67 
2347	54 
2348	11 
2349	55 
2350	75 
2351	96 
2352	72 
2353	36 
2354	20 
2355	46 
2356	85 
2357	41 
2358	95 
2359	64 
2360	77 
2361	14 
2362	7 
2363	72 
2364	30 
2365	31 
2366	40 
2367	106 
2368	43 
2369	7 
2370	17 
2371	30 
2372	84 
2373	25 
2374	94 
2375	70 
2376	29 
2377	75 
2378	49 
2379	91 
2380	20 
2381	18 
2382	2 
2383	52 
2384	87 
2385	29 
2386	49 
2387	79 
2388	9 
2389	99 
2390	82 
2391	29 
2392	10 
2393	50 
2394	8 
2395	49 
2396	36 
2397	42 
2398	18 
2399	53 
2400	91 
2401	40 
2402	76 
2403	104 
2404	89 
2405	97 
2406	88 
2407	93 
2408	106 
2409	76 
2410	43 
2411	34 
2412	86 
2413	44 
2414	30 
2415	95 
2416	3 
2417	24 
2418	8 
2419	49 
2420	55 
2421	9 
2422	77 
2423	95 
2424	13 
2425	83 
2426	25 
2427	60 
2428	37 
2429	37 
2430	100 
2431	38 
2432	30 
2433	68 
2434	68 
2435	11 
2436	51 
2437	14 
2438	9 
2439	68 
2440	76 
2441	60 
2442	44 
2443	80 
2444	1 
2445	57 
2446	55 
2447	39 
2448	86 
2449	28 
2450	35 
2451	15 
2452	61 
2453	19 
2454	94 
2455	5 
2456	19 
2457	55 
2458	43 
2459	41 
2460	71 
2461	21 
2462	46 
2463	3 
2464	75 
2465	23 
2466	28 
2467	15 
2468	29 
2469	84 
2470	69 
2471	58 
2472	36 
2473	69 
2474	41 
2475	55 
2476	9 
2477	34 
2478	44 
2479	55 
2480	47 
2481	28 
2482	65 
2483	80 
2484	49 
2485	25 
2486	12 
2487	79 
2488	79 
2489	62 
2490	48 
2491	84 
2492	47 
2493	102 
2494	26 
2495	4 
2496	15 
2497	66 
2498	8 
2499	12 
2500	100 
2501	83 
2502	101 
2503	9 
2504	17 
2505	43 
2506	11 
2507	67 
2508	72 
2509	15 
2510	72 
2511	84 
2512	87 
2513	98 
2514	38 
2515	17 
2516	47 
2517	51 
2518	64 
2519	15 
2520	84 
2521	54 
2522	76 
2523	35 
2524	60 
2525	87 
2526	90 
2527	43 
2528	99 
2529	88 
2530	80 
2531	32 
2532	83 
2533	49 
2534	82 
2535	80 
2536	67 
2537	90 
2538	69 
2539	67 
2540	89 
2541	103 
2542	57 
2543	37 
2544	25 
2545	72 
2546	37 
2547	38 
2548	34 
2549	13 
2550	39 
2551	22 
2552	68 
2553	21 
2554	104 
2555	67 
2556	96 
2557	17 
2558	99 
2559	74 
2560	83 
2561	25 
2562	57 
2563	55 
2564	63 
2565	6 
2566	71 
2567	68 
2568	102 
2569	33 
2570	98 
2571	52 
2572	38 
2573	37 
2574	84 
2575	12 
2576	70 
2577	15 
2578	102 
2579	71 
2580	21 
2581	37 
2582	80 
2583	92 
2584	99 
2585	27 
2586	105 
2587	80 
2588	99 
2589	24 
2590	68 
2591	75 
2592	104 
2593	100 
2594	52 
2595	65 
2596	3 
2597	36 
2598	64 
2599	49 
2600	37 
2601	84 
2602	102 
2603	63 
2604	31 
2605	31 
2606	39 
2607	60 
2608	46 
2609	88 
2610	97 
2611	64 
2612	75 
2613	12 
2614	20 
2615	30 
2616	8 
2617	33 
2618	58 
2619	38 
2620	41 
2621	102 
2622	84 
2623	22 
2624	43 
2625	21 
2626	59 
2627	24 
2628	47 
2629	70 
2630	39 
2631	19 
2632	49 
2633	34 
2634	26 
2635	23 
2636	105 
2637	80 
2638	89 
2639	34 
2640	4 
2641	95 
2642	29 
2643	74 
2644	33 
2645	105 
2646	14 
2647	98 
2648	4 
2649	70 
2650	22 
2651	84 
2652	80 
2653	55 
2654	51 
2655	11 
2656	63 
2657	80 
2658	87 
2659	48 
2660	44 
2661	30 
2662	42 
2663	44 
2664	90 
2665	34 
2666	42 
2667	101 
2668	100 
2669	44 
2670	3 
2671	80 
2672	1 
2673	52 
2674	41 
2675	15 
2676	13 
2677	87 
2678	95 
2679	96 
2680	11 
2681	95 
2682	15 
2683	98 
2684	21 
2685	30 
2686	77 
2687	37 
2688	15 
2689	13 
2690	67 
2691	17 
2692	72 
2693	18 
2694	7 
2695	94 
2696	99 
2697	34 
2698	98 
2699	9 
2700	67 
2701	14 
2702	28 
2703	12 
2704	3 
2705	5 
2706	99 
2707	44 
2708	9 
2709	15 
2710	67 
2711	22 
2712	67 
2713	11 
2714	61 
2715	7 
2716	14 
2717	12 
2718	67 
2719	82 
2720	74 
2721	81 
2722	76 
2723	76 
2724	86 
2725	93 
2726	83 
2727	14 
2728	74 
2729	3 
2730	2 
2731	99 
2732	51 
2733	41 
2734	99 
2735	44 
2736	97 
2737	71 
2738	15 
2739	75 
2740	85 
2741	106 
2742	65 
2743	67 
2744	59 
2745	83 
2746	2 
2747	30 
2748	7 
2749	31 
2750	16 
2751	50 
2752	15 
2753	98 
2754	96 
2755	78 
2756	58 
2757	3 
2758	4 
2759	88 
2760	105 
2761	36 
2762	43 
2763	36 
2764	46 
2765	24 
2766	70 
2767	12 
2768	41 
2769	56 
2770	81 
2771	7 
2772	32 
2773	37 
2774	82 
2775	44 
2776	98 
2777	38 
2778	46 
2779	72 
2780	45 
2781	72 
2782	85 
2783	88 
2784	68 
2785	1 
2786	48 
2787	35 
2788	4 
2789	47 
2790	12 
2791	87 
2792	100 
2793	81 
2794	75 
2795	13 
2796	64 
2797	57 
2798	22 
2799	90 
2800	61 
2801	92 
2802	77 
2803	53 
2804	75 
2805	31 
2806	12 
2807	102 
2808	97 
2809	87 
2810	89 
2811	44 
2812	51 
2813	30 
2814	53 
2815	94 
2816	87 
2817	92 
2818	63 
2819	101 
2820	4 
2821	48 
2822	83 
2823	58 
2824	51 
2825	13 
2826	87 
2827	9 
2828	94 
2829	81 
2830	79 
2831	99 
2832	95 
2833	41 
2834	76 
2835	31 
2836	20 
2837	61 
2838	5 
2839	32 
2840	103 
2841	81 
2842	9 
2843	51 
2844	103 
2845	37 
2846	53 
2847	80 
2848	51 
2849	84 
2850	44 
2851	50 
2852	45 
2853	81 
2854	84 
2855	38 
2856	71 
2857	65 
2858	11 
2859	37 
2860	3 
2861	46 
2862	49 
2863	100 
2864	9 
2865	39 
2866	45 
2867	31 
2868	64 
2869	98 
2870	57 
2871	96 
2872	2 
2873	74 
2874	15 
2875	101 
2876	35 
2877	85 
2878	37 
2879	21 
2880	55 
2881	43 
2882	74 
2883	85 
2884	8 
2885	42 
2886	92 
2887	84 
2888	39 
2889	13 
2890	17 
2891	51 
2892	106 
2893	72 
2894	64 
2895	35 
2896	54 
2897	90 
2898	58 
2899	90 
2900	43 
2901	80 
2902	22 
2903	14 
2904	11 
2905	15 
2906	22 
2907	50 
2908	59 
2909	98 
2910	33 
2911	84 
2912	106 
2913	76 
2914	26 
2915	84 
2916	84 
2917	80 
2918	55 
2919	13 
2920	80 
2921	41 
2922	24 
2923	31 
2924	34 
2925	60 
2926	94 
2927	2 
2928	68 
2929	34 
2930	83 
2931	51 
2932	51 
2933	104 
2934	11 
2935	105 
2936	39 
2937	106 
2938	18 
2939	67 
2940	2 
2941	33 
2942	106 
2943	1 
2944	35 
2945	94 
2946	24 
2947	69 
2948	55 
2949	47 
2950	82 
2951	106 
2952	49 
2953	99 
2954	15 
2955	64 
2956	23 
2957	22 
2958	16 
2959	6 
2960	10 
2961	33 
2962	55 
2963	3 
2964	67 
2965	28 
2966	21 
2967	65 
2968	31 
2969	50 
2970	58 
2971	51 
2972	100 
2973	81 
2974	65 
2975	95 
2976	13 
2977	95 
2978	89 
2979	48 
2980	47 
2981	25 
2982	41 
2983	55 
2984	8 
2985	77 
2986	60 
2987	48 
2988	80 
2989	87 
2990	68 
2991	63 
2992	84 
2993	5 
2994	40 
2995	30 
2996	15 
2997	63 
2998	69 
2999	81 
3000	17 
3001	104 
3002	49 
3003	37 
3004	48 
3005	85 
3006	7 
3007	73 
3008	85 
3009	50 
3010	98 
3011	84 
3012	12 
3013	76 
3014	106 
3015	59 
3016	96 
3017	50 
3018	1 
3019	31 
3020	55 
3021	67 
3022	11 
3023	80 
3024	14 
3025	65 
3026	18 
3027	80 
3028	70 
3029	93 
3030	67 
3031	5 
3032	31 
3033	84 
3034	5 
3035	6 
3036	23 
3037	87 
3038	67 
3039	71 
3040	41 
3041	57 
3042	70 
3043	101 
3044	76 
3045	72 
3046	17 
3047	35 
3048	10 
3049	42 
3050	49 
3051	56 
3052	43 
3053	95 
3054	49 
3055	33 
3056	83 
3057	72 
3058	44 
3059	21 
3060	65 
3061	87 
3062	62 
3063	67 
3064	90 
3065	87 
3066	75 
3067	95 
3068	93 
3069	87 
3070	58 
3071	97 
3072	55 
3073	63 
3074	5 
3075	34 
3076	51 
3077	28 
3078	70 
3079	90 
3080	84 
3081	43 
3082	11 
3083	87 
3084	85 
3085	81 
3086	30 
3087	79 
3088	60 
3089	16 
3090	52 
3091	51 
3092	11 
3093	30 
3094	51 
3095	31 
3096	2 
3097	66 
3098	80 
3099	42 
3100	61 
3101	12 
3102	91 
3103	17 
3104	47 
3105	105 
3106	16 
3107	94 
3108	15 
3109	45 
3110	99 
3111	99 
3112	30 
3113	15 
3114	33 
3115	75 
3116	76 
3117	54 
3118	86 
3119	39 
3120	100 
3121	68 
3122	91 
3123	28 
3124	46 
3125	64 
3126	24 
3127	85 
3128	37 
3129	62 
3130	35 
3131	75 
3132	11 
3133	39 
3134	7 
3135	22 
3136	80 
3137	70 
3138	99 
3139	83 
3140	8 
3141	68 
3142	13 
3143	39 
3144	66 
3145	43 
3146	84 
3147	39 
3148	84 
3149	34 
3150	45 
3151	59 
3152	86 
3153	22 
3154	35 
3155	80 
3156	30 
3157	14 
3158	100 
3159	105 
3160	21 
3161	105 
3162	89 
3163	3 
3164	39 
3165	68 
3166	95 
3167	75 
3168	3 
3169	5 
3170	80 
3171	40 
3172	61 
3173	83 
3174	63 
3175	105 
3176	81 
3177	40 
3178	97 
3179	7 
3180	29 
3181	85 
3182	51 
3183	12 
3184	103 
3185	29 
3186	85 
3187	10 
3188	78 
3189	106 
3190	89 
3191	34 
3192	23 
3193	41 
3194	14 
3195	23 
3196	72 
3197	73 
3198	95 
3199	2 
3200	103 
3201	38 
3202	80 
3203	22 
3204	31 
3205	26 
3206	54 
3207	80 
3208	39 
3209	1 
3210	37 
3211	2 
3212	85 
3213	21 
3214	81 
3215	13 
3216	4 
3217	87 
3218	94 
3219	33 
3220	90 
3221	15 
3222	21 
3223	84 
3224	72 
3225	52 
3226	15 
3227	87 
3228	31 
3229	38 
3230	70 
3231	15 
3232	80 
3233	65 
3234	99 
3235	13 
3236	32 
3237	80 
3238	14 
3239	80 
3240	90 
3241	31 
3242	101 
3243	63 
3244	61 
3245	62 
3246	48 
3247	46 
3248	33 
3249	41 
3250	74 
3251	82 
3252	15 
3253	75 
3254	41 
3255	90 
3256	12 
3257	47 
3258	39 
3259	21 
3260	14 
3261	30 
3262	74 
3263	66 
3264	55 
3265	74 
3266	43 
3267	17 
3268	40 
3269	15 
3270	55 
3271	66 
3272	34 
3273	10 
3274	23 
3275	32 
3276	67 
3277	50 
3278	21 
3279	87 
3280	32 
3281	2 
3282	99 
3283	34 
3284	74 
3285	49 
3286	9 
3287	1 
3288	14 
3289	12 
3290	49 
3291	32 
3292	55 
3293	51 
3294	79 
3295	37 
3296	55 
3297	95 
3298	59 
3299	74 
3300	104 
3301	104 
3302	35 
3303	25 
3304	51 
3305	72 
3306	49 
3307	22 
3308	28 
3309	72 
3310	84 
3311	15 
3312	18 
3313	1 
3314	97 
3315	3 
3316	99 
3317	70 
3318	15 
3319	36 
3320	104 
3321	25 
3322	94 
3323	8 
3324	69 
3325	40 
3326	57 
3327	70 
3328	48 
3329	44 
3330	31 
3331	74 
3332	12 
3333	105 
3334	12 
3335	104 
3336	87 
3337	84 
3338	66 
3339	37 
3340	85 
3341	97 
3342	9 
3343	103 
3344	3 
3345	14 
3346	17 
3347	69 
3348	11 
3349	51 
3350	77 
3351	1 
3352	5 
3353	43 
3354	95 
3355	75 
3356	69 
3357	31 
3358	34 
3359	65 
3360	88 
3361	21 
3362	34 
3363	18 
3364	63 
3365	56 
3366	71 
3367	37 
3368	15 
3369	77 
3370	102 
3371	34 
3372	63 
3373	85 
3374	56 
3375	81 
3376	57 
3377	18 
3378	84 
3379	47 
3380	88 
3381	89 
3382	80 
3383	92 
3384	64 
3385	13 
3386	1 
3387	2 
3388	91 
3389	1 
3390	67 
3391	20 
3392	105 
3393	35 
3394	83 
3395	36 
3396	55 
3397	103 
3398	99 
3399	32 
3400	36 
3401	91 
3402	95 
3403	8 
3404	94 
3405	22 
3406	41 
3407	24 
3408	25 
3409	3 
3410	55 
3411	48 
3412	87 
3413	14 
3414	86 
3415	68 
3416	82 
3417	87 
3418	101 
3419	20 
3420	78 
3421	67 
3422	30 
3423	11 
3424	23 
3425	49 
3426	90 
3427	13 
3428	31 
3429	2 
3430	54 
3431	87 
3432	49 
3433	66 
3434	44 
3435	1 
3436	26 
3437	55 
3438	28 
3439	49 
3440	14 
3441	104 
3442	91 
3443	93 
3444	102 
3445	101 
3446	99 
3447	12 
3448	70 
3449	30 
3450	76 
3451	88 
3452	37 
3453	5 
3454	72 
3455	49 
3456	60 
3457	12 
3458	20 
3459	91 
3460	87 
3461	58 
3462	67 
3463	74 
3464	88 
3465	52 
3466	43 
3467	43 
3468	38 
3469	74 
3470	31 
3471	67 
3472	15 
3473	68 
3474	3 
3475	105 
3476	11 
3477	95 
3478	30 
3479	74 
3480	24 
3481	19 
3482	46 
3483	87 
3484	41 
3485	12 
3486	67 
3487	14 
3488	84 
3489	1 
3490	95 
3491	83 
3492	70 
3493	25 
3494	23 
3495	85 
3496	6 
3497	91 
3498	85 
3499	43 
3500	68 
3501	56 
3502	91 
3503	36 
3504	87 
3505	75 
3506	44 
3507	49 
3508	85 
3509	6 
3510	64 
3511	101 
3512	78 
3513	19 
3514	19 
3515	93 
3516	21 
3517	95 
3518	21 
3519	54 
3520	76 
3521	106 
3522	30 
3523	80 
3524	3 
3525	9 
3526	105 
3527	34 
3528	16 
3529	28 
3530	49 
3531	9 
3532	58 
3533	18 
3534	11 
3535	75 
3536	15 
3537	87 
3538	102 
3539	25 
3540	89 
3541	27 
3542	2 
3543	44 
3544	67 
3545	9 
3546	76 
3547	70 
3548	76 
3549	40 
3550	35 
3551	13 
3552	98 
3553	26 
3554	16 
3555	43 
3556	19 
3557	51 
3558	66 
3559	34 
3560	35 
3561	26 
3562	42 
3563	74 
3564	64 
3565	3 
3566	72 
3567	68 
3568	78 
3569	105 
3570	78 
3571	76 
3572	99 
3573	61 
3574	46 
3575	8 
3576	19 
3577	52 
3578	37 
3579	2 
3580	8 
3581	57 
3582	66 
3583	48 
3584	49 
3585	78 
3586	47 
3587	37 
3588	86 
3589	94 
3590	26 
3591	90 
3592	87 
3593	20 
3594	29 
3595	50 
3596	84 
3597	87 
3598	88 
3599	35 
3600	47 
3601	23 
3602	36 
3603	81 
3604	56 
3605	96 
3606	11 
3607	43 
3608	9 
3609	80 
3610	66 
3611	74 
3612	7 
3613	9 
3614	34 
3615	50 
3616	22 
3617	33 
3618	47 
3619	76 
3620	94 
3621	20 
3622	76 
3623	55 
3624	39 
3625	30 
3626	51 
3627	38 
3628	64 
3629	87 
3630	71 
3631	72 
3632	104 
3633	6 
3634	57 
3635	49 
3636	50 
3637	30 
3638	51 
3639	25 
3640	64 
3641	36 
3642	80 
3643	5 
3644	62 
3645	89 
3646	55 
3647	23 
3648	5 
3649	67 
3650	49 
3651	76 
3652	12 
3653	12 
3654	30 
3655	7 
3656	85 
3657	104 
3658	33 
3659	11 
3660	98 
3661	72 
3662	81 
3663	3 
3664	66 
3665	25 
3666	79 
3667	95 
3668	49 
3669	51 
3670	17 
3671	58 
3672	97 
3673	64 
3674	8 
3675	63 
3676	56 
3677	3 
3678	75 
3679	87 
3680	72 
3681	72 
3682	18 
3683	15 
3684	98 
3685	1 
3686	22 
3687	68 
3688	13 
3689	70 
3690	27 
3691	25 
3692	89 
3693	85 
3694	8 
3695	94 
3696	90 
3697	15 
3698	47 
3699	65 
3700	95 
3701	68 
3702	13 
3703	100 
3704	76 
3705	21 
3706	98 
3707	100 
3708	99 
3709	94 
3710	41 
3711	21 
3712	73 
3713	38 
3714	63 
3715	13 
3716	45 
3717	4 
3718	22 
3719	12 
3720	72 
3721	6 
3722	85 
3723	63 
3724	26 
3725	87 
3726	62 
3727	55 
3728	11 
3729	13 
3730	74 
3731	1 
3732	16 
3733	49 
3734	11 
3735	56 
3736	13 
3737	15 
3738	99 
3739	49 
3740	86 
3741	53 
3742	68 
3743	14 
3744	75 
3745	104 
3746	73 
3747	7 
3748	18 
3749	15 
3750	4 
3751	21 
3752	87 
3753	11 
3754	74 
3755	90 
3756	39 
3757	27 
3758	105 
3759	57 
3760	95 
3761	44 
3762	71 
3763	11 
3764	34 
3765	22 
3766	63 
3767	103 
3768	30 
3769	76 
3770	83 
3771	105 
3772	19 
3773	80 
3774	81 
3775	40 
3776	69 
3777	2 
3778	41 
3779	85 
3780	15 
3781	82 
3782	18 
3783	73 
3784	25 
3785	51 
3786	22 
3787	68 
3788	14 
3789	104 
3790	88 
3791	46 
3792	19 
3793	26 
3794	74 
3795	97 
3796	97 
3797	79 
3798	5 
3799	34 
3800	85 
3801	21 
3802	74 
3803	67 
3804	85 
3805	89 
3806	15 
3807	44 
3808	8 
3809	65 
3810	92 
3811	84 
3812	94 
3813	41 
3814	86 
3815	75 
3816	44 
3817	13 
3818	17 
3819	74 
3820	41 
3821	71 
3822	55 
3823	86 
3824	26 
3825	59 
3826	70 
3827	31 
3828	87 
3829	75 
3830	41 
3831	53 
3832	68 
3833	23 
3834	23 
3835	83 
3836	59 
3837	11 
3838	94 
3839	34 
3840	74 
3841	2 
3842	55 
3843	90 
3844	80 
3845	19 
3846	21 
3847	21 
3848	62 
3849	105 
3850	2 
3851	72 
3852	76 
3853	99 
3854	88 
3855	25 
3856	10 
3857	5 
3858	58 
3859	80 
3860	80 
3861	73 
3862	19 
3863	94 
3864	99 
3865	87 
3866	11 
3867	87 
3868	18 
3869	73 
3870	43 
3871	95 
3872	44 
3873	37 
3874	24 
3875	17 
3876	12 
3877	41 
3878	31 
3879	30 
3880	88 
3881	43 
3882	84 
3883	87 
3884	11 
3885	14 
3886	43 
3887	103 
3888	103 
3889	98 
3890	81 
3891	21 
3892	72 
3893	9 
3894	68 
3895	28 
3896	99 
3897	11 
3898	75 
3899	83 
3900	41 
3901	20 
3902	63 
3903	80 
3904	4 
3905	48 
3906	77 
3907	22 
3908	29 
3909	84 
3910	85 
3911	55 
3912	70 
3913	22 
3914	105 
3915	82 
3916	67 
3917	50 
3918	71 
3919	76 
3920	44 
3921	51 
3922	103 
3923	48 
3924	3 
3925	33 
3926	30 
3927	24 
3928	55 
3929	72 
3930	76 
3931	44 
3932	22 
3933	22 
3934	56 
3935	78 
3936	6 
3937	67 
3938	66 
3939	10 
3940	31 
3941	15 
3942	54 
3943	104 
3944	41 
3945	99 
3946	46 
3947	34 
3948	32 
3949	101 
3950	60 
3951	69 
3952	5 
3953	41 
3954	104 
3955	80 
3956	93 
3957	87 
3958	2 
3959	52 
3960	83 
3961	20 
3962	43 
3963	21 
3964	39 
3965	21 
3966	75 
3967	3 
3968	12 
3969	66 
3970	67 
3971	15 
3972	100 
3973	39 
3974	11 
3975	12 
3976	91 
3977	43 
3978	94 
3979	31 
3980	77 
3981	105 
3982	62 
3983	2 
3984	8 
3985	12 
3986	47 
3987	66 
3988	102 
3989	57 
3990	39 
3991	34 
3992	29 
3993	34 
3994	39 
3995	13 
3996	8 
3997	18 
3998	72 
3999	67 
4000	95 
4001	26 
4002	38 
4003	65 
4004	21 
4005	10 
4006	103 
4007	6 
4008	106 
4009	10 
4010	80 
4011	47 
4012	52 
4013	22 
4014	19 
4015	81 
4016	31 
4017	57 
4018	21 
4019	84 
4020	78 
4021	90 
4022	77 
4023	67 
4024	63 
4025	76 
4026	61 
4027	96 
4028	92 
4029	41 
4030	67 
4031	92 
4032	3 
4033	66 
4034	25 
4035	91 
4036	29 
4037	99 
4038	50 
4039	35 
4040	3 
4041	75 
4042	97 
4043	95 
4044	63 
4045	89 
4046	6 
4047	4 
4048	44 
4049	5 
4050	22 
4051	21 
4052	9 
4053	41 
4054	100 
4055	95 
4056	83 
4057	75 
4058	95 
4059	11 
4060	30 
4061	94 
4062	58 
4063	2 
4064	100 
4065	104 
4066	39 
4067	59 
4068	30 
4069	63 
4070	84 
4071	68 
4072	66 
4073	90 
4074	54 
4075	30 
4076	21 
4077	104 
4078	22 
4079	31 
4080	99 
4081	21 
4082	21 
4083	69 
4084	81 
4085	9 
4086	81 
4087	68 
4088	99 
4089	104 
4090	68 
4091	65 
4092	53 
4093	68 
4094	30 
4095	28 
4096	102 
4097	43 
4098	79 
4099	76 
4100	70 
4101	38 
4102	11 
4103	49 
4104	53 
4105	59 
4106	49 
4107	38 
4108	79 
4109	96 
4110	5 
4111	81 
4112	47 
4113	70 
4114	72 
4115	51 
4116	9 
4117	41 
4118	75 
4119	67 
4120	11 
4121	68 
4122	17 
4123	85 
4124	12 
4125	2 
4126	14 
4127	10 
4128	14 
4129	51 
4130	61 
4131	68 
4132	99 
4133	29 
4134	76 
4135	41 
4136	41 
4137	6 
4138	75 
4139	64 
4140	7 
4141	8 
4142	14 
4143	67 
4144	48 
4145	14 
4146	31 
4147	85 
4148	43 
4149	52 
4150	67 
4151	93 
4152	39 
4153	87 
4154	23 
4155	80 
4156	72 
4157	44 
4158	55 
4159	95 
4160	19 
4161	105 
4162	13 
4163	61 
4164	57 
4165	21 
4166	9 
4167	76 
4168	44 
4169	93 
4170	17 
4171	81 
4172	54 
4173	14 
4174	95 
4175	8 
4176	39 
4177	52 
4178	55 
4179	9 
4180	12 
4181	25 
4182	14 
4183	50 
4184	58 
4185	61 
4186	99 
4187	43 
4188	43 
4189	8 
4190	87 
4191	76 
4192	84 
4193	44 
4194	99 
4195	68 
4196	1 
4197	80 
4198	63 
4199	50 
4200	54 
4201	104 
4202	9 
4203	6 
4204	34 
4205	41 
4206	31 
4207	104 
4208	106 
4209	15 
4210	4 
4211	63 
4212	26 
4213	88 
4214	86 
4215	70 
4216	90 
4217	96 
4218	51 
4219	106 
4220	91 
4221	94 
4222	1 
4223	30 
4224	80 
4225	34 
4226	82 
4227	25 
4228	60 
4229	67 
4230	11 
4231	49 
4232	24 
4233	7 
4234	103 
4235	21 
4236	67 
4237	31 
4238	67 
4239	74 
4240	98 
4241	78 
4242	91 
4243	85 
4244	13 
4245	39 
4246	98 
4247	86 
4248	67 
4249	4 
4250	52 
4251	55 
4252	13 
4253	78 
4254	44 
4255	73 
4256	96 
4257	74 
4258	56 
4259	101 
4260	67 
4261	40 
4262	55 
4263	81 
4264	78 
4265	72 
4266	2 
4267	96 
4268	20 
4269	49 
4270	48 
4271	8 
4272	3 
4273	75 
4274	51 
4275	80 
4276	60 
4277	58 
4278	76 
4279	58 
4280	71 
4281	76 
4282	82 
4283	84 
4284	87 
4285	8 
4286	75 
4287	104 
4288	80 
4289	47 
4290	69 
4291	57 
4292	21 
4293	70 
4294	80 
4295	4 
4296	59 
4297	34 
4298	44 
4299	66 
4300	68 
4301	77 
4302	76 
4303	49 
4304	49 
4305	1 
4306	8 
4307	18 
4308	61 
4309	47 
4310	8 
4311	41 
4312	99 
4313	13 
4314	22 
4315	24 
4316	69 
4317	25 
4318	58 
4319	87 
4320	70 
4321	65 
4322	103 
4323	59 
4324	64 
4325	62 
4326	3 
4327	69 
4328	41 
4329	36 
4330	67 
4331	21 
4332	88 
4333	67 
4334	12 
4335	75 
4336	11 
4337	69 
4338	94 
4339	88 
4340	12 
4341	33 
4342	41 
4343	44 
4344	49 
4345	18 
4346	17 
4347	80 
4348	20 
4349	99 
4350	12 
4351	37 
4352	48 
4353	68 
4354	100 
4355	3 
4356	74 
4357	26 
4358	47 
4359	88 
4360	84 
4361	78 
4362	39 
4363	42 
4364	21 
4365	72 
4366	16 
4367	80 
4368	21 
4369	15 
4370	36 
4371	72 
4372	98 
4373	95 
4374	47 
4375	87 
4376	67 
4377	51 
4378	84 
4379	48 
4380	11 
4381	51 
4382	100 
4383	98 
4384	27 
4385	1 
4386	47 
4387	1 
4388	79 
4389	102 
4390	104 
4391	94 
4392	1 
4393	80 
4394	63 
4395	58 
4396	99 
4397	28 
4398	58 
4399	104 
4400	64 
4401	53 
4402	55 
4403	9 
4404	28 
4405	67 
4406	80 
4407	101 
4408	14 
4409	95 
4410	6 
4411	12 
4412	95 
4413	60 
4414	90 
4415	80 
4416	94 
4417	74 
4418	58 
4419	12 
4420	56 
4421	49 
4422	80 
4423	33 
4424	60 
4425	44 
4426	45 
4427	22 
4428	81 
4429	12 
4430	14 
4431	63 
4432	98 
4433	15 
4434	41 
4435	37 
4436	37 
4437	4 
4438	3 
4439	92 
4440	55 
4441	80 
4442	104 
4443	19 
4444	54 
4445	11 
4446	87 
4447	33 
4448	105 
4449	76 
4450	12 
4451	7 
4452	16 
4453	87 
4454	80 
4455	6 
4456	31 
4457	68 
4458	101 
4459	71 
4460	41 
4461	26 
4462	98 
4463	80 
4464	98 
4465	46 
4466	18 
4467	74 
4468	42 
4469	13 
4470	82 
4471	85 
4472	72 
4473	95 
4474	70 
4475	98 
4476	105 
4477	42 
4478	17 
4479	68 
4480	19 
4481	80 
4482	15 
4483	31 
4484	99 
4485	54 
4486	9 
4487	23 
4488	72 
4489	70 
4490	90 
4491	6 
4492	4 
4493	41 
4494	44 
4495	3 
4496	9 
4497	41 
4498	76 
4499	43 
4500	81 
4501	22 
4502	72 
4503	89 
4504	96 
4505	94 
4506	95 
4507	68 
4508	35 
4509	61 
4510	75 
4511	54 
4512	55 
4513	69 
4514	95 
4515	82 
4516	88 
4517	14 
4518	14 
4519	49 
4520	101 
4521	21 
4522	62 
4523	72 
4524	12 
4525	21 
4526	62 
4527	35 
4528	66 
4529	23 
4530	105 
4531	44 
4532	76 
4533	17 
4534	80 
4535	18 
4536	31 
4537	71 
4538	25 
4539	84 
4540	6 
4541	101 
4542	70 
4543	78 
4544	3 
4545	48 
4546	22 
4547	34 
4548	76 
4549	49 
4550	64 
4551	52 
4552	21 
4553	13 
4554	73 
4555	98 
4556	5 
4557	17 
4558	3 
4559	73 
4560	72 
4561	56 
4562	78 
4563	98 
4564	6 
4565	88 
4566	87 
4567	105 
4568	2 
4569	34 
4570	85 
4571	42 
4572	14 
4573	43 
4574	13 
4575	51 
4576	44 
4577	26 
4578	31 
4579	4 
4580	85 
4581	99 
4582	90 
4583	104 
4584	83 
4585	98 
4586	15 
4587	94 
4588	87 
4589	100 
4590	48 
4591	9 
4592	12 
4593	8 
4594	95 
4595	87 
4596	49 
4597	14 
4598	3 
4599	72 
4600	13 
4601	14 
4602	84 
4603	64 
4604	8 
4605	6 
4606	15 
4607	58 
4608	84 
4609	49 
4610	56 
4611	104 
4612	22 
4613	76 
4614	7 
4615	9 
4616	2 
4617	70 
4618	56 
4619	67 
4620	90 
4621	26 
4622	8 
4623	41 
4624	59 
4625	70 
4626	70 
4627	67 
4628	31 
4629	57 
4630	6 
4631	78 
4632	26 
4633	41 
4634	15 
4635	35 
4636	84 
4637	78 
4638	22 
4639	48 
4640	44 
4641	32 
4642	43 
4643	85 
4644	3 
4645	37 
4646	87 
4647	65 
4648	80 
4649	94 
4650	84 
4651	88 
4652	69 
4653	3 
4654	64 
4655	7 
4656	50 
4657	87 
4658	3 
4659	51 
4660	55 
4661	68 
4662	98 
4663	25 
4664	47 
4665	2 
4666	101 
4667	35 
4668	70 
4669	17 
4670	90 
4671	35 
4672	89 
4673	62 
4674	12 
4675	11 
4676	51 
4677	72 
4678	8 
4679	47 
4680	96 
4681	34 
4682	68 
4683	104 
4684	31 
4685	96 
4686	20 
4687	64 
4688	11 
4689	44 
4690	9 
4691	14 
4692	83 
4693	76 
4694	76 
4695	47 
4696	87 
4697	21 
4698	63 
4699	21 
4700	96 
4701	99 
4702	48 
4703	31 
4704	75 
4705	99 
4706	41 
4707	14 
4708	37 
4709	72 
4710	99 
4711	21 
4712	7 
4713	50 
4714	47 
4715	89 
4716	21 
4717	87 
4718	49 
4719	65 
4720	34 
4721	87 
4722	99 
4723	87 
4724	81 
4725	21 
4726	85 
4727	1 
4728	98 
4729	30 
4730	105 
4731	4 
4732	2 
4733	101 
4734	56 
4735	89 
4736	105 
4737	48 
4738	70 
4739	55 
4740	65 
4741	64 
4742	4 
4743	74 
4744	59 
4745	49 
4746	5 
4747	34 
4748	96 
4749	66 
4750	28 
4751	80 
4752	72 
4753	15 
4754	39 
4755	84 
4756	18 
4757	95 
4758	101 
4759	18 
4760	30 
4761	3 
4762	31 
4763	80 
4764	49 
4765	14 
4766	44 
4767	43 
4768	34 
4769	8 
4770	49 
4771	22 
4772	76 
4773	81 
4774	3 
4775	7 
4776	43 
4777	76 
4778	95 
4779	104 
4780	56 
4781	104 
4782	22 
4783	7 
4784	87 
4785	68 
4786	15 
4787	9 
4788	63 
4789	12 
4790	19 
4791	68 
4792	3 
4793	75 
4794	85 
4795	12 
4796	87 
4797	50 
4798	2 
4799	75 
4800	49 
4801	31 
4802	1 
4803	75 
4804	41 
4805	68 
4806	49 
4807	72 
4808	105 
4809	3 
4810	20 
4811	74 
4812	28 
4813	58 
4814	5 
4815	51 
4816	50 
4817	85 
4818	12 
4819	47 
4820	80 
4821	12 
4822	76 
4823	98 
4824	11 
4825	44 
4826	1 
4827	41 
4828	98 
4829	18 
4830	22 
4831	49 
4832	95 
4833	35 
4834	84 
4835	68 
4836	80 
4837	70 
4838	80 
4839	85 
4840	65 
4841	70 
4842	98 
4843	75 
4844	15 
4845	94 
4846	41 
4847	63 
4848	74 
4849	3 
4850	95 
4851	63 
4852	81 
4853	12 
4854	8 
4855	65 
4856	87 
4857	67 
4858	80 
4859	22 
4860	94 
4861	49 
4862	98 
4863	15 
4864	87 
4865	63 
4866	25 
4867	49 
4868	104 
4869	104 
4870	65 
4871	65 
4872	83 
4873	81 
4874	11 
4875	64 
4876	25 
4877	75 
4878	11 
4879	75 
4880	47 
4881	43 
4882	94 
4883	15 
4884	87 
4885	48 
4886	9 
4887	8 
4888	11 
4889	87 
4890	63 
4891	6 
4892	84 
4893	11 
4894	75 
4895	72 
4896	1 
4897	56 
4898	25 
4899	34 
4900	68 
4901	105 
4902	12 
4903	21 
4904	34 
4905	21 
4906	21 
4907	47 
4908	22 
4909	64 
4910	14 
4911	41 
4912	15 
4913	84 
4914	30 
4915	67 
4916	87 
4917	98 
4918	58 
4919	56 
4920	8 
4921	99 
4922	76 
4923	99 
4924	68 
4925	15 
4926	34 
4927	58 
4928	14 
4929	13 
4930	15 
4931	95 
4932	89 
4933	68 
4934	39 
4935	81 
4936	3 
4937	81 
4938	49 
4939	76 
4940	87 
4941	30 
4942	30 
4943	63 
4944	34 
4945	96 
4946	80 
4947	76 
4948	3 
4949	67 
4950	12 
4951	49 
4952	3 
4953	44 
4954	74 
4955	43 
4956	63 
4957	48 
4958	22 
4959	105 
4960	14 
4961	34 
4962	96 
4963	30 
4964	87 
4965	75 
4966	39 
4967	21 
4968	49 
4969	84 
4970	44 
4971	9 
4972	25 
4973	68 
4974	1 
4975	48 
4976	99 
4977	9 
4978	90 
4979	55 
4980	41 
4981	70 
4982	19 
4983	68 
4984	2 
4985	15 
4986	39 
4987	74 
4988	12 
4989	3 
4990	25 
4991	30 
4992	58 
4993	58 
4994	75 
4995	43 
4996	48 
4997	12 
4998	37 
4999	3 
5000	39 
