1	77 
2	27 
3	73 
4	22 
5	16 
6	78 
7	10 
8	12 
9	18 
10	23 
11	19 
12	75 
13	64 
14	20 
15	27 
16	81 
17	45 
18	41 
19	93 
20	67 
21	39 
22	55 
23	14 
24	11 
25	60 
26	100 
27	74 
28	97 
29	65 
30	39 
31	105 
32	90 
33	55 
34	7 
35	8 
36	46 
37	52 
38	96 
39	14 
40	71 
41	13 
42	26 
43	15 
44	47 
45	60 
46	76 
47	85 
48	68 
49	76 
50	48 
51	54 
52	88 
53	26 
54	43 
55	76 
56	63 
57	27 
58	2 
59	94 
60	4 
61	54 
62	104 
63	88 
64	94 
65	64 
66	84 
67	90 
68	37 
69	84 
70	41 
71	65 
72	52 
73	81 
74	13 
75	37 
76	65 
77	6 
78	4 
79	74 
80	62 
81	100 
82	9 
83	59 
84	51 
85	32 
86	9 
87	57 
88	20 
89	85 
90	73 
91	27 
92	25 
93	20 
94	104 
95	106 
96	83 
97	25 
98	20 
99	57 
100	76 
101	26 
102	100 
103	64 
104	79 
105	29 
106	52 
107	32 
108	48 
109	60 
110	78 
111	34 
112	31 
113	36 
114	22 
115	85 
116	52 
117	99 
118	37 
119	93 
120	45 
121	13 
122	47 
123	23 
124	10 
125	50 
126	11 
127	68 
128	67 
129	88 
130	64 
131	43 
132	43 
133	72 
134	39 
135	8 
136	38 
137	98 
138	14 
139	90 
140	7 
141	13 
142	86 
143	49 
144	86 
145	51 
146	20 
147	53 
148	10 
149	88 
150	104 
151	13 
152	29 
153	43 
154	27 
155	3 
156	34 
157	67 
158	13 
159	73 
160	18 
161	6 
162	10 
163	53 
164	96 
165	49 
166	95 
167	38 
168	20 
169	74 
170	90 
171	85 
172	36 
173	88 
174	98 
175	53 
176	73 
177	27 
178	81 
179	46 
180	8 
181	66 
182	16 
183	21 
184	42 
185	102 
186	4 
187	24 
188	29 
189	77 
190	94 
191	95 
192	55 
193	58 
194	27 
195	23 
196	103 
197	48 
198	50 
199	88 
200	22 
201	50 
202	93 
203	1 
204	57 
205	83 
206	103 
207	39 
208	68 
209	10 
210	32 
211	40 
212	83 
213	42 
214	70 
215	60 
216	91 
217	95 
218	71 
219	76 
220	36 
221	103 
222	39 
223	17 
224	64 
225	91 
226	2 
227	68 
228	53 
229	34 
230	64 
231	56 
232	12 
233	59 
234	34 
235	71 
236	74 
237	90 
238	71 
239	37 
240	27 
241	7 
242	23 
243	81 
244	8 
245	99 
246	51 
247	95 
248	58 
249	81 
250	26 
251	7 
252	48 
253	58 
254	70 
255	25 
256	80 
257	41 
258	27 
259	34 
260	76 
261	35 
262	26 
263	105 
264	85 
265	86 
266	58 
267	58 
268	59 
269	73 
270	1 
271	35 
272	81 
273	17 
274	29 
275	13 
276	1 
277	60 
278	12 
279	83 
280	92 
281	70 
282	101 
283	83 
284	82 
285	34 
286	29 
287	43 
288	7 
289	97 
290	18 
291	13 
292	52 
293	8 
294	12 
295	54 
296	60 
297	8 
298	26 
299	2 
300	91 
301	28 
302	100 
303	5 
304	16 
305	39 
306	19 
307	60 
308	17 
309	20 
310	96 
311	95 
312	6 
313	54 
314	42 
315	14 
316	81 
317	49 
318	88 
319	93 
320	95 
321	87 
322	20 
323	23 
324	51 
325	59 
326	13 
327	90 
328	21 
329	46 
330	85 
331	32 
332	3 
333	19 
334	81 
335	13 
336	6 
337	37 
338	65 
339	29 
340	14 
341	47 
342	65 
343	69 
344	35 
345	16 
346	64 
347	102 
348	53 
349	97 
350	77 
351	58 
352	57 
353	93 
354	65 
355	64 
356	73 
357	29 
358	3 
359	79 
360	41 
361	28 
362	36 
363	106 
364	91 
365	62 
366	9 
367	60 
368	85 
369	66 
370	25 
371	29 
372	90 
373	96 
374	7 
375	12 
376	84 
377	3 
378	105 
379	94 
380	13 
381	102 
382	17 
383	97 
384	24 
385	64 
386	72 
387	10 
388	73 
389	85 
390	72 
391	52 
392	57 
393	49 
394	16 
395	49 
396	96 
397	98 
398	46 
399	90 
400	82 
401	57 
402	20 
403	64 
404	71 
405	19 
406	102 
407	26 
408	12 
409	23 
410	31 
411	91 
412	76 
413	86 
414	103 
415	39 
416	11 
417	103 
418	72 
419	95 
420	65 
421	27 
422	77 
423	83 
424	80 
425	32 
426	13 
427	36 
428	82 
429	71 
430	7 
431	90 
432	77 
433	93 
434	88 
435	13 
436	94 
437	77 
438	96 
439	53 
440	92 
441	68 
442	76 
443	55 
444	71 
445	19 
446	23 
447	12 
448	73 
449	58 
450	24 
451	35 
452	19 
453	22 
454	14 
455	44 
456	3 
457	72 
458	42 
459	86 
460	7 
461	73 
462	81 
463	61 
464	23 
465	9 
466	103 
467	48 
468	60 
469	88 
470	87 
471	57 
472	93 
473	96 
474	7 
475	36 
476	12 
477	53 
478	90 
479	71 
480	46 
481	43 
482	85 
483	28 
484	57 
485	8 
486	93 
487	57 
488	20 
489	96 
490	13 
491	49 
492	34 
493	39 
494	83 
495	75 
496	85 
497	49 
498	54 
499	39 
500	16 
501	89 
502	66 
503	64 
504	2 
505	57 
506	100 
507	57 
508	37 
509	49 
510	65 
511	85 
512	77 
513	102 
514	26 
515	27 
516	97 
517	70 
518	46 
519	18 
520	95 
521	50 
522	27 
523	64 
524	76 
525	43 
526	7 
527	103 
528	81 
529	94 
530	81 
531	101 
532	80 
533	97 
534	52 
535	76 
536	15 
537	37 
538	49 
539	43 
540	19 
541	55 
542	94 
543	21 
544	37 
545	57 
546	21 
547	21 
548	77 
549	106 
550	64 
551	91 
552	96 
553	49 
554	17 
555	13 
556	49 
557	7 
558	63 
559	4 
560	28 
561	103 
562	99 
563	81 
564	94 
565	52 
566	34 
567	103 
568	28 
569	8 
570	3 
571	5 
572	15 
573	65 
574	69 
575	4 
576	37 
577	93 
578	53 
579	25 
580	27 
581	38 
582	58 
583	34 
584	89 
585	82 
586	63 
587	25 
588	92 
589	8 
590	88 
591	23 
592	39 
593	88 
594	93 
595	11 
596	64 
597	3 
598	26 
599	91 
600	60 
601	79 
602	75 
603	69 
604	28 
605	86 
606	39 
607	13 
608	18 
609	21 
610	28 
611	65 
612	18 
613	38 
614	29 
615	36 
616	50 
617	90 
618	102 
619	13 
620	98 
621	50 
622	82 
623	48 
624	65 
625	4 
626	93 
627	76 
628	42 
629	15 
630	76 
631	36 
632	26 
633	6 
634	50 
635	22 
636	30 
637	7 
638	77 
639	83 
640	71 
641	100 
642	82 
643	78 
644	94 
645	53 
646	32 
647	83 
648	74 
649	41 
650	23 
651	82 
652	56 
653	80 
654	61 
655	104 
656	78 
657	35 
658	79 
659	63 
660	94 
661	53 
662	17 
663	85 
664	50 
665	6 
666	81 
667	68 
668	84 
669	45 
670	7 
671	29 
672	75 
673	94 
674	48 
675	68 
676	39 
677	8 
678	13 
679	50 
680	105 
681	12 
682	44 
683	65 
684	103 
685	47 
686	25 
687	51 
688	28 
689	52 
690	81 
691	32 
692	31 
693	58 
694	56 
695	3 
696	88 
697	73 
698	10 
699	75 
700	35 
701	81 
702	87 
703	78 
704	8 
705	93 
706	58 
707	55 
708	16 
709	23 
710	17 
711	29 
712	36 
713	22 
714	85 
715	26 
716	46 
717	32 
718	17 
719	97 
720	7 
721	86 
722	18 
723	59 
724	74 
725	30 
726	90 
727	81 
728	39 
729	64 
730	103 
731	23 
732	103 
733	103 
734	57 
735	25 
736	103 
737	83 
738	22 
739	95 
740	7 
741	5 
742	72 
743	52 
744	105 
745	73 
746	9 
747	105 
748	62 
749	49 
750	85 
751	30 
752	95 
753	93 
754	28 
755	65 
756	78 
757	88 
758	102 
759	53 
760	55 
761	22 
762	29 
763	39 
764	64 
765	94 
766	7 
767	95 
768	78 
769	87 
770	30 
771	28 
772	3 
773	40 
774	80 
775	10 
776	43 
777	96 
778	79 
779	70 
780	78 
781	77 
782	43 
783	14 
784	1 
785	22 
786	42 
787	30 
788	96 
789	38 
790	56 
791	69 
792	77 
793	37 
794	88 
795	49 
796	64 
797	13 
798	77 
799	5 
800	32 
801	65 
802	13 
803	14 
804	36 
805	90 
806	23 
807	21 
808	50 
809	66 
810	41 
811	81 
812	12 
813	12 
814	64 
815	43 
816	77 
817	43 
818	88 
819	71 
820	88 
821	12 
822	36 
823	3 
824	68 
825	3 
826	37 
827	29 
828	57 
829	58 
830	2 
831	61 
832	88 
833	2 
834	20 
835	75 
836	4 
837	30 
838	99 
839	15 
840	89 
841	73 
842	9 
843	29 
844	43 
845	40 
846	42 
847	28 
848	7 
849	36 
850	67 
851	37 
852	89 
853	88 
854	30 
855	82 
856	35 
857	81 
858	5 
859	8 
860	97 
861	58 
862	85 
863	26 
864	39 
865	47 
866	8 
867	4 
868	13 
869	58 
870	56 
871	57 
872	50 
873	77 
874	58 
875	83 
876	13 
877	28 
878	11 
879	72 
880	39 
881	78 
882	92 
883	29 
884	43 
885	102 
886	104 
887	25 
888	77 
889	35 
890	68 
891	43 
892	16 
893	34 
894	96 
895	52 
896	95 
897	9 
898	71 
899	106 
900	4 
901	50 
902	82 
903	36 
904	48 
905	25 
906	13 
907	48 
908	51 
909	88 
910	43 
911	28 
912	42 
913	75 
914	31 
915	66 
916	28 
917	5 
918	22 
919	71 
920	20 
921	25 
922	14 
923	71 
924	26 
925	52 
926	69 
927	23 
928	92 
929	66 
930	18 
931	75 
932	64 
933	10 
934	27 
935	13 
936	68 
937	37 
938	73 
939	40 
940	105 
941	102 
942	7 
943	67 
944	62 
945	89 
946	80 
947	58 
948	37 
949	56 
950	91 
951	36 
952	29 
953	57 
954	45 
955	76 
956	5 
957	5 
958	55 
959	97 
960	47 
961	53 
962	43 
963	95 
964	36 
965	47 
966	30 
967	93 
968	7 
969	93 
970	95 
971	102 
972	10 
973	40 
974	52 
975	97 
976	22 
977	103 
978	13 
979	103 
980	60 
981	28 
982	58 
983	16 
984	95 
985	102 
986	102 
987	63 
988	24 
989	87 
990	28 
991	98 
992	102 
993	11 
994	93 
995	42 
996	92 
997	69 
998	88 
999	9 
1000	105 
1001	68 
1002	26 
1003	77 
1004	25 
1005	31 
1006	48 
1007	83 
1008	104 
1009	42 
1010	87 
1011	10 
1012	18 
1013	62 
1014	80 
1015	14 
1016	81 
1017	33 
1018	71 
1019	26 
1020	43 
1021	45 
1022	50 
1023	56 
1024	36 
1025	46 
1026	35 
1027	36 
1028	72 
1029	97 
1030	13 
1031	74 
1032	10 
1033	47 
1034	86 
1035	65 
1036	47 
1037	49 
1038	62 
1039	32 
1040	95 
1041	27 
1042	95 
1043	94 
1044	49 
1045	58 
1046	29 
1047	86 
1048	71 
1049	50 
1050	74 
1051	43 
1052	73 
1053	38 
1054	53 
1055	43 
1056	78 
1057	98 
1058	65 
1059	20 
1060	83 
1061	45 
1062	87 
1063	58 
1064	24 
1065	53 
1066	93 
1067	44 
1068	10 
1069	36 
1070	23 
1071	26 
1072	39 
1073	64 
1074	26 
1075	33 
1076	85 
1077	98 
1078	29 
1079	87 
1080	30 
1081	49 
1082	17 
1083	37 
1084	39 
1085	32 
1086	41 
1087	63 
1088	49 
1089	68 
1090	26 
1091	28 
1092	34 
1093	105 
1094	81 
1095	45 
1096	82 
1097	93 
1098	40 
1099	28 
1100	73 
1101	48 
1102	43 
1103	36 
1104	93 
1105	29 
1106	52 
1107	64 
1108	58 
1109	9 
1110	17 
1111	32 
1112	78 
1113	43 
1114	53 
1115	99 
1116	7 
1117	33 
1118	93 
1119	27 
1120	103 
1121	9 
1122	20 
1123	85 
1124	40 
1125	96 
1126	26 
1127	65 
1128	20 
1129	60 
1130	89 
1131	18 
1132	43 
1133	40 
1134	95 
1135	39 
1136	58 
1137	78 
1138	49 
1139	29 
1140	41 
1141	60 
1142	40 
1143	17 
1144	53 
1145	26 
1146	52 
1147	60 
1148	52 
1149	20 
1150	85 
1151	10 
1152	101 
1153	93 
1154	47 
1155	53 
1156	27 
1157	52 
1158	42 
1159	24 
1160	74 
1161	90 
1162	65 
1163	43 
1164	19 
1165	37 
1166	27 
1167	38 
1168	57 
1169	18 
1170	12 
1171	106 
1172	86 
1173	10 
1174	93 
1175	50 
1176	7 
1177	61 
1178	85 
1179	70 
1180	85 
1181	85 
1182	2 
1183	22 
1184	10 
1185	11 
1186	7 
1187	71 
1188	1 
1189	53 
1190	33 
1191	81 
1192	9 
1193	10 
1194	13 
1195	58 
1196	89 
1197	86 
1198	103 
1199	34 
1200	36 
1201	88 
1202	27 
1203	74 
1204	29 
1205	32 
1206	43 
1207	67 
1208	74 
1209	75 
1210	41 
1211	72 
1212	7 
1213	60 
1214	32 
1215	21 
1216	39 
1217	101 
1218	17 
1219	20 
1220	72 
1221	99 
1222	97 
1223	77 
1224	23 
1225	82 
1226	47 
1227	101 
1228	21 
1229	97 
1230	26 
1231	77 
1232	53 
1233	1 
1234	68 
1235	29 
1236	79 
1237	48 
1238	37 
1239	43 
1240	55 
1241	17 
1242	64 
1243	78 
1244	49 
1245	81 
1246	39 
1247	66 
1248	3 
1249	4 
1250	32 
1251	29 
1252	57 
1253	89 
1254	82 
1255	93 
1256	11 
1257	64 
1258	52 
1259	13 
1260	10 
1261	43 
1262	82 
1263	23 
1264	64 
1265	36 
1266	53 
1267	35 
1268	93 
1269	38 
1270	37 
1271	95 
1272	64 
1273	50 
1274	41 
1275	88 
1276	86 
1277	11 
1278	76 
1279	38 
1280	58 
1281	91 
1282	17 
1283	50 
1284	88 
1285	77 
1286	96 
1287	47 
1288	88 
1289	38 
1290	54 
1291	27 
1292	35 
1293	41 
1294	22 
1295	56 
1296	103 
1297	45 
1298	41 
1299	10 
1300	102 
1301	53 
1302	10 
1303	29 
1304	21 
1305	96 
1306	93 
1307	23 
1308	28 
1309	88 
1310	36 
1311	59 
1312	81 
1313	56 
1314	53 
1315	22 
1316	93 
1317	44 
1318	18 
1319	35 
1320	26 
1321	68 
1322	85 
1323	31 
1324	66 
1325	98 
1326	100 
1327	90 
1328	59 
1329	102 
1330	86 
1331	37 
1332	48 
1333	65 
1334	64 
1335	42 
1336	93 
1337	6 
1338	9 
1339	83 
1340	57 
1341	58 
1342	34 
1343	18 
1344	38 
1345	69 
1346	101 
1347	29 
1348	82 
1349	25 
1350	76 
1351	12 
1352	96 
1353	72 
1354	102 
1355	60 
1356	14 
1357	94 
1358	7 
1359	34 
1360	5 
1361	80 
1362	40 
1363	73 
1364	82 
1365	60 
1366	78 
1367	4 
1368	57 
1369	88 
1370	103 
1371	18 
1372	8 
1373	85 
1374	50 
1375	73 
1376	56 
1377	88 
1378	95 
1379	23 
1380	32 
1381	25 
1382	86 
1383	95 
1384	95 
1385	27 
1386	55 
1387	50 
1388	50 
1389	44 
1390	96 
1391	88 
1392	61 
1393	25 
1394	10 
1395	70 
1396	13 
1397	71 
1398	30 
1399	27 
1400	90 
1401	32 
1402	45 
1403	14 
1404	15 
1405	64 
1406	18 
1407	39 
1408	74 
1409	4 
1410	73 
1411	58 
1412	73 
1413	37 
1414	25 
1415	76 
1416	29 
1417	95 
1418	58 
1419	9 
1420	64 
1421	38 
1422	10 
1423	53 
1424	94 
1425	65 
1426	82 
1427	13 
1428	94 
1429	11 
1430	50 
1431	47 
1432	71 
1433	32 
1434	88 
1435	46 
1436	24 
1437	59 
1438	18 
1439	81 
1440	49 
1441	82 
1442	52 
1443	30 
1444	8 
1445	6 
1446	20 
1447	88 
1448	53 
1449	74 
1450	21 
1451	74 
1452	94 
1453	51 
1454	100 
1455	91 
1456	45 
1457	96 
1458	15 
1459	13 
1460	16 
1461	95 
1462	91 
1463	93 
1464	86 
1465	64 
1466	52 
1467	72 
1468	64 
1469	68 
1470	15 
1471	39 
1472	57 
1473	26 
1474	29 
1475	50 
1476	81 
1477	87 
1478	26 
1479	6 
1480	95 
1481	31 
1482	59 
1483	91 
1484	70 
1485	62 
1486	77 
1487	30 
1488	72 
1489	64 
1490	25 
1491	6 
1492	59 
1493	90 
1494	28 
1495	75 
1496	21 
1497	27 
1498	13 
1499	104 
1500	105 
1501	76 
1502	43 
1503	43 
1504	41 
1505	72 
1506	36 
1507	64 
1508	29 
1509	67 
1510	25 
1511	74 
1512	29 
1513	4 
1514	84 
1515	45 
1516	86 
1517	103 
1518	9 
1519	36 
1520	39 
1521	86 
1522	30 
1523	52 
1524	89 
1525	53 
1526	88 
1527	45 
1528	8 
1529	25 
1530	25 
1531	87 
1532	58 
1533	67 
1534	90 
1535	29 
1536	95 
1537	82 
1538	45 
1539	68 
1540	78 
1541	57 
1542	97 
1543	49 
1544	77 
1545	49 
1546	58 
1547	38 
1548	35 
1549	9 
1550	76 
1551	34 
1552	36 
1553	36 
1554	29 
1555	10 
1556	20 
1557	13 
1558	42 
1559	34 
1560	82 
1561	51 
1562	7 
1563	86 
1564	71 
1565	61 
1566	72 
1567	32 
1568	64 
1569	76 
1570	72 
1571	91 
1572	28 
1573	65 
1574	73 
1575	29 
1576	25 
1577	78 
1578	27 
1579	11 
1580	95 
1581	47 
1582	69 
1583	98 
1584	52 
1585	40 
1586	49 
1587	45 
1588	27 
1589	37 
1590	27 
1591	19 
1592	91 
1593	14 
1594	93 
1595	45 
1596	40 
1597	91 
1598	79 
1599	76 
1600	20 
1601	47 
1602	58 
1603	43 
1604	32 
1605	23 
1606	43 
1607	76 
1608	58 
1609	10 
1610	101 
1611	81 
1612	49 
1613	65 
1614	15 
1615	41 
1616	93 
1617	103 
1618	76 
1619	29 
1620	60 
1621	95 
1622	57 
1623	103 
1624	52 
1625	18 
1626	53 
1627	105 
1628	88 
1629	70 
1630	85 
1631	44 
1632	81 
1633	39 
1634	27 
1635	68 
1636	9 
1637	30 
1638	49 
1639	2 
1640	97 
1641	93 
1642	29 
1643	2 
1644	49 
1645	2 
1646	36 
1647	88 
1648	57 
1649	78 
1650	34 
1651	27 
1652	32 
1653	60 
1654	10 
1655	24 
1656	58 
1657	90 
1658	96 
1659	81 
1660	37 
1661	68 
1662	39 
1663	66 
1664	11 
1665	54 
1666	43 
1667	34 
1668	12 
1669	4 
1670	91 
1671	86 
1672	76 
1673	90 
1674	27 
1675	87 
1676	49 
1677	67 
1678	7 
1679	29 
1680	29 
1681	18 
1682	9 
1683	23 
1684	75 
1685	25 
1686	70 
1687	71 
1688	60 
1689	102 
1690	30 
1691	27 
1692	72 
1693	30 
1694	72 
1695	65 
1696	36 
1697	52 
1698	25 
1699	88 
1700	75 
1701	58 
1702	50 
1703	76 
1704	73 
1705	36 
1706	60 
1707	27 
1708	95 
1709	46 
1710	28 
1711	47 
1712	59 
1713	7 
1714	16 
1715	3 
1716	30 
1717	35 
1718	77 
1719	17 
1720	27 
1721	2 
1722	11 
1723	66 
1724	6 
1725	78 
1726	61 
1727	93 
1728	77 
1729	76 
1730	62 
1731	71 
1732	28 
1733	7 
1734	5 
1735	20 
1736	58 
1737	20 
1738	51 
1739	26 
1740	93 
1741	13 
1742	37 
1743	81 
1744	105 
1745	32 
1746	100 
1747	34 
1748	65 
1749	8 
1750	2 
1751	5 
1752	7 
1753	54 
1754	97 
1755	65 
1756	23 
1757	25 
1758	102 
1759	65 
1760	72 
1761	46 
1762	60 
1763	23 
1764	103 
1765	67 
1766	52 
1767	61 
1768	82 
1769	51 
1770	39 
1771	77 
1772	66 
1773	4 
1774	88 
1775	58 
1776	103 
1777	23 
1778	30 
1779	38 
1780	62 
1781	29 
1782	43 
1783	72 
1784	50 
1785	43 
1786	27 
1787	56 
1788	96 
1789	10 
1790	13 
1791	74 
1792	26 
1793	48 
1794	82 
1795	20 
1796	96 
1797	71 
1798	103 
1799	58 
1800	39 
1801	71 
1802	17 
1803	100 
1804	62 
1805	48 
1806	8 
1807	17 
1808	10 
1809	92 
1810	10 
1811	18 
1812	88 
1813	5 
1814	94 
1815	14 
1816	60 
1817	95 
1818	49 
1819	102 
1820	52 
1821	36 
1822	73 
1823	23 
1824	68 
1825	10 
1826	29 
1827	58 
1828	60 
1829	31 
1830	64 
1831	62 
1832	60 
1833	53 
1834	70 
1835	32 
1836	104 
1837	65 
1838	78 
1839	85 
1840	54 
1841	29 
1842	29 
1843	58 
1844	19 
1845	87 
1846	87 
1847	16 
1848	52 
1849	74 
1850	49 
1851	1 
1852	7 
1853	62 
1854	78 
1855	30 
1856	93 
1857	20 
1858	92 
1859	78 
1860	44 
1861	11 
1862	43 
1863	92 
1864	64 
1865	105 
1866	3 
1867	71 
1868	71 
1869	102 
1870	26 
1871	78 
1872	34 
1873	64 
1874	25 
1875	102 
1876	30 
1877	2 
1878	23 
1879	96 
1880	68 
1881	53 
1882	95 
1883	4 
1884	73 
1885	24 
1886	102 
1887	38 
1888	106 
1889	42 
1890	57 
1891	24 
1892	43 
1893	62 
1894	95 
1895	68 
1896	93 
1897	12 
1898	8 
1899	50 
1900	7 
1901	21 
1902	58 
1903	31 
1904	106 
1905	27 
1906	32 
1907	87 
1908	46 
1909	81 
1910	41 
1911	1 
1912	23 
1913	36 
1914	4 
1915	89 
1916	16 
1917	90 
1918	6 
1919	93 
1920	83 
1921	83 
1922	47 
1923	67 
1924	5 
1925	21 
1926	45 
1927	60 
1928	5 
1929	11 
1930	64 
1931	93 
1932	95 
1933	86 
1934	27 
1935	57 
1936	30 
1937	30 
1938	56 
1939	46 
1940	77 
1941	59 
1942	47 
1943	7 
1944	58 
1945	78 
1946	26 
1947	20 
1948	74 
1949	27 
1950	81 
1951	41 
1952	35 
1953	7 
1954	96 
1955	50 
1956	24 
1957	58 
1958	36 
1959	36 
1960	77 
1961	26 
1962	71 
1963	67 
1964	44 
1965	29 
1966	103 
1967	70 
1968	49 
1969	28 
1970	85 
1971	33 
1972	35 
1973	67 
1974	89 
1975	57 
1976	9 
1977	7 
1978	101 
1979	52 
1980	77 
1981	64 
1982	39 
1983	58 
1984	53 
1985	69 
1986	86 
1987	95 
1988	81 
1989	17 
1990	52 
1991	101 
1992	100 
1993	29 
1994	57 
1995	81 
1996	30 
1997	45 
1998	60 
1999	46 
2000	33 
2001	36 
2002	61 
2003	77 
2004	49 
2005	85 
2006	50 
2007	103 
2008	55 
2009	80 
2010	93 
2011	91 
2012	29 
2013	12 
2014	21 
2015	39 
2016	70 
2017	4 
2018	32 
2019	69 
2020	30 
2021	60 
2022	30 
2023	77 
2024	38 
2025	21 
2026	36 
2027	62 
2028	29 
2029	45 
2030	86 
2031	71 
2032	45 
2033	20 
2034	2 
2035	73 
2036	21 
2037	26 
2038	2 
2039	84 
2040	105 
2041	43 
2042	93 
2043	59 
2044	30 
2045	72 
2046	52 
2047	46 
2048	4 
2049	51 
2050	6 
2051	21 
2052	24 
2053	88 
2054	86 
2055	43 
2056	103 
2057	83 
2058	53 
2059	36 
2060	53 
2061	77 
2062	36 
2063	74 
2064	99 
2065	43 
2066	41 
2067	36 
2068	93 
2069	101 
2070	45 
2071	20 
2072	52 
2073	2 
2074	93 
2075	7 
2076	99 
2077	29 
2078	68 
2079	90 
2080	106 
2081	52 
2082	82 
2083	34 
2084	101 
2085	36 
2086	85 
2087	100 
2088	65 
2089	18 
2090	42 
2091	15 
2092	42 
2093	82 
2094	58 
2095	83 
2096	47 
2097	104 
2098	49 
2099	32 
2100	36 
2101	50 
2102	14 
2103	49 
2104	95 
2105	8 
2106	73 
2107	38 
2108	94 
2109	88 
2110	106 
2111	85 
2112	17 
2113	103 
2114	71 
2115	51 
2116	63 
2117	68 
2118	35 
2119	86 
2120	37 
2121	27 
2122	30 
2123	61 
2124	23 
2125	52 
2126	36 
2127	34 
2128	1 
2129	52 
2130	44 
2131	27 
2132	5 
2133	17 
2134	20 
2135	11 
2136	37 
2137	5 
2138	27 
2139	25 
2140	18 
2141	44 
2142	62 
2143	17 
2144	20 
2145	43 
2146	79 
2147	28 
2148	72 
2149	29 
2150	26 
2151	29 
2152	71 
2153	106 
2154	78 
2155	43 
2156	36 
2157	96 
2158	96 
2159	51 
2160	19 
2161	94 
2162	13 
2163	48 
2164	99 
2165	8 
2166	32 
2167	7 
2168	22 
2169	100 
2170	29 
2171	77 
2172	13 
2173	30 
2174	82 
2175	95 
2176	69 
2177	22 
2178	29 
2179	98 
2180	64 
2181	52 
2182	36 
2183	93 
2184	58 
2185	94 
2186	47 
2187	44 
2188	93 
2189	3 
2190	58 
2191	93 
2192	94 
2193	21 
2194	35 
2195	77 
2196	19 
2197	84 
2198	9 
2199	53 
2200	68 
2201	85 
2202	23 
2203	106 
2204	56 
2205	67 
2206	42 
2207	96 
2208	65 
2209	53 
2210	10 
2211	85 
2212	37 
2213	62 
2214	93 
2215	102 
2216	4 
2217	73 
2218	97 
2219	58 
2220	33 
2221	95 
2222	85 
2223	58 
2224	30 
2225	102 
2226	95 
2227	2 
2228	64 
2229	88 
2230	58 
2231	4 
2232	93 
2233	26 
2234	31 
2235	11 
2236	103 
2237	35 
2238	17 
2239	60 
2240	13 
2241	43 
2242	90 
2243	28 
2244	38 
2245	85 
2246	93 
2247	52 
2248	80 
2249	23 
2250	103 
2251	86 
2252	64 
2253	39 
2254	65 
2255	105 
2256	63 
2257	88 
2258	103 
2259	13 
2260	104 
2261	57 
2262	95 
2263	35 
2264	58 
2265	58 
2266	86 
2267	15 
2268	27 
2269	103 
2270	47 
2271	60 
2272	27 
2273	7 
2274	90 
2275	90 
2276	87 
2277	29 
2278	25 
2279	26 
2280	93 
2281	62 
2282	53 
2283	29 
2284	45 
2285	81 
2286	81 
2287	90 
2288	93 
2289	12 
2290	57 
2291	5 
2292	5 
2293	96 
2294	63 
2295	103 
2296	97 
2297	60 
2298	94 
2299	23 
2300	57 
2301	100 
2302	77 
2303	34 
2304	11 
2305	17 
2306	8 
2307	70 
2308	48 
2309	95 
2310	5 
2311	64 
2312	11 
2313	75 
2314	103 
2315	54 
2316	3 
2317	5 
2318	25 
2319	8 
2320	96 
2321	84 
2322	100 
2323	57 
2324	45 
2325	7 
2326	10 
2327	34 
2328	7 
2329	76 
2330	103 
2331	95 
2332	5 
2333	30 
2334	88 
2335	52 
2336	58 
2337	88 
2338	36 
2339	10 
2340	63 
2341	39 
2342	43 
2343	26 
2344	35 
2345	86 
2346	76 
2347	11 
2348	10 
2349	46 
2350	81 
2351	93 
2352	23 
2353	98 
2354	86 
2355	12 
2356	49 
2357	104 
2358	55 
2359	49 
2360	2 
2361	27 
2362	74 
2363	21 
2364	36 
2365	62 
2366	72 
2367	94 
2368	30 
2369	88 
2370	12 
2371	96 
2372	7 
2373	29 
2374	32 
2375	42 
2376	42 
2377	90 
2378	20 
2379	49 
2380	27 
2381	37 
2382	65 
2383	95 
2384	80 
2385	85 
2386	49 
2387	54 
2388	48 
2389	27 
2390	97 
2391	14 
2392	11 
2393	82 
2394	104 
2395	95 
2396	58 
2397	17 
2398	10 
2399	88 
2400	21 
2401	106 
2402	91 
2403	7 
2404	43 
2405	91 
2406	17 
2407	45 
2408	65 
2409	85 
2410	73 
2411	7 
2412	6 
2413	32 
2414	25 
2415	87 
2416	19 
2417	73 
2418	94 
2419	76 
2420	58 
2421	81 
2422	27 
2423	26 
2424	77 
2425	46 
2426	18 
2427	12 
2428	40 
2429	13 
2430	10 
2431	18 
2432	60 
2433	78 
2434	72 
2435	52 
2436	58 
2437	42 
2438	94 
2439	90 
2440	48 
2441	52 
2442	68 
2443	28 
2444	33 
2445	39 
2446	52 
2447	54 
2448	84 
2449	2 
2450	83 
2451	48 
2452	36 
2453	105 
2454	83 
2455	39 
2456	94 
2457	41 
2458	85 
2459	97 
2460	18 
2461	18 
2462	1 
2463	83 
2464	21 
2465	30 
2466	41 
2467	25 
2468	57 
2469	103 
2470	34 
2471	90 
2472	7 
2473	40 
2474	87 
2475	80 
2476	12 
2477	29 
2478	64 
2479	12 
2480	5 
2481	56 
2482	42 
2483	72 
2484	29 
2485	64 
2486	102 
2487	64 
2488	82 
2489	40 
2490	65 
2491	79 
2492	89 
2493	46 
2494	77 
2495	4 
2496	100 
2497	95 
2498	21 
2499	79 
2500	58 
2501	43 
2502	32 
2503	4 
2504	4 
2505	62 
2506	88 
2507	88 
2508	17 
2509	37 
2510	55 
2511	99 
2512	96 
2513	51 
2514	18 
2515	30 
2516	103 
2517	40 
2518	31 
2519	56 
2520	100 
2521	52 
2522	54 
2523	12 
2524	82 
2525	37 
2526	100 
2527	88 
2528	80 
2529	95 
2530	98 
2531	102 
2532	45 
2533	88 
2534	94 
2535	63 
2536	87 
2537	76 
2538	49 
2539	27 
2540	9 
2541	60 
2542	60 
2543	103 
2544	88 
2545	97 
2546	105 
2547	95 
2548	19 
2549	106 
2550	25 
2551	23 
2552	23 
2553	28 
2554	99 
2555	21 
2556	65 
2557	52 
2558	29 
2559	34 
2560	9 
2561	32 
2562	28 
2563	74 
2564	41 
2565	27 
2566	35 
2567	30 
2568	92 
2569	9 
2570	26 
2571	57 
2572	7 
2573	50 
2574	11 
2575	29 
2576	74 
2577	44 
2578	67 
2579	101 
2580	41 
2581	26 
2582	25 
2583	64 
2584	51 
2585	27 
2586	3 
2587	23 
2588	75 
2589	30 
2590	98 
2591	60 
2592	64 
2593	96 
2594	23 
2595	4 
2596	88 
2597	95 
2598	10 
2599	54 
2600	7 
2601	100 
2602	7 
2603	57 
2604	64 
2605	88 
2606	85 
2607	93 
2608	81 
2609	84 
2610	11 
2611	95 
2612	81 
2613	70 
2614	37 
2615	36 
2616	87 
2617	99 
2618	101 
2619	95 
2620	19 
2621	94 
2622	29 
2623	57 
2624	88 
2625	83 
2626	20 
2627	104 
2628	103 
2629	87 
2630	40 
2631	106 
2632	14 
2633	56 
2634	50 
2635	64 
2636	90 
2637	38 
2638	84 
2639	64 
2640	87 
2641	81 
2642	34 
2643	86 
2644	11 
2645	9 
2646	68 
2647	52 
2648	60 
2649	25 
2650	44 
2651	51 
2652	34 
2653	52 
2654	85 
2655	95 
2656	34 
2657	76 
2658	27 
2659	2 
2660	47 
2661	78 
2662	68 
2663	36 
2664	95 
2665	79 
2666	49 
2667	99 
2668	100 
2669	4 
2670	53 
2671	82 
2672	43 
2673	92 
2674	16 
2675	88 
2676	1 
2677	93 
2678	28 
2679	57 
2680	65 
2681	106 
2682	52 
2683	15 
2684	17 
2685	30 
2686	2 
2687	53 
2688	78 
2689	98 
2690	13 
2691	40 
2692	68 
2693	61 
2694	81 
2695	10 
2696	25 
2697	103 
2698	15 
2699	69 
2700	88 
2701	7 
2702	2 
2703	58 
2704	43 
2705	104 
2706	18 
2707	5 
2708	80 
2709	77 
2710	13 
2711	96 
2712	61 
2713	17 
2714	64 
2715	7 
2716	29 
2717	47 
2718	88 
2719	21 
2720	8 
2721	20 
2722	38 
2723	67 
2724	90 
2725	46 
2726	82 
2727	57 
2728	71 
2729	93 
2730	13 
2731	83 
2732	38 
2733	44 
2734	37 
2735	71 
2736	13 
2737	19 
2738	78 
2739	36 
2740	64 
2741	87 
2742	26 
2743	32 
2744	45 
2745	32 
2746	1 
2747	52 
2748	88 
2749	66 
2750	90 
2751	25 
2752	91 
2753	25 
2754	49 
2755	103 
2756	53 
2757	26 
2758	14 
2759	28 
2760	88 
2761	24 
2762	38 
2763	32 
2764	7 
2765	64 
2766	76 
2767	64 
2768	54 
2769	42 
2770	62 
2771	93 
2772	71 
2773	59 
2774	42 
2775	37 
2776	13 
2777	42 
2778	32 
2779	90 
2780	96 
2781	44 
2782	65 
2783	65 
2784	43 
2785	80 
2786	1 
2787	67 
2788	27 
2789	71 
2790	85 
2791	95 
2792	17 
2793	10 
2794	41 
2795	29 
2796	78 
2797	39 
2798	34 
2799	35 
2800	75 
2801	1 
2802	28 
2803	36 
2804	70 
2805	2 
2806	76 
2807	44 
2808	12 
2809	104 
2810	15 
2811	94 
2812	71 
2813	52 
2814	61 
2815	29 
2816	28 
2817	25 
2818	27 
2819	97 
2820	34 
2821	65 
2822	60 
2823	37 
2824	57 
2825	20 
2826	98 
2827	12 
2828	26 
2829	93 
2830	59 
2831	50 
2832	16 
2833	74 
2834	18 
2835	60 
2836	19 
2837	73 
2838	13 
2839	58 
2840	28 
2841	81 
2842	76 
2843	88 
2844	71 
2845	57 
2846	102 
2847	100 
2848	26 
2849	26 
2850	101 
2851	7 
2852	78 
2853	77 
2854	32 
2855	21 
2856	63 
2857	88 
2858	2 
2859	36 
2860	19 
2861	52 
2862	56 
2863	65 
2864	53 
2865	19 
2866	7 
2867	5 
2868	9 
2869	65 
2870	20 
2871	65 
2872	36 
2873	90 
2874	105 
2875	20 
2876	68 
2877	11 
2878	47 
2879	49 
2880	43 
2881	103 
2882	103 
2883	26 
2884	88 
2885	25 
2886	18 
2887	53 
2888	8 
2889	39 
2890	90 
2891	2 
2892	13 
2893	27 
2894	65 
2895	52 
2896	49 
2897	50 
2898	72 
2899	93 
2900	84 
2901	28 
2902	94 
2903	64 
2904	78 
2905	49 
2906	2 
2907	21 
2908	23 
2909	91 
2910	28 
2911	85 
2912	89 
2913	18 
2914	96 
2915	29 
2916	76 
2917	65 
2918	60 
2919	50 
2920	85 
2921	9 
2922	16 
2923	45 
2924	88 
2925	52 
2926	64 
2927	94 
2928	21 
2929	93 
2930	19 
2931	26 
2932	24 
2933	37 
2934	102 
2935	95 
2936	60 
2937	30 
2938	58 
2939	75 
2940	33 
2941	83 
2942	57 
2943	94 
2944	21 
2945	26 
2946	10 
2947	65 
2948	37 
2949	20 
2950	43 
2951	61 
2952	52 
2953	65 
2954	4 
2955	94 
2956	52 
2957	34 
2958	74 
2959	27 
2960	28 
2961	86 
2962	70 
2963	17 
2964	56 
2965	55 
2966	39 
2967	9 
2968	95 
2969	67 
2970	102 
2971	54 
2972	27 
2973	41 
2974	89 
2975	93 
2976	74 
2977	71 
2978	67 
2979	50 
2980	32 
2981	73 
2982	43 
2983	70 
2984	18 
2985	57 
2986	49 
2987	82 
2988	18 
2989	43 
2990	50 
2991	7 
2992	1 
2993	39 
2994	7 
2995	22 
2996	85 
2997	34 
2998	51 
2999	77 
3000	25 
3001	89 
3002	65 
3003	12 
3004	13 
3005	91 
3006	103 
3007	53 
3008	99 
3009	73 
3010	37 
3011	102 
3012	74 
3013	71 
3014	95 
3015	13 
3016	69 
3017	47 
3018	65 
3019	32 
3020	11 
3021	65 
3022	1 
3023	10 
3024	20 
3025	32 
3026	51 
3027	53 
3028	23 
3029	13 
3030	36 
3031	79 
3032	81 
3033	10 
3034	95 
3035	81 
3036	19 
3037	18 
3038	42 
3039	28 
3040	89 
3041	8 
3042	80 
3043	31 
3044	7 
3045	7 
3046	103 
3047	80 
3048	35 
3049	94 
3050	74 
3051	33 
3052	18 
3053	80 
3054	93 
3055	90 
3056	26 
3057	57 
3058	103 
3059	106 
3060	97 
3061	94 
3062	93 
3063	77 
3064	34 
3065	29 
3066	26 
3067	34 
3068	47 
3069	88 
3070	47 
3071	8 
3072	29 
3073	81 
3074	49 
3075	9 
3076	38 
3077	24 
3078	81 
3079	95 
3080	81 
3081	96 
3082	76 
3083	88 
3084	46 
3085	25 
3086	57 
3087	70 
3088	53 
3089	20 
3090	8 
3091	77 
3092	101 
3093	10 
3094	2 
3095	37 
3096	26 
3097	103 
3098	8 
3099	67 
3100	96 
3101	8 
3102	25 
3103	89 
3104	46 
3105	76 
3106	32 
3107	42 
3108	4 
3109	18 
3110	64 
3111	28 
3112	18 
3113	65 
3114	81 
3115	2 
3116	13 
3117	60 
3118	58 
3119	5 
3120	56 
3121	57 
3122	77 
3123	34 
3124	65 
3125	80 
3126	49 
3127	19 
3128	97 
3129	67 
3130	23 
3131	24 
3132	37 
3133	32 
3134	3 
3135	22 
3136	43 
3137	25 
3138	9 
3139	61 
3140	50 
3141	79 
3142	102 
3143	76 
3144	104 
3145	72 
3146	18 
3147	76 
3148	58 
3149	69 
3150	58 
3151	101 
3152	96 
3153	47 
3154	92 
3155	35 
3156	96 
3157	59 
3158	45 
3159	76 
3160	19 
3161	65 
3162	18 
3163	5 
3164	81 
3165	100 
3166	39 
3167	46 
3168	68 
3169	53 
3170	49 
3171	53 
3172	13 
3173	103 
3174	17 
3175	39 
3176	38 
3177	26 
3178	30 
3179	93 
3180	10 
3181	27 
3182	36 
3183	6 
3184	68 
3185	92 
3186	50 
3187	50 
3188	39 
3189	16 
3190	94 
3191	68 
3192	19 
3193	17 
3194	43 
3195	93 
3196	54 
3197	80 
3198	102 
3199	4 
3200	95 
3201	13 
3202	8 
3203	26 
3204	49 
3205	32 
3206	39 
3207	58 
3208	35 
3209	39 
3210	76 
3211	78 
3212	35 
3213	22 
3214	14 
3215	93 
3216	31 
3217	103 
3218	89 
3219	67 
3220	7 
3221	65 
3222	8 
3223	9 
3224	10 
3225	44 
3226	17 
3227	25 
3228	23 
3229	57 
3230	77 
3231	8 
3232	64 
3233	51 
3234	103 
3235	57 
3236	5 
3237	95 
3238	93 
3239	22 
3240	76 
3241	30 
3242	88 
3243	61 
3244	28 
3245	81 
3246	7 
3247	92 
3248	68 
3249	6 
3250	48 
3251	49 
3252	45 
3253	13 
3254	75 
3255	89 
3256	52 
3257	34 
3258	43 
3259	37 
3260	18 
3261	103 
3262	58 
3263	67 
3264	29 
3265	11 
3266	68 
3267	24 
3268	14 
3269	16 
3270	13 
3271	60 
3272	16 
3273	13 
3274	56 
3275	76 
3276	85 
3277	39 
3278	30 
3279	102 
3280	82 
3281	29 
3282	27 
3283	62 
3284	84 
3285	76 
3286	20 
3287	94 
3288	17 
3289	49 
3290	7 
3291	43 
3292	40 
3293	94 
3294	31 
3295	13 
3296	98 
3297	78 
3298	97 
3299	3 
3300	64 
3301	86 
3302	66 
3303	75 
3304	71 
3305	23 
3306	49 
3307	76 
3308	26 
3309	7 
3310	58 
3311	38 
3312	68 
3313	23 
3314	14 
3315	93 
3316	100 
3317	40 
3318	4 
3319	28 
3320	71 
3321	39 
3322	2 
3323	55 
3324	38 
3325	101 
3326	85 
3327	25 
3328	2 
3329	69 
3330	94 
3331	66 
3332	54 
3333	100 
3334	23 
3335	27 
3336	15 
3337	69 
3338	28 
3339	4 
3340	88 
3341	39 
3342	58 
3343	53 
3344	74 
3345	18 
3346	3 
3347	97 
3348	27 
3349	99 
3350	42 
3351	100 
3352	47 
3353	43 
3354	8 
3355	72 
3356	39 
3357	7 
3358	26 
3359	81 
3360	34 
3361	47 
3362	52 
3363	15 
3364	93 
3365	39 
3366	48 
3367	36 
3368	73 
3369	23 
3370	36 
3371	76 
3372	7 
3373	9 
3374	39 
3375	85 
3376	94 
3377	39 
3378	65 
3379	56 
3380	5 
3381	82 
3382	23 
3383	81 
3384	39 
3385	62 
3386	78 
3387	13 
3388	64 
3389	95 
3390	26 
3391	37 
3392	73 
3393	57 
3394	96 
3395	65 
3396	88 
3397	105 
3398	57 
3399	72 
3400	49 
3401	60 
3402	50 
3403	96 
3404	46 
3405	93 
3406	77 
3407	88 
3408	93 
3409	63 
3410	52 
3411	89 
3412	49 
3413	70 
3414	23 
3415	90 
3416	81 
3417	89 
3418	106 
3419	20 
3420	12 
3421	58 
3422	76 
3423	29 
3424	43 
3425	27 
3426	77 
3427	1 
3428	22 
3429	30 
3430	4 
3431	58 
3432	64 
3433	89 
3434	73 
3435	39 
3436	43 
3437	31 
3438	28 
3439	54 
3440	54 
3441	68 
3442	6 
3443	88 
3444	16 
3445	10 
3446	53 
3447	93 
3448	35 
3449	89 
3450	72 
3451	27 
3452	71 
3453	85 
3454	93 
3455	94 
3456	88 
3457	51 
3458	72 
3459	102 
3460	15 
3461	94 
3462	58 
3463	61 
3464	31 
3465	2 
3466	25 
3467	18 
3468	15 
3469	76 
3470	88 
3471	85 
3472	12 
3473	32 
3474	43 
3475	58 
3476	29 
3477	10 
3478	83 
3479	54 
3480	93 
3481	53 
3482	55 
3483	39 
3484	30 
3485	26 
3486	7 
3487	98 
3488	89 
3489	46 
3490	94 
3491	22 
3492	102 
3493	98 
3494	19 
3495	93 
3496	27 
3497	96 
3498	26 
3499	17 
3500	76 
3501	73 
3502	39 
3503	53 
3504	52 
3505	99 
3506	94 
3507	36 
3508	70 
3509	4 
3510	67 
3511	102 
3512	35 
3513	31 
3514	68 
3515	13 
3516	13 
3517	72 
3518	61 
3519	95 
3520	4 
3521	37 
3522	4 
3523	49 
3524	88 
3525	28 
3526	99 
3527	102 
3528	58 
3529	68 
3530	47 
3531	75 
3532	18 
3533	65 
3534	64 
3535	58 
3536	40 
3537	69 
3538	11 
3539	28 
3540	52 
3541	4 
3542	35 
3543	104 
3544	5 
3545	18 
3546	60 
3547	29 
3548	73 
3549	71 
3550	22 
3551	36 
3552	1 
3553	93 
3554	60 
3555	59 
3556	22 
3557	58 
3558	71 
3559	64 
3560	56 
3561	92 
3562	26 
3563	35 
3564	12 
3565	28 
3566	62 
3567	102 
3568	23 
3569	2 
3570	23 
3571	98 
3572	10 
3573	36 
3574	49 
3575	80 
3576	25 
3577	76 
3578	82 
3579	29 
3580	12 
3581	52 
3582	25 
3583	94 
3584	71 
3585	20 
3586	92 
3587	85 
3588	77 
3589	102 
3590	82 
3591	23 
3592	29 
3593	76 
3594	93 
3595	96 
3596	32 
3597	97 
3598	30 
3599	67 
3600	49 
3601	96 
3602	65 
3603	11 
3604	23 
3605	17 
3606	100 
3607	39 
3608	106 
3609	96 
3610	68 
3611	53 
3612	81 
3613	39 
3614	82 
3615	57 
3616	23 
3617	53 
3618	23 
3619	62 
3620	88 
3621	92 
3622	76 
3623	15 
3624	57 
3625	27 
3626	87 
3627	64 
3628	38 
3629	11 
3630	75 
3631	76 
3632	38 
3633	90 
3634	20 
3635	39 
3636	83 
3637	82 
3638	74 
3639	20 
3640	20 
3641	9 
3642	94 
3643	105 
3644	1 
3645	33 
3646	82 
3647	81 
3648	33 
3649	28 
3650	68 
3651	100 
3652	79 
3653	8 
3654	75 
3655	93 
3656	28 
3657	61 
3658	50 
3659	78 
3660	52 
3661	94 
3662	64 
3663	11 
3664	87 
3665	69 
3666	92 
3667	52 
3668	11 
3669	49 
3670	47 
3671	61 
3672	104 
3673	39 
3674	60 
3675	48 
3676	16 
3677	28 
3678	33 
3679	35 
3680	73 
3681	28 
3682	64 
3683	104 
3684	87 
3685	90 
3686	18 
3687	102 
3688	5 
3689	72 
3690	90 
3691	27 
3692	78 
3693	52 
3694	45 
3695	88 
3696	102 
3697	81 
3698	65 
3699	30 
3700	36 
3701	4 
3702	53 
3703	52 
3704	24 
3705	64 
3706	26 
3707	64 
3708	101 
3709	49 
3710	105 
3711	37 
3712	78 
3713	7 
3714	95 
3715	42 
3716	65 
3717	20 
3718	60 
3719	96 
3720	27 
3721	40 
3722	36 
3723	58 
3724	95 
3725	23 
3726	73 
3727	84 
3728	96 
3729	50 
3730	74 
3731	55 
3732	94 
3733	36 
3734	68 
3735	95 
3736	97 
3737	62 
3738	49 
3739	76 
3740	94 
3741	17 
3742	88 
3743	50 
3744	34 
3745	85 
3746	10 
3747	67 
3748	62 
3749	68 
3750	73 
3751	62 
3752	94 
3753	26 
3754	61 
3755	78 
3756	102 
3757	46 
3758	58 
3759	96 
3760	82 
3761	10 
3762	96 
3763	69 
3764	39 
3765	53 
3766	33 
3767	8 
3768	81 
3769	65 
3770	36 
3771	104 
3772	64 
3773	58 
3774	11 
3775	2 
3776	70 
3777	23 
3778	64 
3779	102 
3780	68 
3781	26 
3782	9 
3783	103 
3784	95 
3785	64 
3786	19 
3787	99 
3788	64 
3789	93 
3790	65 
3791	72 
3792	70 
3793	35 
3794	27 
3795	13 
3796	12 
3797	53 
3798	85 
3799	2 
3800	8 
3801	7 
3802	77 
3803	68 
3804	36 
3805	39 
3806	83 
3807	12 
3808	103 
3809	93 
3810	90 
3811	50 
3812	91 
3813	70 
3814	49 
3815	21 
3816	64 
3817	31 
3818	8 
3819	72 
3820	104 
3821	63 
3822	88 
3823	28 
3824	64 
3825	57 
3826	7 
3827	57 
3828	39 
3829	28 
3830	18 
3831	57 
3832	74 
3833	94 
3834	8 
3835	5 
3836	18 
3837	41 
3838	56 
3839	43 
3840	2 
3841	50 
3842	93 
3843	50 
3844	92 
3845	36 
3846	27 
3847	60 
3848	21 
3849	10 
3850	79 
3851	44 
3852	94 
3853	81 
3854	59 
3855	4 
3856	105 
3857	96 
3858	68 
3859	28 
3860	45 
3861	46 
3862	106 
3863	85 
3864	73 
3865	52 
3866	27 
3867	14 
3868	74 
3869	95 
3870	91 
3871	36 
3872	72 
3873	103 
3874	50 
3875	50 
3876	25 
3877	28 
3878	73 
3879	70 
3880	101 
3881	28 
3882	43 
3883	18 
3884	50 
3885	79 
3886	78 
3887	43 
3888	2 
3889	91 
3890	57 
3891	84 
3892	95 
3893	76 
3894	103 
3895	18 
3896	91 
3897	65 
3898	29 
3899	65 
3900	88 
3901	16 
3902	26 
3903	76 
3904	88 
3905	18 
3906	83 
3907	27 
3908	48 
3909	71 
3910	85 
3911	105 
3912	23 
3913	26 
3914	29 
3915	88 
3916	34 
3917	18 
3918	74 
3919	77 
3920	60 
3921	6 
3922	45 
3923	68 
3924	88 
3925	97 
3926	88 
3927	5 
3928	85 
3929	36 
3930	11 
3931	18 
3932	96 
3933	36 
3934	47 
3935	5 
3936	88 
3937	36 
3938	56 
3939	58 
3940	95 
3941	68 
3942	53 
3943	27 
3944	35 
3945	21 
3946	26 
3947	53 
3948	73 
3949	64 
3950	13 
3951	50 
3952	55 
3953	93 
3954	16 
3955	95 
3956	13 
3957	35 
3958	66 
3959	36 
3960	99 
3961	74 
3962	9 
3963	23 
3964	28 
3965	10 
3966	89 
3967	20 
3968	28 
3969	73 
3970	7 
3971	22 
3972	80 
3973	48 
3974	26 
3975	71 
3976	73 
3977	2 
3978	100 
3979	43 
3980	85 
3981	23 
3982	78 
3983	82 
3984	102 
3985	41 
3986	42 
3987	52 
3988	7 
3989	68 
3990	94 
3991	64 
3992	47 
3993	37 
3994	7 
3995	33 
3996	14 
3997	97 
3998	7 
3999	72 
4000	45 
4001	28 
4002	36 
4003	36 
4004	37 
4005	56 
4006	44 
4007	91 
4008	92 
4009	102 
4010	21 
4011	11 
4012	73 
4013	95 
4014	32 
4015	46 
4016	76 
4017	72 
4018	95 
4019	44 
4020	20 
4021	36 
4022	10 
4023	41 
4024	57 
4025	33 
4026	15 
4027	26 
4028	95 
4029	54 
4030	35 
4031	7 
4032	19 
4033	72 
4034	34 
4035	76 
4036	75 
4037	39 
4038	2 
4039	80 
4040	47 
4041	15 
4042	33 
4043	27 
4044	42 
4045	93 
4046	59 
4047	100 
4048	58 
4049	43 
4050	18 
4051	94 
4052	90 
4053	95 
4054	41 
4055	65 
4056	23 
4057	20 
4058	73 
4059	10 
4060	50 
4061	27 
4062	95 
4063	10 
4064	56 
4065	73 
4066	58 
4067	32 
4068	106 
4069	64 
4070	25 
4071	7 
4072	90 
4073	45 
4074	72 
4075	60 
4076	17 
4077	35 
4078	72 
4079	49 
4080	96 
4081	58 
4082	50 
4083	64 
4084	34 
4085	29 
4086	26 
4087	49 
4088	53 
4089	68 
4090	37 
4091	60 
4092	66 
4093	45 
4094	94 
4095	97 
4096	7 
4097	70 
4098	23 
4099	65 
4100	9 
4101	62 
4102	32 
4103	76 
4104	69 
4105	34 
4106	62 
4107	93 
4108	17 
4109	54 
4110	81 
4111	45 
4112	69 
4113	5 
4114	26 
4115	73 
4116	52 
4117	79 
4118	38 
4119	64 
4120	26 
4121	3 
4122	67 
4123	21 
4124	50 
4125	45 
4126	42 
4127	102 
4128	45 
4129	29 
4130	13 
4131	58 
4132	95 
4133	31 
4134	4 
4135	3 
4136	84 
4137	29 
4138	74 
4139	23 
4140	30 
4141	90 
4142	55 
4143	88 
4144	9 
4145	27 
4146	12 
4147	20 
4148	58 
4149	6 
4150	84 
4151	59 
4152	57 
4153	17 
4154	4 
4155	60 
4156	90 
4157	103 
4158	27 
4159	33 
4160	14 
4161	81 
4162	13 
4163	23 
4164	93 
4165	40 
4166	88 
4167	25 
4168	44 
4169	84 
4170	50 
4171	103 
4172	106 
4173	76 
4174	53 
4175	79 
4176	36 
4177	94 
4178	57 
4179	103 
4180	57 
4181	102 
4182	68 
4183	34 
4184	55 
4185	20 
4186	52 
4187	72 
4188	56 
4189	43 
4190	53 
4191	37 
4192	12 
4193	29 
4194	38 
4195	17 
4196	62 
4197	19 
4198	93 
4199	13 
4200	93 
4201	39 
4202	50 
4203	101 
4204	93 
4205	53 
4206	53 
4207	26 
4208	27 
4209	58 
4210	45 
4211	102 
4212	93 
4213	95 
4214	36 
4215	13 
4216	93 
4217	103 
4218	45 
4219	28 
4220	43 
4221	65 
4222	31 
4223	66 
4224	43 
4225	9 
4226	40 
4227	32 
4228	90 
4229	26 
4230	20 
4231	32 
4232	50 
4233	90 
4234	8 
4235	7 
4236	82 
4237	87 
4238	42 
4239	8 
4240	58 
4241	9 
4242	11 
4243	58 
4244	38 
4245	75 
4246	76 
4247	9 
4248	60 
4249	52 
4250	103 
4251	93 
4252	17 
4253	21 
4254	59 
4255	2 
4256	102 
4257	41 
4258	27 
4259	81 
4260	18 
4261	23 
4262	4 
4263	85 
4264	72 
4265	34 
4266	28 
4267	42 
4268	9 
4269	43 
4270	43 
4271	95 
4272	75 
4273	29 
4274	62 
4275	62 
4276	24 
4277	11 
4278	84 
4279	47 
4280	41 
4281	97 
4282	23 
4283	86 
4284	97 
4285	63 
4286	26 
4287	10 
4288	43 
4289	99 
4290	71 
4291	95 
4292	58 
4293	94 
4294	19 
4295	32 
4296	28 
4297	77 
4298	43 
4299	85 
4300	70 
4301	85 
4302	65 
4303	7 
4304	13 
4305	73 
4306	34 
4307	7 
4308	78 
4309	66 
4310	35 
4311	37 
4312	81 
4313	27 
4314	50 
4315	102 
4316	26 
4317	5 
4318	12 
4319	38 
4320	101 
4321	65 
4322	85 
4323	83 
4324	13 
4325	74 
4326	60 
4327	28 
4328	10 
4329	4 
4330	71 
4331	16 
4332	11 
4333	94 
4334	86 
4335	44 
4336	49 
4337	90 
4338	51 
4339	92 
4340	33 
4341	26 
4342	28 
4343	11 
4344	7 
4345	73 
4346	49 
4347	41 
4348	99 
4349	12 
4350	60 
4351	18 
4352	8 
4353	52 
4354	27 
4355	26 
4356	76 
4357	94 
4358	42 
4359	49 
4360	20 
4361	15 
4362	60 
4363	88 
4364	105 
4365	81 
4366	98 
4367	16 
4368	52 
4369	11 
4370	34 
4371	82 
4372	50 
4373	11 
4374	58 
4375	76 
4376	39 
4377	42 
4378	105 
4379	30 
4380	13 
4381	73 
4382	35 
4383	41 
4384	26 
4385	47 
4386	43 
4387	102 
4388	21 
4389	96 
4390	52 
4391	95 
4392	11 
4393	66 
4394	65 
4395	71 
4396	81 
4397	72 
4398	25 
4399	36 
4400	91 
4401	96 
4402	88 
4403	49 
4404	64 
4405	20 
4406	76 
4407	26 
4408	52 
4409	82 
4410	47 
4411	27 
4412	63 
4413	76 
4414	37 
4415	58 
4416	9 
4417	32 
4418	49 
4419	25 
4420	46 
4421	93 
4422	83 
4423	32 
4424	99 
4425	94 
4426	29 
4427	42 
4428	25 
4429	95 
4430	23 
4431	88 
4432	21 
4433	36 
4434	32 
4435	11 
4436	71 
4437	44 
4438	12 
4439	88 
4440	32 
4441	48 
4442	43 
4443	70 
4444	42 
4445	9 
4446	22 
4447	9 
4448	5 
4449	16 
4450	56 
4451	33 
4452	79 
4453	80 
4454	43 
4455	93 
4456	73 
4457	75 
4458	58 
4459	24 
4460	90 
4461	78 
4462	51 
4463	53 
4464	94 
4465	43 
4466	99 
4467	59 
4468	94 
4469	81 
4470	81 
4471	34 
4472	3 
4473	93 
4474	64 
4475	26 
4476	13 
4477	94 
4478	95 
4479	71 
4480	11 
4481	97 
4482	99 
4483	102 
4484	96 
4485	3 
4486	77 
4487	10 
4488	14 
4489	36 
4490	64 
4491	100 
4492	85 
4493	7 
4494	80 
4495	24 
4496	13 
4497	58 
4498	13 
4499	82 
4500	43 
4501	82 
4502	80 
4503	87 
4504	88 
4505	40 
4506	48 
4507	43 
4508	31 
4509	60 
4510	23 
4511	95 
4512	63 
4513	66 
4514	91 
4515	43 
4516	20 
4517	31 
4518	45 
4519	68 
4520	54 
4521	54 
4522	71 
4523	72 
4524	14 
4525	88 
4526	88 
4527	91 
4528	56 
4529	78 
4530	20 
4531	77 
4532	49 
4533	106 
4534	63 
4535	26 
4536	44 
4537	23 
4538	26 
4539	57 
4540	95 
4541	10 
4542	102 
4543	56 
4544	47 
4545	20 
4546	47 
4547	6 
4548	23 
4549	52 
4550	63 
4551	7 
4552	79 
4553	32 
4554	85 
4555	65 
4556	26 
4557	103 
4558	21 
4559	81 
4560	9 
4561	57 
4562	78 
4563	64 
4564	77 
4565	34 
4566	11 
4567	20 
4568	15 
4569	106 
4570	70 
4571	66 
4572	95 
4573	93 
4574	45 
4575	36 
4576	52 
4577	1 
4578	70 
4579	33 
4580	41 
4581	85 
4582	85 
4583	52 
4584	41 
4585	106 
4586	29 
4587	1 
4588	64 
4589	64 
4590	58 
4591	95 
4592	72 
4593	25 
4594	60 
4595	74 
4596	23 
4597	7 
4598	7 
4599	36 
4600	4 
4601	36 
4602	43 
4603	49 
4604	3 
4605	52 
4606	68 
4607	72 
4608	32 
4609	7 
4610	52 
4611	101 
4612	47 
4613	81 
4614	51 
4615	19 
4616	77 
4617	34 
4618	13 
4619	95 
4620	26 
4621	81 
4622	19 
4623	75 
4624	88 
4625	53 
4626	60 
4627	77 
4628	26 
4629	7 
4630	43 
4631	99 
4632	30 
4633	82 
4634	68 
4635	81 
4636	45 
4637	46 
4638	30 
4639	102 
4640	104 
4641	53 
4642	6 
4643	81 
4644	76 
4645	77 
4646	103 
4647	34 
4648	42 
4649	9 
4650	81 
4651	22 
4652	30 
4653	95 
4654	28 
4655	45 
4656	96 
4657	65 
4658	99 
4659	85 
4660	79 
4661	64 
4662	88 
4663	64 
4664	65 
4665	86 
4666	58 
4667	94 
4668	95 
4669	72 
4670	104 
4671	20 
4672	50 
4673	12 
4674	32 
4675	20 
4676	63 
4677	70 
4678	58 
4679	105 
4680	52 
4681	64 
4682	31 
4683	96 
4684	23 
4685	65 
4686	75 
4687	71 
4688	42 
4689	102 
4690	37 
4691	36 
4692	25 
4693	94 
4694	29 
4695	78 
4696	42 
4697	68 
4698	102 
4699	103 
4700	55 
4701	25 
4702	44 
4703	7 
4704	26 
4705	58 
4706	103 
4707	86 
4708	53 
4709	90 
4710	91 
4711	74 
4712	37 
4713	28 
4714	80 
4715	94 
4716	87 
4717	77 
4718	80 
4719	88 
4720	37 
4721	70 
4722	17 
4723	28 
4724	94 
4725	87 
4726	82 
4727	76 
4728	85 
4729	53 
4730	49 
4731	101 
4732	17 
4733	81 
4734	7 
4735	7 
4736	15 
4737	62 
4738	94 
4739	26 
4740	85 
4741	53 
4742	102 
4743	36 
4744	10 
4745	19 
4746	12 
4747	77 
4748	43 
4749	97 
4750	49 
4751	101 
4752	103 
4753	4 
4754	43 
4755	50 
4756	55 
4757	71 
4758	52 
4759	98 
4760	39 
4761	80 
4762	43 
4763	53 
4764	34 
4765	12 
4766	88 
4767	88 
4768	9 
4769	32 
4770	33 
4771	28 
4772	32 
4773	18 
4774	10 
4775	97 
4776	49 
4777	10 
4778	43 
4779	26 
4780	47 
4781	21 
4782	76 
4783	93 
4784	6 
4785	53 
4786	78 
4787	9 
4788	81 
4789	100 
4790	5 
4791	76 
4792	106 
4793	97 
4794	77 
4795	89 
4796	53 
4797	58 
4798	31 
4799	43 
4800	93 
4801	13 
4802	102 
4803	103 
4804	26 
4805	76 
4806	27 
4807	35 
4808	50 
4809	28 
4810	103 
4811	42 
4812	93 
4813	42 
4814	99 
4815	74 
4816	92 
4817	38 
4818	103 
4819	67 
4820	12 
4821	47 
4822	104 
4823	105 
4824	65 
4825	57 
4826	64 
4827	26 
4828	41 
4829	95 
4830	43 
4831	97 
4832	52 
4833	64 
4834	27 
4835	39 
4836	95 
4837	64 
4838	32 
4839	1 
4840	93 
4841	26 
4842	73 
4843	28 
4844	26 
4845	37 
4846	22 
4847	53 
4848	12 
4849	50 
4850	58 
4851	58 
4852	73 
4853	26 
4854	24 
4855	36 
4856	60 
4857	53 
4858	4 
4859	5 
4860	28 
4861	13 
4862	1 
4863	13 
4864	37 
4865	57 
4866	23 
4867	61 
4868	98 
4869	68 
4870	81 
4871	86 
4872	10 
4873	72 
4874	13 
4875	79 
4876	52 
4877	47 
4878	89 
4879	36 
4880	82 
4881	58 
4882	58 
4883	43 
4884	41 
4885	20 
4886	2 
4887	32 
4888	94 
4889	73 
4890	42 
4891	28 
4892	34 
4893	55 
4894	7 
4895	71 
4896	29 
4897	10 
4898	50 
4899	60 
4900	87 
4901	101 
4902	27 
4903	27 
4904	8 
4905	26 
4906	53 
4907	28 
4908	105 
4909	83 
4910	42 
4911	10 
4912	41 
4913	95 
4914	42 
4915	101 
4916	105 
4917	69 
4918	85 
4919	23 
4920	34 
4921	10 
4922	53 
4923	43 
4924	65 
4925	60 
4926	53 
4927	84 
4928	31 
4929	73 
4930	28 
4931	48 
4932	12 
4933	71 
4934	29 
4935	68 
4936	32 
4937	42 
4938	11 
4939	94 
4940	60 
4941	43 
4942	74 
4943	68 
4944	73 
4945	30 
4946	27 
4947	30 
4948	2 
4949	88 
4950	49 
4951	81 
4952	34 
4953	85 
4954	56 
4955	81 
4956	27 
4957	13 
4958	73 
4959	65 
4960	78 
4961	10 
4962	29 
4963	59 
4964	83 
4965	60 
4966	82 
4967	52 
4968	81 
4969	105 
4970	26 
4971	23 
4972	45 
4973	15 
4974	65 
4975	69 
4976	21 
4977	36 
4978	72 
4979	43 
4980	106 
4981	11 
4982	76 
4983	39 
4984	73 
4985	85 
4986	94 
4987	53 
4988	39 
4989	10 
4990	43 
4991	60 
4992	70 
4993	94 
4994	52 
4995	74 
4996	95 
4997	102 
4998	74 
4999	64 
5000	41 
