1	64 
2	69 
3	28 
4	40 
5	31 
6	72 
7	10 
8	94 
9	13 
10	92 
11	5 
12	69 
13	7 
14	38 
15	28 
16	81 
17	6 
18	8 
19	74 
20	56 
21	81 
22	5 
23	7 
24	89 
25	55 
26	59 
27	7 
28	94 
29	39 
30	52 
31	23 
32	58 
33	93 
34	77 
35	65 
36	73 
37	85 
38	68 
39	83 
40	9 
41	79 
42	41 
43	19 
44	50 
45	52 
46	85 
47	7 
48	34 
49	46 
50	59 
51	34 
52	70 
53	86 
54	96 
55	86 
56	38 
57	24 
58	100 
59	65 
60	39 
61	83 
62	75 
63	26 
64	19 
65	87 
66	82 
67	84 
68	16 
69	64 
70	2 
71	45 
72	80 
73	3 
74	73 
75	12 
76	20 
77	13 
78	85 
79	14 
80	11 
81	7 
82	59 
83	90 
84	97 
85	98 
86	66 
87	81 
88	57 
89	2 
90	66 
91	82 
92	24 
93	26 
94	64 
95	34 
96	47 
97	8 
98	9 
99	40 
100	32 
101	35 
102	77 
103	56 
104	79 
105	101 
106	75 
107	101 
108	98 
109	10 
110	51 
111	92 
112	17 
113	21 
114	20 
115	92 
116	71 
117	13 
118	7 
119	43 
120	67 
121	10 
122	60 
123	37 
124	30 
125	27 
126	14 
127	22 
128	50 
129	67 
130	67 
131	49 
132	98 
133	46 
134	1 
135	66 
136	30 
137	60 
138	27 
139	56 
140	70 
141	11 
142	45 
143	63 
144	46 
145	72 
146	50 
147	66 
148	65 
149	71 
150	56 
151	30 
152	43 
153	95 
154	34 
155	50 
156	84 
157	86 
158	48 
159	77 
160	93 
161	8 
162	87 
163	22 
164	72 
165	58 
166	73 
167	63 
168	24 
169	55 
170	48 
171	18 
172	45 
173	8 
174	68 
175	30 
176	23 
177	49 
178	68 
179	37 
180	14 
181	73 
182	13 
183	84 
184	10 
185	76 
186	10 
187	60 
188	92 
189	1 
190	19 
191	82 
192	85 
193	59 
194	95 
195	34 
196	24 
197	5 
198	59 
199	63 
200	22 
201	93 
202	81 
203	15 
204	3 
205	27 
206	45 
207	76 
208	56 
209	23 
210	71 
211	69 
212	50 
213	31 
214	39 
215	86 
216	83 
217	63 
218	9 
219	89 
220	55 
221	55 
222	99 
223	56 
224	10 
225	78 
226	1 
227	78 
228	82 
229	18 
230	8 
231	24 
232	76 
233	30 
234	92 
235	42 
236	91 
237	16 
238	47 
239	65 
240	9 
241	36 
242	1 
243	55 
244	5 
245	66 
246	81 
247	66 
248	77 
249	60 
250	63 
251	49 
252	12 
253	20 
254	65 
255	8 
256	37 
257	14 
258	78 
259	30 
260	54 
261	71 
262	19 
263	75 
264	54 
265	81 
266	7 
267	28 
268	7 
269	5 
270	9 
271	49 
272	5 
273	8 
274	10 
275	63 
276	49 
277	30 
278	7 
279	94 
280	67 
281	24 
282	76 
283	69 
284	9 
285	39 
286	32 
287	19 
288	31 
289	52 
290	25 
291	59 
292	72 
293	84 
294	97 
295	57 
296	14 
297	34 
298	97 
299	81 
300	1 
301	67 
302	76 
303	9 
304	10 
305	3 
306	26 
307	81 
308	39 
309	9 
310	7 
311	81 
312	86 
313	45 
314	21 
315	14 
316	91 
317	61 
318	13 
319	84 
320	49 
321	14 
322	44 
323	10 
324	92 
325	34 
326	66 
327	25 
328	49 
329	98 
330	78 
331	38 
332	18 
333	60 
334	14 
335	50 
336	54 
337	84 
338	18 
339	25 
340	77 
341	14 
342	64 
343	13 
344	20 
345	56 
346	100 
347	84 
348	7 
349	3 
350	27 
351	16 
352	59 
353	3 
354	49 
355	27 
356	82 
357	39 
358	69 
359	18 
360	1 
361	65 
362	8 
363	13 
364	34 
365	92 
366	30 
367	2 
368	16 
369	88 
370	69 
371	78 
372	25 
373	8 
374	87 
375	28 
376	62 
377	74 
378	22 
379	82 
380	16 
381	24 
382	51 
383	60 
384	57 
385	19 
386	48 
387	19 
388	77 
389	90 
390	47 
391	20 
392	82 
393	45 
394	15 
395	86 
396	74 
397	38 
398	100 
399	78 
400	27 
401	7 
402	81 
403	43 
404	27 
405	59 
406	5 
407	14 
408	6 
409	78 
410	78 
411	45 
412	48 
413	20 
414	27 
415	31 
416	70 
417	43 
418	34 
419	20 
420	19 
421	68 
422	49 
423	60 
424	76 
425	98 
426	43 
427	98 
428	9 
429	77 
430	7 
431	73 
432	7 
433	99 
434	59 
435	80 
436	40 
437	27 
438	27 
439	70 
440	55 
441	77 
442	60 
443	55 
444	7 
445	97 
446	56 
447	74 
448	56 
449	67 
450	70 
451	55 
452	27 
453	59 
454	78 
455	60 
456	84 
457	38 
458	22 
459	69 
460	59 
461	77 
462	55 
463	22 
464	13 
465	44 
466	93 
467	94 
468	37 
469	66 
470	96 
471	83 
472	71 
473	45 
474	15 
475	90 
476	77 
477	71 
478	73 
479	16 
480	8 
481	77 
482	31 
483	42 
484	44 
485	46 
486	8 
487	18 
488	25 
489	61 
490	14 
491	8 
492	56 
493	49 
494	67 
495	13 
496	30 
497	46 
498	34 
499	78 
500	95 
501	41 
502	8 
503	53 
504	85 
505	32 
506	8 
507	81 
508	1 
509	91 
510	45 
511	43 
512	50 
513	8 
514	36 
515	11 
516	69 
517	60 
518	61 
519	78 
520	12 
521	46 
522	30 
523	83 
524	30 
525	43 
526	60 
527	19 
528	20 
529	57 
530	38 
531	72 
532	38 
533	100 
534	85 
535	64 
536	93 
537	67 
538	8 
539	5 
540	66 
541	78 
542	32 
543	67 
544	9 
545	8 
546	67 
547	41 
548	8 
549	22 
550	86 
551	12 
552	83 
553	95 
554	11 
555	50 
556	60 
557	62 
558	14 
559	92 
560	60 
561	42 
562	20 
563	63 
564	77 
565	15 
566	48 
567	60 
568	59 
569	44 
570	101 
571	66 
572	18 
573	80 
574	7 
575	31 
576	37 
577	74 
578	74 
579	35 
580	61 
581	95 
582	82 
583	79 
584	44 
585	5 
586	87 
587	62 
588	87 
589	45 
590	38 
591	10 
592	50 
593	43 
594	45 
595	81 
596	32 
597	89 
598	67 
599	91 
600	16 
601	71 
602	9 
603	72 
604	98 
605	47 
606	2 
607	81 
608	79 
609	59 
610	98 
611	29 
612	81 
613	8 
614	94 
615	24 
616	42 
617	38 
618	20 
619	84 
620	22 
621	71 
622	38 
623	43 
624	29 
625	67 
626	51 
627	50 
628	20 
629	14 
630	64 
631	86 
632	6 
633	5 
634	85 
635	12 
636	15 
637	18 
638	1 
639	100 
640	8 
641	13 
642	65 
643	19 
644	55 
645	11 
646	4 
647	99 
648	59 
649	35 
650	101 
651	85 
652	98 
653	26 
654	11 
655	23 
656	73 
657	40 
658	38 
659	100 
660	74 
661	66 
662	16 
663	84 
664	101 
665	65 
666	100 
667	19 
668	93 
669	63 
670	69 
671	16 
672	17 
673	81 
674	78 
675	60 
676	30 
677	66 
678	64 
679	65 
680	82 
681	18 
682	13 
683	59 
684	26 
685	84 
686	70 
687	56 
688	2 
689	10 
690	58 
691	59 
692	78 
693	14 
694	86 
695	43 
696	17 
697	101 
698	7 
699	95 
700	12 
701	50 
702	65 
703	9 
704	46 
705	86 
706	18 
707	69 
708	16 
709	83 
710	65 
711	21 
712	63 
713	66 
714	78 
715	90 
716	96 
717	8 
718	60 
719	27 
720	64 
721	100 
722	22 
723	36 
724	28 
725	72 
726	49 
727	77 
728	5 
729	82 
730	68 
731	77 
732	81 
733	5 
734	95 
735	95 
736	80 
737	4 
738	70 
739	91 
740	3 
741	36 
742	69 
743	44 
744	71 
745	89 
746	67 
747	69 
748	33 
749	78 
750	62 
751	34 
752	50 
753	72 
754	30 
755	19 
756	64 
757	76 
758	13 
759	66 
760	3 
761	49 
762	50 
763	92 
764	34 
765	93 
766	13 
767	62 
768	43 
769	14 
770	45 
771	74 
772	86 
773	92 
774	75 
775	57 
776	61 
777	18 
778	57 
779	43 
780	8 
781	30 
782	95 
783	98 
784	39 
785	81 
786	49 
787	70 
788	20 
789	92 
790	60 
791	6 
792	33 
793	44 
794	39 
795	46 
796	28 
797	84 
798	15 
799	98 
800	67 
801	69 
802	67 
803	77 
804	91 
805	1 
806	90 
807	93 
808	20 
809	62 
810	8 
811	69 
812	69 
813	69 
814	49 
815	20 
816	74 
817	88 
818	13 
819	67 
820	6 
821	64 
822	3 
823	100 
824	33 
825	61 
826	96 
827	100 
828	5 
829	55 
830	81 
831	98 
832	30 
833	5 
834	13 
835	11 
836	71 
837	3 
838	77 
839	88 
840	76 
841	69 
842	50 
843	82 
844	68 
845	92 
846	7 
847	32 
848	34 
849	26 
850	43 
851	5 
852	65 
853	80 
854	80 
855	30 
856	3 
857	39 
858	24 
859	95 
860	49 
861	78 
862	8 
863	60 
864	12 
865	31 
866	35 
867	44 
868	10 
869	86 
870	65 
871	10 
872	14 
873	55 
874	27 
875	77 
876	70 
877	91 
878	75 
879	52 
880	16 
881	72 
882	21 
883	63 
884	67 
885	41 
886	26 
887	19 
888	60 
889	21 
890	83 
891	55 
892	93 
893	39 
894	58 
895	45 
896	98 
897	67 
898	8 
899	22 
900	35 
901	24 
902	8 
903	70 
904	36 
905	28 
906	8 
907	84 
908	5 
909	19 
910	65 
911	98 
912	53 
913	84 
914	34 
915	46 
916	3 
917	60 
918	65 
919	30 
920	73 
921	77 
922	54 
923	95 
924	24 
925	25 
926	78 
927	63 
928	50 
929	94 
930	38 
931	34 
932	55 
933	77 
934	37 
935	90 
936	49 
937	67 
938	66 
939	8 
940	86 
941	32 
942	39 
943	100 
944	95 
945	14 
946	86 
947	12 
948	14 
949	18 
950	34 
951	67 
952	14 
953	35 
954	85 
955	68 
956	45 
957	55 
958	17 
959	84 
960	69 
961	101 
962	47 
963	17 
964	30 
965	91 
966	46 
967	85 
968	13 
969	37 
970	29 
971	13 
972	14 
973	72 
974	52 
975	59 
976	82 
977	37 
978	63 
979	84 
980	101 
981	8 
982	16 
983	2 
984	14 
985	37 
986	59 
987	33 
988	78 
989	101 
990	88 
991	45 
992	70 
993	38 
994	33 
995	78 
996	74 
997	5 
998	16 
999	18 
1000	95 
1001	17 
1002	96 
1003	28 
1004	19 
1005	25 
1006	62 
1007	4 
1008	38 
1009	56 
1010	19 
1011	44 
1012	49 
1013	50 
1014	18 
1015	43 
1016	6 
1017	74 
1018	59 
1019	70 
1020	55 
1021	89 
1022	45 
1023	55 
1024	8 
1025	23 
1026	66 
1027	89 
1028	37 
1029	66 
1030	27 
1031	5 
1032	24 
1033	8 
1034	8 
1035	67 
1036	42 
1037	32 
1038	78 
1039	43 
1040	24 
1041	71 
1042	87 
1043	74 
1044	55 
1045	11 
1046	70 
1047	74 
1048	91 
1049	59 
1050	28 
1051	101 
1052	39 
1053	58 
1054	87 
1055	60 
1056	18 
1057	100 
1058	29 
1059	5 
1060	51 
1061	51 
1062	60 
1063	38 
1064	37 
1065	32 
1066	81 
1067	67 
1068	66 
1069	24 
1070	19 
1071	19 
1072	67 
1073	23 
1074	62 
1075	68 
1076	8 
1077	63 
1078	72 
1079	34 
1080	53 
1081	69 
1082	65 
1083	35 
1084	46 
1085	50 
1086	76 
1087	39 
1088	91 
1089	30 
1090	54 
1091	21 
1092	81 
1093	88 
1094	18 
1095	26 
1096	22 
1097	92 
1098	77 
1099	100 
1100	26 
1101	14 
1102	8 
1103	78 
1104	59 
1105	22 
1106	58 
1107	61 
1108	60 
1109	95 
1110	18 
1111	48 
1112	33 
1113	20 
1114	99 
1115	63 
1116	92 
1117	3 
1118	63 
1119	76 
1120	46 
1121	77 
1122	19 
1123	48 
1124	51 
1125	42 
1126	83 
1127	47 
1128	55 
1129	35 
1130	75 
1131	34 
1132	94 
1133	48 
1134	14 
1135	13 
1136	34 
1137	5 
1138	97 
1139	16 
1140	60 
1141	73 
1142	60 
1143	76 
1144	76 
1145	80 
1146	93 
1147	97 
1148	31 
1149	92 
1150	9 
1151	29 
1152	50 
1153	16 
1154	61 
1155	37 
1156	42 
1157	86 
1158	39 
1159	22 
1160	16 
1161	36 
1162	89 
1163	4 
1164	16 
1165	67 
1166	59 
1167	67 
1168	95 
1169	34 
1170	15 
1171	70 
1172	34 
1173	99 
1174	90 
1175	58 
1176	60 
1177	5 
1178	64 
1179	38 
1180	101 
1181	84 
1182	19 
1183	74 
1184	81 
1185	32 
1186	8 
1187	17 
1188	22 
1189	4 
1190	57 
1191	81 
1192	92 
1193	63 
1194	4 
1195	60 
1196	48 
1197	33 
1198	89 
1199	63 
1200	32 
1201	7 
1202	10 
1203	100 
1204	16 
1205	77 
1206	60 
1207	60 
1208	20 
1209	75 
1210	94 
1211	39 
1212	11 
1213	52 
1214	8 
1215	1 
1216	73 
1217	8 
1218	14 
1219	42 
1220	78 
1221	49 
1222	45 
1223	86 
1224	6 
1225	30 
1226	5 
1227	15 
1228	76 
1229	47 
1230	26 
1231	1 
1232	27 
1233	37 
1234	82 
1235	42 
1236	54 
1237	17 
1238	25 
1239	64 
1240	43 
1241	34 
1242	74 
1243	41 
1244	46 
1245	39 
1246	12 
1247	94 
1248	7 
1249	45 
1250	2 
1251	41 
1252	35 
1253	84 
1254	82 
1255	72 
1256	95 
1257	6 
1258	67 
1259	33 
1260	3 
1261	72 
1262	31 
1263	17 
1264	17 
1265	66 
1266	28 
1267	55 
1268	37 
1269	44 
1270	77 
1271	83 
1272	78 
1273	69 
1274	77 
1275	74 
1276	24 
1277	7 
1278	16 
1279	55 
1280	30 
1281	92 
1282	35 
1283	95 
1284	19 
1285	7 
1286	78 
1287	27 
1288	22 
1289	24 
1290	11 
1291	62 
1292	7 
1293	63 
1294	19 
1295	94 
1296	59 
1297	94 
1298	3 
1299	43 
1300	78 
1301	23 
1302	59 
1303	84 
1304	28 
1305	60 
1306	53 
1307	6 
1308	48 
1309	16 
1310	86 
1311	37 
1312	18 
1313	56 
1314	64 
1315	7 
1316	42 
1317	90 
1318	22 
1319	12 
1320	38 
1321	49 
1322	16 
1323	15 
1324	22 
1325	93 
1326	93 
1327	19 
1328	14 
1329	87 
1330	71 
1331	78 
1332	63 
1333	90 
1334	77 
1335	26 
1336	49 
1337	86 
1338	101 
1339	19 
1340	71 
1341	25 
1342	18 
1343	82 
1344	19 
1345	26 
1346	49 
1347	55 
1348	6 
1349	95 
1350	3 
1351	60 
1352	56 
1353	9 
1354	67 
1355	45 
1356	66 
1357	50 
1358	92 
1359	3 
1360	33 
1361	24 
1362	71 
1363	59 
1364	16 
1365	21 
1366	76 
1367	101 
1368	13 
1369	24 
1370	48 
1371	66 
1372	15 
1373	43 
1374	45 
1375	31 
1376	50 
1377	28 
1378	61 
1379	72 
1380	27 
1381	59 
1382	85 
1383	87 
1384	24 
1385	36 
1386	56 
1387	2 
1388	33 
1389	66 
1390	74 
1391	76 
1392	101 
1393	40 
1394	9 
1395	84 
1396	33 
1397	13 
1398	14 
1399	100 
1400	12 
1401	14 
1402	37 
1403	23 
1404	10 
1405	20 
1406	20 
1407	37 
1408	92 
1409	52 
1410	47 
1411	98 
1412	100 
1413	88 
1414	81 
1415	97 
1416	81 
1417	46 
1418	34 
1419	65 
1420	38 
1421	60 
1422	34 
1423	43 
1424	93 
1425	59 
1426	82 
1427	76 
1428	82 
1429	93 
1430	32 
1431	66 
1432	71 
1433	24 
1434	69 
1435	83 
1436	85 
1437	52 
1438	50 
1439	84 
1440	29 
1441	97 
1442	8 
1443	19 
1444	74 
1445	14 
1446	44 
1447	37 
1448	77 
1449	48 
1450	37 
1451	16 
1452	69 
1453	41 
1454	13 
1455	27 
1456	68 
1457	54 
1458	45 
1459	62 
1460	38 
1461	92 
1462	92 
1463	42 
1464	4 
1465	47 
1466	80 
1467	37 
1468	91 
1469	30 
1470	13 
1471	94 
1472	47 
1473	95 
1474	90 
1475	25 
1476	83 
1477	16 
1478	10 
1479	92 
1480	2 
1481	3 
1482	30 
1483	80 
1484	15 
1485	72 
1486	94 
1487	48 
1488	76 
1489	28 
1490	92 
1491	25 
1492	24 
1493	12 
1494	27 
1495	47 
1496	95 
1497	10 
1498	61 
1499	14 
1500	76 
1501	15 
1502	50 
1503	76 
1504	28 
1505	20 
1506	28 
1507	47 
1508	19 
1509	3 
1510	21 
1511	78 
1512	48 
1513	59 
1514	24 
1515	30 
1516	60 
1517	55 
1518	83 
1519	2 
1520	15 
1521	88 
1522	84 
1523	69 
1524	77 
1525	86 
1526	66 
1527	50 
1528	6 
1529	91 
1530	58 
1531	66 
1532	29 
1533	24 
1534	59 
1535	85 
1536	87 
1537	23 
1538	84 
1539	63 
1540	60 
1541	95 
1542	76 
1543	4 
1544	60 
1545	9 
1546	1 
1547	27 
1548	20 
1549	14 
1550	67 
1551	8 
1552	41 
1553	60 
1554	56 
1555	57 
1556	9 
1557	85 
1558	14 
1559	85 
1560	44 
1561	3 
1562	95 
1563	38 
1564	69 
1565	59 
1566	59 
1567	67 
1568	72 
1569	3 
1570	92 
1571	76 
1572	78 
1573	101 
1574	37 
1575	14 
1576	64 
1577	13 
1578	33 
1579	95 
1580	24 
1581	74 
1582	13 
1583	16 
1584	44 
1585	48 
1586	61 
1587	49 
1588	60 
1589	95 
1590	71 
1591	7 
1592	14 
1593	9 
1594	22 
1595	14 
1596	30 
1597	46 
1598	78 
1599	24 
1600	95 
1601	24 
1602	94 
1603	66 
1604	38 
1605	25 
1606	30 
1607	73 
1608	65 
1609	12 
1610	96 
1611	98 
1612	9 
1613	14 
1614	95 
1615	46 
1616	6 
1617	86 
1618	67 
1619	39 
1620	63 
1621	18 
1622	20 
1623	93 
1624	60 
1625	81 
1626	74 
1627	70 
1628	69 
1629	17 
1630	63 
1631	32 
1632	10 
1633	64 
1634	14 
1635	95 
1636	58 
1637	37 
1638	73 
1639	98 
1640	70 
1641	93 
1642	48 
1643	16 
1644	13 
1645	47 
1646	55 
1647	19 
1648	55 
1649	77 
1650	87 
1651	34 
1652	22 
1653	70 
1654	84 
1655	13 
1656	76 
1657	86 
1658	4 
1659	49 
1660	18 
1661	35 
1662	27 
1663	93 
1664	40 
1665	67 
1666	34 
1667	65 
1668	92 
1669	18 
1670	4 
1671	94 
1672	95 
1673	65 
1674	26 
1675	12 
1676	21 
1677	86 
1678	74 
1679	18 
1680	95 
1681	22 
1682	53 
1683	98 
1684	30 
1685	20 
1686	59 
1687	12 
1688	84 
1689	33 
1690	19 
1691	66 
1692	75 
1693	34 
1694	46 
1695	6 
1696	63 
1697	70 
1698	17 
1699	82 
1700	27 
1701	34 
1702	24 
1703	74 
1704	74 
1705	96 
1706	34 
1707	71 
1708	12 
1709	46 
1710	28 
1711	17 
1712	81 
1713	78 
1714	74 
1715	67 
1716	29 
1717	8 
1718	2 
1719	86 
1720	75 
1721	72 
1722	98 
1723	23 
1724	1 
1725	81 
1726	81 
1727	16 
1728	78 
1729	22 
1730	60 
1731	64 
1732	20 
1733	41 
1734	79 
1735	70 
1736	28 
1737	81 
1738	78 
1739	76 
1740	95 
1741	23 
1742	57 
1743	74 
1744	86 
1745	81 
1746	86 
1747	98 
1748	101 
1749	8 
1750	58 
1751	26 
1752	30 
1753	30 
1754	65 
1755	36 
1756	66 
1757	98 
1758	59 
1759	74 
1760	99 
1761	69 
1762	10 
1763	24 
1764	26 
1765	51 
1766	14 
1767	55 
1768	49 
1769	45 
1770	70 
1771	71 
1772	60 
1773	13 
1774	8 
1775	83 
1776	55 
1777	89 
1778	98 
1779	63 
1780	48 
1781	93 
1782	6 
1783	90 
1784	31 
1785	22 
1786	87 
1787	74 
1788	29 
1789	13 
1790	70 
1791	47 
1792	50 
1793	82 
1794	62 
1795	49 
1796	17 
1797	49 
1798	75 
1799	100 
1800	45 
1801	18 
1802	48 
1803	81 
1804	50 
1805	50 
1806	15 
1807	101 
1808	30 
1809	101 
1810	4 
1811	8 
1812	35 
1813	32 
1814	49 
1815	14 
1816	62 
1817	46 
1818	60 
1819	95 
1820	57 
1821	18 
1822	49 
1823	27 
1824	16 
1825	101 
1826	77 
1827	7 
1828	43 
1829	88 
1830	97 
1831	16 
1832	28 
1833	86 
1834	80 
1835	37 
1836	46 
1837	67 
1838	77 
1839	24 
1840	12 
1841	88 
1842	26 
1843	17 
1844	60 
1845	17 
1846	95 
1847	86 
1848	99 
1849	51 
1850	28 
1851	69 
1852	13 
1853	23 
1854	59 
1855	66 
1856	81 
1857	59 
1858	21 
1859	40 
1860	38 
1861	37 
1862	91 
1863	34 
1864	68 
1865	4 
1866	28 
1867	92 
1868	45 
1869	37 
1870	77 
1871	7 
1872	50 
1873	45 
1874	75 
1875	29 
1876	33 
1877	3 
1878	81 
1879	86 
1880	37 
1881	4 
1882	15 
1883	65 
1884	75 
1885	16 
1886	67 
1887	8 
1888	80 
1889	48 
1890	95 
1891	94 
1892	69 
1893	66 
1894	94 
1895	84 
1896	17 
1897	37 
1898	84 
1899	96 
1900	77 
1901	37 
1902	60 
1903	65 
1904	8 
1905	56 
1906	33 
1907	12 
1908	80 
1909	50 
1910	58 
1911	63 
1912	92 
1913	26 
1914	93 
1915	76 
1916	14 
1917	91 
1918	90 
1919	13 
1920	3 
1921	90 
1922	8 
1923	17 
1924	50 
1925	101 
1926	30 
1927	33 
1928	14 
1929	84 
1930	85 
1931	74 
1932	85 
1933	59 
1934	77 
1935	30 
1936	42 
1937	14 
1938	64 
1939	66 
1940	45 
1941	44 
1942	24 
1943	61 
1944	74 
1945	78 
1946	15 
1947	65 
1948	55 
1949	59 
1950	19 
1951	32 
1952	81 
1953	19 
1954	69 
1955	76 
1956	69 
1957	13 
1958	27 
1959	19 
1960	84 
1961	37 
1962	14 
1963	34 
1964	30 
1965	37 
1966	8 
1967	61 
1968	49 
1969	66 
1970	59 
1971	50 
1972	76 
1973	65 
1974	76 
1975	92 
1976	64 
1977	16 
1978	94 
1979	65 
1980	61 
1981	37 
1982	8 
1983	14 
1984	21 
1985	74 
1986	60 
1987	12 
1988	94 
1989	70 
1990	3 
1991	43 
1992	12 
1993	45 
1994	27 
1995	64 
1996	43 
1997	95 
1998	39 
1999	78 
2000	3 
2001	83 
2002	54 
2003	34 
2004	82 
2005	30 
2006	84 
2007	77 
2008	50 
2009	32 
2010	98 
2011	44 
2012	65 
2013	91 
2014	81 
2015	34 
2016	62 
2017	8 
2018	16 
2019	77 
2020	37 
2021	29 
2022	64 
2023	84 
2024	84 
2025	5 
2026	70 
2027	60 
2028	83 
2029	27 
2030	60 
2031	28 
2032	37 
2033	29 
2034	81 
2035	82 
2036	46 
2037	28 
2038	3 
2039	86 
2040	72 
2041	6 
2042	101 
2043	70 
2044	45 
2045	55 
2046	8 
2047	64 
2048	52 
2049	39 
2050	84 
2051	56 
2052	80 
2053	50 
2054	13 
2055	19 
2056	21 
2057	59 
2058	52 
2059	85 
2060	9 
2061	71 
2062	14 
2063	22 
2064	81 
2065	27 
2066	75 
2067	36 
2068	87 
2069	79 
2070	15 
2071	33 
2072	95 
2073	79 
2074	59 
2075	64 
2076	33 
2077	24 
2078	100 
2079	71 
2080	65 
2081	65 
2082	99 
2083	49 
2084	4 
2085	85 
2086	94 
2087	30 
2088	70 
2089	29 
2090	81 
2091	76 
2092	88 
2093	11 
2094	84 
2095	57 
2096	77 
2097	6 
2098	62 
2099	60 
2100	86 
2101	89 
2102	22 
2103	31 
2104	26 
2105	47 
2106	87 
2107	39 
2108	85 
2109	13 
2110	101 
2111	49 
2112	99 
2113	54 
2114	85 
2115	13 
2116	7 
2117	4 
2118	39 
2119	50 
2120	27 
2121	16 
2122	72 
2123	49 
2124	24 
2125	8 
2126	28 
2127	55 
2128	22 
2129	86 
2130	5 
2131	7 
2132	60 
2133	34 
2134	77 
2135	75 
2136	37 
2137	98 
2138	67 
2139	16 
2140	63 
2141	5 
2142	74 
2143	24 
2144	83 
2145	43 
2146	70 
2147	33 
2148	18 
2149	47 
2150	9 
2151	36 
2152	55 
2153	30 
2154	69 
2155	13 
2156	55 
2157	99 
2158	90 
2159	64 
2160	59 
2161	74 
2162	84 
2163	86 
2164	19 
2165	74 
2166	6 
2167	48 
2168	83 
2169	62 
2170	58 
2171	37 
2172	86 
2173	54 
2174	94 
2175	78 
2176	72 
2177	30 
2178	12 
2179	8 
2180	53 
2181	68 
2182	63 
2183	87 
2184	30 
2185	59 
2186	55 
2187	43 
2188	11 
2189	7 
2190	69 
2191	11 
2192	65 
2193	71 
2194	22 
2195	7 
2196	42 
2197	96 
2198	80 
2199	37 
2200	14 
2201	34 
2202	3 
2203	5 
2204	95 
2205	56 
2206	63 
2207	73 
2208	96 
2209	66 
2210	98 
2211	81 
2212	14 
2213	43 
2214	37 
2215	86 
2216	8 
2217	39 
2218	97 
2219	55 
2220	59 
2221	90 
2222	15 
2223	50 
2224	19 
2225	64 
2226	20 
2227	10 
2228	37 
2229	34 
2230	70 
2231	60 
2232	49 
2233	35 
2234	84 
2235	5 
2236	8 
2237	67 
2238	56 
2239	74 
2240	43 
2241	82 
2242	85 
2243	19 
2244	16 
2245	42 
2246	78 
2247	32 
2248	55 
2249	37 
2250	16 
2251	31 
2252	24 
2253	60 
2254	22 
2255	8 
2256	19 
2257	11 
2258	7 
2259	80 
2260	26 
2261	86 
2262	9 
2263	47 
2264	35 
2265	4 
2266	41 
2267	60 
2268	92 
2269	65 
2270	15 
2271	8 
2272	13 
2273	62 
2274	65 
2275	84 
2276	24 
2277	95 
2278	94 
2279	91 
2280	87 
2281	53 
2282	33 
2283	71 
2284	50 
2285	1 
2286	55 
2287	69 
2288	21 
2289	10 
2290	84 
2291	74 
2292	51 
2293	18 
2294	49 
2295	13 
2296	95 
2297	18 
2298	76 
2299	77 
2300	81 
2301	41 
2302	83 
2303	55 
2304	85 
2305	49 
2306	9 
2307	70 
2308	55 
2309	60 
2310	98 
2311	67 
2312	3 
2313	33 
2314	84 
2315	9 
2316	63 
2317	69 
2318	30 
2319	59 
2320	101 
2321	50 
2322	9 
2323	99 
2324	18 
2325	25 
2326	18 
2327	77 
2328	50 
2329	32 
2330	22 
2331	92 
2332	86 
2333	65 
2334	19 
2335	93 
2336	88 
2337	24 
2338	7 
2339	14 
2340	31 
2341	19 
2342	34 
2343	14 
2344	55 
2345	72 
2346	28 
2347	71 
2348	49 
2349	25 
2350	21 
2351	50 
2352	19 
2353	27 
2354	56 
2355	78 
2356	4 
2357	61 
2358	65 
2359	21 
2360	1 
2361	67 
2362	91 
2363	52 
2364	43 
2365	67 
2366	10 
2367	51 
2368	46 
2369	16 
2370	64 
2371	41 
2372	88 
2373	23 
2374	10 
2375	8 
2376	39 
2377	67 
2378	74 
2379	63 
2380	75 
2381	92 
2382	11 
2383	20 
2384	73 
2385	34 
2386	46 
2387	50 
2388	24 
2389	7 
2390	1 
2391	88 
2392	11 
2393	72 
2394	7 
2395	91 
2396	42 
2397	90 
2398	10 
2399	79 
2400	69 
2401	80 
2402	9 
2403	23 
2404	47 
2405	8 
2406	85 
2407	24 
2408	67 
2409	45 
2410	88 
2411	45 
2412	1 
2413	81 
2414	59 
2415	27 
2416	40 
2417	95 
2418	9 
2419	17 
2420	72 
2421	95 
2422	53 
2423	7 
2424	68 
2425	101 
2426	81 
2427	84 
2428	62 
2429	67 
2430	50 
2431	20 
2432	59 
2433	5 
2434	1 
2435	8 
2436	55 
2437	12 
2438	83 
2439	29 
2440	22 
2441	19 
2442	72 
2443	91 
2444	59 
2445	19 
2446	3 
2447	74 
2448	87 
2449	68 
2450	72 
2451	87 
2452	1 
2453	74 
2454	34 
2455	26 
2456	60 
2457	5 
2458	12 
2459	20 
2460	66 
2461	95 
2462	12 
2463	65 
2464	86 
2465	50 
2466	7 
2467	94 
2468	9 
2469	87 
2470	14 
2471	67 
2472	55 
2473	36 
2474	63 
2475	15 
2476	72 
2477	36 
2478	49 
2479	87 
2480	77 
2481	4 
2482	32 
2483	27 
2484	30 
2485	9 
2486	65 
2487	85 
2488	22 
2489	37 
2490	89 
2491	57 
2492	37 
2493	2 
2494	20 
2495	55 
2496	71 
2497	27 
2498	3 
2499	84 
2500	89 
2501	44 
2502	97 
2503	3 
2504	35 
2505	77 
2506	50 
2507	42 
2508	43 
2509	22 
2510	100 
2511	34 
2512	59 
2513	5 
2514	39 
2515	28 
2516	27 
2517	8 
2518	59 
2519	63 
2520	94 
2521	90 
2522	49 
2523	91 
2524	55 
2525	69 
2526	6 
2527	60 
2528	71 
2529	37 
2530	65 
2531	59 
2532	36 
2533	6 
2534	84 
2535	74 
2536	14 
2537	92 
2538	67 
2539	3 
2540	77 
2541	65 
2542	68 
2543	30 
2544	22 
2545	61 
2546	59 
2547	59 
2548	74 
2549	24 
2550	51 
2551	77 
2552	83 
2553	82 
2554	86 
2555	65 
2556	56 
2557	24 
2558	30 
2559	76 
2560	4 
2561	97 
2562	38 
2563	30 
2564	74 
2565	52 
2566	86 
2567	30 
2568	23 
2569	77 
2570	26 
2571	30 
2572	26 
2573	17 
2574	67 
2575	13 
2576	1 
2577	101 
2578	29 
2579	82 
2580	3 
2581	24 
2582	24 
2583	20 
2584	8 
2585	10 
2586	85 
2587	94 
2588	99 
2589	2 
2590	97 
2591	19 
2592	50 
2593	74 
2594	14 
2595	19 
2596	30 
2597	30 
2598	52 
2599	39 
2600	42 
2601	37 
2602	26 
2603	92 
2604	92 
2605	34 
2606	89 
2607	34 
2608	7 
2609	30 
2610	17 
2611	63 
2612	84 
2613	5 
2614	87 
2615	59 
2616	86 
2617	13 
2618	13 
2619	16 
2620	94 
2621	60 
2622	60 
2623	23 
2624	55 
2625	47 
2626	82 
2627	81 
2628	78 
2629	48 
2630	98 
2631	82 
2632	31 
2633	63 
2634	28 
2635	26 
2636	32 
2637	40 
2638	40 
2639	76 
2640	48 
2641	74 
2642	3 
2643	97 
2644	60 
2645	59 
2646	35 
2647	45 
2648	20 
2649	17 
2650	61 
2651	66 
2652	50 
2653	14 
2654	42 
2655	71 
2656	41 
2657	32 
2658	44 
2659	85 
2660	3 
2661	58 
2662	14 
2663	45 
2664	30 
2665	63 
2666	81 
2667	78 
2668	85 
2669	66 
2670	86 
2671	9 
2672	40 
2673	7 
2674	6 
2675	11 
2676	20 
2677	40 
2678	27 
2679	50 
2680	3 
2681	95 
2682	65 
2683	92 
2684	94 
2685	62 
2686	77 
2687	97 
2688	65 
2689	17 
2690	20 
2691	21 
2692	8 
2693	60 
2694	34 
2695	76 
2696	83 
2697	91 
2698	63 
2699	98 
2700	2 
2701	32 
2702	29 
2703	79 
2704	58 
2705	32 
2706	79 
2707	45 
2708	96 
2709	48 
2710	74 
2711	45 
2712	86 
2713	55 
2714	19 
2715	74 
2716	23 
2717	25 
2718	54 
2719	64 
2720	60 
2721	22 
2722	37 
2723	60 
2724	74 
2725	83 
2726	8 
2727	94 
2728	59 
2729	59 
2730	97 
2731	25 
2732	67 
2733	1 
2734	98 
2735	41 
2736	34 
2737	19 
2738	28 
2739	66 
2740	95 
2741	8 
2742	63 
2743	30 
2744	16 
2745	66 
2746	37 
2747	72 
2748	19 
2749	35 
2750	37 
2751	63 
2752	101 
2753	56 
2754	52 
2755	86 
2756	20 
2757	96 
2758	55 
2759	81 
2760	14 
2761	37 
2762	20 
2763	71 
2764	48 
2765	13 
2766	4 
2767	28 
2768	8 
2769	77 
2770	47 
2771	44 
2772	28 
2773	20 
2774	76 
2775	10 
2776	41 
2777	70 
2778	10 
2779	70 
2780	20 
2781	85 
2782	59 
2783	45 
2784	2 
2785	59 
2786	95 
2787	18 
2788	14 
2789	70 
2790	1 
2791	8 
2792	33 
2793	95 
2794	61 
2795	29 
2796	49 
2797	84 
2798	48 
2799	76 
2800	95 
2801	92 
2802	17 
2803	91 
2804	82 
2805	65 
2806	27 
2807	59 
2808	48 
2809	59 
2810	7 
2811	34 
2812	8 
2813	91 
2814	66 
2815	27 
2816	81 
2817	7 
2818	55 
2819	35 
2820	7 
2821	76 
2822	60 
2823	83 
2824	76 
2825	45 
2826	94 
2827	93 
2828	95 
2829	64 
2830	55 
2831	16 
2832	72 
2833	30 
2834	53 
2835	7 
2836	47 
2837	8 
2838	74 
2839	97 
2840	8 
2841	10 
2842	30 
2843	71 
2844	61 
2845	11 
2846	94 
2847	26 
2848	74 
2849	100 
2850	51 
2851	30 
2852	33 
2853	24 
2854	45 
2855	15 
2856	83 
2857	28 
2858	50 
2859	67 
2860	7 
2861	23 
2862	12 
2863	8 
2864	43 
2865	3 
2866	70 
2867	21 
2868	50 
2869	24 
2870	20 
2871	47 
2872	85 
2873	20 
2874	85 
2875	64 
2876	43 
2877	50 
2878	101 
2879	49 
2880	98 
2881	5 
2882	16 
2883	63 
2884	72 
2885	16 
2886	65 
2887	37 
2888	14 
2889	81 
2890	95 
2891	84 
2892	37 
2893	76 
2894	37 
2895	13 
2896	34 
2897	37 
2898	4 
2899	49 
2900	70 
2901	69 
2902	55 
2903	38 
2904	56 
2905	39 
2906	77 
2907	46 
2908	16 
2909	94 
2910	13 
2911	91 
2912	8 
2913	19 
2914	11 
2915	32 
2916	1 
2917	94 
2918	14 
2919	82 
2920	14 
2921	46 
2922	19 
2923	50 
2924	87 
2925	9 
2926	9 
2927	34 
2928	56 
2929	81 
2930	2 
2931	14 
2932	46 
2933	28 
2934	83 
2935	8 
2936	66 
2937	68 
2938	6 
2939	94 
2940	42 
2941	59 
2942	19 
2943	48 
2944	35 
2945	49 
2946	3 
2947	77 
2948	70 
2949	87 
2950	45 
2951	72 
2952	3 
2953	3 
2954	99 
2955	48 
2956	81 
2957	59 
2958	67 
2959	14 
2960	23 
2961	19 
2962	29 
2963	8 
2964	67 
2965	57 
2966	42 
2967	44 
2968	82 
2969	67 
2970	34 
2971	15 
2972	23 
2973	16 
2974	94 
2975	86 
2976	78 
2977	14 
2978	14 
2979	77 
2980	77 
2981	46 
2982	96 
2983	55 
2984	47 
2985	27 
2986	35 
2987	1 
2988	39 
2989	77 
2990	76 
2991	49 
2992	56 
2993	101 
2994	77 
2995	3 
2996	86 
2997	61 
2998	85 
2999	62 
3000	3 
3001	85 
3002	83 
3003	70 
3004	43 
3005	74 
3006	35 
3007	72 
3008	29 
3009	84 
3010	85 
3011	34 
3012	95 
3013	1 
3014	71 
3015	69 
3016	59 
3017	27 
3018	98 
3019	76 
3020	2 
3021	38 
3022	66 
3023	49 
3024	63 
3025	70 
3026	45 
3027	84 
3028	78 
3029	95 
3030	28 
3031	18 
3032	95 
3033	39 
3034	70 
3035	78 
3036	63 
3037	89 
3038	10 
3039	13 
3040	32 
3041	22 
3042	82 
3043	16 
3044	30 
3045	14 
3046	74 
3047	37 
3048	72 
3049	86 
3050	101 
3051	83 
3052	5 
3053	84 
3054	73 
3055	50 
3056	99 
3057	78 
3058	92 
3059	25 
3060	63 
3061	16 
3062	80 
3063	84 
3064	94 
3065	6 
3066	46 
3067	101 
3068	22 
3069	74 
3070	65 
3071	68 
3072	23 
3073	95 
3074	8 
3075	63 
3076	75 
3077	27 
3078	49 
3079	98 
3080	76 
3081	96 
3082	80 
3083	9 
3084	40 
3085	18 
3086	65 
3087	34 
3088	100 
3089	7 
3090	57 
3091	94 
3092	18 
3093	16 
3094	60 
3095	60 
3096	7 
3097	60 
3098	100 
3099	28 
3100	39 
3101	7 
3102	91 
3103	23 
3104	65 
3105	78 
3106	87 
3107	56 
3108	81 
3109	6 
3110	80 
3111	32 
3112	67 
3113	42 
3114	63 
3115	33 
3116	76 
3117	74 
3118	63 
3119	69 
3120	65 
3121	20 
3122	8 
3123	91 
3124	78 
3125	31 
3126	56 
3127	73 
3128	60 
3129	38 
3130	25 
3131	61 
3132	19 
3133	78 
3134	75 
3135	100 
3136	28 
3137	94 
3138	21 
3139	50 
3140	33 
3141	61 
3142	46 
3143	63 
3144	95 
3145	30 
3146	40 
3147	5 
3148	28 
3149	54 
3150	34 
3151	67 
3152	28 
3153	1 
3154	73 
3155	15 
3156	48 
3157	69 
3158	73 
3159	20 
3160	82 
3161	97 
3162	1 
3163	94 
3164	84 
3165	13 
3166	20 
3167	95 
3168	24 
3169	14 
3170	5 
3171	28 
3172	20 
3173	8 
3174	53 
3175	8 
3176	32 
3177	6 
3178	42 
3179	20 
3180	55 
3181	60 
3182	31 
3183	94 
3184	7 
3185	77 
3186	81 
3187	77 
3188	85 
3189	2 
3190	82 
3191	41 
3192	20 
3193	14 
3194	85 
3195	91 
3196	55 
3197	25 
3198	26 
3199	36 
3200	26 
3201	53 
3202	96 
3203	2 
3204	98 
3205	16 
3206	30 
3207	55 
3208	7 
3209	20 
3210	26 
3211	14 
3212	13 
3213	24 
3214	4 
3215	8 
3216	8 
3217	7 
3218	23 
3219	66 
3220	88 
3221	18 
3222	86 
3223	60 
3224	66 
3225	29 
3226	49 
3227	90 
3228	63 
3229	32 
3230	38 
3231	79 
3232	95 
3233	49 
3234	14 
3235	47 
3236	39 
3237	15 
3238	64 
3239	79 
3240	84 
3241	101 
3242	16 
3243	14 
3244	94 
3245	81 
3246	92 
3247	49 
3248	12 
3249	15 
3250	74 
3251	24 
3252	67 
3253	63 
3254	24 
3255	28 
3256	11 
3257	85 
3258	94 
3259	27 
3260	3 
3261	85 
3262	36 
3263	20 
3264	19 
3265	4 
3266	18 
3267	19 
3268	81 
3269	31 
3270	74 
3271	59 
3272	1 
3273	39 
3274	58 
3275	65 
3276	81 
3277	90 
3278	82 
3279	76 
3280	56 
3281	87 
3282	28 
3283	5 
3284	55 
3285	45 
3286	18 
3287	71 
3288	69 
3289	3 
3290	61 
3291	3 
3292	89 
3293	76 
3294	59 
3295	79 
3296	55 
3297	60 
3298	65 
3299	53 
3300	55 
3301	42 
3302	51 
3303	56 
3304	63 
3305	5 
3306	53 
3307	8 
3308	16 
3309	76 
3310	19 
3311	30 
3312	22 
3313	29 
3314	19 
3315	7 
3316	94 
3317	59 
3318	31 
3319	68 
3320	32 
3321	6 
3322	81 
3323	37 
3324	65 
3325	58 
3326	55 
3327	63 
3328	36 
3329	92 
3330	63 
3331	40 
3332	46 
3333	84 
3334	64 
3335	48 
3336	48 
3337	100 
3338	30 
3339	8 
3340	30 
3341	19 
3342	39 
3343	58 
3344	16 
3345	7 
3346	20 
3347	59 
3348	55 
3349	3 
3350	84 
3351	39 
3352	97 
3353	61 
3354	57 
3355	16 
3356	16 
3357	71 
3358	76 
3359	24 
3360	39 
3361	11 
3362	23 
3363	8 
3364	20 
3365	64 
3366	96 
3367	94 
3368	99 
3369	94 
3370	13 
3371	66 
3372	101 
3373	10 
3374	82 
3375	14 
3376	4 
3377	28 
3378	49 
3379	77 
3380	50 
3381	14 
3382	28 
3383	5 
3384	77 
3385	60 
3386	91 
3387	87 
3388	46 
3389	76 
3390	20 
3391	85 
3392	94 
3393	94 
3394	65 
3395	60 
3396	43 
3397	47 
3398	2 
3399	37 
3400	25 
3401	86 
3402	67 
3403	55 
3404	13 
3405	81 
3406	79 
3407	51 
3408	69 
3409	28 
3410	56 
3411	94 
3412	30 
3413	19 
3414	26 
3415	25 
3416	30 
3417	68 
3418	74 
3419	28 
3420	29 
3421	55 
3422	37 
3423	59 
3424	60 
3425	46 
3426	31 
3427	30 
3428	91 
3429	41 
3430	90 
3431	11 
3432	88 
3433	72 
3434	91 
3435	59 
3436	76 
3437	67 
3438	84 
3439	87 
3440	93 
3441	47 
3442	37 
3443	64 
3444	55 
3445	49 
3446	97 
3447	38 
3448	75 
3449	33 
3450	20 
3451	61 
3452	77 
3453	3 
3454	25 
3455	60 
3456	95 
3457	55 
3458	72 
3459	77 
3460	30 
3461	18 
3462	54 
3463	37 
3464	20 
3465	73 
3466	33 
3467	45 
3468	76 
3469	77 
3470	87 
3471	33 
3472	22 
3473	8 
3474	12 
3475	58 
3476	33 
3477	10 
3478	93 
3479	14 
3480	80 
3481	17 
3482	43 
3483	78 
3484	94 
3485	31 
3486	30 
3487	92 
3488	101 
3489	8 
3490	84 
3491	31 
3492	81 
3493	23 
3494	2 
3495	17 
3496	96 
3497	8 
3498	65 
3499	95 
3500	78 
3501	78 
3502	88 
3503	32 
3504	81 
3505	77 
3506	8 
3507	41 
3508	77 
3509	71 
3510	74 
3511	45 
3512	92 
3513	42 
3514	94 
3515	95 
3516	15 
3517	44 
3518	72 
3519	73 
3520	37 
3521	77 
3522	61 
3523	18 
3524	95 
3525	69 
3526	2 
3527	55 
3528	30 
3529	32 
3530	99 
3531	12 
3532	76 
3533	49 
3534	53 
3535	82 
3536	90 
3537	63 
3538	39 
3539	86 
3540	101 
3541	101 
3542	65 
3543	57 
3544	8 
3545	95 
3546	93 
3547	35 
3548	28 
3549	65 
3550	6 
3551	27 
3552	60 
3553	24 
3554	42 
3555	16 
3556	2 
3557	45 
3558	78 
3559	34 
3560	17 
3561	74 
3562	42 
3563	32 
3564	59 
3565	77 
3566	22 
3567	62 
3568	42 
3569	52 
3570	23 
3571	86 
3572	73 
3573	66 
3574	65 
3575	19 
3576	15 
3577	43 
3578	12 
3579	25 
3580	94 
3581	21 
3582	48 
3583	28 
3584	74 
3585	38 
3586	85 
3587	7 
3588	70 
3589	10 
3590	13 
3591	89 
3592	68 
3593	55 
3594	19 
3595	90 
3596	66 
3597	70 
3598	91 
3599	51 
3600	34 
3601	14 
3602	5 
3603	15 
3604	40 
3605	32 
3606	67 
3607	7 
3608	24 
3609	62 
3610	63 
3611	74 
3612	94 
3613	44 
3614	53 
3615	49 
3616	90 
3617	37 
3618	59 
3619	49 
3620	13 
3621	78 
3622	46 
3623	34 
3624	81 
3625	19 
3626	22 
3627	51 
3628	32 
3629	66 
3630	3 
3631	19 
3632	12 
3633	100 
3634	49 
3635	36 
3636	16 
3637	16 
3638	28 
3639	55 
3640	74 
3641	79 
3642	3 
3643	60 
3644	27 
3645	91 
3646	50 
3647	1 
3648	19 
3649	32 
3650	15 
3651	20 
3652	42 
3653	4 
3654	55 
3655	55 
3656	60 
3657	48 
3658	81 
3659	85 
3660	65 
3661	78 
3662	48 
3663	78 
3664	95 
3665	10 
3666	74 
3667	44 
3668	59 
3669	64 
3670	81 
3671	16 
3672	15 
3673	50 
3674	25 
3675	82 
3676	66 
3677	29 
3678	34 
3679	59 
3680	67 
3681	55 
3682	56 
3683	73 
3684	66 
3685	48 
3686	40 
3687	59 
3688	23 
3689	61 
3690	98 
3691	93 
3692	77 
3693	8 
3694	14 
3695	67 
3696	31 
3697	37 
3698	94 
3699	66 
3700	39 
3701	2 
3702	60 
3703	24 
3704	13 
3705	59 
3706	94 
3707	48 
3708	65 
3709	88 
3710	50 
3711	76 
3712	24 
3713	24 
3714	87 
3715	18 
3716	94 
3717	61 
3718	25 
3719	56 
3720	24 
3721	86 
3722	20 
3723	92 
3724	25 
3725	79 
3726	91 
3727	95 
3728	86 
3729	68 
3730	75 
3731	79 
3732	5 
3733	65 
3734	95 
3735	99 
3736	93 
3737	81 
3738	78 
3739	57 
3740	22 
3741	45 
3742	50 
3743	20 
3744	95 
3745	54 
3746	10 
3747	91 
3748	28 
3749	55 
3750	73 
3751	49 
3752	72 
3753	1 
3754	37 
3755	23 
3756	89 
3757	70 
3758	92 
3759	30 
3760	70 
3761	18 
3762	15 
3763	72 
3764	86 
3765	28 
3766	74 
3767	30 
3768	3 
3769	87 
3770	55 
3771	84 
3772	98 
3773	73 
3774	45 
3775	32 
3776	83 
3777	81 
3778	66 
3779	87 
3780	31 
3781	41 
3782	18 
3783	41 
3784	51 
3785	7 
3786	90 
3787	67 
3788	54 
3789	56 
3790	49 
3791	45 
3792	63 
3793	53 
3794	14 
3795	84 
3796	28 
3797	74 
3798	19 
3799	37 
3800	77 
3801	30 
3802	66 
3803	7 
3804	55 
3805	33 
3806	10 
3807	22 
3808	67 
3809	34 
3810	16 
3811	24 
3812	50 
3813	77 
3814	53 
3815	24 
3816	13 
3817	18 
3818	45 
3819	43 
3820	37 
3821	28 
3822	95 
3823	81 
3824	78 
3825	23 
3826	96 
3827	67 
3828	72 
3829	39 
3830	37 
3831	83 
3832	49 
3833	77 
3834	71 
3835	78 
3836	3 
3837	10 
3838	8 
3839	16 
3840	64 
3841	28 
3842	24 
3843	62 
3844	55 
3845	18 
3846	48 
3847	26 
3848	2 
3849	94 
3850	50 
3851	49 
3852	43 
3853	35 
3854	96 
3855	84 
3856	5 
3857	82 
3858	10 
3859	37 
3860	43 
3861	27 
3862	19 
3863	14 
3864	90 
3865	78 
3866	34 
3867	36 
3868	47 
3869	76 
3870	86 
3871	36 
3872	11 
3873	36 
3874	54 
3875	16 
3876	15 
3877	3 
3878	49 
3879	17 
3880	67 
3881	14 
3882	64 
3883	56 
3884	64 
3885	11 
3886	88 
3887	94 
3888	54 
3889	28 
3890	96 
3891	13 
3892	84 
3893	32 
3894	93 
3895	93 
3896	81 
3897	86 
3898	37 
3899	39 
3900	3 
3901	19 
3902	85 
3903	50 
3904	55 
3905	10 
3906	25 
3907	18 
3908	79 
3909	54 
3910	58 
3911	39 
3912	30 
3913	76 
3914	50 
3915	83 
3916	13 
3917	81 
3918	18 
3919	49 
3920	74 
3921	3 
3922	57 
3923	81 
3924	58 
3925	60 
3926	10 
3927	55 
3928	39 
3929	49 
3930	19 
3931	14 
3932	76 
3933	13 
3934	10 
3935	55 
3936	19 
3937	23 
3938	14 
3939	60 
3940	38 
3941	29 
3942	45 
3943	74 
3944	95 
3945	39 
3946	101 
3947	9 
3948	17 
3949	69 
3950	45 
3951	60 
3952	85 
3953	14 
3954	3 
3955	77 
3956	91 
3957	65 
3958	68 
3959	70 
3960	13 
3961	39 
3962	99 
3963	76 
3964	76 
3965	73 
3966	19 
3967	78 
3968	52 
3969	12 
3970	31 
3971	60 
3972	68 
3973	24 
3974	4 
3975	29 
3976	90 
3977	67 
3978	67 
3979	97 
3980	19 
3981	96 
3982	78 
3983	7 
3984	34 
3985	86 
3986	85 
3987	73 
3988	32 
3989	38 
3990	15 
3991	55 
3992	70 
3993	68 
3994	78 
3995	76 
3996	13 
3997	20 
3998	92 
3999	69 
4000	6 
4001	29 
4002	7 
4003	8 
4004	56 
4005	19 
4006	2 
4007	37 
4008	86 
4009	72 
4010	27 
4011	23 
4012	16 
4013	94 
4014	5 
4015	55 
4016	37 
4017	33 
4018	77 
4019	3 
4020	39 
4021	31 
4022	37 
4023	67 
4024	57 
4025	78 
4026	17 
4027	54 
4028	93 
4029	65 
4030	33 
4031	71 
4032	64 
4033	94 
4034	30 
4035	91 
4036	29 
4037	71 
4038	28 
4039	9 
4040	24 
4041	45 
4042	48 
4043	66 
4044	10 
4045	68 
4046	12 
4047	72 
4048	40 
4049	38 
4050	81 
4051	92 
4052	37 
4053	49 
4054	29 
4055	83 
4056	23 
4057	5 
4058	91 
4059	37 
4060	63 
4061	11 
4062	7 
4063	93 
4064	50 
4065	77 
4066	85 
4067	65 
4068	90 
4069	52 
4070	15 
4071	47 
4072	47 
4073	41 
4074	71 
4075	100 
4076	43 
4077	86 
4078	55 
4079	32 
4080	19 
4081	49 
4082	95 
4083	36 
4084	96 
4085	77 
4086	7 
4087	7 
4088	31 
4089	45 
4090	48 
4091	54 
4092	42 
4093	71 
4094	37 
4095	94 
4096	15 
4097	101 
4098	90 
4099	100 
4100	24 
4101	34 
4102	17 
4103	35 
4104	94 
4105	64 
4106	37 
4107	55 
4108	94 
4109	49 
4110	77 
4111	64 
4112	65 
4113	64 
4114	12 
4115	37 
4116	24 
4117	8 
4118	85 
4119	9 
4120	8 
4121	49 
4122	13 
4123	30 
4124	95 
4125	77 
4126	32 
4127	32 
4128	45 
4129	69 
4130	23 
4131	21 
4132	84 
4133	44 
4134	30 
4135	42 
4136	24 
4137	72 
4138	3 
4139	3 
4140	90 
4141	8 
4142	73 
4143	63 
4144	72 
4145	48 
4146	84 
4147	39 
4148	97 
4149	20 
4150	36 
4151	6 
4152	55 
4153	11 
4154	36 
4155	94 
4156	59 
4157	30 
4158	8 
4159	78 
4160	46 
4161	56 
4162	10 
4163	37 
4164	34 
4165	76 
4166	94 
4167	51 
4168	90 
4169	20 
4170	101 
4171	55 
4172	20 
4173	5 
4174	28 
4175	13 
4176	82 
4177	30 
4178	37 
4179	91 
4180	31 
4181	34 
4182	49 
4183	95 
4184	37 
4185	67 
4186	44 
4187	24 
4188	23 
4189	95 
4190	28 
4191	40 
4192	99 
4193	72 
4194	34 
4195	98 
4196	65 
4197	78 
4198	19 
4199	28 
4200	59 
4201	96 
4202	61 
4203	18 
4204	95 
4205	58 
4206	14 
4207	66 
4208	68 
4209	59 
4210	34 
4211	19 
4212	50 
4213	51 
4214	34 
4215	12 
4216	28 
4217	39 
4218	19 
4219	10 
4220	58 
4221	51 
4222	63 
4223	32 
4224	8 
4225	85 
4226	77 
4227	92 
4228	56 
4229	25 
4230	48 
4231	30 
4232	101 
4233	78 
4234	30 
4235	101 
4236	95 
4237	63 
4238	75 
4239	73 
4240	17 
4241	81 
4242	59 
4243	27 
4244	101 
4245	80 
4246	93 
4247	92 
4248	71 
4249	79 
4250	77 
4251	74 
4252	52 
4253	22 
4254	26 
4255	69 
4256	81 
4257	55 
4258	65 
4259	39 
4260	31 
4261	39 
4262	34 
4263	86 
4264	95 
4265	86 
4266	10 
4267	34 
4268	30 
4269	85 
4270	1 
4271	86 
4272	8 
4273	55 
4274	86 
4275	66 
4276	35 
4277	14 
4278	49 
4279	48 
4280	19 
4281	6 
4282	94 
4283	79 
4284	61 
4285	79 
4286	31 
4287	14 
4288	30 
4289	74 
4290	90 
4291	48 
4292	19 
4293	67 
4294	63 
4295	72 
4296	22 
4297	68 
4298	24 
4299	72 
4300	44 
4301	4 
4302	94 
4303	7 
4304	94 
4305	67 
4306	18 
4307	19 
4308	43 
4309	96 
4310	49 
4311	66 
4312	25 
4313	16 
4314	67 
4315	74 
4316	14 
4317	18 
4318	49 
4319	11 
4320	38 
4321	93 
4322	52 
4323	95 
4324	27 
4325	39 
4326	28 
4327	8 
4328	19 
4329	63 
4330	37 
4331	69 
4332	14 
4333	79 
4334	84 
4335	37 
4336	28 
4337	55 
4338	14 
4339	15 
4340	32 
4341	100 
4342	98 
4343	66 
4344	7 
4345	24 
4346	84 
4347	66 
4348	93 
4349	14 
4350	37 
4351	71 
4352	80 
4353	85 
4354	69 
4355	30 
4356	63 
4357	27 
4358	81 
4359	18 
4360	8 
4361	9 
4362	7 
4363	6 
4364	36 
4365	37 
4366	36 
4367	49 
4368	20 
4369	23 
4370	54 
4371	59 
4372	22 
4373	85 
4374	53 
4375	15 
4376	38 
4377	9 
4378	78 
4379	36 
4380	62 
4381	91 
4382	30 
4383	28 
4384	67 
4385	33 
4386	27 
4387	8 
4388	67 
4389	22 
4390	39 
4391	71 
4392	43 
4393	9 
4394	30 
4395	60 
4396	15 
4397	30 
4398	63 
4399	42 
4400	13 
4401	38 
4402	65 
4403	37 
4404	81 
4405	72 
4406	98 
4407	54 
4408	19 
4409	101 
4410	17 
4411	85 
4412	54 
4413	14 
4414	55 
4415	67 
4416	71 
4417	59 
4418	60 
4419	46 
4420	73 
4421	4 
4422	59 
4423	31 
4424	3 
4425	43 
4426	8 
4427	50 
4428	76 
4429	52 
4430	71 
4431	7 
4432	76 
4433	39 
4434	30 
4435	98 
4436	65 
4437	30 
4438	28 
4439	6 
4440	53 
4441	15 
4442	67 
4443	10 
4444	84 
4445	28 
4446	88 
4447	50 
4448	34 
4449	40 
4450	88 
4451	59 
4452	94 
4453	84 
4454	49 
4455	17 
4456	84 
4457	28 
4458	47 
4459	32 
4460	26 
4461	67 
4462	51 
4463	34 
4464	23 
4465	47 
4466	30 
4467	71 
4468	75 
4469	27 
4470	81 
4471	95 
4472	53 
4473	24 
4474	3 
4475	28 
4476	28 
4477	67 
4478	39 
4479	14 
4480	74 
4481	65 
4482	9 
4483	35 
4484	59 
4485	25 
4486	66 
4487	58 
4488	59 
4489	91 
4490	40 
4491	75 
4492	65 
4493	94 
4494	54 
4495	59 
4496	79 
4497	32 
4498	19 
4499	14 
4500	51 
4501	77 
4502	59 
4503	34 
4504	13 
4505	66 
4506	76 
4507	76 
4508	69 
4509	41 
4510	75 
4511	74 
4512	77 
4513	61 
4514	94 
4515	2 
4516	14 
4517	63 
4518	77 
4519	30 
4520	10 
4521	24 
4522	84 
4523	85 
4524	15 
4525	54 
4526	28 
4527	29 
4528	28 
4529	65 
4530	92 
4531	85 
4532	62 
4533	6 
4534	57 
4535	82 
4536	16 
4537	12 
4538	23 
4539	33 
4540	89 
4541	85 
4542	26 
4543	89 
4544	13 
4545	27 
4546	19 
4547	19 
4548	34 
4549	7 
4550	88 
4551	72 
4552	20 
4553	98 
4554	24 
4555	85 
4556	30 
4557	37 
4558	15 
4559	45 
4560	5 
4561	66 
4562	24 
4563	63 
4564	31 
4565	90 
4566	81 
4567	43 
4568	26 
4569	60 
4570	86 
4571	89 
4572	99 
4573	85 
4574	5 
4575	65 
4576	59 
4577	6 
4578	14 
4579	36 
4580	13 
4581	10 
4582	41 
4583	24 
4584	70 
4585	79 
4586	101 
4587	47 
4588	69 
4589	82 
4590	85 
4591	65 
4592	74 
4593	20 
4594	77 
4595	34 
4596	30 
4597	34 
4598	37 
4599	30 
4600	59 
4601	101 
4602	69 
4603	48 
4604	76 
4605	63 
4606	18 
4607	64 
4608	45 
4609	65 
4610	7 
4611	13 
4612	2 
4613	70 
4614	63 
4615	25 
4616	34 
4617	8 
4618	31 
4619	65 
4620	62 
4621	68 
4622	93 
4623	50 
4624	30 
4625	93 
4626	45 
4627	48 
4628	3 
4629	81 
4630	61 
4631	24 
4632	62 
4633	97 
4634	8 
4635	37 
4636	30 
4637	63 
4638	92 
4639	76 
4640	50 
4641	96 
4642	30 
4643	34 
4644	46 
4645	6 
4646	36 
4647	14 
4648	77 
4649	5 
4650	94 
4651	8 
4652	9 
4653	45 
4654	23 
4655	65 
4656	65 
4657	41 
4658	30 
4659	43 
4660	59 
4661	15 
4662	11 
4663	84 
4664	3 
4665	22 
4666	43 
4667	37 
4668	68 
4669	81 
4670	47 
4671	82 
4672	84 
4673	23 
4674	67 
4675	65 
4676	30 
4677	54 
4678	1 
4679	10 
4680	13 
4681	60 
4682	28 
4683	2 
4684	84 
4685	52 
4686	43 
4687	74 
4688	8 
4689	95 
4690	22 
4691	64 
4692	44 
4693	84 
4694	85 
4695	36 
4696	69 
4697	84 
4698	95 
4699	34 
4700	65 
4701	76 
4702	91 
4703	101 
4704	54 
4705	15 
4706	45 
4707	6 
4708	95 
4709	23 
4710	8 
4711	44 
4712	24 
4713	9 
4714	7 
4715	65 
4716	92 
4717	82 
4718	28 
4719	52 
4720	4 
4721	11 
4722	86 
4723	50 
4724	37 
4725	59 
4726	12 
4727	62 
4728	45 
4729	37 
4730	51 
4731	81 
4732	19 
4733	43 
4734	51 
4735	24 
4736	24 
4737	64 
4738	75 
4739	38 
4740	17 
4741	30 
4742	19 
4743	87 
4744	55 
4745	72 
4746	12 
4747	93 
4748	62 
4749	69 
4750	3 
4751	50 
4752	83 
4753	34 
4754	84 
4755	91 
4756	92 
4757	89 
4758	10 
4759	60 
4760	66 
4761	72 
4762	14 
4763	50 
4764	88 
4765	34 
4766	94 
4767	49 
4768	32 
4769	95 
4770	89 
4771	28 
4772	63 
4773	85 
4774	32 
4775	80 
4776	55 
4777	93 
4778	91 
4779	41 
4780	8 
4781	58 
4782	9 
4783	5 
4784	14 
4785	61 
4786	76 
4787	30 
4788	95 
4789	73 
4790	63 
4791	86 
4792	101 
4793	11 
4794	7 
4795	48 
4796	85 
4797	65 
4798	67 
4799	38 
4800	76 
4801	64 
4802	20 
4803	1 
4804	24 
4805	79 
4806	53 
4807	51 
4808	98 
4809	25 
4810	56 
4811	51 
4812	45 
4813	7 
4814	84 
4815	42 
4816	27 
4817	97 
4818	76 
4819	20 
4820	14 
4821	73 
4822	59 
4823	78 
4824	66 
4825	49 
4826	49 
4827	55 
4828	15 
4829	46 
4830	14 
4831	47 
4832	84 
4833	26 
4834	71 
4835	13 
4836	45 
4837	77 
4838	33 
4839	65 
4840	71 
4841	26 
4842	8 
4843	14 
4844	76 
4845	84 
4846	84 
4847	43 
4848	51 
4849	13 
4850	73 
4851	19 
4852	67 
4853	65 
4854	39 
4855	81 
4856	66 
4857	67 
4858	31 
4859	8 
4860	76 
4861	38 
4862	65 
4863	68 
4864	64 
4865	77 
4866	84 
4867	32 
4868	81 
4869	20 
4870	43 
4871	5 
4872	14 
4873	13 
4874	94 
4875	90 
4876	67 
4877	70 
4878	79 
4879	59 
4880	95 
4881	71 
4882	37 
4883	79 
4884	3 
4885	93 
4886	83 
4887	69 
4888	32 
4889	78 
4890	94 
4891	8 
4892	49 
4893	56 
4894	5 
4895	93 
4896	63 
4897	72 
4898	17 
4899	8 
4900	63 
4901	7 
4902	86 
4903	87 
4904	30 
4905	37 
4906	8 
4907	8 
4908	15 
4909	5 
4910	76 
4911	60 
4912	59 
4913	43 
4914	22 
4915	16 
4916	24 
4917	19 
4918	60 
4919	22 
4920	81 
4921	84 
4922	19 
4923	95 
4924	76 
4925	39 
4926	10 
4927	60 
4928	28 
4929	15 
4930	84 
4931	28 
4932	76 
4933	28 
4934	28 
4935	63 
4936	10 
4937	9 
4938	30 
4939	30 
4940	17 
4941	95 
4942	43 
4943	15 
4944	86 
4945	28 
4946	19 
4947	95 
4948	7 
4949	86 
4950	28 
4951	30 
4952	56 
4953	70 
4954	39 
4955	101 
4956	47 
4957	92 
4958	77 
4959	72 
4960	85 
4961	39 
4962	11 
4963	77 
4964	37 
4965	74 
4966	19 
4967	24 
4968	2 
4969	23 
4970	86 
4971	22 
4972	2 
4973	14 
4974	38 
4975	22 
4976	84 
4977	24 
4978	56 
4979	85 
4980	12 
4981	19 
4982	95 
4983	67 
4984	84 
4985	47 
4986	65 
4987	68 
4988	59 
4989	13 
4990	37 
4991	43 
4992	91 
4993	22 
4994	18 
4995	84 
4996	81 
4997	18 
4998	72 
4999	95 
5000	50 
