1	28 
2	41 
3	22 
4	90 
5	92 
6	59 
7	21 
8	93 
9	25 
10	86 
11	85 
12	12 
13	22 
14	27 
15	92 
16	67 
17	23 
18	10 
19	82 
20	79 
21	61 
22	79 
23	20 
24	46 
25	9 
26	77 
27	27 
28	10 
29	77 
30	3 
31	93 
32	67 
33	50 
34	76 
35	18 
36	66 
37	82 
38	18 
39	48 
40	32 
41	56 
42	18 
43	21 
44	84 
45	82 
46	65 
47	24 
48	86 
49	37 
50	66 
51	89 
52	39 
53	50 
54	87 
55	65 
56	18 
57	84 
58	83 
59	25 
60	96 
61	32 
62	44 
63	16 
64	70 
65	75 
66	24 
67	52 
68	3 
69	33 
70	95 
71	8 
72	72 
73	10 
74	23 
75	77 
76	80 
77	23 
78	13 
79	97 
80	3 
81	97 
82	21 
83	22 
84	87 
85	68 
86	45 
87	72 
88	32 
89	82 
90	33 
91	64 
92	101 
93	85 
94	3 
95	73 
96	42 
97	38 
98	85 
99	10 
100	92 
101	33 
102	33 
103	49 
104	25 
105	18 
106	51 
107	34 
108	92 
109	66 
110	5 
111	5 
112	31 
113	76 
114	45 
115	45 
116	2 
117	77 
118	29 
119	80 
120	16 
121	36 
122	89 
123	69 
124	22 
125	64 
126	1 
127	77 
128	9 
129	83 
130	84 
131	66 
132	48 
133	40 
134	95 
135	40 
136	43 
137	65 
138	23 
139	47 
140	34 
141	38 
142	50 
143	101 
144	6 
145	13 
146	97 
147	23 
148	35 
149	25 
150	37 
151	38 
152	8 
153	11 
154	61 
155	84 
156	93 
157	72 
158	32 
159	61 
160	90 
161	49 
162	7 
163	89 
164	48 
165	18 
166	3 
167	23 
168	17 
169	71 
170	34 
171	100 
172	84 
173	26 
174	88 
175	46 
176	33 
177	101 
178	52 
179	46 
180	67 
181	18 
182	48 
183	87 
184	60 
185	67 
186	63 
187	96 
188	66 
189	18 
190	39 
191	74 
192	84 
193	82 
194	73 
195	99 
196	87 
197	77 
198	81 
199	58 
200	25 
201	92 
202	17 
203	100 
204	50 
205	50 
206	32 
207	45 
208	48 
209	92 
210	70 
211	93 
212	8 
213	84 
214	33 
215	34 
216	9 
217	36 
218	1 
219	81 
220	62 
221	60 
222	97 
223	33 
224	46 
225	28 
226	23 
227	52 
228	50 
229	91 
230	68 
231	64 
232	66 
233	96 
234	33 
235	58 
236	38 
237	22 
238	37 
239	26 
240	66 
241	82 
242	22 
243	10 
244	2 
245	101 
246	64 
247	23 
248	84 
249	35 
250	84 
251	45 
252	79 
253	66 
254	37 
255	50 
256	86 
257	42 
258	80 
259	25 
260	50 
261	14 
262	7 
263	87 
264	33 
265	11 
266	59 
267	6 
268	22 
269	95 
270	73 
271	87 
272	66 
273	87 
274	9 
275	71 
276	5 
277	101 
278	25 
279	87 
280	26 
281	90 
282	50 
283	92 
284	96 
285	82 
286	33 
287	30 
288	48 
289	95 
290	23 
291	52 
292	70 
293	66 
294	50 
295	62 
296	24 
297	56 
298	48 
299	74 
300	75 
301	84 
302	82 
303	29 
304	96 
305	21 
306	91 
307	84 
308	32 
309	19 
310	10 
311	4 
312	100 
313	54 
314	47 
315	70 
316	32 
317	10 
318	26 
319	99 
320	47 
321	90 
322	85 
323	13 
324	90 
325	14 
326	63 
327	22 
328	10 
329	29 
330	32 
331	94 
332	91 
333	79 
334	68 
335	18 
336	10 
337	53 
338	59 
339	25 
340	35 
341	11 
342	84 
343	23 
344	67 
345	38 
346	24 
347	51 
348	92 
349	22 
350	66 
351	14 
352	27 
353	57 
354	75 
355	93 
356	55 
357	38 
358	60 
359	15 
360	17 
361	46 
362	66 
363	76 
364	32 
365	43 
366	42 
367	36 
368	27 
369	91 
370	54 
371	67 
372	32 
373	53 
374	14 
375	61 
376	17 
377	62 
378	32 
379	29 
380	101 
381	37 
382	3 
383	64 
384	14 
385	54 
386	46 
387	23 
388	12 
389	23 
390	87 
391	18 
392	71 
393	13 
394	97 
395	84 
396	39 
397	66 
398	81 
399	64 
400	68 
401	84 
402	42 
403	92 
404	25 
405	98 
406	4 
407	62 
408	35 
409	62 
410	33 
411	5 
412	15 
413	57 
414	92 
415	17 
416	7 
417	10 
418	1 
419	3 
420	46 
421	50 
422	92 
423	56 
424	101 
425	48 
426	17 
427	57 
428	37 
429	25 
430	18 
431	84 
432	90 
433	55 
434	91 
435	21 
436	63 
437	23 
438	92 
439	55 
440	40 
441	36 
442	80 
443	49 
444	53 
445	1 
446	8 
447	93 
448	90 
449	24 
450	73 
451	13 
452	31 
453	100 
454	54 
455	61 
456	19 
457	86 
458	8 
459	35 
460	38 
461	32 
462	44 
463	14 
464	43 
465	71 
466	34 
467	101 
468	51 
469	92 
470	16 
471	25 
472	84 
473	5 
474	101 
475	65 
476	81 
477	50 
478	96 
479	79 
480	12 
481	81 
482	37 
483	97 
484	74 
485	80 
486	50 
487	92 
488	1 
489	9 
490	44 
491	48 
492	60 
493	73 
494	66 
495	72 
496	1 
497	93 
498	63 
499	40 
500	35 
501	91 
502	60 
503	74 
504	45 
505	26 
506	57 
507	23 
508	79 
509	35 
510	29 
511	46 
512	69 
513	25 
514	26 
515	27 
516	72 
517	93 
518	17 
519	5 
520	101 
521	81 
522	56 
523	39 
524	56 
525	98 
526	1 
527	46 
528	64 
529	23 
530	67 
531	9 
532	72 
533	42 
534	18 
535	37 
536	87 
537	28 
538	77 
539	22 
540	1 
541	77 
542	14 
543	92 
544	79 
545	67 
546	97 
547	5 
548	11 
549	34 
550	3 
551	87 
552	95 
553	52 
554	17 
555	14 
556	55 
557	34 
558	86 
559	39 
560	74 
561	40 
562	8 
563	93 
564	59 
565	52 
566	19 
567	63 
568	5 
569	34 
570	8 
571	60 
572	86 
573	23 
574	19 
575	53 
576	45 
577	79 
578	40 
579	46 
580	23 
581	65 
582	52 
583	46 
584	2 
585	6 
586	4 
587	9 
588	67 
589	45 
590	71 
591	18 
592	61 
593	20 
594	38 
595	77 
596	56 
597	52 
598	37 
599	39 
600	13 
601	33 
602	31 
603	46 
604	84 
605	81 
606	35 
607	73 
608	84 
609	91 
610	76 
611	93 
612	70 
613	68 
614	37 
615	76 
616	57 
617	101 
618	45 
619	44 
620	92 
621	68 
622	19 
623	99 
624	19 
625	29 
626	51 
627	11 
628	50 
629	48 
630	51 
631	60 
632	16 
633	27 
634	91 
635	100 
636	1 
637	43 
638	46 
639	37 
640	59 
641	29 
642	25 
643	12 
644	56 
645	93 
646	84 
647	10 
648	81 
649	73 
650	54 
651	15 
652	40 
653	64 
654	9 
655	4 
656	59 
657	15 
658	84 
659	42 
660	32 
661	29 
662	84 
663	1 
664	5 
665	45 
666	21 
667	45 
668	101 
669	92 
670	74 
671	101 
672	88 
673	50 
674	6 
675	25 
676	85 
677	71 
678	18 
679	40 
680	73 
681	2 
682	80 
683	65 
684	38 
685	92 
686	101 
687	21 
688	32 
689	42 
690	50 
691	3 
692	81 
693	49 
694	23 
695	15 
696	7 
697	87 
698	25 
699	18 
700	48 
701	100 
702	17 
703	23 
704	29 
705	22 
706	10 
707	66 
708	85 
709	40 
710	37 
711	30 
712	25 
713	84 
714	56 
715	10 
716	5 
717	13 
718	67 
719	73 
720	81 
721	50 
722	69 
723	10 
724	101 
725	78 
726	52 
727	66 
728	92 
729	76 
730	75 
731	17 
732	40 
733	32 
734	70 
735	67 
736	101 
737	74 
738	41 
739	51 
740	5 
741	45 
742	48 
743	91 
744	28 
745	76 
746	9 
747	36 
748	37 
749	76 
750	38 
751	89 
752	66 
753	33 
754	10 
755	56 
756	34 
757	99 
758	66 
759	50 
760	68 
761	62 
762	42 
763	50 
764	32 
765	83 
766	16 
767	66 
768	90 
769	64 
770	94 
771	62 
772	71 
773	30 
774	5 
775	82 
776	12 
777	40 
778	2 
779	87 
780	95 
781	48 
782	92 
783	26 
784	98 
785	5 
786	57 
787	13 
788	54 
789	19 
790	47 
791	11 
792	81 
793	14 
794	35 
795	18 
796	60 
797	19 
798	52 
799	82 
800	37 
801	26 
802	23 
803	15 
804	59 
805	10 
806	29 
807	27 
808	43 
809	97 
810	32 
811	44 
812	42 
813	33 
814	81 
815	84 
816	24 
817	74 
818	27 
819	6 
820	88 
821	50 
822	73 
823	44 
824	69 
825	7 
826	42 
827	90 
828	42 
829	48 
830	87 
831	56 
832	14 
833	84 
834	62 
835	83 
836	3 
837	88 
838	100 
839	13 
840	95 
841	92 
842	36 
843	28 
844	26 
845	8 
846	22 
847	56 
848	62 
849	39 
850	17 
851	44 
852	36 
853	38 
854	84 
855	92 
856	93 
857	18 
858	10 
859	32 
860	33 
861	89 
862	42 
863	90 
864	68 
865	81 
866	16 
867	71 
868	75 
869	91 
870	88 
871	71 
872	101 
873	96 
874	67 
875	30 
876	101 
877	81 
878	28 
879	54 
880	86 
881	28 
882	91 
883	88 
884	57 
885	82 
886	82 
887	101 
888	72 
889	32 
890	35 
891	23 
892	19 
893	3 
894	33 
895	56 
896	48 
897	63 
898	82 
899	21 
900	32 
901	73 
902	51 
903	73 
904	84 
905	5 
906	50 
907	25 
908	17 
909	39 
910	67 
911	68 
912	84 
913	56 
914	28 
915	36 
916	37 
917	41 
918	29 
919	79 
920	37 
921	36 
922	20 
923	78 
924	10 
925	39 
926	26 
927	100 
928	85 
929	61 
930	16 
931	3 
932	33 
933	63 
934	42 
935	48 
936	53 
937	84 
938	67 
939	34 
940	9 
941	81 
942	87 
943	23 
944	70 
945	11 
946	83 
947	41 
948	24 
949	50 
950	3 
951	29 
952	17 
953	69 
954	101 
955	74 
956	96 
957	92 
958	37 
959	64 
960	42 
961	101 
962	17 
963	1 
964	82 
965	82 
966	71 
967	20 
968	99 
969	46 
970	46 
971	59 
972	70 
973	39 
974	97 
975	28 
976	3 
977	3 
978	97 
979	79 
980	29 
981	12 
982	17 
983	10 
984	82 
985	33 
986	7 
987	87 
988	25 
989	40 
990	37 
991	100 
992	96 
993	13 
994	41 
995	97 
996	55 
997	90 
998	75 
999	18 
1000	7 
1001	46 
1002	2 
1003	90 
1004	53 
1005	19 
1006	55 
1007	18 
1008	101 
1009	24 
1010	19 
1011	25 
1012	18 
1013	7 
1014	60 
1015	55 
1016	31 
1017	76 
1018	13 
1019	81 
1020	1 
1021	46 
1022	32 
1023	56 
1024	19 
1025	79 
1026	18 
1027	33 
1028	91 
1029	78 
1030	56 
1031	54 
1032	93 
1033	75 
1034	14 
1035	4 
1036	48 
1037	32 
1038	84 
1039	13 
1040	10 
1041	10 
1042	73 
1043	18 
1044	83 
1045	82 
1046	45 
1047	100 
1048	64 
1049	90 
1050	37 
1051	76 
1052	74 
1053	7 
1054	48 
1055	13 
1056	25 
1057	84 
1058	56 
1059	83 
1060	101 
1061	67 
1062	76 
1063	50 
1064	52 
1065	67 
1066	17 
1067	99 
1068	25 
1069	74 
1070	10 
1071	89 
1072	46 
1073	1 
1074	3 
1075	94 
1076	24 
1077	10 
1078	76 
1079	55 
1080	17 
1081	61 
1082	76 
1083	42 
1084	21 
1085	14 
1086	29 
1087	32 
1088	28 
1089	93 
1090	55 
1091	52 
1092	11 
1093	5 
1094	87 
1095	13 
1096	7 
1097	87 
1098	17 
1099	68 
1100	84 
1101	66 
1102	49 
1103	1 
1104	20 
1105	75 
1106	31 
1107	17 
1108	91 
1109	101 
1110	26 
1111	90 
1112	78 
1113	8 
1114	50 
1115	70 
1116	39 
1117	35 
1118	23 
1119	82 
1120	82 
1121	75 
1122	96 
1123	57 
1124	56 
1125	59 
1126	48 
1127	37 
1128	84 
1129	45 
1130	64 
1131	68 
1132	40 
1133	90 
1134	97 
1135	50 
1136	81 
1137	4 
1138	26 
1139	36 
1140	46 
1141	23 
1142	54 
1143	88 
1144	39 
1145	22 
1146	35 
1147	35 
1148	10 
1149	72 
1150	10 
1151	88 
1152	101 
1153	47 
1154	99 
1155	92 
1156	76 
1157	5 
1158	6 
1159	20 
1160	28 
1161	53 
1162	18 
1163	13 
1164	47 
1165	101 
1166	93 
1167	86 
1168	20 
1169	40 
1170	35 
1171	98 
1172	85 
1173	10 
1174	17 
1175	40 
1176	68 
1177	66 
1178	19 
1179	55 
1180	76 
1181	45 
1182	89 
1183	65 
1184	85 
1185	89 
1186	83 
1187	64 
1188	17 
1189	32 
1190	75 
1191	87 
1192	39 
1193	100 
1194	1 
1195	69 
1196	18 
1197	14 
1198	100 
1199	72 
1200	42 
1201	23 
1202	32 
1203	91 
1204	82 
1205	27 
1206	22 
1207	67 
1208	84 
1209	20 
1210	99 
1211	81 
1212	92 
1213	38 
1214	45 
1215	14 
1216	84 
1217	91 
1218	81 
1219	5 
1220	74 
1221	1 
1222	45 
1223	90 
1224	74 
1225	68 
1226	24 
1227	34 
1228	71 
1229	1 
1230	55 
1231	47 
1232	95 
1233	71 
1234	14 
1235	34 
1236	86 
1237	16 
1238	88 
1239	7 
1240	8 
1241	62 
1242	56 
1243	98 
1244	25 
1245	56 
1246	34 
1247	42 
1248	38 
1249	2 
1250	48 
1251	67 
1252	35 
1253	81 
1254	13 
1255	60 
1256	1 
1257	58 
1258	12 
1259	74 
1260	49 
1261	39 
1262	26 
1263	41 
1264	22 
1265	73 
1266	58 
1267	92 
1268	42 
1269	62 
1270	46 
1271	17 
1272	10 
1273	26 
1274	66 
1275	80 
1276	45 
1277	101 
1278	68 
1279	52 
1280	47 
1281	33 
1282	25 
1283	81 
1284	3 
1285	15 
1286	5 
1287	56 
1288	92 
1289	88 
1290	86 
1291	76 
1292	17 
1293	17 
1294	40 
1295	99 
1296	31 
1297	82 
1298	64 
1299	21 
1300	73 
1301	21 
1302	76 
1303	32 
1304	60 
1305	82 
1306	53 
1307	26 
1308	75 
1309	73 
1310	57 
1311	2 
1312	100 
1313	13 
1314	43 
1315	91 
1316	50 
1317	99 
1318	82 
1319	78 
1320	19 
1321	47 
1322	49 
1323	100 
1324	23 
1325	18 
1326	68 
1327	9 
1328	65 
1329	74 
1330	83 
1331	78 
1332	10 
1333	57 
1334	96 
1335	67 
1336	23 
1337	45 
1338	25 
1339	101 
1340	24 
1341	67 
1342	4 
1343	33 
1344	41 
1345	55 
1346	47 
1347	1 
1348	46 
1349	26 
1350	17 
1351	101 
1352	15 
1353	66 
1354	15 
1355	47 
1356	77 
1357	14 
1358	62 
1359	17 
1360	91 
1361	96 
1362	83 
1363	21 
1364	84 
1365	1 
1366	10 
1367	35 
1368	43 
1369	95 
1370	20 
1371	44 
1372	85 
1373	69 
1374	44 
1375	25 
1376	63 
1377	5 
1378	15 
1379	100 
1380	95 
1381	9 
1382	79 
1383	39 
1384	18 
1385	32 
1386	42 
1387	96 
1388	50 
1389	90 
1390	55 
1391	84 
1392	96 
1393	98 
1394	48 
1395	1 
1396	52 
1397	33 
1398	40 
1399	90 
1400	13 
1401	49 
1402	68 
1403	32 
1404	28 
1405	22 
1406	88 
1407	60 
1408	68 
1409	92 
1410	93 
1411	48 
1412	35 
1413	84 
1414	34 
1415	30 
1416	61 
1417	48 
1418	92 
1419	91 
1420	3 
1421	82 
1422	3 
1423	74 
1424	74 
1425	48 
1426	36 
1427	77 
1428	84 
1429	49 
1430	84 
1431	96 
1432	69 
1433	62 
1434	25 
1435	47 
1436	87 
1437	63 
1438	5 
1439	42 
1440	51 
1441	65 
1442	12 
1443	39 
1444	3 
1445	58 
1446	85 
1447	59 
1448	3 
1449	9 
1450	23 
1451	16 
1452	67 
1453	48 
1454	45 
1455	40 
1456	27 
1457	83 
1458	85 
1459	50 
1460	39 
1461	19 
1462	97 
1463	25 
1464	13 
1465	22 
1466	97 
1467	76 
1468	37 
1469	45 
1470	36 
1471	33 
1472	10 
1473	98 
1474	68 
1475	41 
1476	79 
1477	92 
1478	33 
1479	32 
1480	86 
1481	88 
1482	46 
1483	22 
1484	74 
1485	57 
1486	75 
1487	18 
1488	84 
1489	43 
1490	72 
1491	49 
1492	39 
1493	43 
1494	17 
1495	26 
1496	84 
1497	73 
1498	60 
1499	87 
1500	64 
1501	11 
1502	73 
1503	14 
1504	76 
1505	13 
1506	67 
1507	57 
1508	59 
1509	33 
1510	23 
1511	50 
1512	4 
1513	64 
1514	85 
1515	97 
1516	59 
1517	15 
1518	18 
1519	98 
1520	53 
1521	73 
1522	68 
1523	13 
1524	96 
1525	6 
1526	68 
1527	92 
1528	72 
1529	29 
1530	72 
1531	4 
1532	5 
1533	57 
1534	100 
1535	84 
1536	68 
1537	67 
1538	45 
1539	29 
1540	46 
1541	85 
1542	14 
1543	5 
1544	32 
1545	23 
1546	23 
1547	3 
1548	14 
1549	52 
1550	7 
1551	93 
1552	86 
1553	73 
1554	81 
1555	62 
1556	74 
1557	60 
1558	24 
1559	48 
1560	35 
1561	28 
1562	68 
1563	10 
1564	61 
1565	76 
1566	65 
1567	18 
1568	39 
1569	57 
1570	52 
1571	61 
1572	5 
1573	100 
1574	3 
1575	14 
1576	9 
1577	10 
1578	20 
1579	21 
1580	42 
1581	91 
1582	99 
1583	77 
1584	75 
1585	56 
1586	75 
1587	81 
1588	82 
1589	60 
1590	51 
1591	36 
1592	31 
1593	5 
1594	32 
1595	27 
1596	86 
1597	60 
1598	20 
1599	5 
1600	86 
1601	100 
1602	57 
1603	45 
1604	67 
1605	57 
1606	42 
1607	74 
1608	100 
1609	18 
1610	42 
1611	10 
1612	79 
1613	74 
1614	20 
1615	25 
1616	42 
1617	88 
1618	39 
1619	18 
1620	53 
1621	101 
1622	5 
1623	42 
1624	56 
1625	3 
1626	27 
1627	45 
1628	20 
1629	82 
1630	67 
1631	93 
1632	82 
1633	51 
1634	48 
1635	25 
1636	101 
1637	24 
1638	21 
1639	28 
1640	101 
1641	11 
1642	62 
1643	25 
1644	14 
1645	66 
1646	29 
1647	2 
1648	67 
1649	90 
1650	89 
1651	23 
1652	91 
1653	8 
1654	82 
1655	11 
1656	81 
1657	93 
1658	48 
1659	84 
1660	97 
1661	48 
1662	12 
1663	50 
1664	87 
1665	77 
1666	25 
1667	55 
1668	92 
1669	16 
1670	16 
1671	91 
1672	79 
1673	77 
1674	88 
1675	18 
1676	3 
1677	19 
1678	34 
1679	76 
1680	78 
1681	87 
1682	39 
1683	96 
1684	3 
1685	87 
1686	19 
1687	56 
1688	35 
1689	48 
1690	3 
1691	25 
1692	32 
1693	34 
1694	91 
1695	75 
1696	10 
1697	82 
1698	23 
1699	41 
1700	48 
1701	5 
1702	46 
1703	92 
1704	50 
1705	4 
1706	10 
1707	84 
1708	73 
1709	77 
1710	53 
1711	23 
1712	33 
1713	74 
1714	95 
1715	86 
1716	67 
1717	92 
1718	19 
1719	33 
1720	99 
1721	87 
1722	29 
1723	30 
1724	50 
1725	101 
1726	96 
1727	5 
1728	54 
1729	6 
1730	37 
1731	101 
1732	65 
1733	23 
1734	4 
1735	59 
1736	24 
1737	40 
1738	82 
1739	67 
1740	51 
1741	22 
1742	14 
1743	33 
1744	98 
1745	96 
1746	23 
1747	77 
1748	40 
1749	101 
1750	19 
1751	83 
1752	42 
1753	82 
1754	62 
1755	40 
1756	15 
1757	42 
1758	79 
1759	26 
1760	46 
1761	93 
1762	4 
1763	10 
1764	15 
1765	87 
1766	50 
1767	16 
1768	97 
1769	42 
1770	100 
1771	17 
1772	99 
1773	87 
1774	41 
1775	73 
1776	25 
1777	35 
1778	96 
1779	26 
1780	84 
1781	7 
1782	82 
1783	68 
1784	81 
1785	20 
1786	91 
1787	33 
1788	1 
1789	56 
1790	39 
1791	73 
1792	59 
1793	24 
1794	88 
1795	28 
1796	75 
1797	90 
1798	32 
1799	47 
1800	48 
1801	71 
1802	62 
1803	19 
1804	79 
1805	2 
1806	56 
1807	26 
1808	35 
1809	61 
1810	26 
1811	25 
1812	35 
1813	68 
1814	29 
1815	56 
1816	67 
1817	53 
1818	28 
1819	11 
1820	45 
1821	84 
1822	96 
1823	22 
1824	23 
1825	92 
1826	75 
1827	92 
1828	64 
1829	84 
1830	46 
1831	88 
1832	52 
1833	101 
1834	74 
1835	42 
1836	64 
1837	82 
1838	32 
1839	66 
1840	79 
1841	93 
1842	101 
1843	2 
1844	27 
1845	99 
1846	62 
1847	28 
1848	73 
1849	36 
1850	18 
1851	5 
1852	37 
1853	46 
1854	17 
1855	92 
1856	25 
1857	49 
1858	10 
1859	80 
1860	59 
1861	20 
1862	67 
1863	31 
1864	60 
1865	90 
1866	84 
1867	85 
1868	72 
1869	87 
1870	90 
1871	60 
1872	71 
1873	83 
1874	28 
1875	24 
1876	70 
1877	48 
1878	10 
1879	83 
1880	31 
1881	62 
1882	42 
1883	56 
1884	2 
1885	81 
1886	36 
1887	75 
1888	74 
1889	17 
1890	71 
1891	89 
1892	33 
1893	25 
1894	65 
1895	23 
1896	3 
1897	19 
1898	85 
1899	30 
1900	85 
1901	84 
1902	61 
1903	52 
1904	57 
1905	100 
1906	81 
1907	45 
1908	79 
1909	94 
1910	66 
1911	85 
1912	77 
1913	37 
1914	15 
1915	67 
1916	25 
1917	34 
1918	81 
1919	46 
1920	41 
1921	44 
1922	44 
1923	5 
1924	95 
1925	27 
1926	19 
1927	55 
1928	27 
1929	25 
1930	67 
1931	33 
1932	70 
1933	24 
1934	7 
1935	22 
1936	13 
1937	71 
1938	93 
1939	13 
1940	87 
1941	97 
1942	64 
1943	90 
1944	67 
1945	90 
1946	92 
1947	19 
1948	84 
1949	68 
1950	84 
1951	101 
1952	58 
1953	30 
1954	78 
1955	31 
1956	37 
1957	52 
1958	30 
1959	40 
1960	2 
1961	42 
1962	78 
1963	101 
1964	5 
1965	68 
1966	25 
1967	100 
1968	4 
1969	49 
1970	23 
1971	23 
1972	90 
1973	42 
1974	17 
1975	1 
1976	71 
1977	47 
1978	40 
1979	60 
1980	84 
1981	12 
1982	82 
1983	86 
1984	99 
1985	51 
1986	47 
1987	68 
1988	78 
1989	81 
1990	53 
1991	81 
1992	24 
1993	42 
1994	18 
1995	96 
1996	17 
1997	96 
1998	7 
1999	65 
2000	28 
2001	22 
2002	75 
2003	96 
2004	21 
2005	10 
2006	42 
2007	96 
2008	90 
2009	81 
2010	23 
2011	2 
2012	92 
2013	67 
2014	91 
2015	62 
2016	87 
2017	7 
2018	72 
2019	84 
2020	11 
2021	14 
2022	49 
2023	33 
2024	86 
2025	17 
2026	27 
2027	8 
2028	85 
2029	44 
2030	15 
2031	37 
2032	96 
2033	50 
2034	83 
2035	11 
2036	55 
2037	32 
2038	100 
2039	9 
2040	36 
2041	25 
2042	59 
2043	22 
2044	99 
2045	92 
2046	85 
2047	32 
2048	17 
2049	87 
2050	48 
2051	87 
2052	27 
2053	25 
2054	92 
2055	87 
2056	44 
2057	1 
2058	93 
2059	90 
2060	20 
2061	56 
2062	85 
2063	88 
2064	4 
2065	50 
2066	84 
2067	57 
2068	100 
2069	56 
2070	77 
2071	45 
2072	88 
2073	70 
2074	62 
2075	42 
2076	50 
2077	67 
2078	21 
2079	93 
2080	96 
2081	33 
2082	22 
2083	53 
2084	45 
2085	75 
2086	25 
2087	87 
2088	37 
2089	19 
2090	75 
2091	12 
2092	26 
2093	47 
2094	18 
2095	5 
2096	54 
2097	62 
2098	87 
2099	96 
2100	82 
2101	82 
2102	66 
2103	53 
2104	42 
2105	37 
2106	63 
2107	48 
2108	62 
2109	53 
2110	39 
2111	19 
2112	56 
2113	6 
2114	28 
2115	76 
2116	50 
2117	37 
2118	46 
2119	42 
2120	5 
2121	42 
2122	35 
2123	85 
2124	35 
2125	30 
2126	13 
2127	70 
2128	90 
2129	19 
2130	54 
2131	25 
2132	35 
2133	42 
2134	61 
2135	45 
2136	20 
2137	64 
2138	55 
2139	39 
2140	67 
2141	90 
2142	50 
2143	26 
2144	81 
2145	100 
2146	77 
2147	32 
2148	86 
2149	68 
2150	10 
2151	50 
2152	15 
2153	58 
2154	101 
2155	10 
2156	35 
2157	40 
2158	1 
2159	14 
2160	100 
2161	66 
2162	54 
2163	19 
2164	17 
2165	89 
2166	87 
2167	97 
2168	92 
2169	33 
2170	73 
2171	88 
2172	20 
2173	84 
2174	50 
2175	101 
2176	32 
2177	12 
2178	57 
2179	89 
2180	26 
2181	39 
2182	25 
2183	6 
2184	50 
2185	86 
2186	2 
2187	68 
2188	83 
2189	67 
2190	101 
2191	90 
2192	46 
2193	45 
2194	3 
2195	15 
2196	78 
2197	68 
2198	6 
2199	58 
2200	70 
2201	54 
2202	25 
2203	21 
2204	7 
2205	18 
2206	74 
2207	22 
2208	3 
2209	47 
2210	73 
2211	18 
2212	34 
2213	87 
2214	100 
2215	67 
2216	64 
2217	22 
2218	72 
2219	101 
2220	101 
2221	42 
2222	100 
2223	74 
2224	73 
2225	66 
2226	38 
2227	4 
2228	81 
2229	45 
2230	7 
2231	71 
2232	74 
2233	47 
2234	50 
2235	61 
2236	82 
2237	74 
2238	81 
2239	63 
2240	25 
2241	75 
2242	25 
2243	26 
2244	58 
2245	101 
2246	10 
2247	92 
2248	91 
2249	42 
2250	4 
2251	43 
2252	48 
2253	56 
2254	50 
2255	84 
2256	74 
2257	81 
2258	90 
2259	84 
2260	13 
2261	53 
2262	23 
2263	17 
2264	49 
2265	13 
2266	10 
2267	56 
2268	16 
2269	17 
2270	24 
2271	25 
2272	17 
2273	33 
2274	33 
2275	87 
2276	68 
2277	2 
2278	1 
2279	67 
2280	101 
2281	35 
2282	63 
2283	25 
2284	31 
2285	86 
2286	96 
2287	13 
2288	56 
2289	42 
2290	101 
2291	92 
2292	85 
2293	40 
2294	15 
2295	27 
2296	77 
2297	90 
2298	68 
2299	45 
2300	64 
2301	25 
2302	26 
2303	74 
2304	68 
2305	91 
2306	39 
2307	71 
2308	55 
2309	10 
2310	81 
2311	5 
2312	46 
2313	32 
2314	67 
2315	2 
2316	55 
2317	41 
2318	18 
2319	31 
2320	77 
2321	33 
2322	81 
2323	81 
2324	67 
2325	75 
2326	81 
2327	38 
2328	89 
2329	71 
2330	56 
2331	74 
2332	3 
2333	37 
2334	24 
2335	3 
2336	10 
2337	36 
2338	41 
2339	65 
2340	25 
2341	92 
2342	67 
2343	73 
2344	48 
2345	82 
2346	100 
2347	99 
2348	96 
2349	80 
2350	81 
2351	42 
2352	88 
2353	48 
2354	18 
2355	68 
2356	36 
2357	67 
2358	50 
2359	50 
2360	50 
2361	84 
2362	97 
2363	3 
2364	83 
2365	88 
2366	46 
2367	65 
2368	55 
2369	64 
2370	35 
2371	32 
2372	38 
2373	72 
2374	32 
2375	11 
2376	92 
2377	75 
2378	17 
2379	49 
2380	15 
2381	17 
2382	89 
2383	35 
2384	56 
2385	92 
2386	99 
2387	32 
2388	88 
2389	50 
2390	48 
2391	81 
2392	53 
2393	68 
2394	56 
2395	87 
2396	25 
2397	17 
2398	60 
2399	77 
2400	25 
2401	15 
2402	28 
2403	32 
2404	96 
2405	90 
2406	87 
2407	9 
2408	83 
2409	54 
2410	13 
2411	53 
2412	59 
2413	30 
2414	21 
2415	49 
2416	90 
2417	33 
2418	23 
2419	33 
2420	82 
2421	49 
2422	33 
2423	15 
2424	89 
2425	42 
2426	86 
2427	1 
2428	4 
2429	10 
2430	91 
2431	55 
2432	69 
2433	54 
2434	13 
2435	35 
2436	88 
2437	100 
2438	23 
2439	40 
2440	96 
2441	52 
2442	87 
2443	52 
2444	17 
2445	17 
2446	17 
2447	48 
2448	7 
2449	37 
2450	46 
2451	24 
2452	15 
2453	90 
2454	74 
2455	98 
2456	60 
2457	54 
2458	18 
2459	22 
2460	55 
2461	33 
2462	11 
2463	38 
2464	99 
2465	84 
2466	5 
2467	94 
2468	32 
2469	27 
2470	84 
2471	95 
2472	84 
2473	96 
2474	92 
2475	88 
2476	53 
2477	83 
2478	101 
2479	39 
2480	13 
2481	42 
2482	39 
2483	46 
2484	17 
2485	50 
2486	1 
2487	79 
2488	64 
2489	34 
2490	72 
2491	93 
2492	77 
2493	92 
2494	32 
2495	58 
2496	42 
2497	42 
2498	63 
2499	45 
2500	92 
2501	60 
2502	1 
2503	26 
2504	96 
2505	48 
2506	96 
2507	77 
2508	49 
2509	41 
2510	46 
2511	11 
2512	40 
2513	28 
2514	21 
2515	8 
2516	99 
2517	98 
2518	67 
2519	73 
2520	83 
2521	18 
2522	92 
2523	22 
2524	26 
2525	13 
2526	34 
2527	94 
2528	60 
2529	77 
2530	21 
2531	1 
2532	88 
2533	32 
2534	68 
2535	50 
2536	9 
2537	61 
2538	20 
2539	91 
2540	91 
2541	39 
2542	33 
2543	93 
2544	67 
2545	81 
2546	63 
2547	9 
2548	5 
2549	58 
2550	92 
2551	24 
2552	101 
2553	47 
2554	48 
2555	76 
2556	18 
2557	82 
2558	86 
2559	48 
2560	41 
2561	23 
2562	23 
2563	101 
2564	19 
2565	37 
2566	26 
2567	55 
2568	72 
2569	99 
2570	53 
2571	67 
2572	3 
2573	53 
2574	88 
2575	82 
2576	8 
2577	22 
2578	7 
2579	49 
2580	14 
2581	22 
2582	98 
2583	8 
2584	46 
2585	81 
2586	69 
2587	61 
2588	26 
2589	9 
2590	35 
2591	81 
2592	48 
2593	67 
2594	86 
2595	16 
2596	20 
2597	91 
2598	22 
2599	27 
2600	87 
2601	57 
2602	3 
2603	48 
2604	89 
2605	100 
2606	101 
2607	37 
2608	38 
2609	98 
2610	101 
2611	23 
2612	12 
2613	38 
2614	11 
2615	13 
2616	93 
2617	10 
2618	96 
2619	92 
2620	26 
2621	96 
2622	39 
2623	33 
2624	88 
2625	6 
2626	52 
2627	3 
2628	15 
2629	75 
2630	37 
2631	53 
2632	25 
2633	52 
2634	82 
2635	100 
2636	21 
2637	69 
2638	62 
2639	11 
2640	30 
2641	17 
2642	34 
2643	59 
2644	71 
2645	11 
2646	32 
2647	29 
2648	75 
2649	72 
2650	32 
2651	21 
2652	60 
2653	90 
2654	61 
2655	68 
2656	88 
2657	3 
2658	92 
2659	27 
2660	33 
2661	17 
2662	52 
2663	14 
2664	46 
2665	67 
2666	32 
2667	38 
2668	59 
2669	75 
2670	37 
2671	6 
2672	40 
2673	32 
2674	94 
2675	84 
2676	101 
2677	57 
2678	51 
2679	42 
2680	64 
2681	56 
2682	91 
2683	46 
2684	25 
2685	52 
2686	91 
2687	15 
2688	14 
2689	85 
2690	41 
2691	37 
2692	95 
2693	56 
2694	64 
2695	42 
2696	32 
2697	48 
2698	81 
2699	28 
2700	48 
2701	31 
2702	23 
2703	79 
2704	36 
2705	66 
2706	44 
2707	16 
2708	42 
2709	100 
2710	27 
2711	2 
2712	90 
2713	93 
2714	2 
2715	11 
2716	25 
2717	1 
2718	47 
2719	79 
2720	40 
2721	16 
2722	17 
2723	92 
2724	67 
2725	92 
2726	18 
2727	54 
2728	52 
2729	17 
2730	52 
2731	49 
2732	5 
2733	5 
2734	73 
2735	70 
2736	12 
2737	99 
2738	74 
2739	90 
2740	15 
2741	5 
2742	45 
2743	77 
2744	59 
2745	81 
2746	96 
2747	52 
2748	17 
2749	55 
2750	40 
2751	51 
2752	79 
2753	59 
2754	15 
2755	93 
2756	21 
2757	91 
2758	60 
2759	22 
2760	76 
2761	60 
2762	86 
2763	81 
2764	25 
2765	10 
2766	23 
2767	100 
2768	46 
2769	81 
2770	17 
2771	97 
2772	23 
2773	14 
2774	35 
2775	2 
2776	33 
2777	7 
2778	33 
2779	42 
2780	23 
2781	100 
2782	73 
2783	14 
2784	86 
2785	87 
2786	77 
2787	39 
2788	59 
2789	22 
2790	25 
2791	74 
2792	90 
2793	63 
2794	40 
2795	57 
2796	39 
2797	1 
2798	3 
2799	64 
2800	5 
2801	25 
2802	26 
2803	16 
2804	86 
2805	43 
2806	10 
2807	92 
2808	92 
2809	32 
2810	100 
2811	88 
2812	87 
2813	44 
2814	48 
2815	100 
2816	52 
2817	65 
2818	50 
2819	1 
2820	72 
2821	7 
2822	91 
2823	14 
2824	8 
2825	6 
2826	16 
2827	9 
2828	85 
2829	49 
2830	41 
2831	58 
2832	73 
2833	76 
2834	30 
2835	49 
2836	58 
2837	25 
2838	97 
2839	23 
2840	25 
2841	78 
2842	15 
2843	49 
2844	77 
2845	42 
2846	36 
2847	80 
2848	76 
2849	57 
2850	53 
2851	33 
2852	85 
2853	32 
2854	60 
2855	81 
2856	23 
2857	93 
2858	88 
2859	18 
2860	93 
2861	61 
2862	46 
2863	24 
2864	68 
2865	96 
2866	68 
2867	55 
2868	18 
2869	40 
2870	52 
2871	72 
2872	24 
2873	29 
2874	79 
2875	60 
2876	17 
2877	30 
2878	36 
2879	5 
2880	66 
2881	10 
2882	96 
2883	73 
2884	43 
2885	43 
2886	25 
2887	23 
2888	37 
2889	58 
2890	70 
2891	36 
2892	84 
2893	46 
2894	33 
2895	53 
2896	81 
2897	85 
2898	33 
2899	90 
2900	70 
2901	22 
2902	53 
2903	37 
2904	61 
2905	42 
2906	68 
2907	68 
2908	72 
2909	58 
2910	36 
2911	87 
2912	2 
2913	47 
2914	40 
2915	67 
2916	80 
2917	85 
2918	18 
2919	38 
2920	53 
2921	58 
2922	45 
2923	89 
2924	74 
2925	83 
2926	10 
2927	18 
2928	92 
2929	42 
2930	14 
2931	57 
2932	62 
2933	37 
2934	92 
2935	92 
2936	29 
2937	3 
2938	74 
2939	73 
2940	89 
2941	28 
2942	20 
2943	3 
2944	18 
2945	57 
2946	64 
2947	48 
2948	17 
2949	95 
2950	25 
2951	45 
2952	23 
2953	55 
2954	77 
2955	101 
2956	28 
2957	32 
2958	100 
2959	74 
2960	54 
2961	86 
2962	92 
2963	17 
2964	85 
2965	81 
2966	23 
2967	82 
2968	46 
2969	23 
2970	19 
2971	81 
2972	10 
2973	67 
2974	76 
2975	22 
2976	13 
2977	100 
2978	97 
2979	87 
2980	86 
2981	31 
2982	50 
2983	95 
2984	67 
2985	83 
2986	42 
2987	87 
2988	37 
2989	74 
2990	42 
2991	94 
2992	85 
2993	69 
2994	81 
2995	31 
2996	48 
2997	28 
2998	79 
2999	46 
3000	101 
3001	47 
3002	48 
3003	76 
3004	94 
3005	86 
3006	59 
3007	96 
3008	99 
3009	67 
3010	42 
3011	62 
3012	93 
3013	79 
3014	18 
3015	84 
3016	56 
3017	2 
3018	26 
3019	16 
3020	21 
3021	19 
3022	50 
3023	97 
3024	68 
3025	86 
3026	48 
3027	83 
3028	97 
3029	17 
3030	27 
3031	100 
3032	11 
3033	32 
3034	52 
3035	77 
3036	17 
3037	50 
3038	97 
3039	37 
3040	23 
3041	31 
3042	54 
3043	36 
3044	76 
3045	55 
3046	33 
3047	20 
3048	25 
3049	85 
3050	74 
3051	26 
3052	43 
3053	17 
3054	74 
3055	77 
3056	42 
3057	49 
3058	11 
3059	80 
3060	22 
3061	90 
3062	47 
3063	87 
3064	40 
3065	17 
3066	84 
3067	47 
3068	16 
3069	25 
3070	23 
3071	23 
3072	20 
3073	5 
3074	68 
3075	100 
3076	12 
3077	10 
3078	19 
3079	87 
3080	35 
3081	7 
3082	53 
3083	101 
3084	71 
3085	28 
3086	68 
3087	7 
3088	19 
3089	53 
3090	54 
3091	82 
3092	50 
3093	33 
3094	33 
3095	8 
3096	76 
3097	100 
3098	29 
3099	37 
3100	83 
3101	59 
3102	52 
3103	22 
3104	80 
3105	29 
3106	40 
3107	33 
3108	50 
3109	53 
3110	21 
3111	26 
3112	77 
3113	25 
3114	81 
3115	94 
3116	23 
3117	81 
3118	10 
3119	19 
3120	29 
3121	10 
3122	48 
3123	10 
3124	53 
3125	81 
3126	63 
3127	86 
3128	50 
3129	92 
3130	55 
3131	44 
3132	56 
3133	76 
3134	87 
3135	87 
3136	53 
3137	64 
3138	34 
3139	68 
3140	97 
3141	20 
3142	37 
3143	57 
3144	42 
3145	76 
3146	42 
3147	42 
3148	60 
3149	11 
3150	84 
3151	10 
3152	14 
3153	66 
3154	8 
3155	96 
3156	10 
3157	50 
3158	12 
3159	8 
3160	52 
3161	21 
3162	77 
3163	32 
3164	80 
3165	23 
3166	27 
3167	87 
3168	28 
3169	13 
3170	46 
3171	50 
3172	86 
3173	42 
3174	3 
3175	45 
3176	49 
3177	96 
3178	15 
3179	78 
3180	93 
3181	11 
3182	7 
3183	84 
3184	49 
3185	92 
3186	90 
3187	84 
3188	5 
3189	40 
3190	73 
3191	7 
3192	82 
3193	18 
3194	81 
3195	71 
3196	23 
3197	23 
3198	68 
3199	93 
3200	94 
3201	3 
3202	99 
3203	97 
3204	29 
3205	35 
3206	31 
3207	32 
3208	77 
3209	39 
3210	40 
3211	45 
3212	3 
3213	59 
3214	27 
3215	39 
3216	82 
3217	25 
3218	37 
3219	79 
3220	5 
3221	70 
3222	68 
3223	51 
3224	42 
3225	67 
3226	12 
3227	94 
3228	56 
3229	84 
3230	71 
3231	101 
3232	26 
3233	92 
3234	40 
3235	66 
3236	66 
3237	60 
3238	35 
3239	14 
3240	61 
3241	74 
3242	3 
3243	53 
3244	10 
3245	40 
3246	49 
3247	81 
3248	97 
3249	101 
3250	52 
3251	66 
3252	22 
3253	67 
3254	17 
3255	25 
3256	86 
3257	33 
3258	66 
3259	17 
3260	74 
3261	18 
3262	19 
3263	87 
3264	19 
3265	85 
3266	75 
3267	53 
3268	97 
3269	89 
3270	71 
3271	15 
3272	94 
3273	81 
3274	36 
3275	101 
3276	85 
3277	101 
3278	4 
3279	93 
3280	75 
3281	48 
3282	5 
3283	77 
3284	79 
3285	14 
3286	77 
3287	4 
3288	34 
3289	41 
3290	36 
3291	90 
3292	82 
3293	17 
3294	20 
3295	67 
3296	73 
3297	3 
3298	10 
3299	71 
3300	25 
3301	60 
3302	46 
3303	37 
3304	65 
3305	90 
3306	25 
3307	10 
3308	92 
3309	89 
3310	50 
3311	87 
3312	18 
3313	66 
3314	92 
3315	50 
3316	95 
3317	5 
3318	74 
3319	18 
3320	58 
3321	46 
3322	48 
3323	88 
3324	88 
3325	15 
3326	48 
3327	93 
3328	87 
3329	28 
3330	89 
3331	24 
3332	88 
3333	99 
3334	10 
3335	74 
3336	42 
3337	3 
3338	49 
3339	7 
3340	12 
3341	89 
3342	48 
3343	71 
3344	17 
3345	3 
3346	54 
3347	81 
3348	84 
3349	26 
3350	84 
3351	101 
3352	71 
3353	13 
3354	82 
3355	17 
3356	52 
3357	32 
3358	77 
3359	90 
3360	98 
3361	79 
3362	22 
3363	67 
3364	39 
3365	97 
3366	85 
3367	25 
3368	64 
3369	93 
3370	31 
3371	15 
3372	21 
3373	22 
3374	62 
3375	74 
3376	16 
3377	48 
3378	25 
3379	23 
3380	87 
3381	79 
3382	56 
3383	84 
3384	25 
3385	74 
3386	42 
3387	82 
3388	90 
3389	27 
3390	50 
3391	62 
3392	85 
3393	25 
3394	13 
3395	48 
3396	75 
3397	77 
3398	73 
3399	30 
3400	101 
3401	15 
3402	15 
3403	17 
3404	50 
3405	1 
3406	30 
3407	72 
3408	70 
3409	6 
3410	100 
3411	94 
3412	20 
3413	50 
3414	55 
3415	26 
3416	26 
3417	29 
3418	96 
3419	68 
3420	80 
3421	68 
3422	94 
3423	25 
3424	101 
3425	100 
3426	57 
3427	48 
3428	55 
3429	66 
3430	69 
3431	53 
3432	18 
3433	41 
3434	86 
3435	18 
3436	95 
3437	72 
3438	85 
3439	31 
3440	87 
3441	84 
3442	66 
3443	30 
3444	1 
3445	17 
3446	85 
3447	99 
3448	2 
3449	60 
3450	45 
3451	2 
3452	71 
3453	101 
3454	64 
3455	87 
3456	91 
3457	46 
3458	28 
3459	36 
3460	62 
3461	97 
3462	37 
3463	99 
3464	20 
3465	18 
3466	81 
3467	39 
3468	99 
3469	90 
3470	50 
3471	70 
3472	78 
3473	66 
3474	11 
3475	101 
3476	8 
3477	67 
3478	55 
3479	35 
3480	1 
3481	70 
3482	86 
3483	32 
3484	96 
3485	19 
3486	25 
3487	89 
3488	101 
3489	32 
3490	53 
3491	101 
3492	24 
3493	55 
3494	84 
3495	10 
3496	48 
3497	88 
3498	3 
3499	63 
3500	32 
3501	47 
3502	11 
3503	28 
3504	46 
3505	56 
3506	23 
3507	37 
3508	23 
3509	46 
3510	97 
3511	20 
3512	101 
3513	46 
3514	48 
3515	42 
3516	77 
3517	25 
3518	84 
3519	62 
3520	18 
3521	28 
3522	35 
3523	45 
3524	68 
3525	49 
3526	76 
3527	48 
3528	55 
3529	82 
3530	55 
3531	56 
3532	67 
3533	14 
3534	84 
3535	101 
3536	29 
3537	3 
3538	76 
3539	2 
3540	92 
3541	92 
3542	23 
3543	27 
3544	73 
3545	22 
3546	88 
3547	65 
3548	58 
3549	92 
3550	38 
3551	31 
3552	47 
3553	100 
3554	90 
3555	33 
3556	3 
3557	3 
3558	99 
3559	75 
3560	74 
3561	31 
3562	10 
3563	75 
3564	3 
3565	24 
3566	34 
3567	90 
3568	61 
3569	68 
3570	59 
3571	16 
3572	87 
3573	55 
3574	54 
3575	95 
3576	57 
3577	55 
3578	27 
3579	22 
3580	88 
3581	99 
3582	82 
3583	38 
3584	5 
3585	46 
3586	10 
3587	34 
3588	39 
3589	78 
3590	7 
3591	75 
3592	18 
3593	86 
3594	27 
3595	74 
3596	25 
3597	88 
3598	96 
3599	75 
3600	34 
3601	6 
3602	76 
3603	17 
3604	18 
3605	2 
3606	76 
3607	2 
3608	89 
3609	90 
3610	72 
3611	87 
3612	83 
3613	56 
3614	90 
3615	86 
3616	26 
3617	42 
3618	81 
3619	8 
3620	11 
3621	79 
3622	53 
3623	42 
3624	24 
3625	50 
3626	11 
3627	16 
3628	91 
3629	47 
3630	40 
3631	18 
3632	43 
3633	20 
3634	25 
3635	56 
3636	81 
3637	59 
3638	57 
3639	20 
3640	99 
3641	96 
3642	37 
3643	43 
3644	27 
3645	67 
3646	96 
3647	32 
3648	24 
3649	44 
3650	94 
3651	32 
3652	22 
3653	37 
3654	74 
3655	1 
3656	3 
3657	93 
3658	88 
3659	92 
3660	68 
3661	20 
3662	73 
3663	101 
3664	67 
3665	67 
3666	15 
3667	50 
3668	69 
3669	13 
3670	95 
3671	14 
3672	67 
3673	72 
3674	44 
3675	92 
3676	37 
3677	97 
3678	101 
3679	18 
3680	35 
3681	41 
3682	34 
3683	53 
3684	87 
3685	36 
3686	35 
3687	33 
3688	13 
3689	69 
3690	7 
3691	68 
3692	35 
3693	4 
3694	69 
3695	51 
3696	21 
3697	75 
3698	11 
3699	62 
3700	79 
3701	44 
3702	25 
3703	34 
3704	99 
3705	100 
3706	5 
3707	10 
3708	35 
3709	78 
3710	37 
3711	85 
3712	67 
3713	62 
3714	37 
3715	52 
3716	14 
3717	81 
3718	90 
3719	61 
3720	100 
3721	58 
3722	40 
3723	101 
3724	68 
3725	18 
3726	95 
3727	54 
3728	40 
3729	92 
3730	37 
3731	40 
3732	82 
3733	93 
3734	23 
3735	97 
3736	45 
3737	87 
3738	37 
3739	11 
3740	40 
3741	3 
3742	77 
3743	89 
3744	42 
3745	46 
3746	17 
3747	63 
3748	45 
3749	95 
3750	3 
3751	15 
3752	92 
3753	89 
3754	67 
3755	33 
3756	53 
3757	6 
3758	89 
3759	8 
3760	69 
3761	42 
3762	86 
3763	95 
3764	83 
3765	33 
3766	20 
3767	86 
3768	76 
3769	54 
3770	79 
3771	67 
3772	81 
3773	40 
3774	46 
3775	7 
3776	7 
3777	44 
3778	28 
3779	85 
3780	68 
3781	64 
3782	32 
3783	89 
3784	3 
3785	19 
3786	42 
3787	50 
3788	66 
3789	65 
3790	67 
3791	55 
3792	35 
3793	77 
3794	14 
3795	38 
3796	42 
3797	77 
3798	83 
3799	84 
3800	31 
3801	66 
3802	81 
3803	77 
3804	18 
3805	74 
3806	101 
3807	86 
3808	47 
3809	95 
3810	38 
3811	48 
3812	40 
3813	69 
3814	13 
3815	5 
3816	28 
3817	33 
3818	16 
3819	81 
3820	10 
3821	50 
3822	20 
3823	52 
3824	25 
3825	101 
3826	42 
3827	35 
3828	50 
3829	96 
3830	91 
3831	100 
3832	48 
3833	22 
3834	98 
3835	63 
3836	57 
3837	74 
3838	96 
3839	80 
3840	82 
3841	3 
3842	1 
3843	56 
3844	33 
3845	100 
3846	93 
3847	84 
3848	77 
3849	61 
3850	43 
3851	90 
3852	21 
3853	77 
3854	39 
3855	12 
3856	3 
3857	86 
3858	24 
3859	82 
3860	95 
3861	5 
3862	88 
3863	86 
3864	22 
3865	40 
3866	73 
3867	68 
3868	13 
3869	78 
3870	46 
3871	98 
3872	42 
3873	23 
3874	58 
3875	42 
3876	17 
3877	25 
3878	92 
3879	35 
3880	84 
3881	3 
3882	5 
3883	67 
3884	22 
3885	45 
3886	60 
3887	44 
3888	28 
3889	52 
3890	48 
3891	74 
3892	67 
3893	92 
3894	77 
3895	81 
3896	75 
3897	33 
3898	87 
3899	18 
3900	71 
3901	98 
3902	53 
3903	97 
3904	90 
3905	100 
3906	93 
3907	23 
3908	59 
3909	56 
3910	18 
3911	46 
3912	68 
3913	34 
3914	42 
3915	46 
3916	52 
3917	27 
3918	7 
3919	88 
3920	4 
3921	3 
3922	55 
3923	56 
3924	46 
3925	35 
3926	34 
3927	100 
3928	1 
3929	51 
3930	35 
3931	23 
3932	50 
3933	68 
3934	56 
3935	96 
3936	98 
3937	83 
3938	67 
3939	21 
3940	68 
3941	53 
3942	3 
3943	96 
3944	31 
3945	101 
3946	89 
3947	33 
3948	62 
3949	48 
3950	27 
3951	48 
3952	56 
3953	38 
3954	87 
3955	7 
3956	74 
3957	84 
3958	71 
3959	37 
3960	22 
3961	96 
3962	86 
3963	22 
3964	92 
3965	52 
3966	88 
3967	69 
3968	32 
3969	89 
3970	99 
3971	86 
3972	68 
3973	32 
3974	81 
3975	39 
3976	35 
3977	53 
3978	82 
3979	35 
3980	34 
3981	18 
3982	64 
3983	96 
3984	33 
3985	99 
3986	9 
3987	29 
3988	25 
3989	76 
3990	79 
3991	67 
3992	68 
3993	50 
3994	57 
3995	52 
3996	85 
3997	96 
3998	7 
3999	55 
4000	38 
4001	27 
4002	33 
4003	70 
4004	15 
4005	42 
4006	67 
4007	88 
4008	27 
4009	81 
4010	50 
4011	37 
4012	12 
4013	33 
4014	37 
4015	63 
4016	92 
4017	46 
4018	23 
4019	74 
4020	84 
4021	91 
4022	5 
4023	86 
4024	52 
4025	101 
4026	50 
4027	7 
4028	86 
4029	18 
4030	77 
4031	95 
4032	18 
4033	55 
4034	14 
4035	88 
4036	66 
4037	50 
4038	23 
4039	40 
4040	63 
4041	87 
4042	85 
4043	40 
4044	30 
4045	97 
4046	18 
4047	90 
4048	86 
4049	44 
4050	14 
4051	59 
4052	22 
4053	50 
4054	23 
4055	84 
4056	52 
4057	71 
4058	85 
4059	95 
4060	38 
4061	5 
4062	79 
4063	75 
4064	70 
4065	96 
4066	20 
4067	78 
4068	30 
4069	14 
4070	8 
4071	42 
4072	88 
4073	20 
4074	67 
4075	90 
4076	100 
4077	37 
4078	50 
4079	37 
4080	18 
4081	51 
4082	3 
4083	28 
4084	32 
4085	42 
4086	100 
4087	54 
4088	67 
4089	57 
4090	17 
4091	45 
4092	27 
4093	39 
4094	60 
4095	67 
4096	23 
4097	46 
4098	66 
4099	25 
4100	50 
4101	58 
4102	38 
4103	30 
4104	53 
4105	75 
4106	81 
4107	26 
4108	10 
4109	68 
4110	19 
4111	39 
4112	101 
4113	82 
4114	6 
4115	78 
4116	10 
4117	37 
4118	25 
4119	66 
4120	53 
4121	48 
4122	53 
4123	26 
4124	53 
4125	31 
4126	79 
4127	97 
4128	52 
4129	1 
4130	10 
4131	81 
4132	61 
4133	1 
4134	2 
4135	10 
4136	92 
4137	18 
4138	96 
4139	41 
4140	6 
4141	65 
4142	22 
4143	100 
4144	97 
4145	25 
4146	88 
4147	67 
4148	73 
4149	86 
4150	29 
4151	80 
4152	46 
4153	21 
4154	92 
4155	101 
4156	28 
4157	67 
4158	18 
4159	33 
4160	101 
4161	97 
4162	81 
4163	15 
4164	11 
4165	61 
4166	77 
4167	76 
4168	33 
4169	92 
4170	6 
4171	52 
4172	88 
4173	68 
4174	29 
4175	92 
4176	16 
4177	48 
4178	35 
4179	34 
4180	27 
4181	100 
4182	70 
4183	96 
4184	68 
4185	76 
4186	67 
4187	18 
4188	92 
4189	26 
4190	12 
4191	50 
4192	40 
4193	60 
4194	33 
4195	5 
4196	45 
4197	59 
4198	81 
4199	17 
4200	15 
4201	84 
4202	66 
4203	6 
4204	42 
4205	91 
4206	45 
4207	78 
4208	17 
4209	29 
4210	70 
4211	19 
4212	95 
4213	70 
4214	81 
4215	57 
4216	48 
4217	50 
4218	62 
4219	26 
4220	43 
4221	32 
4222	3 
4223	90 
4224	81 
4225	76 
4226	92 
4227	11 
4228	87 
4229	2 
4230	95 
4231	50 
4232	71 
4233	10 
4234	93 
4235	79 
4236	3 
4237	23 
4238	23 
4239	42 
4240	11 
4241	81 
4242	67 
4243	99 
4244	42 
4245	46 
4246	20 
4247	65 
4248	7 
4249	32 
4250	40 
4251	40 
4252	7 
4253	94 
4254	94 
4255	84 
4256	28 
4257	73 
4258	84 
4259	76 
4260	60 
4261	24 
4262	27 
4263	65 
4264	99 
4265	4 
4266	101 
4267	75 
4268	1 
4269	22 
4270	68 
4271	46 
4272	50 
4273	83 
4274	27 
4275	69 
4276	35 
4277	6 
4278	80 
4279	11 
4280	58 
4281	13 
4282	37 
4283	99 
4284	3 
4285	74 
4286	43 
4287	84 
4288	60 
4289	76 
4290	91 
4291	20 
4292	55 
4293	100 
4294	26 
4295	33 
4296	42 
4297	34 
4298	28 
4299	36 
4300	66 
4301	13 
4302	32 
4303	46 
4304	48 
4305	1 
4306	67 
4307	62 
4308	17 
4309	58 
4310	88 
4311	2 
4312	96 
4313	2 
4314	17 
4315	34 
4316	96 
4317	19 
4318	96 
4319	3 
4320	84 
4321	101 
4322	39 
4323	77 
4324	25 
4325	92 
4326	81 
4327	86 
4328	64 
4329	20 
4330	34 
4331	49 
4332	58 
4333	47 
4334	10 
4335	15 
4336	24 
4337	96 
4338	100 
4339	42 
4340	101 
4341	36 
4342	4 
4343	57 
4344	82 
4345	85 
4346	22 
4347	56 
4348	66 
4349	79 
4350	29 
4351	42 
4352	101 
4353	81 
4354	50 
4355	25 
4356	12 
4357	92 
4358	17 
4359	91 
4360	57 
4361	42 
4362	101 
4363	28 
4364	32 
4365	10 
4366	10 
4367	92 
4368	90 
4369	68 
4370	90 
4371	32 
4372	82 
4373	12 
4374	54 
4375	67 
4376	50 
4377	80 
4378	54 
4379	23 
4380	42 
4381	46 
4382	60 
4383	44 
4384	74 
4385	79 
4386	8 
4387	5 
4388	50 
4389	56 
4390	32 
4391	39 
4392	36 
4393	23 
4394	82 
4395	88 
4396	17 
4397	50 
4398	15 
4399	89 
4400	67 
4401	23 
4402	6 
4403	6 
4404	52 
4405	84 
4406	55 
4407	17 
4408	17 
4409	17 
4410	61 
4411	48 
4412	46 
4413	62 
4414	73 
4415	15 
4416	27 
4417	9 
4418	47 
4419	84 
4420	18 
4421	13 
4422	11 
4423	50 
4424	101 
4425	22 
4426	37 
4427	2 
4428	91 
4429	39 
4430	59 
4431	4 
4432	54 
4433	60 
4434	17 
4435	76 
4436	51 
4437	96 
4438	85 
4439	2 
4440	75 
4441	39 
4442	24 
4443	49 
4444	50 
4445	99 
4446	79 
4447	2 
4448	101 
4449	15 
4450	74 
4451	10 
4452	68 
4453	15 
4454	39 
4455	48 
4456	21 
4457	3 
4458	22 
4459	48 
4460	17 
4461	85 
4462	82 
4463	26 
4464	59 
4465	48 
4466	20 
4467	16 
4468	54 
4469	26 
4470	17 
4471	60 
4472	67 
4473	99 
4474	33 
4475	18 
4476	11 
4477	23 
4478	62 
4479	76 
4480	4 
4481	42 
4482	5 
4483	48 
4484	73 
4485	50 
4486	77 
4487	42 
4488	26 
4489	5 
4490	39 
4491	15 
4492	37 
4493	76 
4494	17 
4495	33 
4496	70 
4497	25 
4498	37 
4499	73 
4500	80 
4501	23 
4502	3 
4503	66 
4504	18 
4505	90 
4506	4 
4507	70 
4508	88 
4509	23 
4510	32 
4511	73 
4512	16 
4513	86 
4514	90 
4515	52 
4516	43 
4517	77 
4518	32 
4519	89 
4520	18 
4521	53 
4522	2 
4523	97 
4524	37 
4525	35 
4526	14 
4527	3 
4528	72 
4529	4 
4530	98 
4531	96 
4532	87 
4533	84 
4534	56 
4535	37 
4536	78 
4537	84 
4538	3 
4539	67 
4540	90 
4541	76 
4542	67 
4543	53 
4544	85 
4545	87 
4546	21 
4547	18 
4548	61 
4549	86 
4550	57 
4551	12 
4552	68 
4553	84 
4554	41 
4555	80 
4556	82 
4557	77 
4558	101 
4559	81 
4560	18 
4561	45 
4562	84 
4563	35 
4564	100 
4565	71 
4566	66 
4567	3 
4568	83 
4569	54 
4570	97 
4571	12 
4572	87 
4573	40 
4574	91 
4575	88 
4576	81 
4577	23 
4578	97 
4579	84 
4580	17 
4581	25 
4582	14 
4583	25 
4584	10 
4585	92 
4586	24 
4587	92 
4588	86 
4589	87 
4590	89 
4591	29 
4592	74 
4593	14 
4594	1 
4595	58 
4596	91 
4597	28 
4598	11 
4599	28 
4600	1 
4601	87 
4602	10 
4603	42 
4604	37 
4605	67 
4606	25 
4607	67 
4608	57 
4609	101 
4610	45 
4611	25 
4612	29 
4613	72 
4614	84 
4615	30 
4616	59 
4617	86 
4618	77 
4619	32 
4620	35 
4621	48 
4622	88 
4623	40 
4624	73 
4625	3 
4626	3 
4627	37 
4628	60 
4629	6 
4630	77 
4631	74 
4632	94 
4633	84 
4634	6 
4635	23 
4636	4 
4637	19 
4638	73 
4639	88 
4640	4 
4641	68 
4642	92 
4643	46 
4644	25 
4645	13 
4646	68 
4647	56 
4648	101 
4649	17 
4650	87 
4651	101 
4652	97 
4653	38 
4654	66 
4655	10 
4656	33 
4657	20 
4658	48 
4659	67 
4660	53 
4661	53 
4662	52 
4663	48 
4664	28 
4665	26 
4666	28 
4667	96 
4668	67 
4669	23 
4670	77 
4671	86 
4672	2 
4673	7 
4674	22 
4675	39 
4676	92 
4677	35 
4678	47 
4679	81 
4680	53 
4681	29 
4682	72 
4683	59 
4684	83 
4685	92 
4686	5 
4687	77 
4688	74 
4689	93 
4690	26 
4691	53 
4692	46 
4693	101 
4694	3 
4695	35 
4696	96 
4697	91 
4698	67 
4699	9 
4700	3 
4701	42 
4702	1 
4703	97 
4704	86 
4705	68 
4706	47 
4707	67 
4708	13 
4709	96 
4710	60 
4711	10 
4712	1 
4713	70 
4714	12 
4715	91 
4716	90 
4717	73 
4718	90 
4719	64 
4720	15 
4721	17 
4722	13 
4723	48 
4724	101 
4725	52 
4726	42 
4727	61 
4728	91 
4729	18 
4730	19 
4731	77 
4732	81 
4733	10 
4734	74 
4735	50 
4736	77 
4737	72 
4738	92 
4739	60 
4740	2 
4741	19 
4742	22 
4743	67 
4744	47 
4745	1 
4746	23 
4747	42 
4748	45 
4749	66 
4750	46 
4751	4 
4752	48 
4753	19 
4754	73 
4755	68 
4756	43 
4757	10 
4758	18 
4759	56 
4760	87 
4761	88 
4762	92 
4763	4 
4764	62 
4765	35 
4766	88 
4767	39 
4768	13 
4769	94 
4770	40 
4771	53 
4772	83 
4773	34 
4774	40 
4775	88 
4776	76 
4777	56 
4778	99 
4779	48 
4780	77 
4781	38 
4782	15 
4783	85 
4784	87 
4785	68 
4786	44 
4787	33 
4788	34 
4789	14 
4790	1 
4791	63 
4792	5 
4793	50 
4794	57 
4795	47 
4796	93 
4797	13 
4798	52 
4799	39 
4800	48 
4801	51 
4802	5 
4803	81 
4804	50 
4805	46 
4806	10 
4807	99 
4808	96 
4809	2 
4810	84 
4811	65 
4812	88 
4813	11 
4814	81 
4815	12 
4816	96 
4817	57 
4818	10 
4819	66 
4820	11 
4821	41 
4822	90 
4823	80 
4824	100 
4825	84 
4826	50 
4827	67 
4828	85 
4829	1 
4830	23 
4831	82 
4832	88 
4833	2 
4834	40 
4835	48 
4836	5 
4837	100 
4838	68 
4839	46 
4840	54 
4841	32 
4842	5 
4843	81 
4844	6 
4845	10 
4846	18 
4847	84 
4848	90 
4849	67 
4850	59 
4851	56 
4852	39 
4853	21 
4854	72 
4855	82 
4856	58 
4857	40 
4858	2 
4859	1 
4860	88 
4861	53 
4862	3 
4863	27 
4864	39 
4865	25 
4866	90 
4867	57 
4868	27 
4869	18 
4870	15 
4871	100 
4872	90 
4873	49 
4874	101 
4875	71 
4876	39 
4877	97 
4878	95 
4879	97 
4880	82 
4881	84 
4882	37 
4883	87 
4884	14 
4885	62 
4886	66 
4887	68 
4888	11 
4889	60 
4890	78 
4891	39 
4892	2 
4893	67 
4894	25 
4895	99 
4896	7 
4897	58 
4898	101 
4899	65 
4900	20 
4901	75 
4902	5 
4903	50 
4904	3 
4905	67 
4906	95 
4907	3 
4908	1 
4909	29 
4910	13 
4911	3 
4912	17 
4913	13 
4914	87 
4915	54 
4916	77 
4917	66 
4918	31 
4919	71 
4920	18 
4921	48 
4922	3 
4923	3 
4924	82 
4925	1 
4926	32 
4927	67 
4928	66 
4929	96 
4930	4 
4931	61 
4932	7 
4933	49 
4934	37 
4935	17 
4936	49 
4937	47 
4938	71 
4939	7 
4940	23 
4941	90 
4942	67 
4943	10 
4944	92 
4945	52 
4946	39 
4947	45 
4948	68 
4949	98 
4950	52 
4951	32 
4952	53 
4953	10 
4954	3 
4955	15 
4956	85 
4957	59 
4958	23 
4959	18 
4960	28 
4961	52 
4962	88 
4963	77 
4964	42 
4965	74 
4966	10 
4967	15 
4968	33 
4969	18 
4970	87 
4971	53 
4972	94 
4973	81 
4974	47 
4975	17 
4976	18 
4977	96 
4978	101 
4979	11 
4980	1 
4981	1 
4982	69 
4983	7 
4984	32 
4985	53 
4986	19 
4987	14 
4988	41 
4989	81 
4990	25 
4991	25 
4992	95 
4993	83 
4994	67 
4995	44 
4996	26 
4997	81 
4998	23 
4999	36 
5000	47 
