1	35 
2	19 
3	15 
4	86 
5	59 
6	21 
7	13 
8	85 
9	10 
10	47 
11	38 
12	80 
13	51 
14	19 
15	8 
16	25 
17	42 
18	59 
19	71 
20	85 
21	26 
22	57 
23	17 
24	27 
25	81 
26	80 
27	7 
28	68 
29	25 
30	10 
31	82 
32	88 
33	50 
34	82 
35	46 
36	88 
37	7 
38	54 
39	63 
40	43 
41	89 
42	11 
43	54 
44	83 
45	37 
46	38 
47	94 
48	89 
49	26 
50	63 
51	65 
52	65 
53	74 
54	26 
55	92 
56	27 
57	18 
58	48 
59	34 
60	24 
61	95 
62	54 
63	54 
64	51 
65	19 
66	11 
67	70 
68	51 
69	22 
70	2 
71	10 
72	3 
73	95 
74	87 
75	46 
76	57 
77	52 
78	58 
79	41 
80	73 
81	78 
82	85 
83	37 
84	95 
85	75 
86	16 
87	9 
88	78 
89	46 
90	4 
91	74 
92	90 
93	84 
94	78 
95	77 
96	49 
97	88 
98	43 
99	78 
100	23 
101	15 
102	69 
103	17 
104	46 
105	55 
106	9 
107	49 
108	19 
109	27 
110	74 
111	10 
112	72 
113	28 
114	46 
115	60 
116	70 
117	60 
118	74 
119	82 
120	38 
121	5 
122	41 
123	13 
124	60 
125	61 
126	79 
127	33 
128	20 
129	27 
130	12 
131	83 
132	15 
133	72 
134	64 
135	82 
136	76 
137	27 
138	10 
139	90 
140	8 
141	30 
142	45 
143	88 
144	11 
145	18 
146	81 
147	52 
148	3 
149	11 
150	80 
151	49 
152	8 
153	75 
154	18 
155	27 
156	75 
157	58 
158	2 
159	78 
160	26 
161	72 
162	21 
163	74 
164	6 
165	46 
166	19 
167	15 
168	59 
169	41 
170	57 
171	65 
172	70 
173	95 
174	66 
175	38 
176	27 
177	54 
178	90 
179	26 
180	73 
181	30 
182	26 
183	36 
184	26 
185	74 
186	52 
187	28 
188	74 
189	87 
190	11 
191	30 
192	33 
193	8 
194	24 
195	72 
196	20 
197	43 
198	68 
199	43 
200	27 
201	95 
202	72 
203	14 
204	47 
205	3 
206	51 
207	8 
208	88 
209	93 
210	17 
211	46 
212	73 
213	95 
214	65 
215	28 
216	37 
217	7 
218	63 
219	81 
220	68 
221	60 
222	2 
223	74 
224	68 
225	49 
226	88 
227	2 
228	36 
229	25 
230	47 
231	68 
232	11 
233	86 
234	20 
235	58 
236	70 
237	87 
238	45 
239	80 
240	10 
241	49 
242	65 
243	30 
244	49 
245	91 
246	73 
247	68 
248	74 
249	93 
250	82 
251	12 
252	95 
253	46 
254	23 
255	69 
256	85 
257	37 
258	35 
259	34 
260	1 
261	52 
262	21 
263	63 
264	71 
265	20 
266	23 
267	15 
268	5 
269	62 
270	29 
271	43 
272	79 
273	25 
274	19 
275	61 
276	66 
277	82 
278	75 
279	74 
280	28 
281	88 
282	72 
283	20 
284	30 
285	73 
286	13 
287	31 
288	4 
289	89 
290	74 
291	25 
292	88 
293	22 
294	93 
295	22 
296	30 
297	42 
298	49 
299	27 
300	46 
301	62 
302	51 
303	42 
304	13 
305	93 
306	79 
307	41 
308	20 
309	81 
310	8 
311	92 
312	17 
313	40 
314	87 
315	49 
316	17 
317	24 
318	85 
319	9 
320	17 
321	64 
322	87 
323	8 
324	66 
325	34 
326	69 
327	22 
328	73 
329	50 
330	36 
331	54 
332	81 
333	69 
334	54 
335	95 
336	5 
337	30 
338	26 
339	85 
340	55 
341	63 
342	89 
343	8 
344	58 
345	47 
346	23 
347	54 
348	66 
349	74 
350	93 
351	43 
352	94 
353	30 
354	65 
355	51 
356	95 
357	81 
358	38 
359	10 
360	74 
361	90 
362	31 
363	5 
364	41 
365	50 
366	93 
367	46 
368	49 
369	30 
370	15 
371	49 
372	62 
373	9 
374	89 
375	22 
376	70 
377	90 
378	6 
379	7 
380	28 
381	38 
382	17 
383	47 
384	57 
385	21 
386	30 
387	15 
388	67 
389	34 
390	39 
391	95 
392	59 
393	8 
394	66 
395	25 
396	54 
397	55 
398	86 
399	6 
400	36 
401	71 
402	35 
403	91 
404	75 
405	52 
406	90 
407	46 
408	25 
409	11 
410	74 
411	15 
412	20 
413	7 
414	93 
415	84 
416	68 
417	88 
418	9 
419	59 
420	65 
421	65 
422	12 
423	93 
424	90 
425	54 
426	23 
427	15 
428	30 
429	37 
430	4 
431	92 
432	88 
433	58 
434	73 
435	8 
436	30 
437	18 
438	23 
439	81 
440	72 
441	15 
442	81 
443	54 
444	88 
445	22 
446	74 
447	75 
448	38 
449	29 
450	54 
451	51 
452	68 
453	55 
454	25 
455	46 
456	77 
457	8 
458	66 
459	59 
460	33 
461	8 
462	7 
463	61 
464	13 
465	68 
466	69 
467	9 
468	92 
469	67 
470	85 
471	25 
472	51 
473	15 
474	62 
475	50 
476	53 
477	8 
478	32 
479	22 
480	51 
481	54 
482	42 
483	63 
484	32 
485	22 
486	13 
487	93 
488	93 
489	29 
490	23 
491	15 
492	21 
493	34 
494	63 
495	40 
496	90 
497	63 
498	78 
499	38 
500	27 
501	75 
502	60 
503	60 
504	19 
505	75 
506	70 
507	54 
508	53 
509	2 
510	39 
511	65 
512	7 
513	24 
514	40 
515	75 
516	62 
517	79 
518	39 
519	12 
520	94 
521	23 
522	89 
523	65 
524	76 
525	17 
526	22 
527	81 
528	86 
529	11 
530	6 
531	4 
532	53 
533	47 
534	18 
535	24 
536	11 
537	18 
538	45 
539	2 
540	10 
541	19 
542	49 
543	16 
544	40 
545	33 
546	19 
547	88 
548	42 
549	14 
550	20 
551	95 
552	93 
553	46 
554	86 
555	39 
556	54 
557	34 
558	18 
559	80 
560	20 
561	34 
562	63 
563	30 
564	74 
565	74 
566	27 
567	77 
568	10 
569	69 
570	26 
571	13 
572	39 
573	29 
574	51 
575	70 
576	33 
577	50 
578	89 
579	37 
580	11 
581	27 
582	50 
583	60 
584	93 
585	33 
586	20 
587	27 
588	30 
589	26 
590	7 
591	19 
592	83 
593	43 
594	67 
595	53 
596	26 
597	34 
598	67 
599	51 
600	8 
601	24 
602	17 
603	68 
604	14 
605	15 
606	62 
607	54 
608	19 
609	50 
610	18 
611	36 
612	78 
613	18 
614	39 
615	88 
616	89 
617	47 
618	77 
619	39 
620	19 
621	76 
622	47 
623	46 
624	78 
625	70 
626	62 
627	40 
628	5 
629	60 
630	2 
631	45 
632	46 
633	70 
634	50 
635	48 
636	68 
637	47 
638	21 
639	17 
640	13 
641	59 
642	18 
643	68 
644	25 
645	78 
646	47 
647	80 
648	27 
649	44 
650	52 
651	90 
652	49 
653	71 
654	10 
655	19 
656	60 
657	41 
658	94 
659	8 
660	95 
661	55 
662	17 
663	45 
664	67 
665	13 
666	69 
667	12 
668	29 
669	2 
670	82 
671	90 
672	39 
673	44 
674	81 
675	93 
676	81 
677	6 
678	69 
679	30 
680	90 
681	25 
682	75 
683	78 
684	81 
685	86 
686	34 
687	46 
688	46 
689	19 
690	86 
691	18 
692	51 
693	59 
694	21 
695	40 
696	88 
697	1 
698	28 
699	46 
700	69 
701	93 
702	65 
703	25 
704	45 
705	43 
706	19 
707	10 
708	20 
709	18 
710	24 
711	79 
712	26 
713	35 
714	83 
715	44 
716	87 
717	88 
718	81 
719	62 
720	1 
721	74 
722	55 
723	19 
724	71 
725	56 
726	62 
727	89 
728	73 
729	57 
730	63 
731	50 
732	79 
733	37 
734	37 
735	14 
736	49 
737	59 
738	68 
739	15 
740	89 
741	63 
742	63 
743	18 
744	23 
745	80 
746	17 
747	37 
748	90 
749	18 
750	33 
751	73 
752	30 
753	34 
754	54 
755	47 
756	95 
757	92 
758	21 
759	84 
760	78 
761	87 
762	65 
763	39 
764	7 
765	71 
766	71 
767	75 
768	14 
769	40 
770	46 
771	57 
772	57 
773	50 
774	83 
775	14 
776	79 
777	49 
778	21 
779	66 
780	88 
781	27 
782	58 
783	34 
784	65 
785	19 
786	34 
787	89 
788	50 
789	43 
790	70 
791	55 
792	12 
793	59 
794	60 
795	85 
796	85 
797	7 
798	27 
799	52 
800	49 
801	48 
802	11 
803	68 
804	49 
805	11 
806	87 
807	3 
808	36 
809	75 
810	74 
811	36 
812	22 
813	24 
814	46 
815	39 
816	69 
817	87 
818	32 
819	48 
820	9 
821	42 
822	44 
823	24 
824	95 
825	93 
826	9 
827	65 
828	46 
829	74 
830	84 
831	36 
832	13 
833	10 
834	49 
835	52 
836	11 
837	13 
838	9 
839	70 
840	33 
841	95 
842	93 
843	55 
844	46 
845	93 
846	17 
847	3 
848	93 
849	15 
850	57 
851	94 
852	69 
853	93 
854	37 
855	58 
856	65 
857	38 
858	62 
859	2 
860	46 
861	13 
862	10 
863	52 
864	71 
865	5 
866	78 
867	28 
868	54 
869	94 
870	39 
871	83 
872	27 
873	50 
874	60 
875	63 
876	11 
877	57 
878	94 
879	21 
880	34 
881	8 
882	33 
883	68 
884	40 
885	18 
886	40 
887	69 
888	74 
889	90 
890	21 
891	43 
892	29 
893	27 
894	63 
895	54 
896	24 
897	81 
898	8 
899	50 
900	34 
901	14 
902	82 
903	35 
904	54 
905	51 
906	13 
907	50 
908	25 
909	79 
910	46 
911	10 
912	11 
913	34 
914	8 
915	52 
916	33 
917	19 
918	49 
919	15 
920	7 
921	26 
922	25 
923	88 
924	78 
925	16 
926	62 
927	53 
928	71 
929	59 
930	45 
931	21 
932	58 
933	68 
934	79 
935	9 
936	42 
937	27 
938	46 
939	57 
940	30 
941	59 
942	75 
943	57 
944	23 
945	34 
946	79 
947	47 
948	49 
949	82 
950	49 
951	25 
952	29 
953	46 
954	25 
955	61 
956	90 
957	33 
958	39 
959	81 
960	79 
961	76 
962	5 
963	13 
964	43 
965	42 
966	41 
967	34 
968	7 
969	54 
970	69 
971	69 
972	19 
973	54 
974	54 
975	7 
976	11 
977	19 
978	78 
979	30 
980	49 
981	88 
982	85 
983	37 
984	72 
985	43 
986	7 
987	50 
988	65 
989	87 
990	13 
991	63 
992	74 
993	82 
994	66 
995	74 
996	75 
997	48 
998	88 
999	18 
1000	37 
1001	78 
1002	1 
1003	71 
1004	40 
1005	18 
1006	82 
1007	51 
1008	16 
1009	78 
1010	73 
1011	90 
1012	14 
1013	58 
1014	74 
1015	91 
1016	43 
1017	19 
1018	66 
1019	3 
1020	92 
1021	13 
1022	17 
1023	23 
1024	25 
1025	29 
1026	54 
1027	17 
1028	65 
1029	91 
1030	48 
1031	34 
1032	25 
1033	40 
1034	87 
1035	84 
1036	36 
1037	67 
1038	6 
1039	51 
1040	36 
1041	28 
1042	16 
1043	16 
1044	10 
1045	88 
1046	88 
1047	24 
1048	60 
1049	3 
1050	83 
1051	95 
1052	65 
1053	63 
1054	78 
1055	10 
1056	26 
1057	90 
1058	83 
1059	82 
1060	67 
1061	81 
1062	94 
1063	95 
1064	63 
1065	5 
1066	7 
1067	49 
1068	15 
1069	27 
1070	1 
1071	36 
1072	51 
1073	78 
1074	29 
1075	7 
1076	17 
1077	80 
1078	31 
1079	26 
1080	1 
1081	51 
1082	69 
1083	11 
1084	8 
1085	24 
1086	44 
1087	5 
1088	54 
1089	75 
1090	8 
1091	8 
1092	70 
1093	57 
1094	54 
1095	57 
1096	81 
1097	86 
1098	7 
1099	74 
1100	83 
1101	30 
1102	10 
1103	69 
1104	57 
1105	13 
1106	82 
1107	16 
1108	29 
1109	26 
1110	76 
1111	18 
1112	32 
1113	50 
1114	49 
1115	65 
1116	7 
1117	55 
1118	68 
1119	9 
1120	94 
1121	57 
1122	9 
1123	47 
1124	47 
1125	55 
1126	89 
1127	76 
1128	8 
1129	17 
1130	47 
1131	23 
1132	15 
1133	68 
1134	58 
1135	65 
1136	56 
1137	83 
1138	29 
1139	37 
1140	79 
1141	50 
1142	11 
1143	89 
1144	30 
1145	49 
1146	46 
1147	66 
1148	45 
1149	79 
1150	1 
1151	86 
1152	92 
1153	59 
1154	51 
1155	57 
1156	46 
1157	64 
1158	28 
1159	55 
1160	57 
1161	90 
1162	72 
1163	30 
1164	24 
1165	54 
1166	8 
1167	69 
1168	63 
1169	77 
1170	30 
1171	65 
1172	6 
1173	71 
1174	79 
1175	66 
1176	62 
1177	10 
1178	74 
1179	89 
1180	12 
1181	15 
1182	25 
1183	15 
1184	18 
1185	11 
1186	15 
1187	16 
1188	30 
1189	74 
1190	29 
1191	59 
1192	17 
1193	69 
1194	27 
1195	94 
1196	8 
1197	88 
1198	44 
1199	76 
1200	80 
1201	29 
1202	63 
1203	34 
1204	25 
1205	84 
1206	14 
1207	46 
1208	50 
1209	49 
1210	32 
1211	84 
1212	69 
1213	80 
1214	67 
1215	90 
1216	65 
1217	90 
1218	83 
1219	50 
1220	70 
1221	39 
1222	45 
1223	13 
1224	65 
1225	4 
1226	63 
1227	42 
1228	4 
1229	30 
1230	57 
1231	43 
1232	85 
1233	13 
1234	74 
1235	54 
1236	30 
1237	54 
1238	52 
1239	45 
1240	80 
1241	51 
1242	49 
1243	40 
1244	69 
1245	10 
1246	70 
1247	57 
1248	52 
1249	72 
1250	37 
1251	62 
1252	70 
1253	50 
1254	90 
1255	73 
1256	87 
1257	18 
1258	82 
1259	47 
1260	25 
1261	85 
1262	15 
1263	22 
1264	85 
1265	59 
1266	41 
1267	94 
1268	40 
1269	9 
1270	38 
1271	72 
1272	60 
1273	86 
1274	8 
1275	67 
1276	12 
1277	78 
1278	48 
1279	40 
1280	23 
1281	20 
1282	9 
1283	26 
1284	45 
1285	25 
1286	57 
1287	81 
1288	5 
1289	34 
1290	36 
1291	11 
1292	92 
1293	39 
1294	26 
1295	54 
1296	88 
1297	10 
1298	18 
1299	8 
1300	10 
1301	78 
1302	74 
1303	6 
1304	49 
1305	5 
1306	65 
1307	59 
1308	66 
1309	35 
1310	72 
1311	79 
1312	39 
1313	2 
1314	60 
1315	11 
1316	11 
1317	61 
1318	72 
1319	52 
1320	6 
1321	36 
1322	57 
1323	86 
1324	25 
1325	88 
1326	48 
1327	40 
1328	25 
1329	18 
1330	59 
1331	32 
1332	39 
1333	20 
1334	90 
1335	26 
1336	71 
1337	57 
1338	81 
1339	46 
1340	39 
1341	76 
1342	69 
1343	22 
1344	30 
1345	68 
1346	54 
1347	30 
1348	50 
1349	30 
1350	47 
1351	49 
1352	3 
1353	38 
1354	8 
1355	61 
1356	90 
1357	76 
1358	40 
1359	69 
1360	71 
1361	27 
1362	28 
1363	2 
1364	68 
1365	30 
1366	88 
1367	1 
1368	83 
1369	91 
1370	63 
1371	95 
1372	63 
1373	37 
1374	20 
1375	54 
1376	77 
1377	88 
1378	91 
1379	69 
1380	11 
1381	88 
1382	67 
1383	17 
1384	34 
1385	17 
1386	37 
1387	39 
1388	33 
1389	57 
1390	90 
1391	55 
1392	54 
1393	39 
1394	37 
1395	65 
1396	68 
1397	85 
1398	33 
1399	80 
1400	86 
1401	30 
1402	8 
1403	81 
1404	24 
1405	73 
1406	4 
1407	73 
1408	80 
1409	79 
1410	26 
1411	29 
1412	50 
1413	41 
1414	92 
1415	83 
1416	24 
1417	66 
1418	3 
1419	85 
1420	76 
1421	74 
1422	47 
1423	87 
1424	85 
1425	81 
1426	65 
1427	71 
1428	25 
1429	89 
1430	53 
1431	33 
1432	43 
1433	15 
1434	91 
1435	12 
1436	40 
1437	30 
1438	51 
1439	92 
1440	69 
1441	39 
1442	34 
1443	17 
1444	61 
1445	6 
1446	27 
1447	71 
1448	69 
1449	55 
1450	47 
1451	3 
1452	93 
1453	70 
1454	27 
1455	67 
1456	54 
1457	26 
1458	90 
1459	50 
1460	94 
1461	85 
1462	54 
1463	65 
1464	54 
1465	11 
1466	49 
1467	68 
1468	45 
1469	63 
1470	32 
1471	55 
1472	86 
1473	80 
1474	89 
1475	83 
1476	87 
1477	45 
1478	46 
1479	6 
1480	56 
1481	25 
1482	68 
1483	46 
1484	85 
1485	47 
1486	46 
1487	76 
1488	45 
1489	49 
1490	82 
1491	30 
1492	1 
1493	47 
1494	27 
1495	23 
1496	85 
1497	24 
1498	43 
1499	36 
1500	15 
1501	90 
1502	49 
1503	32 
1504	47 
1505	51 
1506	80 
1507	37 
1508	12 
1509	41 
1510	26 
1511	72 
1512	54 
1513	92 
1514	29 
1515	44 
1516	28 
1517	59 
1518	19 
1519	43 
1520	89 
1521	41 
1522	28 
1523	30 
1524	42 
1525	39 
1526	19 
1527	46 
1528	78 
1529	81 
1530	93 
1531	53 
1532	74 
1533	36 
1534	86 
1535	63 
1536	30 
1537	5 
1538	24 
1539	88 
1540	88 
1541	32 
1542	17 
1543	87 
1544	34 
1545	78 
1546	66 
1547	5 
1548	15 
1549	69 
1550	35 
1551	16 
1552	46 
1553	78 
1554	32 
1555	80 
1556	17 
1557	47 
1558	15 
1559	68 
1560	33 
1561	24 
1562	50 
1563	36 
1564	70 
1565	13 
1566	59 
1567	26 
1568	66 
1569	90 
1570	49 
1571	46 
1572	1 
1573	47 
1574	68 
1575	68 
1576	95 
1577	50 
1578	45 
1579	85 
1580	40 
1581	81 
1582	62 
1583	85 
1584	71 
1585	20 
1586	69 
1587	86 
1588	52 
1589	79 
1590	74 
1591	43 
1592	7 
1593	25 
1594	71 
1595	14 
1596	81 
1597	86 
1598	15 
1599	46 
1600	42 
1601	7 
1602	83 
1603	45 
1604	59 
1605	26 
1606	79 
1607	24 
1608	76 
1609	22 
1610	54 
1611	43 
1612	40 
1613	45 
1614	3 
1615	36 
1616	7 
1617	74 
1618	68 
1619	85 
1620	35 
1621	57 
1622	71 
1623	19 
1624	23 
1625	37 
1626	39 
1627	85 
1628	93 
1629	87 
1630	58 
1631	44 
1632	75 
1633	15 
1634	68 
1635	30 
1636	77 
1637	36 
1638	54 
1639	17 
1640	61 
1641	12 
1642	90 
1643	63 
1644	9 
1645	17 
1646	25 
1647	83 
1648	77 
1649	79 
1650	81 
1651	69 
1652	55 
1653	17 
1654	50 
1655	79 
1656	92 
1657	87 
1658	17 
1659	94 
1660	21 
1661	90 
1662	88 
1663	88 
1664	85 
1665	31 
1666	18 
1667	79 
1668	95 
1669	90 
1670	87 
1671	10 
1672	18 
1673	35 
1674	58 
1675	48 
1676	55 
1677	25 
1678	49 
1679	58 
1680	15 
1681	18 
1682	80 
1683	63 
1684	13 
1685	5 
1686	25 
1687	49 
1688	81 
1689	75 
1690	93 
1691	49 
1692	50 
1693	62 
1694	30 
1695	63 
1696	82 
1697	57 
1698	86 
1699	45 
1700	10 
1701	75 
1702	2 
1703	39 
1704	24 
1705	85 
1706	25 
1707	18 
1708	47 
1709	30 
1710	8 
1711	78 
1712	26 
1713	88 
1714	78 
1715	12 
1716	34 
1717	65 
1718	88 
1719	88 
1720	32 
1721	90 
1722	25 
1723	10 
1724	26 
1725	90 
1726	9 
1727	79 
1728	45 
1729	87 
1730	30 
1731	77 
1732	65 
1733	59 
1734	17 
1735	37 
1736	74 
1737	93 
1738	23 
1739	72 
1740	54 
1741	90 
1742	88 
1743	69 
1744	22 
1745	74 
1746	89 
1747	18 
1748	37 
1749	70 
1750	70 
1751	30 
1752	48 
1753	69 
1754	32 
1755	69 
1756	41 
1757	84 
1758	22 
1759	19 
1760	92 
1761	72 
1762	43 
1763	89 
1764	18 
1765	48 
1766	51 
1767	39 
1768	52 
1769	51 
1770	78 
1771	7 
1772	10 
1773	24 
1774	95 
1775	55 
1776	80 
1777	50 
1778	24 
1779	88 
1780	20 
1781	75 
1782	17 
1783	46 
1784	92 
1785	59 
1786	9 
1787	59 
1788	47 
1789	11 
1790	2 
1791	47 
1792	66 
1793	42 
1794	20 
1795	26 
1796	89 
1797	33 
1798	22 
1799	57 
1800	85 
1801	43 
1802	20 
1803	3 
1804	24 
1805	11 
1806	27 
1807	29 
1808	49 
1809	34 
1810	37 
1811	7 
1812	68 
1813	94 
1814	41 
1815	15 
1816	28 
1817	7 
1818	26 
1819	68 
1820	28 
1821	57 
1822	32 
1823	66 
1824	17 
1825	46 
1826	93 
1827	52 
1828	70 
1829	64 
1830	55 
1831	57 
1832	51 
1833	59 
1834	69 
1835	93 
1836	45 
1837	89 
1838	34 
1839	60 
1840	61 
1841	83 
1842	61 
1843	56 
1844	40 
1845	79 
1846	52 
1847	40 
1848	68 
1849	77 
1850	42 
1851	59 
1852	47 
1853	63 
1854	81 
1855	44 
1856	15 
1857	1 
1858	91 
1859	31 
1860	20 
1861	47 
1862	79 
1863	54 
1864	30 
1865	30 
1866	10 
1867	82 
1868	79 
1869	79 
1870	13 
1871	85 
1872	72 
1873	94 
1874	63 
1875	59 
1876	62 
1877	10 
1878	27 
1879	25 
1880	65 
1881	25 
1882	79 
1883	56 
1884	12 
1885	74 
1886	21 
1887	20 
1888	88 
1889	20 
1890	88 
1891	51 
1892	75 
1893	93 
1894	27 
1895	80 
1896	25 
1897	41 
1898	7 
1899	63 
1900	50 
1901	7 
1902	68 
1903	75 
1904	9 
1905	69 
1906	57 
1907	35 
1908	93 
1909	46 
1910	20 
1911	45 
1912	20 
1913	75 
1914	13 
1915	95 
1916	82 
1917	49 
1918	7 
1919	26 
1920	19 
1921	87 
1922	52 
1923	31 
1924	68 
1925	95 
1926	15 
1927	78 
1928	81 
1929	17 
1930	46 
1931	45 
1932	30 
1933	88 
1934	90 
1935	32 
1936	24 
1937	49 
1938	15 
1939	20 
1940	26 
1941	53 
1942	51 
1943	16 
1944	9 
1945	13 
1946	75 
1947	56 
1948	39 
1949	30 
1950	85 
1951	81 
1952	50 
1953	41 
1954	9 
1955	13 
1956	43 
1957	82 
1958	56 
1959	18 
1960	11 
1961	69 
1962	79 
1963	93 
1964	35 
1965	74 
1966	18 
1967	44 
1968	49 
1969	95 
1970	88 
1971	57 
1972	75 
1973	66 
1974	19 
1975	20 
1976	13 
1977	68 
1978	45 
1979	18 
1980	22 
1981	36 
1982	80 
1983	2 
1984	50 
1985	27 
1986	19 
1987	4 
1988	7 
1989	5 
1990	30 
1991	43 
1992	55 
1993	69 
1994	19 
1995	26 
1996	88 
1997	43 
1998	89 
1999	47 
2000	80 
2001	42 
2002	78 
2003	83 
2004	56 
2005	88 
2006	20 
2007	74 
2008	21 
2009	22 
2010	65 
2011	36 
2012	59 
2013	20 
2014	52 
2015	22 
2016	50 
2017	43 
2018	40 
2019	14 
2020	11 
2021	58 
2022	27 
2023	59 
2024	66 
2025	14 
2026	33 
2027	23 
2028	68 
2029	47 
2030	91 
2031	82 
2032	59 
2033	87 
2034	92 
2035	88 
2036	74 
2037	6 
2038	34 
2039	20 
2040	20 
2041	43 
2042	81 
2043	81 
2044	65 
2045	33 
2046	27 
2047	79 
2048	79 
2049	7 
2050	82 
2051	27 
2052	54 
2053	23 
2054	39 
2055	68 
2056	15 
2057	54 
2058	46 
2059	94 
2060	7 
2061	68 
2062	25 
2063	62 
2064	30 
2065	69 
2066	82 
2067	74 
2068	93 
2069	13 
2070	93 
2071	34 
2072	8 
2073	55 
2074	57 
2075	59 
2076	36 
2077	17 
2078	42 
2079	33 
2080	37 
2081	13 
2082	46 
2083	87 
2084	79 
2085	68 
2086	68 
2087	34 
2088	18 
2089	27 
2090	89 
2091	86 
2092	2 
2093	59 
2094	85 
2095	81 
2096	35 
2097	68 
2098	42 
2099	15 
2100	30 
2101	65 
2102	3 
2103	90 
2104	81 
2105	22 
2106	20 
2107	83 
2108	13 
2109	68 
2110	89 
2111	17 
2112	81 
2113	49 
2114	88 
2115	63 
2116	55 
2117	22 
2118	54 
2119	27 
2120	50 
2121	34 
2122	20 
2123	49 
2124	57 
2125	34 
2126	45 
2127	80 
2128	43 
2129	38 
2130	45 
2131	81 
2132	89 
2133	41 
2134	58 
2135	68 
2136	50 
2137	80 
2138	95 
2139	60 
2140	90 
2141	2 
2142	26 
2143	3 
2144	25 
2145	69 
2146	15 
2147	30 
2148	46 
2149	83 
2150	47 
2151	38 
2152	80 
2153	13 
2154	43 
2155	9 
2156	95 
2157	46 
2158	82 
2159	49 
2160	49 
2161	75 
2162	56 
2163	90 
2164	89 
2165	70 
2166	21 
2167	85 
2168	11 
2169	19 
2170	75 
2171	31 
2172	10 
2173	31 
2174	65 
2175	7 
2176	68 
2177	17 
2178	11 
2179	17 
2180	90 
2181	13 
2182	50 
2183	20 
2184	43 
2185	21 
2186	27 
2187	50 
2188	16 
2189	68 
2190	3 
2191	20 
2192	8 
2193	9 
2194	93 
2195	62 
2196	78 
2197	3 
2198	50 
2199	42 
2200	13 
2201	85 
2202	91 
2203	34 
2204	69 
2205	83 
2206	34 
2207	3 
2208	86 
2209	69 
2210	7 
2211	70 
2212	61 
2213	79 
2214	25 
2215	48 
2216	11 
2217	18 
2218	68 
2219	6 
2220	79 
2221	7 
2222	68 
2223	57 
2224	36 
2225	63 
2226	39 
2227	58 
2228	57 
2229	26 
2230	27 
2231	87 
2232	33 
2233	21 
2234	80 
2235	49 
2236	63 
2237	59 
2238	65 
2239	8 
2240	7 
2241	36 
2242	60 
2243	83 
2244	6 
2245	26 
2246	79 
2247	92 
2248	86 
2249	85 
2250	95 
2251	20 
2252	18 
2253	33 
2254	68 
2255	59 
2256	68 
2257	73 
2258	37 
2259	66 
2260	13 
2261	70 
2262	43 
2263	45 
2264	6 
2265	24 
2266	19 
2267	39 
2268	39 
2269	95 
2270	30 
2271	54 
2272	65 
2273	26 
2274	24 
2275	79 
2276	95 
2277	32 
2278	37 
2279	79 
2280	13 
2281	68 
2282	39 
2283	57 
2284	76 
2285	62 
2286	82 
2287	62 
2288	73 
2289	68 
2290	70 
2291	90 
2292	80 
2293	8 
2294	65 
2295	5 
2296	38 
2297	33 
2298	73 
2299	80 
2300	80 
2301	1 
2302	12 
2303	27 
2304	70 
2305	72 
2306	74 
2307	5 
2308	57 
2309	18 
2310	76 
2311	88 
2312	18 
2313	31 
2314	38 
2315	18 
2316	85 
2317	23 
2318	32 
2319	75 
2320	62 
2321	74 
2322	88 
2323	51 
2324	85 
2325	54 
2326	65 
2327	83 
2328	8 
2329	21 
2330	36 
2331	65 
2332	68 
2333	6 
2334	18 
2335	43 
2336	87 
2337	13 
2338	7 
2339	30 
2340	8 
2341	70 
2342	10 
2343	20 
2344	16 
2345	80 
2346	36 
2347	90 
2348	27 
2349	8 
2350	38 
2351	46 
2352	7 
2353	30 
2354	85 
2355	27 
2356	55 
2357	9 
2358	68 
2359	75 
2360	47 
2361	10 
2362	81 
2363	68 
2364	86 
2365	93 
2366	1 
2367	30 
2368	88 
2369	20 
2370	15 
2371	67 
2372	67 
2373	85 
2374	19 
2375	72 
2376	64 
2377	80 
2378	74 
2379	80 
2380	54 
2381	34 
2382	73 
2383	35 
2384	81 
2385	51 
2386	60 
2387	85 
2388	88 
2389	25 
2390	15 
2391	93 
2392	80 
2393	20 
2394	65 
2395	36 
2396	50 
2397	44 
2398	16 
2399	20 
2400	74 
2401	66 
2402	35 
2403	36 
2404	17 
2405	3 
2406	68 
2407	18 
2408	31 
2409	45 
2410	20 
2411	50 
2412	33 
2413	5 
2414	67 
2415	54 
2416	38 
2417	6 
2418	19 
2419	29 
2420	34 
2421	82 
2422	13 
2423	69 
2424	54 
2425	70 
2426	63 
2427	17 
2428	94 
2429	13 
2430	30 
2431	65 
2432	40 
2433	69 
2434	39 
2435	8 
2436	55 
2437	68 
2438	17 
2439	51 
2440	49 
2441	23 
2442	67 
2443	56 
2444	30 
2445	88 
2446	76 
2447	34 
2448	54 
2449	62 
2450	25 
2451	58 
2452	45 
2453	6 
2454	70 
2455	82 
2456	87 
2457	70 
2458	19 
2459	9 
2460	62 
2461	11 
2462	10 
2463	10 
2464	78 
2465	26 
2466	75 
2467	32 
2468	37 
2469	37 
2470	83 
2471	59 
2472	22 
2473	5 
2474	12 
2475	57 
2476	69 
2477	51 
2478	46 
2479	68 
2480	82 
2481	64 
2482	82 
2483	44 
2484	80 
2485	25 
2486	17 
2487	38 
2488	94 
2489	67 
2490	60 
2491	74 
2492	57 
2493	54 
2494	76 
2495	32 
2496	44 
2497	81 
2498	25 
2499	56 
2500	57 
2501	24 
2502	40 
2503	39 
2504	40 
2505	27 
2506	58 
2507	86 
2508	24 
2509	34 
2510	5 
2511	10 
2512	24 
2513	16 
2514	28 
2515	95 
2516	41 
2517	6 
2518	77 
2519	19 
2520	10 
2521	26 
2522	19 
2523	63 
2524	60 
2525	45 
2526	9 
2527	74 
2528	70 
2529	92 
2530	39 
2531	93 
2532	74 
2533	37 
2534	80 
2535	20 
2536	82 
2537	50 
2538	5 
2539	84 
2540	4 
2541	82 
2542	26 
2543	11 
2544	54 
2545	51 
2546	34 
2547	83 
2548	27 
2549	89 
2550	21 
2551	26 
2552	8 
2553	82 
2554	65 
2555	75 
2556	63 
2557	60 
2558	46 
2559	1 
2560	39 
2561	93 
2562	85 
2563	7 
2564	61 
2565	35 
2566	82 
2567	19 
2568	88 
2569	10 
2570	60 
2571	49 
2572	83 
2573	50 
2574	89 
2575	33 
2576	16 
2577	87 
2578	54 
2579	17 
2580	5 
2581	75 
2582	65 
2583	46 
2584	75 
2585	74 
2586	2 
2587	21 
2588	46 
2589	54 
2590	38 
2591	91 
2592	77 
2593	11 
2594	80 
2595	89 
2596	61 
2597	34 
2598	41 
2599	48 
2600	37 
2601	41 
2602	87 
2603	90 
2604	60 
2605	51 
2606	46 
2607	80 
2608	45 
2609	26 
2610	60 
2611	95 
2612	77 
2613	69 
2614	95 
2615	49 
2616	82 
2617	65 
2618	30 
2619	65 
2620	72 
2621	34 
2622	40 
2623	89 
2624	58 
2625	75 
2626	95 
2627	23 
2628	45 
2629	43 
2630	31 
2631	51 
2632	21 
2633	6 
2634	9 
2635	90 
2636	86 
2637	88 
2638	20 
2639	26 
2640	68 
2641	51 
2642	58 
2643	26 
2644	85 
2645	73 
2646	17 
2647	57 
2648	2 
2649	51 
2650	30 
2651	70 
2652	30 
2653	80 
2654	83 
2655	84 
2656	50 
2657	47 
2658	43 
2659	64 
2660	46 
2661	49 
2662	3 
2663	39 
2664	10 
2665	91 
2666	41 
2667	14 
2668	56 
2669	37 
2670	69 
2671	93 
2672	33 
2673	32 
2674	86 
2675	55 
2676	9 
2677	43 
2678	1 
2679	43 
2680	88 
2681	54 
2682	25 
2683	73 
2684	58 
2685	47 
2686	65 
2687	82 
2688	44 
2689	78 
2690	95 
2691	85 
2692	19 
2693	8 
2694	11 
2695	63 
2696	5 
2697	4 
2698	13 
2699	47 
2700	85 
2701	8 
2702	19 
2703	53 
2704	15 
2705	27 
2706	79 
2707	15 
2708	91 
2709	9 
2710	40 
2711	56 
2712	49 
2713	62 
2714	82 
2715	49 
2716	74 
2717	69 
2718	70 
2719	35 
2720	24 
2721	69 
2722	61 
2723	1 
2724	13 
2725	51 
2726	54 
2727	9 
2728	72 
2729	10 
2730	2 
2731	67 
2732	18 
2733	54 
2734	71 
2735	7 
2736	93 
2737	30 
2738	67 
2739	63 
2740	46 
2741	82 
2742	90 
2743	18 
2744	62 
2745	43 
2746	67 
2747	18 
2748	37 
2749	63 
2750	85 
2751	60 
2752	81 
2753	21 
2754	8 
2755	46 
2756	70 
2757	30 
2758	88 
2759	7 
2760	17 
2761	90 
2762	60 
2763	10 
2764	70 
2765	17 
2766	67 
2767	2 
2768	57 
2769	86 
2770	66 
2771	30 
2772	18 
2773	59 
2774	17 
2775	37 
2776	39 
2777	30 
2778	33 
2779	19 
2780	82 
2781	24 
2782	54 
2783	40 
2784	20 
2785	18 
2786	46 
2787	86 
2788	62 
2789	90 
2790	16 
2791	18 
2792	92 
2793	53 
2794	49 
2795	62 
2796	13 
2797	80 
2798	75 
2799	95 
2800	65 
2801	67 
2802	12 
2803	61 
2804	12 
2805	53 
2806	48 
2807	5 
2808	1 
2809	69 
2810	23 
2811	64 
2812	18 
2813	7 
2814	74 
2815	70 
2816	44 
2817	93 
2818	38 
2819	51 
2820	18 
2821	94 
2822	24 
2823	33 
2824	70 
2825	95 
2826	48 
2827	26 
2828	32 
2829	34 
2830	69 
2831	71 
2832	11 
2833	42 
2834	1 
2835	47 
2836	83 
2837	24 
2838	41 
2839	45 
2840	62 
2841	78 
2842	88 
2843	45 
2844	93 
2845	13 
2846	25 
2847	83 
2848	27 
2849	72 
2850	88 
2851	71 
2852	80 
2853	78 
2854	28 
2855	20 
2856	64 
2857	20 
2858	30 
2859	56 
2860	41 
2861	78 
2862	72 
2863	19 
2864	34 
2865	48 
2866	58 
2867	83 
2868	60 
2869	84 
2870	49 
2871	72 
2872	93 
2873	68 
2874	8 
2875	13 
2876	42 
2877	67 
2878	14 
2879	62 
2880	13 
2881	75 
2882	86 
2883	52 
2884	57 
2885	75 
2886	65 
2887	35 
2888	69 
2889	65 
2890	41 
2891	74 
2892	83 
2893	20 
2894	62 
2895	57 
2896	63 
2897	87 
2898	7 
2899	52 
2900	58 
2901	43 
2902	12 
2903	60 
2904	83 
2905	56 
2906	87 
2907	18 
2908	71 
2909	30 
2910	33 
2911	19 
2912	88 
2913	48 
2914	51 
2915	89 
2916	51 
2917	52 
2918	75 
2919	82 
2920	58 
2921	12 
2922	65 
2923	72 
2924	25 
2925	30 
2926	8 
2927	88 
2928	86 
2929	46 
2930	39 
2931	41 
2932	8 
2933	36 
2934	20 
2935	36 
2936	69 
2937	86 
2938	94 
2939	46 
2940	48 
2941	77 
2942	69 
2943	31 
2944	94 
2945	94 
2946	17 
2947	33 
2948	74 
2949	75 
2950	64 
2951	12 
2952	58 
2953	45 
2954	13 
2955	8 
2956	70 
2957	64 
2958	52 
2959	32 
2960	26 
2961	95 
2962	91 
2963	68 
2964	3 
2965	58 
2966	68 
2967	64 
2968	69 
2969	30 
2970	68 
2971	45 
2972	20 
2973	43 
2974	21 
2975	41 
2976	88 
2977	33 
2978	39 
2979	63 
2980	15 
2981	78 
2982	2 
2983	6 
2984	6 
2985	42 
2986	24 
2987	34 
2988	68 
2989	54 
2990	10 
2991	85 
2992	39 
2993	18 
2994	69 
2995	24 
2996	26 
2997	19 
2998	67 
2999	44 
3000	7 
3001	77 
3002	11 
3003	5 
3004	37 
3005	14 
3006	14 
3007	80 
3008	77 
3009	56 
3010	68 
3011	4 
3012	71 
3013	76 
3014	57 
3015	83 
3016	34 
3017	39 
3018	79 
3019	81 
3020	78 
3021	36 
3022	65 
3023	26 
3024	9 
3025	14 
3026	81 
3027	13 
3028	68 
3029	12 
3030	50 
3031	43 
3032	20 
3033	46 
3034	46 
3035	17 
3036	90 
3037	46 
3038	52 
3039	80 
3040	91 
3041	26 
3042	13 
3043	1 
3044	55 
3045	19 
3046	12 
3047	74 
3048	30 
3049	8 
3050	32 
3051	79 
3052	87 
3053	44 
3054	36 
3055	82 
3056	90 
3057	38 
3058	9 
3059	90 
3060	47 
3061	38 
3062	32 
3063	8 
3064	9 
3065	42 
3066	92 
3067	50 
3068	87 
3069	38 
3070	46 
3071	57 
3072	53 
3073	18 
3074	27 
3075	85 
3076	2 
3077	72 
3078	22 
3079	36 
3080	39 
3081	68 
3082	39 
3083	50 
3084	73 
3085	10 
3086	66 
3087	59 
3088	49 
3089	80 
3090	34 
3091	20 
3092	22 
3093	51 
3094	69 
3095	37 
3096	58 
3097	84 
3098	57 
3099	94 
3100	17 
3101	20 
3102	36 
3103	13 
3104	94 
3105	37 
3106	52 
3107	79 
3108	54 
3109	34 
3110	94 
3111	51 
3112	91 
3113	80 
3114	61 
3115	44 
3116	77 
3117	85 
3118	32 
3119	73 
3120	46 
3121	58 
3122	59 
3123	76 
3124	30 
3125	87 
3126	33 
3127	18 
3128	30 
3129	61 
3130	85 
3131	71 
3132	46 
3133	87 
3134	5 
3135	58 
3136	66 
3137	75 
3138	89 
3139	8 
3140	33 
3141	12 
3142	33 
3143	26 
3144	88 
3145	86 
3146	86 
3147	55 
3148	81 
3149	10 
3150	58 
3151	75 
3152	71 
3153	66 
3154	89 
3155	55 
3156	28 
3157	80 
3158	64 
3159	35 
3160	70 
3161	33 
3162	90 
3163	11 
3164	87 
3165	46 
3166	91 
3167	95 
3168	25 
3169	22 
3170	21 
3171	21 
3172	25 
3173	46 
3174	82 
3175	51 
3176	80 
3177	8 
3178	21 
3179	19 
3180	73 
3181	50 
3182	57 
3183	46 
3184	39 
3185	57 
3186	50 
3187	32 
3188	37 
3189	3 
3190	10 
3191	4 
3192	38 
3193	37 
3194	19 
3195	7 
3196	49 
3197	15 
3198	46 
3199	7 
3200	82 
3201	65 
3202	20 
3203	21 
3204	13 
3205	19 
3206	9 
3207	39 
3208	90 
3209	54 
3210	10 
3211	43 
3212	21 
3213	85 
3214	43 
3215	94 
3216	15 
3217	51 
3218	25 
3219	49 
3220	50 
3221	93 
3222	65 
3223	82 
3224	94 
3225	49 
3226	92 
3227	75 
3228	33 
3229	48 
3230	59 
3231	59 
3232	79 
3233	5 
3234	13 
3235	94 
3236	95 
3237	89 
3238	17 
3239	87 
3240	26 
3241	69 
3242	71 
3243	8 
3244	86 
3245	88 
3246	94 
3247	74 
3248	36 
3249	19 
3250	26 
3251	3 
3252	51 
3253	56 
3254	72 
3255	20 
3256	80 
3257	88 
3258	86 
3259	50 
3260	30 
3261	6 
3262	18 
3263	47 
3264	26 
3265	21 
3266	25 
3267	25 
3268	86 
3269	88 
3270	25 
3271	13 
3272	52 
3273	58 
3274	78 
3275	94 
3276	55 
3277	43 
3278	4 
3279	67 
3280	65 
3281	80 
3282	51 
3283	20 
3284	50 
3285	69 
3286	31 
3287	65 
3288	31 
3289	35 
3290	63 
3291	63 
3292	51 
3293	9 
3294	73 
3295	57 
3296	15 
3297	95 
3298	54 
3299	71 
3300	50 
3301	67 
3302	52 
3303	26 
3304	70 
3305	87 
3306	63 
3307	69 
3308	23 
3309	33 
3310	78 
3311	19 
3312	49 
3313	19 
3314	7 
3315	44 
3316	58 
3317	84 
3318	77 
3319	65 
3320	56 
3321	85 
3322	85 
3323	95 
3324	5 
3325	72 
3326	46 
3327	7 
3328	46 
3329	85 
3330	33 
3331	79 
3332	5 
3333	18 
3334	48 
3335	90 
3336	36 
3337	46 
3338	51 
3339	27 
3340	82 
3341	34 
3342	30 
3343	63 
3344	35 
3345	78 
3346	26 
3347	78 
3348	70 
3349	3 
3350	10 
3351	47 
3352	9 
3353	57 
3354	19 
3355	27 
3356	87 
3357	17 
3358	23 
3359	63 
3360	57 
3361	7 
3362	25 
3363	54 
3364	13 
3365	5 
3366	47 
3367	92 
3368	61 
3369	70 
3370	67 
3371	81 
3372	54 
3373	50 
3374	54 
3375	43 
3376	66 
3377	94 
3378	1 
3379	2 
3380	71 
3381	52 
3382	46 
3383	66 
3384	8 
3385	12 
3386	49 
3387	78 
3388	13 
3389	80 
3390	46 
3391	37 
3392	74 
3393	65 
3394	93 
3395	95 
3396	94 
3397	25 
3398	72 
3399	65 
3400	84 
3401	37 
3402	70 
3403	21 
3404	81 
3405	53 
3406	54 
3407	32 
3408	55 
3409	21 
3410	21 
3411	17 
3412	13 
3413	26 
3414	27 
3415	38 
3416	24 
3417	62 
3418	19 
3419	68 
3420	84 
3421	29 
3422	63 
3423	1 
3424	51 
3425	86 
3426	69 
3427	61 
3428	26 
3429	65 
3430	43 
3431	68 
3432	31 
3433	83 
3434	24 
3435	30 
3436	88 
3437	37 
3438	11 
3439	9 
3440	83 
3441	48 
3442	28 
3443	64 
3444	57 
3445	16 
3446	42 
3447	90 
3448	11 
3449	78 
3450	9 
3451	65 
3452	11 
3453	23 
3454	51 
3455	33 
3456	92 
3457	86 
3458	22 
3459	51 
3460	68 
3461	81 
3462	18 
3463	90 
3464	95 
3465	50 
3466	21 
3467	8 
3468	85 
3469	87 
3470	26 
3471	8 
3472	64 
3473	22 
3474	48 
3475	21 
3476	78 
3477	47 
3478	71 
3479	36 
3480	65 
3481	40 
3482	62 
3483	86 
3484	52 
3485	49 
3486	45 
3487	39 
3488	46 
3489	85 
3490	67 
3491	9 
3492	91 
3493	33 
3494	55 
3495	65 
3496	30 
3497	4 
3498	30 
3499	26 
3500	87 
3501	18 
3502	60 
3503	9 
3504	83 
3505	5 
3506	81 
3507	27 
3508	1 
3509	30 
3510	21 
3511	41 
3512	69 
3513	44 
3514	20 
3515	49 
3516	39 
3517	46 
3518	26 
3519	76 
3520	71 
3521	43 
3522	43 
3523	19 
3524	58 
3525	39 
3526	26 
3527	37 
3528	84 
3529	24 
3530	49 
3531	37 
3532	25 
3533	91 
3534	34 
3535	88 
3536	5 
3537	33 
3538	18 
3539	63 
3540	79 
3541	27 
3542	46 
3543	89 
3544	83 
3545	31 
3546	10 
3547	34 
3548	39 
3549	86 
3550	30 
3551	59 
3552	19 
3553	35 
3554	52 
3555	19 
3556	95 
3557	43 
3558	67 
3559	42 
3560	12 
3561	39 
3562	49 
3563	59 
3564	83 
3565	65 
3566	88 
3567	81 
3568	30 
3569	93 
3570	74 
3571	41 
3572	79 
3573	30 
3574	6 
3575	45 
3576	94 
3577	46 
3578	8 
3579	31 
3580	10 
3581	86 
3582	66 
3583	15 
3584	24 
3585	75 
3586	12 
3587	90 
3588	5 
3589	81 
3590	66 
3591	25 
3592	58 
3593	58 
3594	43 
3595	24 
3596	74 
3597	39 
3598	34 
3599	8 
3600	9 
3601	86 
3602	82 
3603	42 
3604	82 
3605	66 
3606	86 
3607	36 
3608	43 
3609	50 
3610	44 
3611	17 
3612	87 
3613	23 
3614	20 
3615	79 
3616	69 
3617	85 
3618	47 
3619	67 
3620	13 
3621	25 
3622	16 
3623	90 
3624	17 
3625	94 
3626	5 
3627	80 
3628	25 
3629	50 
3630	28 
3631	8 
3632	68 
3633	2 
3634	27 
3635	7 
3636	24 
3637	57 
3638	70 
3639	23 
3640	37 
3641	31 
3642	16 
3643	61 
3644	32 
3645	57 
3646	67 
3647	43 
3648	40 
3649	45 
3650	13 
3651	91 
3652	76 
3653	71 
3654	78 
3655	62 
3656	52 
3657	75 
3658	63 
3659	65 
3660	30 
3661	68 
3662	21 
3663	74 
3664	27 
3665	13 
3666	51 
3667	76 
3668	85 
3669	54 
3670	87 
3671	74 
3672	59 
3673	84 
3674	15 
3675	18 
3676	1 
3677	33 
3678	88 
3679	17 
3680	58 
3681	41 
3682	25 
3683	71 
3684	20 
3685	79 
3686	71 
3687	81 
3688	83 
3689	60 
3690	63 
3691	26 
3692	80 
3693	30 
3694	11 
3695	68 
3696	63 
3697	80 
3698	11 
3699	8 
3700	75 
3701	36 
3702	19 
3703	2 
3704	23 
3705	49 
3706	35 
3707	4 
3708	50 
3709	68 
3710	66 
3711	33 
3712	54 
3713	21 
3714	51 
3715	94 
3716	88 
3717	71 
3718	68 
3719	69 
3720	59 
3721	66 
3722	12 
3723	85 
3724	30 
3725	69 
3726	55 
3727	54 
3728	19 
3729	16 
3730	32 
3731	40 
3732	46 
3733	44 
3734	74 
3735	72 
3736	26 
3737	56 
3738	13 
3739	80 
3740	76 
3741	33 
3742	37 
3743	7 
3744	80 
3745	77 
3746	5 
3747	47 
3748	80 
3749	82 
3750	19 
3751	35 
3752	30 
3753	63 
3754	46 
3755	94 
3756	18 
3757	51 
3758	80 
3759	78 
3760	54 
3761	68 
3762	7 
3763	88 
3764	83 
3765	7 
3766	85 
3767	76 
3768	82 
3769	18 
3770	6 
3771	69 
3772	92 
3773	82 
3774	28 
3775	46 
3776	57 
3777	92 
3778	58 
3779	6 
3780	25 
3781	65 
3782	10 
3783	35 
3784	88 
3785	25 
3786	12 
3787	42 
3788	66 
3789	76 
3790	9 
3791	89 
3792	68 
3793	28 
3794	75 
3795	54 
3796	78 
3797	68 
3798	49 
3799	25 
3800	68 
3801	48 
3802	79 
3803	44 
3804	8 
3805	67 
3806	81 
3807	45 
3808	9 
3809	33 
3810	64 
3811	57 
3812	30 
3813	17 
3814	24 
3815	31 
3816	62 
3817	18 
3818	69 
3819	30 
3820	56 
3821	88 
3822	15 
3823	8 
3824	17 
3825	77 
3826	80 
3827	69 
3828	17 
3829	79 
3830	39 
3831	30 
3832	95 
3833	8 
3834	81 
3835	11 
3836	46 
3837	46 
3838	78 
3839	26 
3840	65 
3841	47 
3842	6 
3843	13 
3844	62 
3845	46 
3846	89 
3847	68 
3848	22 
3849	11 
3850	65 
3851	30 
3852	10 
3853	33 
3854	32 
3855	34 
3856	89 
3857	36 
3858	36 
3859	56 
3860	80 
3861	43 
3862	63 
3863	34 
3864	38 
3865	43 
3866	77 
3867	57 
3868	46 
3869	11 
3870	92 
3871	42 
3872	17 
3873	26 
3874	85 
3875	82 
3876	51 
3877	50 
3878	26 
3879	88 
3880	34 
3881	45 
3882	84 
3883	30 
3884	40 
3885	68 
3886	83 
3887	15 
3888	56 
3889	5 
3890	26 
3891	75 
3892	58 
3893	55 
3894	67 
3895	62 
3896	58 
3897	74 
3898	95 
3899	80 
3900	10 
3901	19 
3902	63 
3903	35 
3904	9 
3905	13 
3906	42 
3907	17 
3908	21 
3909	54 
3910	49 
3911	59 
3912	75 
3913	83 
3914	10 
3915	88 
3916	78 
3917	19 
3918	86 
3919	79 
3920	76 
3921	13 
3922	46 
3923	60 
3924	20 
3925	20 
3926	88 
3927	35 
3928	83 
3929	89 
3930	69 
3931	15 
3932	18 
3933	73 
3934	89 
3935	50 
3936	36 
3937	57 
3938	80 
3939	45 
3940	12 
3941	84 
3942	40 
3943	49 
3944	80 
3945	11 
3946	41 
3947	55 
3948	80 
3949	61 
3950	21 
3951	13 
3952	73 
3953	46 
3954	13 
3955	41 
3956	93 
3957	94 
3958	18 
3959	11 
3960	62 
3961	87 
3962	30 
3963	73 
3964	81 
3965	27 
3966	34 
3967	46 
3968	12 
3969	79 
3970	34 
3971	32 
3972	56 
3973	29 
3974	5 
3975	90 
3976	82 
3977	80 
3978	58 
3979	19 
3980	9 
3981	53 
3982	81 
3983	74 
3984	34 
3985	68 
3986	65 
3987	51 
3988	94 
3989	84 
3990	50 
3991	85 
3992	51 
3993	6 
3994	57 
3995	74 
3996	24 
3997	27 
3998	32 
3999	42 
4000	43 
4001	10 
4002	27 
4003	87 
4004	94 
4005	70 
4006	65 
4007	18 
4008	13 
4009	78 
4010	88 
4011	57 
4012	25 
4013	47 
4014	46 
4015	17 
4016	70 
4017	68 
4018	5 
4019	25 
4020	57 
4021	13 
4022	74 
4023	38 
4024	65 
4025	34 
4026	25 
4027	78 
4028	27 
4029	13 
4030	89 
4031	65 
4032	69 
4033	9 
4034	35 
4035	78 
4036	10 
4037	49 
4038	15 
4039	64 
4040	54 
4041	32 
4042	91 
4043	25 
4044	7 
4045	57 
4046	26 
4047	23 
4048	40 
4049	82 
4050	74 
4051	58 
4052	19 
4053	69 
4054	15 
4055	76 
4056	13 
4057	9 
4058	87 
4059	24 
4060	43 
4061	33 
4062	19 
4063	27 
4064	89 
4065	7 
4066	8 
4067	67 
4068	82 
4069	13 
4070	63 
4071	18 
4072	69 
4073	80 
4074	89 
4075	75 
4076	46 
4077	65 
4078	74 
4079	78 
4080	26 
4081	42 
4082	63 
4083	88 
4084	74 
4085	20 
4086	83 
4087	14 
4088	74 
4089	14 
4090	70 
4091	69 
4092	2 
4093	87 
4094	65 
4095	89 
4096	10 
4097	75 
4098	65 
4099	60 
4100	51 
4101	88 
4102	30 
4103	41 
4104	47 
4105	18 
4106	82 
4107	49 
4108	35 
4109	33 
4110	34 
4111	65 
4112	19 
4113	74 
4114	21 
4115	88 
4116	95 
4117	55 
4118	16 
4119	52 
4120	43 
4121	11 
4122	66 
4123	95 
4124	10 
4125	68 
4126	74 
4127	29 
4128	80 
4129	67 
4130	54 
4131	66 
4132	36 
4133	50 
4134	51 
4135	5 
4136	62 
4137	67 
4138	88 
4139	45 
4140	26 
4141	4 
4142	22 
4143	26 
4144	17 
4145	75 
4146	87 
4147	57 
4148	51 
4149	13 
4150	67 
4151	4 
4152	81 
4153	92 
4154	65 
4155	71 
4156	20 
4157	81 
4158	20 
4159	19 
4160	57 
4161	68 
4162	69 
4163	85 
4164	20 
4165	12 
4166	2 
4167	10 
4168	33 
4169	46 
4170	52 
4171	88 
4172	46 
4173	74 
4174	33 
4175	67 
4176	23 
4177	56 
4178	5 
4179	2 
4180	11 
4181	88 
4182	2 
4183	94 
4184	77 
4185	8 
4186	76 
4187	17 
4188	46 
4189	74 
4190	64 
4191	62 
4192	85 
4193	95 
4194	35 
4195	3 
4196	21 
4197	34 
4198	12 
4199	20 
4200	40 
4201	25 
4202	78 
4203	40 
4204	87 
4205	21 
4206	10 
4207	50 
4208	28 
4209	6 
4210	80 
4211	65 
4212	13 
4213	72 
4214	33 
4215	73 
4216	38 
4217	82 
4218	7 
4219	75 
4220	75 
4221	69 
4222	65 
4223	17 
4224	64 
4225	13 
4226	19 
4227	93 
4228	87 
4229	42 
4230	8 
4231	70 
4232	29 
4233	26 
4234	71 
4235	8 
4236	85 
4237	32 
4238	12 
4239	13 
4240	88 
4241	34 
4242	53 
4243	35 
4244	19 
4245	68 
4246	16 
4247	85 
4248	75 
4249	35 
4250	57 
4251	92 
4252	25 
4253	66 
4254	75 
4255	6 
4256	53 
4257	75 
4258	10 
4259	43 
4260	91 
4261	36 
4262	35 
4263	63 
4264	76 
4265	81 
4266	9 
4267	51 
4268	49 
4269	83 
4270	34 
4271	65 
4272	6 
4273	87 
4274	11 
4275	20 
4276	39 
4277	71 
4278	65 
4279	68 
4280	49 
4281	63 
4282	81 
4283	32 
4284	57 
4285	34 
4286	71 
4287	48 
4288	11 
4289	57 
4290	89 
4291	62 
4292	17 
4293	87 
4294	60 
4295	70 
4296	24 
4297	41 
4298	56 
4299	94 
4300	51 
4301	9 
4302	42 
4303	59 
4304	30 
4305	87 
4306	30 
4307	26 
4308	32 
4309	86 
4310	24 
4311	91 
4312	73 
4313	35 
4314	89 
4315	65 
4316	55 
4317	33 
4318	95 
4319	7 
4320	93 
4321	65 
4322	81 
4323	74 
4324	10 
4325	62 
4326	9 
4327	43 
4328	23 
4329	38 
4330	73 
4331	63 
4332	21 
4333	6 
4334	7 
4335	35 
4336	58 
4337	85 
4338	85 
4339	61 
4340	86 
4341	55 
4342	30 
4343	2 
4344	95 
4345	85 
4346	41 
4347	66 
4348	60 
4349	13 
4350	7 
4351	95 
4352	68 
4353	25 
4354	18 
4355	2 
4356	84 
4357	72 
4358	20 
4359	4 
4360	57 
4361	30 
4362	5 
4363	74 
4364	25 
4365	80 
4366	53 
4367	69 
4368	95 
4369	91 
4370	9 
4371	78 
4372	19 
4373	5 
4374	75 
4375	62 
4376	63 
4377	76 
4378	27 
4379	52 
4380	20 
4381	74 
4382	65 
4383	74 
4384	86 
4385	76 
4386	20 
4387	65 
4388	44 
4389	61 
4390	17 
4391	53 
4392	72 
4393	82 
4394	67 
4395	86 
4396	26 
4397	79 
4398	75 
4399	17 
4400	21 
4401	54 
4402	30 
4403	36 
4404	78 
4405	82 
4406	58 
4407	23 
4408	41 
4409	75 
4410	30 
4411	16 
4412	95 
4413	21 
4414	18 
4415	25 
4416	34 
4417	43 
4418	42 
4419	69 
4420	33 
4421	47 
4422	33 
4423	19 
4424	86 
4425	91 
4426	2 
4427	38 
4428	13 
4429	39 
4430	27 
4431	68 
4432	49 
4433	87 
4434	24 
4435	15 
4436	80 
4437	86 
4438	88 
4439	32 
4440	19 
4441	74 
4442	37 
4443	76 
4444	86 
4445	24 
4446	18 
4447	83 
4448	34 
4449	78 
4450	26 
4451	20 
4452	64 
4453	46 
4454	31 
4455	72 
4456	35 
4457	77 
4458	25 
4459	95 
4460	65 
4461	86 
4462	52 
4463	73 
4464	49 
4465	10 
4466	27 
4467	93 
4468	68 
4469	82 
4470	78 
4471	68 
4472	38 
4473	26 
4474	43 
4475	73 
4476	92 
4477	17 
4478	46 
4479	26 
4480	82 
4481	20 
4482	80 
4483	30 
4484	88 
4485	60 
4486	75 
4487	85 
4488	34 
4489	57 
4490	26 
4491	21 
4492	34 
4493	65 
4494	18 
4495	6 
4496	20 
4497	2 
4498	85 
4499	46 
4500	74 
4501	36 
4502	87 
4503	69 
4504	44 
4505	81 
4506	84 
4507	42 
4508	91 
4509	41 
4510	59 
4511	85 
4512	52 
4513	81 
4514	28 
4515	75 
4516	72 
4517	88 
4518	44 
4519	83 
4520	7 
4521	67 
4522	68 
4523	95 
4524	13 
4525	21 
4526	29 
4527	18 
4528	81 
4529	95 
4530	20 
4531	60 
4532	29 
4533	24 
4534	90 
4535	16 
4536	82 
4537	88 
4538	39 
4539	77 
4540	43 
4541	68 
4542	13 
4543	39 
4544	40 
4545	14 
4546	94 
4547	16 
4548	79 
4549	9 
4550	54 
4551	88 
4552	50 
4553	20 
4554	39 
4555	90 
4556	90 
4557	49 
4558	70 
4559	36 
4560	58 
4561	35 
4562	45 
4563	45 
4564	56 
4565	78 
4566	65 
4567	28 
4568	49 
4569	43 
4570	94 
4571	90 
4572	21 
4573	87 
4574	75 
4575	95 
4576	10 
4577	51 
4578	65 
4579	67 
4580	70 
4581	17 
4582	65 
4583	49 
4584	19 
4585	62 
4586	70 
4587	94 
4588	30 
4589	20 
4590	65 
4591	9 
4592	11 
4593	66 
4594	86 
4595	54 
4596	49 
4597	69 
4598	91 
4599	46 
4600	7 
4601	25 
4602	53 
4603	25 
4604	32 
4605	68 
4606	47 
4607	86 
4608	90 
4609	83 
4610	33 
4611	10 
4612	95 
4613	32 
4614	87 
4615	8 
4616	58 
4617	84 
4618	18 
4619	24 
4620	3 
4621	83 
4622	7 
4623	47 
4624	11 
4625	51 
4626	42 
4627	78 
4628	4 
4629	88 
4630	8 
4631	29 
4632	80 
4633	17 
4634	44 
4635	77 
4636	9 
4637	18 
4638	54 
4639	94 
4640	81 
4641	13 
4642	86 
4643	79 
4644	5 
4645	45 
4646	25 
4647	66 
4648	3 
4649	39 
4650	83 
4651	78 
4652	24 
4653	15 
4654	64 
4655	39 
4656	71 
4657	53 
4658	68 
4659	68 
4660	4 
4661	80 
4662	37 
4663	95 
4664	11 
4665	19 
4666	46 
4667	66 
4668	49 
4669	43 
4670	40 
4671	11 
4672	8 
4673	25 
4674	77 
4675	90 
4676	11 
4677	72 
4678	17 
4679	67 
4680	90 
4681	84 
4682	46 
4683	10 
4684	57 
4685	47 
4686	18 
4687	49 
4688	39 
4689	82 
4690	75 
4691	60 
4692	41 
4693	31 
4694	72 
4695	32 
4696	45 
4697	55 
4698	12 
4699	56 
4700	26 
4701	5 
4702	57 
4703	25 
4704	18 
4705	45 
4706	51 
4707	9 
4708	87 
4709	37 
4710	28 
4711	47 
4712	73 
4713	54 
4714	11 
4715	47 
4716	65 
4717	32 
4718	22 
4719	57 
4720	30 
4721	24 
4722	87 
4723	4 
4724	20 
4725	69 
4726	93 
4727	67 
4728	35 
4729	89 
4730	39 
4731	54 
4732	34 
4733	22 
4734	69 
4735	65 
4736	17 
4737	45 
4738	16 
4739	31 
4740	60 
4741	68 
4742	73 
4743	26 
4744	70 
4745	86 
4746	55 
4747	80 
4748	14 
4749	71 
4750	93 
4751	90 
4752	34 
4753	54 
4754	72 
4755	9 
4756	84 
4757	33 
4758	87 
4759	51 
4760	18 
4761	82 
4762	25 
4763	88 
4764	59 
4765	90 
4766	46 
4767	69 
4768	87 
4769	26 
4770	88 
4771	74 
4772	2 
4773	36 
4774	68 
4775	57 
4776	25 
4777	32 
4778	59 
4779	48 
4780	86 
4781	8 
4782	52 
4783	10 
4784	22 
4785	75 
4786	2 
4787	83 
4788	66 
4789	20 
4790	39 
4791	92 
4792	62 
4793	90 
4794	25 
4795	80 
4796	57 
4797	94 
4798	78 
4799	49 
4800	79 
4801	76 
4802	18 
4803	12 
4804	22 
4805	55 
4806	95 
4807	33 
4808	36 
4809	59 
4810	69 
4811	30 
4812	11 
4813	39 
4814	57 
4815	17 
4816	74 
4817	19 
4818	35 
4819	48 
4820	88 
4821	84 
4822	49 
4823	88 
4824	26 
4825	57 
4826	9 
4827	45 
4828	27 
4829	30 
4830	76 
4831	27 
4832	25 
4833	82 
4834	65 
4835	56 
4836	90 
4837	45 
4838	25 
4839	46 
4840	31 
4841	53 
4842	68 
4843	2 
4844	39 
4845	22 
4846	15 
4847	75 
4848	89 
4849	85 
4850	94 
4851	23 
4852	92 
4853	73 
4854	67 
4855	89 
4856	68 
4857	69 
4858	39 
4859	7 
4860	69 
4861	59 
4862	51 
4863	72 
4864	16 
4865	39 
4866	69 
4867	72 
4868	75 
4869	34 
4870	43 
4871	30 
4872	40 
4873	81 
4874	34 
4875	79 
4876	88 
4877	27 
4878	95 
4879	79 
4880	69 
4881	9 
4882	92 
4883	9 
4884	45 
4885	80 
4886	57 
4887	54 
4888	65 
4889	19 
4890	13 
4891	78 
4892	49 
4893	78 
4894	51 
4895	5 
4896	68 
4897	54 
4898	9 
4899	84 
4900	26 
4901	54 
4902	50 
4903	49 
4904	73 
4905	12 
4906	37 
4907	89 
4908	73 
4909	82 
4910	33 
4911	74 
4912	89 
4913	81 
4914	19 
4915	84 
4916	52 
4917	7 
4918	7 
4919	59 
4920	21 
4921	25 
4922	78 
4923	13 
4924	69 
4925	60 
4926	77 
4927	46 
4928	88 
4929	49 
4930	18 
4931	9 
4932	69 
4933	74 
4934	22 
4935	39 
4936	30 
4937	90 
4938	80 
4939	17 
4940	28 
4941	61 
4942	75 
4943	8 
4944	51 
4945	40 
4946	57 
4947	43 
4948	69 
4949	20 
4950	40 
4951	27 
4952	26 
4953	85 
4954	15 
4955	80 
4956	25 
4957	15 
4958	76 
4959	43 
4960	51 
4961	88 
4962	85 
4963	39 
4964	84 
4965	13 
4966	49 
4967	80 
4968	94 
4969	70 
4970	92 
4971	13 
4972	35 
4973	10 
4974	7 
4975	20 
4976	29 
4977	64 
4978	70 
4979	58 
4980	25 
4981	6 
4982	10 
4983	51 
4984	69 
4985	70 
4986	7 
4987	48 
4988	43 
4989	81 
4990	5 
4991	67 
4992	69 
4993	70 
4994	62 
4995	54 
4996	49 
4997	92 
4998	53 
4999	74 
5000	37 
