1	31 
2	38 
3	65 
4	52 
5	47 
6	17 
7	1 
8	61 
9	47 
10	37 
11	83 
12	5 
13	16 
14	85 
15	43 
16	96 
17	79 
18	55 
19	24 
20	28 
21	20 
22	43 
23	76 
24	54 
25	11 
26	52 
27	64 
28	45 
29	2 
30	38 
31	77 
32	74 
33	70 
34	84 
35	56 
36	94 
37	41 
38	49 
39	65 
40	90 
41	41 
42	7 
43	34 
44	81 
45	63 
46	63 
47	42 
48	5 
49	47 
50	18 
51	26 
52	6 
53	57 
54	18 
55	30 
56	88 
57	9 
58	87 
59	94 
60	11 
61	17 
62	93 
63	49 
64	76 
65	10 
66	65 
67	57 
68	74 
69	50 
70	81 
71	21 
72	47 
73	39 
74	59 
75	81 
76	47 
77	94 
78	20 
79	43 
80	48 
81	6 
82	36 
83	71 
84	60 
85	73 
86	1 
87	7 
88	88 
89	71 
90	78 
91	31 
92	59 
93	42 
94	74 
95	71 
96	5 
97	50 
98	9 
99	56 
100	59 
101	15 
102	21 
103	89 
104	65 
105	82 
106	63 
107	36 
108	14 
109	36 
110	22 
111	15 
112	84 
113	66 
114	78 
115	31 
116	78 
117	94 
118	17 
119	17 
120	60 
121	20 
122	87 
123	37 
124	66 
125	37 
126	66 
127	3 
128	59 
129	9 
130	64 
131	57 
132	27 
133	1 
134	48 
135	63 
136	3 
137	21 
138	21 
139	79 
140	65 
141	63 
142	89 
143	59 
144	94 
145	87 
146	60 
147	88 
148	96 
149	1 
150	11 
151	44 
152	50 
153	92 
154	17 
155	80 
156	74 
157	2 
158	61 
159	96 
160	31 
161	28 
162	96 
163	94 
164	6 
165	72 
166	3 
167	13 
168	47 
169	17 
170	48 
171	1 
172	57 
173	5 
174	33 
175	47 
176	48 
177	41 
178	46 
179	80 
180	66 
181	42 
182	27 
183	21 
184	78 
185	52 
186	63 
187	74 
188	19 
189	37 
190	55 
191	31 
192	80 
193	15 
194	20 
195	25 
196	44 
197	58 
198	78 
199	3 
200	63 
201	12 
202	30 
203	62 
204	43 
205	7 
206	37 
207	94 
208	88 
209	88 
210	35 
211	77 
212	86 
213	26 
214	81 
215	9 
216	67 
217	11 
218	73 
219	11 
220	30 
221	21 
222	58 
223	2 
224	79 
225	57 
226	3 
227	30 
228	43 
229	87 
230	81 
231	96 
232	55 
233	63 
234	44 
235	29 
236	7 
237	18 
238	83 
239	63 
240	93 
241	43 
242	15 
243	55 
244	94 
245	14 
246	92 
247	20 
248	57 
249	14 
250	1 
251	57 
252	2 
253	48 
254	12 
255	1 
256	60 
257	9 
258	59 
259	94 
260	55 
261	64 
262	13 
263	51 
264	81 
265	74 
266	77 
267	42 
268	65 
269	8 
270	34 
271	62 
272	41 
273	66 
274	47 
275	31 
276	41 
277	84 
278	2 
279	77 
280	43 
281	89 
282	86 
283	44 
284	28 
285	43 
286	9 
287	26 
288	30 
289	32 
290	69 
291	54 
292	3 
293	75 
294	26 
295	1 
296	78 
297	48 
298	23 
299	46 
300	95 
301	81 
302	75 
303	2 
304	42 
305	46 
306	6 
307	78 
308	48 
309	14 
310	74 
311	74 
312	96 
313	3 
314	8 
315	48 
316	68 
317	15 
318	24 
319	82 
320	63 
321	43 
322	88 
323	43 
324	82 
325	15 
326	41 
327	61 
328	38 
329	81 
330	68 
331	88 
332	91 
333	63 
334	11 
335	94 
336	20 
337	23 
338	86 
339	89 
340	65 
341	85 
342	18 
343	33 
344	49 
345	28 
346	14 
347	94 
348	10 
349	78 
350	69 
351	65 
352	73 
353	26 
354	50 
355	54 
356	31 
357	6 
358	22 
359	78 
360	54 
361	95 
362	17 
363	61 
364	60 
365	36 
366	3 
367	75 
368	92 
369	68 
370	83 
371	75 
372	14 
373	75 
374	36 
375	47 
376	48 
377	51 
378	81 
379	37 
380	51 
381	80 
382	4 
383	49 
384	79 
385	93 
386	9 
387	20 
388	47 
389	43 
390	22 
391	63 
392	7 
393	1 
394	61 
395	83 
396	89 
397	36 
398	90 
399	84 
400	14 
401	46 
402	47 
403	48 
404	68 
405	47 
406	42 
407	37 
408	73 
409	15 
410	1 
411	49 
412	57 
413	17 
414	4 
415	19 
416	94 
417	94 
418	16 
419	63 
420	77 
421	74 
422	38 
423	61 
424	60 
425	43 
426	8 
427	17 
428	3 
429	19 
430	78 
431	28 
432	18 
433	36 
434	13 
435	26 
436	93 
437	42 
438	41 
439	96 
440	36 
441	73 
442	10 
443	28 
444	15 
445	47 
446	60 
447	92 
448	74 
449	94 
450	21 
451	6 
452	11 
453	78 
454	36 
455	35 
456	43 
457	36 
458	84 
459	59 
460	14 
461	23 
462	9 
463	15 
464	94 
465	41 
466	15 
467	88 
468	33 
469	60 
470	78 
471	6 
472	80 
473	33 
474	66 
475	81 
476	36 
477	19 
478	67 
479	69 
480	9 
481	74 
482	27 
483	26 
484	17 
485	75 
486	50 
487	79 
488	63 
489	32 
490	21 
491	40 
492	65 
493	49 
494	79 
495	63 
496	33 
497	65 
498	56 
499	77 
500	49 
501	58 
502	78 
503	26 
504	35 
505	24 
506	53 
507	42 
508	17 
509	83 
510	82 
511	26 
512	21 
513	67 
514	49 
515	47 
516	45 
517	61 
518	65 
519	53 
520	74 
521	70 
522	42 
523	66 
524	41 
525	2 
526	49 
527	3 
528	88 
529	84 
530	32 
531	81 
532	18 
533	45 
534	93 
535	60 
536	51 
537	78 
538	34 
539	49 
540	14 
541	63 
542	44 
543	49 
544	89 
545	71 
546	10 
547	76 
548	1 
549	30 
550	3 
551	90 
552	39 
553	5 
554	36 
555	38 
556	59 
557	61 
558	20 
559	1 
560	48 
561	14 
562	48 
563	40 
564	37 
565	46 
566	36 
567	49 
568	8 
569	80 
570	57 
571	41 
572	3 
573	69 
574	18 
575	85 
576	86 
577	25 
578	14 
579	65 
580	87 
581	47 
582	44 
583	91 
584	66 
585	56 
586	45 
587	67 
588	7 
589	59 
590	84 
591	43 
592	39 
593	10 
594	96 
595	86 
596	88 
597	89 
598	61 
599	26 
600	89 
601	28 
602	40 
603	78 
604	10 
605	25 
606	42 
607	63 
608	20 
609	53 
610	40 
611	15 
612	25 
613	96 
614	72 
615	84 
616	59 
617	26 
618	50 
619	40 
620	75 
621	51 
622	23 
623	37 
624	80 
625	51 
626	26 
627	91 
628	78 
629	53 
630	20 
631	96 
632	48 
633	84 
634	36 
635	17 
636	42 
637	84 
638	41 
639	63 
640	8 
641	9 
642	38 
643	78 
644	74 
645	18 
646	36 
647	32 
648	56 
649	38 
650	3 
651	47 
652	25 
653	1 
654	61 
655	39 
656	47 
657	48 
658	42 
659	60 
660	87 
661	18 
662	85 
663	30 
664	48 
665	66 
666	86 
667	8 
668	2 
669	65 
670	60 
671	77 
672	72 
673	32 
674	88 
675	93 
676	57 
677	88 
678	38 
679	1 
680	82 
681	66 
682	27 
683	82 
684	76 
685	38 
686	60 
687	61 
688	94 
689	46 
690	22 
691	81 
692	21 
693	49 
694	66 
695	94 
696	96 
697	95 
698	56 
699	14 
700	75 
701	69 
702	1 
703	56 
704	52 
705	88 
706	82 
707	63 
708	79 
709	41 
710	15 
711	15 
712	45 
713	38 
714	83 
715	57 
716	86 
717	81 
718	57 
719	1 
720	14 
721	88 
722	64 
723	15 
724	46 
725	75 
726	91 
727	59 
728	50 
729	91 
730	41 
731	51 
732	70 
733	11 
734	3 
735	88 
736	75 
737	36 
738	44 
739	6 
740	96 
741	36 
742	45 
743	90 
744	54 
745	89 
746	66 
747	34 
748	75 
749	68 
750	77 
751	43 
752	83 
753	3 
754	65 
755	23 
756	50 
757	78 
758	24 
759	22 
760	14 
761	51 
762	48 
763	18 
764	42 
765	79 
766	41 
767	79 
768	33 
769	23 
770	75 
771	65 
772	93 
773	80 
774	77 
775	88 
776	83 
777	65 
778	21 
779	50 
780	74 
781	80 
782	45 
783	9 
784	57 
785	36 
786	69 
787	5 
788	53 
789	3 
790	9 
791	53 
792	57 
793	68 
794	65 
795	30 
796	30 
797	47 
798	2 
799	49 
800	25 
801	10 
802	94 
803	77 
804	57 
805	60 
806	70 
807	91 
808	15 
809	80 
810	17 
811	17 
812	93 
813	83 
814	88 
815	14 
816	88 
817	14 
818	14 
819	21 
820	10 
821	49 
822	52 
823	65 
824	47 
825	73 
826	61 
827	6 
828	47 
829	14 
830	74 
831	85 
832	25 
833	94 
834	44 
835	27 
836	46 
837	47 
838	49 
839	49 
840	20 
841	25 
842	3 
843	66 
844	80 
845	85 
846	4 
847	83 
848	1 
849	56 
850	88 
851	56 
852	10 
853	55 
854	41 
855	57 
856	18 
857	52 
858	36 
859	39 
860	22 
861	5 
862	31 
863	15 
864	11 
865	15 
866	65 
867	50 
868	49 
869	79 
870	63 
871	93 
872	26 
873	93 
874	65 
875	94 
876	48 
877	20 
878	21 
879	45 
880	88 
881	20 
882	50 
883	24 
884	44 
885	76 
886	94 
887	26 
888	49 
889	1 
890	69 
891	49 
892	49 
893	2 
894	33 
895	71 
896	78 
897	45 
898	48 
899	27 
900	60 
901	88 
902	96 
903	1 
904	25 
905	20 
906	90 
907	7 
908	25 
909	94 
910	81 
911	42 
912	74 
913	10 
914	53 
915	44 
916	18 
917	48 
918	45 
919	14 
920	35 
921	32 
922	9 
923	83 
924	48 
925	26 
926	49 
927	35 
928	66 
929	89 
930	82 
931	1 
932	22 
933	90 
934	21 
935	51 
936	74 
937	30 
938	15 
939	38 
940	96 
941	87 
942	39 
943	80 
944	83 
945	24 
946	9 
947	39 
948	80 
949	94 
950	79 
951	56 
952	19 
953	80 
954	75 
955	28 
956	3 
957	77 
958	53 
959	17 
960	90 
961	85 
962	35 
963	36 
964	75 
965	19 
966	82 
967	30 
968	94 
969	81 
970	57 
971	57 
972	63 
973	72 
974	54 
975	78 
976	6 
977	88 
978	49 
979	21 
980	3 
981	21 
982	17 
983	85 
984	36 
985	12 
986	47 
987	57 
988	26 
989	88 
990	47 
991	91 
992	61 
993	73 
994	44 
995	61 
996	74 
997	80 
998	23 
999	74 
1000	9 
1001	63 
1002	60 
1003	30 
1004	8 
1005	74 
1006	56 
1007	16 
1008	23 
1009	29 
1010	42 
1011	1 
1012	52 
1013	49 
1014	40 
1015	33 
1016	12 
1017	80 
1018	8 
1019	74 
1020	96 
1021	82 
1022	21 
1023	21 
1024	49 
1025	2 
1026	63 
1027	40 
1028	74 
1029	47 
1030	15 
1031	66 
1032	53 
1033	44 
1034	88 
1035	75 
1036	66 
1037	47 
1038	84 
1039	72 
1040	48 
1041	68 
1042	19 
1043	1 
1044	75 
1045	9 
1046	92 
1047	83 
1048	34 
1049	59 
1050	77 
1051	93 
1052	85 
1053	61 
1054	90 
1055	17 
1056	57 
1057	23 
1058	10 
1059	48 
1060	85 
1061	63 
1062	65 
1063	64 
1064	80 
1065	19 
1066	57 
1067	40 
1068	83 
1069	57 
1070	86 
1071	66 
1072	80 
1073	24 
1074	60 
1075	27 
1076	81 
1077	59 
1078	72 
1079	23 
1080	94 
1081	10 
1082	95 
1083	23 
1084	67 
1085	86 
1086	58 
1087	2 
1088	39 
1089	74 
1090	62 
1091	43 
1092	64 
1093	66 
1094	35 
1095	20 
1096	63 
1097	12 
1098	14 
1099	83 
1100	48 
1101	68 
1102	59 
1103	10 
1104	93 
1105	65 
1106	60 
1107	85 
1108	83 
1109	74 
1110	84 
1111	16 
1112	46 
1113	64 
1114	30 
1115	83 
1116	41 
1117	12 
1118	90 
1119	80 
1120	21 
1121	51 
1122	85 
1123	55 
1124	81 
1125	11 
1126	42 
1127	9 
1128	17 
1129	51 
1130	32 
1131	14 
1132	47 
1133	1 
1134	18 
1135	1 
1136	9 
1137	89 
1138	60 
1139	75 
1140	80 
1141	66 
1142	81 
1143	20 
1144	70 
1145	14 
1146	17 
1147	64 
1148	17 
1149	15 
1150	75 
1151	39 
1152	80 
1153	36 
1154	89 
1155	80 
1156	20 
1157	86 
1158	36 
1159	22 
1160	49 
1161	50 
1162	77 
1163	23 
1164	88 
1165	50 
1166	12 
1167	17 
1168	41 
1169	96 
1170	13 
1171	81 
1172	21 
1173	38 
1174	65 
1175	96 
1176	66 
1177	7 
1178	59 
1179	20 
1180	88 
1181	57 
1182	20 
1183	4 
1184	4 
1185	14 
1186	60 
1187	26 
1188	15 
1189	65 
1190	42 
1191	48 
1192	94 
1193	64 
1194	72 
1195	65 
1196	94 
1197	29 
1198	12 
1199	15 
1200	68 
1201	8 
1202	62 
1203	89 
1204	94 
1205	74 
1206	62 
1207	96 
1208	8 
1209	66 
1210	94 
1211	65 
1212	53 
1213	36 
1214	92 
1215	36 
1216	91 
1217	25 
1218	1 
1219	60 
1220	94 
1221	29 
1222	32 
1223	75 
1224	64 
1225	91 
1226	66 
1227	75 
1228	22 
1229	36 
1230	1 
1231	73 
1232	90 
1233	38 
1234	82 
1235	65 
1236	60 
1237	36 
1238	5 
1239	25 
1240	66 
1241	64 
1242	85 
1243	26 
1244	41 
1245	22 
1246	71 
1247	14 
1248	84 
1249	96 
1250	20 
1251	85 
1252	48 
1253	68 
1254	54 
1255	48 
1256	59 
1257	40 
1258	47 
1259	46 
1260	22 
1261	61 
1262	54 
1263	8 
1264	14 
1265	60 
1266	10 
1267	32 
1268	93 
1269	48 
1270	15 
1271	15 
1272	54 
1273	73 
1274	4 
1275	45 
1276	61 
1277	28 
1278	3 
1279	95 
1280	2 
1281	72 
1282	36 
1283	83 
1284	81 
1285	49 
1286	44 
1287	41 
1288	5 
1289	33 
1290	43 
1291	17 
1292	81 
1293	67 
1294	12 
1295	10 
1296	28 
1297	54 
1298	80 
1299	49 
1300	81 
1301	13 
1302	59 
1303	53 
1304	47 
1305	47 
1306	14 
1307	2 
1308	77 
1309	27 
1310	42 
1311	96 
1312	7 
1313	4 
1314	61 
1315	40 
1316	82 
1317	10 
1318	71 
1319	93 
1320	14 
1321	52 
1322	23 
1323	53 
1324	69 
1325	41 
1326	23 
1327	3 
1328	23 
1329	95 
1330	84 
1331	4 
1332	43 
1333	74 
1334	55 
1335	61 
1336	55 
1337	12 
1338	47 
1339	57 
1340	88 
1341	23 
1342	53 
1343	82 
1344	15 
1345	48 
1346	17 
1347	32 
1348	90 
1349	20 
1350	62 
1351	22 
1352	32 
1353	41 
1354	68 
1355	93 
1356	12 
1357	12 
1358	34 
1359	24 
1360	55 
1361	22 
1362	41 
1363	75 
1364	44 
1365	50 
1366	74 
1367	83 
1368	68 
1369	48 
1370	34 
1371	79 
1372	9 
1373	6 
1374	80 
1375	37 
1376	88 
1377	15 
1378	17 
1379	61 
1380	60 
1381	20 
1382	66 
1383	94 
1384	47 
1385	46 
1386	32 
1387	84 
1388	68 
1389	21 
1390	64 
1391	10 
1392	82 
1393	67 
1394	15 
1395	63 
1396	57 
1397	61 
1398	47 
1399	3 
1400	3 
1401	90 
1402	19 
1403	60 
1404	78 
1405	31 
1406	11 
1407	16 
1408	46 
1409	61 
1410	33 
1411	66 
1412	39 
1413	78 
1414	46 
1415	90 
1416	24 
1417	32 
1418	80 
1419	3 
1420	68 
1421	95 
1422	61 
1423	57 
1424	76 
1425	64 
1426	74 
1427	15 
1428	64 
1429	59 
1430	64 
1431	77 
1432	19 
1433	95 
1434	56 
1435	20 
1436	70 
1437	83 
1438	4 
1439	47 
1440	1 
1441	36 
1442	66 
1443	21 
1444	69 
1445	22 
1446	41 
1447	58 
1448	13 
1449	20 
1450	84 
1451	93 
1452	50 
1453	20 
1454	94 
1455	18 
1456	80 
1457	59 
1458	74 
1459	65 
1460	73 
1461	92 
1462	83 
1463	46 
1464	47 
1465	86 
1466	15 
1467	81 
1468	96 
1469	29 
1470	57 
1471	49 
1472	4 
1473	48 
1474	78 
1475	87 
1476	83 
1477	94 
1478	41 
1479	24 
1480	47 
1481	61 
1482	22 
1483	6 
1484	43 
1485	33 
1486	93 
1487	48 
1488	18 
1489	43 
1490	59 
1491	10 
1492	82 
1493	40 
1494	83 
1495	91 
1496	49 
1497	53 
1498	65 
1499	68 
1500	78 
1501	88 
1502	40 
1503	82 
1504	19 
1505	38 
1506	63 
1507	48 
1508	24 
1509	14 
1510	35 
1511	61 
1512	96 
1513	47 
1514	51 
1515	89 
1516	34 
1517	78 
1518	57 
1519	17 
1520	89 
1521	9 
1522	40 
1523	8 
1524	86 
1525	61 
1526	93 
1527	79 
1528	19 
1529	63 
1530	32 
1531	9 
1532	80 
1533	73 
1534	51 
1535	8 
1536	66 
1537	24 
1538	86 
1539	88 
1540	94 
1541	80 
1542	48 
1543	88 
1544	50 
1545	3 
1546	79 
1547	59 
1548	44 
1549	64 
1550	57 
1551	44 
1552	90 
1553	70 
1554	16 
1555	26 
1556	47 
1557	64 
1558	88 
1559	87 
1560	48 
1561	14 
1562	57 
1563	41 
1564	1 
1565	8 
1566	10 
1567	93 
1568	48 
1569	63 
1570	39 
1571	66 
1572	26 
1573	79 
1574	61 
1575	60 
1576	93 
1577	11 
1578	32 
1579	62 
1580	78 
1581	75 
1582	94 
1583	28 
1584	30 
1585	15 
1586	14 
1587	78 
1588	60 
1589	10 
1590	1 
1591	31 
1592	31 
1593	75 
1594	71 
1595	41 
1596	48 
1597	49 
1598	23 
1599	66 
1600	28 
1601	48 
1602	11 
1603	74 
1604	78 
1605	78 
1606	8 
1607	33 
1608	74 
1609	85 
1610	1 
1611	72 
1612	1 
1613	88 
1614	77 
1615	45 
1616	77 
1617	32 
1618	90 
1619	81 
1620	90 
1621	10 
1622	81 
1623	39 
1624	14 
1625	33 
1626	10 
1627	1 
1628	25 
1629	85 
1630	7 
1631	84 
1632	8 
1633	74 
1634	92 
1635	20 
1636	26 
1637	49 
1638	57 
1639	72 
1640	63 
1641	15 
1642	12 
1643	51 
1644	44 
1645	83 
1646	59 
1647	37 
1648	52 
1649	77 
1650	65 
1651	87 
1652	10 
1653	6 
1654	3 
1655	60 
1656	78 
1657	94 
1658	17 
1659	85 
1660	50 
1661	64 
1662	41 
1663	65 
1664	43 
1665	26 
1666	19 
1667	65 
1668	17 
1669	36 
1670	81 
1671	86 
1672	24 
1673	39 
1674	30 
1675	94 
1676	77 
1677	72 
1678	70 
1679	10 
1680	15 
1681	55 
1682	42 
1683	10 
1684	77 
1685	66 
1686	10 
1687	48 
1688	57 
1689	49 
1690	65 
1691	12 
1692	36 
1693	41 
1694	93 
1695	60 
1696	70 
1697	52 
1698	77 
1699	75 
1700	89 
1701	24 
1702	66 
1703	68 
1704	13 
1705	35 
1706	60 
1707	25 
1708	90 
1709	37 
1710	3 
1711	22 
1712	65 
1713	10 
1714	3 
1715	9 
1716	65 
1717	93 
1718	73 
1719	39 
1720	44 
1721	31 
1722	17 
1723	28 
1724	53 
1725	41 
1726	41 
1727	19 
1728	1 
1729	1 
1730	1 
1731	76 
1732	85 
1733	17 
1734	34 
1735	56 
1736	28 
1737	62 
1738	50 
1739	77 
1740	61 
1741	57 
1742	86 
1743	17 
1744	26 
1745	51 
1746	52 
1747	61 
1748	81 
1749	80 
1750	43 
1751	48 
1752	87 
1753	1 
1754	75 
1755	60 
1756	82 
1757	9 
1758	42 
1759	43 
1760	64 
1761	51 
1762	84 
1763	94 
1764	51 
1765	32 
1766	1 
1767	87 
1768	2 
1769	31 
1770	15 
1771	45 
1772	25 
1773	81 
1774	48 
1775	68 
1776	10 
1777	1 
1778	80 
1779	25 
1780	77 
1781	74 
1782	48 
1783	13 
1784	25 
1785	26 
1786	79 
1787	21 
1788	58 
1789	13 
1790	30 
1791	38 
1792	59 
1793	83 
1794	92 
1795	82 
1796	86 
1797	47 
1798	49 
1799	14 
1800	4 
1801	84 
1802	66 
1803	88 
1804	53 
1805	1 
1806	95 
1807	14 
1808	3 
1809	12 
1810	85 
1811	22 
1812	73 
1813	77 
1814	62 
1815	36 
1816	48 
1817	10 
1818	9 
1819	1 
1820	32 
1821	49 
1822	52 
1823	14 
1824	83 
1825	4 
1826	9 
1827	61 
1828	49 
1829	83 
1830	74 
1831	65 
1832	45 
1833	56 
1834	64 
1835	27 
1836	36 
1837	1 
1838	50 
1839	45 
1840	5 
1841	15 
1842	89 
1843	2 
1844	48 
1845	54 
1846	18 
1847	28 
1848	79 
1849	4 
1850	1 
1851	59 
1852	38 
1853	77 
1854	4 
1855	90 
1856	51 
1857	60 
1858	96 
1859	40 
1860	53 
1861	44 
1862	51 
1863	33 
1864	69 
1865	64 
1866	51 
1867	84 
1868	24 
1869	86 
1870	21 
1871	15 
1872	48 
1873	9 
1874	10 
1875	56 
1876	29 
1877	82 
1878	89 
1879	59 
1880	74 
1881	41 
1882	41 
1883	47 
1884	34 
1885	43 
1886	15 
1887	50 
1888	27 
1889	53 
1890	81 
1891	84 
1892	76 
1893	60 
1894	81 
1895	25 
1896	35 
1897	20 
1898	55 
1899	22 
1900	88 
1901	15 
1902	86 
1903	22 
1904	55 
1905	68 
1906	25 
1907	32 
1908	48 
1909	25 
1910	33 
1911	66 
1912	10 
1913	60 
1914	15 
1915	15 
1916	74 
1917	43 
1918	93 
1919	3 
1920	21 
1921	53 
1922	78 
1923	66 
1924	77 
1925	36 
1926	47 
1927	85 
1928	33 
1929	74 
1930	63 
1931	46 
1932	39 
1933	78 
1934	12 
1935	10 
1936	39 
1937	41 
1938	81 
1939	75 
1940	22 
1941	3 
1942	23 
1943	80 
1944	82 
1945	39 
1946	75 
1947	65 
1948	42 
1949	2 
1950	15 
1951	84 
1952	51 
1953	77 
1954	47 
1955	16 
1956	34 
1957	81 
1958	18 
1959	56 
1960	7 
1961	42 
1962	66 
1963	57 
1964	83 
1965	15 
1966	15 
1967	93 
1968	77 
1969	55 
1970	10 
1971	80 
1972	6 
1973	4 
1974	1 
1975	94 
1976	24 
1977	14 
1978	84 
1979	83 
1980	65 
1981	64 
1982	49 
1983	83 
1984	35 
1985	91 
1986	52 
1987	12 
1988	55 
1989	21 
1990	59 
1991	63 
1992	37 
1993	51 
1994	65 
1995	72 
1996	37 
1997	56 
1998	14 
1999	40 
2000	94 
2001	37 
2002	52 
2003	17 
2004	24 
2005	83 
2006	58 
2007	5 
2008	9 
2009	96 
2010	4 
2011	61 
2012	21 
2013	47 
2014	19 
2015	16 
2016	48 
2017	64 
2018	75 
2019	80 
2020	95 
2021	48 
2022	89 
2023	94 
2024	68 
2025	3 
2026	14 
2027	36 
2028	26 
2029	82 
2030	82 
2031	74 
2032	32 
2033	15 
2034	60 
2035	49 
2036	10 
2037	41 
2038	44 
2039	8 
2040	80 
2041	15 
2042	15 
2043	17 
2044	88 
2045	41 
2046	68 
2047	78 
2048	9 
2049	47 
2050	37 
2051	9 
2052	84 
2053	10 
2054	49 
2055	59 
2056	93 
2057	5 
2058	81 
2059	42 
2060	9 
2061	86 
2062	59 
2063	68 
2064	59 
2065	44 
2066	15 
2067	3 
2068	22 
2069	21 
2070	20 
2071	65 
2072	59 
2073	20 
2074	25 
2075	39 
2076	9 
2077	83 
2078	12 
2079	2 
2080	78 
2081	10 
2082	49 
2083	16 
2084	56 
2085	65 
2086	50 
2087	47 
2088	80 
2089	25 
2090	78 
2091	69 
2092	14 
2093	53 
2094	90 
2095	58 
2096	87 
2097	25 
2098	74 
2099	70 
2100	78 
2101	77 
2102	59 
2103	80 
2104	31 
2105	50 
2106	78 
2107	47 
2108	51 
2109	26 
2110	59 
2111	65 
2112	68 
2113	41 
2114	61 
2115	79 
2116	91 
2117	43 
2118	50 
2119	12 
2120	68 
2121	36 
2122	23 
2123	80 
2124	31 
2125	72 
2126	87 
2127	56 
2128	49 
2129	18 
2130	45 
2131	96 
2132	89 
2133	48 
2134	56 
2135	75 
2136	29 
2137	38 
2138	3 
2139	42 
2140	59 
2141	9 
2142	69 
2143	47 
2144	68 
2145	9 
2146	9 
2147	27 
2148	77 
2149	78 
2150	54 
2151	9 
2152	44 
2153	81 
2154	87 
2155	80 
2156	87 
2157	92 
2158	75 
2159	81 
2160	44 
2161	51 
2162	34 
2163	68 
2164	48 
2165	15 
2166	70 
2167	26 
2168	46 
2169	73 
2170	62 
2171	53 
2172	49 
2173	79 
2174	89 
2175	30 
2176	86 
2177	90 
2178	60 
2179	1 
2180	9 
2181	37 
2182	87 
2183	45 
2184	84 
2185	72 
2186	9 
2187	89 
2188	39 
2189	9 
2190	93 
2191	28 
2192	52 
2193	57 
2194	7 
2195	79 
2196	49 
2197	39 
2198	89 
2199	21 
2200	21 
2201	44 
2202	36 
2203	88 
2204	36 
2205	51 
2206	83 
2207	75 
2208	75 
2209	70 
2210	4 
2211	85 
2212	57 
2213	89 
2214	64 
2215	96 
2216	87 
2217	17 
2218	38 
2219	51 
2220	63 
2221	74 
2222	1 
2223	20 
2224	75 
2225	41 
2226	7 
2227	41 
2228	65 
2229	84 
2230	75 
2231	22 
2232	36 
2233	72 
2234	63 
2235	70 
2236	14 
2237	34 
2238	53 
2239	94 
2240	57 
2241	61 
2242	14 
2243	74 
2244	25 
2245	4 
2246	9 
2247	13 
2248	38 
2249	34 
2250	86 
2251	50 
2252	96 
2253	63 
2254	49 
2255	26 
2256	85 
2257	18 
2258	30 
2259	77 
2260	42 
2261	81 
2262	92 
2263	81 
2264	3 
2265	6 
2266	9 
2267	23 
2268	71 
2269	26 
2270	63 
2271	90 
2272	87 
2273	44 
2274	33 
2275	45 
2276	11 
2277	81 
2278	22 
2279	56 
2280	81 
2281	94 
2282	44 
2283	78 
2284	66 
2285	14 
2286	20 
2287	11 
2288	40 
2289	70 
2290	55 
2291	60 
2292	61 
2293	93 
2294	59 
2295	6 
2296	68 
2297	60 
2298	65 
2299	75 
2300	19 
2301	94 
2302	25 
2303	81 
2304	26 
2305	65 
2306	75 
2307	78 
2308	56 
2309	10 
2310	17 
2311	26 
2312	81 
2313	95 
2314	61 
2315	49 
2316	81 
2317	11 
2318	44 
2319	2 
2320	94 
2321	20 
2322	84 
2323	75 
2324	38 
2325	32 
2326	28 
2327	23 
2328	89 
2329	83 
2330	24 
2331	61 
2332	42 
2333	82 
2334	61 
2335	68 
2336	15 
2337	63 
2338	80 
2339	70 
2340	15 
2341	47 
2342	10 
2343	68 
2344	17 
2345	4 
2346	72 
2347	1 
2348	48 
2349	22 
2350	57 
2351	48 
2352	56 
2353	21 
2354	71 
2355	19 
2356	53 
2357	17 
2358	75 
2359	39 
2360	9 
2361	10 
2362	17 
2363	84 
2364	56 
2365	74 
2366	17 
2367	40 
2368	85 
2369	80 
2370	65 
2371	17 
2372	96 
2373	86 
2374	64 
2375	63 
2376	2 
2377	17 
2378	14 
2379	91 
2380	60 
2381	59 
2382	91 
2383	66 
2384	3 
2385	48 
2386	49 
2387	46 
2388	81 
2389	16 
2390	96 
2391	49 
2392	38 
2393	89 
2394	36 
2395	93 
2396	94 
2397	81 
2398	90 
2399	8 
2400	51 
2401	96 
2402	80 
2403	36 
2404	27 
2405	96 
2406	19 
2407	15 
2408	40 
2409	96 
2410	66 
2411	39 
2412	57 
2413	86 
2414	69 
2415	2 
2416	23 
2417	64 
2418	3 
2419	89 
2420	22 
2421	83 
2422	74 
2423	43 
2424	66 
2425	1 
2426	79 
2427	92 
2428	10 
2429	22 
2430	4 
2431	68 
2432	66 
2433	38 
2434	61 
2435	25 
2436	82 
2437	88 
2438	60 
2439	85 
2440	55 
2441	63 
2442	80 
2443	43 
2444	17 
2445	81 
2446	80 
2447	42 
2448	63 
2449	32 
2450	66 
2451	30 
2452	36 
2453	3 
2454	15 
2455	61 
2456	60 
2457	66 
2458	4 
2459	10 
2460	69 
2461	68 
2462	68 
2463	46 
2464	9 
2465	83 
2466	81 
2467	53 
2468	78 
2469	64 
2470	35 
2471	63 
2472	41 
2473	55 
2474	26 
2475	84 
2476	81 
2477	24 
2478	52 
2479	28 
2480	49 
2481	67 
2482	31 
2483	53 
2484	9 
2485	18 
2486	10 
2487	55 
2488	17 
2489	91 
2490	27 
2491	46 
2492	17 
2493	13 
2494	51 
2495	49 
2496	44 
2497	6 
2498	94 
2499	21 
2500	36 
2501	83 
2502	84 
2503	60 
2504	63 
2505	3 
2506	52 
2507	30 
2508	53 
2509	12 
2510	35 
2511	51 
2512	81 
2513	4 
2514	74 
2515	81 
2516	4 
2517	90 
2518	5 
2519	92 
2520	36 
2521	18 
2522	18 
2523	96 
2524	15 
2525	60 
2526	90 
2527	58 
2528	93 
2529	79 
2530	88 
2531	85 
2532	81 
2533	9 
2534	47 
2535	82 
2536	44 
2537	94 
2538	84 
2539	10 
2540	48 
2541	68 
2542	28 
2543	28 
2544	53 
2545	48 
2546	20 
2547	77 
2548	95 
2549	14 
2550	22 
2551	77 
2552	87 
2553	17 
2554	82 
2555	15 
2556	4 
2557	48 
2558	49 
2559	80 
2560	53 
2561	81 
2562	3 
2563	21 
2564	48 
2565	46 
2566	42 
2567	59 
2568	92 
2569	9 
2570	72 
2571	90 
2572	15 
2573	95 
2574	65 
2575	75 
2576	44 
2577	74 
2578	29 
2579	16 
2580	1 
2581	93 
2582	9 
2583	32 
2584	3 
2585	95 
2586	36 
2587	39 
2588	94 
2589	92 
2590	21 
2591	3 
2592	68 
2593	77 
2594	15 
2595	57 
2596	95 
2597	74 
2598	14 
2599	67 
2600	25 
2601	25 
2602	70 
2603	79 
2604	35 
2605	93 
2606	20 
2607	59 
2608	81 
2609	25 
2610	68 
2611	15 
2612	1 
2613	57 
2614	11 
2615	93 
2616	1 
2617	38 
2618	57 
2619	17 
2620	84 
2621	60 
2622	1 
2623	66 
2624	90 
2625	49 
2626	3 
2627	3 
2628	2 
2629	78 
2630	79 
2631	1 
2632	81 
2633	15 
2634	57 
2635	2 
2636	49 
2637	20 
2638	42 
2639	29 
2640	60 
2641	36 
2642	57 
2643	84 
2644	81 
2645	1 
2646	74 
2647	74 
2648	3 
2649	11 
2650	58 
2651	71 
2652	70 
2653	51 
2654	47 
2655	74 
2656	71 
2657	26 
2658	21 
2659	32 
2660	22 
2661	89 
2662	25 
2663	21 
2664	88 
2665	87 
2666	85 
2667	86 
2668	47 
2669	78 
2670	58 
2671	81 
2672	88 
2673	88 
2674	5 
2675	14 
2676	10 
2677	89 
2678	80 
2679	3 
2680	6 
2681	92 
2682	20 
2683	78 
2684	39 
2685	44 
2686	48 
2687	39 
2688	93 
2689	59 
2690	6 
2691	90 
2692	64 
2693	65 
2694	15 
2695	6 
2696	22 
2697	49 
2698	64 
2699	86 
2700	62 
2701	71 
2702	7 
2703	5 
2704	91 
2705	48 
2706	55 
2707	53 
2708	44 
2709	42 
2710	90 
2711	79 
2712	68 
2713	74 
2714	93 
2715	81 
2716	22 
2717	74 
2718	57 
2719	75 
2720	85 
2721	46 
2722	3 
2723	92 
2724	48 
2725	93 
2726	35 
2727	14 
2728	23 
2729	94 
2730	70 
2731	21 
2732	93 
2733	78 
2734	87 
2735	72 
2736	93 
2737	10 
2738	42 
2739	10 
2740	33 
2741	80 
2742	33 
2743	22 
2744	83 
2745	1 
2746	63 
2747	80 
2748	63 
2749	14 
2750	53 
2751	44 
2752	6 
2753	57 
2754	3 
2755	49 
2756	26 
2757	43 
2758	13 
2759	55 
2760	51 
2761	5 
2762	21 
2763	40 
2764	30 
2765	73 
2766	83 
2767	46 
2768	85 
2769	37 
2770	28 
2771	94 
2772	21 
2773	89 
2774	46 
2775	2 
2776	94 
2777	41 
2778	57 
2779	46 
2780	44 
2781	36 
2782	91 
2783	77 
2784	76 
2785	36 
2786	57 
2787	58 
2788	3 
2789	92 
2790	62 
2791	44 
2792	77 
2793	50 
2794	75 
2795	44 
2796	14 
2797	32 
2798	33 
2799	22 
2800	2 
2801	30 
2802	73 
2803	60 
2804	94 
2805	14 
2806	75 
2807	47 
2808	2 
2809	81 
2810	89 
2811	44 
2812	84 
2813	4 
2814	73 
2815	68 
2816	9 
2817	61 
2818	77 
2819	84 
2820	39 
2821	56 
2822	20 
2823	92 
2824	95 
2825	2 
2826	38 
2827	83 
2828	49 
2829	28 
2830	46 
2831	15 
2832	55 
2833	59 
2834	96 
2835	75 
2836	48 
2837	78 
2838	20 
2839	83 
2840	36 
2841	1 
2842	15 
2843	44 
2844	96 
2845	75 
2846	96 
2847	90 
2848	40 
2849	3 
2850	70 
2851	4 
2852	40 
2853	61 
2854	81 
2855	60 
2856	88 
2857	94 
2858	88 
2859	3 
2860	70 
2861	78 
2862	30 
2863	96 
2864	45 
2865	91 
2866	4 
2867	37 
2868	48 
2869	6 
2870	65 
2871	46 
2872	6 
2873	48 
2874	22 
2875	2 
2876	29 
2877	44 
2878	79 
2879	94 
2880	66 
2881	17 
2882	37 
2883	6 
2884	31 
2885	20 
2886	80 
2887	17 
2888	2 
2889	74 
2890	5 
2891	22 
2892	8 
2893	27 
2894	47 
2895	67 
2896	44 
2897	55 
2898	56 
2899	14 
2900	49 
2901	42 
2902	94 
2903	85 
2904	83 
2905	2 
2906	4 
2907	8 
2908	63 
2909	63 
2910	40 
2911	29 
2912	68 
2913	51 
2914	92 
2915	20 
2916	89 
2917	14 
2918	57 
2919	36 
2920	61 
2921	74 
2922	32 
2923	75 
2924	29 
2925	65 
2926	59 
2927	25 
2928	45 
2929	17 
2930	74 
2931	33 
2932	48 
2933	3 
2934	74 
2935	83 
2936	22 
2937	42 
2938	44 
2939	18 
2940	27 
2941	9 
2942	54 
2943	57 
2944	19 
2945	9 
2946	55 
2947	49 
2948	19 
2949	33 
2950	9 
2951	86 
2952	14 
2953	90 
2954	35 
2955	81 
2956	38 
2957	48 
2958	38 
2959	81 
2960	91 
2961	44 
2962	66 
2963	19 
2964	25 
2965	65 
2966	18 
2967	81 
2968	22 
2969	47 
2970	8 
2971	86 
2972	57 
2973	84 
2974	39 
2975	6 
2976	96 
2977	45 
2978	47 
2979	2 
2980	9 
2981	4 
2982	8 
2983	18 
2984	60 
2985	17 
2986	54 
2987	92 
2988	36 
2989	83 
2990	41 
2991	48 
2992	63 
2993	71 
2994	93 
2995	36 
2996	36 
2997	29 
2998	6 
2999	96 
3000	96 
3001	25 
3002	65 
3003	44 
3004	22 
3005	88 
3006	14 
3007	3 
3008	40 
3009	42 
3010	89 
3011	86 
3012	14 
3013	66 
3014	88 
3015	88 
3016	9 
3017	23 
3018	34 
3019	89 
3020	21 
3021	1 
3022	40 
3023	41 
3024	78 
3025	1 
3026	27 
3027	79 
3028	30 
3029	25 
3030	76 
3031	44 
3032	17 
3033	42 
3034	26 
3035	53 
3036	1 
3037	3 
3038	54 
3039	11 
3040	93 
3041	12 
3042	92 
3043	13 
3044	59 
3045	56 
3046	67 
3047	8 
3048	42 
3049	92 
3050	77 
3051	26 
3052	44 
3053	91 
3054	56 
3055	63 
3056	18 
3057	84 
3058	9 
3059	69 
3060	88 
3061	63 
3062	63 
3063	57 
3064	63 
3065	47 
3066	44 
3067	47 
3068	59 
3069	18 
3070	78 
3071	94 
3072	25 
3073	60 
3074	75 
3075	93 
3076	92 
3077	68 
3078	93 
3079	30 
3080	94 
3081	10 
3082	61 
3083	81 
3084	18 
3085	57 
3086	85 
3087	6 
3088	64 
3089	57 
3090	76 
3091	61 
3092	75 
3093	88 
3094	50 
3095	76 
3096	45 
3097	21 
3098	1 
3099	51 
3100	59 
3101	9 
3102	65 
3103	49 
3104	20 
3105	57 
3106	70 
3107	44 
3108	65 
3109	49 
3110	17 
3111	10 
3112	37 
3113	14 
3114	58 
3115	49 
3116	37 
3117	12 
3118	22 
3119	70 
3120	89 
3121	20 
3122	10 
3123	90 
3124	75 
3125	93 
3126	12 
3127	77 
3128	10 
3129	30 
3130	48 
3131	21 
3132	56 
3133	83 
3134	50 
3135	50 
3136	53 
3137	53 
3138	79 
3139	72 
3140	91 
3141	78 
3142	20 
3143	3 
3144	57 
3145	13 
3146	40 
3147	66 
3148	68 
3149	27 
3150	23 
3151	30 
3152	28 
3153	94 
3154	50 
3155	94 
3156	62 
3157	8 
3158	85 
3159	39 
3160	49 
3161	5 
3162	35 
3163	59 
3164	65 
3165	44 
3166	47 
3167	46 
3168	53 
3169	77 
3170	21 
3171	46 
3172	14 
3173	26 
3174	70 
3175	77 
3176	68 
3177	82 
3178	59 
3179	55 
3180	94 
3181	57 
3182	39 
3183	82 
3184	27 
3185	88 
3186	45 
3187	85 
3188	41 
3189	43 
3190	73 
3191	61 
3192	91 
3193	84 
3194	86 
3195	35 
3196	7 
3197	3 
3198	60 
3199	32 
3200	27 
3201	78 
3202	63 
3203	32 
3204	94 
3205	78 
3206	50 
3207	12 
3208	32 
3209	2 
3210	37 
3211	29 
3212	1 
3213	30 
3214	68 
3215	77 
3216	80 
3217	46 
3218	96 
3219	51 
3220	10 
3221	53 
3222	2 
3223	45 
3224	36 
3225	36 
3226	49 
3227	2 
3228	25 
3229	53 
3230	25 
3231	45 
3232	62 
3233	38 
3234	75 
3235	79 
3236	30 
3237	24 
3238	41 
3239	32 
3240	44 
3241	41 
3242	72 
3243	93 
3244	94 
3245	88 
3246	40 
3247	21 
3248	17 
3249	15 
3250	64 
3251	83 
3252	23 
3253	86 
3254	87 
3255	51 
3256	5 
3257	74 
3258	64 
3259	25 
3260	21 
3261	1 
3262	61 
3263	88 
3264	38 
3265	12 
3266	25 
3267	59 
3268	28 
3269	90 
3270	40 
3271	83 
3272	96 
3273	60 
3274	1 
3275	83 
3276	3 
3277	94 
3278	63 
3279	74 
3280	66 
3281	25 
3282	71 
3283	87 
3284	83 
3285	15 
3286	14 
3287	48 
3288	1 
3289	7 
3290	11 
3291	15 
3292	50 
3293	24 
3294	17 
3295	69 
3296	66 
3297	57 
3298	6 
3299	85 
3300	1 
3301	75 
3302	55 
3303	39 
3304	91 
3305	57 
3306	52 
3307	87 
3308	1 
3309	23 
3310	47 
3311	8 
3312	45 
3313	62 
3314	5 
3315	37 
3316	24 
3317	68 
3318	81 
3319	43 
3320	16 
3321	91 
3322	68 
3323	83 
3324	95 
3325	87 
3326	22 
3327	57 
3328	17 
3329	85 
3330	25 
3331	75 
3332	65 
3333	43 
3334	68 
3335	30 
3336	59 
3337	60 
3338	4 
3339	68 
3340	82 
3341	87 
3342	14 
3343	56 
3344	63 
3345	63 
3346	36 
3347	21 
3348	25 
3349	88 
3350	51 
3351	65 
3352	8 
3353	79 
3354	28 
3355	81 
3356	77 
3357	3 
3358	83 
3359	47 
3360	41 
3361	73 
3362	94 
3363	79 
3364	44 
3365	78 
3366	36 
3367	16 
3368	33 
3369	81 
3370	9 
3371	60 
3372	89 
3373	1 
3374	29 
3375	21 
3376	64 
3377	45 
3378	6 
3379	96 
3380	73 
3381	78 
3382	15 
3383	32 
3384	16 
3385	33 
3386	59 
3387	61 
3388	94 
3389	41 
3390	8 
3391	65 
3392	94 
3393	89 
3394	36 
3395	1 
3396	72 
3397	94 
3398	42 
3399	14 
3400	1 
3401	10 
3402	88 
3403	88 
3404	76 
3405	92 
3406	62 
3407	38 
3408	82 
3409	46 
3410	87 
3411	30 
3412	27 
3413	50 
3414	3 
3415	81 
3416	36 
3417	56 
3418	57 
3419	44 
3420	10 
3421	48 
3422	45 
3423	53 
3424	75 
3425	50 
3426	5 
3427	1 
3428	2 
3429	2 
3430	36 
3431	39 
3432	1 
3433	3 
3434	88 
3435	23 
3436	77 
3437	80 
3438	81 
3439	48 
3440	26 
3441	53 
3442	45 
3443	12 
3444	51 
3445	46 
3446	7 
3447	1 
3448	15 
3449	57 
3450	59 
3451	60 
3452	81 
3453	85 
3454	56 
3455	57 
3456	74 
3457	77 
3458	19 
3459	2 
3460	84 
3461	47 
3462	1 
3463	63 
3464	77 
3465	92 
3466	21 
3467	90 
3468	70 
3469	26 
3470	65 
3471	11 
3472	63 
3473	31 
3474	66 
3475	96 
3476	80 
3477	13 
3478	59 
3479	63 
3480	36 
3481	57 
3482	91 
3483	8 
3484	10 
3485	55 
3486	83 
3487	59 
3488	83 
3489	43 
3490	50 
3491	14 
3492	55 
3493	22 
3494	82 
3495	17 
3496	94 
3497	9 
3498	74 
3499	36 
3500	30 
3501	20 
3502	26 
3503	22 
3504	36 
3505	87 
3506	9 
3507	26 
3508	33 
3509	83 
3510	95 
3511	61 
3512	41 
3513	79 
3514	69 
3515	8 
3516	31 
3517	74 
3518	90 
3519	54 
3520	30 
3521	18 
3522	34 
3523	61 
3524	75 
3525	19 
3526	39 
3527	44 
3528	3 
3529	9 
3530	30 
3531	49 
3532	65 
3533	17 
3534	52 
3535	90 
3536	38 
3537	89 
3538	6 
3539	90 
3540	77 
3541	10 
3542	10 
3543	66 
3544	89 
3545	63 
3546	72 
3547	57 
3548	43 
3549	86 
3550	60 
3551	15 
3552	62 
3553	43 
3554	57 
3555	3 
3556	77 
3557	67 
3558	14 
3559	49 
3560	48 
3561	36 
3562	39 
3563	9 
3564	47 
3565	36 
3566	93 
3567	40 
3568	41 
3569	84 
3570	38 
3571	94 
3572	41 
3573	75 
3574	1 
3575	46 
3576	50 
3577	25 
3578	78 
3579	75 
3580	90 
3581	47 
3582	96 
3583	20 
3584	89 
3585	88 
3586	22 
3587	88 
3588	75 
3589	19 
3590	43 
3591	15 
3592	55 
3593	52 
3594	26 
3595	80 
3596	34 
3597	49 
3598	68 
3599	63 
3600	81 
3601	56 
3602	93 
3603	65 
3604	88 
3605	90 
3606	7 
3607	14 
3608	12 
3609	21 
3610	9 
3611	20 
3612	47 
3613	2 
3614	15 
3615	74 
3616	42 
3617	9 
3618	67 
3619	39 
3620	94 
3621	29 
3622	13 
3623	46 
3624	39 
3625	87 
3626	31 
3627	45 
3628	90 
3629	73 
3630	21 
3631	66 
3632	47 
3633	74 
3634	14 
3635	6 
3636	83 
3637	89 
3638	4 
3639	21 
3640	22 
3641	52 
3642	63 
3643	46 
3644	28 
3645	59 
3646	91 
3647	37 
3648	8 
3649	77 
3650	47 
3651	12 
3652	8 
3653	62 
3654	2 
3655	5 
3656	27 
3657	68 
3658	10 
3659	26 
3660	36 
3661	44 
3662	19 
3663	5 
3664	81 
3665	82 
3666	52 
3667	26 
3668	79 
3669	63 
3670	63 
3671	9 
3672	46 
3673	1 
3674	24 
3675	26 
3676	29 
3677	29 
3678	81 
3679	35 
3680	26 
3681	25 
3682	85 
3683	7 
3684	60 
3685	8 
3686	14 
3687	22 
3688	17 
3689	17 
3690	80 
3691	87 
3692	15 
3693	44 
3694	78 
3695	83 
3696	45 
3697	25 
3698	84 
3699	87 
3700	81 
3701	83 
3702	80 
3703	58 
3704	60 
3705	10 
3706	59 
3707	64 
3708	55 
3709	65 
3710	35 
3711	53 
3712	14 
3713	88 
3714	29 
3715	3 
3716	10 
3717	4 
3718	51 
3719	20 
3720	73 
3721	47 
3722	48 
3723	84 
3724	33 
3725	49 
3726	20 
3727	15 
3728	49 
3729	61 
3730	5 
3731	88 
3732	10 
3733	60 
3734	29 
3735	75 
3736	41 
3737	17 
3738	74 
3739	74 
3740	48 
3741	83 
3742	68 
3743	20 
3744	59 
3745	13 
3746	29 
3747	76 
3748	94 
3749	48 
3750	9 
3751	84 
3752	69 
3753	36 
3754	92 
3755	16 
3756	24 
3757	71 
3758	32 
3759	44 
3760	75 
3761	38 
3762	66 
3763	11 
3764	93 
3765	1 
3766	1 
3767	86 
3768	28 
3769	43 
3770	2 
3771	22 
3772	23 
3773	8 
3774	9 
3775	9 
3776	36 
3777	57 
3778	37 
3779	79 
3780	80 
3781	60 
3782	43 
3783	78 
3784	48 
3785	3 
3786	82 
3787	36 
3788	56 
3789	81 
3790	21 
3791	35 
3792	20 
3793	9 
3794	84 
3795	33 
3796	2 
3797	6 
3798	47 
3799	63 
3800	52 
3801	77 
3802	49 
3803	79 
3804	24 
3805	1 
3806	1 
3807	15 
3808	3 
3809	78 
3810	6 
3811	72 
3812	11 
3813	39 
3814	53 
3815	38 
3816	59 
3817	84 
3818	4 
3819	37 
3820	20 
3821	51 
3822	1 
3823	36 
3824	32 
3825	26 
3826	12 
3827	1 
3828	82 
3829	36 
3830	3 
3831	79 
3832	68 
3833	96 
3834	10 
3835	53 
3836	93 
3837	73 
3838	58 
3839	68 
3840	77 
3841	18 
3842	79 
3843	58 
3844	20 
3845	89 
3846	30 
3847	22 
3848	66 
3849	9 
3850	75 
3851	93 
3852	30 
3853	61 
3854	11 
3855	88 
3856	23 
3857	32 
3858	51 
3859	22 
3860	15 
3861	75 
3862	60 
3863	20 
3864	65 
3865	43 
3866	14 
3867	83 
3868	91 
3869	95 
3870	40 
3871	43 
3872	85 
3873	47 
3874	20 
3875	5 
3876	57 
3877	3 
3878	81 
3879	61 
3880	10 
3881	88 
3882	33 
3883	23 
3884	68 
3885	10 
3886	74 
3887	25 
3888	63 
3889	46 
3890	2 
3891	15 
3892	40 
3893	46 
3894	37 
3895	75 
3896	82 
3897	79 
3898	87 
3899	48 
3900	7 
3901	64 
3902	6 
3903	8 
3904	50 
3905	57 
3906	88 
3907	17 
3908	9 
3909	78 
3910	60 
3911	48 
3912	11 
3913	42 
3914	74 
3915	81 
3916	87 
3917	41 
3918	65 
3919	50 
3920	44 
3921	21 
3922	63 
3923	72 
3924	46 
3925	72 
3926	57 
3927	14 
3928	93 
3929	76 
3930	36 
3931	13 
3932	13 
3933	25 
3934	16 
3935	17 
3936	15 
3937	83 
3938	77 
3939	25 
3940	80 
3941	7 
3942	68 
3943	88 
3944	29 
3945	86 
3946	84 
3947	74 
3948	19 
3949	48 
3950	19 
3951	85 
3952	17 
3953	32 
3954	89 
3955	3 
3956	6 
3957	41 
3958	81 
3959	41 
3960	65 
3961	22 
3962	36 
3963	78 
3964	72 
3965	92 
3966	70 
3967	90 
3968	25 
3969	39 
3970	50 
3971	46 
3972	11 
3973	51 
3974	44 
3975	49 
3976	62 
3977	74 
3978	74 
3979	94 
3980	53 
3981	60 
3982	34 
3983	74 
3984	26 
3985	32 
3986	57 
3987	72 
3988	41 
3989	10 
3990	81 
3991	55 
3992	44 
3993	47 
3994	4 
3995	20 
3996	41 
3997	88 
3998	63 
3999	14 
4000	74 
4001	48 
4002	38 
4003	15 
4004	14 
4005	27 
4006	13 
4007	92 
4008	61 
4009	61 
4010	42 
4011	42 
4012	49 
4013	82 
4014	36 
4015	2 
4016	66 
4017	8 
4018	27 
4019	55 
4020	88 
4021	42 
4022	41 
4023	75 
4024	71 
4025	60 
4026	33 
4027	86 
4028	45 
4029	7 
4030	5 
4031	63 
4032	10 
4033	95 
4034	80 
4035	59 
4036	47 
4037	94 
4038	63 
4039	40 
4040	88 
4041	35 
4042	91 
4043	60 
4044	45 
4045	28 
4046	6 
4047	42 
4048	42 
4049	57 
4050	77 
4051	26 
4052	94 
4053	3 
4054	90 
4055	39 
4056	51 
4057	48 
4058	32 
4059	25 
4060	53 
4061	2 
4062	31 
4063	63 
4064	87 
4065	6 
4066	49 
4067	69 
4068	43 
4069	90 
4070	94 
4071	28 
4072	1 
4073	87 
4074	41 
4075	80 
4076	88 
4077	83 
4078	67 
4079	77 
4080	68 
4081	26 
4082	17 
4083	87 
4084	90 
4085	14 
4086	11 
4087	48 
4088	48 
4089	25 
4090	81 
4091	53 
4092	84 
4093	82 
4094	56 
4095	27 
4096	49 
4097	9 
4098	27 
4099	90 
4100	22 
4101	63 
4102	80 
4103	82 
4104	71 
4105	84 
4106	37 
4107	64 
4108	49 
4109	71 
4110	74 
4111	20 
4112	50 
4113	14 
4114	30 
4115	3 
4116	10 
4117	88 
4118	61 
4119	58 
4120	80 
4121	28 
4122	53 
4123	10 
4124	92 
4125	64 
4126	82 
4127	44 
4128	22 
4129	23 
4130	22 
4131	75 
4132	10 
4133	6 
4134	54 
4135	88 
4136	22 
4137	78 
4138	81 
4139	52 
4140	50 
4141	32 
4142	83 
4143	1 
4144	1 
4145	82 
4146	24 
4147	60 
4148	70 
4149	56 
4150	44 
4151	43 
4152	9 
4153	56 
4154	33 
4155	56 
4156	93 
4157	9 
4158	49 
4159	15 
4160	59 
4161	21 
4162	20 
4163	37 
4164	22 
4165	51 
4166	55 
4167	51 
4168	53 
4169	84 
4170	86 
4171	52 
4172	11 
4173	75 
4174	10 
4175	57 
4176	89 
4177	23 
4178	2 
4179	19 
4180	2 
4181	77 
4182	29 
4183	80 
4184	70 
4185	44 
4186	67 
4187	12 
4188	40 
4189	9 
4190	65 
4191	66 
4192	2 
4193	31 
4194	53 
4195	10 
4196	32 
4197	93 
4198	70 
4199	81 
4200	44 
4201	44 
4202	30 
4203	86 
4204	44 
4205	22 
4206	47 
4207	47 
4208	14 
4209	60 
4210	59 
4211	43 
4212	22 
4213	89 
4214	64 
4215	89 
4216	50 
4217	74 
4218	7 
4219	81 
4220	1 
4221	1 
4222	7 
4223	51 
4224	1 
4225	62 
4226	48 
4227	49 
4228	2 
4229	65 
4230	63 
4231	4 
4232	93 
4233	17 
4234	92 
4235	95 
4236	1 
4237	83 
4238	28 
4239	11 
4240	6 
4241	19 
4242	21 
4243	40 
4244	27 
4245	17 
4246	26 
4247	93 
4248	86 
4249	14 
4250	63 
4251	65 
4252	3 
4253	54 
4254	16 
4255	4 
4256	38 
4257	88 
4258	75 
4259	48 
4260	8 
4261	89 
4262	65 
4263	2 
4264	25 
4265	16 
4266	57 
4267	60 
4268	83 
4269	82 
4270	94 
4271	52 
4272	57 
4273	93 
4274	33 
4275	53 
4276	10 
4277	59 
4278	85 
4279	37 
4280	17 
4281	37 
4282	4 
4283	52 
4284	75 
4285	20 
4286	70 
4287	25 
4288	3 
4289	86 
4290	23 
4291	45 
4292	85 
4293	10 
4294	14 
4295	58 
4296	59 
4297	77 
4298	69 
4299	5 
4300	72 
4301	40 
4302	9 
4303	88 
4304	15 
4305	74 
4306	8 
4307	4 
4308	52 
4309	14 
4310	21 
4311	77 
4312	76 
4313	53 
4314	57 
4315	49 
4316	57 
4317	26 
4318	4 
4319	14 
4320	87 
4321	20 
4322	77 
4323	18 
4324	37 
4325	91 
4326	79 
4327	53 
4328	43 
4329	26 
4330	96 
4331	31 
4332	21 
4333	88 
4334	8 
4335	34 
4336	82 
4337	33 
4338	41 
4339	6 
4340	54 
4341	68 
4342	56 
4343	92 
4344	41 
4345	1 
4346	51 
4347	80 
4348	4 
4349	39 
4350	20 
4351	49 
4352	17 
4353	28 
4354	41 
4355	41 
4356	18 
4357	61 
4358	53 
4359	6 
4360	14 
4361	27 
4362	67 
4363	33 
4364	83 
4365	47 
4366	11 
4367	41 
4368	40 
4369	22 
4370	93 
4371	5 
4372	62 
4373	86 
4374	93 
4375	41 
4376	29 
4377	43 
4378	93 
4379	95 
4380	13 
4381	43 
4382	10 
4383	40 
4384	70 
4385	15 
4386	74 
4387	74 
4388	94 
4389	66 
4390	25 
4391	19 
4392	4 
4393	6 
4394	3 
4395	22 
4396	65 
4397	85 
4398	61 
4399	19 
4400	1 
4401	40 
4402	36 
4403	79 
4404	90 
4405	70 
4406	57 
4407	84 
4408	40 
4409	49 
4410	27 
4411	26 
4412	57 
4413	47 
4414	72 
4415	25 
4416	86 
4417	8 
4418	59 
4419	36 
4420	3 
4421	46 
4422	22 
4423	6 
4424	59 
4425	3 
4426	61 
4427	32 
4428	34 
4429	80 
4430	28 
4431	44 
4432	57 
4433	23 
4434	53 
4435	24 
4436	30 
4437	46 
4438	75 
4439	91 
4440	41 
4441	63 
4442	11 
4443	60 
4444	74 
4445	71 
4446	48 
4447	44 
4448	78 
4449	43 
4450	13 
4451	59 
4452	89 
4453	93 
4454	76 
4455	17 
4456	23 
4457	57 
4458	94 
4459	90 
4460	74 
4461	74 
4462	84 
4463	20 
4464	20 
4465	9 
4466	68 
4467	75 
4468	66 
4469	79 
4470	48 
4471	3 
4472	39 
4473	19 
4474	1 
4475	57 
4476	52 
4477	83 
4478	57 
4479	22 
4480	48 
4481	94 
4482	11 
4483	81 
4484	1 
4485	93 
4486	86 
4487	10 
4488	18 
4489	81 
4490	12 
4491	36 
4492	56 
4493	21 
4494	75 
4495	93 
4496	88 
4497	70 
4498	25 
4499	55 
4500	6 
4501	21 
4502	5 
4503	26 
4504	41 
4505	42 
4506	69 
4507	56 
4508	3 
4509	3 
4510	34 
4511	43 
4512	92 
4513	56 
4514	18 
4515	10 
4516	40 
4517	53 
4518	57 
4519	36 
4520	6 
4521	83 
4522	63 
4523	33 
4524	26 
4525	79 
4526	85 
4527	28 
4528	91 
4529	25 
4530	95 
4531	20 
4532	52 
4533	44 
4534	28 
4535	48 
4536	86 
4537	84 
4538	26 
4539	90 
4540	93 
4541	40 
4542	57 
4543	46 
4544	50 
4545	46 
4546	94 
4547	87 
4548	52 
4549	37 
4550	48 
4551	94 
4552	6 
4553	49 
4554	61 
4555	86 
4556	36 
4557	34 
4558	25 
4559	10 
4560	52 
4561	75 
4562	35 
4563	93 
4564	2 
4565	14 
4566	52 
4567	48 
4568	89 
4569	49 
4570	28 
4571	42 
4572	49 
4573	69 
4574	23 
4575	26 
4576	84 
4577	71 
4578	15 
4579	36 
4580	42 
4581	82 
4582	1 
4583	38 
4584	59 
4585	65 
4586	36 
4587	74 
4588	39 
4589	55 
4590	70 
4591	45 
4592	41 
4593	63 
4594	74 
4595	38 
4596	20 
4597	68 
4598	30 
4599	53 
4600	46 
4601	94 
4602	35 
4603	19 
4604	41 
4605	22 
4606	80 
4607	76 
4608	82 
4609	63 
4610	67 
4611	77 
4612	68 
4613	77 
4614	52 
4615	87 
4616	20 
4617	67 
4618	74 
4619	30 
4620	89 
4621	20 
4622	74 
4623	43 
4624	86 
4625	32 
4626	15 
4627	83 
4628	92 
4629	3 
4630	40 
4631	41 
4632	59 
4633	61 
4634	65 
4635	15 
4636	3 
4637	27 
4638	48 
4639	76 
4640	81 
4641	40 
4642	77 
4643	59 
4644	7 
4645	27 
4646	59 
4647	11 
4648	39 
4649	12 
4650	3 
4651	91 
4652	65 
4653	88 
4654	59 
4655	6 
4656	72 
4657	58 
4658	51 
4659	81 
4660	27 
4661	88 
4662	14 
4663	88 
4664	43 
4665	38 
4666	93 
4667	67 
4668	43 
4669	30 
4670	41 
4671	42 
4672	20 
4673	47 
4674	21 
4675	74 
4676	14 
4677	87 
4678	18 
4679	17 
4680	59 
4681	66 
4682	10 
4683	77 
4684	62 
4685	15 
4686	9 
4687	56 
4688	85 
4689	77 
4690	40 
4691	63 
4692	14 
4693	86 
4694	5 
4695	93 
4696	36 
4697	49 
4698	21 
4699	32 
4700	95 
4701	8 
4702	14 
4703	40 
4704	63 
4705	1 
4706	67 
4707	88 
4708	54 
4709	68 
4710	55 
4711	60 
4712	90 
4713	69 
4714	93 
4715	55 
4716	88 
4717	68 
4718	63 
4719	78 
4720	78 
4721	3 
4722	75 
4723	19 
4724	83 
4725	19 
4726	49 
4727	86 
4728	25 
4729	10 
4730	70 
4731	86 
4732	86 
4733	63 
4734	47 
4735	3 
4736	75 
4737	61 
4738	6 
4739	61 
4740	29 
4741	75 
4742	31 
4743	30 
4744	41 
4745	29 
4746	30 
4747	95 
4748	74 
4749	5 
4750	78 
4751	48 
4752	78 
4753	78 
4754	29 
4755	1 
4756	50 
4757	36 
4758	66 
4759	86 
4760	32 
4761	15 
4762	59 
4763	72 
4764	96 
4765	23 
4766	87 
4767	88 
4768	36 
4769	25 
4770	18 
4771	85 
4772	68 
4773	13 
4774	68 
4775	50 
4776	49 
4777	17 
4778	72 
4779	65 
4780	86 
4781	95 
4782	80 
4783	15 
4784	5 
4785	17 
4786	49 
4787	54 
4788	44 
4789	40 
4790	75 
4791	46 
4792	78 
4793	67 
4794	40 
4795	64 
4796	42 
4797	68 
4798	86 
4799	41 
4800	34 
4801	1 
4802	93 
4803	6 
4804	49 
4805	88 
4806	36 
4807	1 
4808	50 
4809	9 
4810	15 
4811	83 
4812	15 
4813	77 
4814	46 
4815	70 
4816	66 
4817	85 
4818	56 
4819	16 
4820	93 
4821	68 
4822	52 
4823	51 
4824	53 
4825	28 
4826	30 
4827	51 
4828	39 
4829	54 
4830	14 
4831	57 
4832	79 
4833	57 
4834	58 
4835	87 
4836	60 
4837	92 
4838	12 
4839	87 
4840	43 
4841	66 
4842	82 
4843	86 
4844	96 
4845	9 
4846	55 
4847	94 
4848	57 
4849	74 
4850	43 
4851	40 
4852	49 
4853	41 
4854	5 
4855	52 
4856	49 
4857	53 
4858	40 
4859	30 
4860	17 
4861	74 
4862	81 
4863	57 
4864	63 
4865	77 
4866	25 
4867	44 
4868	17 
4869	20 
4870	34 
4871	81 
4872	22 
4873	62 
4874	16 
4875	82 
4876	65 
4877	10 
4878	44 
4879	79 
4880	13 
4881	4 
4882	14 
4883	38 
4884	52 
4885	61 
4886	10 
4887	66 
4888	3 
4889	14 
4890	41 
4891	40 
4892	78 
4893	41 
4894	76 
4895	91 
4896	74 
4897	50 
4898	6 
4899	3 
4900	53 
4901	91 
4902	28 
4903	83 
4904	49 
4905	14 
4906	77 
4907	39 
4908	89 
4909	51 
4910	56 
4911	78 
4912	83 
4913	44 
4914	23 
4915	42 
4916	61 
4917	13 
4918	4 
4919	32 
4920	17 
4921	47 
4922	43 
4923	7 
4924	80 
4925	68 
4926	35 
4927	83 
4928	49 
4929	44 
4930	20 
4931	41 
4932	54 
4933	81 
4934	79 
4935	9 
4936	86 
4937	34 
4938	57 
4939	40 
4940	57 
4941	36 
4942	26 
4943	20 
4944	37 
4945	4 
4946	24 
4947	43 
4948	3 
4949	54 
4950	51 
4951	34 
4952	45 
4953	64 
4954	47 
4955	87 
4956	88 
4957	85 
4958	75 
4959	89 
4960	49 
4961	14 
4962	32 
4963	3 
4964	17 
4965	20 
4966	46 
4967	84 
4968	81 
4969	74 
4970	3 
4971	86 
4972	49 
4973	83 
4974	53 
4975	15 
4976	33 
4977	45 
4978	54 
4979	81 
4980	89 
4981	20 
4982	4 
4983	39 
4984	21 
4985	65 
4986	55 
4987	74 
4988	3 
4989	18 
4990	38 
4991	80 
4992	59 
4993	30 
4994	78 
4995	1 
4996	55 
4997	20 
4998	94 
4999	51 
5000	93 
