1	47 
2	10 
3	98 
4	12 
5	55 
6	33 
7	81 
8	43 
9	1 
10	10 
11	17 
12	73 
13	19 
14	66 
15	37 
16	69 
17	86 
18	1 
19	54 
20	54 
21	21 
22	51 
23	97 
24	54 
25	73 
26	43 
27	77 
28	18 
29	22 
30	61 
31	99 
32	97 
33	94 
34	51 
35	84 
36	90 
37	19 
38	1 
39	84 
40	30 
41	93 
42	66 
43	27 
44	62 
45	57 
46	16 
47	97 
48	63 
49	99 
50	34 
51	76 
52	77 
53	71 
54	74 
55	27 
56	62 
57	58 
58	63 
59	92 
60	35 
61	100 
62	73 
63	54 
64	41 
65	82 
66	95 
67	66 
68	57 
69	85 
70	10 
71	39 
72	56 
73	81 
74	20 
75	54 
76	70 
77	27 
78	34 
79	85 
80	16 
81	95 
82	20 
83	51 
84	94 
85	56 
86	9 
87	79 
88	54 
89	28 
90	9 
91	6 
92	5 
93	79 
94	87 
95	10 
96	45 
97	41 
98	5 
99	100 
100	99 
101	75 
102	13 
103	96 
104	40 
105	47 
106	68 
107	10 
108	66 
109	10 
110	20 
111	18 
112	50 
113	92 
114	38 
115	19 
116	57 
117	25 
118	46 
119	13 
120	39 
121	84 
122	18 
123	11 
124	84 
125	33 
126	24 
127	40 
128	24 
129	100 
130	101 
131	100 
132	77 
133	43 
134	18 
135	54 
136	92 
137	90 
138	78 
139	86 
140	32 
141	10 
142	58 
143	13 
144	6 
145	31 
146	24 
147	101 
148	71 
149	35 
150	31 
151	24 
152	89 
153	14 
154	27 
155	73 
156	82 
157	13 
158	67 
159	3 
160	35 
161	70 
162	95 
163	91 
164	27 
165	90 
166	63 
167	74 
168	81 
169	31 
170	50 
171	10 
172	92 
173	56 
174	34 
175	28 
176	54 
177	65 
178	63 
179	24 
180	47 
181	20 
182	43 
183	11 
184	52 
185	36 
186	36 
187	39 
188	76 
189	10 
190	31 
191	66 
192	31 
193	66 
194	57 
195	76 
196	38 
197	57 
198	15 
199	95 
200	78 
201	54 
202	84 
203	67 
204	92 
205	31 
206	13 
207	34 
208	60 
209	40 
210	40 
211	42 
212	77 
213	18 
214	80 
215	83 
216	40 
217	43 
218	12 
219	56 
220	99 
221	79 
222	2 
223	80 
224	75 
225	82 
226	74 
227	10 
228	56 
229	53 
230	68 
231	87 
232	61 
233	96 
234	46 
235	99 
236	56 
237	74 
238	98 
239	21 
240	40 
241	63 
242	54 
243	21 
244	9 
245	61 
246	29 
247	22 
248	65 
249	22 
250	35 
251	3 
252	24 
253	58 
254	3 
255	44 
256	74 
257	18 
258	57 
259	48 
260	57 
261	51 
262	31 
263	95 
264	101 
265	43 
266	43 
267	56 
268	70 
269	53 
270	31 
271	58 
272	59 
273	13 
274	89 
275	32 
276	57 
277	73 
278	18 
279	32 
280	14 
281	8 
282	90 
283	76 
284	65 
285	75 
286	82 
287	36 
288	45 
289	15 
290	42 
291	56 
292	94 
293	69 
294	88 
295	31 
296	27 
297	30 
298	97 
299	82 
300	95 
301	23 
302	31 
303	60 
304	18 
305	93 
306	12 
307	52 
308	83 
309	31 
310	56 
311	36 
312	12 
313	23 
314	39 
315	20 
316	25 
317	51 
318	24 
319	34 
320	49 
321	82 
322	64 
323	64 
324	10 
325	92 
326	7 
327	27 
328	28 
329	14 
330	77 
331	91 
332	27 
333	48 
334	26 
335	92 
336	13 
337	41 
338	5 
339	37 
340	80 
341	46 
342	39 
343	81 
344	24 
345	70 
346	52 
347	58 
348	71 
349	5 
350	36 
351	74 
352	32 
353	4 
354	41 
355	99 
356	1 
357	84 
358	49 
359	4 
360	36 
361	24 
362	78 
363	24 
364	89 
365	47 
366	24 
367	30 
368	5 
369	61 
370	80 
371	80 
372	34 
373	65 
374	79 
375	34 
376	61 
377	81 
378	72 
379	25 
380	54 
381	49 
382	28 
383	45 
384	97 
385	77 
386	85 
387	24 
388	20 
389	9 
390	63 
391	43 
392	82 
393	10 
394	43 
395	76 
396	86 
397	18 
398	27 
399	78 
400	90 
401	88 
402	93 
403	57 
404	72 
405	15 
406	75 
407	97 
408	2 
409	51 
410	71 
411	3 
412	88 
413	67 
414	46 
415	56 
416	13 
417	35 
418	66 
419	87 
420	72 
421	19 
422	29 
423	56 
424	62 
425	31 
426	83 
427	90 
428	93 
429	6 
430	16 
431	46 
432	68 
433	8 
434	48 
435	63 
436	11 
437	31 
438	54 
439	18 
440	58 
441	57 
442	95 
443	35 
444	16 
445	24 
446	37 
447	78 
448	28 
449	63 
450	32 
451	32 
452	59 
453	9 
454	27 
455	5 
456	84 
457	57 
458	1 
459	95 
460	2 
461	75 
462	40 
463	83 
464	18 
465	54 
466	86 
467	79 
468	56 
469	67 
470	80 
471	41 
472	23 
473	34 
474	98 
475	65 
476	18 
477	68 
478	97 
479	59 
480	19 
481	73 
482	37 
483	17 
484	71 
485	64 
486	56 
487	97 
488	58 
489	66 
490	79 
491	88 
492	21 
493	82 
494	5 
495	66 
496	57 
497	20 
498	22 
499	73 
500	94 
501	62 
502	82 
503	76 
504	20 
505	73 
506	40 
507	28 
508	16 
509	9 
510	61 
511	63 
512	67 
513	101 
514	22 
515	62 
516	63 
517	70 
518	1 
519	8 
520	97 
521	94 
522	57 
523	2 
524	36 
525	73 
526	69 
527	70 
528	7 
529	9 
530	54 
531	61 
532	72 
533	10 
534	48 
535	15 
536	21 
537	56 
538	100 
539	91 
540	56 
541	23 
542	78 
543	96 
544	51 
545	101 
546	32 
547	63 
548	57 
549	71 
550	11 
551	66 
552	20 
553	80 
554	5 
555	51 
556	67 
557	10 
558	82 
559	51 
560	55 
561	64 
562	97 
563	91 
564	84 
565	18 
566	39 
567	56 
568	13 
569	59 
570	45 
571	67 
572	6 
573	100 
574	30 
575	20 
576	32 
577	70 
578	78 
579	2 
580	84 
581	64 
582	1 
583	22 
584	68 
585	100 
586	55 
587	58 
588	97 
589	64 
590	77 
591	48 
592	52 
593	51 
594	50 
595	55 
596	73 
597	58 
598	19 
599	13 
600	10 
601	71 
602	29 
603	12 
604	62 
605	5 
606	37 
607	19 
608	51 
609	17 
610	20 
611	59 
612	17 
613	20 
614	23 
615	9 
616	14 
617	79 
618	54 
619	82 
620	7 
621	81 
622	22 
623	12 
624	13 
625	16 
626	59 
627	97 
628	92 
629	6 
630	13 
631	29 
632	5 
633	32 
634	26 
635	49 
636	16 
637	78 
638	50 
639	63 
640	47 
641	73 
642	66 
643	13 
644	16 
645	88 
646	66 
647	27 
648	82 
649	59 
650	89 
651	30 
652	72 
653	51 
654	1 
655	58 
656	54 
657	89 
658	91 
659	58 
660	63 
661	40 
662	9 
663	92 
664	57 
665	58 
666	16 
667	73 
668	18 
669	38 
670	73 
671	97 
672	77 
673	19 
674	36 
675	47 
676	37 
677	44 
678	1 
679	63 
680	49 
681	9 
682	29 
683	29 
684	49 
685	96 
686	56 
687	13 
688	36 
689	10 
690	52 
691	2 
692	66 
693	46 
694	88 
695	8 
696	61 
697	42 
698	78 
699	22 
700	63 
701	87 
702	25 
703	36 
704	79 
705	10 
706	62 
707	78 
708	14 
709	32 
710	91 
711	40 
712	29 
713	90 
714	40 
715	73 
716	73 
717	28 
718	95 
719	65 
720	55 
721	9 
722	3 
723	12 
724	96 
725	62 
726	66 
727	83 
728	86 
729	68 
730	42 
731	77 
732	46 
733	62 
734	37 
735	49 
736	56 
737	32 
738	9 
739	9 
740	75 
741	34 
742	36 
743	29 
744	36 
745	50 
746	97 
747	1 
748	6 
749	92 
750	27 
751	14 
752	37 
753	30 
754	92 
755	100 
756	65 
757	40 
758	62 
759	7 
760	2 
761	51 
762	93 
763	75 
764	17 
765	31 
766	23 
767	84 
768	26 
769	22 
770	99 
771	10 
772	96 
773	99 
774	77 
775	49 
776	81 
777	1 
778	19 
779	15 
780	46 
781	53 
782	58 
783	99 
784	67 
785	54 
786	69 
787	86 
788	43 
789	57 
790	55 
791	30 
792	63 
793	36 
794	16 
795	35 
796	5 
797	92 
798	46 
799	84 
800	37 
801	73 
802	75 
803	90 
804	27 
805	41 
806	85 
807	20 
808	60 
809	72 
810	53 
811	61 
812	69 
813	21 
814	69 
815	73 
816	49 
817	87 
818	22 
819	94 
820	60 
821	63 
822	67 
823	63 
824	63 
825	100 
826	69 
827	77 
828	92 
829	2 
830	14 
831	56 
832	83 
833	92 
834	79 
835	99 
836	44 
837	98 
838	55 
839	66 
840	7 
841	22 
842	34 
843	57 
844	21 
845	24 
846	40 
847	48 
848	62 
849	18 
850	43 
851	98 
852	25 
853	84 
854	99 
855	78 
856	1 
857	34 
858	4 
859	58 
860	79 
861	83 
862	73 
863	75 
864	41 
865	6 
866	83 
867	18 
868	64 
869	48 
870	22 
871	70 
872	86 
873	8 
874	100 
875	91 
876	72 
877	42 
878	17 
879	35 
880	44 
881	85 
882	63 
883	78 
884	21 
885	20 
886	20 
887	97 
888	79 
889	10 
890	54 
891	54 
892	6 
893	44 
894	33 
895	31 
896	5 
897	14 
898	98 
899	15 
900	11 
901	56 
902	79 
903	2 
904	94 
905	1 
906	9 
907	70 
908	40 
909	87 
910	44 
911	52 
912	18 
913	25 
914	25 
915	100 
916	57 
917	68 
918	30 
919	37 
920	94 
921	43 
922	88 
923	36 
924	26 
925	81 
926	62 
927	27 
928	99 
929	44 
930	95 
931	49 
932	6 
933	71 
934	81 
935	58 
936	49 
937	18 
938	43 
939	15 
940	18 
941	78 
942	84 
943	100 
944	12 
945	73 
946	76 
947	8 
948	43 
949	52 
950	17 
951	22 
952	3 
953	89 
954	36 
955	6 
956	5 
957	7 
958	14 
959	62 
960	1 
961	77 
962	14 
963	99 
964	52 
965	10 
966	30 
967	41 
968	37 
969	43 
970	97 
971	2 
972	5 
973	34 
974	89 
975	92 
976	80 
977	20 
978	49 
979	8 
980	56 
981	13 
982	6 
983	84 
984	22 
985	32 
986	43 
987	27 
988	88 
989	67 
990	9 
991	84 
992	36 
993	34 
994	32 
995	79 
996	45 
997	2 
998	80 
999	7 
1000	31 
1001	63 
1002	80 
1003	87 
1004	26 
1005	21 
1006	5 
1007	85 
1008	46 
1009	87 
1010	66 
1011	70 
1012	96 
1013	97 
1014	97 
1015	24 
1016	13 
1017	30 
1018	37 
1019	14 
1020	88 
1021	10 
1022	89 
1023	90 
1024	63 
1025	100 
1026	22 
1027	35 
1028	4 
1029	22 
1030	48 
1031	18 
1032	54 
1033	34 
1034	60 
1035	62 
1036	5 
1037	47 
1038	30 
1039	58 
1040	75 
1041	79 
1042	13 
1043	73 
1044	62 
1045	15 
1046	64 
1047	98 
1048	59 
1049	1 
1050	46 
1051	78 
1052	14 
1053	76 
1054	47 
1055	57 
1056	69 
1057	52 
1058	69 
1059	41 
1060	47 
1061	99 
1062	14 
1063	29 
1064	31 
1065	56 
1066	76 
1067	21 
1068	17 
1069	98 
1070	77 
1071	27 
1072	73 
1073	66 
1074	18 
1075	99 
1076	24 
1077	16 
1078	2 
1079	54 
1080	82 
1081	13 
1082	20 
1083	16 
1084	2 
1085	4 
1086	9 
1087	37 
1088	9 
1089	93 
1090	7 
1091	88 
1092	56 
1093	77 
1094	30 
1095	31 
1096	32 
1097	96 
1098	19 
1099	16 
1100	70 
1101	35 
1102	32 
1103	67 
1104	4 
1105	44 
1106	92 
1107	4 
1108	31 
1109	80 
1110	18 
1111	100 
1112	41 
1113	58 
1114	7 
1115	2 
1116	61 
1117	67 
1118	75 
1119	30 
1120	26 
1121	43 
1122	24 
1123	17 
1124	38 
1125	74 
1126	23 
1127	53 
1128	42 
1129	44 
1130	97 
1131	9 
1132	27 
1133	35 
1134	16 
1135	100 
1136	18 
1137	62 
1138	51 
1139	29 
1140	75 
1141	29 
1142	58 
1143	58 
1144	25 
1145	94 
1146	97 
1147	30 
1148	37 
1149	24 
1150	3 
1151	2 
1152	83 
1153	75 
1154	29 
1155	16 
1156	52 
1157	31 
1158	8 
1159	9 
1160	63 
1161	27 
1162	77 
1163	49 
1164	22 
1165	2 
1166	73 
1167	5 
1168	26 
1169	49 
1170	14 
1171	43 
1172	92 
1173	39 
1174	60 
1175	61 
1176	46 
1177	32 
1178	85 
1179	77 
1180	56 
1181	20 
1182	9 
1183	9 
1184	11 
1185	34 
1186	31 
1187	25 
1188	6 
1189	42 
1190	64 
1191	31 
1192	56 
1193	24 
1194	57 
1195	68 
1196	101 
1197	43 
1198	27 
1199	39 
1200	78 
1201	53 
1202	22 
1203	18 
1204	24 
1205	30 
1206	38 
1207	6 
1208	33 
1209	16 
1210	75 
1211	22 
1212	50 
1213	68 
1214	10 
1215	48 
1216	56 
1217	61 
1218	92 
1219	13 
1220	87 
1221	75 
1222	32 
1223	16 
1224	57 
1225	56 
1226	51 
1227	55 
1228	78 
1229	93 
1230	21 
1231	12 
1232	24 
1233	77 
1234	18 
1235	47 
1236	91 
1237	12 
1238	82 
1239	62 
1240	56 
1241	16 
1242	29 
1243	67 
1244	62 
1245	80 
1246	92 
1247	99 
1248	54 
1249	25 
1250	87 
1251	2 
1252	18 
1253	90 
1254	93 
1255	78 
1256	75 
1257	73 
1258	6 
1259	88 
1260	24 
1261	66 
1262	88 
1263	33 
1264	13 
1265	25 
1266	68 
1267	53 
1268	31 
1269	3 
1270	92 
1271	30 
1272	75 
1273	70 
1274	8 
1275	69 
1276	70 
1277	69 
1278	24 
1279	43 
1280	68 
1281	100 
1282	16 
1283	90 
1284	81 
1285	30 
1286	79 
1287	16 
1288	31 
1289	56 
1290	6 
1291	96 
1292	12 
1293	29 
1294	14 
1295	41 
1296	90 
1297	39 
1298	65 
1299	10 
1300	90 
1301	22 
1302	80 
1303	93 
1304	24 
1305	33 
1306	75 
1307	10 
1308	99 
1309	78 
1310	71 
1311	31 
1312	91 
1313	31 
1314	40 
1315	5 
1316	37 
1317	68 
1318	49 
1319	12 
1320	10 
1321	38 
1322	6 
1323	17 
1324	51 
1325	24 
1326	5 
1327	34 
1328	24 
1329	4 
1330	83 
1331	92 
1332	47 
1333	61 
1334	97 
1335	24 
1336	100 
1337	65 
1338	95 
1339	51 
1340	54 
1341	6 
1342	66 
1343	22 
1344	8 
1345	71 
1346	66 
1347	20 
1348	2 
1349	40 
1350	13 
1351	23 
1352	100 
1353	69 
1354	36 
1355	51 
1356	1 
1357	40 
1358	13 
1359	16 
1360	86 
1361	4 
1362	100 
1363	57 
1364	20 
1365	99 
1366	63 
1367	36 
1368	67 
1369	101 
1370	60 
1371	6 
1372	22 
1373	97 
1374	79 
1375	49 
1376	29 
1377	22 
1378	55 
1379	69 
1380	74 
1381	44 
1382	79 
1383	54 
1384	50 
1385	89 
1386	84 
1387	14 
1388	43 
1389	62 
1390	51 
1391	20 
1392	23 
1393	70 
1394	67 
1395	82 
1396	44 
1397	33 
1398	74 
1399	5 
1400	78 
1401	34 
1402	59 
1403	30 
1404	13 
1405	61 
1406	44 
1407	63 
1408	70 
1409	1 
1410	7 
1411	61 
1412	12 
1413	47 
1414	94 
1415	2 
1416	33 
1417	2 
1418	60 
1419	70 
1420	1 
1421	80 
1422	64 
1423	12 
1424	36 
1425	31 
1426	98 
1427	27 
1428	5 
1429	36 
1430	3 
1431	29 
1432	70 
1433	95 
1434	87 
1435	78 
1436	69 
1437	27 
1438	32 
1439	93 
1440	22 
1441	47 
1442	54 
1443	56 
1444	23 
1445	8 
1446	24 
1447	43 
1448	31 
1449	62 
1450	50 
1451	55 
1452	54 
1453	37 
1454	37 
1455	96 
1456	66 
1457	58 
1458	67 
1459	92 
1460	68 
1461	10 
1462	12 
1463	17 
1464	16 
1465	69 
1466	57 
1467	24 
1468	67 
1469	25 
1470	13 
1471	65 
1472	13 
1473	19 
1474	18 
1475	31 
1476	56 
1477	99 
1478	26 
1479	95 
1480	76 
1481	98 
1482	16 
1483	1 
1484	101 
1485	44 
1486	83 
1487	60 
1488	20 
1489	2 
1490	82 
1491	99 
1492	30 
1493	3 
1494	16 
1495	62 
1496	73 
1497	11 
1498	82 
1499	75 
1500	4 
1501	43 
1502	35 
1503	49 
1504	100 
1505	47 
1506	67 
1507	73 
1508	16 
1509	100 
1510	75 
1511	1 
1512	25 
1513	59 
1514	5 
1515	5 
1516	77 
1517	9 
1518	33 
1519	68 
1520	78 
1521	96 
1522	43 
1523	11 
1524	1 
1525	36 
1526	84 
1527	13 
1528	57 
1529	52 
1530	86 
1531	17 
1532	80 
1533	22 
1534	67 
1535	57 
1536	78 
1537	16 
1538	83 
1539	6 
1540	52 
1541	16 
1542	18 
1543	94 
1544	81 
1545	7 
1546	65 
1547	19 
1548	92 
1549	42 
1550	54 
1551	22 
1552	78 
1553	97 
1554	11 
1555	5 
1556	62 
1557	34 
1558	7 
1559	55 
1560	52 
1561	43 
1562	31 
1563	14 
1564	36 
1565	8 
1566	7 
1567	43 
1568	7 
1569	31 
1570	54 
1571	12 
1572	20 
1573	30 
1574	20 
1575	67 
1576	6 
1577	56 
1578	23 
1579	71 
1580	65 
1581	43 
1582	92 
1583	64 
1584	97 
1585	78 
1586	16 
1587	77 
1588	84 
1589	58 
1590	62 
1591	29 
1592	54 
1593	82 
1594	8 
1595	63 
1596	75 
1597	80 
1598	1 
1599	3 
1600	86 
1601	15 
1602	36 
1603	41 
1604	30 
1605	22 
1606	3 
1607	84 
1608	34 
1609	31 
1610	10 
1611	65 
1612	42 
1613	87 
1614	93 
1615	66 
1616	65 
1617	25 
1618	25 
1619	72 
1620	27 
1621	77 
1622	61 
1623	37 
1624	97 
1625	15 
1626	3 
1627	81 
1628	74 
1629	23 
1630	20 
1631	33 
1632	10 
1633	66 
1634	56 
1635	73 
1636	63 
1637	55 
1638	16 
1639	19 
1640	91 
1641	36 
1642	19 
1643	43 
1644	31 
1645	36 
1646	99 
1647	29 
1648	8 
1649	92 
1650	77 
1651	57 
1652	96 
1653	90 
1654	71 
1655	100 
1656	17 
1657	45 
1658	17 
1659	87 
1660	62 
1661	32 
1662	54 
1663	80 
1664	48 
1665	100 
1666	52 
1667	47 
1668	21 
1669	36 
1670	36 
1671	5 
1672	94 
1673	32 
1674	14 
1675	44 
1676	10 
1677	69 
1678	52 
1679	83 
1680	8 
1681	45 
1682	52 
1683	29 
1684	85 
1685	27 
1686	5 
1687	75 
1688	67 
1689	60 
1690	76 
1691	69 
1692	9 
1693	37 
1694	84 
1695	36 
1696	76 
1697	1 
1698	100 
1699	9 
1700	56 
1701	63 
1702	72 
1703	63 
1704	63 
1705	49 
1706	96 
1707	91 
1708	56 
1709	45 
1710	13 
1711	80 
1712	61 
1713	52 
1714	13 
1715	98 
1716	58 
1717	65 
1718	17 
1719	89 
1720	27 
1721	32 
1722	21 
1723	101 
1724	5 
1725	74 
1726	63 
1727	29 
1728	5 
1729	62 
1730	10 
1731	87 
1732	8 
1733	84 
1734	87 
1735	52 
1736	40 
1737	99 
1738	82 
1739	18 
1740	100 
1741	13 
1742	1 
1743	82 
1744	4 
1745	17 
1746	73 
1747	30 
1748	79 
1749	10 
1750	52 
1751	69 
1752	67 
1753	11 
1754	29 
1755	32 
1756	77 
1757	100 
1758	73 
1759	16 
1760	36 
1761	70 
1762	63 
1763	10 
1764	100 
1765	100 
1766	29 
1767	91 
1768	47 
1769	81 
1770	100 
1771	33 
1772	63 
1773	55 
1774	81 
1775	78 
1776	19 
1777	55 
1778	99 
1779	85 
1780	92 
1781	90 
1782	97 
1783	41 
1784	58 
1785	57 
1786	99 
1787	78 
1788	26 
1789	56 
1790	13 
1791	56 
1792	10 
1793	96 
1794	25 
1795	30 
1796	42 
1797	12 
1798	54 
1799	10 
1800	32 
1801	57 
1802	18 
1803	28 
1804	13 
1805	99 
1806	66 
1807	70 
1808	93 
1809	59 
1810	13 
1811	87 
1812	86 
1813	10 
1814	15 
1815	47 
1816	69 
1817	84 
1818	50 
1819	37 
1820	24 
1821	62 
1822	84 
1823	36 
1824	99 
1825	45 
1826	18 
1827	65 
1828	66 
1829	71 
1830	53 
1831	69 
1832	4 
1833	20 
1834	16 
1835	52 
1836	86 
1837	12 
1838	62 
1839	99 
1840	38 
1841	29 
1842	75 
1843	93 
1844	46 
1845	67 
1846	60 
1847	21 
1848	14 
1849	26 
1850	66 
1851	81 
1852	5 
1853	61 
1854	90 
1855	73 
1856	26 
1857	87 
1858	9 
1859	57 
1860	1 
1861	10 
1862	91 
1863	99 
1864	5 
1865	95 
1866	21 
1867	43 
1868	79 
1869	78 
1870	57 
1871	77 
1872	99 
1873	31 
1874	96 
1875	52 
1876	85 
1877	9 
1878	77 
1879	64 
1880	66 
1881	81 
1882	100 
1883	18 
1884	101 
1885	82 
1886	78 
1887	63 
1888	13 
1889	84 
1890	56 
1891	56 
1892	100 
1893	60 
1894	16 
1895	43 
1896	20 
1897	85 
1898	60 
1899	9 
1900	98 
1901	61 
1902	100 
1903	57 
1904	73 
1905	20 
1906	54 
1907	83 
1908	70 
1909	21 
1910	83 
1911	101 
1912	55 
1913	32 
1914	23 
1915	7 
1916	57 
1917	65 
1918	26 
1919	13 
1920	63 
1921	5 
1922	38 
1923	100 
1924	72 
1925	23 
1926	13 
1927	56 
1928	16 
1929	5 
1930	81 
1931	16 
1932	2 
1933	18 
1934	90 
1935	43 
1936	4 
1937	5 
1938	31 
1939	45 
1940	47 
1941	77 
1942	31 
1943	62 
1944	25 
1945	91 
1946	34 
1947	100 
1948	41 
1949	29 
1950	50 
1951	94 
1952	9 
1953	70 
1954	56 
1955	88 
1956	68 
1957	32 
1958	93 
1959	91 
1960	36 
1961	97 
1962	69 
1963	33 
1964	96 
1965	18 
1966	62 
1967	96 
1968	28 
1969	66 
1970	56 
1971	36 
1972	3 
1973	87 
1974	6 
1975	96 
1976	97 
1977	17 
1978	100 
1979	12 
1980	56 
1981	99 
1982	18 
1983	63 
1984	26 
1985	22 
1986	8 
1987	55 
1988	24 
1989	16 
1990	99 
1991	29 
1992	96 
1993	13 
1994	31 
1995	70 
1996	61 
1997	55 
1998	7 
1999	84 
2000	92 
2001	10 
2002	18 
2003	29 
2004	3 
2005	59 
2006	36 
2007	94 
2008	88 
2009	50 
2010	82 
2011	63 
2012	6 
2013	62 
2014	95 
2015	74 
2016	92 
2017	22 
2018	10 
2019	57 
2020	77 
2021	84 
2022	13 
2023	60 
2024	73 
2025	97 
2026	16 
2027	98 
2028	10 
2029	61 
2030	36 
2031	44 
2032	87 
2033	57 
2034	93 
2035	94 
2036	45 
2037	55 
2038	7 
2039	92 
2040	2 
2041	61 
2042	22 
2043	20 
2044	14 
2045	66 
2046	16 
2047	82 
2048	63 
2049	26 
2050	99 
2051	65 
2052	58 
2053	84 
2054	28 
2055	4 
2056	11 
2057	54 
2058	36 
2059	5 
2060	62 
2061	18 
2062	58 
2063	90 
2064	35 
2065	97 
2066	16 
2067	27 
2068	101 
2069	58 
2070	62 
2071	16 
2072	7 
2073	57 
2074	20 
2075	90 
2076	95 
2077	77 
2078	66 
2079	20 
2080	3 
2081	66 
2082	43 
2083	31 
2084	45 
2085	2 
2086	20 
2087	69 
2088	6 
2089	15 
2090	71 
2091	1 
2092	79 
2093	79 
2094	96 
2095	65 
2096	78 
2097	43 
2098	77 
2099	13 
2100	1 
2101	70 
2102	63 
2103	39 
2104	77 
2105	13 
2106	20 
2107	37 
2108	35 
2109	90 
2110	5 
2111	24 
2112	48 
2113	11 
2114	15 
2115	53 
2116	34 
2117	41 
2118	94 
2119	69 
2120	21 
2121	90 
2122	9 
2123	25 
2124	84 
2125	16 
2126	11 
2127	66 
2128	48 
2129	58 
2130	73 
2131	9 
2132	38 
2133	22 
2134	44 
2135	73 
2136	82 
2137	17 
2138	101 
2139	43 
2140	82 
2141	56 
2142	9 
2143	23 
2144	43 
2145	87 
2146	57 
2147	6 
2148	27 
2149	62 
2150	16 
2151	30 
2152	52 
2153	13 
2154	96 
2155	82 
2156	54 
2157	99 
2158	2 
2159	10 
2160	32 
2161	78 
2162	87 
2163	99 
2164	44 
2165	66 
2166	17 
2167	2 
2168	9 
2169	5 
2170	11 
2171	31 
2172	24 
2173	17 
2174	75 
2175	99 
2176	10 
2177	18 
2178	32 
2179	25 
2180	66 
2181	100 
2182	26 
2183	40 
2184	67 
2185	65 
2186	8 
2187	5 
2188	89 
2189	6 
2190	43 
2191	72 
2192	14 
2193	27 
2194	47 
2195	73 
2196	101 
2197	31 
2198	36 
2199	1 
2200	71 
2201	39 
2202	47 
2203	16 
2204	66 
2205	84 
2206	32 
2207	82 
2208	100 
2209	63 
2210	92 
2211	6 
2212	85 
2213	27 
2214	84 
2215	36 
2216	22 
2217	32 
2218	94 
2219	46 
2220	63 
2221	2 
2222	6 
2223	62 
2224	66 
2225	66 
2226	70 
2227	47 
2228	47 
2229	6 
2230	20 
2231	88 
2232	87 
2233	85 
2234	59 
2235	74 
2236	97 
2237	29 
2238	66 
2239	30 
2240	93 
2241	63 
2242	87 
2243	19 
2244	1 
2245	49 
2246	98 
2247	6 
2248	77 
2249	87 
2250	32 
2251	49 
2252	55 
2253	45 
2254	99 
2255	16 
2256	38 
2257	38 
2258	30 
2259	29 
2260	4 
2261	17 
2262	59 
2263	14 
2264	46 
2265	16 
2266	35 
2267	22 
2268	49 
2269	67 
2270	79 
2271	53 
2272	31 
2273	47 
2274	78 
2275	47 
2276	89 
2277	33 
2278	73 
2279	58 
2280	1 
2281	52 
2282	14 
2283	59 
2284	17 
2285	2 
2286	78 
2287	7 
2288	66 
2289	92 
2290	92 
2291	79 
2292	80 
2293	73 
2294	31 
2295	5 
2296	82 
2297	66 
2298	47 
2299	87 
2300	48 
2301	10 
2302	7 
2303	36 
2304	43 
2305	54 
2306	86 
2307	55 
2308	54 
2309	56 
2310	70 
2311	13 
2312	27 
2313	75 
2314	75 
2315	5 
2316	10 
2317	75 
2318	6 
2319	57 
2320	64 
2321	14 
2322	64 
2323	5 
2324	101 
2325	91 
2326	75 
2327	94 
2328	87 
2329	37 
2330	88 
2331	46 
2332	77 
2333	19 
2334	17 
2335	52 
2336	44 
2337	30 
2338	70 
2339	10 
2340	72 
2341	24 
2342	64 
2343	16 
2344	66 
2345	101 
2346	99 
2347	29 
2348	29 
2349	46 
2350	9 
2351	32 
2352	96 
2353	32 
2354	77 
2355	76 
2356	62 
2357	99 
2358	24 
2359	43 
2360	33 
2361	40 
2362	73 
2363	18 
2364	16 
2365	46 
2366	41 
2367	96 
2368	94 
2369	77 
2370	6 
2371	39 
2372	70 
2373	99 
2374	7 
2375	48 
2376	94 
2377	33 
2378	17 
2379	90 
2380	30 
2381	2 
2382	32 
2383	43 
2384	89 
2385	29 
2386	91 
2387	2 
2388	72 
2389	61 
2390	23 
2391	30 
2392	101 
2393	64 
2394	18 
2395	82 
2396	37 
2397	22 
2398	20 
2399	75 
2400	66 
2401	62 
2402	20 
2403	100 
2404	74 
2405	60 
2406	37 
2407	36 
2408	63 
2409	84 
2410	5 
2411	97 
2412	78 
2413	48 
2414	3 
2415	18 
2416	92 
2417	67 
2418	38 
2419	29 
2420	2 
2421	18 
2422	12 
2423	31 
2424	62 
2425	36 
2426	4 
2427	10 
2428	64 
2429	29 
2430	16 
2431	63 
2432	96 
2433	66 
2434	54 
2435	9 
2436	1 
2437	61 
2438	90 
2439	30 
2440	43 
2441	18 
2442	66 
2443	43 
2444	30 
2445	94 
2446	54 
2447	21 
2448	54 
2449	18 
2450	22 
2451	7 
2452	88 
2453	46 
2454	95 
2455	1 
2456	74 
2457	66 
2458	43 
2459	34 
2460	5 
2461	75 
2462	49 
2463	77 
2464	82 
2465	11 
2466	57 
2467	92 
2468	48 
2469	25 
2470	45 
2471	87 
2472	10 
2473	58 
2474	99 
2475	63 
2476	83 
2477	94 
2478	60 
2479	14 
2480	66 
2481	55 
2482	30 
2483	92 
2484	97 
2485	16 
2486	67 
2487	57 
2488	38 
2489	82 
2490	49 
2491	93 
2492	93 
2493	57 
2494	42 
2495	29 
2496	46 
2497	69 
2498	10 
2499	11 
2500	77 
2501	49 
2502	90 
2503	70 
2504	40 
2505	65 
2506	75 
2507	22 
2508	56 
2509	81 
2510	86 
2511	53 
2512	25 
2513	27 
2514	61 
2515	53 
2516	100 
2517	6 
2518	69 
2519	56 
2520	68 
2521	1 
2522	24 
2523	54 
2524	86 
2525	47 
2526	92 
2527	89 
2528	56 
2529	55 
2530	51 
2531	75 
2532	22 
2533	65 
2534	97 
2535	94 
2536	69 
2537	67 
2538	40 
2539	73 
2540	13 
2541	94 
2542	60 
2543	47 
2544	74 
2545	20 
2546	53 
2547	55 
2548	30 
2549	64 
2550	38 
2551	56 
2552	22 
2553	31 
2554	44 
2555	57 
2556	77 
2557	2 
2558	33 
2559	13 
2560	81 
2561	45 
2562	17 
2563	56 
2564	27 
2565	73 
2566	93 
2567	55 
2568	91 
2569	13 
2570	9 
2571	76 
2572	69 
2573	92 
2574	71 
2575	18 
2576	12 
2577	21 
2578	30 
2579	82 
2580	6 
2581	1 
2582	43 
2583	24 
2584	85 
2585	56 
2586	24 
2587	24 
2588	84 
2589	35 
2590	96 
2591	73 
2592	54 
2593	91 
2594	92 
2595	28 
2596	60 
2597	98 
2598	62 
2599	36 
2600	21 
2601	96 
2602	21 
2603	62 
2604	38 
2605	24 
2606	96 
2607	9 
2608	90 
2609	72 
2610	43 
2611	77 
2612	99 
2613	62 
2614	100 
2615	31 
2616	24 
2617	88 
2618	54 
2619	98 
2620	1 
2621	22 
2622	41 
2623	74 
2624	88 
2625	91 
2626	12 
2627	53 
2628	59 
2629	2 
2630	50 
2631	91 
2632	57 
2633	58 
2634	96 
2635	43 
2636	42 
2637	46 
2638	19 
2639	85 
2640	77 
2641	98 
2642	36 
2643	42 
2644	43 
2645	73 
2646	10 
2647	65 
2648	47 
2649	78 
2650	47 
2651	34 
2652	92 
2653	63 
2654	20 
2655	46 
2656	21 
2657	20 
2658	49 
2659	101 
2660	6 
2661	23 
2662	80 
2663	96 
2664	56 
2665	67 
2666	79 
2667	80 
2668	38 
2669	93 
2670	96 
2671	62 
2672	25 
2673	7 
2674	36 
2675	73 
2676	63 
2677	5 
2678	87 
2679	10 
2680	19 
2681	67 
2682	15 
2683	17 
2684	44 
2685	52 
2686	86 
2687	39 
2688	99 
2689	88 
2690	98 
2691	14 
2692	14 
2693	80 
2694	46 
2695	79 
2696	80 
2697	13 
2698	29 
2699	26 
2700	29 
2701	70 
2702	2 
2703	66 
2704	12 
2705	2 
2706	63 
2707	78 
2708	22 
2709	66 
2710	62 
2711	66 
2712	56 
2713	97 
2714	62 
2715	19 
2716	100 
2717	33 
2718	96 
2719	92 
2720	66 
2721	77 
2722	33 
2723	15 
2724	27 
2725	73 
2726	72 
2727	84 
2728	47 
2729	19 
2730	8 
2731	86 
2732	11 
2733	13 
2734	47 
2735	15 
2736	55 
2737	99 
2738	63 
2739	69 
2740	31 
2741	67 
2742	29 
2743	10 
2744	38 
2745	67 
2746	62 
2747	5 
2748	98 
2749	56 
2750	25 
2751	58 
2752	22 
2753	89 
2754	19 
2755	43 
2756	56 
2757	9 
2758	49 
2759	26 
2760	35 
2761	54 
2762	4 
2763	14 
2764	21 
2765	30 
2766	66 
2767	85 
2768	32 
2769	62 
2770	15 
2771	97 
2772	87 
2773	31 
2774	72 
2775	52 
2776	87 
2777	92 
2778	70 
2779	7 
2780	80 
2781	5 
2782	12 
2783	9 
2784	7 
2785	47 
2786	45 
2787	37 
2788	73 
2789	72 
2790	22 
2791	90 
2792	87 
2793	19 
2794	23 
2795	31 
2796	75 
2797	100 
2798	5 
2799	5 
2800	42 
2801	20 
2802	43 
2803	90 
2804	67 
2805	40 
2806	5 
2807	44 
2808	51 
2809	15 
2810	32 
2811	47 
2812	59 
2813	43 
2814	57 
2815	18 
2816	24 
2817	87 
2818	73 
2819	40 
2820	18 
2821	84 
2822	51 
2823	28 
2824	92 
2825	86 
2826	43 
2827	51 
2828	7 
2829	13 
2830	31 
2831	5 
2832	84 
2833	90 
2834	69 
2835	99 
2836	73 
2837	97 
2838	54 
2839	65 
2840	92 
2841	65 
2842	36 
2843	70 
2844	37 
2845	19 
2846	88 
2847	86 
2848	90 
2849	31 
2850	56 
2851	69 
2852	79 
2853	101 
2854	82 
2855	19 
2856	28 
2857	73 
2858	42 
2859	39 
2860	89 
2861	22 
2862	78 
2863	33 
2864	73 
2865	100 
2866	54 
2867	16 
2868	2 
2869	14 
2870	29 
2871	100 
2872	10 
2873	88 
2874	57 
2875	92 
2876	73 
2877	97 
2878	49 
2879	31 
2880	20 
2881	10 
2882	73 
2883	78 
2884	84 
2885	101 
2886	82 
2887	88 
2888	13 
2889	44 
2890	78 
2891	86 
2892	20 
2893	77 
2894	62 
2895	43 
2896	92 
2897	63 
2898	55 
2899	27 
2900	47 
2901	64 
2902	20 
2903	83 
2904	67 
2905	5 
2906	63 
2907	75 
2908	30 
2909	45 
2910	55 
2911	56 
2912	77 
2913	79 
2914	82 
2915	82 
2916	67 
2917	82 
2918	65 
2919	16 
2920	37 
2921	63 
2922	43 
2923	22 
2924	63 
2925	5 
2926	85 
2927	94 
2928	90 
2929	74 
2930	31 
2931	78 
2932	44 
2933	20 
2934	96 
2935	84 
2936	73 
2937	5 
2938	90 
2939	66 
2940	22 
2941	66 
2942	7 
2943	33 
2944	15 
2945	16 
2946	40 
2947	30 
2948	101 
2949	68 
2950	99 
2951	61 
2952	14 
2953	47 
2954	99 
2955	2 
2956	67 
2957	24 
2958	9 
2959	22 
2960	57 
2961	46 
2962	14 
2963	67 
2964	13 
2965	18 
2966	29 
2967	101 
2968	53 
2969	20 
2970	49 
2971	10 
2972	24 
2973	41 
2974	69 
2975	18 
2976	5 
2977	18 
2978	22 
2979	98 
2980	72 
2981	60 
2982	62 
2983	47 
2984	87 
2985	16 
2986	100 
2987	19 
2988	17 
2989	99 
2990	73 
2991	73 
2992	2 
2993	96 
2994	3 
2995	7 
2996	96 
2997	77 
2998	73 
2999	19 
3000	43 
3001	66 
3002	55 
3003	36 
3004	30 
3005	55 
3006	30 
3007	5 
3008	97 
3009	9 
3010	27 
3011	82 
3012	72 
3013	26 
3014	76 
3015	43 
3016	93 
3017	35 
3018	20 
3019	53 
3020	43 
3021	38 
3022	22 
3023	23 
3024	71 
3025	22 
3026	29 
3027	58 
3028	59 
3029	19 
3030	7 
3031	78 
3032	22 
3033	22 
3034	90 
3035	89 
3036	52 
3037	79 
3038	58 
3039	2 
3040	32 
3041	2 
3042	24 
3043	63 
3044	82 
3045	51 
3046	90 
3047	30 
3048	9 
3049	98 
3050	94 
3051	61 
3052	7 
3053	37 
3054	52 
3055	5 
3056	64 
3057	53 
3058	2 
3059	92 
3060	97 
3061	45 
3062	19 
3063	22 
3064	63 
3065	31 
3066	43 
3067	69 
3068	57 
3069	56 
3070	13 
3071	4 
3072	31 
3073	18 
3074	62 
3075	74 
3076	48 
3077	90 
3078	84 
3079	74 
3080	29 
3081	52 
3082	54 
3083	34 
3084	100 
3085	31 
3086	64 
3087	98 
3088	22 
3089	5 
3090	25 
3091	33 
3092	53 
3093	74 
3094	92 
3095	34 
3096	73 
3097	17 
3098	92 
3099	54 
3100	73 
3101	59 
3102	42 
3103	92 
3104	43 
3105	54 
3106	100 
3107	2 
3108	76 
3109	56 
3110	31 
3111	73 
3112	50 
3113	22 
3114	11 
3115	99 
3116	48 
3117	55 
3118	62 
3119	31 
3120	20 
3121	21 
3122	70 
3123	33 
3124	73 
3125	101 
3126	36 
3127	87 
3128	49 
3129	26 
3130	31 
3131	43 
3132	87 
3133	90 
3134	9 
3135	24 
3136	65 
3137	46 
3138	69 
3139	18 
3140	35 
3141	5 
3142	20 
3143	25 
3144	52 
3145	68 
3146	16 
3147	91 
3148	24 
3149	92 
3150	83 
3151	43 
3152	32 
3153	16 
3154	67 
3155	99 
3156	70 
3157	13 
3158	89 
3159	54 
3160	1 
3161	101 
3162	33 
3163	80 
3164	68 
3165	101 
3166	92 
3167	2 
3168	13 
3169	43 
3170	32 
3171	27 
3172	56 
3173	96 
3174	7 
3175	71 
3176	97 
3177	24 
3178	73 
3179	27 
3180	60 
3181	76 
3182	24 
3183	77 
3184	8 
3185	20 
3186	10 
3187	82 
3188	2 
3189	18 
3190	54 
3191	34 
3192	64 
3193	85 
3194	96 
3195	81 
3196	29 
3197	82 
3198	94 
3199	36 
3200	79 
3201	6 
3202	67 
3203	20 
3204	27 
3205	54 
3206	56 
3207	62 
3208	100 
3209	88 
3210	46 
3211	99 
3212	33 
3213	33 
3214	63 
3215	24 
3216	66 
3217	81 
3218	92 
3219	70 
3220	64 
3221	17 
3222	92 
3223	16 
3224	73 
3225	19 
3226	65 
3227	66 
3228	4 
3229	66 
3230	77 
3231	2 
3232	43 
3233	15 
3234	46 
3235	99 
3236	11 
3237	95 
3238	56 
3239	29 
3240	85 
3241	41 
3242	74 
3243	99 
3244	21 
3245	65 
3246	18 
3247	91 
3248	20 
3249	54 
3250	20 
3251	50 
3252	50 
3253	7 
3254	82 
3255	79 
3256	68 
3257	15 
3258	66 
3259	86 
3260	100 
3261	59 
3262	53 
3263	82 
3264	94 
3265	27 
3266	3 
3267	50 
3268	16 
3269	56 
3270	57 
3271	73 
3272	99 
3273	18 
3274	5 
3275	101 
3276	9 
3277	93 
3278	28 
3279	54 
3280	82 
3281	82 
3282	99 
3283	48 
3284	65 
3285	48 
3286	1 
3287	78 
3288	11 
3289	42 
3290	14 
3291	38 
3292	27 
3293	93 
3294	70 
3295	24 
3296	41 
3297	24 
3298	85 
3299	67 
3300	71 
3301	6 
3302	49 
3303	77 
3304	67 
3305	95 
3306	83 
3307	78 
3308	10 
3309	28 
3310	75 
3311	37 
3312	23 
3313	56 
3314	3 
3315	5 
3316	16 
3317	17 
3318	50 
3319	24 
3320	65 
3321	91 
3322	63 
3323	25 
3324	27 
3325	34 
3326	65 
3327	54 
3328	31 
3329	70 
3330	31 
3331	82 
3332	82 
3333	97 
3334	97 
3335	30 
3336	38 
3337	56 
3338	69 
3339	26 
3340	29 
3341	84 
3342	32 
3343	75 
3344	32 
3345	1 
3346	85 
3347	79 
3348	24 
3349	10 
3350	65 
3351	49 
3352	79 
3353	54 
3354	1 
3355	91 
3356	77 
3357	69 
3358	100 
3359	70 
3360	32 
3361	83 
3362	13 
3363	100 
3364	39 
3365	100 
3366	16 
3367	87 
3368	6 
3369	2 
3370	2 
3371	19 
3372	58 
3373	9 
3374	49 
3375	57 
3376	58 
3377	52 
3378	84 
3379	59 
3380	12 
3381	99 
3382	81 
3383	47 
3384	5 
3385	10 
3386	80 
3387	22 
3388	5 
3389	70 
3390	86 
3391	5 
3392	97 
3393	4 
3394	67 
3395	36 
3396	80 
3397	39 
3398	42 
3399	66 
3400	94 
3401	2 
3402	65 
3403	4 
3404	99 
3405	7 
3406	31 
3407	23 
3408	99 
3409	56 
3410	44 
3411	70 
3412	35 
3413	83 
3414	64 
3415	86 
3416	57 
3417	16 
3418	92 
3419	73 
3420	4 
3421	80 
3422	6 
3423	78 
3424	60 
3425	60 
3426	61 
3427	11 
3428	49 
3429	60 
3430	33 
3431	81 
3432	36 
3433	69 
3434	30 
3435	56 
3436	57 
3437	52 
3438	77 
3439	43 
3440	67 
3441	41 
3442	59 
3443	76 
3444	36 
3445	57 
3446	43 
3447	2 
3448	40 
3449	37 
3450	34 
3451	13 
3452	37 
3453	42 
3454	76 
3455	77 
3456	22 
3457	16 
3458	94 
3459	87 
3460	88 
3461	17 
3462	68 
3463	18 
3464	20 
3465	79 
3466	70 
3467	67 
3468	50 
3469	72 
3470	54 
3471	42 
3472	30 
3473	40 
3474	17 
3475	66 
3476	8 
3477	50 
3478	73 
3479	99 
3480	54 
3481	83 
3482	3 
3483	68 
3484	5 
3485	54 
3486	1 
3487	101 
3488	22 
3489	37 
3490	99 
3491	80 
3492	36 
3493	36 
3494	68 
3495	36 
3496	47 
3497	63 
3498	77 
3499	16 
3500	29 
3501	63 
3502	28 
3503	90 
3504	65 
3505	99 
3506	97 
3507	31 
3508	90 
3509	46 
3510	5 
3511	13 
3512	88 
3513	6 
3514	89 
3515	37 
3516	5 
3517	57 
3518	24 
3519	31 
3520	33 
3521	59 
3522	4 
3523	38 
3524	91 
3525	80 
3526	74 
3527	35 
3528	100 
3529	30 
3530	36 
3531	21 
3532	67 
3533	22 
3534	70 
3535	26 
3536	5 
3537	36 
3538	73 
3539	13 
3540	53 
3541	14 
3542	5 
3543	49 
3544	11 
3545	6 
3546	12 
3547	37 
3548	10 
3549	22 
3550	96 
3551	5 
3552	32 
3553	97 
3554	18 
3555	90 
3556	22 
3557	92 
3558	67 
3559	83 
3560	16 
3561	73 
3562	6 
3563	82 
3564	14 
3565	73 
3566	1 
3567	40 
3568	82 
3569	65 
3570	98 
3571	5 
3572	11 
3573	38 
3574	36 
3575	20 
3576	90 
3577	100 
3578	2 
3579	62 
3580	96 
3581	92 
3582	34 
3583	68 
3584	101 
3585	76 
3586	44 
3587	2 
3588	67 
3589	17 
3590	60 
3591	88 
3592	58 
3593	69 
3594	39 
3595	6 
3596	85 
3597	10 
3598	37 
3599	100 
3600	18 
3601	42 
3602	7 
3603	59 
3604	18 
3605	17 
3606	36 
3607	96 
3608	54 
3609	82 
3610	92 
3611	39 
3612	26 
3613	32 
3614	16 
3615	27 
3616	75 
3617	7 
3618	18 
3619	5 
3620	47 
3621	29 
3622	64 
3623	16 
3624	37 
3625	61 
3626	36 
3627	26 
3628	96 
3629	63 
3630	6 
3631	9 
3632	18 
3633	9 
3634	90 
3635	44 
3636	56 
3637	1 
3638	7 
3639	85 
3640	53 
3641	71 
3642	30 
3643	77 
3644	66 
3645	43 
3646	100 
3647	47 
3648	97 
3649	96 
3650	5 
3651	52 
3652	25 
3653	60 
3654	62 
3655	100 
3656	14 
3657	63 
3658	23 
3659	20 
3660	18 
3661	78 
3662	78 
3663	13 
3664	98 
3665	82 
3666	91 
3667	19 
3668	40 
3669	34 
3670	91 
3671	21 
3672	57 
3673	65 
3674	27 
3675	20 
3676	20 
3677	42 
3678	97 
3679	8 
3680	43 
3681	36 
3682	28 
3683	61 
3684	94 
3685	13 
3686	99 
3687	9 
3688	36 
3689	22 
3690	70 
3691	75 
3692	20 
3693	83 
3694	63 
3695	96 
3696	49 
3697	10 
3698	58 
3699	6 
3700	100 
3701	25 
3702	2 
3703	99 
3704	67 
3705	2 
3706	57 
3707	45 
3708	44 
3709	78 
3710	94 
3711	9 
3712	99 
3713	39 
3714	100 
3715	54 
3716	52 
3717	45 
3718	88 
3719	66 
3720	71 
3721	54 
3722	18 
3723	83 
3724	8 
3725	30 
3726	26 
3727	40 
3728	66 
3729	76 
3730	15 
3731	22 
3732	36 
3733	63 
3734	2 
3735	92 
3736	29 
3737	97 
3738	27 
3739	54 
3740	56 
3741	53 
3742	6 
3743	79 
3744	23 
3745	31 
3746	63 
3747	77 
3748	43 
3749	96 
3750	92 
3751	53 
3752	16 
3753	101 
3754	100 
3755	11 
3756	90 
3757	96 
3758	66 
3759	56 
3760	62 
3761	65 
3762	92 
3763	33 
3764	97 
3765	89 
3766	65 
3767	56 
3768	100 
3769	75 
3770	17 
3771	19 
3772	43 
3773	22 
3774	4 
3775	17 
3776	89 
3777	86 
3778	67 
3779	43 
3780	97 
3781	13 
3782	17 
3783	63 
3784	24 
3785	17 
3786	31 
3787	61 
3788	100 
3789	90 
3790	21 
3791	61 
3792	66 
3793	66 
3794	75 
3795	80 
3796	74 
3797	94 
3798	82 
3799	85 
3800	43 
3801	65 
3802	17 
3803	79 
3804	13 
3805	32 
3806	16 
3807	66 
3808	62 
3809	100 
3810	22 
3811	50 
3812	2 
3813	13 
3814	36 
3815	5 
3816	48 
3817	80 
3818	44 
3819	36 
3820	97 
3821	28 
3822	18 
3823	37 
3824	36 
3825	57 
3826	83 
3827	22 
3828	32 
3829	67 
3830	13 
3831	80 
3832	24 
3833	76 
3834	82 
3835	29 
3836	92 
3837	28 
3838	43 
3839	43 
3840	29 
3841	47 
3842	54 
3843	77 
3844	66 
3845	94 
3846	56 
3847	9 
3848	48 
3849	65 
3850	85 
3851	78 
3852	26 
3853	61 
3854	28 
3855	72 
3856	1 
3857	5 
3858	68 
3859	32 
3860	40 
3861	68 
3862	67 
3863	84 
3864	96 
3865	73 
3866	77 
3867	53 
3868	93 
3869	99 
3870	22 
3871	29 
3872	23 
3873	99 
3874	33 
3875	76 
3876	22 
3877	24 
3878	100 
3879	16 
3880	34 
3881	37 
3882	12 
3883	54 
3884	99 
3885	100 
3886	30 
3887	21 
3888	62 
3889	42 
3890	40 
3891	90 
3892	57 
3893	95 
3894	39 
3895	13 
3896	57 
3897	19 
3898	9 
3899	20 
3900	26 
3901	59 
3902	54 
3903	39 
3904	22 
3905	32 
3906	89 
3907	64 
3908	6 
3909	16 
3910	37 
3911	19 
3912	95 
3913	64 
3914	44 
3915	7 
3916	64 
3917	54 
3918	77 
3919	7 
3920	10 
3921	78 
3922	92 
3923	27 
3924	24 
3925	55 
3926	55 
3927	88 
3928	33 
3929	18 
3930	18 
3931	79 
3932	51 
3933	99 
3934	85 
3935	9 
3936	66 
3937	33 
3938	37 
3939	9 
3940	34 
3941	97 
3942	4 
3943	45 
3944	8 
3945	34 
3946	63 
3947	77 
3948	42 
3949	9 
3950	31 
3951	61 
3952	62 
3953	24 
3954	42 
3955	82 
3956	43 
3957	63 
3958	79 
3959	19 
3960	5 
3961	54 
3962	44 
3963	54 
3964	54 
3965	2 
3966	78 
3967	56 
3968	3 
3969	65 
3970	75 
3971	39 
3972	25 
3973	36 
3974	25 
3975	53 
3976	31 
3977	32 
3978	22 
3979	84 
3980	70 
3981	49 
3982	100 
3983	36 
3984	73 
3985	57 
3986	87 
3987	29 
3988	88 
3989	16 
3990	46 
3991	95 
3992	69 
3993	45 
3994	40 
3995	72 
3996	62 
3997	66 
3998	26 
3999	53 
4000	17 
4001	49 
4002	28 
4003	65 
4004	33 
4005	92 
4006	29 
4007	82 
4008	23 
4009	69 
4010	67 
4011	42 
4012	41 
4013	51 
4014	15 
4015	80 
4016	1 
4017	23 
4018	31 
4019	19 
4020	36 
4021	54 
4022	94 
4023	22 
4024	58 
4025	18 
4026	76 
4027	37 
4028	27 
4029	58 
4030	88 
4031	83 
4032	56 
4033	75 
4034	57 
4035	22 
4036	17 
4037	61 
4038	2 
4039	96 
4040	24 
4041	36 
4042	90 
4043	42 
4044	42 
4045	20 
4046	1 
4047	48 
4048	90 
4049	83 
4050	9 
4051	82 
4052	5 
4053	52 
4054	25 
4055	51 
4056	47 
4057	2 
4058	59 
4059	86 
4060	97 
4061	56 
4062	96 
4063	8 
4064	32 
4065	2 
4066	64 
4067	2 
4068	87 
4069	28 
4070	16 
4071	17 
4072	42 
4073	16 
4074	22 
4075	58 
4076	37 
4077	79 
4078	14 
4079	20 
4080	59 
4081	17 
4082	56 
4083	18 
4084	53 
4085	83 
4086	32 
4087	1 
4088	64 
4089	15 
4090	82 
4091	95 
4092	11 
4093	91 
4094	2 
4095	17 
4096	74 
4097	43 
4098	27 
4099	7 
4100	63 
4101	2 
4102	75 
4103	74 
4104	77 
4105	31 
4106	9 
4107	79 
4108	10 
4109	29 
4110	43 
4111	37 
4112	67 
4113	72 
4114	85 
4115	21 
4116	67 
4117	16 
4118	40 
4119	34 
4120	67 
4121	63 
4122	57 
4123	59 
4124	1 
4125	64 
4126	58 
4127	66 
4128	4 
4129	34 
4130	73 
4131	38 
4132	55 
4133	30 
4134	31 
4135	66 
4136	96 
4137	82 
4138	30 
4139	24 
4140	77 
4141	90 
4142	7 
4143	44 
4144	5 
4145	96 
4146	26 
4147	43 
4148	57 
4149	83 
4150	29 
4151	7 
4152	54 
4153	36 
4154	88 
4155	25 
4156	57 
4157	61 
4158	54 
4159	46 
4160	43 
4161	17 
4162	20 
4163	57 
4164	18 
4165	59 
4166	88 
4167	20 
4168	99 
4169	67 
4170	67 
4171	51 
4172	67 
4173	63 
4174	9 
4175	36 
4176	80 
4177	90 
4178	1 
4179	57 
4180	67 
4181	49 
4182	20 
4183	5 
4184	20 
4185	9 
4186	80 
4187	94 
4188	51 
4189	9 
4190	23 
4191	43 
4192	70 
4193	56 
4194	97 
4195	37 
4196	67 
4197	94 
4198	16 
4199	51 
4200	22 
4201	66 
4202	80 
4203	17 
4204	97 
4205	12 
4206	54 
4207	47 
4208	60 
4209	68 
4210	49 
4211	88 
4212	94 
4213	60 
4214	75 
4215	34 
4216	51 
4217	47 
4218	94 
4219	13 
4220	69 
4221	40 
4222	60 
4223	55 
4224	53 
4225	92 
4226	57 
4227	29 
4228	32 
4229	99 
4230	80 
4231	23 
4232	65 
4233	14 
4234	42 
4235	54 
4236	64 
4237	83 
4238	49 
4239	77 
4240	17 
4241	73 
4242	18 
4243	18 
4244	57 
4245	99 
4246	94 
4247	13 
4248	78 
4249	43 
4250	14 
4251	59 
4252	95 
4253	88 
4254	67 
4255	90 
4256	96 
4257	27 
4258	65 
4259	54 
4260	82 
4261	82 
4262	19 
4263	79 
4264	67 
4265	22 
4266	5 
4267	70 
4268	73 
4269	52 
4270	31 
4271	31 
4272	67 
4273	16 
4274	16 
4275	17 
4276	13 
4277	57 
4278	66 
4279	91 
4280	22 
4281	47 
4282	54 
4283	73 
4284	29 
4285	94 
4286	82 
4287	63 
4288	51 
4289	60 
4290	36 
4291	31 
4292	51 
4293	94 
4294	74 
4295	67 
4296	37 
4297	5 
4298	36 
4299	78 
4300	65 
4301	14 
4302	32 
4303	18 
4304	77 
4305	16 
4306	37 
4307	73 
4308	27 
4309	19 
4310	65 
4311	22 
4312	20 
4313	56 
4314	24 
4315	85 
4316	63 
4317	12 
4318	63 
4319	82 
4320	62 
4321	77 
4322	29 
4323	73 
4324	100 
4325	32 
4326	52 
4327	54 
4328	34 
4329	62 
4330	20 
4331	97 
4332	31 
4333	73 
4334	6 
4335	54 
4336	62 
4337	42 
4338	77 
4339	96 
4340	9 
4341	40 
4342	67 
4343	53 
4344	55 
4345	100 
4346	24 
4347	54 
4348	80 
4349	44 
4350	1 
4351	66 
4352	49 
4353	21 
4354	97 
4355	80 
4356	31 
4357	13 
4358	43 
4359	66 
4360	24 
4361	51 
4362	5 
4363	82 
4364	37 
4365	5 
4366	80 
4367	101 
4368	13 
4369	5 
4370	92 
4371	52 
4372	42 
4373	69 
4374	12 
4375	36 
4376	16 
4377	73 
4378	13 
4379	5 
4380	56 
4381	79 
4382	94 
4383	67 
4384	54 
4385	67 
4386	65 
4387	78 
4388	6 
4389	78 
4390	30 
4391	42 
4392	65 
4393	58 
4394	64 
4395	34 
4396	49 
4397	31 
4398	51 
4399	90 
4400	55 
4401	65 
4402	14 
4403	101 
4404	27 
4405	90 
4406	80 
4407	21 
4408	27 
4409	70 
4410	42 
4411	87 
4412	70 
4413	61 
4414	67 
4415	31 
4416	83 
4417	67 
4418	5 
4419	29 
4420	43 
4421	92 
4422	90 
4423	92 
4424	69 
4425	58 
4426	70 
4427	100 
4428	40 
4429	46 
4430	65 
4431	88 
4432	36 
4433	94 
4434	91 
4435	66 
4436	97 
4437	43 
4438	43 
4439	101 
4440	14 
4441	12 
4442	65 
4443	49 
4444	26 
4445	43 
4446	9 
4447	51 
4448	29 
4449	88 
4450	94 
4451	63 
4452	36 
4453	24 
4454	9 
4455	26 
4456	62 
4457	54 
4458	20 
4459	10 
4460	24 
4461	10 
4462	36 
4463	84 
4464	24 
4465	60 
4466	7 
4467	70 
4468	63 
4469	18 
4470	14 
4471	32 
4472	5 
4473	36 
4474	6 
4475	31 
4476	92 
4477	26 
4478	73 
4479	17 
4480	73 
4481	13 
4482	5 
4483	70 
4484	66 
4485	73 
4486	17 
4487	43 
4488	84 
4489	40 
4490	22 
4491	69 
4492	32 
4493	92 
4494	75 
4495	31 
4496	54 
4497	87 
4498	43 
4499	33 
4500	73 
4501	2 
4502	44 
4503	99 
4504	59 
4505	63 
4506	54 
4507	82 
4508	55 
4509	13 
4510	25 
4511	82 
4512	22 
4513	52 
4514	88 
4515	51 
4516	27 
4517	5 
4518	29 
4519	29 
4520	92 
4521	94 
4522	55 
4523	26 
4524	40 
4525	90 
4526	1 
4527	67 
4528	7 
4529	100 
4530	17 
4531	34 
4532	100 
4533	20 
4534	56 
4535	16 
4536	63 
4537	43 
4538	62 
4539	70 
4540	99 
4541	101 
4542	73 
4543	18 
4544	67 
4545	63 
4546	100 
4547	99 
4548	17 
4549	88 
4550	44 
4551	87 
4552	36 
4553	57 
4554	61 
4555	88 
4556	10 
4557	67 
4558	1 
4559	29 
4560	29 
4561	82 
4562	97 
4563	36 
4564	43 
4565	6 
4566	77 
4567	64 
4568	73 
4569	82 
4570	27 
4571	66 
4572	65 
4573	5 
4574	47 
4575	16 
4576	96 
4577	66 
4578	101 
4579	42 
4580	40 
4581	18 
4582	6 
4583	18 
4584	10 
4585	27 
4586	37 
4587	32 
4588	78 
4589	24 
4590	54 
4591	67 
4592	54 
4593	66 
4594	47 
4595	7 
4596	51 
4597	66 
4598	27 
4599	36 
4600	31 
4601	14 
4602	87 
4603	66 
4604	69 
4605	54 
4606	20 
4607	1 
4608	31 
4609	7 
4610	100 
4611	13 
4612	100 
4613	90 
4614	37 
4615	54 
4616	94 
4617	62 
4618	42 
4619	67 
4620	37 
4621	84 
4622	62 
4623	10 
4624	36 
4625	67 
4626	92 
4627	6 
4628	88 
4629	31 
4630	82 
4631	32 
4632	42 
4633	13 
4634	63 
4635	27 
4636	97 
4637	92 
4638	62 
4639	51 
4640	90 
4641	20 
4642	43 
4643	99 
4644	61 
4645	31 
4646	77 
4647	58 
4648	5 
4649	43 
4650	24 
4651	9 
4652	67 
4653	5 
4654	1 
4655	87 
4656	47 
4657	75 
4658	24 
4659	66 
4660	94 
4661	70 
4662	20 
4663	92 
4664	67 
4665	18 
4666	63 
4667	49 
4668	57 
4669	96 
4670	49 
4671	19 
4672	43 
4673	62 
4674	92 
4675	87 
4676	27 
4677	58 
4678	1 
4679	42 
4680	66 
4681	54 
4682	66 
4683	63 
4684	43 
4685	30 
4686	100 
4687	92 
4688	30 
4689	90 
4690	17 
4691	56 
4692	31 
4693	92 
4694	47 
4695	42 
4696	16 
4697	84 
4698	31 
4699	66 
4700	58 
4701	17 
4702	92 
4703	58 
4704	80 
4705	77 
4706	70 
4707	87 
4708	63 
4709	92 
4710	22 
4711	62 
4712	20 
4713	54 
4714	9 
4715	22 
4716	10 
4717	5 
4718	77 
4719	66 
4720	16 
4721	40 
4722	20 
4723	78 
4724	67 
4725	88 
4726	96 
4727	97 
4728	18 
4729	70 
4730	99 
4731	6 
4732	49 
4733	90 
4734	57 
4735	58 
4736	63 
4737	40 
4738	99 
4739	77 
4740	67 
4741	36 
4742	37 
4743	99 
4744	66 
4745	92 
4746	30 
4747	36 
4748	77 
4749	96 
4750	73 
4751	30 
4752	73 
4753	6 
4754	54 
4755	57 
4756	31 
4757	29 
4758	20 
4759	5 
4760	2 
4761	67 
4762	36 
4763	36 
4764	70 
4765	90 
4766	31 
4767	67 
4768	77 
4769	67 
4770	27 
4771	97 
4772	66 
4773	97 
4774	16 
4775	16 
4776	92 
4777	9 
4778	36 
4779	78 
4780	84 
4781	24 
4782	66 
4783	27 
4784	18 
4785	20 
4786	92 
4787	90 
4788	66 
4789	1 
4790	49 
4791	82 
4792	16 
4793	32 
4794	13 
4795	63 
4796	67 
4797	65 
4798	18 
4799	2 
4800	13 
4801	73 
4802	47 
4803	16 
4804	10 
4805	54 
4806	36 
4807	5 
4808	17 
4809	54 
4810	49 
4811	67 
4812	5 
4813	29 
4814	67 
4815	67 
4816	6 
4817	56 
4818	17 
4819	20 
4820	2 
4821	90 
4822	90 
4823	20 
4824	62 
4825	29 
4826	92 
4827	1 
4828	54 
4829	5 
4830	13 
4831	24 
4832	1 
4833	22 
4834	32 
4835	77 
4836	10 
4837	82 
4838	29 
4839	70 
4840	22 
4841	99 
4842	90 
4843	27 
4844	16 
4845	82 
4846	70 
4847	18 
4848	16 
4849	54 
4850	56 
4851	70 
4852	18 
4853	62 
4854	32 
4855	57 
4856	63 
4857	47 
4858	30 
4859	99 
4860	2 
4861	73 
4862	17 
4863	90 
4864	73 
4865	9 
4866	1 
4867	31 
4868	43 
4869	78 
4870	66 
4871	27 
4872	22 
4873	36 
4874	18 
4875	54 
4876	63 
4877	66 
4878	27 
4879	20 
4880	22 
4881	77 
4882	96 
4883	20 
4884	13 
4885	43 
4886	78 
4887	31 
4888	18 
4889	99 
4890	9 
4891	22 
4892	63 
4893	6 
4894	32 
4895	29 
4896	27 
4897	63 
4898	100 
4899	70 
4900	96 
4901	31 
4902	67 
4903	20 
4904	1 
4905	54 
4906	13 
4907	2 
4908	56 
4909	2 
4910	97 
4911	77 
4912	67 
4913	31 
4914	62 
4915	70 
4916	99 
4917	92 
4918	31 
4919	16 
4920	6 
4921	56 
4922	43 
4923	6 
4924	70 
4925	5 
4926	5 
4927	22 
4928	27 
4929	56 
4930	78 
4931	24 
4932	16 
4933	20 
4934	43 
4935	77 
4936	70 
4937	67 
4938	20 
4939	16 
4940	66 
4941	70 
4942	62 
4943	31 
4944	67 
4945	13 
4946	77 
4947	43 
4948	16 
4949	77 
4950	56 
4951	97 
4952	70 
4953	32 
4954	31 
4955	73 
4956	2 
4957	67 
4958	54 
4959	82 
4960	29 
4961	92 
4962	70 
4963	16 
4964	2 
4965	77 
4966	67 
4967	57 
4968	10 
4969	2 
4970	57 
4971	5 
4972	56 
4973	73 
4974	100 
4975	97 
4976	22 
4977	97 
4978	13 
4979	29 
4980	24 
4981	9 
4982	24 
4983	62 
4984	9 
4985	73 
4986	20 
4987	67 
4988	24 
4989	13 
4990	56 
4991	24 
4992	82 
4993	63 
4994	63 
4995	31 
4996	18 
4997	9 
4998	13 
4999	43 
5000	24 
