1	71 
2	86 
3	85 
4	72 
5	6 
6	78 
7	76 
8	6 
9	50 
10	70 
11	70 
12	68 
13	60 
14	41 
15	20 
16	5 
17	63 
18	17 
19	63 
20	47 
21	87 
22	86 
23	61 
24	85 
25	15 
26	2 
27	5 
28	34 
29	68 
30	89 
31	55 
32	71 
33	27 
34	4 
35	36 
36	2 
37	40 
38	25 
39	4 
40	52 
41	89 
42	20 
43	51 
44	91 
45	67 
46	21 
47	46 
48	54 
49	26 
50	88 
51	48 
52	6 
53	86 
54	1 
55	63 
56	29 
57	48 
58	85 
59	87 
60	79 
61	59 
62	23 
63	14 
64	10 
65	32 
66	33 
67	40 
68	55 
69	7 
70	77 
71	68 
72	12 
73	3 
74	87 
75	60 
76	40 
77	49 
78	21 
79	1 
80	16 
81	84 
82	2 
83	28 
84	59 
85	19 
86	75 
87	28 
88	79 
89	47 
90	72 
91	8 
92	33 
93	66 
94	11 
95	86 
96	48 
97	85 
98	76 
99	8 
100	80 
101	14 
102	76 
103	55 
104	38 
105	73 
106	49 
107	33 
108	91 
109	70 
110	32 
111	40 
112	35 
113	37 
114	28 
115	52 
116	13 
117	32 
118	40 
119	87 
120	6 
121	9 
122	13 
123	34 
124	3 
125	28 
126	18 
127	85 
128	45 
129	49 
130	91 
131	46 
132	20 
133	86 
134	29 
135	83 
136	70 
137	24 
138	46 
139	89 
140	15 
141	86 
142	89 
143	91 
144	83 
145	68 
146	33 
147	49 
148	4 
149	22 
150	1 
151	46 
152	1 
153	43 
154	89 
155	63 
156	58 
157	63 
158	22 
159	24 
160	81 
161	6 
162	48 
163	7 
164	86 
165	76 
166	4 
167	60 
168	62 
169	15 
170	89 
171	31 
172	7 
173	11 
174	82 
175	12 
176	13 
177	57 
178	1 
179	72 
180	70 
181	85 
182	21 
183	38 
184	3 
185	44 
186	74 
187	28 
188	53 
189	17 
190	21 
191	27 
192	44 
193	76 
194	80 
195	50 
196	5 
197	5 
198	29 
199	21 
200	79 
201	60 
202	62 
203	57 
204	46 
205	25 
206	71 
207	32 
208	75 
209	74 
210	27 
211	92 
212	80 
213	92 
214	61 
215	29 
216	29 
217	52 
218	40 
219	14 
220	34 
221	60 
222	84 
223	7 
224	52 
225	35 
226	2 
227	55 
228	17 
229	51 
230	85 
231	40 
232	91 
233	4 
234	71 
235	65 
236	19 
237	10 
238	89 
239	47 
240	61 
241	1 
242	19 
243	45 
244	46 
245	49 
246	87 
247	53 
248	86 
249	67 
250	33 
251	42 
252	77 
253	65 
254	1 
255	89 
256	84 
257	56 
258	43 
259	76 
260	50 
261	9 
262	64 
263	32 
264	13 
265	40 
266	44 
267	86 
268	52 
269	39 
270	57 
271	13 
272	76 
273	92 
274	85 
275	57 
276	3 
277	53 
278	34 
279	52 
280	91 
281	37 
282	15 
283	2 
284	63 
285	6 
286	71 
287	86 
288	62 
289	38 
290	8 
291	35 
292	48 
293	30 
294	73 
295	8 
296	25 
297	68 
298	85 
299	13 
300	13 
301	60 
302	52 
303	30 
304	82 
305	43 
306	64 
307	65 
308	15 
309	76 
310	62 
311	8 
312	16 
313	70 
314	67 
315	53 
316	15 
317	55 
318	11 
319	13 
320	42 
321	22 
322	18 
323	84 
324	30 
325	45 
326	28 
327	82 
328	51 
329	48 
330	29 
331	26 
332	33 
333	50 
334	89 
335	21 
336	85 
337	18 
338	46 
339	47 
340	38 
341	1 
342	8 
343	10 
344	90 
345	14 
346	27 
347	19 
348	60 
349	1 
350	48 
351	82 
352	25 
353	47 
354	53 
355	34 
356	69 
357	33 
358	89 
359	91 
360	6 
361	14 
362	82 
363	28 
364	86 
365	52 
366	40 
367	91 
368	63 
369	91 
370	82 
371	60 
372	23 
373	27 
374	22 
375	29 
376	70 
377	68 
378	43 
379	59 
380	22 
381	5 
382	53 
383	6 
384	75 
385	62 
386	2 
387	86 
388	28 
389	1 
390	4 
391	15 
392	36 
393	7 
394	33 
395	63 
396	62 
397	33 
398	86 
399	77 
400	58 
401	63 
402	53 
403	12 
404	87 
405	60 
406	51 
407	63 
408	3 
409	51 
410	20 
411	49 
412	16 
413	60 
414	55 
415	30 
416	43 
417	52 
418	52 
419	31 
420	78 
421	85 
422	89 
423	47 
424	25 
425	65 
426	75 
427	21 
428	34 
429	1 
430	20 
431	79 
432	81 
433	5 
434	85 
435	24 
436	33 
437	41 
438	16 
439	4 
440	60 
441	46 
442	77 
443	63 
444	50 
445	66 
446	22 
447	60 
448	35 
449	29 
450	47 
451	41 
452	45 
453	28 
454	91 
455	85 
456	15 
457	25 
458	28 
459	65 
460	75 
461	63 
462	52 
463	28 
464	82 
465	68 
466	42 
467	68 
468	84 
469	24 
470	24 
471	90 
472	89 
473	5 
474	1 
475	89 
476	72 
477	70 
478	35 
479	6 
480	15 
481	55 
482	55 
483	63 
484	19 
485	68 
486	24 
487	62 
488	29 
489	2 
490	60 
491	73 
492	48 
493	13 
494	52 
495	49 
496	53 
497	90 
498	18 
499	26 
500	82 
501	3 
502	31 
503	26 
504	40 
505	69 
506	76 
507	6 
508	89 
509	38 
510	2 
511	38 
512	30 
513	35 
514	52 
515	21 
516	22 
517	28 
518	80 
519	18 
520	49 
521	32 
522	49 
523	29 
524	83 
525	48 
526	3 
527	20 
528	90 
529	74 
530	50 
531	34 
532	31 
533	34 
534	4 
535	33 
536	85 
537	71 
538	1 
539	85 
540	26 
541	28 
542	66 
543	53 
544	76 
545	44 
546	15 
547	10 
548	63 
549	67 
550	53 
551	5 
552	28 
553	10 
554	2 
555	3 
556	37 
557	90 
558	7 
559	26 
560	66 
561	62 
562	49 
563	86 
564	27 
565	38 
566	77 
567	82 
568	91 
569	61 
570	25 
571	28 
572	13 
573	75 
574	90 
575	6 
576	86 
577	68 
578	22 
579	37 
580	45 
581	23 
582	12 
583	81 
584	44 
585	15 
586	20 
587	33 
588	24 
589	70 
590	37 
591	65 
592	33 
593	19 
594	20 
595	20 
596	76 
597	16 
598	85 
599	16 
600	67 
601	45 
602	5 
603	54 
604	80 
605	4 
606	48 
607	17 
608	3 
609	27 
610	30 
611	70 
612	85 
613	2 
614	91 
615	70 
616	86 
617	30 
618	41 
619	86 
620	21 
621	55 
622	6 
623	84 
624	52 
625	62 
626	28 
627	40 
628	55 
629	1 
630	13 
631	32 
632	32 
633	1 
634	90 
635	90 
636	90 
637	77 
638	33 
639	29 
640	32 
641	90 
642	6 
643	29 
644	35 
645	75 
646	14 
647	52 
648	85 
649	57 
650	17 
651	62 
652	47 
653	28 
654	42 
655	89 
656	77 
657	60 
658	48 
659	13 
660	78 
661	81 
662	90 
663	20 
664	26 
665	25 
666	3 
667	1 
668	73 
669	41 
670	89 
671	76 
672	24 
673	76 
674	49 
675	21 
676	82 
677	20 
678	82 
679	62 
680	23 
681	52 
682	32 
683	27 
684	30 
685	40 
686	42 
687	19 
688	35 
689	40 
690	18 
691	51 
692	57 
693	30 
694	68 
695	40 
696	70 
697	89 
698	63 
699	48 
700	91 
701	38 
702	48 
703	30 
704	80 
705	27 
706	23 
707	48 
708	79 
709	22 
710	6 
711	47 
712	5 
713	82 
714	85 
715	69 
716	15 
717	86 
718	65 
719	33 
720	16 
721	82 
722	16 
723	37 
724	60 
725	32 
726	82 
727	9 
728	47 
729	51 
730	52 
731	38 
732	25 
733	36 
734	23 
735	79 
736	68 
737	84 
738	24 
739	2 
740	11 
741	29 
742	35 
743	79 
744	57 
745	61 
746	80 
747	49 
748	84 
749	4 
750	40 
751	41 
752	18 
753	34 
754	68 
755	21 
756	80 
757	65 
758	46 
759	31 
760	25 
761	4 
762	43 
763	24 
764	83 
765	52 
766	6 
767	67 
768	11 
769	38 
770	46 
771	38 
772	43 
773	63 
774	21 
775	71 
776	35 
777	90 
778	13 
779	43 
780	3 
781	20 
782	61 
783	76 
784	54 
785	31 
786	89 
787	82 
788	1 
789	33 
790	5 
791	13 
792	31 
793	15 
794	60 
795	46 
796	88 
797	29 
798	18 
799	47 
800	75 
801	52 
802	81 
803	11 
804	66 
805	50 
806	3 
807	51 
808	62 
809	13 
810	90 
811	70 
812	89 
813	91 
814	70 
815	66 
816	21 
817	24 
818	55 
819	15 
820	1 
821	9 
822	55 
823	12 
824	16 
825	76 
826	5 
827	51 
828	25 
829	70 
830	26 
831	37 
832	47 
833	2 
834	24 
835	28 
836	63 
837	70 
838	63 
839	17 
840	2 
841	51 
842	84 
843	5 
844	9 
845	39 
846	16 
847	5 
848	32 
849	29 
850	16 
851	85 
852	66 
853	57 
854	3 
855	81 
856	86 
857	85 
858	26 
859	37 
860	28 
861	86 
862	55 
863	21 
864	14 
865	91 
866	45 
867	31 
868	89 
869	61 
870	32 
871	5 
872	5 
873	90 
874	2 
875	25 
876	17 
877	69 
878	64 
879	66 
880	59 
881	34 
882	60 
883	36 
884	35 
885	36 
886	32 
887	50 
888	48 
889	57 
890	5 
891	17 
892	5 
893	23 
894	16 
895	88 
896	39 
897	67 
898	40 
899	55 
900	13 
901	32 
902	33 
903	67 
904	34 
905	60 
906	85 
907	20 
908	1 
909	76 
910	88 
911	13 
912	64 
913	40 
914	55 
915	57 
916	80 
917	54 
918	79 
919	24 
920	64 
921	76 
922	89 
923	18 
924	89 
925	48 
926	90 
927	57 
928	47 
929	9 
930	3 
931	76 
932	28 
933	53 
934	55 
935	52 
936	12 
937	23 
938	22 
939	27 
940	36 
941	59 
942	37 
943	14 
944	83 
945	33 
946	62 
947	77 
948	67 
949	75 
950	3 
951	80 
952	88 
953	33 
954	40 
955	1 
956	88 
957	84 
958	61 
959	79 
960	55 
961	37 
962	91 
963	84 
964	68 
965	74 
966	29 
967	53 
968	81 
969	83 
970	5 
971	1 
972	16 
973	49 
974	26 
975	77 
976	52 
977	13 
978	24 
979	21 
980	51 
981	77 
982	25 
983	40 
984	39 
985	3 
986	2 
987	50 
988	33 
989	1 
990	50 
991	50 
992	38 
993	84 
994	25 
995	55 
996	51 
997	90 
998	76 
999	51 
1000	42 
1001	87 
1002	70 
1003	68 
1004	87 
1005	47 
1006	16 
1007	16 
1008	83 
1009	1 
1010	78 
1011	76 
1012	13 
1013	45 
1014	38 
1015	28 
1016	34 
1017	60 
1018	66 
1019	62 
1020	61 
1021	29 
1022	30 
1023	33 
1024	91 
1025	72 
1026	8 
1027	90 
1028	17 
1029	29 
1030	90 
1031	35 
1032	41 
1033	58 
1034	76 
1035	17 
1036	67 
1037	90 
1038	71 
1039	13 
1040	6 
1041	60 
1042	82 
1043	91 
1044	70 
1045	69 
1046	86 
1047	89 
1048	60 
1049	37 
1050	29 
1051	86 
1052	33 
1053	21 
1054	68 
1055	76 
1056	3 
1057	52 
1058	58 
1059	73 
1060	32 
1061	21 
1062	14 
1063	26 
1064	83 
1065	43 
1066	29 
1067	21 
1068	10 
1069	24 
1070	49 
1071	24 
1072	84 
1073	2 
1074	58 
1075	9 
1076	68 
1077	74 
1078	46 
1079	25 
1080	15 
1081	77 
1082	85 
1083	54 
1084	38 
1085	39 
1086	70 
1087	78 
1088	50 
1089	55 
1090	21 
1091	4 
1092	1 
1093	63 
1094	55 
1095	58 
1096	51 
1097	40 
1098	45 
1099	28 
1100	9 
1101	21 
1102	61 
1103	62 
1104	70 
1105	68 
1106	51 
1107	35 
1108	1 
1109	31 
1110	79 
1111	53 
1112	62 
1113	19 
1114	34 
1115	17 
1116	52 
1117	25 
1118	54 
1119	15 
1120	6 
1121	84 
1122	29 
1123	90 
1124	16 
1125	50 
1126	66 
1127	53 
1128	8 
1129	59 
1130	13 
1131	27 
1132	14 
1133	63 
1134	54 
1135	55 
1136	52 
1137	10 
1138	16 
1139	67 
1140	35 
1141	68 
1142	78 
1143	9 
1144	76 
1145	32 
1146	86 
1147	60 
1148	20 
1149	42 
1150	15 
1151	17 
1152	77 
1153	26 
1154	7 
1155	66 
1156	3 
1157	65 
1158	63 
1159	13 
1160	77 
1161	52 
1162	67 
1163	45 
1164	61 
1165	28 
1166	44 
1167	77 
1168	20 
1169	76 
1170	52 
1171	75 
1172	47 
1173	31 
1174	84 
1175	19 
1176	52 
1177	91 
1178	13 
1179	27 
1180	24 
1181	50 
1182	73 
1183	5 
1184	42 
1185	85 
1186	16 
1187	57 
1188	31 
1189	69 
1190	65 
1191	48 
1192	89 
1193	70 
1194	5 
1195	38 
1196	40 
1197	21 
1198	92 
1199	32 
1200	60 
1201	54 
1202	37 
1203	36 
1204	24 
1205	14 
1206	71 
1207	31 
1208	71 
1209	6 
1210	63 
1211	46 
1212	40 
1213	29 
1214	39 
1215	70 
1216	67 
1217	51 
1218	91 
1219	46 
1220	91 
1221	48 
1222	60 
1223	86 
1224	69 
1225	45 
1226	31 
1227	24 
1228	47 
1229	4 
1230	51 
1231	86 
1232	66 
1233	39 
1234	45 
1235	29 
1236	21 
1237	48 
1238	89 
1239	15 
1240	38 
1241	53 
1242	37 
1243	75 
1244	11 
1245	58 
1246	7 
1247	39 
1248	47 
1249	56 
1250	85 
1251	1 
1252	44 
1253	18 
1254	50 
1255	24 
1256	70 
1257	56 
1258	55 
1259	9 
1260	85 
1261	86 
1262	32 
1263	32 
1264	31 
1265	76 
1266	86 
1267	42 
1268	34 
1269	6 
1270	3 
1271	16 
1272	14 
1273	61 
1274	68 
1275	48 
1276	50 
1277	50 
1278	24 
1279	20 
1280	26 
1281	76 
1282	3 
1283	2 
1284	32 
1285	33 
1286	23 
1287	75 
1288	44 
1289	3 
1290	57 
1291	27 
1292	42 
1293	48 
1294	1 
1295	23 
1296	63 
1297	13 
1298	13 
1299	38 
1300	31 
1301	53 
1302	80 
1303	73 
1304	66 
1305	5 
1306	14 
1307	57 
1308	72 
1309	21 
1310	77 
1311	29 
1312	66 
1313	21 
1314	70 
1315	23 
1316	48 
1317	44 
1318	34 
1319	8 
1320	48 
1321	32 
1322	1 
1323	32 
1324	76 
1325	54 
1326	49 
1327	48 
1328	90 
1329	60 
1330	10 
1331	91 
1332	14 
1333	79 
1334	88 
1335	88 
1336	62 
1337	4 
1338	8 
1339	27 
1340	42 
1341	26 
1342	52 
1343	86 
1344	14 
1345	4 
1346	49 
1347	4 
1348	27 
1349	16 
1350	60 
1351	21 
1352	1 
1353	55 
1354	31 
1355	55 
1356	70 
1357	20 
1358	2 
1359	57 
1360	65 
1361	32 
1362	82 
1363	88 
1364	4 
1365	28 
1366	24 
1367	50 
1368	2 
1369	72 
1370	38 
1371	35 
1372	37 
1373	52 
1374	27 
1375	40 
1376	43 
1377	21 
1378	20 
1379	52 
1380	15 
1381	47 
1382	21 
1383	1 
1384	62 
1385	47 
1386	21 
1387	82 
1388	91 
1389	75 
1390	55 
1391	85 
1392	23 
1393	32 
1394	70 
1395	65 
1396	48 
1397	32 
1398	68 
1399	7 
1400	16 
1401	70 
1402	20 
1403	54 
1404	38 
1405	87 
1406	4 
1407	85 
1408	3 
1409	84 
1410	9 
1411	64 
1412	41 
1413	50 
1414	66 
1415	20 
1416	63 
1417	72 
1418	43 
1419	38 
1420	50 
1421	63 
1422	55 
1423	52 
1424	53 
1425	58 
1426	43 
1427	18 
1428	42 
1429	31 
1430	69 
1431	45 
1432	86 
1433	15 
1434	45 
1435	24 
1436	18 
1437	15 
1438	7 
1439	27 
1440	74 
1441	66 
1442	62 
1443	85 
1444	86 
1445	18 
1446	2 
1447	22 
1448	12 
1449	68 
1450	73 
1451	14 
1452	6 
1453	68 
1454	46 
1455	22 
1456	48 
1457	47 
1458	14 
1459	32 
1460	29 
1461	15 
1462	63 
1463	4 
1464	88 
1465	72 
1466	70 
1467	52 
1468	15 
1469	16 
1470	21 
1471	29 
1472	92 
1473	79 
1474	60 
1475	75 
1476	8 
1477	7 
1478	15 
1479	52 
1480	47 
1481	27 
1482	52 
1483	70 
1484	51 
1485	33 
1486	35 
1487	16 
1488	77 
1489	55 
1490	67 
1491	12 
1492	43 
1493	17 
1494	52 
1495	89 
1496	6 
1497	89 
1498	40 
1499	38 
1500	91 
1501	70 
1502	89 
1503	86 
1504	2 
1505	90 
1506	72 
1507	38 
1508	38 
1509	22 
1510	20 
1511	6 
1512	81 
1513	68 
1514	16 
1515	40 
1516	85 
1517	53 
1518	25 
1519	33 
1520	38 
1521	33 
1522	12 
1523	3 
1524	14 
1525	9 
1526	38 
1527	85 
1528	89 
1529	26 
1530	49 
1531	14 
1532	34 
1533	66 
1534	3 
1535	3 
1536	4 
1537	40 
1538	48 
1539	68 
1540	53 
1541	19 
1542	48 
1543	5 
1544	15 
1545	2 
1546	48 
1547	3 
1548	2 
1549	21 
1550	28 
1551	45 
1552	1 
1553	66 
1554	19 
1555	85 
1556	79 
1557	39 
1558	40 
1559	31 
1560	7 
1561	36 
1562	76 
1563	55 
1564	35 
1565	40 
1566	19 
1567	91 
1568	86 
1569	66 
1570	25 
1571	47 
1572	6 
1573	35 
1574	28 
1575	21 
1576	7 
1577	41 
1578	33 
1579	87 
1580	72 
1581	42 
1582	15 
1583	20 
1584	49 
1585	50 
1586	63 
1587	34 
1588	86 
1589	75 
1590	86 
1591	6 
1592	14 
1593	37 
1594	40 
1595	40 
1596	32 
1597	57 
1598	38 
1599	23 
1600	10 
1601	70 
1602	53 
1603	14 
1604	59 
1605	50 
1606	41 
1607	46 
1608	54 
1609	40 
1610	51 
1611	25 
1612	79 
1613	55 
1614	8 
1615	85 
1616	33 
1617	88 
1618	3 
1619	57 
1620	89 
1621	7 
1622	85 
1623	40 
1624	50 
1625	76 
1626	32 
1627	55 
1628	86 
1629	44 
1630	26 
1631	50 
1632	40 
1633	68 
1634	21 
1635	82 
1636	38 
1637	46 
1638	60 
1639	14 
1640	85 
1641	70 
1642	37 
1643	27 
1644	51 
1645	44 
1646	71 
1647	37 
1648	87 
1649	32 
1650	57 
1651	38 
1652	65 
1653	30 
1654	4 
1655	28 
1656	31 
1657	36 
1658	60 
1659	16 
1660	70 
1661	42 
1662	50 
1663	91 
1664	26 
1665	38 
1666	91 
1667	42 
1668	63 
1669	62 
1670	6 
1671	25 
1672	84 
1673	17 
1674	23 
1675	58 
1676	21 
1677	5 
1678	80 
1679	50 
1680	27 
1681	33 
1682	42 
1683	46 
1684	70 
1685	44 
1686	68 
1687	57 
1688	26 
1689	82 
1690	76 
1691	45 
1692	35 
1693	3 
1694	64 
1695	57 
1696	53 
1697	29 
1698	47 
1699	83 
1700	14 
1701	28 
1702	32 
1703	28 
1704	86 
1705	29 
1706	25 
1707	23 
1708	68 
1709	79 
1710	86 
1711	74 
1712	17 
1713	73 
1714	40 
1715	60 
1716	63 
1717	12 
1718	15 
1719	80 
1720	14 
1721	72 
1722	61 
1723	88 
1724	64 
1725	49 
1726	33 
1727	17 
1728	67 
1729	6 
1730	89 
1731	86 
1732	37 
1733	70 
1734	45 
1735	84 
1736	24 
1737	86 
1738	12 
1739	50 
1740	48 
1741	26 
1742	47 
1743	42 
1744	40 
1745	25 
1746	50 
1747	83 
1748	16 
1749	59 
1750	14 
1751	91 
1752	60 
1753	29 
1754	25 
1755	73 
1756	16 
1757	26 
1758	91 
1759	65 
1760	4 
1761	33 
1762	16 
1763	41 
1764	61 
1765	59 
1766	63 
1767	91 
1768	28 
1769	46 
1770	46 
1771	30 
1772	82 
1773	76 
1774	23 
1775	28 
1776	21 
1777	57 
1778	20 
1779	50 
1780	40 
1781	89 
1782	50 
1783	50 
1784	38 
1785	29 
1786	58 
1787	25 
1788	80 
1789	51 
1790	38 
1791	17 
1792	76 
1793	78 
1794	15 
1795	11 
1796	19 
1797	77 
1798	52 
1799	40 
1800	5 
1801	60 
1802	37 
1803	26 
1804	13 
1805	1 
1806	80 
1807	41 
1808	39 
1809	51 
1810	86 
1811	45 
1812	88 
1813	35 
1814	23 
1815	46 
1816	11 
1817	57 
1818	6 
1819	27 
1820	45 
1821	48 
1822	40 
1823	38 
1824	61 
1825	51 
1826	25 
1827	84 
1828	15 
1829	2 
1830	10 
1831	42 
1832	23 
1833	70 
1834	1 
1835	33 
1836	82 
1837	21 
1838	65 
1839	20 
1840	31 
1841	21 
1842	75 
1843	31 
1844	24 
1845	18 
1846	35 
1847	2 
1848	76 
1849	41 
1850	29 
1851	74 
1852	33 
1853	23 
1854	68 
1855	84 
1856	2 
1857	71 
1858	86 
1859	33 
1860	69 
1861	6 
1862	5 
1863	45 
1864	51 
1865	1 
1866	35 
1867	92 
1868	91 
1869	90 
1870	1 
1871	5 
1872	48 
1873	8 
1874	33 
1875	60 
1876	38 
1877	46 
1878	13 
1879	35 
1880	62 
1881	84 
1882	25 
1883	86 
1884	65 
1885	67 
1886	59 
1887	47 
1888	24 
1889	66 
1890	47 
1891	41 
1892	38 
1893	23 
1894	48 
1895	79 
1896	71 
1897	23 
1898	1 
1899	35 
1900	50 
1901	13 
1902	79 
1903	46 
1904	86 
1905	76 
1906	13 
1907	31 
1908	45 
1909	81 
1910	39 
1911	31 
1912	28 
1913	6 
1914	2 
1915	11 
1916	32 
1917	85 
1918	76 
1919	30 
1920	1 
1921	30 
1922	36 
1923	32 
1924	78 
1925	14 
1926	69 
1927	1 
1928	32 
1929	45 
1930	4 
1931	21 
1932	46 
1933	53 
1934	54 
1935	3 
1936	74 
1937	23 
1938	79 
1939	89 
1940	24 
1941	54 
1942	20 
1943	75 
1944	14 
1945	86 
1946	76 
1947	31 
1948	80 
1949	91 
1950	70 
1951	40 
1952	38 
1953	86 
1954	69 
1955	53 
1956	82 
1957	31 
1958	80 
1959	5 
1960	7 
1961	67 
1962	75 
1963	13 
1964	8 
1965	73 
1966	28 
1967	31 
1968	59 
1969	77 
1970	23 
1971	47 
1972	48 
1973	57 
1974	67 
1975	54 
1976	32 
1977	13 
1978	55 
1979	3 
1980	45 
1981	21 
1982	17 
1983	84 
1984	27 
1985	33 
1986	90 
1987	4 
1988	34 
1989	23 
1990	34 
1991	38 
1992	76 
1993	70 
1994	26 
1995	66 
1996	86 
1997	29 
1998	76 
1999	26 
2000	87 
2001	46 
2002	33 
2003	48 
2004	82 
2005	50 
2006	37 
2007	37 
2008	42 
2009	51 
2010	50 
2011	69 
2012	13 
2013	22 
2014	32 
2015	91 
2016	13 
2017	91 
2018	64 
2019	50 
2020	84 
2021	39 
2022	38 
2023	74 
2024	82 
2025	85 
2026	58 
2027	63 
2028	59 
2029	84 
2030	25 
2031	83 
2032	82 
2033	22 
2034	80 
2035	48 
2036	11 
2037	42 
2038	55 
2039	81 
2040	24 
2041	32 
2042	37 
2043	50 
2044	5 
2045	25 
2046	11 
2047	89 
2048	50 
2049	15 
2050	70 
2051	1 
2052	7 
2053	51 
2054	3 
2055	10 
2056	26 
2057	34 
2058	20 
2059	58 
2060	58 
2061	88 
2062	16 
2063	8 
2064	40 
2065	83 
2066	5 
2067	63 
2068	62 
2069	49 
2070	56 
2071	67 
2072	49 
2073	76 
2074	54 
2075	52 
2076	18 
2077	70 
2078	19 
2079	28 
2080	9 
2081	44 
2082	52 
2083	73 
2084	28 
2085	46 
2086	92 
2087	37 
2088	20 
2089	78 
2090	7 
2091	3 
2092	53 
2093	50 
2094	47 
2095	86 
2096	55 
2097	4 
2098	1 
2099	77 
2100	84 
2101	20 
2102	20 
2103	91 
2104	31 
2105	84 
2106	63 
2107	9 
2108	43 
2109	16 
2110	44 
2111	55 
2112	52 
2113	65 
2114	13 
2115	76 
2116	66 
2117	71 
2118	12 
2119	34 
2120	83 
2121	40 
2122	68 
2123	53 
2124	36 
2125	65 
2126	14 
2127	63 
2128	84 
2129	38 
2130	76 
2131	89 
2132	14 
2133	90 
2134	37 
2135	4 
2136	21 
2137	2 
2138	57 
2139	82 
2140	46 
2141	60 
2142	70 
2143	60 
2144	40 
2145	27 
2146	10 
2147	25 
2148	82 
2149	80 
2150	76 
2151	5 
2152	69 
2153	85 
2154	50 
2155	51 
2156	60 
2157	84 
2158	13 
2159	85 
2160	69 
2161	5 
2162	29 
2163	4 
2164	85 
2165	35 
2166	84 
2167	64 
2168	88 
2169	70 
2170	76 
2171	20 
2172	73 
2173	34 
2174	50 
2175	18 
2176	65 
2177	26 
2178	55 
2179	25 
2180	88 
2181	45 
2182	1 
2183	17 
2184	51 
2185	55 
2186	3 
2187	46 
2188	53 
2189	3 
2190	27 
2191	50 
2192	62 
2193	66 
2194	85 
2195	90 
2196	60 
2197	15 
2198	67 
2199	60 
2200	59 
2201	32 
2202	15 
2203	3 
2204	19 
2205	16 
2206	52 
2207	78 
2208	79 
2209	1 
2210	36 
2211	29 
2212	52 
2213	46 
2214	45 
2215	22 
2216	3 
2217	29 
2218	8 
2219	86 
2220	63 
2221	65 
2222	76 
2223	61 
2224	21 
2225	85 
2226	2 
2227	89 
2228	88 
2229	21 
2230	5 
2231	55 
2232	37 
2233	24 
2234	82 
2235	47 
2236	91 
2237	3 
2238	47 
2239	34 
2240	80 
2241	40 
2242	70 
2243	67 
2244	89 
2245	90 
2246	32 
2247	23 
2248	53 
2249	60 
2250	56 
2251	29 
2252	70 
2253	79 
2254	48 
2255	35 
2256	52 
2257	2 
2258	3 
2259	38 
2260	40 
2261	4 
2262	83 
2263	42 
2264	62 
2265	24 
2266	60 
2267	89 
2268	50 
2269	13 
2270	84 
2271	62 
2272	25 
2273	34 
2274	50 
2275	56 
2276	5 
2277	49 
2278	28 
2279	55 
2280	91 
2281	34 
2282	71 
2283	26 
2284	65 
2285	33 
2286	15 
2287	11 
2288	1 
2289	72 
2290	25 
2291	2 
2292	41 
2293	90 
2294	27 
2295	40 
2296	51 
2297	85 
2298	80 
2299	45 
2300	86 
2301	8 
2302	38 
2303	34 
2304	28 
2305	16 
2306	20 
2307	90 
2308	52 
2309	32 
2310	49 
2311	11 
2312	76 
2313	21 
2314	1 
2315	42 
2316	91 
2317	6 
2318	21 
2319	21 
2320	76 
2321	67 
2322	51 
2323	14 
2324	68 
2325	70 
2326	1 
2327	75 
2328	10 
2329	22 
2330	38 
2331	84 
2332	42 
2333	25 
2334	38 
2335	43 
2336	60 
2337	51 
2338	54 
2339	81 
2340	41 
2341	85 
2342	16 
2343	32 
2344	24 
2345	50 
2346	16 
2347	23 
2348	66 
2349	6 
2350	65 
2351	79 
2352	37 
2353	86 
2354	28 
2355	21 
2356	63 
2357	18 
2358	21 
2359	33 
2360	91 
2361	52 
2362	13 
2363	70 
2364	86 
2365	10 
2366	90 
2367	16 
2368	82 
2369	80 
2370	74 
2371	70 
2372	6 
2373	63 
2374	1 
2375	42 
2376	68 
2377	75 
2378	16 
2379	68 
2380	63 
2381	55 
2382	1 
2383	62 
2384	39 
2385	20 
2386	33 
2387	87 
2388	90 
2389	23 
2390	16 
2391	68 
2392	14 
2393	41 
2394	55 
2395	14 
2396	24 
2397	15 
2398	59 
2399	47 
2400	30 
2401	4 
2402	76 
2403	13 
2404	89 
2405	60 
2406	68 
2407	76 
2408	40 
2409	62 
2410	89 
2411	86 
2412	23 
2413	90 
2414	55 
2415	39 
2416	33 
2417	80 
2418	55 
2419	47 
2420	84 
2421	28 
2422	21 
2423	54 
2424	21 
2425	68 
2426	6 
2427	16 
2428	89 
2429	2 
2430	3 
2431	26 
2432	89 
2433	75 
2434	56 
2435	26 
2436	32 
2437	6 
2438	86 
2439	91 
2440	2 
2441	67 
2442	85 
2443	76 
2444	6 
2445	27 
2446	10 
2447	59 
2448	16 
2449	79 
2450	52 
2451	2 
2452	62 
2453	33 
2454	68 
2455	16 
2456	68 
2457	47 
2458	42 
2459	16 
2460	71 
2461	37 
2462	70 
2463	77 
2464	2 
2465	52 
2466	88 
2467	83 
2468	33 
2469	25 
2470	36 
2471	91 
2472	68 
2473	84 
2474	33 
2475	32 
2476	20 
2477	71 
2478	32 
2479	18 
2480	57 
2481	9 
2482	61 
2483	5 
2484	78 
2485	73 
2486	11 
2487	90 
2488	37 
2489	55 
2490	68 
2491	62 
2492	77 
2493	50 
2494	6 
2495	30 
2496	32 
2497	25 
2498	46 
2499	48 
2500	36 
2501	70 
2502	26 
2503	53 
2504	77 
2505	57 
2506	76 
2507	10 
2508	15 
2509	84 
2510	70 
2511	22 
2512	32 
2513	89 
2514	6 
2515	90 
2516	60 
2517	90 
2518	5 
2519	5 
2520	17 
2521	28 
2522	89 
2523	70 
2524	55 
2525	65 
2526	85 
2527	75 
2528	88 
2529	34 
2530	53 
2531	4 
2532	71 
2533	32 
2534	3 
2535	13 
2536	15 
2537	15 
2538	11 
2539	5 
2540	19 
2541	57 
2542	67 
2543	75 
2544	1 
2545	71 
2546	5 
2547	1 
2548	51 
2549	13 
2550	40 
2551	2 
2552	34 
2553	90 
2554	5 
2555	68 
2556	80 
2557	11 
2558	81 
2559	31 
2560	39 
2561	42 
2562	33 
2563	1 
2564	80 
2565	80 
2566	87 
2567	82 
2568	68 
2569	51 
2570	77 
2571	33 
2572	57 
2573	50 
2574	53 
2575	90 
2576	35 
2577	86 
2578	1 
2579	17 
2580	29 
2581	6 
2582	8 
2583	90 
2584	55 
2585	57 
2586	88 
2587	13 
2588	4 
2589	49 
2590	42 
2591	6 
2592	63 
2593	10 
2594	60 
2595	8 
2596	15 
2597	82 
2598	60 
2599	11 
2600	48 
2601	34 
2602	14 
2603	57 
2604	6 
2605	34 
2606	79 
2607	6 
2608	43 
2609	67 
2610	76 
2611	19 
2612	32 
2613	70 
2614	77 
2615	68 
2616	55 
2617	14 
2618	90 
2619	24 
2620	3 
2621	31 
2622	77 
2623	1 
2624	51 
2625	16 
2626	51 
2627	66 
2628	29 
2629	86 
2630	48 
2631	62 
2632	30 
2633	25 
2634	82 
2635	32 
2636	33 
2637	90 
2638	90 
2639	18 
2640	61 
2641	70 
2642	32 
2643	25 
2644	52 
2645	81 
2646	55 
2647	73 
2648	59 
2649	9 
2650	15 
2651	26 
2652	76 
2653	86 
2654	3 
2655	55 
2656	49 
2657	5 
2658	60 
2659	90 
2660	80 
2661	16 
2662	31 
2663	51 
2664	60 
2665	38 
2666	66 
2667	40 
2668	76 
2669	21 
2670	65 
2671	72 
2672	89 
2673	24 
2674	11 
2675	62 
2676	77 
2677	84 
2678	49 
2679	91 
2680	46 
2681	25 
2682	4 
2683	6 
2684	27 
2685	20 
2686	91 
2687	78 
2688	73 
2689	45 
2690	20 
2691	71 
2692	6 
2693	46 
2694	16 
2695	67 
2696	32 
2697	48 
2698	5 
2699	85 
2700	63 
2701	50 
2702	79 
2703	6 
2704	57 
2705	5 
2706	1 
2707	51 
2708	76 
2709	48 
2710	90 
2711	80 
2712	1 
2713	37 
2714	81 
2715	32 
2716	79 
2717	7 
2718	62 
2719	51 
2720	40 
2721	80 
2722	6 
2723	21 
2724	90 
2725	35 
2726	28 
2727	8 
2728	32 
2729	55 
2730	76 
2731	36 
2732	42 
2733	92 
2734	15 
2735	46 
2736	86 
2737	80 
2738	26 
2739	60 
2740	72 
2741	18 
2742	45 
2743	68 
2744	54 
2745	68 
2746	6 
2747	58 
2748	71 
2749	2 
2750	51 
2751	2 
2752	53 
2753	36 
2754	2 
2755	41 
2756	73 
2757	16 
2758	19 
2759	31 
2760	90 
2761	28 
2762	42 
2763	90 
2764	51 
2765	6 
2766	6 
2767	64 
2768	44 
2769	88 
2770	65 
2771	87 
2772	5 
2773	65 
2774	92 
2775	15 
2776	91 
2777	20 
2778	28 
2779	73 
2780	91 
2781	35 
2782	70 
2783	88 
2784	44 
2785	13 
2786	25 
2787	61 
2788	61 
2789	4 
2790	85 
2791	13 
2792	20 
2793	28 
2794	68 
2795	40 
2796	84 
2797	70 
2798	75 
2799	87 
2800	60 
2801	40 
2802	13 
2803	13 
2804	87 
2805	44 
2806	72 
2807	8 
2808	8 
2809	34 
2810	82 
2811	36 
2812	42 
2813	15 
2814	90 
2815	1 
2816	91 
2817	63 
2818	21 
2819	67 
2820	80 
2821	55 
2822	14 
2823	9 
2824	70 
2825	1 
2826	52 
2827	14 
2828	51 
2829	41 
2830	11 
2831	16 
2832	55 
2833	72 
2834	24 
2835	38 
2836	72 
2837	25 
2838	63 
2839	55 
2840	20 
2841	22 
2842	45 
2843	70 
2844	20 
2845	63 
2846	62 
2847	42 
2848	28 
2849	3 
2850	48 
2851	30 
2852	68 
2853	85 
2854	20 
2855	86 
2856	23 
2857	29 
2858	13 
2859	21 
2860	56 
2861	91 
2862	70 
2863	51 
2864	30 
2865	60 
2866	54 
2867	31 
2868	51 
2869	8 
2870	60 
2871	52 
2872	15 
2873	20 
2874	67 
2875	6 
2876	38 
2877	63 
2878	50 
2879	81 
2880	35 
2881	46 
2882	37 
2883	89 
2884	1 
2885	76 
2886	6 
2887	52 
2888	11 
2889	15 
2890	48 
2891	20 
2892	13 
2893	11 
2894	63 
2895	33 
2896	8 
2897	63 
2898	50 
2899	45 
2900	25 
2901	49 
2902	10 
2903	63 
2904	45 
2905	74 
2906	54 
2907	51 
2908	28 
2909	62 
2910	53 
2911	53 
2912	76 
2913	68 
2914	40 
2915	48 
2916	45 
2917	50 
2918	29 
2919	64 
2920	31 
2921	50 
2922	44 
2923	90 
2924	33 
2925	36 
2926	70 
2927	55 
2928	50 
2929	21 
2930	69 
2931	63 
2932	13 
2933	70 
2934	25 
2935	12 
2936	38 
2937	79 
2938	50 
2939	51 
2940	13 
2941	68 
2942	52 
2943	4 
2944	67 
2945	40 
2946	73 
2947	55 
2948	37 
2949	14 
2950	49 
2951	19 
2952	19 
2953	74 
2954	85 
2955	26 
2956	20 
2957	48 
2958	40 
2959	20 
2960	23 
2961	30 
2962	53 
2963	50 
2964	19 
2965	21 
2966	26 
2967	78 
2968	15 
2969	29 
2970	23 
2971	35 
2972	14 
2973	48 
2974	40 
2975	82 
2976	80 
2977	47 
2978	13 
2979	18 
2980	77 
2981	77 
2982	68 
2983	84 
2984	80 
2985	46 
2986	9 
2987	32 
2988	21 
2989	27 
2990	63 
2991	80 
2992	37 
2993	73 
2994	20 
2995	39 
2996	51 
2997	75 
2998	90 
2999	67 
3000	31 
3001	28 
3002	51 
3003	48 
3004	91 
3005	60 
3006	60 
3007	52 
3008	27 
3009	35 
3010	21 
3011	37 
3012	14 
3013	60 
3014	70 
3015	13 
3016	44 
3017	50 
3018	42 
3019	33 
3020	74 
3021	58 
3022	91 
3023	55 
3024	60 
3025	47 
3026	72 
3027	2 
3028	50 
3029	40 
3030	85 
3031	75 
3032	54 
3033	56 
3034	80 
3035	91 
3036	47 
3037	13 
3038	60 
3039	71 
3040	71 
3041	76 
3042	32 
3043	26 
3044	50 
3045	26 
3046	24 
3047	89 
3048	71 
3049	33 
3050	33 
3051	80 
3052	13 
3053	31 
3054	50 
3055	34 
3056	63 
3057	80 
3058	64 
3059	35 
3060	42 
3061	79 
3062	66 
3063	86 
3064	16 
3065	55 
3066	89 
3067	34 
3068	65 
3069	9 
3070	14 
3071	69 
3072	21 
3073	21 
3074	46 
3075	65 
3076	77 
3077	19 
3078	66 
3079	76 
3080	53 
3081	9 
3082	78 
3083	70 
3084	79 
3085	35 
3086	55 
3087	73 
3088	39 
3089	70 
3090	2 
3091	66 
3092	91 
3093	65 
3094	12 
3095	60 
3096	16 
3097	48 
3098	65 
3099	49 
3100	51 
3101	80 
3102	1 
3103	66 
3104	22 
3105	65 
3106	81 
3107	31 
3108	86 
3109	1 
3110	32 
3111	22 
3112	32 
3113	43 
3114	5 
3115	72 
3116	83 
3117	69 
3118	44 
3119	78 
3120	36 
3121	40 
3122	13 
3123	79 
3124	76 
3125	15 
3126	45 
3127	17 
3128	72 
3129	83 
3130	46 
3131	82 
3132	91 
3133	80 
3134	68 
3135	46 
3136	33 
3137	50 
3138	57 
3139	56 
3140	33 
3141	4 
3142	49 
3143	22 
3144	76 
3145	55 
3146	3 
3147	70 
3148	51 
3149	58 
3150	51 
3151	82 
3152	16 
3153	42 
3154	48 
3155	29 
3156	71 
3157	90 
3158	37 
3159	21 
3160	2 
3161	50 
3162	88 
3163	13 
3164	70 
3165	33 
3166	47 
3167	80 
3168	91 
3169	30 
3170	53 
3171	86 
3172	69 
3173	69 
3174	9 
3175	63 
3176	5 
3177	36 
3178	49 
3179	73 
3180	3 
3181	87 
3182	1 
3183	23 
3184	50 
3185	31 
3186	85 
3187	91 
3188	20 
3189	53 
3190	33 
3191	69 
3192	25 
3193	15 
3194	47 
3195	48 
3196	65 
3197	53 
3198	72 
3199	26 
3200	3 
3201	88 
3202	91 
3203	31 
3204	50 
3205	2 
3206	24 
3207	46 
3208	63 
3209	62 
3210	5 
3211	90 
3212	51 
3213	21 
3214	66 
3215	71 
3216	54 
3217	51 
3218	74 
3219	38 
3220	55 
3221	13 
3222	13 
3223	51 
3224	42 
3225	63 
3226	70 
3227	20 
3228	1 
3229	41 
3230	25 
3231	82 
3232	20 
3233	51 
3234	86 
3235	60 
3236	22 
3237	15 
3238	85 
3239	86 
3240	63 
3241	6 
3242	42 
3243	66 
3244	89 
3245	32 
3246	87 
3247	76 
3248	55 
3249	20 
3250	89 
3251	66 
3252	51 
3253	29 
3254	50 
3255	76 
3256	35 
3257	13 
3258	64 
3259	2 
3260	42 
3261	65 
3262	51 
3263	55 
3264	46 
3265	54 
3266	68 
3267	61 
3268	89 
3269	63 
3270	61 
3271	51 
3272	11 
3273	23 
3274	48 
3275	66 
3276	61 
3277	79 
3278	33 
3279	13 
3280	90 
3281	60 
3282	3 
3283	21 
3284	92 
3285	3 
3286	50 
3287	45 
3288	26 
3289	20 
3290	8 
3291	18 
3292	63 
3293	38 
3294	9 
3295	84 
3296	71 
3297	26 
3298	14 
3299	33 
3300	24 
3301	91 
3302	37 
3303	45 
3304	18 
3305	2 
3306	91 
3307	91 
3308	32 
3309	88 
3310	42 
3311	74 
3312	54 
3313	23 
3314	40 
3315	87 
3316	90 
3317	76 
3318	22 
3319	8 
3320	63 
3321	86 
3322	34 
3323	26 
3324	64 
3325	25 
3326	56 
3327	85 
3328	31 
3329	77 
3330	6 
3331	80 
3332	56 
3333	48 
3334	64 
3335	56 
3336	91 
3337	84 
3338	18 
3339	49 
3340	41 
3341	67 
3342	41 
3343	16 
3344	80 
3345	28 
3346	53 
3347	76 
3348	13 
3349	13 
3350	46 
3351	24 
3352	79 
3353	12 
3354	15 
3355	78 
3356	36 
3357	33 
3358	87 
3359	68 
3360	27 
3361	72 
3362	16 
3363	46 
3364	68 
3365	14 
3366	66 
3367	28 
3368	69 
3369	21 
3370	13 
3371	24 
3372	5 
3373	72 
3374	51 
3375	70 
3376	18 
3377	38 
3378	3 
3379	69 
3380	55 
3381	85 
3382	13 
3383	32 
3384	51 
3385	50 
3386	48 
3387	85 
3388	14 
3389	1 
3390	13 
3391	79 
3392	66 
3393	15 
3394	92 
3395	91 
3396	60 
3397	77 
3398	13 
3399	51 
3400	79 
3401	51 
3402	83 
3403	48 
3404	31 
3405	52 
3406	35 
3407	1 
3408	27 
3409	92 
3410	4 
3411	2 
3412	88 
3413	31 
3414	29 
3415	32 
3416	39 
3417	47 
3418	91 
3419	3 
3420	87 
3421	49 
3422	48 
3423	32 
3424	33 
3425	21 
3426	90 
3427	85 
3428	44 
3429	80 
3430	67 
3431	84 
3432	68 
3433	91 
3434	16 
3435	35 
3436	85 
3437	4 
3438	21 
3439	4 
3440	17 
3441	52 
3442	71 
3443	79 
3444	87 
3445	7 
3446	89 
3447	38 
3448	85 
3449	80 
3450	92 
3451	52 
3452	27 
3453	71 
3454	32 
3455	38 
3456	52 
3457	3 
3458	70 
3459	13 
3460	67 
3461	91 
3462	5 
3463	60 
3464	76 
3465	53 
3466	54 
3467	89 
3468	38 
3469	5 
3470	6 
3471	69 
3472	35 
3473	21 
3474	7 
3475	55 
3476	1 
3477	51 
3478	91 
3479	68 
3480	85 
3481	36 
3482	74 
3483	38 
3484	6 
3485	51 
3486	5 
3487	38 
3488	59 
3489	82 
3490	86 
3491	70 
3492	53 
3493	21 
3494	61 
3495	76 
3496	27 
3497	58 
3498	68 
3499	86 
3500	25 
3501	50 
3502	16 
3503	86 
3504	36 
3505	38 
3506	45 
3507	14 
3508	16 
3509	4 
3510	60 
3511	31 
3512	90 
3513	50 
3514	89 
3515	23 
3516	50 
3517	3 
3518	63 
3519	6 
3520	91 
3521	76 
3522	86 
3523	33 
3524	12 
3525	9 
3526	80 
3527	20 
3528	86 
3529	38 
3530	33 
3531	55 
3532	51 
3533	60 
3534	25 
3535	73 
3536	38 
3537	90 
3538	28 
3539	1 
3540	27 
3541	26 
3542	57 
3543	13 
3544	51 
3545	21 
3546	23 
3547	32 
3548	89 
3549	2 
3550	81 
3551	7 
3552	26 
3553	66 
3554	20 
3555	1 
3556	52 
3557	76 
3558	55 
3559	56 
3560	89 
3561	59 
3562	76 
3563	21 
3564	60 
3565	16 
3566	28 
3567	31 
3568	67 
3569	1 
3570	51 
3571	23 
3572	21 
3573	3 
3574	11 
3575	3 
3576	28 
3577	69 
3578	21 
3579	65 
3580	84 
3581	70 
3582	52 
3583	29 
3584	31 
3585	49 
3586	27 
3587	26 
3588	15 
3589	92 
3590	21 
3591	90 
3592	77 
3593	13 
3594	41 
3595	44 
3596	41 
3597	56 
3598	66 
3599	39 
3600	1 
3601	63 
3602	74 
3603	21 
3604	19 
3605	86 
3606	71 
3607	22 
3608	69 
3609	51 
3610	90 
3611	90 
3612	5 
3613	53 
3614	33 
3615	5 
3616	12 
3617	51 
3618	29 
3619	27 
3620	33 
3621	76 
3622	4 
3623	16 
3624	70 
3625	84 
3626	20 
3627	20 
3628	23 
3629	27 
3630	51 
3631	48 
3632	50 
3633	42 
3634	51 
3635	28 
3636	31 
3637	81 
3638	92 
3639	6 
3640	58 
3641	91 
3642	10 
3643	42 
3644	49 
3645	35 
3646	10 
3647	78 
3648	50 
3649	8 
3650	16 
3651	62 
3652	83 
3653	64 
3654	16 
3655	89 
3656	6 
3657	77 
3658	41 
3659	3 
3660	13 
3661	52 
3662	61 
3663	39 
3664	43 
3665	50 
3666	52 
3667	46 
3668	65 
3669	51 
3670	64 
3671	3 
3672	23 
3673	78 
3674	60 
3675	37 
3676	66 
3677	8 
3678	89 
3679	12 
3680	48 
3681	71 
3682	69 
3683	53 
3684	33 
3685	63 
3686	20 
3687	86 
3688	47 
3689	48 
3690	90 
3691	91 
3692	92 
3693	15 
3694	50 
3695	12 
3696	49 
3697	68 
3698	89 
3699	15 
3700	26 
3701	80 
3702	61 
3703	29 
3704	66 
3705	81 
3706	15 
3707	12 
3708	78 
3709	4 
3710	74 
3711	90 
3712	57 
3713	63 
3714	13 
3715	5 
3716	89 
3717	43 
3718	33 
3719	35 
3720	42 
3721	32 
3722	46 
3723	27 
3724	62 
3725	63 
3726	53 
3727	63 
3728	62 
3729	77 
3730	76 
3731	66 
3732	32 
3733	48 
3734	65 
3735	16 
3736	22 
3737	86 
3738	7 
3739	76 
3740	1 
3741	33 
3742	86 
3743	84 
3744	13 
3745	5 
3746	48 
3747	60 
3748	56 
3749	27 
3750	85 
3751	89 
3752	48 
3753	57 
3754	21 
3755	68 
3756	68 
3757	74 
3758	18 
3759	8 
3760	47 
3761	86 
3762	80 
3763	82 
3764	46 
3765	91 
3766	24 
3767	89 
3768	40 
3769	3 
3770	50 
3771	77 
3772	12 
3773	80 
3774	50 
3775	23 
3776	75 
3777	11 
3778	50 
3779	89 
3780	13 
3781	13 
3782	69 
3783	82 
3784	6 
3785	60 
3786	18 
3787	89 
3788	77 
3789	31 
3790	54 
3791	16 
3792	34 
3793	42 
3794	40 
3795	90 
3796	16 
3797	85 
3798	31 
3799	63 
3800	70 
3801	30 
3802	32 
3803	46 
3804	84 
3805	80 
3806	52 
3807	52 
3808	27 
3809	87 
3810	15 
3811	26 
3812	5 
3813	68 
3814	22 
3815	11 
3816	21 
3817	5 
3818	4 
3819	85 
3820	80 
3821	1 
3822	6 
3823	13 
3824	4 
3825	1 
3826	75 
3827	77 
3828	6 
3829	33 
3830	68 
3831	47 
3832	29 
3833	13 
3834	9 
3835	85 
3836	78 
3837	6 
3838	22 
3839	75 
3840	40 
3841	19 
3842	50 
3843	65 
3844	70 
3845	20 
3846	5 
3847	15 
3848	6 
3849	27 
3850	60 
3851	89 
3852	31 
3853	79 
3854	64 
3855	51 
3856	11 
3857	52 
3858	52 
3859	23 
3860	62 
3861	64 
3862	64 
3863	21 
3864	38 
3865	28 
3866	61 
3867	75 
3868	62 
3869	14 
3870	66 
3871	68 
3872	86 
3873	80 
3874	63 
3875	89 
3876	42 
3877	14 
3878	91 
3879	80 
3880	58 
3881	56 
3882	24 
3883	55 
3884	86 
3885	63 
3886	89 
3887	48 
3888	35 
3889	45 
3890	26 
3891	18 
3892	69 
3893	45 
3894	90 
3895	5 
3896	29 
3897	15 
3898	77 
3899	37 
3900	4 
3901	26 
3902	40 
3903	49 
3904	15 
3905	57 
3906	66 
3907	51 
3908	51 
3909	5 
3910	34 
3911	7 
3912	57 
3913	4 
3914	15 
3915	26 
3916	36 
3917	43 
3918	25 
3919	21 
3920	63 
3921	15 
3922	3 
3923	42 
3924	79 
3925	92 
3926	34 
3927	60 
3928	22 
3929	62 
3930	77 
3931	15 
3932	45 
3933	6 
3934	50 
3935	5 
3936	86 
3937	43 
3938	3 
3939	34 
3940	61 
3941	87 
3942	72 
3943	89 
3944	15 
3945	59 
3946	60 
3947	31 
3948	84 
3949	42 
3950	13 
3951	27 
3952	51 
3953	4 
3954	36 
3955	54 
3956	31 
3957	69 
3958	19 
3959	70 
3960	44 
3961	66 
3962	4 
3963	13 
3964	71 
3965	92 
3966	18 
3967	51 
3968	69 
3969	5 
3970	21 
3971	24 
3972	25 
3973	23 
3974	33 
3975	68 
3976	14 
3977	21 
3978	92 
3979	23 
3980	3 
3981	67 
3982	67 
3983	33 
3984	1 
3985	46 
3986	91 
3987	25 
3988	56 
3989	6 
3990	19 
3991	66 
3992	18 
3993	41 
3994	80 
3995	79 
3996	65 
3997	27 
3998	78 
3999	81 
4000	60 
4001	49 
4002	38 
4003	34 
4004	10 
4005	90 
4006	59 
4007	13 
4008	79 
4009	79 
4010	86 
4011	25 
4012	66 
4013	26 
4014	32 
4015	72 
4016	72 
4017	60 
4018	33 
4019	90 
4020	5 
4021	6 
4022	73 
4023	61 
4024	77 
4025	50 
4026	26 
4027	63 
4028	76 
4029	1 
4030	92 
4031	82 
4032	56 
4033	70 
4034	88 
4035	51 
4036	81 
4037	44 
4038	12 
4039	55 
4040	31 
4041	80 
4042	1 
4043	24 
4044	76 
4045	59 
4046	82 
4047	5 
4048	89 
4049	21 
4050	89 
4051	53 
4052	31 
4053	5 
4054	89 
4055	77 
4056	26 
4057	43 
4058	46 
4059	60 
4060	58 
4061	72 
4062	67 
4063	3 
4064	66 
4065	31 
4066	90 
4067	13 
4068	21 
4069	40 
4070	33 
4071	25 
4072	9 
4073	52 
4074	82 
4075	33 
4076	50 
4077	79 
4078	38 
4079	2 
4080	5 
4081	57 
4082	28 
4083	10 
4084	62 
4085	86 
4086	30 
4087	80 
4088	3 
4089	14 
4090	4 
4091	58 
4092	22 
4093	4 
4094	38 
4095	91 
4096	82 
4097	25 
4098	6 
4099	29 
4100	70 
4101	85 
4102	91 
4103	71 
4104	82 
4105	6 
4106	89 
4107	91 
4108	47 
4109	63 
4110	76 
4111	85 
4112	56 
4113	39 
4114	62 
4115	73 
4116	82 
4117	20 
4118	15 
4119	23 
4120	29 
4121	49 
4122	2 
4123	55 
4124	6 
4125	60 
4126	71 
4127	37 
4128	84 
4129	48 
4130	20 
4131	72 
4132	13 
4133	48 
4134	33 
4135	72 
4136	60 
4137	22 
4138	61 
4139	68 
4140	90 
4141	17 
4142	13 
4143	9 
4144	60 
4145	90 
4146	10 
4147	90 
4148	21 
4149	64 
4150	21 
4151	32 
4152	1 
4153	68 
4154	86 
4155	38 
4156	55 
4157	79 
4158	45 
4159	34 
4160	83 
4161	53 
4162	3 
4163	4 
4164	23 
4165	33 
4166	30 
4167	20 
4168	6 
4169	47 
4170	27 
4171	39 
4172	91 
4173	69 
4174	54 
4175	48 
4176	29 
4177	86 
4178	8 
4179	58 
4180	89 
4181	46 
4182	13 
4183	28 
4184	74 
4185	42 
4186	3 
4187	6 
4188	13 
4189	29 
4190	40 
4191	6 
4192	65 
4193	50 
4194	60 
4195	15 
4196	21 
4197	24 
4198	46 
4199	63 
4200	28 
4201	67 
4202	68 
4203	19 
4204	52 
4205	54 
4206	75 
4207	17 
4208	3 
4209	53 
4210	26 
4211	6 
4212	4 
4213	73 
4214	76 
4215	63 
4216	72 
4217	77 
4218	38 
4219	82 
4220	30 
4221	89 
4222	52 
4223	88 
4224	44 
4225	22 
4226	24 
4227	20 
4228	50 
4229	65 
4230	80 
4231	91 
4232	76 
4233	6 
4234	8 
4235	35 
4236	73 
4237	60 
4238	53 
4239	45 
4240	80 
4241	73 
4242	60 
4243	76 
4244	15 
4245	53 
4246	46 
4247	24 
4248	44 
4249	80 
4250	78 
4251	47 
4252	26 
4253	36 
4254	38 
4255	60 
4256	51 
4257	62 
4258	5 
4259	59 
4260	4 
4261	29 
4262	45 
4263	3 
4264	31 
4265	28 
4266	55 
4267	23 
4268	2 
4269	62 
4270	91 
4271	40 
4272	28 
4273	22 
4274	22 
4275	71 
4276	81 
4277	83 
4278	58 
4279	84 
4280	28 
4281	16 
4282	81 
4283	55 
4284	14 
4285	33 
4286	46 
4287	57 
4288	10 
4289	77 
4290	29 
4291	89 
4292	23 
4293	21 
4294	43 
4295	83 
4296	78 
4297	27 
4298	63 
4299	25 
4300	90 
4301	15 
4302	51 
4303	65 
4304	91 
4305	57 
4306	47 
4307	70 
4308	70 
4309	26 
4310	5 
4311	14 
4312	3 
4313	20 
4314	25 
4315	30 
4316	4 
4317	31 
4318	23 
4319	90 
4320	63 
4321	20 
4322	24 
4323	51 
4324	62 
4325	9 
4326	67 
4327	40 
4328	36 
4329	40 
4330	27 
4331	86 
4332	59 
4333	55 
4334	1 
4335	3 
4336	55 
4337	32 
4338	80 
4339	21 
4340	2 
4341	81 
4342	66 
4343	69 
4344	26 
4345	81 
4346	68 
4347	23 
4348	52 
4349	33 
4350	3 
4351	15 
4352	4 
4353	66 
4354	68 
4355	40 
4356	75 
4357	8 
4358	60 
4359	65 
4360	24 
4361	23 
4362	49 
4363	37 
4364	59 
4365	33 
4366	46 
4367	16 
4368	38 
4369	31 
4370	21 
4371	15 
4372	59 
4373	28 
4374	71 
4375	63 
4376	7 
4377	36 
4378	70 
4379	24 
4380	55 
4381	65 
4382	25 
4383	19 
4384	42 
4385	90 
4386	28 
4387	34 
4388	31 
4389	45 
4390	49 
4391	23 
4392	5 
4393	84 
4394	86 
4395	48 
4396	91 
4397	18 
4398	58 
4399	65 
4400	3 
4401	13 
4402	52 
4403	47 
4404	65 
4405	71 
4406	86 
4407	61 
4408	89 
4409	66 
4410	72 
4411	63 
4412	27 
4413	28 
4414	70 
4415	14 
4416	28 
4417	1 
4418	21 
4419	50 
4420	85 
4421	16 
4422	36 
4423	58 
4424	28 
4425	46 
4426	70 
4427	63 
4428	33 
4429	29 
4430	63 
4431	51 
4432	61 
4433	5 
4434	47 
4435	60 
4436	13 
4437	76 
4438	50 
4439	63 
4440	9 
4441	86 
4442	50 
4443	61 
4444	6 
4445	60 
4446	2 
4447	8 
4448	52 
4449	36 
4450	4 
4451	28 
4452	19 
4453	51 
4454	65 
4455	1 
4456	3 
4457	28 
4458	86 
4459	77 
4460	62 
4461	60 
4462	24 
4463	91 
4464	2 
4465	19 
4466	2 
4467	57 
4468	19 
4469	16 
4470	36 
4471	42 
4472	48 
4473	68 
4474	60 
4475	86 
4476	61 
4477	53 
4478	71 
4479	32 
4480	31 
4481	90 
4482	68 
4483	48 
4484	35 
4485	37 
4486	48 
4487	76 
4488	84 
4489	30 
4490	21 
4491	52 
4492	28 
4493	40 
4494	16 
4495	53 
4496	46 
4497	28 
4498	66 
4499	53 
4500	55 
4501	28 
4502	33 
4503	49 
4504	52 
4505	1 
4506	34 
4507	63 
4508	33 
4509	45 
4510	71 
4511	6 
4512	65 
4513	18 
4514	8 
4515	60 
4516	89 
4517	3 
4518	45 
4519	15 
4520	84 
4521	23 
4522	51 
4523	63 
4524	52 
4525	47 
4526	48 
4527	60 
4528	13 
4529	80 
4530	50 
4531	16 
4532	62 
4533	29 
4534	52 
4535	54 
4536	52 
4537	51 
4538	1 
4539	85 
4540	4 
4541	29 
4542	3 
4543	52 
4544	52 
4545	22 
4546	37 
4547	35 
4548	63 
4549	84 
4550	42 
4551	1 
4552	23 
4553	86 
4554	91 
4555	20 
4556	23 
4557	55 
4558	71 
4559	72 
4560	72 
4561	5 
4562	84 
4563	46 
4564	48 
4565	2 
4566	51 
4567	31 
4568	13 
4569	77 
4570	16 
4571	5 
4572	18 
4573	32 
4574	57 
4575	32 
4576	28 
4577	16 
4578	25 
4579	38 
4580	70 
4581	91 
4582	50 
4583	51 
4584	13 
4585	66 
4586	60 
4587	70 
4588	24 
4589	1 
4590	3 
4591	33 
4592	52 
4593	46 
4594	23 
4595	55 
4596	90 
4597	29 
4598	2 
4599	2 
4600	1 
4601	5 
4602	40 
4603	76 
4604	28 
4605	50 
4606	77 
4607	80 
4608	86 
4609	15 
4610	42 
4611	1 
4612	8 
4613	27 
4614	65 
4615	48 
4616	47 
4617	66 
4618	21 
4619	36 
4620	3 
4621	65 
4622	89 
4623	40 
4624	3 
4625	1 
4626	27 
4627	90 
4628	23 
4629	90 
4630	70 
4631	52 
4632	61 
4633	89 
4634	1 
4635	65 
4636	80 
4637	38 
4638	45 
4639	20 
4640	63 
4641	42 
4642	91 
4643	90 
4644	48 
4645	26 
4646	4 
4647	3 
4648	76 
4649	22 
4650	20 
4651	50 
4652	25 
4653	70 
4654	51 
4655	66 
4656	69 
4657	40 
4658	5 
4659	13 
4660	25 
4661	5 
4662	50 
4663	51 
4664	34 
4665	6 
4666	76 
4667	80 
4668	70 
4669	15 
4670	52 
4671	48 
4672	15 
4673	67 
4674	20 
4675	23 
4676	1 
4677	47 
4678	33 
4679	32 
4680	37 
4681	35 
4682	25 
4683	63 
4684	76 
4685	63 
4686	76 
4687	27 
4688	60 
4689	70 
4690	66 
4691	47 
4692	32 
4693	46 
4694	18 
4695	84 
4696	8 
4697	71 
4698	66 
4699	23 
4700	8 
4701	35 
4702	53 
4703	45 
4704	15 
4705	50 
4706	90 
4707	42 
4708	6 
4709	62 
4710	50 
4711	18 
4712	61 
4713	86 
4714	55 
4715	21 
4716	2 
4717	31 
4718	40 
4719	20 
4720	22 
4721	60 
4722	40 
4723	84 
4724	23 
4725	22 
4726	55 
4727	48 
4728	13 
4729	13 
4730	52 
4731	13 
4732	84 
4733	31 
4734	46 
4735	57 
4736	85 
4737	40 
4738	68 
4739	15 
4740	21 
4741	76 
4742	89 
4743	24 
4744	70 
4745	15 
4746	61 
4747	45 
4748	5 
4749	66 
4750	20 
4751	8 
4752	33 
4753	5 
4754	35 
4755	1 
4756	52 
4757	5 
4758	8 
4759	45 
4760	35 
4761	48 
4762	31 
4763	42 
4764	89 
4765	33 
4766	6 
4767	80 
4768	29 
4769	70 
4770	26 
4771	33 
4772	21 
4773	31 
4774	52 
4775	31 
4776	71 
4777	13 
4778	84 
4779	32 
4780	82 
4781	21 
4782	13 
4783	51 
4784	40 
4785	50 
4786	71 
4787	2 
4788	51 
4789	84 
4790	47 
4791	85 
4792	66 
4793	24 
4794	50 
4795	67 
4796	85 
4797	6 
4798	40 
4799	45 
4800	53 
4801	40 
4802	80 
4803	85 
4804	29 
4805	67 
4806	60 
4807	52 
4808	52 
4809	25 
4810	29 
4811	53 
4812	65 
4813	20 
4814	29 
4815	76 
4816	26 
4817	84 
4818	82 
4819	40 
4820	4 
4821	89 
4822	90 
4823	52 
4824	15 
4825	84 
4826	63 
4827	31 
4828	33 
4829	33 
4830	1 
4831	25 
4832	80 
4833	33 
4834	5 
4835	82 
4836	77 
4837	14 
4838	24 
4839	63 
4840	77 
4841	23 
4842	84 
4843	48 
4844	46 
4845	63 
4846	48 
4847	34 
4848	65 
4849	31 
4850	33 
4851	32 
4852	42 
4853	2 
4854	89 
4855	89 
4856	47 
4857	91 
4858	6 
4859	66 
4860	55 
4861	6 
4862	70 
4863	38 
4864	28 
4865	55 
4866	53 
4867	48 
4868	26 
4869	47 
4870	38 
4871	1 
4872	51 
4873	55 
4874	21 
4875	89 
4876	24 
4877	33 
4878	45 
4879	38 
4880	86 
4881	85 
4882	52 
4883	90 
4884	85 
4885	48 
4886	20 
4887	15 
4888	70 
4889	53 
4890	62 
4891	5 
4892	13 
4893	25 
4894	48 
4895	89 
4896	48 
4897	60 
4898	3 
4899	21 
4900	60 
4901	60 
4902	28 
4903	23 
4904	47 
4905	5 
4906	40 
4907	29 
4908	5 
4909	51 
4910	62 
4911	52 
4912	53 
4913	33 
4914	16 
4915	31 
4916	15 
4917	89 
4918	16 
4919	51 
4920	27 
4921	15 
4922	51 
4923	60 
4924	85 
4925	4 
4926	51 
4927	86 
4928	16 
4929	68 
4930	40 
4931	13 
4932	63 
4933	29 
4934	27 
4935	46 
4936	60 
4937	89 
4938	4 
4939	31 
4940	51 
4941	25 
4942	52 
4943	46 
4944	31 
4945	20 
4946	33 
4947	68 
4948	28 
4949	63 
4950	21 
4951	32 
4952	40 
4953	70 
4954	13 
4955	47 
4956	6 
4957	91 
4958	63 
4959	33 
4960	21 
4961	20 
4962	46 
4963	5 
4964	25 
4965	66 
4966	76 
4967	51 
4968	66 
4969	70 
4970	28 
4971	60 
4972	86 
4973	31 
4974	85 
4975	48 
4976	25 
4977	55 
4978	28 
4979	55 
4980	47 
4981	76 
4982	31 
4983	23 
4984	66 
4985	55 
4986	51 
4987	70 
4988	16 
4989	29 
4990	86 
4991	68 
4992	76 
4993	13 
4994	76 
4995	32 
4996	3 
4997	52 
4998	20 
4999	23 
5000	38 
