1	96 
2	40 
3	20 
4	65 
5	21 
6	83 
7	41 
8	46 
9	94 
10	98 
11	84 
12	67 
13	17 
14	59 
15	81 
16	67 
17	10 
18	36 
19	99 
20	28 
21	53 
22	60 
23	41 
24	4 
25	90 
26	34 
27	67 
28	96 
29	46 
30	20 
31	36 
32	78 
33	21 
34	91 
35	53 
36	12 
37	99 
38	34 
39	42 
40	51 
41	73 
42	99 
43	31 
44	14 
45	47 
46	100 
47	91 
48	101 
49	27 
50	27 
51	56 
52	99 
53	43 
54	86 
55	82 
56	94 
57	95 
58	94 
59	93 
60	88 
61	20 
62	42 
63	44 
64	31 
65	91 
66	17 
67	99 
68	1 
69	71 
70	23 
71	13 
72	89 
73	99 
74	6 
75	46 
76	49 
77	8 
78	15 
79	92 
80	68 
81	2 
82	31 
83	33 
84	25 
85	38 
86	98 
87	53 
88	61 
89	45 
90	26 
91	57 
92	53 
93	21 
94	14 
95	23 
96	31 
97	20 
98	76 
99	75 
100	57 
101	42 
102	42 
103	94 
104	71 
105	90 
106	16 
107	67 
108	56 
109	93 
110	101 
111	51 
112	47 
113	65 
114	90 
115	79 
116	67 
117	17 
118	51 
119	25 
120	78 
121	68 
122	101 
123	4 
124	1 
125	80 
126	26 
127	99 
128	49 
129	78 
130	19 
131	35 
132	27 
133	3 
134	4 
135	38 
136	12 
137	16 
138	56 
139	53 
140	50 
141	23 
142	6 
143	20 
144	41 
145	93 
146	46 
147	31 
148	25 
149	14 
150	84 
151	43 
152	44 
153	47 
154	28 
155	75 
156	89 
157	28 
158	91 
159	67 
160	87 
161	37 
162	63 
163	99 
164	46 
165	47 
166	89 
167	28 
168	94 
169	46 
170	16 
171	65 
172	60 
173	57 
174	89 
175	47 
176	52 
177	89 
178	51 
179	25 
180	8 
181	26 
182	14 
183	89 
184	69 
185	46 
186	91 
187	69 
188	6 
189	23 
190	42 
191	90 
192	20 
193	9 
194	32 
195	66 
196	100 
197	72 
198	7 
199	13 
200	32 
201	38 
202	24 
203	60 
204	13 
205	46 
206	42 
207	35 
208	41 
209	26 
210	52 
211	43 
212	17 
213	51 
214	41 
215	51 
216	86 
217	26 
218	18 
219	99 
220	23 
221	46 
222	32 
223	21 
224	96 
225	71 
226	7 
227	31 
228	47 
229	17 
230	83 
231	26 
232	2 
233	16 
234	51 
235	48 
236	71 
237	64 
238	101 
239	57 
240	12 
241	55 
242	77 
243	6 
244	6 
245	20 
246	57 
247	56 
248	12 
249	21 
250	10 
251	23 
252	46 
253	64 
254	81 
255	68 
256	86 
257	41 
258	101 
259	96 
260	66 
261	20 
262	22 
263	26 
264	20 
265	64 
266	26 
267	69 
268	62 
269	13 
270	33 
271	52 
272	40 
273	93 
274	67 
275	68 
276	32 
277	65 
278	46 
279	12 
280	13 
281	6 
282	90 
283	13 
284	26 
285	33 
286	15 
287	48 
288	7 
289	31 
290	11 
291	26 
292	67 
293	96 
294	33 
295	12 
296	1 
297	81 
298	43 
299	30 
300	53 
301	24 
302	42 
303	72 
304	46 
305	47 
306	2 
307	10 
308	51 
309	20 
310	6 
311	87 
312	53 
313	39 
314	37 
315	88 
316	97 
317	84 
318	69 
319	10 
320	26 
321	27 
322	14 
323	68 
324	11 
325	36 
326	13 
327	18 
328	34 
329	98 
330	44 
331	45 
332	68 
333	47 
334	82 
335	26 
336	37 
337	99 
338	94 
339	35 
340	40 
341	93 
342	77 
343	75 
344	93 
345	26 
346	77 
347	57 
348	46 
349	90 
350	13 
351	74 
352	27 
353	75 
354	56 
355	90 
356	63 
357	29 
358	30 
359	19 
360	68 
361	25 
362	84 
363	52 
364	69 
365	27 
366	40 
367	77 
368	86 
369	31 
370	52 
371	23 
372	12 
373	51 
374	31 
375	12 
376	21 
377	79 
378	27 
379	46 
380	91 
381	96 
382	10 
383	76 
384	99 
385	66 
386	18 
387	35 
388	1 
389	12 
390	100 
391	46 
392	61 
393	32 
394	39 
395	45 
396	89 
397	52 
398	35 
399	82 
400	82 
401	66 
402	68 
403	18 
404	77 
405	66 
406	29 
407	42 
408	61 
409	22 
410	37 
411	24 
412	82 
413	35 
414	21 
415	100 
416	46 
417	75 
418	17 
419	47 
420	34 
421	89 
422	77 
423	34 
424	46 
425	46 
426	72 
427	46 
428	84 
429	47 
430	65 
431	76 
432	52 
433	40 
434	50 
435	64 
436	67 
437	15 
438	46 
439	52 
440	52 
441	70 
442	99 
443	12 
444	29 
445	75 
446	99 
447	49 
448	45 
449	99 
450	23 
451	28 
452	19 
453	47 
454	72 
455	50 
456	82 
457	6 
458	69 
459	40 
460	56 
461	54 
462	52 
463	46 
464	79 
465	47 
466	31 
467	18 
468	54 
469	2 
470	3 
471	21 
472	94 
473	46 
474	12 
475	14 
476	99 
477	36 
478	14 
479	8 
480	1 
481	92 
482	40 
483	17 
484	73 
485	30 
486	31 
487	72 
488	43 
489	1 
490	81 
491	32 
492	92 
493	18 
494	26 
495	51 
496	83 
497	39 
498	95 
499	89 
500	6 
501	40 
502	63 
503	68 
504	81 
505	4 
506	68 
507	6 
508	100 
509	95 
510	51 
511	23 
512	52 
513	17 
514	54 
515	23 
516	35 
517	73 
518	92 
519	35 
520	91 
521	90 
522	83 
523	13 
524	67 
525	3 
526	38 
527	74 
528	67 
529	42 
530	72 
531	42 
532	25 
533	90 
534	89 
535	63 
536	6 
537	1 
538	82 
539	57 
540	33 
541	37 
542	35 
543	37 
544	96 
545	54 
546	76 
547	18 
548	41 
549	51 
550	57 
551	53 
552	72 
553	88 
554	79 
555	41 
556	31 
557	46 
558	46 
559	17 
560	91 
561	14 
562	68 
563	48 
564	63 
565	70 
566	13 
567	86 
568	85 
569	49 
570	34 
571	91 
572	49 
573	91 
574	32 
575	34 
576	2 
577	57 
578	12 
579	51 
580	83 
581	19 
582	48 
583	77 
584	43 
585	23 
586	72 
587	15 
588	68 
589	32 
590	27 
591	48 
592	13 
593	92 
594	23 
595	46 
596	91 
597	36 
598	58 
599	74 
600	60 
601	71 
602	30 
603	29 
604	54 
605	49 
606	42 
607	18 
608	41 
609	23 
610	80 
611	37 
612	17 
613	99 
614	71 
615	52 
616	77 
617	13 
618	61 
619	93 
620	75 
621	11 
622	71 
623	17 
624	49 
625	33 
626	12 
627	47 
628	12 
629	14 
630	42 
631	47 
632	28 
633	2 
634	11 
635	34 
636	27 
637	20 
638	48 
639	98 
640	83 
641	47 
642	46 
643	24 
644	63 
645	15 
646	41 
647	100 
648	93 
649	69 
650	69 
651	20 
652	72 
653	90 
654	5 
655	56 
656	87 
657	52 
658	19 
659	92 
660	63 
661	89 
662	55 
663	25 
664	74 
665	39 
666	64 
667	54 
668	48 
669	45 
670	91 
671	41 
672	14 
673	38 
674	73 
675	35 
676	90 
677	98 
678	69 
679	87 
680	54 
681	38 
682	20 
683	94 
684	62 
685	57 
686	24 
687	40 
688	91 
689	73 
690	40 
691	37 
692	80 
693	91 
694	81 
695	37 
696	72 
697	95 
698	29 
699	52 
700	41 
701	37 
702	77 
703	18 
704	84 
705	8 
706	36 
707	96 
708	80 
709	64 
710	50 
711	15 
712	92 
713	79 
714	99 
715	86 
716	21 
717	12 
718	79 
719	80 
720	47 
721	46 
722	58 
723	36 
724	40 
725	96 
726	33 
727	86 
728	60 
729	90 
730	20 
731	47 
732	20 
733	26 
734	43 
735	89 
736	57 
737	29 
738	47 
739	49 
740	4 
741	48 
742	91 
743	95 
744	34 
745	17 
746	67 
747	32 
748	74 
749	32 
750	13 
751	99 
752	12 
753	11 
754	40 
755	47 
756	93 
757	25 
758	99 
759	41 
760	65 
761	52 
762	38 
763	40 
764	57 
765	36 
766	76 
767	6 
768	23 
769	52 
770	91 
771	20 
772	35 
773	7 
774	95 
775	25 
776	77 
777	41 
778	77 
779	11 
780	31 
781	1 
782	40 
783	97 
784	50 
785	63 
786	42 
787	12 
788	74 
789	77 
790	37 
791	58 
792	26 
793	30 
794	57 
795	61 
796	1 
797	45 
798	32 
799	67 
800	5 
801	87 
802	75 
803	18 
804	14 
805	95 
806	27 
807	73 
808	94 
809	18 
810	41 
811	38 
812	68 
813	46 
814	15 
815	80 
816	61 
817	89 
818	98 
819	98 
820	30 
821	99 
822	67 
823	100 
824	25 
825	31 
826	72 
827	91 
828	6 
829	46 
830	91 
831	64 
832	31 
833	40 
834	31 
835	76 
836	94 
837	42 
838	47 
839	60 
840	40 
841	40 
842	28 
843	68 
844	89 
845	6 
846	36 
847	12 
848	89 
849	57 
850	28 
851	12 
852	42 
853	96 
854	79 
855	51 
856	41 
857	96 
858	25 
859	72 
860	60 
861	20 
862	48 
863	26 
864	29 
865	41 
866	100 
867	6 
868	90 
869	72 
870	89 
871	71 
872	45 
873	35 
874	25 
875	1 
876	84 
877	42 
878	67 
879	79 
880	99 
881	7 
882	94 
883	52 
884	28 
885	69 
886	71 
887	1 
888	51 
889	17 
890	55 
891	3 
892	15 
893	61 
894	1 
895	93 
896	17 
897	52 
898	63 
899	43 
900	41 
901	77 
902	64 
903	47 
904	18 
905	90 
906	52 
907	27 
908	68 
909	70 
910	60 
911	71 
912	101 
913	42 
914	27 
915	37 
916	44 
917	25 
918	18 
919	39 
920	53 
921	72 
922	15 
923	43 
924	94 
925	57 
926	97 
927	30 
928	57 
929	56 
930	82 
931	75 
932	94 
933	12 
934	88 
935	2 
936	14 
937	13 
938	96 
939	41 
940	91 
941	41 
942	76 
943	80 
944	22 
945	71 
946	90 
947	58 
948	65 
949	93 
950	66 
951	49 
952	93 
953	24 
954	40 
955	47 
956	6 
957	74 
958	15 
959	37 
960	77 
961	17 
962	37 
963	40 
964	89 
965	80 
966	89 
967	36 
968	87 
969	21 
970	18 
971	30 
972	97 
973	13 
974	79 
975	52 
976	51 
977	40 
978	23 
979	41 
980	7 
981	95 
982	52 
983	29 
984	2 
985	22 
986	22 
987	30 
988	26 
989	85 
990	8 
991	90 
992	14 
993	43 
994	21 
995	45 
996	17 
997	57 
998	53 
999	73 
1000	2 
1001	50 
1002	31 
1003	93 
1004	64 
1005	97 
1006	35 
1007	46 
1008	83 
1009	40 
1010	41 
1011	52 
1012	92 
1013	32 
1014	68 
1015	77 
1016	42 
1017	30 
1018	87 
1019	83 
1020	17 
1021	5 
1022	12 
1023	42 
1024	7 
1025	74 
1026	37 
1027	94 
1028	31 
1029	7 
1030	22 
1031	7 
1032	24 
1033	80 
1034	27 
1035	11 
1036	53 
1037	99 
1038	90 
1039	45 
1040	30 
1041	82 
1042	15 
1043	83 
1044	23 
1045	98 
1046	60 
1047	59 
1048	27 
1049	4 
1050	30 
1051	1 
1052	23 
1053	84 
1054	40 
1055	76 
1056	28 
1057	26 
1058	41 
1059	89 
1060	96 
1061	53 
1062	15 
1063	72 
1064	22 
1065	57 
1066	51 
1067	39 
1068	19 
1069	20 
1070	17 
1071	69 
1072	40 
1073	29 
1074	91 
1075	36 
1076	77 
1077	43 
1078	23 
1079	60 
1080	87 
1081	96 
1082	71 
1083	91 
1084	30 
1085	32 
1086	95 
1087	57 
1088	57 
1089	79 
1090	12 
1091	32 
1092	82 
1093	51 
1094	75 
1095	28 
1096	58 
1097	97 
1098	26 
1099	36 
1100	63 
1101	15 
1102	91 
1103	52 
1104	51 
1105	28 
1106	90 
1107	68 
1108	50 
1109	17 
1110	32 
1111	69 
1112	68 
1113	84 
1114	98 
1115	26 
1116	57 
1117	20 
1118	52 
1119	88 
1120	72 
1121	35 
1122	89 
1123	20 
1124	10 
1125	35 
1126	67 
1127	31 
1128	65 
1129	90 
1130	37 
1131	1 
1132	36 
1133	33 
1134	14 
1135	5 
1136	84 
1137	57 
1138	94 
1139	48 
1140	21 
1141	21 
1142	73 
1143	95 
1144	67 
1145	62 
1146	68 
1147	50 
1148	74 
1149	55 
1150	67 
1151	73 
1152	16 
1153	7 
1154	51 
1155	84 
1156	77 
1157	46 
1158	11 
1159	40 
1160	42 
1161	68 
1162	23 
1163	14 
1164	100 
1165	30 
1166	78 
1167	4 
1168	2 
1169	2 
1170	17 
1171	22 
1172	10 
1173	22 
1174	92 
1175	76 
1176	69 
1177	37 
1178	30 
1179	18 
1180	15 
1181	40 
1182	76 
1183	95 
1184	12 
1185	40 
1186	69 
1187	85 
1188	2 
1189	8 
1190	23 
1191	92 
1192	61 
1193	89 
1194	23 
1195	25 
1196	17 
1197	31 
1198	52 
1199	56 
1200	69 
1201	51 
1202	69 
1203	76 
1204	6 
1205	95 
1206	91 
1207	16 
1208	95 
1209	26 
1210	25 
1211	67 
1212	34 
1213	40 
1214	68 
1215	29 
1216	95 
1217	5 
1218	4 
1219	68 
1220	74 
1221	57 
1222	12 
1223	62 
1224	2 
1225	10 
1226	17 
1227	91 
1228	31 
1229	39 
1230	64 
1231	22 
1232	37 
1233	80 
1234	60 
1235	41 
1236	20 
1237	100 
1238	86 
1239	84 
1240	6 
1241	79 
1242	86 
1243	92 
1244	95 
1245	47 
1246	65 
1247	89 
1248	69 
1249	74 
1250	93 
1251	75 
1252	40 
1253	99 
1254	18 
1255	46 
1256	1 
1257	58 
1258	16 
1259	81 
1260	57 
1261	17 
1262	94 
1263	24 
1264	25 
1265	1 
1266	26 
1267	95 
1268	57 
1269	51 
1270	24 
1271	61 
1272	91 
1273	91 
1274	99 
1275	57 
1276	74 
1277	36 
1278	2 
1279	41 
1280	89 
1281	17 
1282	45 
1283	46 
1284	99 
1285	15 
1286	95 
1287	22 
1288	81 
1289	76 
1290	10 
1291	93 
1292	20 
1293	94 
1294	16 
1295	28 
1296	10 
1297	66 
1298	46 
1299	53 
1300	48 
1301	48 
1302	29 
1303	13 
1304	86 
1305	15 
1306	60 
1307	79 
1308	23 
1309	23 
1310	13 
1311	48 
1312	87 
1313	96 
1314	1 
1315	63 
1316	17 
1317	50 
1318	72 
1319	38 
1320	96 
1321	46 
1322	18 
1323	42 
1324	43 
1325	47 
1326	10 
1327	45 
1328	23 
1329	45 
1330	56 
1331	91 
1332	6 
1333	30 
1334	41 
1335	4 
1336	37 
1337	42 
1338	12 
1339	73 
1340	77 
1341	14 
1342	14 
1343	47 
1344	42 
1345	27 
1346	77 
1347	6 
1348	36 
1349	45 
1350	99 
1351	51 
1352	88 
1353	92 
1354	67 
1355	47 
1356	14 
1357	72 
1358	41 
1359	67 
1360	60 
1361	52 
1362	43 
1363	8 
1364	76 
1365	2 
1366	18 
1367	26 
1368	45 
1369	69 
1370	1 
1371	37 
1372	23 
1373	83 
1374	12 
1375	83 
1376	15 
1377	6 
1378	8 
1379	46 
1380	66 
1381	2 
1382	17 
1383	7 
1384	13 
1385	41 
1386	42 
1387	46 
1388	31 
1389	75 
1390	80 
1391	99 
1392	38 
1393	92 
1394	23 
1395	46 
1396	55 
1397	99 
1398	77 
1399	38 
1400	42 
1401	94 
1402	96 
1403	45 
1404	20 
1405	97 
1406	69 
1407	72 
1408	1 
1409	20 
1410	64 
1411	60 
1412	46 
1413	48 
1414	68 
1415	25 
1416	26 
1417	92 
1418	57 
1419	37 
1420	70 
1421	45 
1422	96 
1423	1 
1424	69 
1425	36 
1426	22 
1427	26 
1428	17 
1429	44 
1430	63 
1431	27 
1432	37 
1433	68 
1434	73 
1435	58 
1436	22 
1437	2 
1438	55 
1439	57 
1440	12 
1441	97 
1442	45 
1443	8 
1444	14 
1445	50 
1446	64 
1447	4 
1448	75 
1449	58 
1450	91 
1451	51 
1452	57 
1453	55 
1454	92 
1455	80 
1456	25 
1457	47 
1458	33 
1459	92 
1460	46 
1461	67 
1462	1 
1463	1 
1464	52 
1465	50 
1466	68 
1467	51 
1468	45 
1469	79 
1470	23 
1471	20 
1472	30 
1473	54 
1474	82 
1475	63 
1476	15 
1477	19 
1478	58 
1479	68 
1480	7 
1481	71 
1482	31 
1483	88 
1484	77 
1485	67 
1486	28 
1487	69 
1488	64 
1489	20 
1490	88 
1491	84 
1492	99 
1493	9 
1494	67 
1495	27 
1496	5 
1497	71 
1498	1 
1499	82 
1500	1 
1501	71 
1502	80 
1503	90 
1504	26 
1505	13 
1506	71 
1507	58 
1508	31 
1509	88 
1510	1 
1511	57 
1512	41 
1513	6 
1514	22 
1515	35 
1516	22 
1517	36 
1518	95 
1519	77 
1520	24 
1521	89 
1522	20 
1523	86 
1524	30 
1525	21 
1526	23 
1527	64 
1528	27 
1529	77 
1530	61 
1531	78 
1532	2 
1533	3 
1534	26 
1535	25 
1536	38 
1537	25 
1538	8 
1539	33 
1540	88 
1541	27 
1542	41 
1543	41 
1544	73 
1545	60 
1546	40 
1547	13 
1548	20 
1549	26 
1550	24 
1551	99 
1552	73 
1553	43 
1554	96 
1555	24 
1556	98 
1557	96 
1558	56 
1559	8 
1560	87 
1561	43 
1562	42 
1563	72 
1564	79 
1565	14 
1566	2 
1567	40 
1568	1 
1569	48 
1570	58 
1571	1 
1572	42 
1573	23 
1574	40 
1575	71 
1576	38 
1577	12 
1578	95 
1579	55 
1580	19 
1581	26 
1582	50 
1583	2 
1584	57 
1585	35 
1586	18 
1587	15 
1588	31 
1589	32 
1590	67 
1591	39 
1592	67 
1593	63 
1594	72 
1595	29 
1596	87 
1597	99 
1598	77 
1599	65 
1600	1 
1601	51 
1602	48 
1603	46 
1604	37 
1605	90 
1606	25 
1607	69 
1608	36 
1609	52 
1610	5 
1611	36 
1612	6 
1613	22 
1614	25 
1615	5 
1616	8 
1617	38 
1618	2 
1619	9 
1620	20 
1621	67 
1622	52 
1623	27 
1624	83 
1625	64 
1626	46 
1627	49 
1628	58 
1629	22 
1630	77 
1631	32 
1632	69 
1633	12 
1634	40 
1635	64 
1636	5 
1637	93 
1638	5 
1639	20 
1640	59 
1641	76 
1642	13 
1643	64 
1644	9 
1645	17 
1646	76 
1647	31 
1648	46 
1649	67 
1650	26 
1651	42 
1652	77 
1653	86 
1654	89 
1655	45 
1656	84 
1657	99 
1658	62 
1659	82 
1660	30 
1661	56 
1662	69 
1663	26 
1664	96 
1665	5 
1666	7 
1667	40 
1668	85 
1669	38 
1670	91 
1671	93 
1672	90 
1673	72 
1674	15 
1675	72 
1676	23 
1677	35 
1678	91 
1679	2 
1680	31 
1681	36 
1682	67 
1683	40 
1684	22 
1685	60 
1686	22 
1687	28 
1688	68 
1689	35 
1690	41 
1691	68 
1692	40 
1693	15 
1694	35 
1695	90 
1696	45 
1697	35 
1698	78 
1699	30 
1700	90 
1701	100 
1702	99 
1703	38 
1704	65 
1705	94 
1706	49 
1707	68 
1708	86 
1709	46 
1710	75 
1711	73 
1712	42 
1713	93 
1714	47 
1715	53 
1716	47 
1717	46 
1718	1 
1719	40 
1720	27 
1721	26 
1722	69 
1723	11 
1724	20 
1725	17 
1726	68 
1727	23 
1728	14 
1729	74 
1730	61 
1731	14 
1732	49 
1733	27 
1734	1 
1735	53 
1736	2 
1737	11 
1738	52 
1739	54 
1740	80 
1741	94 
1742	95 
1743	99 
1744	42 
1745	1 
1746	55 
1747	52 
1748	78 
1749	40 
1750	92 
1751	1 
1752	6 
1753	18 
1754	66 
1755	6 
1756	40 
1757	67 
1758	7 
1759	37 
1760	89 
1761	22 
1762	35 
1763	53 
1764	93 
1765	96 
1766	98 
1767	49 
1768	26 
1769	14 
1770	67 
1771	63 
1772	50 
1773	14 
1774	1 
1775	81 
1776	26 
1777	94 
1778	50 
1779	1 
1780	96 
1781	97 
1782	20 
1783	1 
1784	23 
1785	28 
1786	90 
1787	45 
1788	90 
1789	10 
1790	48 
1791	81 
1792	101 
1793	6 
1794	68 
1795	26 
1796	71 
1797	96 
1798	83 
1799	62 
1800	88 
1801	45 
1802	45 
1803	14 
1804	9 
1805	72 
1806	45 
1807	46 
1808	80 
1809	67 
1810	81 
1811	72 
1812	23 
1813	87 
1814	61 
1815	13 
1816	15 
1817	45 
1818	39 
1819	31 
1820	41 
1821	67 
1822	62 
1823	42 
1824	92 
1825	37 
1826	97 
1827	99 
1828	20 
1829	26 
1830	2 
1831	67 
1832	63 
1833	20 
1834	68 
1835	40 
1836	20 
1837	90 
1838	51 
1839	71 
1840	27 
1841	67 
1842	38 
1843	31 
1844	98 
1845	15 
1846	63 
1847	93 
1848	97 
1849	43 
1850	51 
1851	83 
1852	18 
1853	43 
1854	51 
1855	65 
1856	1 
1857	51 
1858	16 
1859	36 
1860	18 
1861	32 
1862	68 
1863	90 
1864	18 
1865	31 
1866	37 
1867	13 
1868	79 
1869	46 
1870	40 
1871	42 
1872	20 
1873	17 
1874	35 
1875	25 
1876	14 
1877	31 
1878	69 
1879	91 
1880	95 
1881	68 
1882	51 
1883	42 
1884	31 
1885	2 
1886	52 
1887	6 
1888	23 
1889	83 
1890	36 
1891	19 
1892	57 
1893	3 
1894	15 
1895	67 
1896	99 
1897	20 
1898	38 
1899	45 
1900	87 
1901	45 
1902	43 
1903	75 
1904	99 
1905	43 
1906	84 
1907	33 
1908	4 
1909	72 
1910	14 
1911	68 
1912	82 
1913	84 
1914	69 
1915	1 
1916	32 
1917	77 
1918	53 
1919	10 
1920	52 
1921	91 
1922	77 
1923	14 
1924	77 
1925	99 
1926	91 
1927	83 
1928	94 
1929	19 
1930	31 
1931	7 
1932	94 
1933	87 
1934	57 
1935	51 
1936	6 
1937	55 
1938	88 
1939	3 
1940	95 
1941	3 
1942	58 
1943	46 
1944	42 
1945	88 
1946	70 
1947	61 
1948	42 
1949	23 
1950	32 
1951	39 
1952	74 
1953	13 
1954	45 
1955	57 
1956	76 
1957	54 
1958	87 
1959	53 
1960	28 
1961	15 
1962	62 
1963	40 
1964	60 
1965	19 
1966	17 
1967	96 
1968	81 
1969	53 
1970	26 
1971	45 
1972	14 
1973	51 
1974	52 
1975	71 
1976	42 
1977	48 
1978	76 
1979	14 
1980	13 
1981	25 
1982	42 
1983	47 
1984	62 
1985	70 
1986	83 
1987	12 
1988	67 
1989	93 
1990	37 
1991	50 
1992	21 
1993	92 
1994	11 
1995	91 
1996	68 
1997	41 
1998	40 
1999	31 
2000	15 
2001	52 
2002	99 
2003	47 
2004	68 
2005	70 
2006	15 
2007	75 
2008	68 
2009	80 
2010	20 
2011	26 
2012	20 
2013	3 
2014	100 
2015	56 
2016	18 
2017	75 
2018	59 
2019	75 
2020	58 
2021	18 
2022	90 
2023	90 
2024	96 
2025	43 
2026	56 
2027	76 
2028	1 
2029	18 
2030	9 
2031	44 
2032	42 
2033	38 
2034	21 
2035	86 
2036	57 
2037	14 
2038	5 
2039	6 
2040	56 
2041	9 
2042	41 
2043	1 
2044	40 
2045	68 
2046	95 
2047	77 
2048	101 
2049	87 
2050	10 
2051	40 
2052	22 
2053	7 
2054	61 
2055	18 
2056	77 
2057	20 
2058	94 
2059	18 
2060	76 
2061	58 
2062	42 
2063	68 
2064	76 
2065	12 
2066	17 
2067	81 
2068	47 
2069	85 
2070	27 
2071	81 
2072	26 
2073	17 
2074	37 
2075	39 
2076	18 
2077	41 
2078	88 
2079	61 
2080	25 
2081	85 
2082	17 
2083	59 
2084	84 
2085	26 
2086	67 
2087	13 
2088	20 
2089	15 
2090	78 
2091	53 
2092	72 
2093	81 
2094	42 
2095	61 
2096	20 
2097	57 
2098	92 
2099	53 
2100	37 
2101	47 
2102	40 
2103	37 
2104	60 
2105	67 
2106	90 
2107	55 
2108	51 
2109	89 
2110	53 
2111	91 
2112	28 
2113	100 
2114	99 
2115	35 
2116	91 
2117	22 
2118	18 
2119	47 
2120	50 
2121	67 
2122	48 
2123	25 
2124	65 
2125	19 
2126	77 
2127	51 
2128	96 
2129	100 
2130	9 
2131	74 
2132	34 
2133	54 
2134	47 
2135	14 
2136	56 
2137	40 
2138	71 
2139	37 
2140	31 
2141	25 
2142	17 
2143	31 
2144	53 
2145	52 
2146	41 
2147	55 
2148	57 
2149	71 
2150	51 
2151	30 
2152	38 
2153	8 
2154	37 
2155	82 
2156	48 
2157	16 
2158	46 
2159	31 
2160	35 
2161	15 
2162	30 
2163	61 
2164	23 
2165	38 
2166	92 
2167	44 
2168	69 
2169	63 
2170	92 
2171	78 
2172	40 
2173	67 
2174	55 
2175	17 
2176	88 
2177	52 
2178	96 
2179	10 
2180	43 
2181	45 
2182	25 
2183	96 
2184	25 
2185	51 
2186	19 
2187	41 
2188	7 
2189	51 
2190	59 
2191	97 
2192	27 
2193	91 
2194	3 
2195	86 
2196	96 
2197	91 
2198	28 
2199	25 
2200	92 
2201	40 
2202	63 
2203	37 
2204	23 
2205	84 
2206	14 
2207	12 
2208	18 
2209	12 
2210	46 
2211	75 
2212	56 
2213	22 
2214	71 
2215	71 
2216	42 
2217	20 
2218	48 
2219	57 
2220	96 
2221	55 
2222	55 
2223	17 
2224	12 
2225	15 
2226	41 
2227	46 
2228	46 
2229	74 
2230	51 
2231	5 
2232	92 
2233	80 
2234	18 
2235	30 
2236	40 
2237	31 
2238	68 
2239	1 
2240	48 
2241	95 
2242	85 
2243	43 
2244	12 
2245	31 
2246	91 
2247	46 
2248	40 
2249	77 
2250	40 
2251	37 
2252	87 
2253	4 
2254	40 
2255	67 
2256	89 
2257	49 
2258	25 
2259	18 
2260	11 
2261	55 
2262	55 
2263	45 
2264	57 
2265	67 
2266	23 
2267	95 
2268	19 
2269	12 
2270	41 
2271	14 
2272	97 
2273	22 
2274	69 
2275	6 
2276	96 
2277	94 
2278	42 
2279	71 
2280	99 
2281	33 
2282	2 
2283	39 
2284	99 
2285	40 
2286	19 
2287	67 
2288	24 
2289	46 
2290	47 
2291	72 
2292	36 
2293	37 
2294	91 
2295	77 
2296	48 
2297	7 
2298	99 
2299	64 
2300	78 
2301	84 
2302	90 
2303	58 
2304	26 
2305	76 
2306	92 
2307	4 
2308	18 
2309	50 
2310	14 
2311	26 
2312	26 
2313	47 
2314	51 
2315	7 
2316	62 
2317	91 
2318	79 
2319	37 
2320	47 
2321	57 
2322	60 
2323	5 
2324	86 
2325	1 
2326	35 
2327	78 
2328	53 
2329	101 
2330	15 
2331	64 
2332	67 
2333	97 
2334	25 
2335	13 
2336	14 
2337	28 
2338	99 
2339	41 
2340	67 
2341	37 
2342	56 
2343	29 
2344	81 
2345	32 
2346	91 
2347	67 
2348	13 
2349	49 
2350	22 
2351	41 
2352	15 
2353	57 
2354	76 
2355	74 
2356	90 
2357	47 
2358	45 
2359	93 
2360	15 
2361	7 
2362	15 
2363	14 
2364	76 
2365	58 
2366	6 
2367	17 
2368	37 
2369	18 
2370	6 
2371	39 
2372	29 
2373	37 
2374	89 
2375	94 
2376	7 
2377	85 
2378	51 
2379	40 
2380	66 
2381	50 
2382	89 
2383	37 
2384	24 
2385	76 
2386	12 
2387	51 
2388	26 
2389	18 
2390	12 
2391	14 
2392	63 
2393	51 
2394	36 
2395	50 
2396	37 
2397	71 
2398	37 
2399	15 
2400	3 
2401	46 
2402	46 
2403	12 
2404	72 
2405	4 
2406	1 
2407	84 
2408	6 
2409	55 
2410	55 
2411	91 
2412	30 
2413	18 
2414	62 
2415	57 
2416	71 
2417	32 
2418	80 
2419	23 
2420	68 
2421	45 
2422	39 
2423	39 
2424	99 
2425	23 
2426	83 
2427	67 
2428	97 
2429	20 
2430	79 
2431	82 
2432	44 
2433	25 
2434	99 
2435	22 
2436	18 
2437	35 
2438	38 
2439	60 
2440	12 
2441	42 
2442	96 
2443	99 
2444	51 
2445	4 
2446	51 
2447	52 
2448	26 
2449	75 
2450	42 
2451	84 
2452	86 
2453	79 
2454	59 
2455	72 
2456	71 
2457	72 
2458	35 
2459	51 
2460	89 
2461	68 
2462	101 
2463	19 
2464	52 
2465	70 
2466	77 
2467	13 
2468	97 
2469	45 
2470	20 
2471	13 
2472	99 
2473	66 
2474	57 
2475	2 
2476	48 
2477	26 
2478	29 
2479	20 
2480	88 
2481	72 
2482	74 
2483	35 
2484	69 
2485	67 
2486	25 
2487	63 
2488	51 
2489	85 
2490	76 
2491	36 
2492	51 
2493	91 
2494	86 
2495	46 
2496	80 
2497	72 
2498	45 
2499	68 
2500	10 
2501	35 
2502	31 
2503	44 
2504	3 
2505	6 
2506	71 
2507	87 
2508	77 
2509	67 
2510	88 
2511	4 
2512	39 
2513	56 
2514	86 
2515	4 
2516	65 
2517	41 
2518	46 
2519	29 
2520	69 
2521	15 
2522	21 
2523	90 
2524	81 
2525	28 
2526	47 
2527	43 
2528	42 
2529	40 
2530	71 
2531	2 
2532	22 
2533	13 
2534	46 
2535	14 
2536	22 
2537	77 
2538	9 
2539	5 
2540	18 
2541	72 
2542	12 
2543	39 
2544	52 
2545	26 
2546	46 
2547	37 
2548	42 
2549	45 
2550	76 
2551	1 
2552	76 
2553	21 
2554	80 
2555	70 
2556	69 
2557	90 
2558	90 
2559	35 
2560	100 
2561	48 
2562	47 
2563	88 
2564	57 
2565	15 
2566	57 
2567	89 
2568	90 
2569	98 
2570	89 
2571	39 
2572	9 
2573	18 
2574	18 
2575	51 
2576	88 
2577	50 
2578	70 
2579	62 
2580	39 
2581	14 
2582	15 
2583	48 
2584	42 
2585	31 
2586	38 
2587	72 
2588	61 
2589	45 
2590	73 
2591	58 
2592	74 
2593	9 
2594	14 
2595	12 
2596	10 
2597	83 
2598	25 
2599	53 
2600	67 
2601	42 
2602	95 
2603	44 
2604	69 
2605	1 
2606	76 
2607	16 
2608	96 
2609	27 
2610	89 
2611	77 
2612	91 
2613	70 
2614	21 
2615	46 
2616	14 
2617	47 
2618	25 
2619	67 
2620	18 
2621	62 
2622	48 
2623	71 
2624	57 
2625	1 
2626	31 
2627	45 
2628	2 
2629	44 
2630	88 
2631	92 
2632	88 
2633	57 
2634	52 
2635	17 
2636	80 
2637	30 
2638	68 
2639	48 
2640	81 
2641	75 
2642	61 
2643	17 
2644	49 
2645	15 
2646	75 
2647	13 
2648	77 
2649	95 
2650	26 
2651	74 
2652	41 
2653	93 
2654	32 
2655	21 
2656	61 
2657	51 
2658	13 
2659	82 
2660	30 
2661	82 
2662	89 
2663	31 
2664	35 
2665	9 
2666	1 
2667	19 
2668	52 
2669	36 
2670	95 
2671	68 
2672	101 
2673	37 
2674	26 
2675	72 
2676	13 
2677	81 
2678	47 
2679	71 
2680	89 
2681	24 
2682	75 
2683	50 
2684	79 
2685	88 
2686	58 
2687	84 
2688	89 
2689	87 
2690	72 
2691	56 
2692	75 
2693	42 
2694	18 
2695	20 
2696	69 
2697	38 
2698	24 
2699	53 
2700	45 
2701	26 
2702	12 
2703	1 
2704	1 
2705	30 
2706	55 
2707	68 
2708	58 
2709	51 
2710	15 
2711	51 
2712	66 
2713	53 
2714	45 
2715	92 
2716	56 
2717	83 
2718	15 
2719	55 
2720	62 
2721	2 
2722	97 
2723	56 
2724	99 
2725	59 
2726	7 
2727	93 
2728	6 
2729	81 
2730	94 
2731	68 
2732	2 
2733	17 
2734	95 
2735	84 
2736	76 
2737	36 
2738	68 
2739	41 
2740	59 
2741	56 
2742	48 
2743	1 
2744	10 
2745	86 
2746	35 
2747	5 
2748	84 
2749	27 
2750	3 
2751	2 
2752	19 
2753	70 
2754	34 
2755	26 
2756	84 
2757	95 
2758	68 
2759	52 
2760	78 
2761	47 
2762	6 
2763	57 
2764	72 
2765	99 
2766	25 
2767	60 
2768	6 
2769	70 
2770	24 
2771	47 
2772	73 
2773	21 
2774	48 
2775	99 
2776	6 
2777	45 
2778	4 
2779	29 
2780	1 
2781	68 
2782	83 
2783	47 
2784	4 
2785	82 
2786	48 
2787	57 
2788	47 
2789	30 
2790	51 
2791	91 
2792	47 
2793	89 
2794	25 
2795	89 
2796	94 
2797	93 
2798	14 
2799	95 
2800	7 
2801	25 
2802	92 
2803	12 
2804	35 
2805	41 
2806	16 
2807	17 
2808	92 
2809	12 
2810	42 
2811	1 
2812	28 
2813	93 
2814	21 
2815	51 
2816	36 
2817	38 
2818	25 
2819	26 
2820	19 
2821	47 
2822	31 
2823	52 
2824	25 
2825	31 
2826	23 
2827	52 
2828	19 
2829	91 
2830	52 
2831	37 
2832	29 
2833	85 
2834	23 
2835	29 
2836	14 
2837	88 
2838	50 
2839	101 
2840	68 
2841	6 
2842	14 
2843	42 
2844	70 
2845	38 
2846	48 
2847	47 
2848	4 
2849	90 
2850	33 
2851	18 
2852	92 
2853	26 
2854	41 
2855	65 
2856	14 
2857	38 
2858	58 
2859	91 
2860	61 
2861	93 
2862	17 
2863	19 
2864	56 
2865	101 
2866	51 
2867	92 
2868	40 
2869	91 
2870	4 
2871	14 
2872	19 
2873	72 
2874	22 
2875	25 
2876	67 
2877	23 
2878	67 
2879	69 
2880	30 
2881	30 
2882	77 
2883	57 
2884	37 
2885	37 
2886	1 
2887	47 
2888	56 
2889	50 
2890	25 
2891	65 
2892	79 
2893	17 
2894	61 
2895	75 
2896	25 
2897	26 
2898	43 
2899	50 
2900	92 
2901	56 
2902	99 
2903	91 
2904	25 
2905	10 
2906	78 
2907	20 
2908	94 
2909	13 
2910	26 
2911	55 
2912	6 
2913	79 
2914	35 
2915	94 
2916	45 
2917	36 
2918	91 
2919	23 
2920	23 
2921	53 
2922	47 
2923	13 
2924	83 
2925	33 
2926	94 
2927	27 
2928	91 
2929	41 
2930	59 
2931	9 
2932	61 
2933	20 
2934	84 
2935	99 
2936	31 
2937	100 
2938	20 
2939	73 
2940	68 
2941	50 
2942	101 
2943	52 
2944	48 
2945	42 
2946	90 
2947	88 
2948	86 
2949	47 
2950	41 
2951	12 
2952	3 
2953	54 
2954	92 
2955	61 
2956	88 
2957	37 
2958	1 
2959	93 
2960	83 
2961	48 
2962	1 
2963	13 
2964	51 
2965	72 
2966	75 
2967	24 
2968	63 
2969	35 
2970	93 
2971	31 
2972	90 
2973	19 
2974	67 
2975	20 
2976	57 
2977	81 
2978	98 
2979	37 
2980	18 
2981	67 
2982	37 
2983	91 
2984	7 
2985	101 
2986	59 
2987	50 
2988	17 
2989	14 
2990	67 
2991	37 
2992	39 
2993	91 
2994	59 
2995	20 
2996	42 
2997	75 
2998	27 
2999	67 
3000	98 
3001	4 
3002	23 
3003	47 
3004	98 
3005	65 
3006	46 
3007	34 
3008	64 
3009	65 
3010	14 
3011	41 
3012	40 
3013	25 
3014	17 
3015	95 
3016	15 
3017	42 
3018	82 
3019	14 
3020	90 
3021	45 
3022	25 
3023	75 
3024	23 
3025	63 
3026	48 
3027	91 
3028	63 
3029	36 
3030	94 
3031	50 
3032	66 
3033	12 
3034	15 
3035	47 
3036	85 
3037	70 
3038	16 
3039	38 
3040	41 
3041	90 
3042	1 
3043	98 
3044	68 
3045	37 
3046	12 
3047	89 
3048	19 
3049	81 
3050	13 
3051	101 
3052	76 
3053	72 
3054	40 
3055	62 
3056	14 
3057	27 
3058	24 
3059	3 
3060	8 
3061	66 
3062	47 
3063	48 
3064	35 
3065	47 
3066	35 
3067	36 
3068	52 
3069	53 
3070	37 
3071	69 
3072	7 
3073	61 
3074	18 
3075	41 
3076	26 
3077	2 
3078	91 
3079	84 
3080	22 
3081	16 
3082	63 
3083	11 
3084	43 
3085	89 
3086	45 
3087	73 
3088	31 
3089	20 
3090	10 
3091	81 
3092	22 
3093	3 
3094	39 
3095	87 
3096	13 
3097	62 
3098	2 
3099	22 
3100	81 
3101	20 
3102	26 
3103	46 
3104	53 
3105	91 
3106	22 
3107	31 
3108	69 
3109	20 
3110	92 
3111	55 
3112	32 
3113	48 
3114	62 
3115	31 
3116	7 
3117	59 
3118	52 
3119	9 
3120	71 
3121	17 
3122	100 
3123	84 
3124	22 
3125	28 
3126	41 
3127	16 
3128	93 
3129	46 
3130	86 
3131	92 
3132	45 
3133	45 
3134	79 
3135	72 
3136	72 
3137	69 
3138	11 
3139	48 
3140	89 
3141	80 
3142	43 
3143	1 
3144	4 
3145	63 
3146	51 
3147	54 
3148	71 
3149	6 
3150	81 
3151	82 
3152	92 
3153	89 
3154	31 
3155	89 
3156	13 
3157	56 
3158	20 
3159	67 
3160	19 
3161	14 
3162	32 
3163	17 
3164	96 
3165	100 
3166	3 
3167	20 
3168	31 
3169	72 
3170	89 
3171	87 
3172	45 
3173	47 
3174	92 
3175	19 
3176	72 
3177	84 
3178	33 
3179	40 
3180	74 
3181	91 
3182	100 
3183	51 
3184	24 
3185	97 
3186	51 
3187	92 
3188	17 
3189	44 
3190	7 
3191	22 
3192	94 
3193	62 
3194	11 
3195	20 
3196	25 
3197	25 
3198	42 
3199	28 
3200	1 
3201	31 
3202	85 
3203	23 
3204	55 
3205	60 
3206	65 
3207	74 
3208	30 
3209	7 
3210	35 
3211	97 
3212	41 
3213	65 
3214	15 
3215	84 
3216	76 
3217	95 
3218	93 
3219	20 
3220	6 
3221	89 
3222	100 
3223	12 
3224	17 
3225	57 
3226	95 
3227	17 
3228	99 
3229	57 
3230	6 
3231	58 
3232	4 
3233	50 
3234	2 
3235	41 
3236	82 
3237	1 
3238	35 
3239	41 
3240	91 
3241	26 
3242	47 
3243	16 
3244	57 
3245	35 
3246	53 
3247	92 
3248	63 
3249	50 
3250	36 
3251	69 
3252	42 
3253	44 
3254	46 
3255	48 
3256	15 
3257	67 
3258	12 
3259	77 
3260	42 
3261	13 
3262	20 
3263	90 
3264	70 
3265	26 
3266	27 
3267	37 
3268	62 
3269	58 
3270	20 
3271	66 
3272	28 
3273	70 
3274	44 
3275	20 
3276	30 
3277	43 
3278	94 
3279	74 
3280	90 
3281	91 
3282	72 
3283	32 
3284	89 
3285	25 
3286	37 
3287	101 
3288	26 
3289	13 
3290	77 
3291	97 
3292	82 
3293	53 
3294	57 
3295	32 
3296	1 
3297	77 
3298	63 
3299	47 
3300	3 
3301	31 
3302	91 
3303	81 
3304	23 
3305	100 
3306	99 
3307	40 
3308	21 
3309	10 
3310	95 
3311	58 
3312	13 
3313	20 
3314	101 
3315	61 
3316	4 
3317	77 
3318	41 
3319	68 
3320	82 
3321	89 
3322	92 
3323	96 
3324	7 
3325	83 
3326	10 
3327	57 
3328	95 
3329	64 
3330	91 
3331	36 
3332	32 
3333	39 
3334	39 
3335	96 
3336	36 
3337	68 
3338	92 
3339	93 
3340	72 
3341	15 
3342	89 
3343	1 
3344	1 
3345	2 
3346	26 
3347	21 
3348	68 
3349	30 
3350	83 
3351	91 
3352	49 
3353	88 
3354	94 
3355	98 
3356	20 
3357	41 
3358	10 
3359	12 
3360	72 
3361	32 
3362	2 
3363	46 
3364	2 
3365	76 
3366	41 
3367	25 
3368	84 
3369	5 
3370	4 
3371	48 
3372	12 
3373	51 
3374	42 
3375	74 
3376	26 
3377	23 
3378	57 
3379	54 
3380	84 
3381	1 
3382	66 
3383	92 
3384	86 
3385	70 
3386	53 
3387	52 
3388	45 
3389	53 
3390	51 
3391	5 
3392	26 
3393	87 
3394	40 
3395	71 
3396	63 
3397	40 
3398	67 
3399	30 
3400	54 
3401	15 
3402	44 
3403	86 
3404	94 
3405	23 
3406	3 
3407	84 
3408	84 
3409	22 
3410	60 
3411	80 
3412	12 
3413	21 
3414	69 
3415	7 
3416	95 
3417	39 
3418	35 
3419	64 
3420	89 
3421	76 
3422	13 
3423	15 
3424	8 
3425	40 
3426	73 
3427	68 
3428	61 
3429	9 
3430	32 
3431	75 
3432	23 
3433	87 
3434	17 
3435	47 
3436	38 
3437	98 
3438	51 
3439	45 
3440	61 
3441	2 
3442	67 
3443	45 
3444	6 
3445	46 
3446	96 
3447	25 
3448	18 
3449	94 
3450	99 
3451	40 
3452	9 
3453	74 
3454	6 
3455	8 
3456	67 
3457	40 
3458	51 
3459	25 
3460	71 
3461	14 
3462	77 
3463	42 
3464	51 
3465	72 
3466	18 
3467	41 
3468	67 
3469	25 
3470	5 
3471	37 
3472	66 
3473	26 
3474	27 
3475	78 
3476	6 
3477	8 
3478	31 
3479	11 
3480	29 
3481	92 
3482	92 
3483	91 
3484	26 
3485	18 
3486	40 
3487	4 
3488	89 
3489	76 
3490	54 
3491	85 
3492	83 
3493	75 
3494	28 
3495	59 
3496	18 
3497	40 
3498	7 
3499	35 
3500	63 
3501	10 
3502	43 
3503	68 
3504	46 
3505	98 
3506	74 
3507	36 
3508	93 
3509	83 
3510	10 
3511	62 
3512	77 
3513	95 
3514	68 
3515	92 
3516	59 
3517	23 
3518	25 
3519	77 
3520	13 
3521	2 
3522	67 
3523	60 
3524	71 
3525	12 
3526	1 
3527	35 
3528	81 
3529	47 
3530	44 
3531	83 
3532	21 
3533	82 
3534	90 
3535	76 
3536	90 
3537	91 
3538	65 
3539	82 
3540	13 
3541	33 
3542	45 
3543	58 
3544	8 
3545	26 
3546	58 
3547	13 
3548	14 
3549	25 
3550	63 
3551	57 
3552	3 
3553	78 
3554	91 
3555	51 
3556	5 
3557	83 
3558	27 
3559	32 
3560	11 
3561	30 
3562	75 
3563	24 
3564	30 
3565	1 
3566	92 
3567	56 
3568	89 
3569	12 
3570	87 
3571	16 
3572	91 
3573	12 
3574	80 
3575	62 
3576	30 
3577	84 
3578	67 
3579	16 
3580	39 
3581	33 
3582	84 
3583	7 
3584	2 
3585	69 
3586	84 
3587	46 
3588	63 
3589	73 
3590	23 
3591	37 
3592	96 
3593	20 
3594	3 
3595	55 
3596	20 
3597	30 
3598	93 
3599	27 
3600	88 
3601	68 
3602	76 
3603	77 
3604	89 
3605	57 
3606	73 
3607	64 
3608	75 
3609	58 
3610	74 
3611	8 
3612	45 
3613	31 
3614	91 
3615	24 
3616	67 
3617	8 
3618	52 
3619	95 
3620	9 
3621	50 
3622	71 
3623	8 
3624	91 
3625	37 
3626	67 
3627	90 
3628	46 
3629	7 
3630	67 
3631	68 
3632	37 
3633	40 
3634	35 
3635	83 
3636	10 
3637	7 
3638	93 
3639	88 
3640	82 
3641	67 
3642	38 
3643	89 
3644	62 
3645	72 
3646	73 
3647	47 
3648	34 
3649	37 
3650	71 
3651	53 
3652	47 
3653	29 
3654	25 
3655	20 
3656	30 
3657	87 
3658	15 
3659	76 
3660	64 
3661	27 
3662	30 
3663	31 
3664	27 
3665	30 
3666	15 
3667	75 
3668	36 
3669	44 
3670	26 
3671	99 
3672	38 
3673	99 
3674	10 
3675	52 
3676	42 
3677	99 
3678	101 
3679	95 
3680	101 
3681	77 
3682	5 
3683	68 
3684	99 
3685	67 
3686	73 
3687	99 
3688	8 
3689	17 
3690	33 
3691	6 
3692	48 
3693	26 
3694	50 
3695	12 
3696	76 
3697	36 
3698	70 
3699	51 
3700	38 
3701	41 
3702	12 
3703	68 
3704	39 
3705	26 
3706	11 
3707	23 
3708	10 
3709	1 
3710	9 
3711	80 
3712	43 
3713	14 
3714	77 
3715	15 
3716	69 
3717	99 
3718	94 
3719	68 
3720	76 
3721	53 
3722	44 
3723	61 
3724	11 
3725	7 
3726	25 
3727	52 
3728	68 
3729	68 
3730	46 
3731	84 
3732	31 
3733	57 
3734	96 
3735	27 
3736	12 
3737	17 
3738	71 
3739	36 
3740	75 
3741	31 
3742	6 
3743	30 
3744	78 
3745	73 
3746	68 
3747	6 
3748	57 
3749	89 
3750	26 
3751	33 
3752	48 
3753	69 
3754	82 
3755	26 
3756	57 
3757	36 
3758	43 
3759	20 
3760	36 
3761	7 
3762	68 
3763	38 
3764	34 
3765	85 
3766	39 
3767	2 
3768	90 
3769	50 
3770	3 
3771	5 
3772	27 
3773	42 
3774	37 
3775	36 
3776	64 
3777	84 
3778	85 
3779	72 
3780	63 
3781	52 
3782	58 
3783	1 
3784	93 
3785	46 
3786	73 
3787	52 
3788	27 
3789	19 
3790	13 
3791	69 
3792	75 
3793	7 
3794	42 
3795	80 
3796	56 
3797	20 
3798	13 
3799	18 
3800	89 
3801	67 
3802	57 
3803	35 
3804	35 
3805	72 
3806	75 
3807	40 
3808	95 
3809	42 
3810	46 
3811	94 
3812	23 
3813	76 
3814	90 
3815	14 
3816	63 
3817	79 
3818	40 
3819	50 
3820	51 
3821	7 
3822	25 
3823	94 
3824	83 
3825	60 
3826	92 
3827	36 
3828	51 
3829	15 
3830	44 
3831	18 
3832	50 
3833	24 
3834	3 
3835	20 
3836	94 
3837	31 
3838	46 
3839	18 
3840	22 
3841	42 
3842	30 
3843	45 
3844	47 
3845	30 
3846	100 
3847	3 
3848	14 
3849	99 
3850	71 
3851	57 
3852	69 
3853	1 
3854	52 
3855	72 
3856	41 
3857	35 
3858	89 
3859	10 
3860	10 
3861	42 
3862	12 
3863	99 
3864	24 
3865	19 
3866	51 
3867	46 
3868	13 
3869	69 
3870	59 
3871	77 
3872	57 
3873	11 
3874	17 
3875	52 
3876	26 
3877	1 
3878	20 
3879	33 
3880	75 
3881	66 
3882	17 
3883	100 
3884	21 
3885	63 
3886	63 
3887	90 
3888	97 
3889	19 
3890	20 
3891	36 
3892	98 
3893	15 
3894	37 
3895	23 
3896	1 
3897	4 
3898	9 
3899	59 
3900	43 
3901	84 
3902	17 
3903	34 
3904	40 
3905	99 
3906	63 
3907	6 
3908	20 
3909	38 
3910	79 
3911	7 
3912	58 
3913	13 
3914	99 
3915	87 
3916	75 
3917	85 
3918	31 
3919	48 
3920	94 
3921	20 
3922	7 
3923	7 
3924	15 
3925	18 
3926	72 
3927	76 
3928	57 
3929	63 
3930	54 
3931	57 
3932	91 
3933	4 
3934	35 
3935	35 
3936	63 
3937	1 
3938	37 
3939	83 
3940	25 
3941	41 
3942	60 
3943	11 
3944	6 
3945	84 
3946	42 
3947	71 
3948	94 
3949	42 
3950	71 
3951	41 
3952	63 
3953	19 
3954	12 
3955	42 
3956	85 
3957	36 
3958	73 
3959	37 
3960	41 
3961	86 
3962	18 
3963	64 
3964	53 
3965	8 
3966	42 
3967	9 
3968	17 
3969	99 
3970	77 
3971	71 
3972	28 
3973	37 
3974	30 
3975	85 
3976	69 
3977	13 
3978	5 
3979	7 
3980	63 
3981	9 
3982	75 
3983	36 
3984	99 
3985	35 
3986	83 
3987	90 
3988	47 
3989	76 
3990	59 
3991	69 
3992	61 
3993	28 
3994	101 
3995	90 
3996	25 
3997	54 
3998	38 
3999	24 
4000	40 
4001	18 
4002	47 
4003	40 
4004	47 
4005	91 
4006	7 
4007	83 
4008	84 
4009	39 
4010	84 
4011	42 
4012	97 
4013	64 
4014	15 
4015	7 
4016	5 
4017	68 
4018	6 
4019	15 
4020	86 
4021	62 
4022	38 
4023	67 
4024	84 
4025	12 
4026	9 
4027	36 
4028	16 
4029	64 
4030	19 
4031	12 
4032	2 
4033	58 
4034	60 
4035	47 
4036	70 
4037	67 
4038	22 
4039	35 
4040	20 
4041	90 
4042	15 
4043	89 
4044	40 
4045	52 
4046	99 
4047	89 
4048	40 
4049	12 
4050	34 
4051	61 
4052	47 
4053	12 
4054	15 
4055	1 
4056	20 
4057	2 
4058	90 
4059	6 
4060	15 
4061	26 
4062	77 
4063	24 
4064	15 
4065	67 
4066	1 
4067	77 
4068	84 
4069	57 
4070	84 
4071	89 
4072	12 
4073	14 
4074	1 
4075	56 
4076	7 
4077	91 
4078	60 
4079	57 
4080	72 
4081	14 
4082	36 
4083	42 
4084	99 
4085	80 
4086	11 
4087	20 
4088	42 
4089	29 
4090	45 
4091	38 
4092	51 
4093	13 
4094	15 
4095	6 
4096	83 
4097	22 
4098	90 
4099	49 
4100	15 
4101	85 
4102	12 
4103	40 
4104	40 
4105	46 
4106	93 
4107	39 
4108	2 
4109	40 
4110	84 
4111	46 
4112	41 
4113	28 
4114	18 
4115	24 
4116	61 
4117	41 
4118	95 
4119	36 
4120	6 
4121	96 
4122	25 
4123	26 
4124	31 
4125	3 
4126	98 
4127	58 
4128	15 
4129	72 
4130	69 
4131	95 
4132	97 
4133	94 
4134	23 
4135	52 
4136	90 
4137	42 
4138	13 
4139	1 
4140	1 
4141	46 
4142	59 
4143	77 
4144	82 
4145	63 
4146	25 
4147	6 
4148	38 
4149	20 
4150	43 
4151	77 
4152	1 
4153	14 
4154	68 
4155	11 
4156	67 
4157	15 
4158	54 
4159	18 
4160	37 
4161	25 
4162	99 
4163	39 
4164	93 
4165	46 
4166	61 
4167	31 
4168	1 
4169	80 
4170	5 
4171	27 
4172	89 
4173	34 
4174	47 
4175	2 
4176	100 
4177	5 
4178	26 
4179	25 
4180	37 
4181	72 
4182	19 
4183	32 
4184	36 
4185	19 
4186	20 
4187	33 
4188	42 
4189	97 
4190	37 
4191	15 
4192	67 
4193	62 
4194	45 
4195	32 
4196	69 
4197	40 
4198	19 
4199	1 
4200	95 
4201	80 
4202	20 
4203	18 
4204	19 
4205	46 
4206	40 
4207	91 
4208	35 
4209	57 
4210	45 
4211	39 
4212	13 
4213	47 
4214	70 
4215	17 
4216	72 
4217	39 
4218	6 
4219	60 
4220	55 
4221	33 
4222	26 
4223	55 
4224	72 
4225	71 
4226	89 
4227	56 
4228	52 
4229	35 
4230	37 
4231	36 
4232	71 
4233	33 
4234	67 
4235	14 
4236	38 
4237	15 
4238	96 
4239	5 
4240	75 
4241	47 
4242	99 
4243	36 
4244	20 
4245	99 
4246	85 
4247	91 
4248	16 
4249	75 
4250	87 
4251	11 
4252	91 
4253	75 
4254	38 
4255	89 
4256	87 
4257	45 
4258	77 
4259	74 
4260	64 
4261	38 
4262	61 
4263	91 
4264	91 
4265	2 
4266	68 
4267	2 
4268	45 
4269	91 
4270	68 
4271	37 
4272	47 
4273	37 
4274	57 
4275	19 
4276	40 
4277	31 
4278	55 
4279	77 
4280	36 
4281	25 
4282	75 
4283	26 
4284	14 
4285	90 
4286	53 
4287	54 
4288	31 
4289	1 
4290	101 
4291	32 
4292	32 
4293	20 
4294	95 
4295	15 
4296	21 
4297	64 
4298	37 
4299	84 
4300	80 
4301	36 
4302	86 
4303	48 
4304	37 
4305	87 
4306	89 
4307	38 
4308	51 
4309	95 
4310	51 
4311	35 
4312	10 
4313	13 
4314	40 
4315	99 
4316	93 
4317	98 
4318	10 
4319	72 
4320	47 
4321	46 
4322	14 
4323	84 
4324	20 
4325	13 
4326	91 
4327	7 
4328	67 
4329	30 
4330	40 
4331	10 
4332	12 
4333	42 
4334	14 
4335	90 
4336	10 
4337	20 
4338	41 
4339	89 
4340	25 
4341	89 
4342	92 
4343	79 
4344	32 
4345	14 
4346	11 
4347	74 
4348	12 
4349	75 
4350	39 
4351	24 
4352	22 
4353	47 
4354	7 
4355	15 
4356	81 
4357	61 
4358	42 
4359	48 
4360	41 
4361	25 
4362	91 
4363	43 
4364	73 
4365	92 
4366	68 
4367	72 
4368	3 
4369	21 
4370	14 
4371	82 
4372	26 
4373	77 
4374	76 
4375	40 
4376	37 
4377	42 
4378	67 
4379	36 
4380	67 
4381	91 
4382	69 
4383	6 
4384	36 
4385	8 
4386	33 
4387	94 
4388	101 
4389	21 
4390	68 
4391	43 
4392	57 
4393	82 
4394	50 
4395	50 
4396	21 
4397	97 
4398	77 
4399	98 
4400	45 
4401	86 
4402	67 
4403	46 
4404	37 
4405	83 
4406	13 
4407	73 
4408	78 
4409	43 
4410	26 
4411	19 
4412	1 
4413	36 
4414	52 
4415	46 
4416	9 
4417	97 
4418	83 
4419	83 
4420	27 
4421	69 
4422	75 
4423	84 
4424	65 
4425	90 
4426	21 
4427	30 
4428	93 
4429	37 
4430	97 
4431	40 
4432	57 
4433	57 
4434	67 
4435	52 
4436	1 
4437	49 
4438	18 
4439	76 
4440	87 
4441	21 
4442	33 
4443	50 
4444	75 
4445	31 
4446	91 
4447	41 
4448	20 
4449	16 
4450	24 
4451	53 
4452	68 
4453	87 
4454	23 
4455	100 
4456	81 
4457	53 
4458	39 
4459	1 
4460	31 
4461	89 
4462	33 
4463	35 
4464	41 
4465	78 
4466	53 
4467	94 
4468	33 
4469	65 
4470	82 
4471	51 
4472	93 
4473	94 
4474	52 
4475	37 
4476	67 
4477	69 
4478	18 
4479	57 
4480	46 
4481	31 
4482	13 
4483	90 
4484	58 
4485	101 
4486	71 
4487	54 
4488	47 
4489	41 
4490	41 
4491	13 
4492	25 
4493	69 
4494	1 
4495	63 
4496	97 
4497	77 
4498	23 
4499	80 
4500	101 
4501	82 
4502	52 
4503	51 
4504	25 
4505	96 
4506	10 
4507	50 
4508	31 
4509	30 
4510	67 
4511	25 
4512	25 
4513	99 
4514	35 
4515	75 
4516	46 
4517	92 
4518	12 
4519	50 
4520	27 
4521	42 
4522	58 
4523	47 
4524	1 
4525	69 
4526	50 
4527	21 
4528	5 
4529	6 
4530	52 
4531	35 
4532	94 
4533	76 
4534	1 
4535	68 
4536	35 
4537	91 
4538	41 
4539	26 
4540	36 
4541	12 
4542	57 
4543	78 
4544	92 
4545	73 
4546	87 
4547	58 
4548	42 
4549	21 
4550	18 
4551	31 
4552	7 
4553	40 
4554	64 
4555	89 
4556	26 
4557	56 
4558	16 
4559	14 
4560	84 
4561	34 
4562	32 
4563	26 
4564	69 
4565	40 
4566	32 
4567	91 
4568	41 
4569	45 
4570	98 
4571	3 
4572	6 
4573	37 
4574	91 
4575	18 
4576	37 
4577	22 
4578	80 
4579	2 
4580	24 
4581	19 
4582	21 
4583	65 
4584	26 
4585	67 
4586	57 
4587	6 
4588	31 
4589	9 
4590	23 
4591	41 
4592	20 
4593	43 
4594	87 
4595	99 
4596	93 
4597	18 
4598	78 
4599	98 
4600	82 
4601	70 
4602	10 
4603	31 
4604	78 
4605	53 
4606	14 
4607	45 
4608	95 
4609	42 
4610	1 
4611	6 
4612	49 
4613	20 
4614	16 
4615	23 
4616	57 
4617	95 
4618	97 
4619	18 
4620	68 
4621	15 
4622	1 
4623	90 
4624	41 
4625	89 
4626	66 
4627	7 
4628	66 
4629	83 
4630	72 
4631	1 
4632	35 
4633	3 
4634	38 
4635	26 
4636	34 
4637	35 
4638	13 
4639	67 
4640	62 
4641	57 
4642	37 
4643	28 
4644	21 
4645	92 
4646	99 
4647	2 
4648	85 
4649	22 
4650	66 
4651	35 
4652	71 
4653	69 
4654	40 
4655	101 
4656	56 
4657	32 
4658	66 
4659	7 
4660	41 
4661	1 
4662	87 
4663	99 
4664	18 
4665	67 
4666	41 
4667	10 
4668	25 
4669	82 
4670	90 
4671	41 
4672	95 
4673	80 
4674	50 
4675	6 
4676	25 
4677	75 
4678	63 
4679	57 
4680	34 
4681	29 
4682	87 
4683	41 
4684	56 
4685	54 
4686	24 
4687	7 
4688	14 
4689	1 
4690	63 
4691	69 
4692	41 
4693	25 
4694	101 
4695	42 
4696	71 
4697	3 
4698	21 
4699	81 
4700	95 
4701	66 
4702	50 
4703	38 
4704	35 
4705	71 
4706	77 
4707	13 
4708	22 
4709	52 
4710	60 
4711	69 
4712	59 
4713	78 
4714	52 
4715	5 
4716	24 
4717	37 
4718	74 
4719	43 
4720	48 
4721	52 
4722	80 
4723	57 
4724	89 
4725	10 
4726	19 
4727	40 
4728	18 
4729	10 
4730	64 
4731	3 
4732	68 
4733	37 
4734	51 
4735	96 
4736	12 
4737	24 
4738	20 
4739	87 
4740	41 
4741	91 
4742	67 
4743	8 
4744	83 
4745	15 
4746	99 
4747	15 
4748	3 
4749	26 
4750	50 
4751	40 
4752	91 
4753	68 
4754	32 
4755	57 
4756	40 
4757	83 
4758	41 
4759	83 
4760	84 
4761	86 
4762	47 
4763	60 
4764	25 
4765	71 
4766	41 
4767	57 
4768	67 
4769	62 
4770	5 
4771	76 
4772	38 
4773	100 
4774	42 
4775	45 
4776	16 
4777	85 
4778	44 
4779	38 
4780	3 
4781	53 
4782	9 
4783	5 
4784	41 
4785	7 
4786	36 
4787	63 
4788	2 
4789	89 
4790	46 
4791	89 
4792	11 
4793	90 
4794	89 
4795	71 
4796	52 
4797	52 
4798	68 
4799	80 
4800	37 
4801	2 
4802	81 
4803	58 
4804	53 
4805	18 
4806	55 
4807	68 
4808	35 
4809	18 
4810	92 
4811	67 
4812	90 
4813	42 
4814	43 
4815	75 
4816	69 
4817	77 
4818	4 
4819	89 
4820	46 
4821	73 
4822	42 
4823	37 
4824	37 
4825	20 
4826	72 
4827	20 
4828	62 
4829	77 
4830	95 
4831	23 
4832	92 
4833	6 
4834	13 
4835	5 
4836	26 
4837	37 
4838	94 
4839	75 
4840	43 
4841	13 
4842	12 
4843	51 
4844	69 
4845	51 
4846	90 
4847	5 
4848	58 
4849	30 
4850	23 
4851	57 
4852	28 
4853	14 
4854	63 
4855	27 
4856	24 
4857	52 
4858	101 
4859	41 
4860	25 
4861	22 
4862	53 
4863	18 
4864	82 
4865	7 
4866	1 
4867	45 
4868	89 
4869	84 
4870	41 
4871	75 
4872	12 
4873	76 
4874	41 
4875	57 
4876	25 
4877	20 
4878	47 
4879	82 
4880	99 
4881	7 
4882	99 
4883	46 
4884	2 
4885	89 
4886	50 
4887	3 
4888	10 
4889	53 
4890	6 
4891	2 
4892	96 
4893	32 
4894	3 
4895	45 
4896	97 
4897	7 
4898	45 
4899	21 
4900	37 
4901	30 
4902	13 
4903	38 
4904	31 
4905	25 
4906	60 
4907	69 
4908	55 
4909	31 
4910	91 
4911	11 
4912	97 
4913	45 
4914	25 
4915	11 
4916	15 
4917	47 
4918	13 
4919	61 
4920	25 
4921	24 
4922	47 
4923	80 
4924	43 
4925	67 
4926	12 
4927	1 
4928	76 
4929	18 
4930	21 
4931	75 
4932	46 
4933	20 
4934	93 
4935	46 
4936	41 
4937	35 
4938	68 
4939	53 
4940	1 
4941	6 
4942	97 
4943	84 
4944	69 
4945	57 
4946	26 
4947	25 
4948	18 
4949	7 
4950	40 
4951	22 
4952	14 
4953	53 
4954	24 
4955	99 
4956	41 
4957	41 
4958	31 
4959	6 
4960	39 
4961	75 
4962	48 
4963	96 
4964	26 
4965	40 
4966	92 
4967	36 
4968	86 
4969	76 
4970	5 
4971	57 
4972	97 
4973	55 
4974	41 
4975	58 
4976	67 
4977	68 
4978	61 
4979	18 
4980	53 
4981	31 
4982	67 
4983	68 
4984	15 
4985	40 
4986	6 
4987	76 
4988	91 
4989	71 
4990	99 
4991	69 
4992	5 
4993	46 
4994	27 
4995	68 
4996	22 
4997	26 
4998	23 
4999	46 
5000	99 
