1	23 
2	33 
3	36 
4	36 
5	11 
6	31 
7	35 
8	13 
9	38 
10	28 
11	7 
12	34 
13	32 
14	31 
15	16 
16	23 
17	26 
18	5 
19	9 
20	13 
21	2 
22	23 
23	17 
24	12 
25	6 
26	36 
27	1 
28	9 
29	34 
30	31 
31	21 
32	1 
33	32 
34	22 
35	17 
36	35 
37	33 
38	16 
39	19 
40	6 
41	16 
42	32 
43	22 
44	2 
45	32 
46	1 
47	19 
48	34 
49	16 
50	30 
51	33 
52	8 
53	27 
54	20 
55	35 
56	8 
57	38 
58	32 
59	38 
60	11 
61	9 
62	13 
63	21 
64	34 
65	2 
66	11 
67	17 
68	6 
69	25 
70	12 
71	10 
72	13 
73	13 
74	29 
75	23 
76	38 
77	2 
78	6 
79	38 
80	4 
81	37 
82	30 
83	33 
84	35 
85	35 
86	1 
87	1 
88	35 
89	25 
90	29 
91	28 
92	5 
93	26 
94	19 
95	4 
96	23 
97	19 
98	4 
99	29 
100	6 
101	1 
102	25 
103	19 
104	13 
105	38 
106	19 
107	21 
108	32 
109	3 
110	15 
111	2 
112	27 
113	12 
114	12 
115	2 
116	31 
117	36 
118	8 
119	36 
120	33 
121	2 
122	16 
123	20 
124	29 
125	15 
126	6 
127	16 
128	12 
129	19 
130	34 
131	23 
132	20 
133	33 
134	36 
135	17 
136	20 
137	27 
138	26 
139	16 
140	27 
141	16 
142	34 
143	9 
144	18 
145	39 
146	25 
147	22 
148	32 
149	1 
150	32 
151	39 
152	2 
153	14 
154	35 
155	11 
156	4 
157	6 
158	5 
159	24 
160	37 
161	19 
162	2 
163	10 
164	38 
165	15 
166	9 
167	2 
168	38 
169	33 
170	26 
171	1 
172	16 
173	29 
174	24 
175	13 
176	16 
177	16 
178	7 
179	17 
180	16 
181	1 
182	1 
183	30 
184	9 
185	7 
186	36 
187	11 
188	36 
189	9 
190	10 
191	20 
192	12 
193	5 
194	10 
195	13 
196	29 
197	9 
198	4 
199	2 
200	4 
201	38 
202	10 
203	11 
204	25 
205	23 
206	32 
207	35 
208	33 
209	16 
210	19 
211	28 
212	8 
213	1 
214	18 
215	2 
216	23 
217	34 
218	17 
219	8 
220	29 
221	13 
222	39 
223	28 
224	36 
225	4 
226	34 
227	15 
228	9 
229	3 
230	38 
231	1 
232	34 
233	5 
234	33 
235	2 
236	2 
237	26 
238	29 
239	33 
240	14 
241	33 
242	4 
243	24 
244	11 
245	9 
246	32 
247	32 
248	30 
249	29 
250	11 
251	1 
252	22 
253	13 
254	12 
255	28 
256	2 
257	15 
258	30 
259	21 
260	21 
261	33 
262	29 
263	24 
264	16 
265	2 
266	1 
267	19 
268	35 
269	39 
270	32 
271	21 
272	35 
273	38 
274	12 
275	1 
276	33 
277	1 
278	5 
279	7 
280	2 
281	6 
282	5 
283	2 
284	13 
285	32 
286	16 
287	1 
288	7 
289	22 
290	28 
291	34 
292	15 
293	1 
294	32 
295	28 
296	35 
297	11 
298	29 
299	5 
300	21 
301	30 
302	20 
303	25 
304	28 
305	38 
306	38 
307	23 
308	8 
309	36 
310	35 
311	18 
312	12 
313	12 
314	10 
315	21 
316	36 
317	17 
318	30 
319	2 
320	23 
321	35 
322	16 
323	6 
324	4 
325	33 
326	13 
327	16 
328	12 
329	3 
330	29 
331	34 
332	35 
333	15 
334	2 
335	26 
336	2 
337	30 
338	38 
339	23 
340	24 
341	32 
342	9 
343	29 
344	29 
345	31 
346	35 
347	17 
348	19 
349	1 
350	12 
351	20 
352	31 
353	12 
354	30 
355	37 
356	35 
357	2 
358	7 
359	36 
360	39 
361	29 
362	16 
363	13 
364	9 
365	32 
366	12 
367	17 
368	28 
369	23 
370	19 
371	2 
372	17 
373	31 
374	37 
375	9 
376	18 
377	16 
378	5 
379	5 
380	16 
381	28 
382	17 
383	36 
384	5 
385	6 
386	14 
387	7 
388	24 
389	32 
390	13 
391	5 
392	34 
393	19 
394	14 
395	39 
396	3 
397	17 
398	13 
399	31 
400	22 
401	35 
402	34 
403	36 
404	24 
405	4 
406	32 
407	28 
408	13 
409	38 
410	4 
411	34 
412	37 
413	16 
414	33 
415	13 
416	9 
417	17 
418	13 
419	2 
420	17 
421	26 
422	12 
423	23 
424	16 
425	31 
426	24 
427	32 
428	8 
429	35 
430	33 
431	11 
432	11 
433	32 
434	39 
435	19 
436	17 
437	29 
438	1 
439	34 
440	4 
441	32 
442	2 
443	23 
444	20 
445	19 
446	27 
447	36 
448	4 
449	37 
450	13 
451	38 
452	24 
453	29 
454	6 
455	35 
456	32 
457	13 
458	6 
459	13 
460	20 
461	23 
462	1 
463	7 
464	35 
465	12 
466	11 
467	15 
468	2 
469	19 
470	35 
471	10 
472	27 
473	33 
474	9 
475	31 
476	19 
477	17 
478	19 
479	5 
480	1 
481	16 
482	5 
483	32 
484	35 
485	19 
486	4 
487	2 
488	35 
489	23 
490	12 
491	26 
492	16 
493	13 
494	35 
495	20 
496	3 
497	11 
498	8 
499	3 
500	12 
501	1 
502	12 
503	1 
504	29 
505	19 
506	14 
507	19 
508	20 
509	5 
510	13 
511	20 
512	12 
513	28 
514	32 
515	34 
516	27 
517	12 
518	5 
519	34 
520	3 
521	29 
522	29 
523	33 
524	28 
525	19 
526	6 
527	24 
528	27 
529	32 
530	6 
531	1 
532	30 
533	31 
534	17 
535	30 
536	18 
537	28 
538	3 
539	17 
540	13 
541	14 
542	2 
543	1 
544	33 
545	19 
546	25 
547	19 
548	5 
549	39 
550	38 
551	13 
552	5 
553	2 
554	19 
555	17 
556	25 
557	34 
558	4 
559	19 
560	22 
561	30 
562	9 
563	17 
564	12 
565	26 
566	17 
567	26 
568	25 
569	3 
570	37 
571	13 
572	13 
573	16 
574	25 
575	38 
576	29 
577	6 
578	17 
579	12 
580	35 
581	7 
582	16 
583	22 
584	3 
585	7 
586	29 
587	11 
588	30 
589	36 
590	2 
591	36 
592	33 
593	12 
594	6 
595	26 
596	5 
597	5 
598	34 
599	12 
600	13 
601	22 
602	17 
603	17 
604	13 
605	20 
606	30 
607	23 
608	4 
609	16 
610	34 
611	13 
612	34 
613	12 
614	12 
615	8 
616	23 
617	33 
618	35 
619	29 
620	27 
621	38 
622	25 
623	17 
624	1 
625	13 
626	25 
627	23 
628	36 
629	31 
630	36 
631	11 
632	17 
633	23 
634	30 
635	19 
636	29 
637	13 
638	28 
639	28 
640	21 
641	35 
642	8 
643	17 
644	14 
645	37 
646	1 
647	25 
648	34 
649	14 
650	33 
651	26 
652	6 
653	28 
654	36 
655	28 
656	5 
657	11 
658	14 
659	32 
660	28 
661	32 
662	26 
663	37 
664	13 
665	16 
666	18 
667	8 
668	21 
669	35 
670	38 
671	35 
672	34 
673	12 
674	13 
675	37 
676	36 
677	11 
678	1 
679	4 
680	22 
681	34 
682	4 
683	33 
684	14 
685	19 
686	20 
687	36 
688	17 
689	20 
690	2 
691	9 
692	13 
693	2 
694	33 
695	12 
696	23 
697	29 
698	19 
699	15 
700	12 
701	26 
702	36 
703	4 
704	38 
705	16 
706	11 
707	28 
708	21 
709	19 
710	6 
711	26 
712	38 
713	2 
714	25 
715	26 
716	5 
717	17 
718	19 
719	33 
720	32 
721	38 
722	38 
723	24 
724	36 
725	2 
726	1 
727	5 
728	1 
729	23 
730	33 
731	2 
732	18 
733	32 
734	16 
735	5 
736	12 
737	17 
738	2 
739	32 
740	24 
741	20 
742	7 
743	26 
744	29 
745	2 
746	28 
747	23 
748	15 
749	17 
750	36 
751	17 
752	17 
753	13 
754	20 
755	25 
756	10 
757	15 
758	12 
759	39 
760	26 
761	33 
762	17 
763	33 
764	6 
765	25 
766	5 
767	17 
768	19 
769	36 
770	19 
771	33 
772	38 
773	27 
774	1 
775	30 
776	35 
777	13 
778	16 
779	24 
780	32 
781	34 
782	19 
783	13 
784	10 
785	2 
786	1 
787	35 
788	3 
789	35 
790	15 
791	35 
792	37 
793	35 
794	38 
795	33 
796	18 
797	21 
798	23 
799	12 
800	25 
801	36 
802	4 
803	12 
804	2 
805	20 
806	11 
807	23 
808	3 
809	14 
810	13 
811	15 
812	11 
813	22 
814	5 
815	16 
816	33 
817	28 
818	11 
819	19 
820	1 
821	7 
822	34 
823	11 
824	22 
825	6 
826	5 
827	22 
828	17 
829	12 
830	17 
831	18 
832	17 
833	19 
834	24 
835	13 
836	9 
837	1 
838	10 
839	38 
840	25 
841	17 
842	12 
843	35 
844	11 
845	14 
846	6 
847	7 
848	21 
849	5 
850	33 
851	19 
852	25 
853	16 
854	19 
855	8 
856	15 
857	20 
858	13 
859	25 
860	17 
861	19 
862	12 
863	30 
864	34 
865	32 
866	34 
867	14 
868	1 
869	1 
870	11 
871	35 
872	29 
873	13 
874	12 
875	11 
876	21 
877	29 
878	9 
879	29 
880	9 
881	2 
882	1 
883	5 
884	33 
885	3 
886	5 
887	9 
888	2 
889	39 
890	27 
891	2 
892	6 
893	15 
894	15 
895	4 
896	23 
897	13 
898	26 
899	13 
900	15 
901	24 
902	34 
903	7 
904	34 
905	35 
906	26 
907	32 
908	18 
909	35 
910	16 
911	5 
912	7 
913	5 
914	20 
915	16 
916	17 
917	29 
918	11 
919	17 
920	13 
921	7 
922	12 
923	4 
924	25 
925	11 
926	12 
927	36 
928	16 
929	5 
930	23 
931	26 
932	38 
933	11 
934	11 
935	23 
936	16 
937	35 
938	20 
939	32 
940	38 
941	23 
942	5 
943	28 
944	13 
945	23 
946	35 
947	26 
948	32 
949	10 
950	1 
951	21 
952	16 
953	4 
954	19 
955	36 
956	13 
957	33 
958	2 
959	5 
960	32 
961	5 
962	20 
963	38 
964	16 
965	24 
966	17 
967	26 
968	34 
969	20 
970	23 
971	26 
972	38 
973	5 
974	1 
975	22 
976	16 
977	38 
978	12 
979	13 
980	2 
981	19 
982	23 
983	13 
984	1 
985	15 
986	19 
987	8 
988	21 
989	36 
990	38 
991	13 
992	33 
993	36 
994	38 
995	15 
996	5 
997	8 
998	38 
999	12 
1000	9 
