1	40 
2	38 
3	23 
4	5 
5	23 
6	10 
7	22 
8	9 
9	15 
10	10 
11	32 
12	27 
13	39 
14	38 
15	29 
16	23 
17	29 
18	9 
19	4 
20	31 
21	23 
22	9 
23	27 
24	11 
25	32 
26	15 
27	21 
28	17 
29	39 
30	41 
31	27 
32	37 
33	23 
34	38 
35	34 
36	9 
37	17 
38	25 
39	14 
40	30 
41	17 
42	16 
43	21 
44	41 
45	39 
46	41 
47	38 
48	2 
49	25 
50	37 
51	8 
52	30 
53	34 
54	6 
55	17 
56	30 
57	19 
58	1 
59	9 
60	28 
61	29 
62	14 
63	4 
64	10 
65	9 
66	8 
67	23 
68	38 
69	11 
70	2 
71	26 
72	24 
73	32 
74	13 
75	21 
76	22 
77	32 
78	15 
79	7 
80	39 
81	27 
82	29 
83	17 
84	19 
85	21 
86	24 
87	11 
88	37 
89	10 
90	40 
91	35 
92	4 
93	38 
94	15 
95	23 
96	9 
97	11 
98	22 
99	39 
100	32 
101	5 
102	35 
103	15 
104	9 
105	32 
106	29 
107	26 
108	8 
109	27 
110	21 
111	6 
112	35 
113	8 
114	26 
115	36 
116	30 
117	3 
118	33 
119	4 
120	11 
121	36 
122	2 
123	29 
124	29 
125	38 
126	9 
127	26 
128	18 
129	39 
130	6 
131	5 
132	23 
133	2 
134	9 
135	22 
136	23 
137	30 
138	11 
139	24 
140	41 
141	9 
142	1 
143	11 
144	18 
145	22 
146	15 
147	39 
148	8 
149	17 
150	6 
151	23 
152	15 
153	39 
154	33 
155	25 
156	32 
157	33 
158	34 
159	5 
160	18 
161	40 
162	14 
163	29 
164	32 
165	4 
166	35 
167	11 
168	22 
169	9 
170	22 
171	19 
172	32 
173	7 
174	39 
175	20 
176	22 
177	9 
178	29 
179	13 
180	15 
181	29 
182	31 
183	23 
184	39 
185	39 
186	4 
187	32 
188	38 
189	36 
190	15 
191	9 
192	12 
193	24 
194	39 
195	30 
196	7 
197	7 
198	18 
199	8 
200	13 
201	15 
202	38 
203	10 
204	35 
205	18 
206	22 
207	3 
208	4 
209	30 
210	9 
211	14 
212	41 
213	14 
214	31 
215	15 
216	1 
217	7 
218	11 
219	29 
220	4 
221	34 
222	11 
223	23 
224	27 
225	24 
226	11 
227	9 
228	38 
229	18 
230	10 
231	24 
232	10 
233	38 
234	18 
235	29 
236	22 
237	40 
238	9 
239	10 
240	29 
241	4 
242	36 
243	34 
244	2 
245	11 
246	19 
247	36 
248	19 
249	16 
250	38 
251	8 
252	34 
253	16 
254	10 
255	1 
256	13 
257	25 
258	18 
259	1 
260	28 
261	21 
262	34 
263	1 
264	37 
265	4 
266	6 
267	15 
268	41 
269	35 
270	31 
271	10 
272	38 
273	2 
274	31 
275	29 
276	32 
277	10 
278	38 
279	6 
280	23 
281	12 
282	11 
283	26 
284	11 
285	7 
286	40 
287	17 
288	16 
289	11 
290	22 
291	19 
292	14 
293	32 
294	11 
295	27 
296	32 
297	13 
298	40 
299	2 
300	14 
301	22 
302	37 
303	7 
304	2 
305	28 
306	10 
307	17 
308	26 
309	19 
310	24 
311	33 
312	20 
313	41 
314	6 
315	29 
316	6 
317	4 
318	29 
319	19 
320	39 
321	28 
322	4 
323	32 
324	38 
325	31 
326	10 
327	18 
328	1 
329	28 
330	18 
331	15 
332	22 
333	19 
334	17 
335	11 
336	25 
337	20 
338	26 
339	22 
340	34 
341	27 
342	1 
343	5 
344	21 
345	35 
346	32 
347	2 
348	12 
349	29 
350	36 
351	23 
352	38 
353	31 
354	22 
355	23 
356	22 
357	17 
358	18 
359	18 
360	2 
361	33 
362	41 
363	29 
364	22 
365	41 
366	38 
367	17 
368	37 
369	22 
370	15 
371	10 
372	9 
373	33 
374	7 
375	15 
376	19 
377	25 
378	18 
379	11 
380	8 
381	4 
382	7 
383	19 
384	19 
385	17 
386	12 
387	23 
388	10 
389	40 
390	39 
391	9 
392	18 
393	32 
394	17 
395	26 
396	29 
397	18 
398	6 
399	38 
400	29 
401	12 
402	18 
403	2 
404	9 
405	20 
406	38 
407	22 
408	6 
409	15 
410	3 
411	29 
412	10 
413	21 
414	41 
415	37 
416	4 
417	25 
418	30 
419	16 
420	30 
421	8 
422	15 
423	33 
424	8 
425	22 
426	6 
427	8 
428	9 
429	32 
430	4 
431	39 
432	31 
433	9 
434	9 
435	20 
436	36 
437	29 
438	22 
439	10 
440	38 
441	21 
442	32 
443	17 
444	16 
445	25 
446	26 
447	19 
448	7 
449	24 
450	29 
451	9 
452	24 
453	37 
454	7 
455	28 
456	20 
457	36 
458	3 
459	20 
460	29 
461	15 
462	29 
463	2 
464	30 
465	3 
466	10 
467	31 
468	23 
469	4 
470	24 
471	36 
472	5 
473	40 
474	3 
475	11 
476	16 
477	10 
478	26 
479	32 
480	21 
481	19 
482	24 
483	17 
484	22 
485	28 
486	11 
487	22 
488	32 
489	30 
490	2 
491	4 
492	10 
493	17 
494	13 
495	28 
496	37 
497	9 
498	20 
499	20 
500	40 
501	34 
502	23 
503	18 
504	20 
505	33 
506	18 
507	21 
508	1 
509	18 
510	29 
511	18 
512	4 
513	3 
514	12 
515	33 
516	10 
517	29 
518	23 
519	11 
520	5 
521	22 
522	5 
523	16 
524	4 
525	32 
526	34 
527	35 
528	32 
529	26 
530	10 
531	7 
532	17 
533	41 
534	18 
535	8 
536	19 
537	29 
538	33 
539	2 
540	23 
541	10 
542	38 
543	12 
544	20 
545	29 
546	31 
547	34 
548	11 
549	36 
550	38 
551	25 
552	7 
553	9 
554	22 
555	41 
556	26 
557	26 
558	35 
559	37 
560	39 
561	30 
562	21 
563	17 
564	10 
565	38 
566	24 
567	8 
568	3 
569	26 
570	16 
571	25 
572	11 
573	32 
574	38 
575	8 
576	16 
577	29 
578	1 
579	23 
580	39 
581	11 
582	24 
583	23 
584	32 
585	6 
586	18 
587	2 
588	17 
589	34 
590	20 
591	26 
592	7 
593	22 
594	22 
595	39 
596	10 
597	22 
598	29 
599	36 
600	17 
601	17 
602	12 
603	8 
604	32 
605	13 
606	39 
607	15 
608	29 
609	26 
610	35 
611	29 
612	24 
613	27 
614	9 
615	6 
616	29 
617	38 
618	23 
619	29 
620	13 
621	8 
622	40 
623	37 
624	17 
625	27 
626	2 
627	41 
628	39 
629	12 
630	23 
631	28 
632	17 
633	11 
634	30 
635	34 
636	22 
637	26 
638	26 
639	26 
640	32 
641	9 
642	41 
643	39 
644	39 
645	15 
646	17 
647	29 
648	32 
649	30 
650	34 
651	40 
652	17 
653	5 
654	18 
655	34 
656	40 
657	9 
658	1 
659	36 
660	23 
661	10 
662	11 
663	27 
664	2 
665	38 
666	7 
667	17 
668	9 
669	30 
670	26 
671	3 
672	41 
673	22 
674	6 
675	13 
676	24 
677	40 
678	38 
679	22 
680	37 
681	2 
682	15 
683	30 
684	12 
685	2 
686	40 
687	21 
688	21 
689	9 
690	34 
691	11 
692	40 
693	41 
694	28 
695	21 
696	34 
697	3 
698	13 
699	41 
700	29 
701	17 
702	4 
703	29 
704	41 
705	17 
706	3 
707	21 
708	38 
709	6 
710	9 
711	18 
712	29 
713	4 
714	24 
715	14 
716	13 
717	9 
718	5 
719	28 
720	37 
721	22 
722	32 
723	40 
724	2 
725	9 
726	11 
727	4 
728	27 
729	17 
730	29 
731	12 
732	41 
733	25 
734	5 
735	11 
736	34 
737	8 
738	1 
739	24 
740	9 
741	23 
742	9 
743	9 
744	17 
745	17 
746	11 
747	4 
748	24 
749	2 
750	15 
751	41 
752	37 
753	6 
754	2 
755	10 
756	4 
757	4 
758	27 
759	10 
760	9 
761	2 
762	24 
763	25 
764	38 
765	14 
766	9 
767	29 
768	12 
769	38 
770	16 
771	15 
772	9 
773	14 
774	22 
775	26 
776	25 
777	11 
778	37 
779	9 
780	11 
781	14 
782	17 
783	5 
784	26 
785	17 
786	7 
787	28 
788	11 
789	14 
790	32 
791	4 
792	23 
793	19 
794	38 
795	18 
796	25 
797	17 
798	28 
799	3 
800	6 
801	17 
802	11 
803	23 
804	18 
805	41 
806	19 
807	22 
808	16 
809	24 
810	21 
811	12 
812	2 
813	36 
814	9 
815	18 
816	37 
817	19 
818	40 
819	14 
820	24 
821	25 
822	10 
823	9 
824	9 
825	41 
826	10 
827	32 
828	4 
829	18 
830	10 
831	26 
832	21 
833	36 
834	41 
835	41 
836	21 
837	2 
838	9 
839	40 
840	38 
841	10 
842	17 
843	14 
844	36 
845	41 
846	29 
847	17 
848	19 
849	34 
850	21 
851	19 
852	40 
853	11 
854	8 
855	17 
856	38 
857	40 
858	32 
859	23 
860	19 
861	4 
862	11 
863	41 
864	29 
865	10 
866	40 
867	38 
868	21 
869	15 
870	15 
871	40 
872	41 
873	40 
874	19 
875	9 
876	25 
877	2 
878	7 
879	2 
880	32 
881	41 
882	7 
883	25 
884	11 
885	11 
886	36 
887	29 
888	29 
889	6 
890	29 
891	38 
892	24 
893	19 
894	37 
895	32 
896	39 
897	24 
898	11 
899	41 
900	25 
901	38 
902	29 
903	25 
904	34 
905	17 
906	15 
907	18 
908	40 
909	17 
910	40 
911	18 
912	19 
913	10 
914	38 
915	40 
916	22 
917	19 
918	4 
919	2 
920	10 
921	22 
922	41 
923	40 
924	38 
925	22 
926	8 
927	10 
928	2 
929	10 
930	10 
931	41 
932	32 
933	25 
934	15 
935	32 
936	38 
937	24 
938	32 
939	41 
940	11 
941	18 
942	38 
943	19 
944	29 
945	15 
946	10 
947	11 
948	15 
949	29 
950	11 
951	32 
952	11 
953	29 
954	2 
955	11 
956	10 
957	26 
958	11 
959	10 
960	39 
961	21 
962	4 
963	39 
964	32 
965	9 
966	19 
967	15 
968	38 
969	9 
970	21 
971	11 
972	39 
973	18 
974	17 
975	41 
976	22 
977	10 
978	41 
979	10 
980	39 
981	41 
982	19 
983	11 
984	32 
985	10 
986	2 
987	17 
988	39 
989	18 
990	11 
991	2 
992	38 
993	18 
994	22 
995	2 
996	22 
997	32 
998	17 
999	22 
1000	22 
