1	6 
2	2 
3	6 
4	18 
5	39 
6	9 
7	21 
8	2 
9	31 
10	18 
11	21 
12	32 
13	10 
14	39 
15	14 
16	25 
17	29 
18	26 
19	6 
20	16 
21	36 
22	9 
23	20 
24	13 
25	9 
26	19 
27	3 
28	28 
29	15 
30	3 
31	13 
32	27 
33	7 
34	2 
35	3 
36	37 
37	26 
38	15 
39	6 
40	31 
41	29 
42	7 
43	6 
44	8 
45	15 
46	9 
47	7 
48	13 
49	25 
50	28 
51	15 
52	37 
53	25 
54	25 
55	11 
56	29 
57	10 
58	13 
59	22 
60	1 
61	36 
62	1 
63	36 
64	17 
65	21 
66	14 
67	19 
68	9 
69	36 
70	10 
71	27 
72	12 
73	15 
74	15 
75	32 
76	39 
77	32 
78	14 
79	35 
80	18 
81	19 
82	30 
83	14 
84	36 
85	9 
86	34 
87	31 
88	18 
89	29 
90	36 
91	1 
92	39 
93	25 
94	16 
95	18 
96	2 
97	10 
98	19 
99	4 
100	21 
101	8 
102	35 
103	38 
104	11 
105	1 
106	12 
107	35 
108	14 
109	29 
110	38 
111	8 
112	40 
113	16 
114	20 
115	4 
116	20 
117	5 
118	11 
119	18 
120	36 
121	12 
122	23 
123	28 
124	36 
125	41 
126	3 
127	28 
128	31 
129	28 
130	6 
131	5 
132	18 
133	20 
134	39 
135	7 
136	6 
137	14 
138	3 
139	25 
140	22 
141	22 
142	28 
143	22 
144	11 
145	16 
146	21 
147	14 
148	32 
149	27 
150	12 
151	37 
152	19 
153	38 
154	9 
155	36 
156	34 
157	40 
158	6 
159	30 
160	39 
161	14 
162	8 
163	41 
164	37 
165	5 
166	6 
167	28 
168	1 
169	2 
170	29 
171	14 
172	1 
173	38 
174	27 
175	29 
176	25 
177	15 
178	30 
179	34 
180	32 
181	22 
182	22 
183	9 
184	19 
185	41 
186	2 
187	34 
188	39 
189	31 
190	36 
191	33 
192	8 
193	17 
194	7 
195	41 
196	37 
197	31 
198	18 
199	28 
200	33 
201	25 
202	18 
203	8 
204	4 
205	18 
206	9 
207	32 
208	19 
209	32 
210	17 
211	7 
212	19 
213	17 
214	10 
215	13 
216	23 
217	40 
218	34 
219	36 
220	31 
221	33 
222	27 
223	37 
224	4 
225	41 
226	8 
227	23 
228	26 
229	10 
230	22 
231	31 
232	28 
233	9 
234	4 
235	23 
236	22 
237	10 
238	14 
239	35 
240	1 
241	2 
242	29 
243	13 
244	11 
245	14 
246	41 
247	35 
248	8 
249	10 
250	12 
251	26 
252	22 
253	37 
254	24 
255	19 
256	34 
257	3 
258	2 
259	34 
260	35 
261	25 
262	39 
263	26 
264	13 
265	36 
266	15 
267	36 
268	36 
269	39 
270	4 
271	24 
272	16 
273	17 
274	28 
275	32 
276	21 
277	35 
278	12 
279	18 
280	36 
281	3 
282	31 
283	41 
284	21 
285	39 
286	33 
287	9 
288	41 
289	19 
290	36 
291	8 
292	18 
293	37 
294	38 
295	9 
296	22 
297	29 
298	11 
299	18 
300	3 
301	33 
302	3 
303	41 
304	41 
305	9 
306	27 
307	19 
308	22 
309	24 
310	12 
311	39 
312	27 
313	28 
314	34 
315	27 
316	19 
317	23 
318	5 
319	29 
320	16 
321	14 
322	4 
323	15 
324	13 
325	37 
326	1 
327	11 
328	22 
329	22 
330	22 
331	36 
332	26 
333	36 
334	19 
335	36 
336	6 
337	14 
338	32 
339	7 
340	39 
341	18 
342	4 
343	29 
344	7 
345	19 
346	11 
347	37 
348	31 
349	9 
350	31 
351	24 
352	15 
353	1 
354	25 
355	23 
356	29 
357	27 
358	38 
359	32 
360	28 
361	36 
362	7 
363	9 
364	6 
365	19 
366	3 
367	21 
368	10 
369	13 
370	18 
371	25 
372	37 
373	13 
374	3 
375	37 
376	35 
377	19 
378	20 
379	21 
380	5 
381	10 
382	22 
383	8 
384	31 
385	41 
386	15 
387	31 
388	30 
389	21 
390	29 
391	40 
392	31 
393	41 
394	12 
395	18 
396	21 
397	2 
398	37 
399	21 
400	7 
401	9 
402	10 
403	6 
404	41 
405	12 
406	25 
407	9 
408	2 
409	24 
410	34 
411	34 
412	31 
413	29 
414	24 
415	38 
416	16 
417	24 
418	16 
419	3 
420	17 
421	41 
422	36 
423	17 
424	28 
425	9 
426	34 
427	6 
428	6 
429	12 
430	40 
431	29 
432	17 
433	14 
434	28 
435	22 
436	30 
437	41 
438	33 
439	18 
440	34 
441	22 
442	7 
443	25 
444	5 
445	21 
446	25 
447	15 
448	1 
449	34 
450	15 
451	21 
452	32 
453	7 
454	4 
455	28 
456	40 
457	35 
458	24 
459	23 
460	11 
461	9 
462	21 
463	9 
464	40 
465	6 
466	26 
467	10 
468	31 
469	30 
470	22 
471	24 
472	11 
473	33 
474	32 
475	31 
476	7 
477	30 
478	4 
479	10 
480	33 
481	26 
482	29 
483	36 
484	5 
485	17 
486	25 
487	37 
488	4 
489	36 
490	12 
491	34 
492	36 
493	23 
494	23 
495	36 
496	12 
497	19 
498	14 
499	4 
500	38 
501	33 
502	12 
503	36 
504	21 
505	10 
506	32 
507	23 
508	29 
509	29 
510	41 
511	31 
512	31 
513	6 
514	15 
515	24 
516	32 
517	26 
518	5 
519	18 
520	24 
521	22 
522	10 
523	30 
524	24 
525	21 
526	6 
527	33 
528	19 
529	26 
530	22 
531	14 
532	2 
533	11 
534	32 
535	37 
536	9 
537	11 
538	39 
539	20 
540	9 
541	14 
542	35 
543	3 
544	40 
545	1 
546	7 
547	20 
548	4 
549	21 
550	12 
551	12 
552	16 
553	28 
554	15 
555	27 
556	14 
557	1 
558	14 
559	7 
560	25 
561	30 
562	36 
563	19 
564	25 
565	20 
566	28 
567	3 
568	7 
569	16 
570	22 
571	29 
572	20 
573	30 
574	1 
575	18 
576	22 
577	18 
578	24 
579	22 
580	32 
581	13 
582	31 
583	2 
584	14 
585	22 
586	34 
587	3 
588	9 
589	2 
590	40 
591	38 
592	18 
593	4 
594	14 
595	15 
596	18 
597	5 
598	31 
599	32 
600	1 
601	38 
602	30 
603	4 
604	9 
605	3 
606	36 
607	34 
608	18 
609	21 
610	1 
611	8 
612	21 
613	34 
614	7 
615	29 
616	2 
617	40 
618	31 
619	41 
620	5 
621	6 
622	37 
623	39 
624	27 
625	6 
626	15 
627	2 
628	5 
629	19 
630	25 
631	1 
632	18 
633	23 
634	39 
635	13 
636	28 
637	27 
638	36 
639	5 
640	24 
641	35 
642	16 
643	20 
644	5 
645	22 
646	34 
647	33 
648	33 
649	13 
650	4 
651	2 
652	25 
653	22 
654	20 
655	24 
656	25 
657	7 
658	23 
659	33 
660	15 
661	25 
662	40 
663	39 
664	1 
665	8 
666	18 
667	25 
668	9 
669	23 
670	11 
671	13 
672	10 
673	11 
674	41 
675	9 
676	10 
677	18 
678	5 
679	1 
680	30 
681	7 
682	2 
683	18 
684	38 
685	16 
686	38 
687	28 
688	31 
689	36 
690	36 
691	33 
692	22 
693	13 
694	2 
695	25 
696	18 
697	12 
698	21 
699	31 
700	34 
701	31 
702	2 
703	7 
704	4 
705	16 
706	17 
707	22 
708	36 
709	18 
710	35 
711	10 
712	31 
713	2 
714	6 
715	34 
716	9 
717	36 
718	9 
719	14 
720	1 
721	39 
722	40 
723	41 
724	40 
725	14 
726	24 
727	18 
728	27 
729	5 
730	36 
731	34 
732	4 
733	7 
734	9 
735	14 
736	14 
737	12 
738	21 
739	14 
740	31 
741	27 
742	18 
743	18 
744	2 
745	34 
746	34 
747	6 
748	15 
749	2 
750	32 
751	21 
752	17 
753	1 
754	35 
755	17 
756	3 
757	1 
758	41 
759	16 
760	34 
761	14 
762	22 
763	17 
764	2 
765	39 
766	9 
767	5 
768	29 
769	6 
770	28 
771	25 
772	14 
773	22 
774	13 
775	16 
776	33 
777	34 
778	41 
779	18 
780	27 
781	18 
782	14 
783	12 
784	32 
785	38 
786	29 
787	21 
788	1 
789	37 
790	17 
791	13 
792	6 
793	39 
794	27 
795	2 
796	6 
797	25 
798	29 
799	2 
800	31 
801	29 
802	25 
803	27 
804	41 
805	14 
806	10 
807	6 
808	1 
809	38 
810	5 
811	38 
812	34 
813	6 
814	37 
815	38 
816	19 
817	4 
818	17 
819	33 
820	29 
821	17 
822	19 
823	36 
824	37 
825	39 
826	4 
827	34 
828	3 
829	28 
830	4 
831	14 
832	34 
833	32 
834	33 
835	17 
836	37 
837	39 
838	34 
839	25 
840	6 
841	12 
842	6 
843	12 
844	2 
845	38 
846	3 
847	7 
848	36 
849	37 
850	29 
851	36 
852	21 
853	28 
854	34 
855	34 
856	34 
857	37 
858	38 
859	12 
860	14 
861	25 
862	9 
863	28 
864	3 
865	36 
866	39 
867	36 
868	4 
869	19 
870	31 
871	1 
872	4 
873	12 
874	31 
875	39 
876	41 
877	6 
878	29 
879	9 
880	36 
881	2 
882	15 
883	38 
884	28 
885	22 
886	27 
887	1 
888	27 
889	27 
890	38 
891	34 
892	36 
893	25 
894	19 
895	29 
896	9 
897	29 
898	14 
899	31 
900	36 
901	22 
902	9 
903	2 
904	19 
905	34 
906	18 
907	15 
908	14 
909	3 
910	21 
911	21 
912	22 
913	9 
914	9 
915	31 
916	41 
917	2 
918	12 
919	29 
920	9 
921	18 
922	41 
923	15 
924	3 
925	19 
926	15 
927	2 
928	14 
929	3 
930	22 
931	15 
932	3 
933	14 
934	14 
935	18 
936	34 
937	28 
938	18 
939	22 
940	6 
941	28 
942	25 
943	36 
944	21 
945	21 
946	9 
947	14 
948	14 
949	22 
950	14 
951	22 
952	21 
953	6 
954	31 
955	9 
956	22 
957	28 
958	14 
959	31 
960	9 
961	34 
962	21 
963	18 
964	22 
965	34 
966	2 
967	6 
968	18 
969	29 
970	22 
971	34 
972	22 
973	9 
974	9 
975	14 
976	6 
977	36 
978	31 
979	29 
980	31 
981	14 
982	22 
983	2 
984	29 
985	18 
986	2 
987	2 
988	14 
989	18 
990	31 
991	6 
992	18 
993	18 
994	14 
995	36 
996	36 
997	6 
998	34 
999	36 
1000	6 
