1	25 
2	17 
3	28 
4	41 
5	20 
6	4 
7	12 
8	10 
9	27 
10	30 
11	14 
12	22 
13	24 
14	3 
15	15 
16	15 
17	36 
18	25 
19	18 
20	44 
21	2 
22	12 
23	7 
24	23 
25	41 
26	24 
27	19 
28	19 
29	23 
30	27 
31	1 
32	9 
33	29 
34	4 
35	38 
36	37 
37	34 
38	5 
39	15 
40	40 
41	34 
42	7 
43	14 
44	35 
45	31 
46	20 
47	24 
48	5 
49	22 
50	1 
51	42 
52	35 
53	38 
54	3 
55	7 
56	39 
57	16 
58	36 
59	38 
60	18 
61	40 
62	21 
63	25 
64	30 
65	19 
66	41 
67	28 
68	25 
69	9 
70	4 
71	34 
72	11 
73	27 
74	19 
75	38 
76	35 
77	36 
78	34 
79	13 
80	5 
81	13 
82	10 
83	4 
84	9 
85	17 
86	12 
87	3 
88	14 
89	35 
90	13 
91	30 
92	28 
93	35 
94	43 
95	36 
96	18 
97	31 
98	3 
99	40 
100	29 
101	8 
102	2 
103	38 
104	1 
105	10 
106	17 
107	17 
108	11 
109	24 
110	17 
111	29 
112	8 
113	36 
114	17 
115	2 
116	35 
117	4 
118	11 
119	7 
120	3 
121	13 
122	1 
123	41 
124	21 
125	23 
126	39 
127	20 
128	42 
129	6 
130	1 
131	34 
132	37 
133	10 
134	21 
135	1 
136	9 
137	9 
138	28 
139	16 
140	35 
141	34 
142	38 
143	6 
144	4 
145	41 
146	1 
147	23 
148	39 
149	30 
150	43 
151	30 
152	17 
153	9 
154	34 
155	24 
156	35 
157	5 
158	17 
159	15 
160	5 
161	32 
162	42 
163	7 
164	28 
165	40 
166	15 
167	26 
168	40 
169	42 
170	20 
171	16 
172	2 
173	25 
174	4 
175	13 
176	20 
177	38 
178	22 
179	28 
180	17 
181	26 
182	3 
183	44 
184	30 
185	38 
186	8 
187	1 
188	33 
189	34 
190	21 
191	41 
192	4 
193	29 
194	10 
195	38 
196	6 
197	30 
198	34 
199	21 
200	15 
201	3 
202	6 
203	32 
204	22 
205	21 
206	35 
207	41 
208	5 
209	36 
210	16 
211	44 
212	40 
213	30 
214	24 
215	31 
216	14 
217	44 
218	7 
219	14 
220	35 
221	3 
222	13 
223	33 
224	18 
225	14 
226	25 
227	23 
228	33 
229	12 
230	42 
231	21 
232	9 
233	22 
234	6 
235	11 
236	16 
237	35 
238	19 
239	11 
240	13 
241	39 
242	16 
243	21 
244	8 
245	30 
246	44 
247	18 
248	28 
249	24 
250	11 
251	39 
252	10 
253	10 
254	24 
255	44 
256	5 
257	7 
258	13 
259	18 
260	34 
261	44 
262	32 
263	10 
264	23 
265	43 
266	1 
267	9 
268	25 
269	35 
270	8 
271	44 
272	5 
273	43 
274	9 
275	38 
276	27 
277	6 
278	37 
279	4 
280	43 
281	7 
282	1 
283	15 
284	40 
285	20 
286	25 
287	12 
288	14 
289	17 
290	32 
291	33 
292	1 
293	36 
294	19 
295	8 
296	21 
297	11 
298	13 
299	37 
300	11 
301	32 
302	11 
303	36 
304	8 
305	27 
306	37 
307	21 
308	32 
309	7 
310	32 
311	2 
312	10 
313	25 
314	41 
315	39 
316	26 
317	33 
318	7 
319	3 
320	16 
321	6 
322	2 
323	43 
324	32 
325	26 
326	41 
327	29 
328	20 
329	11 
330	15 
331	7 
332	41 
333	30 
334	23 
335	15 
336	37 
337	31 
338	7 
339	32 
340	2 
341	13 
342	23 
343	19 
344	1 
345	13 
346	29 
347	25 
348	29 
349	23 
350	14 
351	8 
352	42 
353	6 
354	31 
355	35 
356	40 
357	16 
358	32 
359	24 
360	34 
361	23 
362	37 
363	18 
364	5 
365	24 
366	7 
367	18 
368	20 
369	43 
370	7 
371	15 
372	32 
373	39 
374	8 
375	33 
376	27 
377	37 
378	22 
379	27 
380	18 
381	14 
382	42 
383	33 
384	27 
385	33 
386	24 
387	26 
388	29 
389	9 
390	17 
391	35 
392	15 
393	2 
394	27 
395	14 
396	2 
397	2 
398	21 
399	5 
400	26 
401	6 
402	43 
403	12 
404	10 
405	10 
406	5 
407	3 
408	10 
409	21 
410	12 
411	37 
412	29 
413	7 
414	44 
415	20 
416	12 
417	7 
418	4 
419	3 
420	19 
421	43 
422	26 
423	42 
424	7 
425	4 
426	7 
427	35 
428	2 
429	16 
430	44 
431	40 
432	7 
433	33 
434	26 
435	29 
436	20 
437	36 
438	42 
439	42 
440	10 
441	17 
442	39 
443	26 
444	19 
445	36 
446	18 
447	22 
448	16 
449	39 
450	44 
451	35 
452	15 
453	31 
454	14 
455	20 
456	1 
457	39 
458	40 
459	30 
460	12 
461	18 
462	37 
463	39 
464	32 
465	12 
466	31 
467	36 
468	35 
469	29 
470	13 
471	25 
472	29 
473	30 
474	2 
475	35 
476	19 
477	1 
478	19 
479	8 
480	2 
481	2 
482	32 
483	31 
484	37 
485	41 
486	27 
487	32 
488	21 
489	6 
490	40 
491	18 
492	17 
493	19 
494	7 
495	31 
496	31 
497	27 
498	16 
499	11 
500	1 
501	6 
502	37 
503	43 
504	37 
505	25 
506	17 
507	12 
508	43 
509	33 
510	17 
511	40 
512	8 
513	29 
514	10 
515	32 
516	16 
517	11 
518	34 
519	42 
520	15 
521	16 
522	31 
523	40 
524	43 
525	20 
526	37 
527	15 
528	12 
529	16 
530	43 
531	6 
532	34 
533	13 
534	2 
535	3 
536	33 
537	1 
538	17 
539	28 
540	40 
541	31 
542	10 
543	7 
544	24 
545	18 
546	22 
547	41 
548	43 
549	18 
550	32 
551	10 
552	8 
553	31 
554	43 
555	13 
556	40 
557	28 
558	33 
559	12 
560	25 
561	6 
562	26 
563	34 
564	42 
565	34 
566	27 
567	16 
568	18 
569	24 
570	1 
571	8 
572	3 
573	18 
574	26 
575	12 
576	17 
577	40 
578	1 
579	25 
580	8 
581	34 
582	21 
583	17 
584	22 
585	21 
586	34 
587	31 
588	13 
589	42 
590	1 
591	16 
592	26 
593	21 
594	10 
595	15 
596	27 
597	19 
598	17 
599	25 
600	30 
601	31 
602	13 
603	6 
604	35 
605	10 
606	10 
607	34 
608	40 
609	17 
610	2 
611	10 
612	6 
613	12 
614	13 
615	26 
616	37 
617	30 
618	22 
619	40 
620	40 
621	10 
622	30 
623	25 
624	28 
625	7 
626	18 
627	20 
628	2 
629	19 
630	16 
631	34 
632	10 
633	16 
634	10 
635	7 
636	15 
637	3 
638	19 
639	10 
640	37 
641	19 
642	24 
643	21 
644	2 
645	21 
646	41 
647	41 
648	15 
649	7 
650	6 
651	2 
652	20 
653	15 
654	13 
655	37 
656	32 
657	13 
658	41 
659	8 
660	19 
661	17 
662	13 
663	37 
664	35 
665	18 
666	43 
667	2 
668	41 
669	27 
670	1 
671	24 
672	42 
673	26 
674	37 
675	1 
676	22 
677	42 
678	41 
679	25 
680	21 
681	8 
682	32 
683	43 
684	22 
685	7 
686	2 
687	42 
688	25 
689	40 
690	27 
691	28 
692	26 
693	37 
694	16 
695	25 
696	41 
697	15 
698	42 
699	18 
700	2 
701	13 
702	10 
703	37 
704	41 
705	17 
706	19 
707	26 
708	41 
709	21 
710	35 
711	37 
712	6 
713	10 
714	17 
715	35 
716	17 
717	18 
718	26 
719	16 
720	25 
721	19 
722	37 
723	22 
724	25 
725	18 
726	25 
727	22 
728	34 
729	26 
730	3 
731	22 
732	40 
733	42 
734	17 
735	28 
736	16 
737	18 
738	34 
739	17 
740	17 
741	27 
742	15 
743	27 
744	18 
745	3 
746	34 
747	17 
748	7 
749	24 
750	32 
751	35 
752	27 
753	26 
754	7 
755	3 
756	35 
757	2 
758	18 
759	19 
760	2 
761	1 
762	28 
763	6 
764	1 
765	2 
766	24 
767	34 
768	27 
769	21 
770	28 
771	41 
772	35 
773	28 
774	32 
775	37 
776	18 
777	37 
778	6 
779	22 
780	18 
781	28 
782	1 
783	15 
784	28 
785	1 
786	42 
787	24 
788	3 
789	17 
790	34 
791	28 
792	6 
793	19 
794	26 
795	1 
796	42 
797	37 
798	3 
799	13 
800	32 
801	28 
802	10 
803	18 
804	25 
805	13 
806	13 
807	42 
808	16 
809	17 
810	32 
811	3 
812	24 
813	24 
814	25 
815	18 
816	32 
817	17 
818	32 
819	2 
820	27 
821	40 
822	27 
823	22 
824	41 
825	34 
826	2 
827	27 
828	26 
829	40 
830	27 
831	40 
832	25 
833	10 
834	42 
835	13 
836	16 
837	19 
838	24 
839	42 
840	22 
841	40 
842	1 
843	16 
844	17 
845	28 
846	25 
847	18 
848	28 
849	26 
850	42 
851	24 
852	24 
853	2 
854	28 
855	27 
856	10 
857	22 
858	37 
859	18 
860	1 
861	24 
862	2 
863	2 
864	26 
865	28 
866	18 
867	37 
868	35 
869	16 
870	22 
871	7 
872	26 
873	10 
874	26 
875	16 
876	40 
877	16 
878	16 
879	28 
880	26 
881	25 
882	16 
883	18 
884	1 
885	22 
886	24 
887	2 
888	26 
889	18 
890	24 
891	7 
892	26 
893	40 
894	17 
895	16 
896	40 
897	7 
898	10 
899	22 
900	40 
901	22 
902	37 
903	1 
904	40 
905	1 
906	37 
907	22 
908	17 
909	34 
910	22 
911	7 
912	28 
913	18 
914	22 
915	18 
916	17 
917	7 
918	34 
919	2 
920	16 
921	34 
922	1 
923	22 
924	18 
925	1 
926	16 
927	40 
928	40 
929	2 
930	22 
931	10 
932	1 
933	16 
934	28 
935	22 
936	7 
937	22 
938	2 
939	22 
940	7 
941	1 
942	22 
943	16 
944	18 
945	16 
946	34 
947	16 
948	16 
949	2 
950	22 
951	34 
952	1 
953	22 
954	2 
955	22 
956	34 
957	1 
958	1 
959	22 
960	28 
961	34 
962	2 
963	22 
964	2 
965	28 
966	2 
967	28 
968	34 
969	18 
970	28 
971	28 
972	18 
973	18 
974	34 
975	34 
976	28 
977	18 
978	34 
979	34 
980	34 
981	28 
982	28 
983	34 
984	34 
985	34 
986	28 
987	18 
988	28 
989	28 
990	28 
991	28 
992	28 
993	28 
994	28 
995	28 
996	28 
997	28 
998	28 
999	28 
1000	28 
