1	12 
2	7 
3	10 
4	5 
5	2 
6	23 
7	14 
8	14 
9	30 
10	16 
11	8 
12	39 
13	2 
14	14 
15	20 
16	32 
17	8 
18	26 
19	4 
20	17 
21	36 
22	18 
23	3 
24	4 
25	20 
26	32 
27	33 
28	28 
29	16 
30	4 
31	6 
32	22 
33	17 
34	33 
35	35 
36	39 
37	27 
38	22 
39	15 
40	27 
41	7 
42	10 
43	33 
44	37 
45	38 
46	10 
47	16 
48	11 
49	27 
50	4 
51	7 
52	11 
53	39 
54	6 
55	17 
56	3 
57	5 
58	22 
59	36 
60	2 
61	4 
62	2 
63	29 
64	5 
65	23 
66	39 
67	3 
68	34 
69	29 
70	17 
71	25 
72	34 
73	6 
74	21 
75	28 
76	31 
77	15 
78	29 
79	28 
80	18 
81	34 
82	5 
83	8 
84	18 
85	18 
86	23 
87	14 
88	12 
89	33 
90	31 
91	23 
92	9 
93	33 
94	29 
95	23 
96	19 
97	33 
98	14 
99	32 
100	20 
101	12 
102	18 
103	8 
104	23 
105	33 
106	12 
107	35 
108	35 
109	16 
110	17 
111	2 
112	15 
113	36 
114	18 
115	36 
116	9 
117	12 
118	6 
119	7 
120	6 
121	33 
122	15 
123	10 
124	16 
125	3 
126	23 
127	39 
128	31 
129	10 
130	21 
131	5 
132	24 
133	23 
134	16 
135	10 
136	19 
137	4 
138	39 
139	7 
140	24 
141	28 
142	12 
143	26 
144	7 
145	36 
146	8 
147	16 
148	14 
149	39 
150	2 
151	12 
152	17 
153	26 
154	6 
155	30 
156	36 
157	10 
158	15 
159	26 
160	28 
161	34 
162	25 
163	10 
164	32 
165	19 
166	7 
167	20 
168	13 
169	37 
170	33 
171	7 
172	3 
173	25 
174	19 
175	38 
176	12 
177	7 
178	35 
179	8 
180	5 
181	30 
182	13 
183	18 
184	3 
185	26 
186	1 
187	10 
188	27 
189	14 
190	16 
191	36 
192	23 
193	10 
194	8 
195	5 
196	33 
197	7 
198	21 
199	23 
200	7 
201	16 
202	6 
203	16 
204	9 
205	30 
206	19 
207	20 
208	8 
209	10 
210	10 
211	32 
212	33 
213	32 
214	7 
215	39 
216	14 
217	18 
218	28 
219	8 
220	14 
221	22 
222	7 
223	2 
224	12 
225	35 
226	4 
227	20 
228	6 
229	3 
230	17 
231	28 
232	5 
233	33 
234	7 
235	10 
236	4 
237	3 
238	12 
239	23 
240	36 
241	14 
242	16 
243	38 
244	23 
245	37 
246	37 
247	10 
248	25 
249	6 
250	32 
251	20 
252	9 
253	37 
254	20 
255	16 
256	21 
257	16 
258	19 
259	39 
260	6 
261	19 
262	16 
263	19 
264	7 
265	27 
266	16 
267	8 
268	24 
269	13 
270	10 
271	38 
272	33 
273	8 
274	24 
275	24 
276	21 
277	12 
278	16 
279	21 
280	33 
281	11 
282	31 
283	4 
284	16 
285	38 
286	37 
287	11 
288	35 
289	29 
290	1 
291	26 
292	25 
293	3 
294	11 
295	19 
296	22 
297	8 
298	4 
299	12 
300	7 
301	16 
302	18 
303	8 
304	7 
305	39 
306	24 
307	23 
308	7 
309	15 
310	1 
311	39 
312	38 
313	16 
314	11 
315	12 
316	13 
317	30 
318	19 
319	25 
320	31 
321	14 
322	19 
323	7 
324	18 
325	21 
326	39 
327	6 
328	10 
329	7 
330	12 
331	3 
332	2 
333	38 
334	23 
335	35 
336	14 
337	13 
338	1 
339	1 
340	18 
341	8 
342	12 
343	39 
344	12 
345	39 
346	32 
347	29 
348	37 
349	8 
350	12 
351	16 
352	39 
353	24 
354	25 
355	34 
356	19 
357	16 
358	36 
359	3 
360	6 
361	35 
362	6 
363	24 
364	22 
365	23 
366	16 
367	26 
368	12 
369	32 
370	28 
371	26 
372	2 
373	21 
374	33 
375	15 
376	16 
377	10 
378	21 
379	15 
380	39 
381	21 
382	39 
383	21 
384	12 
385	14 
386	14 
387	1 
388	23 
389	15 
390	35 
391	1 
392	12 
393	32 
394	24 
395	23 
396	12 
397	19 
398	16 
399	12 
400	16 
401	12 
402	21 
403	17 
404	33 
405	5 
406	12 
407	10 
408	31 
409	37 
410	15 
411	10 
412	23 
413	33 
414	24 
415	27 
416	31 
417	32 
418	38 
419	24 
420	36 
421	15 
422	15 
423	33 
424	12 
425	6 
426	26 
427	38 
428	8 
429	23 
430	32 
431	38 
432	22 
433	26 
434	11 
435	23 
436	36 
437	23 
438	8 
439	15 
440	2 
441	21 
442	12 
443	6 
444	31 
445	2 
446	12 
447	33 
448	36 
449	31 
450	21 
451	16 
452	28 
453	11 
454	13 
455	14 
456	15 
457	2 
458	22 
459	39 
460	3 
461	4 
462	20 
463	14 
464	6 
465	28 
466	14 
467	22 
468	16 
469	9 
470	28 
471	39 
472	24 
473	28 
474	29 
475	3 
476	26 
477	16 
478	31 
479	1 
480	31 
481	39 
482	16 
483	13 
484	21 
485	15 
486	14 
487	18 
488	33 
489	28 
490	23 
491	30 
492	16 
493	37 
494	17 
495	34 
496	24 
497	14 
498	33 
499	18 
500	4 
501	3 
502	10 
503	18 
504	15 
505	23 
506	12 
507	14 
508	32 
509	9 
510	30 
511	23 
512	4 
513	8 
514	28 
515	8 
516	8 
517	19 
518	26 
519	32 
520	38 
521	31 
522	32 
523	34 
524	23 
525	18 
526	17 
527	16 
528	18 
529	19 
530	12 
531	35 
532	33 
533	1 
534	18 
535	15 
536	33 
537	23 
538	6 
539	12 
540	36 
541	13 
542	39 
543	4 
544	21 
545	24 
546	6 
547	8 
548	30 
549	3 
550	19 
551	4 
552	8 
553	24 
554	23 
555	19 
556	3 
557	31 
558	32 
559	22 
560	6 
561	22 
562	11 
563	5 
564	30 
565	39 
566	18 
567	7 
568	2 
569	11 
570	7 
571	35 
572	29 
573	38 
574	31 
575	18 
576	25 
577	33 
578	6 
579	1 
580	7 
581	24 
582	3 
583	16 
584	2 
585	1 
586	8 
587	22 
588	23 
589	32 
590	2 
591	19 
592	15 
593	37 
594	10 
595	2 
596	6 
597	33 
598	30 
599	8 
600	13 
601	10 
602	12 
603	33 
604	24 
605	15 
606	33 
607	32 
608	15 
609	8 
610	30 
611	31 
612	7 
613	31 
614	27 
615	16 
616	38 
617	29 
618	19 
619	8 
620	19 
621	39 
622	9 
623	3 
624	16 
625	3 
626	9 
627	8 
628	34 
629	34 
630	33 
631	32 
632	19 
633	8 
634	20 
635	5 
636	12 
637	22 
638	7 
639	15 
640	6 
641	7 
642	29 
643	33 
644	8 
645	2 
646	16 
647	14 
648	15 
649	10 
650	21 
651	15 
652	16 
653	8 
654	30 
655	12 
656	23 
657	15 
658	16 
659	6 
660	8 
661	18 
662	36 
663	2 
664	38 
665	11 
666	37 
667	24 
668	33 
669	27 
670	8 
671	32 
672	18 
673	17 
674	15 
675	8 
676	19 
677	3 
678	22 
679	2 
680	39 
681	14 
682	39 
683	11 
684	33 
685	7 
686	8 
687	8 
688	27 
689	14 
690	28 
691	32 
692	26 
693	15 
694	30 
695	4 
696	35 
697	36 
698	36 
699	38 
700	33 
701	8 
702	17 
703	13 
704	14 
705	36 
706	26 
707	4 
708	15 
709	10 
710	9 
711	22 
712	2 
713	14 
714	14 
715	14 
716	31 
717	5 
718	38 
719	11 
720	21 
721	4 
722	30 
723	33 
724	38 
725	24 
726	36 
727	6 
728	39 
729	10 
730	8 
731	29 
732	15 
733	6 
734	10 
735	2 
736	35 
737	10 
738	16 
739	16 
740	32 
741	9 
742	33 
743	10 
744	21 
745	39 
746	15 
747	39 
748	33 
749	23 
750	5 
751	15 
752	16 
753	24 
754	5 
755	10 
756	13 
757	32 
758	29 
759	11 
760	28 
761	32 
762	19 
763	39 
764	11 
765	8 
766	8 
767	2 
768	18 
769	26 
770	33 
771	12 
772	27 
773	8 
774	12 
775	6 
776	12 
777	8 
778	23 
779	36 
780	17 
781	37 
782	39 
783	6 
784	32 
785	12 
786	9 
787	8 
788	7 
789	33 
790	9 
791	19 
792	39 
793	8 
794	6 
795	29 
796	8 
797	20 
798	17 
799	30 
800	31 
801	16 
802	22 
803	12 
804	11 
805	10 
806	38 
807	14 
808	39 
809	14 
810	14 
811	16 
812	39 
813	20 
814	39 
815	7 
816	12 
817	19 
818	28 
819	18 
820	16 
821	17 
822	7 
823	3 
824	5 
825	33 
826	2 
827	30 
828	16 
829	30 
830	33 
831	31 
832	4 
833	14 
834	33 
835	14 
836	14 
837	24 
838	3 
839	4 
840	9 
841	24 
842	5 
843	30 
844	35 
845	31 
846	6 
847	15 
848	15 
849	4 
850	19 
851	6 
852	11 
853	15 
854	34 
855	10 
856	7 
857	16 
858	25 
859	12 
860	5 
861	28 
862	26 
863	25 
864	7 
865	29 
866	15 
867	37 
868	14 
869	14 
870	3 
871	2 
872	7 
873	24 
874	4 
875	14 
876	8 
877	15 
878	9 
879	7 
880	4 
881	23 
882	7 
883	14 
884	12 
885	29 
886	16 
887	10 
888	31 
889	39 
890	18 
891	32 
892	10 
893	10 
894	8 
895	10 
896	17 
897	5 
898	38 
899	3 
900	39 
901	18 
902	2 
903	16 
904	23 
905	27 
906	15 
907	17 
908	7 
909	5 
910	23 
911	33 
912	18 
913	15 
914	12 
915	11 
916	12 
917	5 
918	32 
919	12 
920	12 
921	18 
922	8 
923	6 
924	14 
925	2 
926	18 
927	7 
928	23 
929	33 
930	1 
931	24 
932	3 
933	34 
934	14 
935	31 
936	14 
937	33 
938	19 
939	12 
940	14 
941	17 
942	14 
943	22 
944	15 
945	31 
946	28 
947	12 
948	35 
949	13 
950	28 
951	32 
952	23 
953	14 
954	36 
955	2 
956	2 
957	15 
958	31 
959	12 
960	2 
961	23 
962	9 
963	24 
964	17 
965	31 
966	10 
967	31 
968	23 
969	8 
970	18 
971	22 
972	22 
973	38 
974	14 
975	16 
976	12 
977	9 
978	3 
979	22 
980	31 
981	2 
982	32 
983	33 
984	38 
985	15 
986	24 
987	4 
988	18 
989	39 
990	39 
991	8 
992	12 
993	14 
994	23 
995	28 
996	4 
997	30 
998	32 
999	19 
1000	24 
