1	29 
2	14 
3	27 
4	12 
5	21 
6	33 
7	5 
8	30 
9	27 
10	30 
11	2 
12	30 
13	7 
14	2 
15	21 
16	13 
17	18 
18	11 
19	19 
20	14 
21	30 
22	34 
23	29 
24	18 
25	21 
26	7 
27	32 
28	31 
29	20 
30	14 
31	8 
32	33 
33	18 
34	24 
35	19 
36	33 
37	26 
38	26 
39	34 
40	32 
41	12 
42	6 
43	16 
44	4 
45	19 
46	10 
47	28 
48	33 
49	15 
50	14 
51	3 
52	23 
53	3 
54	12 
55	31 
56	19 
57	18 
58	33 
59	4 
60	4 
61	25 
62	7 
63	3 
64	8 
65	2 
66	13 
67	28 
68	29 
69	21 
70	25 
71	19 
72	5 
73	2 
74	20 
75	21 
76	27 
77	6 
78	20 
79	29 
80	28 
81	12 
82	13 
83	25 
84	13 
85	11 
86	27 
87	21 
88	31 
89	11 
90	29 
91	25 
92	34 
93	23 
94	5 
95	34 
96	30 
97	34 
98	12 
99	31 
100	20 
101	32 
102	30 
103	15 
104	30 
105	16 
106	7 
107	21 
108	16 
109	2 
110	2 
111	11 
112	26 
113	21 
114	33 
115	23 
116	18 
117	21 
118	11 
119	16 
120	25 
121	19 
122	1 
123	2 
124	28 
125	20 
126	32 
127	19 
128	26 
129	6 
130	25 
131	2 
132	19 
133	18 
134	16 
135	13 
136	2 
137	23 
138	29 
139	12 
140	26 
141	34 
142	25 
143	6 
144	23 
145	23 
146	14 
147	5 
148	21 
149	19 
150	4 
151	18 
152	30 
153	32 
154	4 
155	32 
156	31 
157	30 
158	18 
159	4 
160	9 
161	7 
162	26 
163	12 
164	23 
165	15 
166	25 
167	19 
168	14 
169	28 
170	34 
171	25 
172	21 
173	27 
174	14 
175	14 
176	2 
177	27 
178	13 
179	4 
180	14 
181	17 
182	18 
183	18 
184	29 
185	31 
186	13 
187	7 
188	29 
189	32 
190	2 
191	5 
192	30 
193	18 
194	1 
195	17 
196	34 
197	29 
198	22 
199	30 
200	5 
201	29 
202	11 
203	16 
204	10 
205	2 
206	18 
207	25 
208	21 
209	11 
210	25 
211	25 
212	24 
213	33 
214	30 
215	2 
216	14 
217	2 
218	31 
219	30 
220	11 
221	12 
222	25 
223	20 
224	24 
225	10 
226	21 
227	5 
228	4 
229	31 
230	4 
231	31 
232	13 
233	21 
234	12 
235	15 
236	12 
237	30 
238	18 
239	11 
240	17 
241	23 
242	32 
243	27 
244	31 
245	14 
246	14 
247	2 
248	19 
249	16 
250	31 
251	25 
252	20 
253	22 
254	21 
255	5 
256	12 
257	14 
258	8 
259	2 
260	30 
261	2 
262	12 
263	2 
264	30 
265	32 
266	18 
267	20 
268	25 
269	17 
270	17 
271	14 
272	12 
273	34 
274	20 
275	15 
276	6 
277	19 
278	33 
279	19 
280	11 
281	5 
282	12 
283	30 
284	17 
285	23 
286	23 
287	24 
288	18 
289	30 
290	12 
291	21 
292	29 
293	30 
294	21 
295	21 
296	2 
297	13 
298	30 
299	14 
300	14 
301	10 
302	11 
303	8 
304	21 
305	29 
306	33 
307	14 
308	2 
309	12 
310	11 
311	2 
312	11 
313	21 
314	20 
315	15 
316	18 
317	17 
318	21 
319	11 
320	4 
321	19 
322	20 
323	8 
324	17 
325	19 
326	20 
327	1 
328	20 
329	30 
330	31 
331	1 
332	11 
333	6 
334	18 
335	23 
336	29 
337	9 
338	26 
339	22 
340	20 
341	22 
342	34 
343	5 
344	2 
345	5 
346	14 
347	2 
348	11 
349	5 
350	18 
351	7 
352	19 
353	12 
354	21 
355	4 
356	12 
357	10 
358	24 
359	26 
360	34 
361	20 
362	12 
363	31 
364	32 
365	12 
366	21 
367	8 
368	16 
369	21 
370	25 
371	2 
372	10 
373	25 
374	13 
375	30 
376	12 
377	6 
378	25 
379	7 
380	25 
381	20 
382	14 
383	23 
384	25 
385	18 
386	23 
387	8 
388	31 
389	21 
390	2 
391	25 
392	2 
393	18 
394	28 
395	2 
396	21 
397	4 
398	14 
399	10 
400	31 
401	31 
402	26 
403	23 
404	26 
405	33 
406	9 
407	4 
408	29 
409	33 
410	30 
411	1 
412	21 
413	22 
414	4 
415	27 
416	18 
417	18 
418	11 
419	21 
420	16 
421	21 
422	14 
423	3 
424	34 
425	12 
426	9 
427	14 
428	24 
429	25 
430	30 
431	34 
432	13 
433	20 
434	30 
435	27 
436	11 
437	19 
438	19 
439	20 
440	29 
441	25 
442	23 
443	25 
444	14 
445	28 
446	29 
447	6 
448	6 
449	2 
450	28 
451	11 
452	3 
453	21 
454	6 
455	23 
456	5 
457	19 
458	2 
459	12 
460	6 
461	20 
462	12 
463	7 
464	6 
465	34 
466	23 
467	21 
468	21 
469	34 
470	30 
471	26 
472	11 
473	11 
474	13 
475	10 
476	23 
477	23 
478	10 
479	29 
480	18 
481	17 
482	11 
483	4 
484	5 
485	5 
486	5 
487	5 
488	18 
489	12 
490	25 
491	21 
492	23 
493	6 
494	28 
495	30 
496	3 
497	12 
498	12 
499	18 
500	20 
501	7 
502	23 
503	25 
504	33 
505	10 
506	17 
507	14 
508	10 
509	10 
510	32 
511	13 
512	12 
513	17 
514	31 
515	14 
516	25 
517	34 
518	27 
519	6 
520	32 
521	11 
522	34 
523	23 
524	32 
525	30 
526	4 
527	17 
528	34 
529	4 
530	15 
531	23 
532	23 
533	8 
534	20 
535	28 
536	5 
537	23 
538	13 
539	19 
540	21 
541	4 
542	30 
543	33 
544	31 
545	20 
546	19 
547	34 
548	1 
549	2 
550	33 
551	26 
552	6 
553	17 
554	32 
555	18 
556	20 
557	31 
558	30 
559	4 
560	13 
561	31 
562	18 
563	2 
564	14 
565	18 
566	19 
567	19 
568	30 
569	33 
570	2 
571	11 
572	30 
573	2 
574	9 
575	11 
576	18 
577	14 
578	20 
579	32 
580	25 
581	5 
582	11 
583	19 
584	4 
585	25 
586	4 
587	2 
588	4 
589	21 
590	6 
591	33 
592	34 
593	32 
594	9 
595	12 
596	30 
597	34 
598	7 
599	19 
600	3 
601	1 
602	26 
603	25 
604	32 
605	30 
606	4 
607	11 
608	4 
609	7 
610	24 
611	20 
612	33 
613	15 
614	21 
615	28 
616	5 
617	19 
618	1 
619	9 
620	2 
621	5 
622	3 
623	25 
624	10 
625	30 
626	4 
627	19 
628	31 
629	4 
630	19 
631	18 
632	17 
633	11 
634	30 
635	23 
636	8 
637	33 
638	6 
639	19 
640	31 
641	2 
642	5 
643	12 
644	19 
645	12 
646	31 
647	11 
648	31 
649	1 
650	10 
651	5 
652	23 
653	15 
654	15 
655	31 
656	31 
657	30 
658	16 
659	21 
660	5 
661	21 
662	8 
663	18 
664	34 
665	30 
666	13 
667	26 
668	12 
669	2 
670	9 
671	10 
672	20 
673	2 
674	27 
675	15 
676	19 
677	19 
678	34 
679	1 
680	16 
681	12 
682	18 
683	11 
684	5 
685	21 
686	11 
687	23 
688	14 
689	5 
690	18 
691	32 
692	20 
693	4 
694	6 
695	16 
696	29 
697	30 
698	21 
699	20 
700	16 
701	21 
702	2 
703	4 
704	29 
705	5 
706	4 
707	29 
708	34 
709	4 
710	26 
711	9 
712	12 
713	4 
714	30 
715	11 
716	13 
717	12 
718	13 
719	31 
720	19 
721	31 
722	2 
723	15 
724	4 
725	31 
726	27 
727	14 
728	10 
729	12 
730	34 
731	22 
732	27 
733	16 
734	18 
735	25 
736	29 
737	18 
738	18 
739	20 
740	30 
741	6 
742	19 
743	15 
744	2 
745	12 
746	25 
747	7 
748	17 
749	5 
750	26 
751	2 
752	2 
753	34 
754	11 
755	34 
756	23 
757	34 
758	10 
759	10 
760	18 
761	6 
762	26 
763	3 
764	23 
765	25 
766	4 
767	14 
768	32 
769	23 
770	32 
771	23 
772	30 
773	3 
774	33 
775	31 
776	7 
777	19 
778	28 
779	11 
780	4 
781	16 
782	28 
783	23 
784	5 
785	12 
786	12 
787	13 
788	24 
789	30 
790	14 
791	25 
792	32 
793	27 
794	33 
795	18 
796	31 
797	10 
798	10 
799	4 
800	25 
801	23 
802	17 
803	4 
804	19 
805	30 
806	17 
807	31 
808	6 
809	7 
810	13 
811	12 
812	4 
813	16 
814	10 
815	34 
816	20 
817	19 
818	19 
819	9 
820	18 
821	22 
822	31 
823	8 
824	8 
825	33 
826	25 
827	19 
828	11 
829	21 
830	21 
831	29 
832	5 
833	17 
834	25 
835	25 
836	31 
837	5 
838	12 
839	12 
840	30 
841	5 
842	11 
843	14 
844	22 
845	6 
846	22 
847	14 
848	6 
849	10 
850	32 
851	5 
852	17 
853	15 
854	11 
855	31 
856	25 
857	23 
858	31 
859	4 
860	31 
861	26 
862	5 
863	32 
864	12 
865	12 
866	29 
867	23 
868	25 
869	14 
870	13 
871	25 
872	21 
873	32 
874	31 
875	14 
876	15 
877	24 
878	1 
879	14 
880	27 
881	11 
882	32 
883	5 
884	30 
885	34 
886	8 
887	4 
888	32 
889	19 
890	12 
891	32 
892	25 
893	23 
894	28 
895	26 
896	25 
897	8 
898	17 
899	19 
900	14 
901	32 
902	19 
903	16 
904	9 
905	4 
906	5 
907	14 
908	18 
909	18 
910	22 
911	31 
912	19 
913	31 
914	34 
915	32 
916	34 
917	2 
918	16 
919	34 
920	7 
921	5 
922	18 
923	18 
924	11 
925	12 
926	11 
927	33 
928	23 
929	19 
930	12 
931	7 
932	30 
933	2 
934	19 
935	31 
936	19 
937	27 
938	2 
939	30 
940	19 
941	17 
942	29 
943	1 
944	25 
945	7 
946	17 
947	17 
948	30 
949	11 
950	4 
951	3 
952	18 
953	31 
954	25 
955	23 
956	20 
957	13 
958	5 
959	21 
960	18 
961	15 
962	6 
963	16 
964	13 
965	1 
966	25 
967	24 
968	4 
969	7 
970	17 
971	19 
972	10 
973	21 
974	25 
975	14 
976	27 
977	10 
978	20 
979	18 
980	4 
981	23 
982	29 
983	29 
984	18 
985	11 
986	11 
987	13 
988	20 
989	19 
990	33 
991	4 
992	25 
993	2 
994	15 
995	25 
996	19 
997	17 
998	12 
999	4 
1000	13 
