1	31 
2	21 
3	21 
4	14 
5	22 
6	35 
7	1 
8	22 
9	2 
10	25 
11	39 
12	17 
13	35 
14	5 
15	30 
16	24 
17	1 
18	1 
19	22 
20	6 
21	12 
22	38 
23	5 
24	1 
25	18 
26	10 
27	2 
28	5 
29	42 
30	10 
31	19 
32	11 
33	22 
34	16 
35	4 
36	3 
37	27 
38	1 
39	22 
40	21 
41	19 
42	14 
43	22 
44	27 
45	10 
46	8 
47	40 
48	5 
49	5 
50	34 
51	2 
52	13 
53	10 
54	24 
55	35 
56	38 
57	21 
58	3 
59	8 
60	9 
61	31 
62	24 
63	27 
64	22 
65	33 
66	27 
67	2 
68	17 
69	34 
70	5 
71	26 
72	5 
73	2 
74	1 
75	24 
76	25 
77	41 
78	27 
79	18 
80	18 
81	18 
82	9 
83	14 
84	1 
85	23 
86	31 
87	27 
88	26 
89	39 
90	4 
91	38 
92	14 
93	28 
94	20 
95	21 
96	42 
97	18 
98	38 
99	34 
100	7 
101	8 
102	1 
103	21 
104	39 
105	33 
106	34 
107	40 
108	21 
109	22 
110	9 
111	22 
112	33 
113	29 
114	4 
115	21 
116	40 
117	19 
118	1 
119	30 
120	35 
121	19 
122	31 
123	28 
124	28 
125	38 
126	28 
127	7 
128	9 
129	32 
130	22 
131	38 
132	1 
133	14 
134	38 
135	14 
136	11 
137	19 
138	13 
139	7 
140	3 
141	38 
142	42 
143	18 
144	18 
145	28 
146	1 
147	35 
148	9 
149	15 
150	19 
151	32 
152	14 
153	14 
154	36 
155	17 
156	3 
157	25 
158	12 
159	21 
160	5 
161	33 
162	22 
163	3 
164	22 
165	9 
166	5 
167	31 
168	3 
169	35 
170	38 
171	29 
172	22 
173	11 
174	14 
175	22 
176	19 
177	16 
178	34 
179	41 
180	33 
181	42 
182	10 
183	34 
184	25 
185	26 
186	22 
187	41 
188	4 
189	39 
190	40 
191	9 
192	28 
193	8 
194	34 
195	30 
196	5 
197	16 
198	4 
199	14 
200	38 
201	28 
202	38 
203	34 
204	27 
205	30 
206	37 
207	36 
208	40 
209	24 
210	1 
211	31 
212	29 
213	16 
214	16 
215	34 
216	17 
217	17 
218	39 
219	7 
220	23 
221	38 
222	38 
223	20 
224	35 
225	21 
226	17 
227	5 
228	7 
229	37 
230	12 
231	13 
232	18 
233	40 
234	24 
235	23 
236	40 
237	18 
238	18 
239	33 
240	33 
241	39 
242	40 
243	1 
244	39 
245	32 
246	35 
247	1 
248	34 
249	2 
250	23 
251	2 
252	22 
253	4 
254	22 
255	38 
256	14 
257	15 
258	30 
259	9 
260	5 
261	1 
262	22 
263	8 
264	18 
265	24 
266	7 
267	39 
268	14 
269	3 
270	27 
271	24 
272	24 
273	18 
274	33 
275	2 
276	21 
277	2 
278	38 
279	29 
280	38 
281	9 
282	40 
283	38 
284	38 
285	27 
286	22 
287	19 
288	5 
289	4 
290	38 
291	3 
292	25 
293	18 
294	39 
295	14 
296	34 
297	15 
298	20 
299	4 
300	2 
301	2 
302	34 
303	27 
304	27 
305	40 
306	2 
307	5 
308	31 
309	5 
310	17 
311	18 
312	39 
313	39 
314	16 
315	38 
316	36 
317	40 
318	32 
319	41 
320	41 
321	5 
322	30 
323	32 
324	12 
325	19 
326	17 
327	29 
328	8 
329	7 
330	27 
331	9 
332	31 
333	21 
334	8 
335	14 
336	7 
337	20 
338	22 
339	31 
340	39 
341	9 
342	12 
343	23 
344	22 
345	24 
346	30 
347	3 
348	18 
349	24 
350	27 
351	21 
352	11 
353	32 
354	16 
355	28 
356	5 
357	30 
358	22 
359	25 
360	15 
361	39 
362	14 
363	12 
364	5 
365	31 
366	19 
367	6 
368	3 
369	38 
370	21 
371	34 
372	11 
373	30 
374	29 
375	27 
376	30 
377	39 
378	38 
379	22 
380	22 
381	23 
382	31 
383	42 
384	28 
385	41 
386	10 
387	18 
388	12 
389	40 
390	37 
391	42 
392	14 
393	6 
394	21 
395	4 
396	36 
397	22 
398	27 
399	3 
400	21 
401	19 
402	12 
403	11 
404	38 
405	3 
406	27 
407	2 
408	6 
409	18 
410	19 
411	5 
412	27 
413	40 
414	1 
415	25 
416	12 
417	16 
418	30 
419	22 
420	38 
421	6 
422	31 
423	40 
424	42 
425	23 
426	34 
427	7 
428	15 
429	34 
430	17 
431	17 
432	26 
433	21 
434	17 
435	6 
436	32 
437	6 
438	36 
439	17 
440	3 
441	24 
442	3 
443	4 
444	3 
445	18 
446	31 
447	2 
448	18 
449	9 
450	21 
451	40 
452	33 
453	14 
454	10 
455	27 
456	33 
457	26 
458	3 
459	38 
460	6 
461	24 
462	23 
463	1 
464	1 
465	22 
466	22 
467	17 
468	21 
469	42 
470	1 
471	22 
472	11 
473	15 
474	17 
475	42 
476	14 
477	37 
478	8 
479	41 
480	36 
481	39 
482	16 
483	36 
484	9 
485	1 
486	38 
487	33 
488	23 
489	42 
490	5 
491	21 
492	24 
493	24 
494	25 
495	42 
496	40 
497	29 
498	30 
499	5 
500	40 
501	9 
502	2 
503	2 
504	5 
505	11 
506	1 
507	41 
508	42 
509	20 
510	25 
511	24 
512	18 
513	41 
514	42 
515	19 
516	34 
517	9 
518	18 
519	18 
520	13 
521	19 
522	34 
523	38 
524	33 
525	3 
526	27 
527	27 
528	9 
529	42 
530	2 
531	31 
532	38 
533	9 
534	9 
535	22 
536	1 
537	39 
538	24 
539	13 
540	18 
541	18 
542	13 
543	19 
544	42 
545	18 
546	1 
547	11 
548	27 
549	37 
550	14 
551	2 
552	11 
553	28 
554	10 
555	22 
556	41 
557	34 
558	21 
559	2 
560	15 
561	9 
562	1 
563	30 
564	18 
565	14 
566	9 
567	20 
568	7 
569	41 
570	25 
571	19 
572	9 
573	30 
574	22 
575	9 
576	6 
577	31 
578	31 
579	21 
580	40 
581	5 
582	22 
583	40 
584	40 
585	42 
586	29 
587	34 
588	2 
589	21 
590	22 
591	13 
592	5 
593	17 
594	33 
595	11 
596	9 
597	2 
598	18 
599	21 
600	19 
601	9 
602	19 
603	1 
604	42 
605	14 
606	1 
607	18 
608	32 
609	18 
610	31 
611	18 
612	38 
613	27 
614	36 
615	26 
616	30 
617	21 
618	10 
619	9 
620	12 
621	39 
622	34 
623	21 
624	8 
625	16 
626	4 
627	21 
628	14 
629	32 
630	18 
631	21 
632	14 
633	16 
634	40 
635	12 
636	40 
637	27 
638	18 
639	29 
640	18 
641	12 
642	24 
643	37 
644	25 
645	26 
646	5 
647	19 
648	9 
649	21 
650	16 
651	33 
652	7 
653	12 
654	11 
655	4 
656	14 
657	37 
658	25 
659	38 
660	19 
661	40 
662	38 
663	11 
664	22 
665	15 
666	39 
667	6 
668	38 
669	17 
670	42 
671	16 
672	39 
673	21 
674	28 
675	27 
676	37 
677	3 
678	11 
679	30 
680	2 
681	2 
682	30 
683	17 
684	21 
685	22 
686	36 
687	31 
688	34 
689	7 
690	25 
691	5 
692	40 
693	18 
694	1 
695	1 
696	28 
697	1 
698	22 
699	42 
700	5 
701	1 
702	22 
703	31 
704	27 
705	3 
706	19 
707	9 
708	24 
709	24 
710	26 
711	18 
712	1 
713	20 
714	5 
715	32 
716	27 
717	31 
718	1 
719	14 
720	7 
721	42 
722	30 
723	27 
724	36 
725	27 
726	1 
727	39 
728	38 
729	20 
730	12 
731	19 
732	14 
733	11 
734	28 
735	19 
736	9 
737	13 
738	19 
739	21 
740	21 
741	9 
742	21 
743	42 
744	39 
745	19 
746	26 
747	7 
748	5 
749	1 
750	17 
751	14 
752	8 
753	5 
754	27 
755	42 
756	39 
757	14 
758	2 
759	7 
760	37 
761	40 
762	1 
763	1 
764	20 
765	18 
766	40 
767	22 
768	36 
769	30 
770	7 
771	12 
772	40 
773	22 
774	38 
775	5 
776	40 
777	17 
778	37 
779	39 
780	24 
781	4 
782	24 
783	16 
784	37 
785	36 
786	34 
787	32 
788	42 
789	21 
790	5 
791	37 
792	42 
793	18 
794	27 
795	27 
796	14 
797	11 
798	1 
799	8 
800	16 
801	27 
802	5 
803	22 
804	11 
805	18 
806	25 
807	17 
808	38 
809	40 
810	7 
811	36 
812	6 
813	19 
814	18 
815	10 
816	33 
817	19 
818	40 
819	5 
820	3 
821	6 
822	14 
823	22 
824	19 
825	28 
826	31 
827	5 
828	25 
829	27 
830	3 
831	18 
832	24 
833	36 
834	27 
835	27 
836	15 
837	28 
838	32 
839	37 
840	16 
841	15 
842	19 
843	27 
844	31 
845	13 
846	1 
847	3 
848	34 
849	11 
850	24 
851	5 
852	17 
853	22 
854	28 
855	3 
856	1 
857	40 
858	39 
859	24 
860	39 
861	14 
862	9 
863	11 
864	34 
865	2 
866	1 
867	40 
868	27 
869	1 
870	27 
871	1 
872	42 
873	24 
874	24 
875	18 
876	15 
877	1 
878	21 
879	34 
880	1 
881	36 
882	28 
883	9 
884	16 
885	24 
886	31 
887	27 
888	28 
889	18 
890	18 
891	34 
892	17 
893	12 
894	34 
895	34 
896	9 
897	28 
898	31 
899	30 
900	21 
901	11 
902	5 
903	42 
904	11 
905	17 
906	18 
907	18 
908	40 
909	21 
910	27 
911	29 
912	40 
913	14 
914	3 
915	23 
916	18 
917	38 
918	25 
919	31 
920	2 
921	39 
922	15 
923	13 
924	11 
925	26 
926	25 
927	25 
928	15 
929	8 
930	14 
931	36 
932	35 
933	18 
934	17 
935	38 
936	6 
937	1 
938	33 
939	23 
940	35 
941	5 
942	20 
943	25 
944	10 
945	5 
946	18 
947	30 
948	14 
949	5 
950	27 
951	33 
952	37 
953	27 
954	28 
955	28 
956	11 
957	42 
958	5 
959	16 
960	24 
961	19 
962	20 
963	6 
964	6 
965	41 
966	34 
967	33 
968	18 
969	5 
970	9 
971	4 
972	39 
973	40 
974	9 
975	12 
976	20 
977	5 
978	33 
979	15 
980	38 
981	24 
982	5 
983	6 
984	7 
985	1 
986	34 
987	39 
988	30 
989	14 
990	22 
991	27 
992	36 
993	18 
994	39 
995	4 
996	38 
997	38 
998	40 
999	9 
1000	31 
