1	37 
2	28 
3	27 
4	23 
5	24 
6	22 
7	22 
8	36 
9	14 
10	14 
11	7 
12	14 
13	35 
14	1 
15	37 
16	18 
17	15 
18	23 
19	27 
20	27 
21	17 
22	32 
23	21 
24	19 
25	29 
26	38 
27	31 
28	22 
29	17 
30	25 
31	38 
32	26 
33	37 
34	10 
35	36 
36	10 
37	4 
38	11 
39	2 
40	12 
41	32 
42	21 
43	39 
44	19 
45	37 
46	32 
47	35 
48	23 
49	18 
50	14 
51	22 
52	25 
53	16 
54	15 
55	32 
56	31 
57	25 
58	32 
59	34 
60	40 
61	15 
62	33 
63	4 
64	17 
65	9 
66	8 
67	26 
68	29 
69	12 
70	36 
71	30 
72	21 
73	4 
74	25 
75	38 
76	37 
77	34 
78	4 
79	16 
80	16 
81	17 
82	17 
83	30 
84	25 
85	38 
86	31 
87	17 
88	18 
89	3 
90	15 
91	28 
92	7 
93	24 
94	22 
95	40 
96	32 
97	13 
98	39 
99	39 
100	17 
101	27 
102	6 
103	19 
104	24 
105	20 
106	28 
107	32 
108	27 
109	39 
110	29 
111	36 
112	19 
113	23 
114	6 
115	27 
116	28 
117	26 
118	15 
119	14 
120	4 
121	31 
122	6 
123	19 
124	23 
125	30 
126	4 
127	7 
128	35 
129	1 
130	10 
131	25 
132	20 
133	24 
134	23 
135	12 
136	14 
137	40 
138	23 
139	16 
140	20 
141	12 
142	7 
143	23 
144	23 
145	37 
146	26 
147	13 
148	21 
149	3 
150	33 
151	31 
152	31 
153	23 
154	34 
155	33 
156	39 
157	37 
158	18 
159	35 
160	34 
161	16 
162	33 
163	2 
164	13 
165	25 
166	1 
167	37 
168	2 
169	8 
170	37 
171	40 
172	18 
173	31 
174	24 
175	25 
176	13 
177	33 
178	27 
179	16 
180	40 
181	4 
182	11 
183	34 
184	22 
185	22 
186	39 
187	30 
188	16 
189	10 
190	10 
191	14 
192	40 
193	24 
194	17 
195	26 
196	29 
197	23 
198	25 
199	8 
200	24 
201	26 
202	10 
203	17 
204	28 
205	32 
206	31 
207	38 
208	5 
209	31 
210	10 
211	8 
212	24 
213	23 
214	12 
215	33 
216	1 
217	12 
218	37 
219	29 
220	2 
221	35 
222	12 
223	17 
224	6 
225	34 
226	35 
227	23 
228	25 
229	3 
230	5 
231	16 
232	12 
233	35 
234	19 
235	9 
236	9 
237	24 
238	19 
239	3 
240	33 
241	13 
242	39 
243	8 
244	22 
245	15 
246	4 
247	31 
248	31 
249	30 
250	16 
251	1 
252	24 
253	27 
254	4 
255	34 
256	34 
257	34 
258	36 
259	27 
260	31 
261	35 
262	29 
263	1 
264	15 
265	39 
266	16 
267	3 
268	18 
269	5 
270	17 
271	25 
272	11 
273	8 
274	38 
275	2 
276	26 
277	23 
278	13 
279	27 
280	33 
281	18 
282	28 
283	22 
284	33 
285	1 
286	10 
287	2 
288	37 
289	19 
290	9 
291	37 
292	13 
293	9 
294	25 
295	36 
296	8 
297	12 
298	15 
299	8 
300	10 
301	15 
302	22 
303	32 
304	2 
305	25 
306	8 
307	11 
308	30 
309	32 
310	20 
311	21 
312	11 
313	11 
314	35 
315	31 
316	9 
317	24 
318	38 
319	4 
320	40 
321	2 
322	22 
323	26 
324	36 
325	23 
326	1 
327	8 
328	9 
329	25 
330	38 
331	15 
332	34 
333	18 
334	20 
335	4 
336	15 
337	7 
338	25 
339	4 
340	24 
341	33 
342	34 
343	30 
344	32 
345	24 
346	7 
347	13 
348	37 
349	22 
350	2 
351	24 
352	28 
353	30 
354	21 
355	24 
356	39 
357	11 
358	27 
359	10 
360	26 
361	3 
362	20 
363	1 
364	30 
365	12 
366	23 
367	27 
368	22 
369	14 
370	12 
371	7 
372	6 
373	25 
374	4 
375	26 
376	36 
377	32 
378	40 
379	9 
380	2 
381	5 
382	11 
383	12 
384	30 
385	19 
386	23 
387	15 
388	37 
389	14 
390	9 
391	25 
392	33 
393	4 
394	4 
395	2 
396	29 
397	29 
398	6 
399	12 
400	35 
401	9 
402	17 
403	18 
404	15 
405	29 
406	26 
407	13 
408	7 
409	14 
410	39 
411	9 
412	10 
413	21 
414	33 
415	37 
416	2 
417	10 
418	18 
419	19 
420	16 
421	33 
422	12 
423	17 
424	33 
425	38 
426	32 
427	40 
428	14 
429	25 
430	32 
431	39 
432	31 
433	6 
434	33 
435	11 
436	5 
437	6 
438	13 
439	11 
440	5 
441	6 
442	24 
443	12 
444	16 
445	17 
446	31 
447	15 
448	34 
449	13 
450	21 
451	34 
452	1 
453	15 
454	27 
455	5 
456	30 
457	14 
458	9 
459	30 
460	36 
461	35 
462	32 
463	1 
464	12 
465	12 
466	5 
467	7 
468	17 
469	19 
470	16 
471	9 
472	38 
473	39 
474	12 
475	28 
476	1 
477	9 
478	2 
479	26 
480	13 
481	26 
482	33 
483	36 
484	36 
485	34 
486	5 
487	7 
488	19 
489	39 
490	29 
491	16 
492	5 
493	33 
494	7 
495	16 
496	33 
497	10 
498	39 
499	35 
500	15 
501	3 
502	8 
503	6 
504	37 
505	3 
506	3 
507	28 
508	23 
509	8 
510	5 
511	24 
512	36 
513	4 
514	18 
515	26 
516	11 
517	33 
518	6 
519	22 
520	17 
521	13 
522	3 
523	19 
524	17 
525	12 
526	3 
527	40 
528	39 
529	38 
530	24 
531	17 
532	24 
533	40 
534	11 
535	34 
536	36 
537	25 
538	5 
539	13 
540	28 
541	35 
542	12 
543	34 
544	19 
545	39 
546	1 
547	39 
548	4 
549	20 
550	38 
551	29 
552	9 
553	33 
554	18 
555	25 
556	30 
557	16 
558	1 
559	29 
560	39 
561	22 
562	22 
563	21 
564	31 
565	23 
566	17 
567	8 
568	25 
569	17 
570	1 
571	1 
572	11 
573	35 
574	19 
575	5 
576	30 
577	29 
578	22 
579	33 
580	21 
581	33 
582	29 
583	20 
584	28 
585	19 
586	12 
587	23 
588	28 
589	39 
590	21 
591	34 
592	23 
593	32 
594	1 
595	33 
596	7 
597	5 
598	13 
599	8 
600	5 
601	15 
602	18 
603	8 
604	33 
605	33 
606	23 
607	17 
608	15 
609	20 
610	11 
611	3 
612	4 
613	22 
614	4 
615	18 
616	34 
617	26 
618	35 
619	26 
620	7 
621	19 
622	25 
623	18 
624	33 
625	32 
626	40 
627	12 
628	21 
629	40 
630	29 
631	29 
632	24 
633	24 
634	20 
635	16 
636	21 
637	17 
638	5 
639	2 
640	14 
641	3 
642	17 
643	1 
644	37 
645	15 
646	30 
647	7 
648	13 
649	24 
650	2 
651	3 
652	5 
653	14 
654	10 
655	28 
656	25 
657	40 
658	9 
659	29 
660	32 
661	18 
662	40 
663	1 
664	10 
665	34 
666	9 
667	23 
668	26 
669	40 
670	20 
671	7 
672	10 
673	12 
674	31 
675	26 
676	20 
677	40 
678	23 
679	32 
680	11 
681	14 
682	7 
683	11 
684	4 
685	7 
686	26 
687	1 
688	7 
689	30 
690	26 
691	27 
692	15 
693	1 
694	20 
695	20 
696	28 
697	7 
698	35 
699	37 
700	24 
701	33 
702	32 
703	6 
704	1 
705	31 
706	14 
707	32 
708	7 
709	35 
710	14 
711	33 
712	18 
713	19 
714	20 
715	1 
716	7 
717	1 
718	15 
719	17 
720	14 
721	39 
722	23 
723	8 
724	1 
725	10 
726	26 
727	35 
728	13 
729	1 
730	6 
731	14 
732	11 
733	40 
734	17 
735	1 
736	39 
737	24 
738	20 
739	2 
740	17 
741	11 
742	2 
743	24 
744	35 
745	39 
746	1 
747	6 
748	6 
749	40 
750	11 
751	11 
752	7 
753	15 
754	22 
755	4 
756	24 
757	6 
758	31 
759	30 
760	24 
761	16 
762	6 
763	22 
764	2 
765	22 
766	17 
767	17 
768	8 
769	9 
770	30 
771	11 
772	40 
773	2 
774	12 
775	10 
776	7 
777	11 
778	20 
779	22 
780	11 
781	5 
782	16 
783	37 
784	7 
785	29 
786	6 
787	12 
788	33 
789	18 
790	6 
791	12 
792	13 
793	4 
794	5 
795	17 
796	37 
797	15 
798	32 
799	15 
800	24 
801	20 
802	32 
803	29 
804	17 
805	5 
806	22 
807	16 
808	17 
809	13 
810	32 
811	13 
812	24 
813	24 
814	35 
815	10 
816	26 
817	10 
818	17 
819	10 
820	9 
821	9 
822	23 
823	34 
824	26 
825	32 
826	4 
827	37 
828	10 
829	12 
830	24 
831	1 
832	16 
833	7 
834	39 
835	6 
836	22 
837	7 
838	11 
839	7 
840	22 
841	13 
842	33 
843	32 
844	12 
845	5 
846	31 
847	1 
848	12 
849	25 
850	37 
851	1 
852	9 
853	31 
854	15 
855	4 
856	23 
857	23 
858	26 
859	31 
860	1 
861	32 
862	26 
863	9 
864	4 
865	7 
866	10 
867	24 
868	1 
869	12 
870	1 
871	24 
872	24 
873	39 
874	31 
875	12 
876	10 
877	15 
878	12 
879	15 
880	12 
881	17 
882	24 
883	12 
884	15 
885	23 
886	12 
887	39 
888	33 
889	17 
890	24 
891	7 
892	11 
893	11 
894	11 
895	11 
896	11 
897	25 
898	26 
899	32 
900	25 
901	26 
902	26 
903	1 
904	32 
905	23 
906	1 
907	24 
908	23 
909	17 
910	25 
911	15 
912	26 
913	26 
914	24 
915	32 
916	10 
917	32 
918	17 
919	10 
920	11 
921	33 
922	32 
923	10 
924	1 
925	10 
926	7 
927	12 
928	10 
929	24 
930	12 
931	10 
932	23 
933	10 
934	24 
935	15 
936	10 
937	11 
938	10 
939	12 
940	7 
941	12 
942	15 
943	7 
944	33 
945	24 
946	11 
947	26 
948	12 
949	26 
950	10 
951	26 
952	12 
953	26 
954	32 
955	12 
956	15 
957	17 
958	32 
959	11 
960	7 
961	7 
962	10 
963	10 
964	7 
965	24 
966	15 
967	11 
968	26 
969	24 
970	15 
971	24 
972	17 
973	15 
974	15 
975	12 
976	7 
977	24 
978	26 
979	17 
980	7 
981	1 
982	15 
983	12 
984	17 
985	1 
986	15 
987	7 
988	17 
989	1 
990	24 
991	1 
992	7 
993	12 
994	7 
995	12 
996	24 
997	17 
998	12 
999	12 
1000	17 
