1	12 
2	10 
3	41 
4	24 
5	19 
6	19 
7	15 
8	40 
9	41 
10	1 
11	24 
12	30 
13	30 
14	40 
15	42 
16	5 
17	30 
18	16 
19	20 
20	24 
21	45 
22	15 
23	30 
24	10 
25	29 
26	26 
27	9 
28	38 
29	21 
30	10 
31	9 
32	3 
33	35 
34	15 
35	40 
36	8 
37	28 
38	35 
39	34 
40	37 
41	40 
42	11 
43	29 
44	21 
45	41 
46	43 
47	23 
48	15 
49	21 
50	28 
51	18 
52	20 
53	17 
54	25 
55	40 
56	26 
57	32 
58	20 
59	12 
60	18 
61	25 
62	11 
63	13 
64	4 
65	16 
66	17 
67	37 
68	31 
69	34 
70	8 
71	37 
72	24 
73	26 
74	25 
75	8 
76	32 
77	15 
78	15 
79	9 
80	34 
81	6 
82	39 
83	37 
84	10 
85	36 
86	19 
87	38 
88	21 
89	15 
90	3 
91	34 
92	2 
93	25 
94	30 
95	7 
96	33 
97	34 
98	24 
99	35 
100	26 
101	2 
102	24 
103	30 
104	37 
105	12 
106	3 
107	22 
108	19 
109	17 
110	26 
111	8 
112	42 
113	39 
114	13 
115	7 
116	7 
117	35 
118	1 
119	5 
120	44 
121	18 
122	37 
123	45 
124	7 
125	25 
126	9 
127	13 
128	10 
129	20 
130	41 
131	16 
132	41 
133	3 
134	2 
135	33 
136	12 
137	3 
138	29 
139	9 
140	8 
141	30 
142	33 
143	42 
144	35 
145	34 
146	13 
147	42 
148	34 
149	15 
150	38 
151	25 
152	10 
153	18 
154	32 
155	41 
156	42 
157	14 
158	44 
159	7 
160	8 
161	42 
162	37 
163	37 
164	17 
165	33 
166	35 
167	7 
168	2 
169	7 
170	19 
171	41 
172	29 
173	12 
174	17 
175	12 
176	30 
177	2 
178	18 
179	4 
180	15 
181	2 
182	11 
183	40 
184	37 
185	34 
186	40 
187	15 
188	42 
189	15 
190	12 
191	28 
192	24 
193	19 
194	37 
195	32 
196	14 
197	41 
198	41 
199	30 
200	37 
201	34 
202	15 
203	4 
204	37 
205	41 
206	29 
207	29 
208	6 
209	33 
210	4 
211	1 
212	33 
213	30 
214	18 
215	26 
216	41 
217	29 
218	19 
219	22 
220	15 
221	3 
222	17 
223	7 
224	31 
225	10 
226	38 
227	33 
228	13 
229	20 
230	19 
231	13 
232	30 
233	36 
234	14 
235	10 
236	20 
237	29 
238	24 
239	24 
240	24 
241	44 
242	28 
243	16 
244	2 
245	17 
246	26 
247	28 
248	33 
249	26 
250	12 
251	29 
252	22 
253	7 
254	33 
255	34 
256	6 
257	3 
258	40 
259	15 
260	3 
261	8 
262	26 
263	8 
264	18 
265	30 
266	41 
267	8 
268	23 
269	29 
270	37 
271	10 
272	40 
273	29 
274	13 
275	34 
276	31 
277	21 
278	31 
279	26 
280	24 
281	8 
282	8 
283	24 
284	34 
285	24 
286	24 
287	26 
288	17 
289	12 
290	7 
291	9 
292	23 
293	45 
294	3 
295	22 
296	15 
297	17 
298	10 
299	12 
300	39 
301	11 
302	9 
303	34 
304	12 
305	13 
306	19 
307	14 
308	40 
309	2 
310	43 
311	26 
312	20 
313	2 
314	10 
315	44 
316	15 
317	25 
318	25 
319	20 
320	1 
321	28 
322	4 
323	27 
324	15 
325	17 
326	17 
327	31 
328	44 
329	37 
330	33 
331	6 
332	26 
333	23 
334	30 
335	7 
336	35 
337	27 
338	6 
339	39 
340	30 
341	38 
342	14 
343	40 
344	29 
345	37 
346	11 
347	34 
348	29 
349	12 
350	25 
351	5 
352	38 
353	26 
354	39 
355	39 
356	22 
357	35 
358	37 
359	30 
360	16 
361	42 
362	33 
363	9 
364	20 
365	40 
366	1 
367	25 
368	34 
369	5 
370	37 
371	5 
372	2 
373	21 
374	2 
375	26 
376	38 
377	15 
378	27 
379	6 
380	34 
381	12 
382	37 
383	2 
384	8 
385	4 
386	23 
387	33 
388	42 
389	7 
390	24 
391	16 
392	30 
393	16 
394	4 
395	29 
396	28 
397	23 
398	13 
399	29 
400	21 
401	26 
402	30 
403	10 
404	16 
405	26 
406	9 
407	1 
408	30 
409	42 
410	13 
411	15 
412	37 
413	15 
414	40 
415	34 
416	33 
417	42 
418	25 
419	28 
420	29 
421	37 
422	39 
423	16 
424	35 
425	30 
426	10 
427	41 
428	32 
429	23 
430	36 
431	20 
432	45 
433	3 
434	24 
435	34 
436	7 
437	28 
438	32 
439	2 
440	11 
441	40 
442	1 
443	35 
444	10 
445	21 
446	4 
447	2 
448	20 
449	30 
450	17 
451	42 
452	31 
453	29 
454	5 
455	23 
456	3 
457	27 
458	44 
459	13 
460	40 
461	43 
462	21 
463	9 
464	30 
465	26 
466	29 
467	35 
468	7 
469	12 
470	40 
471	21 
472	6 
473	4 
474	4 
475	17 
476	34 
477	30 
478	37 
479	18 
480	43 
481	40 
482	41 
483	29 
484	35 
485	40 
486	17 
487	34 
488	24 
489	36 
490	35 
491	24 
492	31 
493	17 
494	1 
495	40 
496	15 
497	43 
498	28 
499	29 
500	9 
501	7 
502	26 
503	7 
504	2 
505	5 
506	34 
507	24 
508	23 
509	37 
510	37 
511	2 
512	18 
513	34 
514	4 
515	44 
516	43 
517	15 
518	35 
519	30 
520	36 
521	39 
522	35 
523	24 
524	7 
525	2 
526	40 
527	18 
528	44 
529	19 
530	12 
531	35 
532	3 
533	37 
534	34 
535	15 
536	2 
537	26 
538	35 
539	13 
540	30 
541	21 
542	30 
543	34 
544	24 
545	24 
546	30 
547	10 
548	34 
549	21 
550	45 
551	12 
552	28 
553	18 
554	12 
555	26 
556	11 
557	43 
558	1 
559	26 
560	12 
561	31 
562	38 
563	29 
564	20 
565	7 
566	29 
567	41 
568	26 
569	28 
570	22 
571	21 
572	43 
573	35 
574	2 
575	24 
576	15 
577	6 
578	31 
579	18 
580	3 
581	29 
582	34 
583	9 
584	21 
585	12 
586	21 
587	8 
588	25 
589	35 
590	9 
591	42 
592	18 
593	32 
594	33 
595	10 
596	35 
597	20 
598	17 
599	26 
600	9 
601	36 
602	11 
603	19 
604	40 
605	37 
606	32 
607	25 
608	1 
609	36 
610	41 
611	40 
612	30 
613	36 
614	23 
615	9 
616	24 
617	35 
618	10 
619	35 
620	40 
621	40 
622	2 
623	34 
624	6 
625	21 
626	5 
627	2 
628	14 
629	30 
630	43 
631	34 
632	15 
633	27 
634	21 
635	41 
636	13 
637	36 
638	36 
639	37 
640	23 
641	34 
642	8 
643	20 
644	19 
645	19 
646	2 
647	37 
648	33 
649	10 
650	23 
651	37 
652	37 
653	43 
654	35 
655	9 
656	37 
657	14 
658	4 
659	24 
660	3 
661	13 
662	33 
663	2 
664	19 
665	22 
666	34 
667	30 
668	6 
669	10 
670	25 
671	24 
672	37 
673	30 
674	37 
675	39 
676	37 
677	26 
678	27 
679	2 
680	6 
681	8 
682	45 
683	8 
684	2 
685	7 
686	18 
687	34 
688	44 
689	29 
690	13 
691	1 
692	30 
693	33 
694	16 
695	34 
696	15 
697	37 
698	17 
699	1 
700	15 
701	19 
702	17 
703	24 
704	2 
705	33 
706	41 
707	17 
708	11 
709	32 
710	45 
711	15 
712	15 
713	25 
714	41 
715	19 
716	7 
717	15 
718	20 
719	3 
720	37 
721	37 
722	2 
723	44 
724	40 
725	42 
726	1 
727	7 
728	41 
729	34 
730	28 
731	35 
732	7 
733	39 
734	9 
735	33 
736	30 
737	11 
738	29 
739	37 
740	23 
741	34 
742	16 
743	2 
744	38 
745	20 
746	18 
747	8 
748	34 
749	44 
750	26 
751	45 
752	29 
753	30 
754	9 
755	26 
756	4 
757	8 
758	42 
759	35 
760	21 
761	37 
762	12 
763	33 
764	24 
765	14 
766	3 
767	19 
768	13 
769	33 
770	35 
771	45 
772	34 
773	17 
774	23 
775	7 
776	34 
777	15 
778	26 
779	19 
780	30 
781	40 
782	7 
783	30 
784	24 
785	24 
786	30 
787	40 
788	10 
789	41 
790	7 
791	13 
792	2 
793	7 
794	30 
795	13 
796	12 
797	7 
798	10 
799	29 
800	6 
801	13 
802	34 
803	17 
804	21 
805	44 
806	35 
807	38 
808	7 
809	1 
810	8 
811	24 
812	34 
813	41 
814	38 
815	29 
816	17 
817	16 
818	24 
819	5 
820	24 
821	26 
822	8 
823	25 
824	20 
825	34 
826	17 
827	40 
828	14 
829	23 
830	35 
831	26 
832	45 
833	24 
834	24 
835	42 
836	34 
837	8 
838	8 
839	3 
840	27 
841	22 
842	35 
843	4 
844	2 
845	37 
846	3 
847	13 
848	35 
849	7 
850	11 
851	18 
852	35 
853	45 
854	24 
855	7 
856	34 
857	28 
858	33 
859	43 
860	40 
861	16 
862	2 
863	18 
864	6 
865	42 
866	29 
867	18 
868	28 
869	7 
870	30 
871	40 
872	3 
873	1 
874	37 
875	23 
876	28 
877	37 
878	35 
879	6 
880	41 
881	14 
882	42 
883	1 
884	4 
885	34 
886	9 
887	26 
888	20 
889	36 
890	2 
891	13 
892	38 
893	41 
894	35 
895	5 
896	7 
897	34 
898	37 
899	25 
900	27 
901	38 
902	26 
903	36 
904	35 
905	30 
906	20 
907	37 
908	31 
909	12 
910	42 
911	2 
912	7 
913	33 
914	40 
915	30 
916	20 
917	40 
918	25 
919	24 
920	34 
921	12 
922	2 
923	1 
924	25 
925	43 
926	36 
927	41 
928	6 
929	32 
930	37 
931	28 
932	14 
933	14 
934	44 
935	8 
936	33 
937	43 
938	40 
939	5 
940	26 
941	7 
942	33 
943	22 
944	37 
945	12 
946	8 
947	24 
948	5 
949	2 
950	5 
951	18 
952	42 
953	6 
954	9 
955	41 
956	34 
957	30 
958	44 
959	23 
960	17 
961	3 
962	30 
963	37 
964	22 
965	40 
966	27 
967	16 
968	2 
969	9 
970	17 
971	38 
972	20 
973	35 
974	16 
975	21 
976	24 
977	30 
978	41 
979	36 
980	26 
981	35 
982	35 
983	7 
984	24 
985	19 
986	28 
987	40 
988	22 
989	19 
990	4 
991	40 
992	3 
993	31 
994	35 
995	26 
996	22 
997	22 
998	37 
999	27 
1000	26 
