1	21 
2	15 
3	5 
4	20 
5	35 
6	11 
7	18 
8	16 
9	24 
10	32 
11	28 
12	26 
13	13 
14	34 
15	42 
16	17 
17	13 
18	29 
19	10 
20	2 
21	29 
22	19 
23	23 
24	28 
25	13 
26	17 
27	3 
28	16 
29	15 
30	10 
31	22 
32	22 
33	9 
34	31 
35	21 
36	26 
37	15 
38	7 
39	1 
40	15 
41	10 
42	33 
43	32 
44	37 
45	30 
46	13 
47	4 
48	36 
49	8 
50	36 
51	11 
52	2 
53	21 
54	42 
55	19 
56	20 
57	40 
58	21 
59	31 
60	38 
61	1 
62	10 
63	32 
64	13 
65	20 
66	16 
67	36 
68	30 
69	2 
70	26 
71	15 
72	26 
73	17 
74	14 
75	20 
76	29 
77	36 
78	35 
79	28 
80	20 
81	23 
82	38 
83	17 
84	28 
85	19 
86	4 
87	11 
88	13 
89	3 
90	9 
91	42 
92	21 
93	35 
94	28 
95	15 
96	25 
97	13 
98	2 
99	36 
100	13 
101	38 
102	8 
103	39 
104	1 
105	6 
106	7 
107	17 
108	39 
109	1 
110	35 
111	39 
112	38 
113	26 
114	39 
115	9 
116	17 
117	29 
118	18 
119	7 
120	20 
121	35 
122	3 
123	36 
124	38 
125	31 
126	25 
127	25 
128	5 
129	33 
130	7 
131	28 
132	41 
133	23 
134	40 
135	34 
136	40 
137	26 
138	8 
139	5 
140	40 
141	30 
142	9 
143	33 
144	18 
145	6 
146	15 
147	33 
148	13 
149	23 
150	42 
151	36 
152	12 
153	25 
154	27 
155	37 
156	15 
157	38 
158	27 
159	8 
160	22 
161	20 
162	23 
163	22 
164	26 
165	27 
166	16 
167	15 
168	16 
169	3 
170	28 
171	36 
172	29 
173	37 
174	26 
175	27 
176	9 
177	11 
178	10 
179	17 
180	5 
181	33 
182	9 
183	40 
184	37 
185	8 
186	27 
187	16 
188	26 
189	26 
190	40 
191	3 
192	30 
193	24 
194	16 
195	6 
196	32 
197	18 
198	26 
199	7 
200	12 
201	28 
202	41 
203	26 
204	39 
205	9 
206	10 
207	42 
208	30 
209	6 
210	20 
211	28 
212	37 
213	26 
214	19 
215	2 
216	7 
217	11 
218	26 
219	29 
220	8 
221	28 
222	42 
223	19 
224	38 
225	31 
226	4 
227	31 
228	25 
229	11 
230	40 
231	33 
232	2 
233	39 
234	5 
235	24 
236	4 
237	7 
238	25 
239	11 
240	35 
241	28 
242	12 
243	13 
244	21 
245	29 
246	38 
247	15 
248	21 
249	32 
250	39 
251	8 
252	22 
253	13 
254	8 
255	32 
256	8 
257	15 
258	18 
259	11 
260	14 
261	41 
262	18 
263	11 
264	42 
265	21 
266	15 
267	10 
268	22 
269	11 
270	17 
271	30 
272	8 
273	4 
274	29 
275	37 
276	15 
277	10 
278	11 
279	27 
280	8 
281	13 
282	20 
283	38 
284	42 
285	31 
286	20 
287	11 
288	17 
289	19 
290	18 
291	1 
292	41 
293	36 
294	10 
295	21 
296	10 
297	42 
298	6 
299	12 
300	34 
301	17 
302	28 
303	1 
304	24 
305	22 
306	34 
307	13 
308	13 
309	42 
310	6 
311	20 
312	14 
313	17 
314	2 
315	24 
316	17 
317	12 
318	16 
319	16 
320	11 
321	3 
322	6 
323	4 
324	15 
325	35 
326	27 
327	38 
328	34 
329	39 
330	2 
331	3 
332	30 
333	39 
334	41 
335	13 
336	34 
337	10 
338	28 
339	14 
340	10 
341	35 
342	15 
343	8 
344	30 
345	30 
346	37 
347	2 
348	5 
349	32 
350	9 
351	27 
352	42 
353	13 
354	35 
355	28 
356	11 
357	41 
358	23 
359	5 
360	42 
361	28 
362	8 
363	1 
364	30 
365	1 
366	28 
367	28 
368	21 
369	36 
370	25 
371	41 
372	33 
373	1 
374	39 
375	36 
376	23 
377	21 
378	21 
379	41 
380	13 
381	29 
382	14 
383	11 
384	30 
385	20 
386	30 
387	39 
388	35 
389	34 
390	10 
391	30 
392	16 
393	35 
394	26 
395	15 
396	37 
397	16 
398	32 
399	10 
400	35 
401	17 
402	2 
403	28 
404	12 
405	16 
406	8 
407	38 
408	1 
409	40 
410	2 
411	33 
412	34 
413	14 
414	19 
415	25 
416	10 
417	12 
418	14 
419	12 
420	27 
421	16 
422	28 
423	1 
424	26 
425	28 
426	37 
427	39 
428	4 
429	29 
430	7 
431	2 
432	30 
433	11 
434	18 
435	5 
436	29 
437	4 
438	23 
439	15 
440	9 
441	39 
442	26 
443	13 
444	40 
445	6 
446	22 
447	15 
448	19 
449	41 
450	23 
451	8 
452	28 
453	20 
454	20 
455	42 
456	28 
457	34 
458	42 
459	9 
460	15 
461	39 
462	36 
463	2 
464	13 
465	15 
466	33 
467	3 
468	8 
469	8 
470	42 
471	10 
472	11 
473	21 
474	16 
475	27 
476	22 
477	28 
478	15 
479	9 
480	11 
481	41 
482	39 
483	8 
484	28 
485	13 
486	6 
487	41 
488	2 
489	3 
490	16 
491	25 
492	19 
493	42 
494	1 
495	23 
496	12 
497	19 
498	13 
499	6 
500	11 
501	16 
502	13 
503	41 
504	22 
505	33 
506	31 
507	24 
508	25 
509	36 
510	35 
511	17 
512	8 
513	14 
514	22 
515	42 
516	28 
517	5 
518	9 
519	23 
520	8 
521	13 
522	34 
523	17 
524	22 
525	10 
526	26 
527	18 
528	42 
529	34 
530	32 
531	3 
532	15 
533	6 
534	1 
535	11 
536	35 
537	6 
538	12 
539	8 
540	10 
541	16 
542	28 
543	11 
544	28 
545	37 
546	14 
547	30 
548	36 
549	31 
550	19 
551	10 
552	37 
553	16 
554	22 
555	25 
556	16 
557	41 
558	25 
559	24 
560	31 
561	41 
562	32 
563	14 
564	26 
565	7 
566	35 
567	30 
568	11 
569	6 
570	42 
571	24 
572	26 
573	17 
574	41 
575	41 
576	34 
577	6 
578	36 
579	18 
580	36 
581	5 
582	11 
583	14 
584	22 
585	36 
586	22 
587	8 
588	23 
589	19 
590	1 
591	12 
592	15 
593	13 
594	10 
595	32 
596	28 
597	30 
598	4 
599	40 
600	31 
601	11 
602	29 
603	1 
604	20 
605	30 
606	31 
607	10 
608	31 
609	3 
610	36 
611	2 
612	35 
613	19 
614	28 
615	12 
616	22 
617	17 
618	26 
619	13 
620	37 
621	42 
622	23 
623	15 
624	22 
625	37 
626	1 
627	39 
628	31 
629	10 
630	20 
631	20 
632	30 
633	7 
634	35 
635	42 
636	13 
637	37 
638	37 
639	25 
640	21 
641	18 
642	19 
643	34 
644	41 
645	3 
646	7 
647	4 
648	8 
649	26 
650	11 
651	23 
652	35 
653	31 
654	26 
655	41 
656	22 
657	17 
658	34 
659	1 
660	1 
661	38 
662	26 
663	8 
664	20 
665	15 
666	41 
667	37 
668	22 
669	19 
670	41 
671	15 
672	17 
673	6 
674	16 
675	1 
676	16 
677	42 
678	42 
679	2 
680	7 
681	28 
682	34 
683	2 
684	21 
685	17 
686	37 
687	27 
688	10 
689	16 
690	27 
691	13 
692	22 
693	7 
694	24 
695	42 
696	15 
697	28 
698	9 
699	27 
700	24 
701	1 
702	17 
703	17 
704	28 
705	22 
706	12 
707	8 
708	27 
709	28 
710	11 
711	10 
712	38 
713	17 
714	20 
715	13 
716	17 
717	24 
718	41 
719	39 
720	13 
721	23 
722	3 
723	42 
724	39 
725	24 
726	36 
727	20 
728	15 
729	39 
730	6 
731	25 
732	41 
733	7 
734	4 
735	37 
736	11 
737	15 
738	10 
739	3 
740	2 
741	24 
742	8 
743	19 
744	4 
745	2 
746	11 
747	24 
748	15 
749	13 
750	17 
751	2 
752	13 
753	36 
754	7 
755	2 
756	20 
757	38 
758	16 
759	25 
760	31 
761	2 
762	2 
763	26 
764	17 
765	1 
766	24 
767	27 
768	41 
769	2 
770	34 
771	37 
772	41 
773	21 
774	15 
775	38 
776	26 
777	22 
778	39 
779	22 
780	30 
781	30 
782	17 
783	27 
784	39 
785	11 
786	4 
787	38 
788	42 
789	8 
790	21 
791	17 
792	22 
793	30 
794	30 
795	28 
796	6 
797	37 
798	16 
799	20 
800	13 
801	39 
802	4 
803	38 
804	36 
805	16 
806	1 
807	36 
808	8 
809	20 
810	1 
811	16 
812	2 
813	28 
814	38 
815	28 
816	4 
817	20 
818	11 
819	11 
820	15 
821	37 
822	1 
823	26 
824	4 
825	6 
826	8 
827	1 
828	11 
829	1 
830	4 
831	39 
832	19 
833	15 
834	16 
835	13 
836	6 
837	15 
838	4 
839	28 
840	42 
841	6 
842	16 
843	8 
844	37 
845	41 
846	19 
847	19 
848	38 
849	41 
850	42 
851	38 
852	28 
853	13 
854	42 
855	30 
856	20 
857	30 
858	37 
859	26 
860	22 
861	11 
862	15 
863	41 
864	2 
865	13 
866	2 
867	39 
868	22 
869	15 
870	15 
871	30 
872	15 
873	11 
874	19 
875	11 
876	19 
877	38 
878	1 
879	38 
880	28 
881	11 
882	16 
883	22 
884	20 
885	38 
886	6 
887	37 
888	41 
889	26 
890	28 
891	22 
892	19 
893	36 
894	39 
895	13 
896	2 
897	17 
898	6 
899	11 
900	37 
901	28 
902	42 
903	36 
904	20 
905	38 
906	16 
907	8 
908	30 
909	42 
910	17 
911	39 
912	11 
913	26 
914	16 
915	6 
916	15 
917	17 
918	1 
919	17 
920	20 
921	37 
922	11 
923	41 
924	36 
925	22 
926	17 
927	42 
928	36 
929	2 
930	15 
931	42 
932	13 
933	36 
934	15 
935	11 
936	36 
937	39 
938	22 
939	26 
940	15 
941	15 
942	13 
943	39 
944	28 
945	11 
946	42 
947	11 
948	13 
949	37 
950	11 
951	2 
952	8 
953	2 
954	13 
955	28 
956	2 
957	37 
958	2 
959	1 
960	20 
961	37 
962	28 
963	41 
964	15 
965	8 
966	42 
967	28 
968	41 
969	15 
970	28 
971	41 
972	41 
973	2 
974	16 
975	16 
976	28 
977	15 
978	42 
979	42 
980	13 
981	42 
982	15 
983	17 
984	42 
985	28 
986	17 
987	11 
988	17 
989	11 
990	42 
991	15 
992	11 
993	16 
994	8 
995	16 
996	42 
997	42 
998	42 
999	11 
1000	15 
