1	2 
2	39 
3	16 
4	18 
5	1 
6	24 
7	25 
8	16 
9	35 
10	9 
11	40 
12	30 
13	15 
14	32 
15	29 
16	14 
17	4 
18	4 
19	4 
20	40 
21	26 
22	1 
23	2 
24	6 
25	2 
26	23 
27	30 
28	8 
29	31 
30	4 
31	33 
32	4 
33	16 
34	15 
35	5 
36	15 
37	16 
38	20 
39	3 
40	27 
41	34 
42	20 
43	40 
44	7 
45	25 
46	40 
47	37 
48	5 
49	15 
50	33 
51	13 
52	19 
53	40 
54	40 
55	3 
56	38 
57	20 
58	29 
59	19 
60	15 
61	15 
62	29 
63	4 
64	14 
65	1 
66	8 
67	4 
68	40 
69	16 
70	11 
71	42 
72	24 
73	17 
74	19 
75	40 
76	16 
77	25 
78	36 
79	1 
80	13 
81	26 
82	30 
83	28 
84	34 
85	23 
86	33 
87	7 
88	30 
89	24 
90	2 
91	23 
92	26 
93	26 
94	12 
95	1 
96	17 
97	23 
98	10 
99	28 
100	13 
101	32 
102	25 
103	1 
104	40 
105	28 
106	18 
107	39 
108	33 
109	12 
110	42 
111	15 
112	14 
113	9 
114	4 
115	37 
116	13 
117	6 
118	36 
119	5 
120	23 
121	31 
122	10 
123	30 
124	6 
125	33 
126	25 
127	9 
128	3 
129	29 
130	19 
131	14 
132	10 
133	11 
134	29 
135	14 
136	24 
137	14 
138	36 
139	26 
140	31 
141	30 
142	20 
143	25 
144	40 
145	14 
146	41 
147	28 
148	40 
149	1 
150	9 
151	10 
152	35 
153	38 
154	42 
155	3 
156	40 
157	39 
158	30 
159	5 
160	42 
161	3 
162	23 
163	3 
164	20 
165	33 
166	23 
167	36 
168	30 
169	18 
170	21 
171	1 
172	37 
173	21 
174	26 
175	20 
176	22 
177	19 
178	38 
179	24 
180	3 
181	21 
182	8 
183	42 
184	28 
185	38 
186	40 
187	5 
188	23 
189	34 
190	25 
191	18 
192	19 
193	30 
194	20 
195	15 
196	3 
197	5 
198	16 
199	40 
200	23 
201	8 
202	18 
203	28 
204	38 
205	32 
206	27 
207	30 
208	18 
209	25 
210	37 
211	7 
212	4 
213	38 
214	8 
215	20 
216	33 
217	33 
218	32 
219	9 
220	23 
221	9 
222	14 
223	39 
224	20 
225	32 
226	16 
227	21 
228	22 
229	32 
230	11 
231	40 
232	20 
233	41 
234	31 
235	6 
236	6 
237	22 
238	10 
239	8 
240	42 
241	25 
242	42 
243	28 
244	39 
245	6 
246	34 
247	10 
248	10 
249	18 
250	1 
251	2 
252	24 
253	26 
254	41 
255	25 
256	42 
257	8 
258	29 
259	25 
260	30 
261	11 
262	36 
263	5 
264	13 
265	18 
266	6 
267	36 
268	3 
269	29 
270	14 
271	42 
272	26 
273	5 
274	3 
275	34 
276	18 
277	7 
278	37 
279	15 
280	4 
281	8 
282	33 
283	35 
284	41 
285	10 
286	30 
287	20 
288	12 
289	30 
290	40 
291	15 
292	40 
293	26 
294	10 
295	38 
296	14 
297	41 
298	21 
299	37 
300	41 
301	33 
302	42 
303	22 
304	41 
305	42 
306	25 
307	22 
308	4 
309	31 
310	10 
311	29 
312	27 
313	40 
314	8 
315	20 
316	5 
317	11 
318	11 
319	13 
320	23 
321	8 
322	13 
323	33 
324	33 
325	10 
326	42 
327	41 
328	32 
329	36 
330	9 
331	2 
332	41 
333	29 
334	34 
335	27 
336	13 
337	29 
338	25 
339	28 
340	11 
341	14 
342	28 
343	12 
344	34 
345	4 
346	16 
347	10 
348	17 
349	41 
350	20 
351	19 
352	25 
353	4 
354	34 
355	4 
356	21 
357	3 
358	11 
359	13 
360	17 
361	2 
362	14 
363	23 
364	41 
365	34 
366	35 
367	22 
368	5 
369	32 
370	7 
371	1 
372	26 
373	23 
374	28 
375	17 
376	42 
377	37 
378	42 
379	26 
380	10 
381	14 
382	4 
383	42 
384	3 
385	37 
386	8 
387	9 
388	4 
389	30 
390	12 
391	8 
392	9 
393	27 
394	20 
395	30 
396	36 
397	27 
398	20 
399	23 
400	14 
401	3 
402	8 
403	10 
404	30 
405	5 
406	10 
407	33 
408	12 
409	40 
410	2 
411	8 
412	7 
413	39 
414	7 
415	4 
416	32 
417	13 
418	11 
419	21 
420	35 
421	22 
422	17 
423	8 
424	36 
425	2 
426	23 
427	4 
428	25 
429	41 
430	39 
431	37 
432	8 
433	23 
434	28 
435	8 
436	24 
437	8 
438	30 
439	34 
440	2 
441	41 
442	28 
443	16 
444	18 
445	38 
446	36 
447	35 
448	32 
449	20 
450	21 
451	7 
452	33 
453	42 
454	40 
455	35 
456	10 
457	30 
458	31 
459	16 
460	23 
461	16 
462	42 
463	2 
464	1 
465	9 
466	31 
467	31 
468	9 
469	31 
470	31 
471	17 
472	4 
473	3 
474	19 
475	22 
476	7 
477	8 
478	13 
479	3 
480	3 
481	22 
482	24 
483	33 
484	27 
485	35 
486	7 
487	1 
488	37 
489	11 
490	12 
491	11 
492	27 
493	40 
494	28 
495	23 
496	42 
497	7 
498	36 
499	30 
500	25 
501	42 
502	20 
503	20 
504	10 
505	1 
506	6 
507	33 
508	27 
509	42 
510	19 
511	36 
512	5 
513	5 
514	25 
515	20 
516	17 
517	42 
518	22 
519	12 
520	42 
521	38 
522	30 
523	42 
524	3 
525	40 
526	10 
527	37 
528	18 
529	29 
530	23 
531	39 
532	17 
533	18 
534	30 
535	33 
536	35 
537	21 
538	8 
539	4 
540	19 
541	6 
542	33 
543	24 
544	4 
545	13 
546	4 
547	6 
548	18 
549	13 
550	24 
551	39 
552	41 
553	40 
554	28 
555	10 
556	18 
557	8 
558	21 
559	41 
560	42 
561	42 
562	3 
563	40 
564	17 
565	39 
566	23 
567	38 
568	42 
569	16 
570	8 
571	10 
572	38 
573	30 
574	10 
575	12 
576	6 
577	24 
578	40 
579	21 
580	28 
581	26 
582	1 
583	36 
584	26 
585	30 
586	12 
587	3 
588	24 
589	27 
590	11 
591	20 
592	27 
593	8 
594	28 
595	28 
596	16 
597	42 
598	40 
599	26 
600	23 
601	12 
602	1 
603	22 
604	14 
605	22 
606	35 
607	42 
608	32 
609	33 
610	5 
611	21 
612	3 
613	21 
614	18 
615	30 
616	24 
617	28 
618	40 
619	27 
620	41 
621	42 
622	8 
623	19 
624	28 
625	40 
626	19 
627	26 
628	5 
629	25 
630	27 
631	35 
632	42 
633	17 
634	25 
635	30 
636	7 
637	20 
638	14 
639	3 
640	28 
641	26 
642	4 
643	31 
644	8 
645	27 
646	17 
647	4 
648	20 
649	28 
650	23 
651	8 
652	8 
653	16 
654	23 
655	37 
656	4 
657	41 
658	23 
659	3 
660	37 
661	23 
662	34 
663	19 
664	13 
665	30 
666	8 
667	41 
668	10 
669	3 
670	38 
671	17 
672	21 
673	6 
674	26 
675	28 
676	11 
677	23 
678	18 
679	31 
680	3 
681	1 
682	28 
683	20 
684	40 
685	32 
686	18 
687	10 
688	10 
689	22 
690	2 
691	10 
692	38 
693	25 
694	4 
695	42 
696	19 
697	40 
698	3 
699	20 
700	23 
701	42 
702	1 
703	18 
704	18 
705	37 
706	3 
707	20 
708	30 
709	40 
710	23 
711	3 
712	22 
713	23 
714	28 
715	26 
716	1 
717	11 
718	8 
719	29 
720	14 
721	23 
722	40 
723	13 
724	18 
725	17 
726	18 
727	23 
728	21 
729	4 
730	8 
731	17 
732	35 
733	25 
734	5 
735	8 
736	8 
737	30 
738	3 
739	28 
740	3 
741	16 
742	42 
743	40 
744	6 
745	35 
746	35 
747	31 
748	16 
749	16 
750	40 
751	25 
752	33 
753	25 
754	25 
755	31 
756	42 
757	19 
758	5 
759	10 
760	26 
761	38 
762	23 
763	30 
764	4 
765	18 
766	3 
767	14 
768	28 
769	27 
770	30 
771	28 
772	40 
773	42 
774	35 
775	19 
776	21 
777	16 
778	42 
779	33 
780	14 
781	23 
782	16 
783	20 
784	4 
785	1 
786	6 
787	42 
788	22 
789	31 
790	8 
791	5 
792	20 
793	41 
794	14 
795	4 
796	28 
797	10 
798	33 
799	25 
800	25 
801	4 
802	30 
803	22 
804	40 
805	19 
806	14 
807	4 
808	29 
809	33 
810	10 
811	5 
812	3 
813	4 
814	40 
815	29 
816	16 
817	40 
818	26 
819	14 
820	23 
821	14 
822	42 
823	6 
824	21 
825	14 
826	5 
827	14 
828	3 
829	40 
830	42 
831	20 
832	23 
833	23 
834	6 
835	18 
836	41 
837	28 
838	8 
839	6 
840	41 
841	20 
842	29 
843	42 
844	29 
845	10 
846	10 
847	3 
848	4 
849	4 
850	20 
851	26 
852	26 
853	5 
854	41 
855	29 
856	3 
857	8 
858	29 
859	19 
860	41 
861	30 
862	14 
863	6 
864	16 
865	8 
866	19 
867	23 
868	26 
869	28 
870	16 
871	18 
872	20 
873	33 
874	41 
875	10 
876	16 
877	3 
878	23 
879	3 
880	28 
881	19 
882	20 
883	40 
884	3 
885	16 
886	30 
887	5 
888	19 
889	18 
890	20 
891	5 
892	4 
893	19 
894	26 
895	41 
896	5 
897	19 
898	5 
899	3 
900	10 
901	5 
902	30 
903	20 
904	41 
905	41 
906	33 
907	40 
908	20 
909	16 
910	23 
911	23 
912	8 
913	23 
914	41 
915	26 
916	30 
917	26 
918	30 
919	8 
920	18 
921	18 
922	5 
923	8 
924	25 
925	3 
926	41 
927	42 
928	8 
929	4 
930	16 
931	40 
932	10 
933	10 
934	4 
935	20 
936	25 
937	20 
938	40 
939	8 
940	8 
941	40 
942	30 
943	25 
944	18 
945	10 
946	5 
947	4 
948	40 
949	10 
950	18 
951	26 
952	26 
953	14 
954	4 
955	4 
956	3 
957	26 
958	14 
959	3 
960	26 
961	3 
962	14 
963	42 
964	23 
965	42 
966	4 
967	8 
968	30 
969	4 
970	40 
971	25 
972	23 
973	23 
974	30 
975	42 
976	40 
977	26 
978	20 
979	26 
980	23 
981	30 
982	8 
983	23 
984	26 
985	8 
986	42 
987	20 
988	3 
989	8 
990	30 
991	8 
992	3 
993	42 
994	4 
995	4 
996	42 
997	30 
998	4 
999	42 
1000	23 
